Gamma_Counts "Mopra_Gas_Density(K km/s)" "Gamma error" "Mopra Error"
11.0218 4.37999 3.319909637324486 2.8322059201851038
19.6411 -3.26171 4.4318280652570445 2.8322059201851038
15.4487 2.06799 3.9304834308262895 2.8322059201851038
10.9345 -1.08406 3.3067355503577844 2.8322059201851038
24.195 -7.69731 4.9188413269793525 2.8322059201851038
18.9802 2.90465 4.356627135755366 2.8322059201851038
9.08274 -1.43534 3.013758450838421 2.8322059201851038
21.6022 4.87989 4.647816691738176 2.8322059201851038
21.4199 3.40489 4.628163782754452 2.8322059201851038
