Gamma_Counts "Mopra_Gas_Density(K km/s)" "Gamma error" "Mopra Error"
23.9385 20.2368 4.892698641854002 2.8322059201851038
24.5946 21.0972 4.959294304636497 2.8322059201851038
17.2822 11.504 4.157186548616744 2.8322059201851038
21.6869 14.3433 4.65691958272848 2.8322059201851038
19.0273 17.3553 4.362029344238757 2.8322059201851038
17.5154 7.88959 4.185140379963377 2.8322059201851038
23.0911 16.671 4.8053199685348735 2.8322059201851038
23.7222 23.7598 4.870544117447249 2.8322059201851038
17.2653 15.8003 4.155153426770184 2.8322059201851038
