Gamma_Counts "Mopra_Gas_Density(K km/s)" "Gamma error" "Mopra Error"
8.85456 2.31212 2.9756612710454795 2.8322059201851038
16.1149 -1.89579 4.014336806995646 2.8322059201851038
20.1159 -6.94272 4.485075250204839 2.8322059201851038
2.51256 17.0636 1.58510567471068 2.8322059201851038
7.78395 5.9408 2.7899731181500655 2.8322059201851038
8.78214 6.16224 2.963467563514067 2.8322059201851038
1.29994 5.74469 1.1401491130549548 2.8322059201851038
0.782619 4.74949 0.8846575608674805 2.8322059201851038
4.78927 2.52932 2.1884400837125972 2.8322059201851038
