Gamma_Counts "Mopra_Gas_Density(K km/s)" "Gamma error" "Mopra Error"
6.94637 10.057 2.635596706630208 2.8322059201851038
9.3366 -1.89692 3.055585050362696 2.8322059201851038
6.9692 5.33026 2.6399242413372397 2.8322059201851038
9.60704 1.78943 3.0995225438767178 2.8322059201851038
14.439 1.10343 3.799868418774524 2.8322059201851038
14.9464 2.69514 3.8660574232672746 2.8322059201851038
6.42947 5.00958 2.5356399586692113 2.8322059201851038
14.1323 7.50459 3.759295146699711 2.8322059201851038
19.6265 7.93034 4.430180583226829 2.8322059201851038
