Gamma_Counts "Mopra_Gas_Density(K km/s)" "Gamma error" "Mopra Error"
7.88285 10.5846 2.8076413588633433 2.8322059201851038
9.67273 14.8317 3.110101284524348 2.8322059201851038
7.72796 12.4439 2.779920862182951 2.8322059201851038
15.956 11.8071 3.9944962135418276 2.8322059201851038
15.9032 8.57262 3.9878816431784934 2.8322059201851038
14.571 7.67371 3.817197925180197 2.8322059201851038
20.0353 12.55 4.476080875051299 2.8322059201851038
14.7633 -0.8787 3.8423039963022187 2.8322059201851038
14.2804 9.68678 3.778941650780017 2.8322059201851038
