Gamma_Counts "Mopra_Gas_Density(K km/s)" "Gamma error" "Mopra Error"
21.1759 16.0693 4.601727936330004 2.8322059201851038
17.169 11.9332 4.143549203279719 2.8322059201851038
15.028 2.33585 3.876596445337069 2.8322059201851038
9.33333 24.4374 3.0550499177591193 2.8322059201851038
12.9233 17.5433 3.5948991640934795 2.8322059201851038
13.9254 15.6248 3.7316752270260602 2.8322059201851038
4.04895 20.4218 2.0122002882417047 2.8322059201851038
4.33005 16.967 2.0808772188670814 2.8322059201851038
4.05025 17.5572 2.0125232917906812 2.8322059201851038
