Gamma_Counts "Mopra_Gas_Density(K km/s)" "Gamma error" "Mopra Error"
9.93927 9.26491 3.152660780991193 2.8322059201851038
7.40057 0.269844 2.720398867813321 2.8322059201851038
8.78924 3.3479 2.9646652424852284 2.8322059201851038
8.27818 0.333666 2.877182649746102 2.8322059201851038
5.13508 10.4612 2.2660714904874473 2.8322059201851038
10.5491 7.40422 3.2479378072863403 2.8322059201851038
8.49431 3.15124 2.9144999571109964 2.8322059201851038
8.91021 7.4351 2.9849974874361282 2.8322059201851038
13.8609 5.9122 3.7230229652796933 2.8322059201851038
