Gamma_Counts "Mopra_Gas_Density(K km/s)" "Gamma error" "Mopra Error"
20.9244 19.8316 4.5743196215393604 2.8322059201851038
33.5752 32.758 5.794411100362141 2.8322059201851038
35.9087 19.2954 5.992386836645312 2.8322059201851038
20.8727 23.0171 4.568665012889433 2.8322059201851038
23.0149 24.0308 4.7973847041903985 2.8322059201851038
35.1768 21.7173 5.931003287808902 2.8322059201851038
14.7266 2.0216 3.8375252442166423 2.8322059201851038
17.8819 23.6912 4.228699563695677 2.8322059201851038
26.4309 2.54622 5.141099104277217 2.8322059201851038
