Np_Col_Dens(cm^-2) Suzaku_Xrays(excess_counts) "Np error" "Suzaku Error"
1.8535999999999998e+22 5.2e-05 6.603890082898384e+20 3.466666666666667e-06
1.6043999999999997e+22 4.45e-05 6.603890082898384e+20 2.9666666666666665e-06
1.8535999999999998e+22 2.1e-05 6.603890082898384e+20 1.4e-06
2.5003999999999997e+22 2.18e-06 6.603890082898384e+20 1.4533333333333334e-07
1.7499999999999997e+22 3.69e-05 6.603890082898384e+20 2.46e-06
2.2651999999999997e+22 3.66e-05 6.603890082898384e+20 2.4400000000000004e-06
2.5227999999999997e+22 2.91e-05 6.603890082898384e+20 1.94e-06
2.7496000000000002e+22 4.32e-05 6.603890082898384e+20 2.88e-06
2.7691999999999997e+22 6.21e-05 6.603890082898384e+20 4.14e-06
1.3048e+22 8.15e-05 6.603890082898384e+20 5.4333333333333335e-06
1.8788000000000001e+22 5.75e-05 6.603890082898384e+20 3.833333333333334e-06
2.1867999999999997e+22 4.79e-05 6.603890082898384e+20 3.1933333333333334e-06
2.072e+22 4.73e-05 6.603890082898384e+20 3.1533333333333338e-06
2.912e+22 4.86e-05 6.603890082898384e+20 3.2400000000000007e-06
1.7108000000000001e+22 4.93e-05 6.603890082898384e+20 3.286666666666667e-06
2.5899999999999997e+22 2.61e-05 6.603890082898384e+20 1.7400000000000003e-06
2.6544e+22 1.26e-05 6.603890082898384e+20 8.4e-07
2.7159999999999994e+22 2.61e-05 6.603890082898384e+20 1.7400000000000003e-06
2.2848e+22 4.15e-05 6.603890082898384e+20 2.7666666666666667e-06
1.7695999999999998e+22 4.82e-05 6.603890082898384e+20 3.2133333333333336e-06
1.9432e+22 3.63e-05 6.603890082898384e+20 2.42e-06
2.1643999999999997e+22 4.55e-05 6.603890082898384e+20 3.0333333333333337e-06
2.4612e+22 5.26e-05 6.603890082898384e+20 3.506666666666667e-06
2.0299999999999997e+22 4.95e-05 6.603890082898384e+20 3.3e-06
9.659999999999999e+21 4.01e-05 6.603890082898384e+20 2.6733333333333333e-06
2.1028e+22 3.28e-05 6.603890082898384e+20 2.1866666666666668e-06
1.1396e+22 3.85e-05 6.603890082898384e+20 2.566666666666667e-06
2.3016e+22 3.77e-05 6.603890082898384e+20 2.5133333333333336e-06
1.8955999999999997e+22 3.28e-05 6.603890082898384e+20 2.1866666666666668e-06
1.9152e+22 2.83e-05 6.603890082898384e+20 1.8866666666666667e-06
2.3659999999999997e+22 4.17e-05 6.603890082898384e+20 2.78e-06
1.7639999999999998e+22 4.27e-05 6.603890082898384e+20 2.8466666666666672e-06
2.394e+22 4.81e-05 6.603890082898384e+20 3.2066666666666663e-06
2.2344e+22 2.94e-05 6.603890082898384e+20 1.9600000000000003e-06
1.8452000000000001e+22 3.56e-05 6.603890082898384e+20 2.373333333333333e-06
1.4728e+22 5.3e-05 6.603890082898384e+20 3.5333333333333335e-06
1.9963999999999997e+22 5.19e-05 6.603890082898384e+20 3.4600000000000003e-06
1.3467999999999997e+22 4.36e-05 6.603890082898384e+20 2.906666666666667e-06
2.3464e+22 4.12e-05 6.603890082898384e+20 2.746666666666667e-06
2.6096e+22 3.94e-05 6.603890082898384e+20 2.6266666666666668e-06
1.3944e+22 3.48e-05 6.603890082898384e+20 2.3200000000000002e-06
2.0075999999999997e+22 3.15e-05 6.603890082898384e+20 2.1000000000000002e-06
1.624e+22 4.2e-05 6.603890082898384e+20 2.8e-06
1.5904e+22 4.43e-05 6.603890082898384e+20 2.953333333333333e-06
1.5259999999999997e+22 4.31e-05 6.603890082898384e+20 2.8733333333333335e-06
2.0804e+22 6.13e-05 6.603890082898384e+20 4.086666666666667e-06
2.5424e+22 5.21e-05 6.603890082898384e+20 3.4733333333333333e-06
2.0832e+22 3.59e-05 6.603890082898384e+20 2.3933333333333334e-06
2.1616e+22 4.93e-05 6.603890082898384e+20 3.286666666666667e-06
1.1704e+22 5.41e-05 6.603890082898384e+20 3.606666666666667e-06
1.596e+22 4.3e-05 6.603890082898384e+20 2.866666666666667e-06
1.9991999999999998e+22 3.08e-05 6.603890082898384e+20 2.0533333333333337e-06
1.0976e+22 3.43e-05 6.603890082898384e+20 2.2866666666666667e-06
2.2372e+22 3.27e-05 6.603890082898384e+20 2.1800000000000003e-06
1.988e+22 3.56e-05 6.603890082898384e+20 2.373333333333333e-06
1.9851999999999997e+22 2.78e-05 6.603890082898384e+20 1.8533333333333337e-06
7.84e+21 2.97e-05 6.603890082898384e+20 1.98e-06
1.7471999999999998e+22 5.61e-05 6.603890082898384e+20 3.74e-06
2.0411999999999997e+22 6.17e-05 6.603890082898384e+20 4.1133333333333335e-06
1.2432e+22 4.74e-05 6.603890082898384e+20 3.1600000000000002e-06
1.9908e+22 3.95e-05 6.603890082898384e+20 2.6333333333333337e-06
2.52e+22 3.97e-05 6.603890082898384e+20 2.6466666666666666e-06
1.652e+22 5.41e-05 6.603890082898384e+20 3.606666666666667e-06
1.6016e+22 5.43e-05 6.603890082898384e+20 3.6200000000000005e-06
1.3496e+22 3.68e-05 6.603890082898384e+20 2.4533333333333337e-06
1.1032e+22 4.17e-05 6.603890082898384e+20 2.78e-06
1.6100000000000001e+22 4.62e-05 6.603890082898384e+20 3.0799999999999997e-06
1.8228000000000001e+22 4.68e-05 6.603890082898384e+20 3.12e-06
2.1195999999999997e+22 5.41e-05 6.603890082898384e+20 3.606666666666667e-06
1.7023999999999998e+22 5.93e-05 6.603890082898384e+20 3.953333333333333e-06
1.7303999999999998e+22 6.29e-05 6.603890082898384e+20 4.1933333333333336e-06
1.4672e+22 6.17e-05 6.603890082898384e+20 4.1133333333333335e-06
1.5512e+22 5.51e-05 6.603890082898384e+20 3.673333333333333e-06
2.8840000000000002e+22 4.45e-05 6.603890082898384e+20 2.9666666666666665e-06
1.4532000000000001e+22 4.67e-05 6.603890082898384e+20 3.1133333333333333e-06
1.4196000000000001e+22 5.37e-05 6.603890082898384e+20 3.58e-06
2.6795999999999997e+22 5.96e-05 6.603890082898384e+20 3.973333333333334e-06
1.1088e+22 3.44e-05 6.603890082898384e+20 2.2933333333333335e-06
8.455999999999999e+21 4.02e-05 6.603890082898384e+20 2.68e-06
7.98e+21 5.04e-05 6.603890082898384e+20 3.36e-06
1.9488e+22 4.44e-05 6.603890082898384e+20 2.9600000000000005e-06
1.5259999999999997e+22 5.04e-05 6.603890082898384e+20 3.36e-06
1.8171999999999997e+22 4.87e-05 6.603890082898384e+20 3.2466666666666668e-06
1.5707999999999997e+22 5.45e-05 6.603890082898384e+20 3.6333333333333334e-06
1.4448e+22 6.98e-05 6.603890082898384e+20 4.653333333333334e-06
2.0104e+22 5.5e-05 6.603890082898384e+20 3.666666666666667e-06
2.0692e+22 3.95e-05 6.603890082898384e+20 2.6333333333333337e-06
1.6743999999999998e+22 4.24e-05 6.603890082898384e+20 2.8266666666666666e-06
1.2824e+22 5.25e-05 6.603890082898384e+20 3.5000000000000004e-06
1.8479999999999998e+22 5.37e-05 6.603890082898384e+20 3.58e-06
8.567999999999999e+21 3.77e-05 6.603890082898384e+20 2.5133333333333336e-06
1.1256e+22 4.92e-05 6.603890082898384e+20 3.2800000000000004e-06
1.1451999999999999e+22 5.73e-05 6.603890082898384e+20 3.82e-06
1.1088e+22 4.8e-05 6.603890082898384e+20 3.2000000000000003e-06
1.7807999999999998e+22 4.56e-05 6.603890082898384e+20 3.0399999999999997e-06
1.7919999999999998e+22 4.67e-05 6.603890082898384e+20 3.1133333333333333e-06
2.3435999999999997e+22 4.92e-05 6.603890082898384e+20 3.2800000000000004e-06
2.3492e+22 4.24e-05 6.603890082898384e+20 2.8266666666666666e-06
1.8059999999999997e+22 4.55e-05 6.603890082898384e+20 3.0333333333333337e-06
9.688e+21 3.67e-05 6.603890082898384e+20 2.446666666666667e-06
1.8228000000000001e+22 2.83e-05 6.603890082898384e+20 1.8866666666666667e-06
2.1392e+22 3.93e-05 6.603890082898384e+20 2.6200000000000003e-06
1.512e+22 4.85e-05 6.603890082898384e+20 3.2333333333333334e-06
1.8199999999999998e+22 2.89e-05 6.603890082898384e+20 1.9266666666666667e-06
7.924e+21 3.84e-05 6.603890082898384e+20 2.5599999999999996e-06
2.5451999999999997e+22 5.45e-05 6.603890082898384e+20 3.6333333333333334e-06
1.0248e+22 4.42e-05 6.603890082898384e+20 2.9466666666666667e-06
1.946e+22 3.75e-05 6.603890082898384e+20 2.4999999999999998e-06
2.17e+22 3.37e-05 6.603890082898384e+20 2.2466666666666666e-06
2.1924e+22 3.11e-05 6.603890082898384e+20 2.073333333333333e-06
4.6199999999999995e+21 3.02e-05 6.603890082898384e+20 2.0133333333333333e-06
1.6631999999999998e+22 3.89e-05 6.603890082898384e+20 2.593333333333333e-06
1.3803999999999997e+22 3.45e-05 6.603890082898384e+20 2.3e-06
1.9488e+22 3.79e-05 6.603890082898384e+20 2.526666666666667e-06
1.8676000000000001e+22 3.64e-05 6.603890082898384e+20 2.4266666666666666e-06
1.7947999999999997e+22 4.17e-05 6.603890082898384e+20 2.78e-06
1.3384e+22 3.86e-05 6.603890082898384e+20 2.5733333333333334e-06
1.3608e+22 4.79e-05 6.603890082898384e+20 3.1933333333333334e-06
2.2651999999999997e+22 6.01e-05 6.603890082898384e+20 4.006666666666667e-06
1.6967999999999998e+22 4.05e-05 6.603890082898384e+20 2.7e-06
2.2176e+22 3.52e-05 6.603890082898384e+20 2.346666666666667e-06
2.45e+22 4.58e-05 6.603890082898384e+20 3.0533333333333335e-06
1.5988000000000001e+22 3.31e-05 6.603890082898384e+20 2.2066666666666666e-06
2.0439999999999998e+22 3.77e-05 6.603890082898384e+20 2.5133333333333336e-06
1.2992e+22 4.04e-05 6.603890082898384e+20 2.6933333333333335e-06
2.1028e+22 4.39e-05 6.603890082898384e+20 2.926666666666667e-06
1.7835999999999997e+22 5.23e-05 6.603890082898384e+20 3.4866666666666666e-06
2.058e+22 4.42e-05 6.603890082898384e+20 2.9466666666666667e-06
2.8279999999999994e+22 5.68e-05 6.603890082898384e+20 3.7866666666666667e-06
1.0948e+22 4.18e-05 6.603890082898384e+20 2.7866666666666665e-06
2.5256e+22 6.11e-05 6.603890082898384e+20 4.073333333333333e-06
1.2488e+22 7.1e-05 6.603890082898384e+20 4.7333333333333335e-06
6.384e+21 4.37e-05 6.603890082898384e+20 2.913333333333333e-06
1.9936e+22 7.5e-05 6.603890082898384e+20 4.9999999999999996e-06
1.8591999999999998e+22 7.95e-05 6.603890082898384e+20 5.3e-06
2.24e+22 3.66e-05 6.603890082898384e+20 2.4400000000000004e-06
1.946e+22 4.93e-05 6.603890082898384e+20 3.286666666666667e-06
1.8087999999999998e+22 3.48e-05 6.603890082898384e+20 2.3200000000000002e-06
1.2852e+22 3.25e-05 6.603890082898384e+20 2.1666666666666665e-06
2.3575999999999998e+22 3.6e-05 6.603890082898384e+20 2.4000000000000003e-06
1.9264e+22 3.5e-05 6.603890082898384e+20 2.333333333333333e-06
1.5707999999999997e+22 4.8e-05 6.603890082898384e+20 3.2000000000000003e-06
1.6155999999999997e+22 3.34e-05 6.603890082898384e+20 2.226666666666667e-06
1.8984e+22 4.58e-05 6.603890082898384e+20 3.0533333333333335e-06
7.42e+21 5.56e-05 6.603890082898384e+20 3.7066666666666675e-06
2.1755999999999997e+22 3.9e-05 6.603890082898384e+20 2.6e-06
2.0692e+22 4.96e-05 6.603890082898384e+20 3.3066666666666666e-06
1.8116000000000001e+22 5.67e-05 6.603890082898384e+20 3.7800000000000007e-06
1.6491999999999997e+22 4.27e-05 6.603890082898384e+20 2.8466666666666672e-06
1.7668000000000001e+22 3.17e-05 6.603890082898384e+20 2.1133333333333336e-06
1.26e+22 2.72e-05 6.603890082898384e+20 1.8133333333333335e-06
2.2372e+22 3.12e-05 6.603890082898384e+20 2.08e-06
2.1195999999999997e+22 3.15e-05 6.603890082898384e+20 2.1000000000000002e-06
1.9712e+22 2.57e-05 6.603890082898384e+20 1.7133333333333336e-06
1.7780000000000001e+22 2.83e-05 6.603890082898384e+20 1.8866666666666667e-06
7.868e+21 2.41e-05 6.603890082898384e+20 1.6066666666666668e-06
1.8591999999999998e+22 3.69e-05 6.603890082898384e+20 2.46e-06
3.556e+21 4.41e-05 6.603890082898384e+20 2.9400000000000002e-06
4.6479999999999995e+21 3.22e-05 6.603890082898384e+20 2.1466666666666663e-06
1.5035999999999997e+22 3.73e-05 6.603890082898384e+20 2.4866666666666664e-06
9.464e+21 3.17e-05 6.603890082898384e+20 2.1133333333333336e-06
1.0331999999999999e+22 4.71e-05 6.603890082898384e+20 3.1400000000000004e-06
2.1307999999999997e+22 4.04e-05 6.603890082898384e+20 2.6933333333333335e-06
7.448e+21 2.98e-05 6.603890082898384e+20 1.986666666666667e-06
1.7751999999999998e+22 3.33e-05 6.603890082898384e+20 2.2200000000000003e-06
1.8452000000000001e+22 3.61e-05 6.603890082898384e+20 2.406666666666667e-06
2.3575999999999998e+22 3.34e-05 6.603890082898384e+20 2.226666666666667e-06
2.0215999999999998e+22 2.69e-05 6.603890082898384e+20 1.7933333333333335e-06
