1.000e-20 0.000e+00 0.000e+00 0.000e+00 0.000e+00 0.000e+00
1.122e-20 0.000e+00 0.000e+00 0.000e+00 0.000e+00 0.000e+00
1.259e-20 0.000e+00 0.000e+00 0.000e+00 0.000e+00 0.000e+00
1.413e-20 0.000e+00 0.000e+00 0.000e+00 0.000e+00 0.000e+00
1.585e-20 0.000e+00 0.000e+00 0.000e+00 0.000e+00 0.000e+00
1.778e-20 0.000e+00 0.000e+00 0.000e+00 0.000e+00 0.000e+00
1.995e-20 0.000e+00 0.000e+00 0.000e+00 0.000e+00 0.000e+00
2.239e-20 0.000e+00 0.000e+00 0.000e+00 0.000e+00 0.000e+00
2.512e-20 0.000e+00 0.000e+00 0.000e+00 0.000e+00 0.000e+00
2.818e-20 0.000e+00 0.000e+00 0.000e+00 0.000e+00 0.000e+00
3.162e-20 0.000e+00 0.000e+00 0.000e+00 0.000e+00 0.000e+00
3.548e-20 0.000e+00 0.000e+00 0.000e+00 0.000e+00 0.000e+00
3.981e-20 0.000e+00 0.000e+00 0.000e+00 0.000e+00 0.000e+00
4.467e-20 0.000e+00 0.000e+00 0.000e+00 0.000e+00 0.000e+00
5.012e-20 0.000e+00 0.000e+00 0.000e+00 0.000e+00 0.000e+00
5.623e-20 0.000e+00 0.000e+00 0.000e+00 0.000e+00 0.000e+00
6.310e-20 0.000e+00 0.000e+00 0.000e+00 0.000e+00 0.000e+00
7.079e-20 0.000e+00 0.000e+00 0.000e+00 0.000e+00 0.000e+00
7.943e-20 0.000e+00 0.000e+00 0.000e+00 0.000e+00 0.000e+00
8.913e-20 0.000e+00 0.000e+00 0.000e+00 0.000e+00 0.000e+00
1.000e-19 0.000e+00 0.000e+00 0.000e+00 0.000e+00 0.000e+00
1.122e-19 0.000e+00 0.000e+00 0.000e+00 0.000e+00 0.000e+00
1.259e-19 0.000e+00 0.000e+00 0.000e+00 0.000e+00 0.000e+00
1.413e-19 0.000e+00 0.000e+00 0.000e+00 0.000e+00 0.000e+00
1.585e-19 0.000e+00 0.000e+00 0.000e+00 0.000e+00 0.000e+00
1.778e-19 0.000e+00 0.000e+00 0.000e+00 0.000e+00 0.000e+00
1.995e-19 0.000e+00 0.000e+00 0.000e+00 0.000e+00 0.000e+00
2.239e-19 0.000e+00 0.000e+00 0.000e+00 0.000e+00 0.000e+00
2.512e-19 0.000e+00 0.000e+00 0.000e+00 0.000e+00 0.000e+00
2.818e-19 0.000e+00 0.000e+00 0.000e+00 0.000e+00 0.000e+00
3.162e-19 0.000e+00 0.000e+00 0.000e+00 0.000e+00 0.000e+00
3.548e-19 0.000e+00 0.000e+00 0.000e+00 0.000e+00 0.000e+00
3.981e-19 0.000e+00 0.000e+00 0.000e+00 0.000e+00 0.000e+00
4.467e-19 0.000e+00 0.000e+00 0.000e+00 0.000e+00 0.000e+00
5.012e-19 0.000e+00 0.000e+00 0.000e+00 0.000e+00 0.000e+00
5.623e-19 0.000e+00 0.000e+00 0.000e+00 0.000e+00 0.000e+00
6.310e-19 0.000e+00 0.000e+00 0.000e+00 0.000e+00 0.000e+00
7.079e-19 0.000e+00 0.000e+00 0.000e+00 0.000e+00 0.000e+00
7.943e-19 0.000e+00 0.000e+00 0.000e+00 0.000e+00 0.000e+00
8.913e-19 0.000e+00 0.000e+00 0.000e+00 0.000e+00 0.000e+00
1.000e-18 0.000e+00 0.000e+00 0.000e+00 0.000e+00 0.000e+00
1.122e-18 0.000e+00 0.000e+00 0.000e+00 0.000e+00 0.000e+00
1.259e-18 0.000e+00 0.000e+00 0.000e+00 0.000e+00 0.000e+00
1.413e-18 0.000e+00 0.000e+00 0.000e+00 0.000e+00 0.000e+00
1.585e-18 0.000e+00 0.000e+00 0.000e+00 0.000e+00 0.000e+00
1.778e-18 0.000e+00 0.000e+00 0.000e+00 0.000e+00 0.000e+00
1.995e-18 0.000e+00 0.000e+00 0.000e+00 0.000e+00 0.000e+00
2.239e-18 0.000e+00 0.000e+00 0.000e+00 0.000e+00 0.000e+00
2.512e-18 0.000e+00 0.000e+00 0.000e+00 0.000e+00 0.000e+00
2.818e-18 0.000e+00 0.000e+00 0.000e+00 0.000e+00 0.000e+00
3.162e-18 0.000e+00 0.000e+00 0.000e+00 0.000e+00 0.000e+00
3.548e-18 0.000e+00 0.000e+00 0.000e+00 0.000e+00 0.000e+00
3.981e-18 0.000e+00 0.000e+00 0.000e+00 0.000e+00 0.000e+00
4.467e-18 0.000e+00 0.000e+00 0.000e+00 0.000e+00 0.000e+00
5.012e-18 0.000e+00 0.000e+00 0.000e+00 0.000e+00 0.000e+00
5.623e-18 0.000e+00 0.000e+00 0.000e+00 0.000e+00 0.000e+00
6.310e-18 0.000e+00 0.000e+00 0.000e+00 0.000e+00 0.000e+00
7.079e-18 0.000e+00 0.000e+00 0.000e+00 0.000e+00 0.000e+00
7.943e-18 0.000e+00 0.000e+00 0.000e+00 0.000e+00 0.000e+00
8.913e-18 0.000e+00 0.000e+00 0.000e+00 0.000e+00 0.000e+00
1.000e-17 0.000e+00 0.000e+00 0.000e+00 0.000e+00 0.000e+00
1.122e-17 0.000e+00 0.000e+00 0.000e+00 0.000e+00 0.000e+00
1.259e-17 0.000e+00 0.000e+00 0.000e+00 0.000e+00 0.000e+00
1.413e-17 0.000e+00 0.000e+00 0.000e+00 0.000e+00 0.000e+00
1.585e-17 0.000e+00 0.000e+00 0.000e+00 0.000e+00 0.000e+00
1.778e-17 0.000e+00 0.000e+00 0.000e+00 0.000e+00 0.000e+00
1.995e-17 0.000e+00 0.000e+00 0.000e+00 0.000e+00 0.000e+00
2.239e-17 0.000e+00 0.000e+00 0.000e+00 0.000e+00 0.000e+00
2.512e-17 0.000e+00 0.000e+00 0.000e+00 0.000e+00 0.000e+00
2.818e-17 0.000e+00 0.000e+00 0.000e+00 0.000e+00 0.000e+00
3.162e-17 0.000e+00 0.000e+00 0.000e+00 0.000e+00 0.000e+00
3.548e-17 0.000e+00 0.000e+00 0.000e+00 0.000e+00 0.000e+00
3.981e-17 0.000e+00 0.000e+00 0.000e+00 0.000e+00 0.000e+00
4.467e-17 0.000e+00 0.000e+00 0.000e+00 0.000e+00 0.000e+00
5.012e-17 0.000e+00 0.000e+00 0.000e+00 0.000e+00 0.000e+00
5.623e-17 0.000e+00 0.000e+00 0.000e+00 0.000e+00 0.000e+00
6.310e-17 0.000e+00 0.000e+00 0.000e+00 0.000e+00 0.000e+00
7.079e-17 0.000e+00 0.000e+00 0.000e+00 0.000e+00 0.000e+00
7.943e-17 0.000e+00 0.000e+00 0.000e+00 0.000e+00 0.000e+00
8.913e-17 0.000e+00 0.000e+00 0.000e+00 0.000e+00 0.000e+00
1.000e-16 0.000e+00 0.000e+00 0.000e+00 0.000e+00 0.000e+00
1.122e-16 0.000e+00 0.000e+00 0.000e+00 0.000e+00 0.000e+00
1.259e-16 0.000e+00 0.000e+00 0.000e+00 0.000e+00 0.000e+00
1.413e-16 0.000e+00 0.000e+00 0.000e+00 0.000e+00 0.000e+00
1.585e-16 0.000e+00 0.000e+00 0.000e+00 0.000e+00 0.000e+00
1.778e-16 0.000e+00 0.000e+00 0.000e+00 0.000e+00 0.000e+00
1.995e-16 0.000e+00 0.000e+00 0.000e+00 0.000e+00 0.000e+00
2.239e-16 0.000e+00 0.000e+00 0.000e+00 0.000e+00 0.000e+00
2.512e-16 0.000e+00 0.000e+00 0.000e+00 0.000e+00 0.000e+00
2.818e-16 0.000e+00 0.000e+00 0.000e+00 0.000e+00 0.000e+00
3.162e-16 0.000e+00 0.000e+00 0.000e+00 0.000e+00 0.000e+00
3.548e-16 0.000e+00 0.000e+00 0.000e+00 0.000e+00 0.000e+00
3.981e-16 0.000e+00 0.000e+00 0.000e+00 0.000e+00 0.000e+00
4.467e-16 0.000e+00 0.000e+00 0.000e+00 0.000e+00 0.000e+00
5.012e-16 0.000e+00 0.000e+00 0.000e+00 0.000e+00 0.000e+00
5.623e-16 0.000e+00 0.000e+00 0.000e+00 0.000e+00 0.000e+00
6.310e-16 0.000e+00 0.000e+00 0.000e+00 0.000e+00 0.000e+00
7.079e-16 0.000e+00 0.000e+00 0.000e+00 0.000e+00 0.000e+00
7.943e-16 0.000e+00 0.000e+00 0.000e+00 0.000e+00 0.000e+00
8.913e-16 0.000e+00 0.000e+00 0.000e+00 0.000e+00 0.000e+00
1.000e-15 0.000e+00 0.000e+00 0.000e+00 0.000e+00 0.000e+00
1.122e-15 0.000e+00 0.000e+00 0.000e+00 0.000e+00 0.000e+00
1.259e-15 0.000e+00 0.000e+00 0.000e+00 0.000e+00 0.000e+00
1.413e-15 0.000e+00 0.000e+00 0.000e+00 0.000e+00 0.000e+00
1.585e-15 0.000e+00 0.000e+00 0.000e+00 0.000e+00 0.000e+00
1.778e-15 0.000e+00 0.000e+00 0.000e+00 0.000e+00 0.000e+00
1.995e-15 0.000e+00 0.000e+00 0.000e+00 0.000e+00 0.000e+00
2.239e-15 0.000e+00 0.000e+00 0.000e+00 0.000e+00 0.000e+00
2.512e-15 0.000e+00 0.000e+00 0.000e+00 0.000e+00 0.000e+00
2.818e-15 0.000e+00 0.000e+00 0.000e+00 0.000e+00 0.000e+00
3.162e-15 0.000e+00 0.000e+00 0.000e+00 0.000e+00 0.000e+00
3.548e-15 0.000e+00 0.000e+00 0.000e+00 0.000e+00 0.000e+00
3.981e-15 0.000e+00 0.000e+00 0.000e+00 0.000e+00 0.000e+00
4.467e-15 0.000e+00 0.000e+00 0.000e+00 0.000e+00 0.000e+00
5.012e-15 0.000e+00 0.000e+00 0.000e+00 0.000e+00 0.000e+00
5.623e-15 0.000e+00 0.000e+00 0.000e+00 0.000e+00 0.000e+00
6.310e-15 0.000e+00 0.000e+00 0.000e+00 0.000e+00 0.000e+00
7.079e-15 0.000e+00 0.000e+00 0.000e+00 0.000e+00 0.000e+00
7.943e-15 0.000e+00 0.000e+00 0.000e+00 0.000e+00 0.000e+00
8.913e-15 0.000e+00 0.000e+00 0.000e+00 0.000e+00 0.000e+00
1.000e-14 0.000e+00 0.000e+00 0.000e+00 0.000e+00 0.000e+00
1.122e-14 0.000e+00 0.000e+00 0.000e+00 0.000e+00 0.000e+00
1.259e-14 0.000e+00 0.000e+00 0.000e+00 0.000e+00 0.000e+00
1.413e-14 0.000e+00 0.000e+00 0.000e+00 0.000e+00 0.000e+00
1.585e-14 0.000e+00 0.000e+00 0.000e+00 0.000e+00 0.000e+00
1.778e-14 0.000e+00 0.000e+00 0.000e+00 0.000e+00 0.000e+00
1.995e-14 0.000e+00 0.000e+00 0.000e+00 0.000e+00 0.000e+00
2.239e-14 0.000e+00 0.000e+00 0.000e+00 0.000e+00 0.000e+00
2.512e-14 0.000e+00 0.000e+00 0.000e+00 0.000e+00 0.000e+00
2.818e-14 0.000e+00 0.000e+00 0.000e+00 0.000e+00 0.000e+00
3.162e-14 0.000e+00 0.000e+00 0.000e+00 0.000e+00 0.000e+00
3.548e-14 0.000e+00 0.000e+00 0.000e+00 0.000e+00 0.000e+00
3.981e-14 0.000e+00 0.000e+00 0.000e+00 0.000e+00 0.000e+00
4.467e-14 0.000e+00 0.000e+00 0.000e+00 0.000e+00 0.000e+00
5.012e-14 0.000e+00 0.000e+00 0.000e+00 0.000e+00 0.000e+00
5.623e-14 0.000e+00 0.000e+00 0.000e+00 0.000e+00 0.000e+00
6.310e-14 0.000e+00 0.000e+00 0.000e+00 0.000e+00 0.000e+00
7.079e-14 0.000e+00 0.000e+00 0.000e+00 0.000e+00 0.000e+00
7.943e-14 0.000e+00 0.000e+00 0.000e+00 0.000e+00 0.000e+00
8.913e-14 0.000e+00 0.000e+00 0.000e+00 0.000e+00 0.000e+00
1.000e-13 0.000e+00 0.000e+00 0.000e+00 0.000e+00 0.000e+00
1.122e-13 0.000e+00 0.000e+00 0.000e+00 0.000e+00 0.000e+00
1.259e-13 0.000e+00 0.000e+00 0.000e+00 0.000e+00 0.000e+00
1.413e-13 0.000e+00 0.000e+00 0.000e+00 0.000e+00 0.000e+00
1.585e-13 0.000e+00 0.000e+00 0.000e+00 0.000e+00 0.000e+00
1.778e-13 0.000e+00 0.000e+00 0.000e+00 0.000e+00 0.000e+00
1.995e-13 0.000e+00 0.000e+00 0.000e+00 0.000e+00 0.000e+00
2.239e-13 0.000e+00 0.000e+00 0.000e+00 0.000e+00 0.000e+00
2.512e-13 0.000e+00 0.000e+00 0.000e+00 0.000e+00 0.000e+00
2.818e-13 0.000e+00 0.000e+00 0.000e+00 0.000e+00 0.000e+00
3.162e-13 0.000e+00 0.000e+00 0.000e+00 0.000e+00 0.000e+00
3.548e-13 0.000e+00 0.000e+00 0.000e+00 0.000e+00 0.000e+00
3.981e-13 0.000e+00 0.000e+00 0.000e+00 0.000e+00 0.000e+00
4.467e-13 0.000e+00 0.000e+00 0.000e+00 0.000e+00 0.000e+00
5.012e-13 0.000e+00 0.000e+00 0.000e+00 0.000e+00 0.000e+00
5.623e-13 0.000e+00 0.000e+00 0.000e+00 0.000e+00 0.000e+00
6.310e-13 0.000e+00 0.000e+00 0.000e+00 0.000e+00 0.000e+00
7.079e-13 0.000e+00 0.000e+00 0.000e+00 0.000e+00 0.000e+00
7.943e-13 0.000e+00 0.000e+00 0.000e+00 0.000e+00 0.000e+00
8.913e-13 0.000e+00 0.000e+00 0.000e+00 0.000e+00 0.000e+00
1.000e-12 0.000e+00 0.000e+00 0.000e+00 0.000e+00 0.000e+00
1.122e-12 inf inf inf inf inf
1.259e-12 inf inf inf inf inf
1.413e-12 inf inf inf inf inf
1.585e-12 inf inf inf inf inf
1.778e-12 inf inf inf inf inf
1.995e-12 inf inf inf inf inf
2.239e-12 inf inf inf inf inf
2.512e-12 inf inf inf inf inf
2.818e-12 inf inf inf inf inf
3.162e-12 inf inf inf inf inf
3.548e-12 inf inf inf inf inf
3.981e-12 inf inf inf inf inf
4.467e-12 inf inf inf inf inf
5.012e-12 inf inf inf inf inf
5.623e-12 inf inf inf inf inf
6.310e-12 inf inf inf inf inf
7.079e-12 inf inf inf inf inf
7.943e-12 inf inf inf inf inf
8.913e-12 inf inf inf inf inf
1.000e-11 inf inf inf inf inf
1.122e-11 inf inf inf inf inf
1.259e-11 inf inf inf inf inf
1.413e-11 inf inf inf inf inf
1.585e-11 inf inf inf inf inf
1.778e-11 inf inf inf inf inf
1.995e-11 inf inf inf inf inf
2.239e-11 inf inf inf inf inf
2.512e-11 inf inf inf inf inf
2.818e-11 inf inf inf inf inf
3.162e-11 inf inf inf inf inf
3.548e-11 inf inf inf inf inf
3.981e-11 inf inf inf inf inf
4.467e-11 inf inf inf inf inf
5.012e-11 inf inf inf inf inf
5.623e-11 inf inf inf inf inf
6.310e-11 inf inf inf inf inf
7.079e-11 inf inf inf inf inf
7.943e-11 inf inf inf inf inf
8.913e-11 inf inf inf inf inf
1.000e-10 inf inf inf inf inf
1.122e-10 inf inf inf inf inf
1.259e-10 inf inf inf inf inf
1.413e-10 inf inf inf inf inf
1.585e-10 inf inf inf inf inf
1.778e-10 inf inf inf inf inf
1.995e-10 inf inf inf inf inf
2.239e-10 inf inf inf inf inf
2.512e-10 inf inf inf inf inf
2.818e-10 inf inf inf inf inf
3.162e-10 inf inf inf inf inf
3.548e-10 9.554e+46 1.927e+28 1.930e-29 2.540e-17 1.596e-16
3.981e-10 8.038e+46 2.041e+28 2.045e-29 2.690e-17 1.690e-16
4.467e-10 6.763e+46 2.162e+28 2.166e-29 2.849e-17 1.790e-16
5.012e-10 5.691e+46 2.290e+28 2.294e-29 3.018e-17 1.896e-16
5.623e-10 4.788e+46 2.426e+28 2.430e-29 3.197e-17 2.009e-16
6.310e-10 4.029e+46 2.570e+28 2.574e-29 3.387e-17 2.128e-16
7.079e-10 3.390e+46 2.722e+28 2.727e-29 3.587e-17 2.254e-16
7.943e-10 2.852e+46 2.883e+28 2.888e-29 3.800e-17 2.387e-16
8.913e-10 2.400e+46 3.054e+28 3.059e-29 4.025e-17 2.529e-16
1.000e-09 2.019e+46 3.235e+28 3.240e-29 4.263e-17 2.679e-16
1.122e-09 1.699e+46 3.427e+28 3.432e-29 4.516e-17 2.838e-16
1.259e-09 1.429e+46 3.630e+28 3.636e-29 4.784e-17 3.006e-16
1.413e-09 1.203e+46 3.845e+28 3.851e-29 5.067e-17 3.184e-16
1.585e-09 1.012e+46 4.073e+28 4.079e-29 5.367e-17 3.372e-16
1.778e-09 8.514e+45 4.314e+28 4.321e-29 5.685e-17 3.572e-16
1.995e-09 7.164e+45 4.569e+28 4.577e-29 6.022e-17 3.784e-16
2.239e-09 6.028e+45 4.840e+28 4.848e-29 6.379e-17 4.008e-16
2.512e-09 5.072e+45 5.127e+28 5.136e-29 6.757e-17 4.246e-16
2.818e-09 4.267e+45 5.431e+28 5.440e-29 7.157e-17 4.497e-16
3.162e-09 3.590e+45 5.753e+28 5.762e-29 7.581e-17 4.764e-16
3.548e-09 3.021e+45 6.093e+28 6.104e-29 8.031e-17 5.046e-16
3.981e-09 2.542e+45 6.454e+28 6.465e-29 8.506e-17 5.345e-16
4.467e-09 2.139e+45 6.837e+28 6.848e-29 9.010e-17 5.661e-16
5.012e-09 1.799e+45 7.242e+28 7.254e-29 9.544e-17 5.997e-16
5.623e-09 1.514e+45 7.671e+28 7.684e-29 1.011e-16 6.352e-16
6.310e-09 1.274e+45 8.126e+28 8.139e-29 1.071e-16 6.729e-16
7.079e-09 1.072e+45 8.607e+28 8.622e-29 1.134e-16 7.127e-16
7.943e-09 9.019e+44 9.117e+28 9.132e-29 1.202e-16 7.549e-16
8.913e-09 7.588e+44 9.657e+28 9.674e-29 1.273e-16 7.997e-16
1.000e-08 6.385e+44 1.023e+29 1.025e-28 1.348e-16 8.471e-16
1.122e-08 5.372e+44 1.084e+29 1.085e-28 1.428e-16 8.972e-16
1.259e-08 4.520e+44 1.148e+29 1.150e-28 1.513e-16 9.504e-16
1.413e-08 3.803e+44 1.216e+29 1.218e-28 1.602e-16 1.007e-15
1.585e-08 3.200e+44 1.288e+29 1.290e-28 1.697e-16 1.066e-15
1.778e-08 2.692e+44 1.364e+29 1.366e-28 1.798e-16 1.130e-15
1.995e-08 2.265e+44 1.445e+29 1.447e-28 1.904e-16 1.196e-15
2.239e-08 1.906e+44 1.530e+29 1.533e-28 2.017e-16 1.267e-15
2.512e-08 1.604e+44 1.621e+29 1.624e-28 2.137e-16 1.342e-15
2.818e-08 1.349e+44 1.717e+29 1.720e-28 2.263e-16 1.422e-15
3.162e-08 1.135e+44 1.819e+29 1.822e-28 2.397e-16 1.506e-15
3.548e-08 9.552e+43 1.927e+29 1.930e-28 2.539e-16 1.595e-15
3.981e-08 8.037e+43 2.041e+29 2.044e-28 2.690e-16 1.690e-15
4.467e-08 6.762e+43 2.162e+29 2.165e-28 2.849e-16 1.790e-15
5.012e-08 5.690e+43 2.290e+29 2.294e-28 3.018e-16 1.896e-15
5.623e-08 4.787e+43 2.425e+29 2.430e-28 3.197e-16 2.008e-15
6.310e-08 4.028e+43 2.569e+29 2.574e-28 3.386e-16 2.127e-15
7.079e-08 3.389e+43 2.721e+29 2.726e-28 3.587e-16 2.253e-15
7.943e-08 2.851e+43 2.883e+29 2.887e-28 3.799e-16 2.387e-15
8.913e-08 2.399e+43 3.053e+29 3.059e-28 4.024e-16 2.528e-15
1.000e-07 2.019e+43 3.234e+29 3.240e-28 4.262e-16 2.678e-15
1.122e-07 1.698e+43 3.426e+29 3.432e-28 4.515e-16 2.837e-15
1.259e-07 1.429e+43 3.629e+29 3.635e-28 4.782e-16 3.005e-15
1.413e-07 1.202e+43 3.844e+29 3.850e-28 5.066e-16 3.183e-15
1.585e-07 1.012e+43 4.071e+29 4.078e-28 5.366e-16 3.371e-15
1.778e-07 8.512e+42 4.313e+29 4.320e-28 5.684e-16 3.571e-15
1.995e-07 7.162e+42 4.568e+29 4.576e-28 6.020e-16 3.783e-15
2.239e-07 6.026e+42 4.839e+29 4.847e-28 6.377e-16 4.007e-15
2.512e-07 5.070e+42 5.125e+29 5.134e-28 6.755e-16 4.244e-15
2.818e-07 4.266e+42 5.429e+29 5.438e-28 7.155e-16 4.495e-15
3.162e-07 3.589e+42 5.750e+29 5.760e-28 7.578e-16 4.762e-15
3.548e-07 3.020e+42 6.091e+29 6.101e-28 8.027e-16 5.044e-15
3.981e-07 2.541e+42 6.452e+29 6.462e-28 8.503e-16 5.342e-15
4.467e-07 2.138e+42 6.834e+29 6.845e-28 9.006e-16 5.659e-15
5.012e-07 1.799e+42 7.238e+29 7.251e-28 9.539e-16 5.994e-15
5.623e-07 1.513e+42 7.667e+29 7.680e-28 1.010e-15 6.349e-15
6.310e-07 1.273e+42 8.121e+29 8.135e-28 1.070e-15 6.725e-15
7.079e-07 1.071e+42 8.602e+29 8.616e-28 1.134e-15 7.123e-15
7.943e-07 9.013e+41 9.111e+29 9.127e-28 1.201e-15 7.545e-15
8.913e-07 7.583e+41 9.651e+29 9.667e-28 1.272e-15 7.991e-15
1.000e-06 6.380e+41 1.022e+30 1.024e-27 1.347e-15 8.464e-15
1.122e-06 5.368e+41 1.083e+30 1.085e-27 1.427e-15 8.966e-15
1.259e-06 4.516e+41 1.147e+30 1.149e-27 1.511e-15 9.496e-15
1.413e-06 3.800e+41 1.215e+30 1.217e-27 1.601e-15 1.006e-14
1.585e-06 3.197e+41 1.287e+30 1.289e-27 1.696e-15 1.065e-14
1.778e-06 2.690e+41 1.363e+30 1.365e-27 1.796e-15 1.128e-14
1.995e-06 2.263e+41 1.443e+30 1.446e-27 1.902e-15 1.195e-14
2.239e-06 1.904e+41 1.529e+30 1.531e-27 2.015e-15 1.266e-14
2.512e-06 1.602e+41 1.619e+30 1.622e-27 2.134e-15 1.341e-14
2.818e-06 1.348e+41 1.715e+30 1.718e-27 2.260e-15 1.420e-14
3.162e-06 1.134e+41 1.817e+30 1.820e-27 2.394e-15 1.504e-14
3.548e-06 9.539e+40 1.924e+30 1.927e-27 2.536e-15 1.593e-14
3.981e-06 8.026e+40 2.038e+30 2.041e-27 2.686e-15 1.688e-14
4.467e-06 6.752e+40 2.158e+30 2.162e-27 2.845e-15 1.787e-14
5.012e-06 5.681e+40 2.286e+30 2.290e-27 3.013e-15 1.893e-14
5.623e-06 4.779e+40 2.421e+30 2.425e-27 3.191e-15 2.005e-14
6.310e-06 4.021e+40 2.565e+30 2.569e-27 3.380e-15 2.124e-14
7.079e-06 3.383e+40 2.716e+30 2.721e-27 3.580e-15 2.249e-14
7.943e-06 2.846e+40 2.877e+30 2.882e-27 3.791e-15 2.382e-14
8.913e-06 2.394e+40 3.047e+30 3.052e-27 4.015e-15 2.523e-14
1.000e-05 2.014e+40 3.227e+30 3.232e-27 4.253e-15 2.672e-14
1.122e-05 1.694e+40 3.418e+30 3.423e-27 4.504e-15 2.830e-14
1.259e-05 1.425e+40 3.619e+30 3.626e-27 4.770e-15 2.997e-14
1.413e-05 1.199e+40 3.833e+30 3.840e-27 5.052e-15 3.174e-14
1.585e-05 1.009e+40 4.060e+30 4.067e-27 5.350e-15 3.362e-14
1.778e-05 8.486e+39 4.299e+30 4.307e-27 5.666e-15 3.560e-14
1.995e-05 7.139e+39 4.553e+30 4.561e-27 6.001e-15 3.770e-14
2.239e-05 6.005e+39 4.822e+30 4.830e-27 6.355e-15 3.993e-14
2.512e-05 5.051e+39 5.107e+30 5.115e-27 6.730e-15 4.229e-14
2.818e-05 4.249e+39 5.408e+30 5.417e-27 7.127e-15 4.478e-14
3.162e-05 3.574e+39 5.727e+30 5.737e-27 7.547e-15 4.742e-14
3.548e-05 3.007e+39 6.065e+30 6.075e-27 7.992e-15 5.022e-14
3.981e-05 2.529e+39 6.422e+30 6.433e-27 8.464e-15 5.318e-14
4.467e-05 2.127e+39 6.800e+30 6.812e-27 8.962e-15 5.631e-14
5.012e-05 1.789e+39 7.201e+30 7.213e-27 9.490e-15 5.963e-14
5.623e-05 1.505e+39 7.625e+30 7.638e-27 1.005e-14 6.314e-14
6.310e-05 1.266e+39 8.074e+30 8.088e-27 1.064e-14 6.686e-14
7.079e-05 1.065e+39 8.549e+30 8.564e-27 1.127e-14 7.079e-14
7.943e-05 8.955e+38 9.052e+30 9.068e-27 1.193e-14 7.496e-14
8.913e-05 7.531e+38 9.585e+30 9.601e-27 1.263e-14 7.937e-14
1.000e-04 6.334e+38 1.015e+31 1.017e-26 1.337e-14 8.403e-14
1.122e-04 5.327e+38 1.074e+31 1.076e-26 1.416e-14 8.897e-14
1.259e-04 4.480e+38 1.138e+31 1.139e-26 1.499e-14 9.419e-14
1.413e-04 3.767e+38 1.204e+31 1.206e-26 1.587e-14 9.972e-14
1.585e-04 3.168e+38 1.275e+31 1.277e-26 1.680e-14 1.056e-13
1.778e-04 2.664e+38 1.350e+31 1.352e-26 1.779e-14 1.118e-13
1.995e-04 2.240e+38 1.429e+31 1.431e-26 1.883e-14 1.183e-13
2.239e-04 1.883e+38 1.512e+31 1.515e-26 1.993e-14 1.252e-13
2.512e-04 1.584e+38 1.601e+31 1.604e-26 2.110e-14 1.326e-13
2.818e-04 1.331e+38 1.694e+31 1.697e-26 2.233e-14 1.403e-13
3.162e-04 1.119e+38 1.793e+31 1.796e-26 2.364e-14 1.485e-13
3.548e-04 9.410e+37 1.898e+31 1.901e-26 2.502e-14 1.572e-13
3.981e-04 7.911e+37 2.009e+31 2.012e-26 2.647e-14 1.663e-13
4.467e-04 6.650e+37 2.126e+31 2.129e-26 2.802e-14 1.760e-13
5.012e-04 5.590e+37 2.250e+31 2.253e-26 2.965e-14 1.863e-13
5.623e-04 4.698e+37 2.380e+31 2.384e-26 3.137e-14 1.971e-13
6.310e-04 3.948e+37 2.518e+31 2.523e-26 3.319e-14 2.085e-13
7.079e-04 3.318e+37 2.665e+31 2.669e-26 3.512e-14 2.206e-13
7.943e-04 2.788e+37 2.819e+31 2.824e-26 3.715e-14 2.334e-13
8.913e-04 2.343e+37 2.982e+31 2.987e-26 3.930e-14 2.469e-13
1.000e-03 1.969e+37 3.154e+31 3.159e-26 4.157e-14 2.612e-13
1.122e-03 1.654e+37 3.336e+31 3.342e-26 4.397e-14 2.762e-13
1.259e-03 1.389e+37 3.528e+31 3.534e-26 4.650e-14 2.921e-13
1.413e-03 1.167e+37 3.731e+31 3.737e-26 4.917e-14 3.089e-13
1.585e-03 9.802e+36 3.945e+31 3.951e-26 5.199e-14 3.267e-13
1.778e-03 8.232e+36 4.171e+31 4.178e-26 5.496e-14 3.454e-13
1.995e-03 6.912e+36 4.409e+31 4.416e-26 5.810e-14 3.651e-13
2.239e-03 5.803e+36 4.660e+31 4.668e-26 6.142e-14 3.859e-13
2.512e-03 4.872e+36 4.925e+31 4.933e-26 6.491e-14 4.078e-13
2.818e-03 4.089e+36 5.204e+31 5.213e-26 6.859e-14 4.310e-13
3.162e-03 3.432e+36 5.499e+31 5.508e-26 7.247e-14 4.553e-13
3.548e-03 2.880e+36 5.809e+31 5.819e-26 7.655e-14 4.810e-13
3.981e-03 2.416e+36 6.135e+31 6.146e-26 8.086e-14 5.080e-13
4.467e-03 2.027e+36 6.479e+31 6.490e-26 8.538e-14 5.365e-13
5.012e-03 1.700e+36 6.840e+31 6.852e-26 9.015e-14 5.664e-13
5.623e-03 1.425e+36 7.221e+31 7.233e-26 9.516e-14 5.979e-13
6.310e-03 1.195e+36 7.620e+31 7.633e-26 1.004e-13 6.310e-13
7.079e-03 1.001e+36 8.040e+31 8.054e-26 1.060e-13 6.658e-13
7.943e-03 8.390e+35 8.481e+31 8.495e-26 1.118e-13 7.023e-13
8.913e-03 7.028e+35 8.944e+31 8.959e-26 1.179e-13 7.406e-13
1.000e-02 5.885e+35 9.429e+31 9.445e-26 1.243e-13 7.808e-13
1.122e-02 4.926e+35 9.937e+31 9.954e-26 1.310e-13 8.228e-13
1.259e-02 4.123e+35 1.047e+32 1.049e-25 1.380e-13 8.669e-13
1.413e-02 3.449e+35 1.102e+32 1.104e-25 1.453e-13 9.129e-13
1.585e-02 2.884e+35 1.161e+32 1.163e-25 1.529e-13 9.610e-13
1.778e-02 2.410e+35 1.221e+32 1.223e-25 1.609e-13 1.011e-12
1.995e-02 2.013e+35 1.284e+32 1.286e-25 1.693e-13 1.063e-12
2.239e-02 1.681e+35 1.350e+32 1.352e-25 1.779e-13 1.118e-12
2.512e-02 1.403e+35 1.418e+32 1.421e-25 1.869e-13 1.174e-12
2.818e-02 1.170e+35 1.489e+32 1.491e-25 1.962e-13 1.233e-12
3.162e-02 9.749e+34 1.562e+32 1.565e-25 2.059e-13 1.293e-12
3.548e-02 8.118e+34 1.637e+32 1.640e-25 2.158e-13 1.356e-12
3.981e-02 6.754e+34 1.715e+32 1.718e-25 2.260e-13 1.420e-12
4.467e-02 5.614e+34 1.795e+32 1.798e-25 2.365e-13 1.486e-12
5.012e-02 4.662e+34 1.876e+32 1.879e-25 2.473e-13 1.554e-12
5.623e-02 3.867e+34 1.959e+32 1.962e-25 2.582e-13 1.622e-12
6.310e-02 3.203e+34 2.043e+32 2.046e-25 2.692e-13 1.692e-12
7.079e-02 2.649e+34 2.127e+32 2.131e-25 2.804e-13 1.762e-12
7.943e-02 2.188e+34 2.212e+32 2.216e-25 2.915e-13 1.832e-12
8.913e-02 1.804e+34 2.296e+32 2.300e-25 3.026e-13 1.901e-12
1.000e-01 1.484e+34 2.378e+32 2.382e-25 3.134e-13 1.969e-12
1.122e-01 1.219e+34 2.458e+32 2.462e-25 3.240e-13 2.036e-12
1.259e-01 9.983e+33 2.535e+32 2.539e-25 3.341e-13 2.099e-12
1.413e-01 8.155e+33 2.607e+32 2.611e-25 3.436e-13 2.159e-12
1.585e-01 6.641e+33 2.673e+32 2.677e-25 3.522e-13 2.213e-12
1.778e-01 5.391e+33 2.731e+32 2.736e-25 3.599e-13 2.262e-12
1.995e-01 4.359e+33 2.781e+32 2.785e-25 3.665e-13 2.302e-12
2.239e-01 3.511e+33 2.819e+32 2.824e-25 3.715e-13 2.334e-12
2.512e-01 2.815e+33 2.845e+32 2.850e-25 3.750e-13 2.356e-12
2.818e-01 2.245e+33 2.857e+32 2.862e-25 3.766e-13 2.366e-12
3.162e-01 1.781e+33 2.854e+32 2.859e-25 3.761e-13 2.363e-12
3.548e-01 1.405e+33 2.834e+32 2.839e-25 3.735e-13 2.347e-12
3.981e-01 1.102e+33 2.798e+32 2.802e-25 3.687e-13 2.317e-12
4.467e-01 8.585e+32 2.744e+32 2.749e-25 3.617e-13 2.272e-12
5.012e-01 6.649e+32 2.676e+32 2.680e-25 3.526e-13 2.216e-12
5.623e-01 5.120e+32 2.594e+32 2.599e-25 3.419e-13 2.148e-12
6.310e-01 3.924e+32 2.503e+32 2.507e-25 3.298e-13 2.072e-12
7.079e-01 2.995e+32 2.405e+32 2.409e-25 3.170e-13 1.992e-12
7.943e-01 2.279e+32 2.304e+32 2.308e-25 3.037e-13 1.908e-12
8.913e-01 1.731e+32 2.202e+32 2.206e-25 2.903e-13 1.824e-12
1.000e+00 1.311e+32 2.101e+32 2.105e-25 2.769e-13 1.740e-12
1.122e+00 9.918e+31 2.000e+32 2.004e-25 2.636e-13 1.657e-12
1.259e+00 7.486e+31 1.901e+32 1.904e-25 2.505e-13 1.574e-12
1.413e+00 5.639e+31 1.803e+32 1.806e-25 2.376e-13 1.493e-12
1.585e+00 4.239e+31 1.706e+32 1.709e-25 2.248e-13 1.413e-12
1.778e+00 3.180e+31 1.611e+32 1.614e-25 2.123e-13 1.334e-12
1.995e+00 2.380e+31 1.518e+32 1.521e-25 2.001e-13 1.257e-12
2.239e+00 1.778e+31 1.427e+32 1.430e-25 1.881e-13 1.182e-12
2.512e+00 1.324e+31 1.339e+32 1.341e-25 1.765e-13 1.109e-12
2.818e+00 9.845e+30 1.253e+32 1.255e-25 1.651e-13 1.037e-12
3.162e+00 7.300e+30 1.170e+32 1.172e-25 1.541e-13 9.685e-13
3.548e+00 5.399e+30 1.089e+32 1.091e-25 1.435e-13 9.017e-13
3.981e+00 3.982e+30 1.011e+32 1.013e-25 1.333e-13 8.374e-13
4.467e+00 2.930e+30 9.367e+31 9.383e-26 1.234e-13 7.756e-13
5.012e+00 2.150e+30 8.654e+31 8.668e-26 1.140e-13 7.166e-13
5.623e+00 1.574e+30 7.974e+31 7.987e-26 1.051e-13 6.603e-13
6.310e+00 1.149e+30 7.327e+31 7.340e-26 9.656e-14 6.067e-13
7.079e+00 8.360e+29 6.713e+31 6.724e-26 8.847e-14 5.559e-13
7.943e+00 6.064e+29 6.130e+31 6.140e-26 8.078e-14 5.076e-13
8.913e+00 4.382e+29 5.576e+31 5.586e-26 7.349e-14 4.618e-13
1.000e+01 3.154e+29 5.053e+31 5.062e-26 6.660e-14 4.185e-13
1.122e+01 2.261e+29 4.561e+31 4.569e-26 6.011e-14 3.777e-13
1.259e+01 1.615e+29 4.102e+31 4.109e-26 5.406e-14 3.396e-13
1.413e+01 1.150e+29 3.677e+31 3.683e-26 4.845e-14 3.044e-13
1.585e+01 8.167e+28 3.287e+31 3.292e-26 4.332e-14 2.722e-13
1.778e+01 5.788e+28 2.933e+31 2.938e-26 3.865e-14 2.428e-13
1.995e+01 4.096e+28 2.612e+31 2.617e-26 3.443e-14 2.163e-13
2.239e+01 2.893e+28 2.323e+31 2.327e-26 3.062e-14 1.924e-13
2.512e+01 2.041e+28 2.063e+31 2.066e-26 2.719e-14 1.708e-13
2.818e+01 1.436e+28 1.827e+31 1.831e-26 2.408e-14 1.513e-13
3.162e+01 1.007e+28 1.614e+31 1.617e-26 2.127e-14 1.336e-13
3.548e+01 7.039e+27 1.420e+31 1.422e-26 1.871e-14 1.176e-13
3.981e+01 4.895e+27 1.243e+31 1.245e-26 1.638e-14 1.029e-13
4.467e+01 3.385e+27 1.082e+31 1.084e-26 1.426e-14 8.961e-14
5.012e+01 2.327e+27 9.363e+30 9.379e-27 1.234e-14 7.753e-14
5.623e+01 1.588e+27 8.047e+30 8.061e-27 1.061e-14 6.664e-14
6.310e+01 1.077e+27 6.867e+30 6.879e-27 9.050e-15 5.686e-14
7.079e+01 7.244e+26 5.817e+30 5.827e-27 7.666e-15 4.817e-14
7.943e+01 4.837e+26 4.890e+30 4.899e-27 6.445e-15 4.049e-14
8.913e+01 3.206e+26 4.080e+30 4.087e-27 5.377e-15 3.378e-14
1.000e+02 2.108e+26 3.378e+30 3.383e-27 4.451e-15 2.797e-14
1.122e+02 1.376e+26 2.775e+30 2.779e-27 3.657e-15 2.298e-14
1.259e+02 8.907e+25 2.262e+30 2.266e-27 2.981e-15 1.873e-14
1.413e+02 5.723e+25 1.829e+30 1.832e-27 2.411e-15 1.515e-14
1.585e+02 3.648e+25 1.468e+30 1.471e-27 1.935e-15 1.216e-14
1.778e+02 2.307e+25 1.169e+30 1.171e-27 1.540e-15 9.679e-15
1.995e+02 1.447e+25 9.232e+29 9.248e-28 1.217e-15 7.645e-15
2.239e+02 9.007e+24 7.232e+29 7.244e-28 9.531e-16 5.989e-15
2.512e+02 5.558e+24 5.618e+29 5.628e-28 7.404e-16 4.652e-15
2.818e+02 3.400e+24 4.327e+29 4.334e-28 5.703e-16 3.583e-15
3.162e+02 2.062e+24 3.303e+29 3.308e-28 4.353e-16 2.735e-15
3.548e+02 1.238e+24 2.498e+29 2.502e-28 3.292e-16 2.068e-15
3.981e+02 7.366e+23 1.870e+29 1.874e-28 2.465e-16 1.549e-15
4.467e+02 4.337e+23 1.386e+29 1.389e-28 1.827e-16 1.148e-15
5.012e+02 2.525e+23 1.016e+29 1.018e-28 1.339e-16 8.416e-16
5.623e+02 1.453e+23 7.364e+28 7.377e-29 9.705e-17 6.098e-16
6.310e+02 8.262e+22 5.270e+28 5.279e-29 6.945e-17 4.364e-16
7.079e+02 4.634e+22 3.721e+28 3.728e-29 4.904e-17 3.081e-16
7.943e+02 2.562e+22 2.590e+28 2.594e-29 3.413e-17 2.145e-16
8.913e+02 1.394e+22 1.774e+28 1.777e-29 2.339e-17 1.469e-16
1.000e+03 7.460e+21 1.195e+28 1.197e-29 1.575e-17 9.897e-17
1.122e+03 3.917e+21 7.902e+27 7.915e-30 1.041e-17 6.543e-17
1.259e+03 2.016e+21 5.118e+27 5.127e-30 6.745e-18 4.238e-17
1.413e+03 1.014e+21 3.241e+27 3.247e-30 4.272e-18 2.684e-17
1.585e+03 4.975e+20 2.002e+27 2.006e-30 2.639e-18 1.658e-17
1.778e+03 2.373e+20 1.203e+27 1.205e-30 1.585e-18 9.958e-18
1.995e+03 1.097e+20 6.997e+26 7.008e-31 9.221e-19 5.794e-18
2.239e+03 4.886e+19 3.924e+26 3.930e-31 5.171e-19 3.249e-18
2.512e+03 2.083e+19 2.106e+26 2.109e-31 2.775e-19 1.744e-18
2.818e+03 8.398e+18 1.069e+26 1.071e-31 1.408e-19 8.850e-19
3.162e+03 3.134e+18 5.022e+25 5.030e-32 6.618e-20 4.158e-19
3.548e+03 1.033e+18 2.085e+25 2.088e-32 2.747e-20 1.726e-19
3.981e+03 2.639e+17 6.701e+24 6.712e-33 8.831e-21 5.549e-20
4.467e+03 2.569e+16 8.213e+23 8.227e-34 1.082e-21 6.801e-21
5.012e+03 0.000e+00 0.000e+00 0.000e+00 0.000e+00 0.000e+00
5.623e+03 0.000e+00 0.000e+00 0.000e+00 0.000e+00 0.000e+00
6.310e+03 0.000e+00 0.000e+00 0.000e+00 0.000e+00 0.000e+00
7.079e+03 0.000e+00 0.000e+00 0.000e+00 0.000e+00 0.000e+00
7.943e+03 0.000e+00 0.000e+00 0.000e+00 0.000e+00 0.000e+00
8.913e+03 0.000e+00 0.000e+00 0.000e+00 0.000e+00 0.000e+00
1.000e+04 0.000e+00 0.000e+00 0.000e+00 0.000e+00 0.000e+00
1.122e+04 0.000e+00 0.000e+00 0.000e+00 0.000e+00 0.000e+00
1.259e+04 0.000e+00 0.000e+00 0.000e+00 0.000e+00 0.000e+00
1.413e+04 0.000e+00 0.000e+00 0.000e+00 0.000e+00 0.000e+00
1.585e+04 0.000e+00 0.000e+00 0.000e+00 0.000e+00 0.000e+00
1.778e+04 0.000e+00 0.000e+00 0.000e+00 0.000e+00 0.000e+00
1.995e+04 0.000e+00 0.000e+00 0.000e+00 0.000e+00 0.000e+00
2.239e+04 0.000e+00 0.000e+00 0.000e+00 0.000e+00 0.000e+00
2.512e+04 0.000e+00 0.000e+00 0.000e+00 0.000e+00 0.000e+00
2.818e+04 0.000e+00 0.000e+00 0.000e+00 0.000e+00 0.000e+00
3.162e+04 0.000e+00 0.000e+00 0.000e+00 0.000e+00 0.000e+00
3.548e+04 0.000e+00 0.000e+00 0.000e+00 0.000e+00 0.000e+00
3.981e+04 0.000e+00 0.000e+00 0.000e+00 0.000e+00 0.000e+00
4.467e+04 0.000e+00 0.000e+00 0.000e+00 0.000e+00 0.000e+00
5.012e+04 0.000e+00 0.000e+00 0.000e+00 0.000e+00 0.000e+00
5.623e+04 0.000e+00 0.000e+00 0.000e+00 0.000e+00 0.000e+00
6.310e+04 0.000e+00 0.000e+00 0.000e+00 0.000e+00 0.000e+00
7.079e+04 0.000e+00 0.000e+00 0.000e+00 0.000e+00 0.000e+00
7.943e+04 0.000e+00 0.000e+00 0.000e+00 0.000e+00 0.000e+00
8.913e+04 0.000e+00 0.000e+00 0.000e+00 0.000e+00 0.000e+00
1.000e+05 0.000e+00 0.000e+00 0.000e+00 0.000e+00 0.000e+00
1.122e+05 0.000e+00 0.000e+00 0.000e+00 0.000e+00 0.000e+00
1.259e+05 0.000e+00 0.000e+00 0.000e+00 0.000e+00 0.000e+00
1.413e+05 0.000e+00 0.000e+00 0.000e+00 0.000e+00 0.000e+00
1.585e+05 0.000e+00 0.000e+00 0.000e+00 0.000e+00 0.000e+00
1.778e+05 0.000e+00 0.000e+00 0.000e+00 0.000e+00 0.000e+00
1.995e+05 0.000e+00 0.000e+00 0.000e+00 0.000e+00 0.000e+00
2.239e+05 0.000e+00 0.000e+00 0.000e+00 0.000e+00 0.000e+00
2.512e+05 0.000e+00 0.000e+00 0.000e+00 0.000e+00 0.000e+00
2.818e+05 0.000e+00 0.000e+00 0.000e+00 0.000e+00 0.000e+00
3.162e+05 0.000e+00 0.000e+00 0.000e+00 0.000e+00 0.000e+00
3.548e+05 0.000e+00 0.000e+00 0.000e+00 0.000e+00 0.000e+00
3.981e+05 0.000e+00 0.000e+00 0.000e+00 0.000e+00 0.000e+00
4.467e+05 0.000e+00 0.000e+00 0.000e+00 0.000e+00 0.000e+00
5.012e+05 0.000e+00 0.000e+00 0.000e+00 0.000e+00 0.000e+00
5.623e+05 0.000e+00 0.000e+00 0.000e+00 0.000e+00 0.000e+00
6.310e+05 0.000e+00 0.000e+00 0.000e+00 0.000e+00 0.000e+00
7.079e+05 0.000e+00 0.000e+00 0.000e+00 0.000e+00 0.000e+00
7.943e+05 0.000e+00 0.000e+00 0.000e+00 0.000e+00 0.000e+00
8.913e+05 0.000e+00 0.000e+00 0.000e+00 0.000e+00 0.000e+00
1.000e+06 0.000e+00 0.000e+00 0.000e+00 0.000e+00 0.000e+00
1.122e+06 0.000e+00 0.000e+00 0.000e+00 0.000e+00 0.000e+00
1.259e+06 0.000e+00 0.000e+00 0.000e+00 0.000e+00 0.000e+00
1.413e+06 0.000e+00 0.000e+00 0.000e+00 0.000e+00 0.000e+00
1.585e+06 0.000e+00 0.000e+00 0.000e+00 0.000e+00 0.000e+00
1.778e+06 0.000e+00 0.000e+00 0.000e+00 0.000e+00 0.000e+00
1.995e+06 0.000e+00 0.000e+00 0.000e+00 0.000e+00 0.000e+00
2.239e+06 0.000e+00 0.000e+00 0.000e+00 0.000e+00 0.000e+00
2.512e+06 0.000e+00 0.000e+00 0.000e+00 0.000e+00 0.000e+00
2.818e+06 0.000e+00 0.000e+00 0.000e+00 0.000e+00 0.000e+00
3.162e+06 0.000e+00 0.000e+00 0.000e+00 0.000e+00 0.000e+00
3.548e+06 0.000e+00 0.000e+00 0.000e+00 0.000e+00 0.000e+00
3.981e+06 0.000e+00 0.000e+00 0.000e+00 0.000e+00 0.000e+00
4.467e+06 0.000e+00 0.000e+00 0.000e+00 0.000e+00 0.000e+00
5.012e+06 0.000e+00 0.000e+00 0.000e+00 0.000e+00 0.000e+00
5.623e+06 0.000e+00 0.000e+00 0.000e+00 0.000e+00 0.000e+00
6.310e+06 0.000e+00 0.000e+00 0.000e+00 0.000e+00 0.000e+00
7.079e+06 0.000e+00 0.000e+00 0.000e+00 0.000e+00 0.000e+00
7.943e+06 0.000e+00 0.000e+00 0.000e+00 0.000e+00 0.000e+00
8.913e+06 0.000e+00 0.000e+00 0.000e+00 0.000e+00 0.000e+00
1.000e+07 0.000e+00 0.000e+00 0.000e+00 0.000e+00 0.000e+00
1.122e+07 0.000e+00 0.000e+00 0.000e+00 0.000e+00 0.000e+00
1.259e+07 0.000e+00 0.000e+00 0.000e+00 0.000e+00 0.000e+00
1.413e+07 0.000e+00 0.000e+00 0.000e+00 0.000e+00 0.000e+00
1.585e+07 0.000e+00 0.000e+00 0.000e+00 0.000e+00 0.000e+00
1.778e+07 0.000e+00 0.000e+00 0.000e+00 0.000e+00 0.000e+00
1.995e+07 0.000e+00 0.000e+00 0.000e+00 0.000e+00 0.000e+00
2.239e+07 0.000e+00 0.000e+00 0.000e+00 0.000e+00 0.000e+00
2.512e+07 0.000e+00 0.000e+00 0.000e+00 0.000e+00 0.000e+00
2.818e+07 0.000e+00 0.000e+00 0.000e+00 0.000e+00 0.000e+00
3.162e+07 0.000e+00 0.000e+00 0.000e+00 0.000e+00 0.000e+00
3.548e+07 0.000e+00 0.000e+00 0.000e+00 0.000e+00 0.000e+00
3.981e+07 0.000e+00 0.000e+00 0.000e+00 0.000e+00 0.000e+00
4.467e+07 0.000e+00 0.000e+00 0.000e+00 0.000e+00 0.000e+00
5.012e+07 0.000e+00 0.000e+00 0.000e+00 0.000e+00 0.000e+00
5.623e+07 0.000e+00 0.000e+00 0.000e+00 0.000e+00 0.000e+00
6.310e+07 0.000e+00 0.000e+00 0.000e+00 0.000e+00 0.000e+00
7.079e+07 0.000e+00 0.000e+00 0.000e+00 0.000e+00 0.000e+00
7.943e+07 0.000e+00 0.000e+00 0.000e+00 0.000e+00 0.000e+00
8.913e+07 0.000e+00 0.000e+00 0.000e+00 0.000e+00 0.000e+00
1.000e+08 0.000e+00 0.000e+00 0.000e+00 0.000e+00 0.000e+00
