1.000e-20 0.000e+00 0.000e+00 0.000e+00 0.000e+00 0.000e+00
1.122e-20 0.000e+00 0.000e+00 0.000e+00 0.000e+00 0.000e+00
1.259e-20 0.000e+00 0.000e+00 0.000e+00 0.000e+00 0.000e+00
1.413e-20 0.000e+00 0.000e+00 0.000e+00 0.000e+00 0.000e+00
1.585e-20 0.000e+00 0.000e+00 0.000e+00 0.000e+00 0.000e+00
1.778e-20 0.000e+00 0.000e+00 0.000e+00 0.000e+00 0.000e+00
1.995e-20 0.000e+00 0.000e+00 0.000e+00 0.000e+00 0.000e+00
2.239e-20 0.000e+00 0.000e+00 0.000e+00 0.000e+00 0.000e+00
2.512e-20 0.000e+00 0.000e+00 0.000e+00 0.000e+00 0.000e+00
2.818e-20 0.000e+00 0.000e+00 0.000e+00 0.000e+00 0.000e+00
3.162e-20 0.000e+00 0.000e+00 0.000e+00 0.000e+00 0.000e+00
3.548e-20 0.000e+00 0.000e+00 0.000e+00 0.000e+00 0.000e+00
3.981e-20 0.000e+00 0.000e+00 0.000e+00 0.000e+00 0.000e+00
4.467e-20 0.000e+00 0.000e+00 0.000e+00 0.000e+00 0.000e+00
5.012e-20 0.000e+00 0.000e+00 0.000e+00 0.000e+00 0.000e+00
5.623e-20 0.000e+00 0.000e+00 0.000e+00 0.000e+00 0.000e+00
6.310e-20 0.000e+00 0.000e+00 0.000e+00 0.000e+00 0.000e+00
7.079e-20 0.000e+00 0.000e+00 0.000e+00 0.000e+00 0.000e+00
7.943e-20 0.000e+00 0.000e+00 0.000e+00 0.000e+00 0.000e+00
8.913e-20 0.000e+00 0.000e+00 0.000e+00 0.000e+00 0.000e+00
1.000e-19 0.000e+00 0.000e+00 0.000e+00 0.000e+00 0.000e+00
1.122e-19 0.000e+00 0.000e+00 0.000e+00 0.000e+00 0.000e+00
1.259e-19 0.000e+00 0.000e+00 0.000e+00 0.000e+00 0.000e+00
1.413e-19 0.000e+00 0.000e+00 0.000e+00 0.000e+00 0.000e+00
1.585e-19 0.000e+00 0.000e+00 0.000e+00 0.000e+00 0.000e+00
1.778e-19 0.000e+00 0.000e+00 0.000e+00 0.000e+00 0.000e+00
1.995e-19 0.000e+00 0.000e+00 0.000e+00 0.000e+00 0.000e+00
2.239e-19 0.000e+00 0.000e+00 0.000e+00 0.000e+00 0.000e+00
2.512e-19 0.000e+00 0.000e+00 0.000e+00 0.000e+00 0.000e+00
2.818e-19 0.000e+00 0.000e+00 0.000e+00 0.000e+00 0.000e+00
3.162e-19 0.000e+00 0.000e+00 0.000e+00 0.000e+00 0.000e+00
3.548e-19 0.000e+00 0.000e+00 0.000e+00 0.000e+00 0.000e+00
3.981e-19 0.000e+00 0.000e+00 0.000e+00 0.000e+00 0.000e+00
4.467e-19 0.000e+00 0.000e+00 0.000e+00 0.000e+00 0.000e+00
5.012e-19 0.000e+00 0.000e+00 0.000e+00 0.000e+00 0.000e+00
5.623e-19 0.000e+00 0.000e+00 0.000e+00 0.000e+00 0.000e+00
6.310e-19 0.000e+00 0.000e+00 0.000e+00 0.000e+00 0.000e+00
7.079e-19 0.000e+00 0.000e+00 0.000e+00 0.000e+00 0.000e+00
7.943e-19 0.000e+00 0.000e+00 0.000e+00 0.000e+00 0.000e+00
8.913e-19 0.000e+00 0.000e+00 0.000e+00 0.000e+00 0.000e+00
1.000e-18 0.000e+00 0.000e+00 0.000e+00 0.000e+00 0.000e+00
1.122e-18 0.000e+00 0.000e+00 0.000e+00 0.000e+00 0.000e+00
1.259e-18 0.000e+00 0.000e+00 0.000e+00 0.000e+00 0.000e+00
1.413e-18 0.000e+00 0.000e+00 0.000e+00 0.000e+00 0.000e+00
1.585e-18 0.000e+00 0.000e+00 0.000e+00 0.000e+00 0.000e+00
1.778e-18 0.000e+00 0.000e+00 0.000e+00 0.000e+00 0.000e+00
1.995e-18 0.000e+00 0.000e+00 0.000e+00 0.000e+00 0.000e+00
2.239e-18 0.000e+00 0.000e+00 0.000e+00 0.000e+00 0.000e+00
2.512e-18 0.000e+00 0.000e+00 0.000e+00 0.000e+00 0.000e+00
2.818e-18 0.000e+00 0.000e+00 0.000e+00 0.000e+00 0.000e+00
3.162e-18 0.000e+00 0.000e+00 0.000e+00 0.000e+00 0.000e+00
3.548e-18 0.000e+00 0.000e+00 0.000e+00 0.000e+00 0.000e+00
3.981e-18 0.000e+00 0.000e+00 0.000e+00 0.000e+00 0.000e+00
4.467e-18 0.000e+00 0.000e+00 0.000e+00 0.000e+00 0.000e+00
5.012e-18 0.000e+00 0.000e+00 0.000e+00 0.000e+00 0.000e+00
5.623e-18 0.000e+00 0.000e+00 0.000e+00 0.000e+00 0.000e+00
6.310e-18 0.000e+00 0.000e+00 0.000e+00 0.000e+00 0.000e+00
7.079e-18 0.000e+00 0.000e+00 0.000e+00 0.000e+00 0.000e+00
7.943e-18 0.000e+00 0.000e+00 0.000e+00 0.000e+00 0.000e+00
8.913e-18 0.000e+00 0.000e+00 0.000e+00 0.000e+00 0.000e+00
1.000e-17 0.000e+00 0.000e+00 0.000e+00 0.000e+00 0.000e+00
1.122e-17 0.000e+00 0.000e+00 0.000e+00 0.000e+00 0.000e+00
1.259e-17 0.000e+00 0.000e+00 0.000e+00 0.000e+00 0.000e+00
1.413e-17 0.000e+00 0.000e+00 0.000e+00 0.000e+00 0.000e+00
1.585e-17 0.000e+00 0.000e+00 0.000e+00 0.000e+00 0.000e+00
1.778e-17 0.000e+00 0.000e+00 0.000e+00 0.000e+00 0.000e+00
1.995e-17 0.000e+00 0.000e+00 0.000e+00 0.000e+00 0.000e+00
2.239e-17 0.000e+00 0.000e+00 0.000e+00 0.000e+00 0.000e+00
2.512e-17 0.000e+00 0.000e+00 0.000e+00 0.000e+00 0.000e+00
2.818e-17 0.000e+00 0.000e+00 0.000e+00 0.000e+00 0.000e+00
3.162e-17 0.000e+00 0.000e+00 0.000e+00 0.000e+00 0.000e+00
3.548e-17 0.000e+00 0.000e+00 0.000e+00 0.000e+00 0.000e+00
3.981e-17 0.000e+00 0.000e+00 0.000e+00 0.000e+00 0.000e+00
4.467e-17 0.000e+00 0.000e+00 0.000e+00 0.000e+00 0.000e+00
5.012e-17 0.000e+00 0.000e+00 0.000e+00 0.000e+00 0.000e+00
5.623e-17 0.000e+00 0.000e+00 0.000e+00 0.000e+00 0.000e+00
6.310e-17 0.000e+00 0.000e+00 0.000e+00 0.000e+00 0.000e+00
7.079e-17 0.000e+00 0.000e+00 0.000e+00 0.000e+00 0.000e+00
7.943e-17 0.000e+00 0.000e+00 0.000e+00 0.000e+00 0.000e+00
8.913e-17 0.000e+00 0.000e+00 0.000e+00 0.000e+00 0.000e+00
1.000e-16 0.000e+00 0.000e+00 0.000e+00 0.000e+00 0.000e+00
1.122e-16 0.000e+00 0.000e+00 0.000e+00 0.000e+00 0.000e+00
1.259e-16 0.000e+00 0.000e+00 0.000e+00 0.000e+00 0.000e+00
1.413e-16 0.000e+00 0.000e+00 0.000e+00 0.000e+00 0.000e+00
1.585e-16 0.000e+00 0.000e+00 0.000e+00 0.000e+00 0.000e+00
1.778e-16 0.000e+00 0.000e+00 0.000e+00 0.000e+00 0.000e+00
1.995e-16 0.000e+00 0.000e+00 0.000e+00 0.000e+00 0.000e+00
2.239e-16 0.000e+00 0.000e+00 0.000e+00 0.000e+00 0.000e+00
2.512e-16 0.000e+00 0.000e+00 0.000e+00 0.000e+00 0.000e+00
2.818e-16 0.000e+00 0.000e+00 0.000e+00 0.000e+00 0.000e+00
3.162e-16 0.000e+00 0.000e+00 0.000e+00 0.000e+00 0.000e+00
3.548e-16 0.000e+00 0.000e+00 0.000e+00 0.000e+00 0.000e+00
3.981e-16 0.000e+00 0.000e+00 0.000e+00 0.000e+00 0.000e+00
4.467e-16 0.000e+00 0.000e+00 0.000e+00 0.000e+00 0.000e+00
5.012e-16 0.000e+00 0.000e+00 0.000e+00 0.000e+00 0.000e+00
5.623e-16 0.000e+00 0.000e+00 0.000e+00 0.000e+00 0.000e+00
6.310e-16 0.000e+00 0.000e+00 0.000e+00 0.000e+00 0.000e+00
7.079e-16 0.000e+00 0.000e+00 0.000e+00 0.000e+00 0.000e+00
7.943e-16 0.000e+00 0.000e+00 0.000e+00 0.000e+00 0.000e+00
8.913e-16 0.000e+00 0.000e+00 0.000e+00 0.000e+00 0.000e+00
1.000e-15 0.000e+00 0.000e+00 0.000e+00 0.000e+00 0.000e+00
1.122e-15 0.000e+00 0.000e+00 0.000e+00 0.000e+00 0.000e+00
1.259e-15 0.000e+00 0.000e+00 0.000e+00 0.000e+00 0.000e+00
1.413e-15 0.000e+00 0.000e+00 0.000e+00 0.000e+00 0.000e+00
1.585e-15 0.000e+00 0.000e+00 0.000e+00 0.000e+00 0.000e+00
1.778e-15 0.000e+00 0.000e+00 0.000e+00 0.000e+00 0.000e+00
1.995e-15 0.000e+00 0.000e+00 0.000e+00 0.000e+00 0.000e+00
2.239e-15 0.000e+00 0.000e+00 0.000e+00 0.000e+00 0.000e+00
2.512e-15 0.000e+00 0.000e+00 0.000e+00 0.000e+00 0.000e+00
2.818e-15 0.000e+00 0.000e+00 0.000e+00 0.000e+00 0.000e+00
3.162e-15 0.000e+00 0.000e+00 0.000e+00 0.000e+00 0.000e+00
3.548e-15 0.000e+00 0.000e+00 0.000e+00 0.000e+00 0.000e+00
3.981e-15 0.000e+00 0.000e+00 0.000e+00 0.000e+00 0.000e+00
4.467e-15 0.000e+00 0.000e+00 0.000e+00 0.000e+00 0.000e+00
5.012e-15 0.000e+00 0.000e+00 0.000e+00 0.000e+00 0.000e+00
5.623e-15 0.000e+00 0.000e+00 0.000e+00 0.000e+00 0.000e+00
6.310e-15 0.000e+00 0.000e+00 0.000e+00 0.000e+00 0.000e+00
7.079e-15 0.000e+00 0.000e+00 0.000e+00 0.000e+00 0.000e+00
7.943e-15 0.000e+00 0.000e+00 0.000e+00 0.000e+00 0.000e+00
8.913e-15 0.000e+00 0.000e+00 0.000e+00 0.000e+00 0.000e+00
1.000e-14 0.000e+00 0.000e+00 0.000e+00 0.000e+00 0.000e+00
1.122e-14 0.000e+00 0.000e+00 0.000e+00 0.000e+00 0.000e+00
1.259e-14 0.000e+00 0.000e+00 0.000e+00 0.000e+00 0.000e+00
1.413e-14 0.000e+00 0.000e+00 0.000e+00 0.000e+00 0.000e+00
1.585e-14 0.000e+00 0.000e+00 0.000e+00 0.000e+00 0.000e+00
1.778e-14 0.000e+00 0.000e+00 0.000e+00 0.000e+00 0.000e+00
1.995e-14 0.000e+00 0.000e+00 0.000e+00 0.000e+00 0.000e+00
2.239e-14 0.000e+00 0.000e+00 0.000e+00 0.000e+00 0.000e+00
2.512e-14 0.000e+00 0.000e+00 0.000e+00 0.000e+00 0.000e+00
2.818e-14 0.000e+00 0.000e+00 0.000e+00 0.000e+00 0.000e+00
3.162e-14 0.000e+00 0.000e+00 0.000e+00 0.000e+00 0.000e+00
3.548e-14 0.000e+00 0.000e+00 0.000e+00 0.000e+00 0.000e+00
3.981e-14 0.000e+00 0.000e+00 0.000e+00 0.000e+00 0.000e+00
4.467e-14 0.000e+00 0.000e+00 0.000e+00 0.000e+00 0.000e+00
5.012e-14 0.000e+00 0.000e+00 0.000e+00 0.000e+00 0.000e+00
5.623e-14 0.000e+00 0.000e+00 0.000e+00 0.000e+00 0.000e+00
6.310e-14 0.000e+00 0.000e+00 0.000e+00 0.000e+00 0.000e+00
7.079e-14 0.000e+00 0.000e+00 0.000e+00 0.000e+00 0.000e+00
7.943e-14 0.000e+00 0.000e+00 0.000e+00 0.000e+00 0.000e+00
8.913e-14 0.000e+00 0.000e+00 0.000e+00 0.000e+00 0.000e+00
1.000e-13 0.000e+00 0.000e+00 0.000e+00 0.000e+00 0.000e+00
1.122e-13 0.000e+00 0.000e+00 0.000e+00 0.000e+00 0.000e+00
1.259e-13 0.000e+00 0.000e+00 0.000e+00 0.000e+00 0.000e+00
1.413e-13 0.000e+00 0.000e+00 0.000e+00 0.000e+00 0.000e+00
1.585e-13 0.000e+00 0.000e+00 0.000e+00 0.000e+00 0.000e+00
1.778e-13 0.000e+00 0.000e+00 0.000e+00 0.000e+00 0.000e+00
1.995e-13 0.000e+00 0.000e+00 0.000e+00 0.000e+00 0.000e+00
2.239e-13 0.000e+00 0.000e+00 0.000e+00 0.000e+00 0.000e+00
2.512e-13 0.000e+00 0.000e+00 0.000e+00 0.000e+00 0.000e+00
2.818e-13 0.000e+00 0.000e+00 0.000e+00 0.000e+00 0.000e+00
3.162e-13 0.000e+00 0.000e+00 0.000e+00 0.000e+00 0.000e+00
3.548e-13 0.000e+00 0.000e+00 0.000e+00 0.000e+00 0.000e+00
3.981e-13 0.000e+00 0.000e+00 0.000e+00 0.000e+00 0.000e+00
4.467e-13 0.000e+00 0.000e+00 0.000e+00 0.000e+00 0.000e+00
5.012e-13 0.000e+00 0.000e+00 0.000e+00 0.000e+00 0.000e+00
5.623e-13 0.000e+00 0.000e+00 0.000e+00 0.000e+00 0.000e+00
6.310e-13 0.000e+00 0.000e+00 0.000e+00 0.000e+00 0.000e+00
7.079e-13 0.000e+00 0.000e+00 0.000e+00 0.000e+00 0.000e+00
7.943e-13 0.000e+00 0.000e+00 0.000e+00 0.000e+00 0.000e+00
8.913e-13 0.000e+00 0.000e+00 0.000e+00 0.000e+00 0.000e+00
1.000e-12 0.000e+00 0.000e+00 0.000e+00 0.000e+00 0.000e+00
1.122e-12 inf inf inf inf inf
1.259e-12 inf inf inf inf inf
1.413e-12 inf inf inf inf inf
1.585e-12 inf inf inf inf inf
1.778e-12 inf inf inf inf inf
1.995e-12 inf inf inf inf inf
2.239e-12 inf inf inf inf inf
2.512e-12 inf inf inf inf inf
2.818e-12 inf inf inf inf inf
3.162e-12 inf inf inf inf inf
3.548e-12 inf inf inf inf inf
3.981e-12 inf inf inf inf inf
4.467e-12 inf inf inf inf inf
5.012e-12 inf inf inf inf inf
5.623e-12 inf inf inf inf inf
6.310e-12 inf inf inf inf inf
7.079e-12 inf inf inf inf inf
7.943e-12 inf inf inf inf inf
8.913e-12 inf inf inf inf inf
1.000e-11 inf inf inf inf inf
1.122e-11 inf inf inf inf inf
1.259e-11 inf inf inf inf inf
1.413e-11 1.352e+51 4.323e+29 4.330e-28 5.697e-16 3.579e-15
1.585e-11 1.138e+51 4.579e+29 4.586e-28 6.034e-16 3.791e-15
1.778e-11 9.572e+50 4.850e+29 4.858e-28 6.392e-16 4.016e-15
1.995e-11 8.054e+50 5.137e+29 5.146e-28 6.771e-16 4.254e-15
2.239e-11 6.777e+50 5.442e+29 5.451e-28 7.172e-16 4.506e-15
2.512e-11 5.702e+50 5.764e+29 5.774e-28 7.597e-16 4.773e-15
2.818e-11 4.798e+50 6.106e+29 6.116e-28 8.047e-16 5.056e-15
3.162e-11 4.037e+50 6.467e+29 6.478e-28 8.524e-16 5.356e-15
3.548e-11 3.396e+50 6.851e+29 6.862e-28 9.029e-16 5.673e-15
3.981e-11 2.858e+50 7.257e+29 7.269e-28 9.564e-16 6.009e-15
4.467e-11 2.404e+50 7.687e+29 7.700e-28 1.013e-15 6.365e-15
5.012e-11 2.023e+50 8.142e+29 8.156e-28 1.073e-15 6.742e-15
5.623e-11 1.702e+50 8.624e+29 8.639e-28 1.137e-15 7.142e-15
6.310e-11 1.432e+50 9.136e+29 9.151e-28 1.204e-15 7.565e-15
7.079e-11 1.205e+50 9.677e+29 9.693e-28 1.275e-15 8.013e-15
7.943e-11 1.014e+50 1.025e+30 1.027e-27 1.351e-15 8.488e-15
8.913e-11 8.531e+49 1.086e+30 1.088e-27 1.431e-15 8.991e-15
1.000e-10 7.178e+49 1.150e+30 1.152e-27 1.516e-15 9.524e-15
1.122e-10 6.040e+49 1.218e+30 1.220e-27 1.606e-15 1.009e-14
1.259e-10 5.082e+49 1.290e+30 1.293e-27 1.701e-15 1.069e-14
1.413e-10 4.276e+49 1.367e+30 1.369e-27 1.801e-15 1.132e-14
1.585e-10 3.598e+49 1.448e+30 1.450e-27 1.908e-15 1.199e-14
1.778e-10 3.027e+49 1.534e+30 1.536e-27 2.021e-15 1.270e-14
1.995e-10 2.547e+49 1.625e+30 1.627e-27 2.141e-15 1.345e-14
2.239e-10 2.143e+49 1.721e+30 1.724e-27 2.268e-15 1.425e-14
2.512e-10 1.803e+49 1.823e+30 1.826e-27 2.402e-15 1.509e-14
2.818e-10 1.517e+49 1.931e+30 1.934e-27 2.545e-15 1.599e-14
3.162e-10 1.276e+49 2.045e+30 2.049e-27 2.695e-15 1.694e-14
3.548e-10 1.074e+49 2.166e+30 2.170e-27 2.855e-15 1.794e-14
3.981e-10 9.037e+48 2.295e+30 2.299e-27 3.024e-15 1.900e-14
4.467e-10 7.604e+48 2.431e+30 2.435e-27 3.203e-15 2.013e-14
5.012e-10 6.398e+48 2.575e+30 2.579e-27 3.393e-15 2.132e-14
5.623e-10 5.383e+48 2.727e+30 2.732e-27 3.594e-15 2.258e-14
6.310e-10 4.529e+48 2.889e+30 2.894e-27 3.807e-15 2.392e-14
7.079e-10 3.811e+48 3.060e+30 3.065e-27 4.033e-15 2.534e-14
7.943e-10 3.206e+48 3.241e+30 3.247e-27 4.272e-15 2.684e-14
8.913e-10 2.698e+48 3.433e+30 3.439e-27 4.525e-15 2.843e-14
1.000e-09 2.270e+48 3.637e+30 3.643e-27 4.793e-15 3.012e-14
1.122e-09 1.910e+48 3.852e+30 3.859e-27 5.077e-15 3.190e-14
1.259e-09 1.607e+48 4.081e+30 4.088e-27 5.378e-15 3.379e-14
1.413e-09 1.352e+48 4.322e+30 4.330e-27 5.697e-15 3.579e-14
1.585e-09 1.138e+48 4.578e+30 4.586e-27 6.034e-15 3.791e-14
1.778e-09 9.572e+47 4.850e+30 4.858e-27 6.392e-15 4.016e-14
1.995e-09 8.054e+47 5.137e+30 5.146e-27 6.770e-15 4.254e-14
2.239e-09 6.777e+47 5.442e+30 5.451e-27 7.171e-15 4.506e-14
2.512e-09 5.702e+47 5.764e+30 5.774e-27 7.596e-15 4.773e-14
2.818e-09 4.797e+47 6.105e+30 6.116e-27 8.046e-15 5.056e-14
3.162e-09 4.037e+47 6.467e+30 6.478e-27 8.523e-15 5.355e-14
3.548e-09 3.396e+47 6.850e+30 6.862e-27 9.028e-15 5.673e-14
3.981e-09 2.858e+47 7.256e+30 7.269e-27 9.563e-15 6.009e-14
4.467e-09 2.404e+47 7.686e+30 7.699e-27 1.013e-14 6.365e-14
5.012e-09 2.023e+47 8.142e+30 8.155e-27 1.073e-14 6.742e-14
5.623e-09 1.702e+47 8.624e+30 8.639e-27 1.137e-14 7.141e-14
6.310e-09 1.432e+47 9.135e+30 9.150e-27 1.204e-14 7.564e-14
7.079e-09 1.205e+47 9.676e+30 9.693e-27 1.275e-14 8.013e-14
7.943e-09 1.014e+47 1.025e+31 1.027e-26 1.351e-14 8.487e-14
8.913e-09 8.531e+46 1.086e+31 1.088e-26 1.431e-14 8.990e-14
1.000e-08 7.178e+46 1.150e+31 1.152e-26 1.516e-14 9.523e-14
1.122e-08 6.039e+46 1.218e+31 1.220e-26 1.605e-14 1.009e-13
1.259e-08 5.081e+46 1.290e+31 1.293e-26 1.701e-14 1.068e-13
1.413e-08 4.275e+46 1.367e+31 1.369e-26 1.801e-14 1.132e-13
1.585e-08 3.597e+46 1.448e+31 1.450e-26 1.908e-14 1.199e-13
1.778e-08 3.027e+46 1.534e+31 1.536e-26 2.021e-14 1.270e-13
1.995e-08 2.547e+46 1.624e+31 1.627e-26 2.141e-14 1.345e-13
2.239e-08 2.143e+46 1.721e+31 1.724e-26 2.268e-14 1.425e-13
2.512e-08 1.803e+46 1.823e+31 1.826e-26 2.402e-14 1.509e-13
2.818e-08 1.517e+46 1.931e+31 1.934e-26 2.544e-14 1.599e-13
3.162e-08 1.276e+46 2.045e+31 2.048e-26 2.695e-14 1.693e-13
3.548e-08 1.074e+46 2.166e+31 2.170e-26 2.855e-14 1.794e-13
3.981e-08 9.036e+45 2.294e+31 2.298e-26 3.024e-14 1.900e-13
4.467e-08 7.602e+45 2.430e+31 2.434e-26 3.203e-14 2.012e-13
5.012e-08 6.397e+45 2.574e+31 2.579e-26 3.393e-14 2.132e-13
5.623e-08 5.382e+45 2.727e+31 2.731e-26 3.594e-14 2.258e-13
6.310e-08 4.528e+45 2.888e+31 2.893e-26 3.807e-14 2.392e-13
7.079e-08 3.810e+45 3.059e+31 3.065e-26 4.032e-14 2.533e-13
7.943e-08 3.206e+45 3.241e+31 3.246e-26 4.271e-14 2.683e-13
8.913e-08 2.697e+45 3.433e+31 3.438e-26 4.524e-14 2.842e-13
1.000e-07 2.269e+45 3.636e+31 3.642e-26 4.792e-14 3.011e-13
1.122e-07 1.909e+45 3.851e+31 3.858e-26 5.076e-14 3.189e-13
1.259e-07 1.607e+45 4.080e+31 4.086e-26 5.376e-14 3.378e-13
1.413e-07 1.352e+45 4.321e+31 4.328e-26 5.695e-14 3.578e-13
1.585e-07 1.137e+45 4.577e+31 4.585e-26 6.032e-14 3.790e-13
1.778e-07 9.569e+44 4.848e+31 4.856e-26 6.390e-14 4.015e-13
1.995e-07 8.051e+44 5.135e+31 5.144e-26 6.768e-14 4.252e-13
2.239e-07 6.774e+44 5.440e+31 5.449e-26 7.169e-14 4.504e-13
2.512e-07 5.700e+44 5.762e+31 5.772e-26 7.593e-14 4.771e-13
2.818e-07 4.795e+44 6.103e+31 6.113e-26 8.043e-14 5.054e-13
3.162e-07 4.035e+44 6.464e+31 6.475e-26 8.520e-14 5.353e-13
3.548e-07 3.395e+44 6.847e+31 6.859e-26 9.024e-14 5.670e-13
3.981e-07 2.856e+44 7.253e+31 7.265e-26 9.559e-14 6.006e-13
4.467e-07 2.403e+44 7.682e+31 7.695e-26 1.012e-13 6.362e-13
5.012e-07 2.022e+44 8.137e+31 8.151e-26 1.072e-13 6.738e-13
5.623e-07 1.701e+44 8.619e+31 8.634e-26 1.136e-13 7.137e-13
6.310e-07 1.431e+44 9.130e+31 9.145e-26 1.203e-13 7.560e-13
7.079e-07 1.204e+44 9.670e+31 9.686e-26 1.274e-13 8.008e-13
7.943e-07 1.013e+44 1.024e+32 1.026e-25 1.350e-13 8.482e-13
8.913e-07 8.525e+43 1.085e+32 1.087e-25 1.430e-13 8.984e-13
1.000e-06 7.172e+43 1.149e+32 1.151e-25 1.514e-13 9.516e-13
1.122e-06 6.034e+43 1.217e+32 1.219e-25 1.604e-13 1.008e-12
1.259e-06 5.077e+43 1.289e+32 1.291e-25 1.699e-13 1.068e-12
1.413e-06 4.272e+43 1.366e+32 1.368e-25 1.800e-13 1.131e-12
1.585e-06 3.594e+43 1.446e+32 1.449e-25 1.906e-13 1.198e-12
1.778e-06 3.024e+43 1.532e+32 1.535e-25 2.019e-13 1.269e-12
1.995e-06 2.544e+43 1.623e+32 1.625e-25 2.138e-13 1.344e-12
2.239e-06 2.140e+43 1.719e+32 1.722e-25 2.265e-13 1.423e-12
2.512e-06 1.801e+43 1.820e+32 1.823e-25 2.399e-13 1.507e-12
2.818e-06 1.515e+43 1.928e+32 1.931e-25 2.541e-13 1.597e-12
3.162e-06 1.275e+43 2.042e+32 2.046e-25 2.691e-13 1.691e-12
3.548e-06 1.072e+43 2.163e+32 2.167e-25 2.851e-13 1.791e-12
3.981e-06 9.022e+42 2.291e+32 2.295e-25 3.019e-13 1.897e-12
4.467e-06 7.590e+42 2.426e+32 2.430e-25 3.198e-13 2.009e-12
5.012e-06 6.386e+42 2.570e+32 2.574e-25 3.387e-13 2.128e-12
5.623e-06 5.372e+42 2.722e+32 2.726e-25 3.587e-13 2.254e-12
6.310e-06 4.520e+42 2.883e+32 2.888e-25 3.799e-13 2.387e-12
7.079e-06 3.802e+42 3.053e+32 3.058e-25 4.024e-13 2.528e-12
7.943e-06 3.199e+42 3.234e+32 3.239e-25 4.262e-13 2.678e-12
8.913e-06 2.691e+42 3.425e+32 3.431e-25 4.514e-13 2.836e-12
1.000e-05 2.264e+42 3.627e+32 3.633e-25 4.780e-13 3.004e-12
1.122e-05 1.905e+42 3.841e+32 3.848e-25 5.063e-13 3.181e-12
1.259e-05 1.602e+42 4.068e+32 4.075e-25 5.362e-13 3.369e-12
1.413e-05 1.348e+42 4.309e+32 4.316e-25 5.678e-13 3.568e-12
1.585e-05 1.134e+42 4.563e+32 4.571e-25 6.014e-13 3.779e-12
1.778e-05 9.538e+41 4.833e+32 4.841e-25 6.369e-13 4.002e-12
1.995e-05 8.024e+41 5.118e+32 5.126e-25 6.745e-13 4.238e-12
2.239e-05 6.750e+41 5.420e+32 5.429e-25 7.143e-13 4.488e-12
2.512e-05 5.678e+41 5.740e+32 5.749e-25 7.564e-13 4.753e-12
2.818e-05 4.776e+41 6.078e+32 6.089e-25 8.011e-13 5.033e-12
3.162e-05 4.017e+41 6.437e+32 6.448e-25 8.483e-13 5.330e-12
3.548e-05 3.379e+41 6.816e+32 6.828e-25 8.983e-13 5.644e-12
3.981e-05 2.842e+41 7.218e+32 7.230e-25 9.512e-13 5.977e-12
4.467e-05 2.391e+41 7.643e+32 7.656e-25 1.007e-12 6.329e-12
5.012e-05 2.011e+41 8.093e+32 8.107e-25 1.067e-12 6.702e-12
5.623e-05 1.691e+41 8.570e+32 8.584e-25 1.129e-12 7.096e-12
6.310e-05 1.423e+41 9.074e+32 9.090e-25 1.196e-12 7.514e-12
7.079e-05 1.197e+41 9.608e+32 9.624e-25 1.266e-12 7.956e-12
7.943e-05 1.006e+41 1.017e+33 1.019e-24 1.341e-12 8.424e-12
8.913e-05 8.463e+40 1.077e+33 1.079e-24 1.419e-12 8.919e-12
1.000e-04 7.117e+40 1.140e+33 1.142e-24 1.503e-12 9.443e-12
1.122e-04 5.986e+40 1.207e+33 1.209e-24 1.591e-12 9.997e-12
1.259e-04 5.033e+40 1.278e+33 1.280e-24 1.684e-12 1.058e-11
1.413e-04 4.233e+40 1.353e+33 1.355e-24 1.783e-12 1.120e-11
1.585e-04 3.559e+40 1.432e+33 1.435e-24 1.888e-12 1.186e-11
1.778e-04 2.993e+40 1.516e+33 1.519e-24 1.998e-12 1.256e-11
1.995e-04 2.516e+40 1.605e+33 1.608e-24 2.115e-12 1.329e-11
2.239e-04 2.116e+40 1.699e+33 1.702e-24 2.239e-12 1.407e-11
2.512e-04 1.779e+40 1.798e+33 1.801e-24 2.370e-12 1.489e-11
2.818e-04 1.495e+40 1.903e+33 1.906e-24 2.508e-12 1.576e-11
3.162e-04 1.257e+40 2.014e+33 2.017e-24 2.654e-12 1.668e-11
3.548e-04 1.057e+40 2.131e+33 2.135e-24 2.809e-12 1.765e-11
3.981e-04 8.881e+39 2.255e+33 2.259e-24 2.972e-12 1.868e-11
4.467e-04 7.465e+39 2.386e+33 2.390e-24 3.145e-12 1.976e-11
5.012e-04 6.273e+39 2.525e+33 2.529e-24 3.327e-12 2.091e-11
5.623e-04 5.272e+39 2.671e+33 2.676e-24 3.520e-12 2.212e-11
6.310e-04 4.430e+39 2.826e+33 2.830e-24 3.724e-12 2.340e-11
7.079e-04 3.722e+39 2.989e+33 2.994e-24 3.939e-12 2.475e-11
7.943e-04 3.127e+39 3.161e+33 3.166e-24 4.166e-12 2.618e-11
8.913e-04 2.627e+39 3.343e+33 3.349e-24 4.406e-12 2.768e-11
1.000e-03 2.206e+39 3.535e+33 3.541e-24 4.659e-12 2.927e-11
1.122e-03 1.853e+39 3.737e+33 3.744e-24 4.925e-12 3.095e-11
1.259e-03 1.556e+39 3.951e+33 3.957e-24 5.207e-12 3.271e-11
1.413e-03 1.306e+39 4.176e+33 4.183e-24 5.503e-12 3.458e-11
1.585e-03 1.097e+39 4.413e+33 4.420e-24 5.816e-12 3.654e-11
1.778e-03 9.203e+38 4.663e+33 4.671e-24 6.145e-12 3.861e-11
1.995e-03 7.722e+38 4.926e+33 4.934e-24 6.492e-12 4.079e-11
2.239e-03 6.479e+38 5.202e+33 5.211e-24 6.856e-12 4.308e-11
2.512e-03 5.434e+38 5.493e+33 5.502e-24 7.240e-12 4.549e-11
2.818e-03 4.556e+38 5.799e+33 5.809e-24 7.642e-12 4.802e-11
3.162e-03 3.820e+38 6.120e+33 6.130e-24 8.065e-12 5.067e-11
3.548e-03 3.201e+38 6.456e+33 6.467e-24 8.509e-12 5.346e-11
3.981e-03 2.681e+38 6.809e+33 6.820e-24 8.973e-12 5.638e-11
4.467e-03 2.245e+38 7.178e+33 7.190e-24 9.460e-12 5.944e-11
5.012e-03 1.879e+38 7.564e+33 7.577e-24 9.968e-12 6.263e-11
5.623e-03 1.572e+38 7.967e+33 7.980e-24 1.050e-11 6.597e-11
6.310e-03 1.315e+38 8.386e+33 8.401e-24 1.105e-11 6.945e-11
7.079e-03 1.099e+38 8.823e+33 8.838e-24 1.163e-11 7.306e-11
7.943e-03 9.177e+37 9.277e+33 9.293e-24 1.223e-11 7.682e-11
8.913e-03 7.659e+37 9.747e+33 9.763e-24 1.285e-11 8.071e-11
1.000e-02 6.387e+37 1.023e+34 1.025e-23 1.349e-11 8.473e-11
1.122e-02 5.321e+37 1.073e+34 1.075e-23 1.415e-11 8.888e-11
1.259e-02 4.429e+37 1.125e+34 1.127e-23 1.482e-11 9.313e-11
1.413e-02 3.683e+37 1.177e+34 1.179e-23 1.552e-11 9.748e-11
1.585e-02 3.058e+37 1.231e+34 1.233e-23 1.622e-11 1.019e-10
1.778e-02 2.536e+37 1.285e+34 1.287e-23 1.694e-11 1.064e-10
1.995e-02 2.100e+37 1.340e+34 1.342e-23 1.766e-11 1.109e-10
2.239e-02 1.736e+37 1.394e+34 1.397e-23 1.838e-11 1.155e-10
2.512e-02 1.433e+37 1.449e+34 1.451e-23 1.909e-11 1.200e-10
2.818e-02 1.180e+37 1.502e+34 1.504e-23 1.979e-11 1.244e-10
3.162e-02 9.698e+36 1.554e+34 1.556e-23 2.048e-11 1.287e-10
3.548e-02 7.949e+36 1.603e+34 1.606e-23 2.113e-11 1.328e-10
3.981e-02 6.499e+36 1.650e+34 1.653e-23 2.175e-11 1.366e-10
4.467e-02 5.297e+36 1.693e+34 1.696e-23 2.232e-11 1.402e-10
5.012e-02 4.304e+36 1.732e+34 1.735e-23 2.283e-11 1.434e-10
5.623e-02 3.484e+36 1.765e+34 1.768e-23 2.327e-11 1.462e-10
6.310e-02 2.810e+36 1.793e+34 1.796e-23 2.362e-11 1.484e-10
7.079e-02 2.258e+36 1.813e+34 1.816e-23 2.389e-11 1.501e-10
7.943e-02 1.806e+36 1.826e+34 1.829e-23 2.406e-11 1.512e-10
8.913e-02 1.438e+36 1.830e+34 1.834e-23 2.412e-11 1.516e-10
1.000e-01 1.140e+36 1.827e+34 1.830e-23 2.408e-11 1.513e-10
1.122e-01 9.000e+35 1.815e+34 1.818e-23 2.392e-11 1.503e-10
1.259e-01 7.073e+35 1.796e+34 1.799e-23 2.367e-11 1.487e-10
1.413e-01 5.535e+35 1.770e+34 1.773e-23 2.332e-11 1.465e-10
1.585e-01 4.316e+35 1.737e+34 1.740e-23 2.289e-11 1.438e-10
1.778e-01 3.355e+35 1.700e+34 1.703e-23 2.240e-11 1.407e-10
1.995e-01 2.601e+35 1.659e+34 1.662e-23 2.186e-11 1.374e-10
2.239e-01 2.011e+35 1.615e+34 1.618e-23 2.129e-11 1.337e-10
2.512e-01 1.553e+35 1.570e+34 1.572e-23 2.069e-11 1.300e-10
2.818e-01 1.197e+35 1.523e+34 1.526e-23 2.007e-11 1.261e-10
3.162e-01 9.211e+34 1.476e+34 1.478e-23 1.945e-11 1.222e-10
3.548e-01 7.077e+34 1.428e+34 1.430e-23 1.881e-11 1.182e-10
3.981e-01 5.429e+34 1.379e+34 1.381e-23 1.817e-11 1.142e-10
4.467e-01 4.158e+34 1.329e+34 1.331e-23 1.752e-11 1.101e-10
5.012e-01 3.179e+34 1.279e+34 1.281e-23 1.686e-11 1.059e-10
5.623e-01 2.426e+34 1.229e+34 1.231e-23 1.620e-11 1.018e-10
6.310e-01 1.848e+34 1.179e+34 1.181e-23 1.553e-11 9.760e-11
7.079e-01 1.405e+34 1.128e+34 1.130e-23 1.487e-11 9.341e-11
7.943e-01 1.066e+34 1.077e+34 1.079e-23 1.420e-11 8.922e-11
8.913e-01 8.070e+33 1.027e+34 1.029e-23 1.354e-11 8.504e-11
1.000e+00 6.097e+33 9.768e+33 9.785e-24 1.287e-11 8.089e-11
1.122e+00 4.596e+33 9.270e+33 9.286e-24 1.222e-11 7.676e-11
1.259e+00 3.456e+33 8.777e+33 8.792e-24 1.157e-11 7.268e-11
1.413e+00 2.593e+33 8.290e+33 8.304e-24 1.093e-11 6.865e-11
1.585e+00 1.941e+33 7.811e+33 7.824e-24 1.029e-11 6.468e-11
1.778e+00 1.449e+33 7.341e+33 7.353e-24 9.675e-12 6.079e-11
1.995e+00 1.079e+33 6.881e+33 6.892e-24 9.068e-12 5.698e-11
2.239e+00 8.009e+32 6.431e+33 6.442e-24 8.476e-12 5.326e-11
2.512e+00 5.930e+32 5.994e+33 6.004e-24 7.900e-12 4.964e-11
2.818e+00 4.377e+32 5.570e+33 5.580e-24 7.341e-12 4.613e-11
3.162e+00 3.221e+32 5.161e+33 5.170e-24 6.802e-12 4.274e-11
3.548e+00 2.363e+32 4.766e+33 4.774e-24 6.281e-12 3.947e-11
3.981e+00 1.727e+32 4.386e+33 4.394e-24 5.781e-12 3.632e-11
4.467e+00 1.258e+32 4.023e+33 4.030e-24 5.302e-12 3.331e-11
5.012e+00 9.133e+31 3.676e+33 3.682e-24 4.844e-12 3.044e-11
5.623e+00 6.604e+31 3.346e+33 3.352e-24 4.410e-12 2.771e-11
6.310e+00 4.758e+31 3.035e+33 3.040e-24 4.000e-12 2.513e-11
7.079e+00 3.415e+31 2.743e+33 2.747e-24 3.614e-12 2.271e-11
7.943e+00 2.442e+31 2.469e+33 2.473e-24 3.254e-12 2.044e-11
8.913e+00 1.739e+31 2.213e+33 2.217e-24 2.917e-12 1.833e-11
1.000e+01 1.233e+31 1.975e+33 1.979e-24 2.603e-12 1.636e-11
1.122e+01 8.694e+30 1.754e+33 1.757e-24 2.311e-12 1.452e-11
1.259e+01 6.093e+30 1.547e+33 1.550e-24 2.039e-12 1.281e-11
1.413e+01 4.242e+30 1.356e+33 1.358e-24 1.787e-12 1.123e-11
1.585e+01 2.931e+30 1.180e+33 1.182e-24 1.555e-12 9.768e-12
1.778e+01 2.010e+30 1.018e+33 1.020e-24 1.342e-12 8.434e-12
1.995e+01 1.368e+30 8.728e+32 8.743e-25 1.150e-12 7.228e-12
2.239e+01 9.251e+29 7.429e+32 7.441e-25 9.790e-13 6.151e-12
2.512e+01 6.217e+29 6.285e+32 6.295e-25 8.282e-13 5.204e-12
2.818e+01 4.157e+29 5.290e+32 5.299e-25 6.972e-13 4.380e-12
3.162e+01 2.767e+29 4.434e+32 4.441e-25 5.843e-13 3.672e-12
3.548e+01 1.836e+29 3.702e+32 3.709e-25 4.879e-13 3.066e-12
3.981e+01 1.213e+29 3.080e+32 3.085e-25 4.059e-13 2.550e-12
4.467e+01 7.975e+28 2.549e+32 2.554e-25 3.360e-13 2.111e-12
5.012e+01 5.212e+28 2.097e+32 2.101e-25 2.764e-13 1.737e-12
5.623e+01 3.379e+28 1.712e+32 1.715e-25 2.256e-13 1.417e-12
6.310e+01 2.168e+28 1.383e+32 1.385e-25 1.822e-13 1.145e-12
7.079e+01 1.373e+28 1.103e+32 1.105e-25 1.454e-13 9.133e-13
7.943e+01 8.573e+27 8.666e+31 8.681e-26 1.142e-13 7.176e-13
8.913e+01 5.259e+27 6.693e+31 6.705e-26 8.821e-14 5.542e-13
1.000e+02 3.164e+27 5.069e+31 5.078e-26 6.681e-14 4.198e-13
1.122e+02 1.863e+27 3.757e+31 3.763e-26 4.951e-14 3.111e-13
1.259e+02 1.071e+27 2.718e+31 2.723e-26 3.583e-14 2.251e-13
1.413e+02 5.995e+26 1.916e+31 1.920e-26 2.526e-14 1.587e-13
1.585e+02 3.263e+26 1.313e+31 1.315e-26 1.731e-14 1.087e-13
1.778e+02 1.722e+26 8.726e+30 8.741e-27 1.150e-14 7.226e-14
1.995e+02 8.791e+25 5.607e+30 5.617e-27 7.390e-15 4.643e-14
2.239e+02 4.328e+25 3.475e+30 3.481e-27 4.580e-15 2.878e-14
2.512e+02 2.048e+25 2.070e+30 2.074e-27 2.728e-15 1.714e-14
2.818e+02 9.284e+24 1.181e+30 1.183e-27 1.557e-15 9.784e-15
3.162e+02 4.016e+24 6.434e+29 6.445e-28 8.479e-16 5.328e-15
3.548e+02 1.650e+24 3.328e+29 3.334e-28 4.386e-16 2.756e-15
3.981e+02 6.408e+23 1.627e+29 1.630e-28 2.144e-16 1.347e-15
4.467e+02 2.338e+23 7.474e+28 7.487e-29 9.851e-17 6.189e-16
5.012e+02 7.960e+22 3.204e+28 3.209e-29 4.222e-17 2.653e-16
5.623e+02 2.506e+22 1.270e+28 1.272e-29 1.673e-17 1.051e-16
6.310e+02 7.195e+21 4.589e+27 4.597e-30 6.048e-18 3.800e-17
7.079e+02 1.835e+21 1.473e+27 1.476e-30 1.942e-18 1.220e-17
7.943e+02 3.857e+20 3.899e+26 3.905e-31 5.138e-19 3.228e-18
8.913e+02 4.800e+19 6.109e+25 6.119e-32 8.051e-20 5.059e-19
1.000e+03 0.000e+00 0.000e+00 0.000e+00 0.000e+00 0.000e+00
1.122e+03 0.000e+00 0.000e+00 0.000e+00 0.000e+00 0.000e+00
1.259e+03 0.000e+00 0.000e+00 0.000e+00 0.000e+00 0.000e+00
1.413e+03 0.000e+00 0.000e+00 0.000e+00 0.000e+00 0.000e+00
1.585e+03 0.000e+00 0.000e+00 0.000e+00 0.000e+00 0.000e+00
1.778e+03 0.000e+00 0.000e+00 0.000e+00 0.000e+00 0.000e+00
1.995e+03 0.000e+00 0.000e+00 0.000e+00 0.000e+00 0.000e+00
2.239e+03 0.000e+00 0.000e+00 0.000e+00 0.000e+00 0.000e+00
2.512e+03 0.000e+00 0.000e+00 0.000e+00 0.000e+00 0.000e+00
2.818e+03 0.000e+00 0.000e+00 0.000e+00 0.000e+00 0.000e+00
3.162e+03 0.000e+00 0.000e+00 0.000e+00 0.000e+00 0.000e+00
3.548e+03 0.000e+00 0.000e+00 0.000e+00 0.000e+00 0.000e+00
3.981e+03 0.000e+00 0.000e+00 0.000e+00 0.000e+00 0.000e+00
4.467e+03 0.000e+00 0.000e+00 0.000e+00 0.000e+00 0.000e+00
5.012e+03 0.000e+00 0.000e+00 0.000e+00 0.000e+00 0.000e+00
5.623e+03 0.000e+00 0.000e+00 0.000e+00 0.000e+00 0.000e+00
6.310e+03 0.000e+00 0.000e+00 0.000e+00 0.000e+00 0.000e+00
7.079e+03 0.000e+00 0.000e+00 0.000e+00 0.000e+00 0.000e+00
7.943e+03 0.000e+00 0.000e+00 0.000e+00 0.000e+00 0.000e+00
8.913e+03 0.000e+00 0.000e+00 0.000e+00 0.000e+00 0.000e+00
1.000e+04 0.000e+00 0.000e+00 0.000e+00 0.000e+00 0.000e+00
1.122e+04 0.000e+00 0.000e+00 0.000e+00 0.000e+00 0.000e+00
1.259e+04 0.000e+00 0.000e+00 0.000e+00 0.000e+00 0.000e+00
1.413e+04 0.000e+00 0.000e+00 0.000e+00 0.000e+00 0.000e+00
1.585e+04 0.000e+00 0.000e+00 0.000e+00 0.000e+00 0.000e+00
1.778e+04 0.000e+00 0.000e+00 0.000e+00 0.000e+00 0.000e+00
1.995e+04 0.000e+00 0.000e+00 0.000e+00 0.000e+00 0.000e+00
2.239e+04 0.000e+00 0.000e+00 0.000e+00 0.000e+00 0.000e+00
2.512e+04 0.000e+00 0.000e+00 0.000e+00 0.000e+00 0.000e+00
2.818e+04 0.000e+00 0.000e+00 0.000e+00 0.000e+00 0.000e+00
3.162e+04 0.000e+00 0.000e+00 0.000e+00 0.000e+00 0.000e+00
3.548e+04 0.000e+00 0.000e+00 0.000e+00 0.000e+00 0.000e+00
3.981e+04 0.000e+00 0.000e+00 0.000e+00 0.000e+00 0.000e+00
4.467e+04 0.000e+00 0.000e+00 0.000e+00 0.000e+00 0.000e+00
5.012e+04 0.000e+00 0.000e+00 0.000e+00 0.000e+00 0.000e+00
5.623e+04 0.000e+00 0.000e+00 0.000e+00 0.000e+00 0.000e+00
6.310e+04 0.000e+00 0.000e+00 0.000e+00 0.000e+00 0.000e+00
7.079e+04 0.000e+00 0.000e+00 0.000e+00 0.000e+00 0.000e+00
7.943e+04 0.000e+00 0.000e+00 0.000e+00 0.000e+00 0.000e+00
8.913e+04 0.000e+00 0.000e+00 0.000e+00 0.000e+00 0.000e+00
1.000e+05 0.000e+00 0.000e+00 0.000e+00 0.000e+00 0.000e+00
1.122e+05 0.000e+00 0.000e+00 0.000e+00 0.000e+00 0.000e+00
1.259e+05 0.000e+00 0.000e+00 0.000e+00 0.000e+00 0.000e+00
1.413e+05 0.000e+00 0.000e+00 0.000e+00 0.000e+00 0.000e+00
1.585e+05 0.000e+00 0.000e+00 0.000e+00 0.000e+00 0.000e+00
1.778e+05 0.000e+00 0.000e+00 0.000e+00 0.000e+00 0.000e+00
1.995e+05 0.000e+00 0.000e+00 0.000e+00 0.000e+00 0.000e+00
2.239e+05 0.000e+00 0.000e+00 0.000e+00 0.000e+00 0.000e+00
2.512e+05 0.000e+00 0.000e+00 0.000e+00 0.000e+00 0.000e+00
2.818e+05 0.000e+00 0.000e+00 0.000e+00 0.000e+00 0.000e+00
3.162e+05 0.000e+00 0.000e+00 0.000e+00 0.000e+00 0.000e+00
3.548e+05 0.000e+00 0.000e+00 0.000e+00 0.000e+00 0.000e+00
3.981e+05 0.000e+00 0.000e+00 0.000e+00 0.000e+00 0.000e+00
4.467e+05 0.000e+00 0.000e+00 0.000e+00 0.000e+00 0.000e+00
5.012e+05 0.000e+00 0.000e+00 0.000e+00 0.000e+00 0.000e+00
5.623e+05 0.000e+00 0.000e+00 0.000e+00 0.000e+00 0.000e+00
6.310e+05 0.000e+00 0.000e+00 0.000e+00 0.000e+00 0.000e+00
7.079e+05 0.000e+00 0.000e+00 0.000e+00 0.000e+00 0.000e+00
7.943e+05 0.000e+00 0.000e+00 0.000e+00 0.000e+00 0.000e+00
8.913e+05 0.000e+00 0.000e+00 0.000e+00 0.000e+00 0.000e+00
1.000e+06 0.000e+00 0.000e+00 0.000e+00 0.000e+00 0.000e+00
1.122e+06 0.000e+00 0.000e+00 0.000e+00 0.000e+00 0.000e+00
1.259e+06 0.000e+00 0.000e+00 0.000e+00 0.000e+00 0.000e+00
1.413e+06 0.000e+00 0.000e+00 0.000e+00 0.000e+00 0.000e+00
1.585e+06 0.000e+00 0.000e+00 0.000e+00 0.000e+00 0.000e+00
1.778e+06 0.000e+00 0.000e+00 0.000e+00 0.000e+00 0.000e+00
1.995e+06 0.000e+00 0.000e+00 0.000e+00 0.000e+00 0.000e+00
2.239e+06 0.000e+00 0.000e+00 0.000e+00 0.000e+00 0.000e+00
2.512e+06 0.000e+00 0.000e+00 0.000e+00 0.000e+00 0.000e+00
2.818e+06 0.000e+00 0.000e+00 0.000e+00 0.000e+00 0.000e+00
3.162e+06 0.000e+00 0.000e+00 0.000e+00 0.000e+00 0.000e+00
3.548e+06 0.000e+00 0.000e+00 0.000e+00 0.000e+00 0.000e+00
3.981e+06 0.000e+00 0.000e+00 0.000e+00 0.000e+00 0.000e+00
4.467e+06 0.000e+00 0.000e+00 0.000e+00 0.000e+00 0.000e+00
5.012e+06 0.000e+00 0.000e+00 0.000e+00 0.000e+00 0.000e+00
5.623e+06 0.000e+00 0.000e+00 0.000e+00 0.000e+00 0.000e+00
6.310e+06 0.000e+00 0.000e+00 0.000e+00 0.000e+00 0.000e+00
7.079e+06 0.000e+00 0.000e+00 0.000e+00 0.000e+00 0.000e+00
7.943e+06 0.000e+00 0.000e+00 0.000e+00 0.000e+00 0.000e+00
8.913e+06 0.000e+00 0.000e+00 0.000e+00 0.000e+00 0.000e+00
1.000e+07 0.000e+00 0.000e+00 0.000e+00 0.000e+00 0.000e+00
1.122e+07 0.000e+00 0.000e+00 0.000e+00 0.000e+00 0.000e+00
1.259e+07 0.000e+00 0.000e+00 0.000e+00 0.000e+00 0.000e+00
1.413e+07 0.000e+00 0.000e+00 0.000e+00 0.000e+00 0.000e+00
1.585e+07 0.000e+00 0.000e+00 0.000e+00 0.000e+00 0.000e+00
1.778e+07 0.000e+00 0.000e+00 0.000e+00 0.000e+00 0.000e+00
1.995e+07 0.000e+00 0.000e+00 0.000e+00 0.000e+00 0.000e+00
2.239e+07 0.000e+00 0.000e+00 0.000e+00 0.000e+00 0.000e+00
2.512e+07 0.000e+00 0.000e+00 0.000e+00 0.000e+00 0.000e+00
2.818e+07 0.000e+00 0.000e+00 0.000e+00 0.000e+00 0.000e+00
3.162e+07 0.000e+00 0.000e+00 0.000e+00 0.000e+00 0.000e+00
3.548e+07 0.000e+00 0.000e+00 0.000e+00 0.000e+00 0.000e+00
3.981e+07 0.000e+00 0.000e+00 0.000e+00 0.000e+00 0.000e+00
4.467e+07 0.000e+00 0.000e+00 0.000e+00 0.000e+00 0.000e+00
5.012e+07 0.000e+00 0.000e+00 0.000e+00 0.000e+00 0.000e+00
5.623e+07 0.000e+00 0.000e+00 0.000e+00 0.000e+00 0.000e+00
6.310e+07 0.000e+00 0.000e+00 0.000e+00 0.000e+00 0.000e+00
7.079e+07 0.000e+00 0.000e+00 0.000e+00 0.000e+00 0.000e+00
7.943e+07 0.000e+00 0.000e+00 0.000e+00 0.000e+00 0.000e+00
8.913e+07 0.000e+00 0.000e+00 0.000e+00 0.000e+00 0.000e+00
1.000e+08 0.000e+00 0.000e+00 0.000e+00 0.000e+00 0.000e+00
