1.000e-20 1.113e+71 1.783e+31 1.786e-26 1.175e-14 1.477e-13
1.122e-20 9.365e+70 1.889e+31 1.892e-26 1.245e-14 1.564e-13
1.259e-20 7.879e+70 2.001e+31 2.004e-26 1.318e-14 1.657e-13
1.413e-20 6.630e+70 2.119e+31 2.123e-26 1.397e-14 1.755e-13
1.585e-20 5.578e+70 2.245e+31 2.249e-26 1.479e-14 1.859e-13
1.778e-20 4.693e+70 2.378e+31 2.382e-26 1.567e-14 1.969e-13
1.995e-20 3.949e+70 2.519e+31 2.523e-26 1.660e-14 2.086e-13
2.239e-20 3.323e+70 2.668e+31 2.673e-26 1.758e-14 2.209e-13
2.512e-20 2.796e+70 2.826e+31 2.831e-26 1.862e-14 2.340e-13
2.818e-20 2.352e+70 2.994e+31 2.999e-26 1.973e-14 2.479e-13
3.162e-20 1.979e+70 3.171e+31 3.176e-26 2.090e-14 2.626e-13
3.548e-20 1.665e+70 3.359e+31 3.365e-26 2.213e-14 2.781e-13
3.981e-20 1.401e+70 3.558e+31 3.564e-26 2.345e-14 2.946e-13
4.467e-20 1.179e+70 3.769e+31 3.775e-26 2.483e-14 3.121e-13
5.012e-20 9.920e+69 3.992e+31 3.999e-26 2.631e-14 3.306e-13
5.623e-20 8.346e+69 4.229e+31 4.236e-26 2.787e-14 3.502e-13
6.310e-20 7.023e+69 4.479e+31 4.487e-26 2.952e-14 3.709e-13
7.079e-20 5.909e+69 4.745e+31 4.753e-26 3.127e-14 3.929e-13
7.943e-20 4.972e+69 5.026e+31 5.034e-26 3.312e-14 4.162e-13
8.913e-20 4.183e+69 5.324e+31 5.333e-26 3.508e-14 4.408e-13
1.000e-19 3.520e+69 5.639e+31 5.649e-26 3.716e-14 4.669e-13
1.122e-19 2.961e+69 5.973e+31 5.983e-26 3.936e-14 4.946e-13
1.259e-19 2.492e+69 6.327e+31 6.338e-26 4.169e-14 5.239e-13
1.413e-19 2.096e+69 6.702e+31 6.713e-26 4.416e-14 5.550e-13
1.585e-19 1.764e+69 7.099e+31 7.111e-26 4.678e-14 5.879e-13
1.778e-19 1.484e+69 7.520e+31 7.532e-26 4.955e-14 6.227e-13
1.995e-19 1.249e+69 7.965e+31 7.979e-26 5.249e-14 6.596e-13
2.239e-19 1.051e+69 8.437e+31 8.452e-26 5.560e-14 6.987e-13
2.512e-19 8.841e+68 8.937e+31 8.952e-26 5.889e-14 7.401e-13
2.818e-19 7.439e+68 9.467e+31 9.483e-26 6.238e-14 7.839e-13
3.162e-19 6.259e+68 1.003e+32 1.004e-25 6.608e-14 8.304e-13
3.548e-19 5.266e+68 1.062e+32 1.064e-25 6.999e-14 8.796e-13
3.981e-19 4.431e+68 1.125e+32 1.127e-25 7.414e-14 9.317e-13
4.467e-19 3.728e+68 1.192e+32 1.194e-25 7.853e-14 9.869e-13
5.012e-19 3.137e+68 1.262e+32 1.265e-25 8.319e-14 1.045e-12
5.623e-19 2.639e+68 1.337e+32 1.339e-25 8.812e-14 1.107e-12
6.310e-19 2.221e+68 1.416e+32 1.419e-25 9.334e-14 1.173e-12
7.079e-19 1.868e+68 1.500e+32 1.503e-25 9.887e-14 1.242e-12
7.943e-19 1.572e+68 1.589e+32 1.592e-25 1.047e-13 1.316e-12
8.913e-19 1.323e+68 1.683e+32 1.686e-25 1.109e-13 1.394e-12
1.000e-18 1.113e+68 1.783e+32 1.786e-25 1.175e-13 1.477e-12
1.122e-18 9.365e+67 1.889e+32 1.892e-25 1.245e-13 1.564e-12
1.259e-18 7.879e+67 2.001e+32 2.004e-25 1.318e-13 1.657e-12
1.413e-18 6.630e+67 2.119e+32 2.123e-25 1.397e-13 1.755e-12
1.585e-18 5.578e+67 2.245e+32 2.249e-25 1.479e-13 1.859e-12
1.778e-18 4.693e+67 2.378e+32 2.382e-25 1.567e-13 1.969e-12
1.995e-18 3.949e+67 2.519e+32 2.523e-25 1.660e-13 2.086e-12
2.239e-18 3.323e+67 2.668e+32 2.673e-25 1.758e-13 2.209e-12
2.512e-18 2.796e+67 2.826e+32 2.831e-25 1.862e-13 2.340e-12
2.818e-18 2.352e+67 2.994e+32 2.999e-25 1.973e-13 2.479e-12
3.162e-18 1.979e+67 3.171e+32 3.176e-25 2.090e-13 2.626e-12
3.548e-18 1.665e+67 3.359e+32 3.365e-25 2.213e-13 2.781e-12
3.981e-18 1.401e+67 3.558e+32 3.564e-25 2.345e-13 2.946e-12
4.467e-18 1.179e+67 3.769e+32 3.775e-25 2.483e-13 3.121e-12
5.012e-18 9.919e+66 3.992e+32 3.999e-25 2.631e-13 3.306e-12
5.623e-18 8.346e+66 4.229e+32 4.236e-25 2.786e-13 3.502e-12
6.310e-18 7.022e+66 4.479e+32 4.487e-25 2.952e-13 3.709e-12
7.079e-18 5.909e+66 4.745e+32 4.753e-25 3.126e-13 3.929e-12
7.943e-18 4.971e+66 5.026e+32 5.034e-25 3.312e-13 4.162e-12
8.913e-18 4.183e+66 5.323e+32 5.332e-25 3.508e-13 4.408e-12
1.000e-17 3.520e+66 5.639e+32 5.648e-25 3.716e-13 4.669e-12
1.122e-17 2.961e+66 5.973e+32 5.983e-25 3.936e-13 4.946e-12
1.259e-17 2.492e+66 6.327e+32 6.338e-25 4.169e-13 5.239e-12
1.413e-17 2.096e+66 6.702e+32 6.713e-25 4.416e-13 5.550e-12
1.585e-17 1.764e+66 7.099e+32 7.111e-25 4.678e-13 5.878e-12
1.778e-17 1.484e+66 7.519e+32 7.532e-25 4.955e-13 6.227e-12
1.995e-17 1.249e+66 7.965e+32 7.979e-25 5.249e-13 6.596e-12
2.239e-17 1.051e+66 8.437e+32 8.451e-25 5.560e-13 6.986e-12
2.512e-17 8.840e+65 8.937e+32 8.952e-25 5.889e-13 7.400e-12
2.818e-17 7.438e+65 9.466e+32 9.482e-25 6.238e-13 7.839e-12
3.162e-17 6.259e+65 1.003e+33 1.004e-24 6.608e-13 8.303e-12
3.548e-17 5.266e+65 1.062e+33 1.064e-24 6.999e-13 8.795e-12
3.981e-17 4.431e+65 1.125e+33 1.127e-24 7.414e-13 9.316e-12
4.467e-17 3.728e+65 1.192e+33 1.194e-24 7.853e-13 9.868e-12
5.012e-17 3.137e+65 1.262e+33 1.264e-24 8.318e-13 1.045e-11
5.623e-17 2.639e+65 1.337e+33 1.339e-24 8.811e-13 1.107e-11
6.310e-17 2.221e+65 1.416e+33 1.419e-24 9.333e-13 1.173e-11
7.079e-17 1.868e+65 1.500e+33 1.503e-24 9.886e-13 1.242e-11
7.943e-17 1.572e+65 1.589e+33 1.592e-24 1.047e-12 1.316e-11
8.913e-17 1.323e+65 1.683e+33 1.686e-24 1.109e-12 1.394e-11
1.000e-16 1.113e+65 1.783e+33 1.786e-24 1.175e-12 1.476e-11
1.122e-16 9.363e+64 1.889e+33 1.892e-24 1.245e-12 1.564e-11
1.259e-16 7.878e+64 2.001e+33 2.004e-24 1.318e-12 1.657e-11
1.413e-16 6.629e+64 2.119e+33 2.123e-24 1.396e-12 1.755e-11
1.585e-16 5.577e+64 2.245e+33 2.248e-24 1.479e-12 1.859e-11
1.778e-16 4.693e+64 2.378e+33 2.382e-24 1.567e-12 1.969e-11
1.995e-16 3.948e+64 2.518e+33 2.523e-24 1.659e-12 2.085e-11
2.239e-16 3.322e+64 2.668e+33 2.672e-24 1.758e-12 2.209e-11
2.512e-16 2.795e+64 2.826e+33 2.830e-24 1.862e-12 2.340e-11
2.818e-16 2.352e+64 2.993e+33 2.998e-24 1.972e-12 2.478e-11
3.162e-16 1.979e+64 3.170e+33 3.176e-24 2.089e-12 2.625e-11
3.548e-16 1.665e+64 3.358e+33 3.364e-24 2.213e-12 2.781e-11
3.981e-16 1.401e+64 3.557e+33 3.563e-24 2.344e-12 2.945e-11
4.467e-16 1.179e+64 3.767e+33 3.774e-24 2.483e-12 3.120e-11
5.012e-16 9.916e+63 3.991e+33 3.997e-24 2.630e-12 3.304e-11
5.623e-16 8.343e+63 4.227e+33 4.234e-24 2.785e-12 3.500e-11
6.310e-16 7.019e+63 4.477e+33 4.485e-24 2.950e-12 3.707e-11
7.079e-16 5.906e+63 4.742e+33 4.750e-24 3.125e-12 3.927e-11
7.943e-16 4.969e+63 5.023e+33 5.031e-24 3.310e-12 4.159e-11
8.913e-16 4.180e+63 5.320e+33 5.329e-24 3.506e-12 4.406e-11
1.000e-15 3.517e+63 5.635e+33 5.645e-24 3.713e-12 4.666e-11
1.122e-15 2.959e+63 5.969e+33 5.979e-24 3.933e-12 4.943e-11
1.259e-15 2.490e+63 6.322e+33 6.333e-24 4.166e-12 5.235e-11
1.413e-15 2.095e+63 6.696e+33 6.708e-24 4.412e-12 5.545e-11
1.585e-15 1.762e+63 7.092e+33 7.104e-24 4.674e-12 5.873e-11
1.778e-15 1.483e+63 7.512e+33 7.525e-24 4.950e-12 6.220e-11
1.995e-15 1.247e+63 7.956e+33 7.970e-24 5.243e-12 6.588e-11
2.239e-15 1.049e+63 8.427e+33 8.441e-24 5.553e-12 6.978e-11
2.512e-15 8.829e+62 8.925e+33 8.940e-24 5.881e-12 7.391e-11
2.818e-15 7.428e+62 9.453e+33 9.469e-24 6.229e-12 7.828e-11
3.162e-15 6.249e+62 1.001e+34 1.003e-23 6.597e-12 8.290e-11
3.548e-15 5.257e+62 1.060e+34 1.062e-23 6.987e-12 8.780e-11
3.981e-15 4.422e+62 1.123e+34 1.125e-23 7.400e-12 9.299e-11
4.467e-15 3.720e+62 1.189e+34 1.191e-23 7.837e-12 9.848e-11
5.012e-15 3.130e+62 1.259e+34 1.262e-23 8.299e-12 1.043e-10
5.623e-15 2.633e+62 1.334e+34 1.336e-23 8.789e-12 1.104e-10
6.310e-15 2.215e+62 1.413e+34 1.415e-23 9.308e-12 1.170e-10
7.079e-15 1.863e+62 1.496e+34 1.498e-23 9.857e-12 1.239e-10
7.943e-15 1.567e+62 1.584e+34 1.587e-23 1.044e-11 1.312e-10
8.913e-15 1.318e+62 1.677e+34 1.680e-23 1.105e-11 1.389e-10
1.000e-14 1.108e+62 1.776e+34 1.779e-23 1.170e-11 1.471e-10
1.122e-14 9.323e+61 1.880e+34 1.884e-23 1.239e-11 1.557e-10
1.259e-14 7.841e+61 1.991e+34 1.994e-23 1.312e-11 1.649e-10
1.413e-14 6.594e+61 2.108e+34 2.112e-23 1.389e-11 1.746e-10
1.585e-14 5.545e+61 2.232e+34 2.236e-23 1.471e-11 1.848e-10
1.778e-14 4.663e+61 2.363e+34 2.367e-23 1.557e-11 1.956e-10
1.995e-14 3.921e+61 2.501e+34 2.505e-23 1.648e-11 2.071e-10
2.239e-14 3.297e+61 2.647e+34 2.652e-23 1.745e-11 2.192e-10
2.512e-14 2.772e+61 2.802e+34 2.807e-23 1.847e-11 2.320e-10
2.818e-14 2.330e+61 2.966e+34 2.971e-23 1.954e-11 2.456e-10
3.162e-14 1.959e+61 3.139e+34 3.144e-23 2.068e-11 2.599e-10
3.548e-14 1.647e+61 3.321e+34 3.327e-23 2.189e-11 2.750e-10
3.981e-14 1.384e+61 3.514e+34 3.520e-23 2.316e-11 2.910e-10
4.467e-14 1.163e+61 3.718e+34 3.724e-23 2.450e-11 3.079e-10
5.012e-14 9.772e+60 3.933e+34 3.940e-23 2.592e-11 3.257e-10
5.623e-14 8.210e+60 4.160e+34 4.167e-23 2.741e-11 3.445e-10
6.310e-14 6.897e+60 4.399e+34 4.407e-23 2.899e-11 3.643e-10
7.079e-14 5.793e+60 4.652e+34 4.660e-23 3.065e-11 3.852e-10
7.943e-14 4.865e+60 4.918e+34 4.926e-23 3.241e-11 4.072e-10
8.913e-14 4.084e+60 5.198e+34 5.207e-23 3.425e-11 4.304e-10
1.000e-13 3.429e+60 5.493e+34 5.503e-23 3.620e-11 4.549e-10
1.122e-13 2.877e+60 5.804e+34 5.814e-23 3.824e-11 4.806e-10
1.259e-13 2.414e+60 6.130e+34 6.141e-23 4.040e-11 5.076e-10
1.413e-13 2.025e+60 6.474e+34 6.485e-23 4.266e-11 5.361e-10
1.585e-13 1.698e+60 6.834e+34 6.846e-23 4.503e-11 5.659e-10
1.778e-13 1.424e+60 7.212e+34 7.225e-23 4.753e-11 5.972e-10
1.995e-13 1.193e+60 7.609e+34 7.622e-23 5.014e-11 6.301e-10
2.239e-13 9.992e+59 8.024e+34 8.037e-23 5.287e-11 6.644e-10
2.512e-13 8.367e+59 8.458e+34 8.472e-23 5.573e-11 7.004e-10
2.818e-13 7.002e+59 8.911e+34 8.926e-23 5.872e-11 7.379e-10
3.162e-13 5.857e+59 9.384e+34 9.400e-23 6.184e-11 7.771e-10
3.548e-13 4.897e+59 9.877e+34 9.893e-23 6.508e-11 8.178e-10
3.981e-13 4.091e+59 1.039e+35 1.041e-22 6.846e-11 8.602e-10
4.467e-13 3.416e+59 1.092e+35 1.094e-22 7.196e-11 9.043e-10
5.012e-13 2.850e+59 1.147e+35 1.149e-22 7.558e-11 9.498e-10
5.623e-13 2.376e+59 1.204e+35 1.206e-22 7.933e-11 9.969e-10
6.310e-13 1.979e+59 1.262e+35 1.265e-22 8.319e-11 1.045e-09
7.079e-13 1.647e+59 1.323e+35 1.325e-22 8.716e-11 1.095e-09
7.943e-13 1.370e+59 1.384e+35 1.387e-22 9.123e-11 1.146e-09
8.913e-13 1.137e+59 1.447e+35 1.450e-22 9.538e-11 1.199e-09
1.000e-12 9.435e+58 1.512e+35 1.514e-22 9.961e-11 1.252e-09
1.122e-12 inf inf inf inf inf
1.259e-12 inf inf inf inf inf
1.413e-12 inf inf inf inf inf
1.585e-12 inf inf inf inf inf
1.778e-12 inf inf inf inf inf
1.995e-12 inf inf inf inf inf
2.239e-12 inf inf inf inf inf
2.512e-12 inf inf inf inf inf
2.818e-12 inf inf inf inf inf
3.162e-12 inf inf inf inf inf
3.548e-12 inf inf inf inf inf
3.981e-12 inf inf inf inf inf
4.467e-12 inf inf inf inf inf
5.012e-12 inf inf inf inf inf
5.623e-12 inf inf inf inf inf
6.310e-12 inf inf inf inf inf
7.079e-12 inf inf inf inf inf
7.943e-12 inf inf inf inf inf
8.913e-12 inf inf inf inf inf
1.000e-11 inf inf inf inf inf
1.122e-11 inf inf inf inf inf
1.259e-11 inf inf inf inf inf
1.413e-11 inf inf inf inf inf
1.585e-11 inf inf inf inf inf
1.778e-11 inf inf inf inf inf
1.995e-11 inf inf inf inf inf
2.239e-11 inf inf inf inf inf
2.512e-11 inf inf inf inf inf
2.818e-11 inf inf inf inf inf
3.162e-11 inf inf inf inf inf
3.548e-11 inf inf inf inf inf
3.981e-11 inf inf inf inf inf
4.467e-11 inf inf inf inf inf
5.012e-11 inf inf inf inf inf
5.623e-11 inf inf inf inf inf
6.310e-11 inf inf inf inf inf
7.079e-11 inf inf inf inf inf
7.943e-11 inf inf inf inf inf
8.913e-11 inf inf inf inf inf
1.000e-10 inf inf inf inf inf
1.122e-10 inf inf inf inf inf
1.259e-10 inf inf inf inf inf
1.413e-10 inf inf inf inf inf
1.585e-10 inf inf inf inf inf
1.778e-10 inf inf inf inf inf
1.995e-10 inf inf inf inf inf
2.239e-10 inf inf inf inf inf
2.512e-10 inf inf inf inf inf
2.818e-10 inf inf inf inf inf
3.162e-10 inf inf inf inf inf
3.548e-10 1.168e+54 2.355e+35 2.359e-22 1.552e-10 1.950e-09
3.981e-10 9.241e+53 2.347e+35 2.351e-22 1.546e-10 1.943e-09
4.467e-10 7.313e+53 2.338e+35 2.342e-22 1.540e-10 1.936e-09
5.012e-10 5.785e+53 2.328e+35 2.332e-22 1.534e-10 1.928e-09
5.623e-10 4.576e+53 2.319e+35 2.323e-22 1.528e-10 1.920e-09
6.310e-10 3.619e+53 2.308e+35 2.312e-22 1.521e-10 1.912e-09
7.079e-10 2.862e+53 2.298e+35 2.302e-22 1.514e-10 1.903e-09
7.943e-10 2.262e+53 2.287e+35 2.291e-22 1.507e-10 1.894e-09
8.913e-10 1.788e+53 2.276e+35 2.279e-22 1.500e-10 1.884e-09
1.000e-09 1.413e+53 2.264e+35 2.268e-22 1.492e-10 1.875e-09
1.122e-09 1.116e+53 2.252e+35 2.255e-22 1.484e-10 1.864e-09
1.259e-09 8.816e+52 2.239e+35 2.243e-22 1.475e-10 1.854e-09
1.413e-09 6.962e+52 2.225e+35 2.229e-22 1.467e-10 1.843e-09
1.585e-09 5.496e+52 2.212e+35 2.215e-22 1.457e-10 1.831e-09
1.778e-09 4.337e+52 2.197e+35 2.201e-22 1.448e-10 1.820e-09
1.995e-09 3.422e+52 2.183e+35 2.186e-22 1.438e-10 1.807e-09
2.239e-09 2.699e+52 2.167e+35 2.171e-22 1.428e-10 1.795e-09
2.512e-09 2.128e+52 2.151e+35 2.155e-22 1.418e-10 1.781e-09
2.818e-09 1.678e+52 2.135e+35 2.139e-22 1.407e-10 1.768e-09
3.162e-09 1.322e+52 2.118e+35 2.121e-22 1.396e-10 1.754e-09
3.548e-09 1.041e+52 2.100e+35 2.104e-22 1.384e-10 1.739e-09
3.981e-09 8.199e+51 2.082e+35 2.085e-22 1.372e-10 1.724e-09
4.467e-09 6.453e+51 2.063e+35 2.066e-22 1.359e-10 1.708e-09
5.012e-09 5.077e+51 2.043e+35 2.047e-22 1.347e-10 1.692e-09
5.623e-09 3.993e+51 2.023e+35 2.027e-22 1.333e-10 1.675e-09
6.310e-09 3.139e+51 2.002e+35 2.006e-22 1.319e-10 1.658e-09
7.079e-09 2.467e+51 1.981e+35 1.984e-22 1.305e-10 1.640e-09
7.943e-09 1.938e+51 1.959e+35 1.962e-22 1.291e-10 1.622e-09
8.913e-09 1.521e+51 1.936e+35 1.939e-22 1.276e-10 1.603e-09
1.000e-08 1.194e+51 1.912e+35 1.915e-22 1.260e-10 1.583e-09
1.122e-08 9.360e+50 1.888e+35 1.891e-22 1.244e-10 1.563e-09
1.259e-08 7.337e+50 1.863e+35 1.866e-22 1.228e-10 1.543e-09
1.413e-08 5.748e+50 1.837e+35 1.840e-22 1.211e-10 1.521e-09
1.585e-08 4.500e+50 1.811e+35 1.814e-22 1.193e-10 1.500e-09
1.778e-08 3.521e+50 1.784e+35 1.787e-22 1.176e-10 1.477e-09
1.995e-08 2.753e+50 1.756e+35 1.759e-22 1.157e-10 1.454e-09
2.239e-08 2.152e+50 1.728e+35 1.731e-22 1.138e-10 1.431e-09
2.512e-08 1.680e+50 1.698e+35 1.701e-22 1.119e-10 1.406e-09
2.818e-08 1.311e+50 1.669e+35 1.671e-22 1.100e-10 1.382e-09
3.162e-08 1.022e+50 1.638e+35 1.641e-22 1.079e-10 1.356e-09
3.548e-08 7.967e+49 1.607e+35 1.610e-22 1.059e-10 1.331e-09
3.981e-08 6.202e+49 1.575e+35 1.578e-22 1.038e-10 1.304e-09
4.467e-08 4.825e+49 1.542e+35 1.545e-22 1.016e-10 1.277e-09
5.012e-08 3.750e+49 1.509e+35 1.512e-22 9.946e-11 1.250e-09
5.623e-08 2.912e+49 1.476e+35 1.478e-22 9.723e-11 1.222e-09
6.310e-08 2.260e+49 1.441e+35 1.444e-22 9.497e-11 1.193e-09
7.079e-08 1.751e+49 1.406e+35 1.409e-22 9.268e-11 1.165e-09
7.943e-08 1.356e+49 1.371e+35 1.373e-22 9.034e-11 1.135e-09
8.913e-08 1.049e+49 1.335e+35 1.337e-22 8.798e-11 1.106e-09
1.000e-07 8.106e+48 1.299e+35 1.301e-22 8.558e-11 1.075e-09
1.122e-07 6.257e+48 1.262e+35 1.264e-22 8.316e-11 1.045e-09
1.259e-07 4.824e+48 1.225e+35 1.227e-22 8.071e-11 1.014e-09
1.413e-07 3.714e+48 1.187e+35 1.189e-22 7.824e-11 9.833e-10
1.585e-07 2.857e+48 1.150e+35 1.152e-22 7.576e-11 9.520e-10
1.778e-07 2.194e+48 1.112e+35 1.114e-22 7.325e-11 9.205e-10
1.995e-07 1.683e+48 1.073e+35 1.075e-22 7.074e-11 8.889e-10
2.239e-07 1.289e+48 1.035e+35 1.037e-22 6.821e-11 8.572e-10
2.512e-07 9.860e+47 9.968e+34 9.985e-23 6.568e-11 8.254e-10
2.818e-07 7.530e+47 9.584e+34 9.600e-23 6.315e-11 7.936e-10
3.162e-07 5.742e+47 9.200e+34 9.216e-23 6.062e-11 7.618e-10
3.548e-07 4.372e+47 8.818e+34 8.833e-23 5.810e-11 7.302e-10
3.981e-07 3.323e+47 8.437e+34 8.451e-23 5.560e-11 6.986e-10
4.467e-07 2.521e+47 8.059e+34 8.072e-23 5.310e-11 6.673e-10
5.012e-07 1.909e+47 7.683e+34 7.696e-23 5.063e-11 6.362e-10
5.623e-07 1.443e+47 7.312e+34 7.324e-23 4.818e-11 6.055e-10
6.310e-07 1.089e+47 6.945e+34 6.957e-23 4.576e-11 5.751e-10
7.079e-07 8.198e+46 6.583e+34 6.594e-23 4.338e-11 5.451e-10
7.943e-07 6.160e+46 6.227e+34 6.237e-23 4.103e-11 5.156e-10
8.913e-07 4.618e+46 5.877e+34 5.887e-23 3.873e-11 4.867e-10
1.000e-06 3.455e+46 5.535e+34 5.544e-23 3.647e-11 4.583e-10
1.122e-06 2.578e+46 5.200e+34 5.209e-23 3.427e-11 4.306e-10
1.259e-06 1.919e+46 4.874e+34 4.882e-23 3.212e-11 4.036e-10
1.413e-06 1.425e+46 4.556e+34 4.564e-23 3.002e-11 3.773e-10
1.585e-06 1.056e+46 4.249e+34 4.256e-23 2.800e-11 3.518e-10
1.778e-06 7.798e+45 3.951e+34 3.958e-23 2.603e-11 3.272e-10
1.995e-06 5.744e+45 3.664e+34 3.670e-23 2.414e-11 3.034e-10
2.239e-06 4.219e+45 3.387e+34 3.393e-23 2.232e-11 2.805e-10
2.512e-06 3.089e+45 3.123e+34 3.128e-23 2.058e-11 2.586e-10
2.818e-06 2.255e+45 2.869e+34 2.874e-23 1.891e-11 2.376e-10
3.162e-06 1.640e+45 2.628e+34 2.632e-23 1.732e-11 2.176e-10
3.548e-06 1.189e+45 2.399e+34 2.403e-23 1.581e-11 1.986e-10
3.981e-06 8.593e+44 2.182e+34 2.186e-23 1.438e-11 1.807e-10
4.467e-06 6.186e+44 1.977e+34 1.981e-23 1.303e-11 1.637e-10
5.012e-06 4.436e+44 1.785e+34 1.788e-23 1.176e-11 1.478e-10
5.623e-06 3.169e+44 1.606e+34 1.608e-23 1.058e-11 1.330e-10
6.310e-06 2.255e+44 1.438e+34 1.440e-23 9.476e-12 1.191e-10
7.079e-06 1.597e+44 1.283e+34 1.285e-23 8.451e-12 1.062e-10
7.943e-06 1.127e+44 1.139e+34 1.141e-23 7.505e-12 9.431e-11
8.913e-06 7.911e+43 1.007e+34 1.008e-23 6.634e-12 8.337e-11
1.000e-05 5.529e+43 8.858e+33 8.873e-24 5.837e-12 7.335e-11
1.122e-05 3.845e+43 7.756e+33 7.769e-24 5.111e-12 6.423e-11
1.259e-05 2.661e+43 6.758e+33 6.770e-24 4.453e-12 5.596e-11
1.413e-05 1.833e+43 5.859e+33 5.868e-24 3.861e-12 4.851e-11
1.585e-05 1.255e+43 5.053e+33 5.061e-24 3.329e-12 4.184e-11
1.778e-05 8.556e+42 4.335e+33 4.342e-24 2.857e-12 3.590e-11
1.995e-05 5.801e+42 3.700e+33 3.706e-24 2.438e-12 3.064e-11
2.239e-05 3.913e+42 3.142e+33 3.147e-24 2.070e-12 2.602e-11
2.512e-05 2.626e+42 2.655e+33 2.660e-24 1.750e-12 2.199e-11
2.818e-05 1.755e+42 2.234e+33 2.238e-24 1.472e-12 1.850e-11
3.162e-05 1.169e+42 1.873e+33 1.876e-24 1.234e-12 1.551e-11
3.548e-05 7.761e+41 1.565e+33 1.568e-24 1.032e-12 1.296e-11
3.981e-05 5.148e+41 1.307e+33 1.310e-24 8.615e-13 1.083e-11
4.467e-05 3.419e+41 1.093e+33 1.095e-24 7.202e-13 9.050e-12
5.012e-05 2.280e+41 9.174e+32 9.189e-25 6.045e-13 7.597e-12
5.623e-05 1.532e+41 7.761e+32 7.774e-25 5.114e-13 6.426e-12
6.310e-05 1.042e+41 6.646e+32 6.658e-25 4.380e-13 5.504e-12
7.079e-05 7.211e+40 5.790e+32 5.800e-25 3.816e-13 4.795e-12
7.943e-05 5.101e+40 5.156e+32 5.165e-25 3.398e-13 4.270e-12
8.913e-05 3.701e+40 4.710e+32 4.718e-25 3.104e-13 3.900e-12
1.000e-04 2.760e+40 4.422e+32 4.429e-25 2.914e-13 3.662e-12
1.122e-04 2.114e+40 4.265e+32 4.272e-25 2.810e-13 3.531e-12
1.259e-04 1.660e+40 4.215e+32 4.222e-25 2.777e-13 3.490e-12
1.413e-04 1.330e+40 4.251e+32 4.259e-25 2.801e-13 3.520e-12
1.585e-04 1.083e+40 4.358e+32 4.365e-25 2.872e-13 3.609e-12
1.778e-04 8.921e+39 4.520e+32 4.527e-25 2.978e-13 3.743e-12
1.995e-04 7.409e+39 4.726e+32 4.734e-25 3.114e-13 3.913e-12
2.239e-04 6.186e+39 4.968e+32 4.976e-25 3.273e-13 4.113e-12
2.512e-04 5.182e+39 5.238e+32 5.247e-25 3.452e-13 4.338e-12
2.818e-04 4.348e+39 5.534e+32 5.544e-25 3.647e-13 4.583e-12
3.162e-04 3.653e+39 5.852e+32 5.862e-25 3.856e-13 4.846e-12
3.548e-04 3.070e+39 6.192e+32 6.202e-25 4.080e-13 5.127e-12
3.981e-04 2.580e+39 6.551e+32 6.563e-25 4.317e-13 5.425e-12
4.467e-04 2.168e+39 6.932e+32 6.944e-25 4.568e-13 5.740e-12
5.012e-04 1.822e+39 7.334e+32 7.347e-25 4.833e-13 6.073e-12
5.623e-04 1.531e+39 7.759e+32 7.772e-25 5.113e-13 6.425e-12
6.310e-04 1.287e+39 8.206e+32 8.220e-25 5.408e-13 6.795e-12
7.079e-04 1.081e+39 8.678e+32 8.693e-25 5.718e-13 7.186e-12
7.943e-04 9.075e+38 9.174e+32 9.190e-25 6.045e-13 7.597e-12
8.913e-04 7.619e+38 9.696e+32 9.713e-25 6.390e-13 8.029e-12
1.000e-03 6.395e+38 1.025e+33 1.026e-24 6.751e-13 8.484e-12
1.122e-03 5.365e+38 1.082e+33 1.084e-24 7.131e-13 8.961e-12
1.259e-03 4.499e+38 1.143e+33 1.144e-24 7.529e-13 9.461e-12
1.413e-03 3.772e+38 1.206e+33 1.208e-24 7.945e-13 9.984e-12
1.585e-03 3.160e+38 1.272e+33 1.274e-24 8.380e-13 1.053e-11
1.778e-03 2.646e+38 1.341e+33 1.343e-24 8.834e-13 1.110e-11
1.995e-03 2.214e+38 1.412e+33 1.415e-24 9.307e-13 1.169e-11
2.239e-03 1.851e+38 1.487e+33 1.489e-24 9.797e-13 1.231e-11
2.512e-03 1.547e+38 1.564e+33 1.566e-24 1.030e-12 1.295e-11
2.818e-03 1.291e+38 1.643e+33 1.646e-24 1.083e-12 1.361e-11
3.162e-03 1.077e+38 1.725e+33 1.728e-24 1.137e-12 1.428e-11
3.548e-03 8.967e+37 1.809e+33 1.812e-24 1.192e-12 1.498e-11
3.981e-03 7.458e+37 1.894e+33 1.897e-24 1.248e-12 1.568e-11
4.467e-03 6.195e+37 1.980e+33 1.984e-24 1.305e-12 1.640e-11
5.012e-03 5.137e+37 2.067e+33 2.071e-24 1.362e-12 1.712e-11
5.623e-03 4.252e+37 2.154e+33 2.158e-24 1.420e-12 1.784e-11
6.310e-03 3.513e+37 2.241e+33 2.244e-24 1.477e-12 1.855e-11
7.079e-03 2.896e+37 2.326e+33 2.330e-24 1.532e-12 1.926e-11
7.943e-03 2.382e+37 2.408e+33 2.412e-24 1.587e-12 1.994e-11
8.913e-03 1.955e+37 2.488e+33 2.492e-24 1.639e-12 2.060e-11
1.000e-02 1.600e+37 2.563e+33 2.567e-24 1.689e-12 2.122e-11
1.122e-02 1.305e+37 2.633e+33 2.638e-24 1.735e-12 2.180e-11
1.259e-02 1.062e+37 2.698e+33 2.702e-24 1.778e-12 2.234e-11
1.413e-02 8.620e+36 2.755e+33 2.760e-24 1.816e-12 2.282e-11
1.585e-02 6.973e+36 2.806e+33 2.811e-24 1.849e-12 2.324e-11
1.778e-02 5.624e+36 2.850e+33 2.854e-24 1.878e-12 2.360e-11
1.995e-02 4.524e+36 2.886e+33 2.890e-24 1.901e-12 2.389e-11
2.239e-02 3.629e+36 2.914e+33 2.919e-24 1.920e-12 2.413e-11
2.512e-02 2.904e+36 2.936e+33 2.941e-24 1.935e-12 2.431e-11
2.818e-02 2.320e+36 2.952e+33 2.957e-24 1.945e-12 2.445e-11
3.162e-02 1.849e+36 2.963e+33 2.968e-24 1.953e-12 2.454e-11
3.548e-02 1.472e+36 2.970e+33 2.975e-24 1.957e-12 2.459e-11
3.981e-02 1.171e+36 2.974e+33 2.979e-24 1.960e-12 2.463e-11
4.467e-02 9.308e+35 2.975e+33 2.981e-24 1.961e-12 2.464e-11
5.012e-02 7.394e+35 2.976e+33 2.981e-24 1.961e-12 2.464e-11
5.623e-02 5.871e+35 2.975e+33 2.980e-24 1.960e-12 2.463e-11
6.310e-02 4.661e+35 2.973e+33 2.978e-24 1.959e-12 2.462e-11
7.079e-02 3.699e+35 2.970e+33 2.975e-24 1.957e-12 2.460e-11
7.943e-02 2.935e+35 2.967e+33 2.972e-24 1.955e-12 2.457e-11
8.913e-02 2.329e+35 2.964e+33 2.969e-24 1.953e-12 2.454e-11
1.000e-01 1.847e+35 2.959e+33 2.964e-24 1.950e-12 2.450e-11
1.122e-01 1.464e+35 2.954e+33 2.959e-24 1.946e-12 2.446e-11
1.259e-01 1.161e+35 2.947e+33 2.952e-24 1.942e-12 2.440e-11
1.413e-01 9.195e+34 2.939e+33 2.944e-24 1.937e-12 2.434e-11
1.585e-01 7.281e+34 2.930e+33 2.935e-24 1.931e-12 2.427e-11
1.778e-01 5.763e+34 2.920e+33 2.925e-24 1.924e-12 2.418e-11
1.995e-01 4.559e+34 2.908e+33 2.913e-24 1.916e-12 2.408e-11
2.239e-01 3.603e+34 2.893e+33 2.898e-24 1.907e-12 2.396e-11
2.512e-01 2.846e+34 2.877e+33 2.882e-24 1.896e-12 2.383e-11
2.818e-01 2.246e+34 2.859e+33 2.863e-24 1.884e-12 2.367e-11
3.162e-01 1.771e+34 2.838e+33 2.842e-24 1.870e-12 2.350e-11
3.548e-01 1.395e+34 2.814e+33 2.819e-24 1.854e-12 2.330e-11
3.981e-01 1.098e+34 2.788e+33 2.792e-24 1.837e-12 2.308e-11
4.467e-01 8.629e+33 2.759e+33 2.763e-24 1.818e-12 2.284e-11
5.012e-01 6.776e+33 2.727e+33 2.732e-24 1.797e-12 2.258e-11
5.623e-01 5.315e+33 2.693e+33 2.697e-24 1.774e-12 2.230e-11
6.310e-01 4.165e+33 2.657e+33 2.661e-24 1.751e-12 2.200e-11
7.079e-01 3.261e+33 2.619e+33 2.623e-24 1.726e-12 2.168e-11
7.943e-01 2.551e+33 2.579e+33 2.584e-24 1.700e-12 2.136e-11
8.913e-01 1.995e+33 2.539e+33 2.543e-24 1.673e-12 2.102e-11
1.000e+00 1.558e+33 2.497e+33 2.501e-24 1.645e-12 2.067e-11
1.122e+00 1.216e+33 2.454e+33 2.458e-24 1.617e-12 2.032e-11
1.259e+00 9.488e+32 2.409e+33 2.413e-24 1.588e-12 1.995e-11
1.413e+00 7.394e+32 2.364e+33 2.368e-24 1.558e-12 1.957e-11
1.585e+00 5.758e+32 2.317e+33 2.321e-24 1.527e-12 1.919e-11
1.778e+00 4.479e+32 2.269e+33 2.273e-24 1.495e-12 1.879e-11
1.995e+00 3.481e+32 2.221e+33 2.224e-24 1.463e-12 1.839e-11
2.239e+00 2.703e+32 2.171e+33 2.174e-24 1.430e-12 1.797e-11
2.512e+00 2.097e+32 2.120e+33 2.123e-24 1.397e-12 1.755e-11
2.818e+00 1.625e+32 2.068e+33 2.071e-24 1.362e-12 1.712e-11
3.162e+00 1.257e+32 2.014e+33 2.018e-24 1.327e-12 1.668e-11
3.548e+00 9.719e+31 1.960e+33 1.964e-24 1.292e-12 1.623e-11
3.981e+00 7.504e+31 1.905e+33 1.909e-24 1.256e-12 1.578e-11
4.467e+00 5.786e+31 1.850e+33 1.853e-24 1.219e-12 1.532e-11
5.012e+00 4.455e+31 1.793e+33 1.796e-24 1.181e-12 1.485e-11
5.623e+00 3.426e+31 1.736e+33 1.739e-24 1.144e-12 1.437e-11
6.310e+00 2.630e+31 1.678e+33 1.680e-24 1.105e-12 1.389e-11
7.079e+00 2.016e+31 1.619e+33 1.622e-24 1.067e-12 1.341e-11
7.943e+00 1.543e+31 1.560e+33 1.563e-24 1.028e-12 1.292e-11
8.913e+00 1.179e+31 1.500e+33 1.503e-24 9.886e-13 1.242e-11
1.000e+01 8.990e+30 1.440e+33 1.443e-24 9.492e-13 1.193e-11
1.122e+01 6.843e+30 1.380e+33 1.383e-24 9.095e-13 1.143e-11
1.259e+01 5.199e+30 1.320e+33 1.322e-24 8.699e-13 1.093e-11
1.413e+01 3.941e+30 1.260e+33 1.262e-24 8.302e-13 1.043e-11
1.585e+01 2.982e+30 1.200e+33 1.202e-24 7.907e-13 9.937e-12
1.778e+01 2.251e+30 1.140e+33 1.142e-24 7.515e-13 9.443e-12
1.995e+01 1.695e+30 1.081e+33 1.083e-24 7.125e-13 8.954e-12
2.239e+01 1.274e+30 1.023e+33 1.025e-24 6.740e-13 8.470e-12
2.512e+01 9.546e+29 9.650e+32 9.667e-25 6.359e-13 7.991e-12
2.818e+01 7.135e+29 9.081e+32 9.096e-25 5.984e-13 7.520e-12
3.162e+01 5.318e+29 8.521e+32 8.535e-25 5.615e-13 7.056e-12
3.548e+01 3.952e+29 7.972e+32 7.986e-25 5.253e-13 6.601e-12
3.981e+01 2.928e+29 7.435e+32 7.448e-25 4.900e-13 6.157e-12
4.467e+01 2.162e+29 6.912e+32 6.924e-25 4.555e-13 5.724e-12
5.012e+01 1.591e+29 6.404e+32 6.414e-25 4.220e-13 5.303e-12
5.623e+01 1.167e+29 5.911e+32 5.921e-25 3.895e-13 4.895e-12
6.310e+01 8.522e+28 5.436e+32 5.445e-25 3.582e-13 4.501e-12
7.079e+01 6.201e+28 4.979e+32 4.987e-25 3.281e-13 4.123e-12
7.943e+01 4.492e+28 4.541e+32 4.549e-25 2.993e-13 3.761e-12
8.913e+01 3.241e+28 4.124e+32 4.131e-25 2.718e-13 3.415e-12
1.000e+02 2.327e+28 3.728e+32 3.734e-25 2.457e-13 3.087e-12
1.122e+02 1.662e+28 3.353e+32 3.359e-25 2.210e-13 2.777e-12
1.259e+02 1.181e+28 3.000e+32 3.005e-25 1.977e-13 2.484e-12
1.413e+02 8.351e+27 2.669e+32 2.674e-25 1.759e-13 2.211e-12
1.585e+02 5.868e+27 2.362e+32 2.366e-25 1.556e-13 1.956e-12
1.778e+02 4.098e+27 2.076e+32 2.080e-25 1.368e-13 1.719e-12
1.995e+02 2.844e+27 1.814e+32 1.817e-25 1.196e-13 1.502e-12
2.239e+02 1.961e+27 1.574e+32 1.577e-25 1.037e-13 1.304e-12
2.512e+02 1.341e+27 1.356e+32 1.358e-25 8.936e-14 1.123e-12
2.818e+02 9.102e+26 1.158e+32 1.160e-25 7.633e-14 9.593e-13
3.162e+02 6.120e+26 9.805e+31 9.821e-26 6.461e-14 8.119e-13
3.548e+02 4.073e+26 8.215e+31 8.229e-26 5.413e-14 6.802e-13
3.981e+02 2.681e+26 6.809e+31 6.820e-26 4.487e-14 5.638e-13
4.467e+02 1.746e+26 5.581e+31 5.590e-26 3.677e-14 4.621e-13
5.012e+02 1.124e+26 4.523e+31 4.531e-26 2.980e-14 3.745e-13
5.623e+02 7.156e+25 3.626e+31 3.632e-26 2.389e-14 3.002e-13
6.310e+02 4.507e+25 2.875e+31 2.879e-26 1.894e-14 2.380e-13
7.079e+02 2.807e+25 2.254e+31 2.258e-26 1.485e-14 1.867e-13
7.943e+02 1.728e+25 1.747e+31 1.750e-26 1.151e-14 1.446e-13
8.913e+02 1.050e+25 1.336e+31 1.338e-26 8.804e-15 1.106e-13
1.000e+03 6.282e+24 1.007e+31 1.008e-26 6.633e-15 8.335e-14
1.122e+03 3.693e+24 7.450e+30 7.462e-27 4.909e-15 6.169e-14
1.259e+03 2.127e+24 5.400e+30 5.410e-27 3.559e-15 4.472e-14
1.413e+03 1.195e+24 3.821e+30 3.828e-27 2.518e-15 3.164e-14
1.585e+03 6.535e+23 2.630e+30 2.634e-27 1.733e-15 2.178e-14
1.778e+03 3.460e+23 1.753e+30 1.756e-27 1.155e-15 1.452e-14
1.995e+03 1.766e+23 1.127e+30 1.129e-27 7.424e-16 9.329e-15
2.239e+03 8.641e+22 6.939e+29 6.951e-28 4.572e-16 5.746e-15
2.512e+03 4.019e+22 4.062e+29 4.069e-28 2.677e-16 3.364e-15
2.818e+03 1.754e+22 2.232e+29 2.236e-28 1.471e-16 1.848e-15
3.162e+03 7.015e+21 1.124e+29 1.126e-28 7.406e-17 9.307e-16
3.548e+03 2.446e+21 4.933e+28 4.942e-29 3.251e-17 4.085e-16
3.981e+03 6.475e+20 1.644e+28 1.647e-29 1.083e-17 1.362e-16
4.467e+03 6.686e+19 2.137e+27 2.141e-30 1.408e-18 1.770e-17
5.012e+03 2.117e-13 8.519e-06 8.533e-63 5.614e-51 7.054e-50
5.623e+03 1.886e-13 9.558e-06 9.574e-63 6.298e-51 7.915e-50
6.310e+03 1.681e-13 1.072e-05 1.074e-62 7.066e-51 8.880e-50
7.079e+03 1.498e-13 1.203e-05 1.205e-62 7.928e-51 9.963e-50
7.943e+03 1.335e-13 1.350e-05 1.352e-62 8.895e-51 1.118e-49
8.913e+03 1.190e-13 1.514e-05 1.517e-62 9.979e-51 1.254e-49
1.000e+04 1.060e-13 1.699e-05 1.702e-62 1.120e-50 1.407e-49
1.122e+04 9.450e-14 1.906e-05 1.909e-62 1.256e-50 1.578e-49
1.259e+04 8.422e-14 2.139e-05 2.142e-62 1.409e-50 1.771e-49
1.413e+04 7.505e-14 2.399e-05 2.403e-62 1.581e-50 1.987e-49
1.585e+04 6.688e-14 2.692e-05 2.696e-62 1.774e-50 2.229e-49
1.778e+04 5.960e-14 3.019e-05 3.025e-62 1.990e-50 2.500e-49
1.995e+04 5.311e-14 3.387e-05 3.393e-62 2.232e-50 2.805e-49
2.239e+04 4.732e-14 3.800e-05 3.806e-62 2.504e-50 3.147e-49
2.512e+04 4.217e-14 4.263e-05 4.270e-62 2.809e-50 3.530e-49
2.818e+04 3.006e-14 3.826e-05 3.832e-62 2.521e-50 3.168e-49
3.162e+04 2.678e-14 4.291e-05 4.299e-62 2.828e-50 3.553e-49
3.548e+04 2.386e-14 4.814e-05 4.822e-62 3.172e-50 3.986e-49
3.981e+04 2.126e-14 5.399e-05 5.408e-62 3.558e-50 4.471e-49
4.467e+04 1.894e-14 6.056e-05 6.066e-62 3.991e-50 5.015e-49
5.012e+04 1.688e-14 6.793e-05 6.804e-62 4.476e-50 5.625e-49
5.623e+04 1.504e-14 7.618e-05 7.631e-62 5.020e-50 6.309e-49
6.310e+04 1.340e-14 8.544e-05 8.559e-62 5.630e-50 7.075e-49
7.079e+04 1.193e-14 9.582e-05 9.598e-62 6.314e-50 7.935e-49
7.943e+04 1.063e-14 1.075e-04 1.076e-61 7.081e-50 8.898e-49
8.913e+04 9.468e-15 1.205e-04 1.207e-61 7.940e-50 9.978e-49
1.000e+05 8.433e-15 1.351e-04 1.353e-61 8.903e-50 1.119e-48
1.122e+05 7.510e-15 1.515e-04 1.517e-61 9.982e-50 1.254e-48
1.259e+05 6.688e-15 1.698e-04 1.701e-61 1.119e-49 1.406e-48
1.413e+05 5.955e-15 1.904e-04 1.907e-61 1.255e-49 1.577e-48
1.585e+05 5.303e-15 2.134e-04 2.138e-61 1.406e-49 1.767e-48
1.778e+05 4.721e-15 2.392e-04 2.396e-61 1.576e-49 1.981e-48
1.995e+05 4.203e-15 2.681e-04 2.685e-61 1.766e-49 2.220e-48
2.239e+05 3.741e-15 3.004e-04 3.009e-61 1.979e-49 2.487e-48
2.512e+05 2.497e-15 2.524e-04 2.528e-61 1.663e-49 2.090e-48
2.818e+05 2.222e-15 2.828e-04 2.832e-61 1.863e-49 2.341e-48
3.162e+05 1.977e-15 3.167e-04 3.173e-61 2.087e-49 2.623e-48
3.548e+05 1.758e-15 3.547e-04 3.553e-61 2.337e-49 2.937e-48
3.981e+05 1.564e-15 3.971e-04 3.978e-61 2.617e-49 3.289e-48
4.467e+05 1.391e-15 4.446e-04 4.453e-61 2.930e-49 3.681e-48
5.012e+05 1.236e-15 4.976e-04 4.984e-61 3.279e-49 4.120e-48
5.623e+05 1.099e-15 5.567e-04 5.577e-61 3.669e-49 4.610e-48
6.310e+05 9.764e-16 6.228e-04 6.238e-61 4.104e-49 5.157e-48
7.079e+05 8.673e-16 6.965e-04 6.976e-61 4.589e-49 5.767e-48
7.943e+05 7.702e-16 7.786e-04 7.799e-61 5.131e-49 6.447e-48
8.913e+05 6.837e-16 8.701e-04 8.716e-61 5.734e-49 7.205e-48
1.000e+06 6.067e-16 9.720e-04 9.736e-61 6.405e-49 8.049e-48
1.122e+06 5.381e-16 1.085e-03 1.087e-60 7.152e-49 8.987e-48
1.259e+06 4.771e-16 1.211e-03 1.213e-60 7.983e-49 1.003e-47
1.413e+06 4.227e-16 1.351e-03 1.354e-60 8.905e-49 1.119e-47
1.585e+06 2.496e-16 1.004e-03 1.006e-60 6.619e-49 8.318e-48
1.778e+06 2.209e-16 1.119e-03 1.121e-60 7.376e-49 9.268e-48
1.995e+06 1.954e-16 1.246e-03 1.249e-60 8.213e-49 1.032e-47
2.239e+06 1.727e-16 1.387e-03 1.389e-60 9.140e-49 1.149e-47
2.512e+06 0.000e+00 0.000e+00 0.000e+00 0.000e+00 0.000e+00
2.818e+06 0.000e+00 0.000e+00 0.000e+00 0.000e+00 0.000e+00
3.162e+06 0.000e+00 0.000e+00 0.000e+00 0.000e+00 0.000e+00
3.548e+06 0.000e+00 0.000e+00 0.000e+00 0.000e+00 0.000e+00
3.981e+06 0.000e+00 0.000e+00 0.000e+00 0.000e+00 0.000e+00
4.467e+06 0.000e+00 0.000e+00 0.000e+00 0.000e+00 0.000e+00
5.012e+06 0.000e+00 0.000e+00 0.000e+00 0.000e+00 0.000e+00
5.623e+06 0.000e+00 0.000e+00 0.000e+00 0.000e+00 0.000e+00
6.310e+06 0.000e+00 0.000e+00 0.000e+00 0.000e+00 0.000e+00
7.079e+06 0.000e+00 0.000e+00 0.000e+00 0.000e+00 0.000e+00
7.943e+06 0.000e+00 0.000e+00 0.000e+00 0.000e+00 0.000e+00
8.913e+06 0.000e+00 0.000e+00 0.000e+00 0.000e+00 0.000e+00
1.000e+07 0.000e+00 0.000e+00 0.000e+00 0.000e+00 0.000e+00
1.122e+07 0.000e+00 0.000e+00 0.000e+00 0.000e+00 0.000e+00
1.259e+07 0.000e+00 0.000e+00 0.000e+00 0.000e+00 0.000e+00
1.413e+07 0.000e+00 0.000e+00 0.000e+00 0.000e+00 0.000e+00
1.585e+07 0.000e+00 0.000e+00 0.000e+00 0.000e+00 0.000e+00
1.778e+07 0.000e+00 0.000e+00 0.000e+00 0.000e+00 0.000e+00
1.995e+07 0.000e+00 0.000e+00 0.000e+00 0.000e+00 0.000e+00
2.239e+07 0.000e+00 0.000e+00 0.000e+00 0.000e+00 0.000e+00
2.512e+07 0.000e+00 0.000e+00 0.000e+00 0.000e+00 0.000e+00
2.818e+07 0.000e+00 0.000e+00 0.000e+00 0.000e+00 0.000e+00
3.162e+07 0.000e+00 0.000e+00 0.000e+00 0.000e+00 0.000e+00
3.548e+07 0.000e+00 0.000e+00 0.000e+00 0.000e+00 0.000e+00
3.981e+07 0.000e+00 0.000e+00 0.000e+00 0.000e+00 0.000e+00
4.467e+07 0.000e+00 0.000e+00 0.000e+00 0.000e+00 0.000e+00
5.012e+07 0.000e+00 0.000e+00 0.000e+00 0.000e+00 0.000e+00
5.623e+07 0.000e+00 0.000e+00 0.000e+00 0.000e+00 0.000e+00
6.310e+07 0.000e+00 0.000e+00 0.000e+00 0.000e+00 0.000e+00
7.079e+07 0.000e+00 0.000e+00 0.000e+00 0.000e+00 0.000e+00
7.943e+07 0.000e+00 0.000e+00 0.000e+00 0.000e+00 0.000e+00
8.913e+07 0.000e+00 0.000e+00 0.000e+00 0.000e+00 0.000e+00
1.000e+08 0.000e+00 0.000e+00 0.000e+00 0.000e+00 0.000e+00
