1.000e-20 2.142e+70 3.432e+30 3.438e-27 2.261e-15 2.842e-14
1.122e-20 1.802e+70 3.635e+30 3.641e-27 2.395e-15 3.010e-14
1.259e-20 1.516e+70 3.851e+30 3.857e-27 2.537e-15 3.189e-14
1.413e-20 1.276e+70 4.079e+30 4.086e-27 2.688e-15 3.377e-14
1.585e-20 1.074e+70 4.320e+30 4.328e-27 2.847e-15 3.578e-14
1.778e-20 9.033e+69 4.576e+30 4.584e-27 3.016e-15 3.790e-14
1.995e-20 7.600e+69 4.848e+30 4.856e-27 3.194e-15 4.014e-14
2.239e-20 6.395e+69 5.135e+30 5.143e-27 3.384e-15 4.252e-14
2.512e-20 5.380e+69 5.439e+30 5.448e-27 3.584e-15 4.504e-14
2.818e-20 4.527e+69 5.761e+30 5.771e-27 3.796e-15 4.771e-14
3.162e-20 3.809e+69 6.103e+30 6.113e-27 4.021e-15 5.053e-14
3.548e-20 3.205e+69 6.464e+30 6.475e-27 4.260e-15 5.353e-14
3.981e-20 2.697e+69 6.847e+30 6.859e-27 4.512e-15 5.670e-14
4.467e-20 2.269e+69 7.253e+30 7.265e-27 4.779e-15 6.006e-14
5.012e-20 1.909e+69 7.683e+30 7.696e-27 5.063e-15 6.362e-14
5.623e-20 1.606e+69 8.138e+30 8.152e-27 5.363e-15 6.739e-14
6.310e-20 1.351e+69 8.620e+30 8.635e-27 5.680e-15 7.138e-14
7.079e-20 1.137e+69 9.131e+30 9.147e-27 6.017e-15 7.561e-14
7.943e-20 9.568e+68 9.672e+30 9.689e-27 6.373e-15 8.009e-14
8.913e-20 8.050e+68 1.025e+31 1.026e-26 6.751e-15 8.484e-14
1.000e-19 6.773e+68 1.085e+31 1.087e-26 7.151e-15 8.986e-14
1.122e-19 5.699e+68 1.150e+31 1.151e-26 7.575e-15 9.519e-14
1.259e-19 4.795e+68 1.218e+31 1.220e-26 8.024e-15 1.008e-13
1.413e-19 4.035e+68 1.290e+31 1.292e-26 8.499e-15 1.068e-13
1.585e-19 3.395e+68 1.366e+31 1.369e-26 9.003e-15 1.131e-13
1.778e-19 2.856e+68 1.447e+31 1.450e-26 9.536e-15 1.198e-13
1.995e-19 2.403e+68 1.533e+31 1.536e-26 1.010e-14 1.269e-13
2.239e-19 2.022e+68 1.624e+31 1.627e-26 1.070e-14 1.345e-13
2.512e-19 1.701e+68 1.720e+31 1.723e-26 1.133e-14 1.424e-13
2.818e-19 1.432e+68 1.822e+31 1.825e-26 1.201e-14 1.509e-13
3.162e-19 1.205e+68 1.930e+31 1.933e-26 1.272e-14 1.598e-13
3.548e-19 1.013e+68 2.044e+31 2.048e-26 1.347e-14 1.693e-13
3.981e-19 8.527e+67 2.165e+31 2.169e-26 1.427e-14 1.793e-13
4.467e-19 7.175e+67 2.294e+31 2.298e-26 1.511e-14 1.899e-13
5.012e-19 6.037e+67 2.430e+31 2.434e-26 1.601e-14 2.012e-13
5.623e-19 5.079e+67 2.573e+31 2.578e-26 1.696e-14 2.131e-13
6.310e-19 4.274e+67 2.726e+31 2.731e-26 1.796e-14 2.257e-13
7.079e-19 3.596e+67 2.887e+31 2.892e-26 1.903e-14 2.391e-13
7.943e-19 3.026e+67 3.059e+31 3.064e-26 2.015e-14 2.533e-13
8.913e-19 2.546e+67 3.240e+31 3.245e-26 2.135e-14 2.683e-13
1.000e-18 2.142e+67 3.432e+31 3.438e-26 2.261e-14 2.842e-13
1.122e-18 1.802e+67 3.635e+31 3.641e-26 2.395e-14 3.010e-13
1.259e-18 1.516e+67 3.851e+31 3.857e-26 2.537e-14 3.188e-13
1.413e-18 1.276e+67 4.079e+31 4.086e-26 2.688e-14 3.377e-13
1.585e-18 1.074e+67 4.320e+31 4.328e-26 2.847e-14 3.578e-13
1.778e-18 9.033e+66 4.576e+31 4.584e-26 3.016e-14 3.790e-13
1.995e-18 7.600e+66 4.848e+31 4.856e-26 3.194e-14 4.014e-13
2.239e-18 6.395e+66 5.135e+31 5.143e-26 3.384e-14 4.252e-13
2.512e-18 5.380e+66 5.439e+31 5.448e-26 3.584e-14 4.504e-13
2.818e-18 4.527e+66 5.761e+31 5.771e-26 3.796e-14 4.771e-13
3.162e-18 3.809e+66 6.103e+31 6.113e-26 4.021e-14 5.053e-13
3.548e-18 3.205e+66 6.464e+31 6.475e-26 4.260e-14 5.353e-13
3.981e-18 2.697e+66 6.847e+31 6.859e-26 4.512e-14 5.670e-13
4.467e-18 2.269e+66 7.253e+31 7.265e-26 4.779e-14 6.006e-13
5.012e-18 1.909e+66 7.683e+31 7.696e-26 5.063e-14 6.362e-13
5.623e-18 1.606e+66 8.138e+31 8.152e-26 5.363e-14 6.739e-13
6.310e-18 1.351e+66 8.620e+31 8.635e-26 5.680e-14 7.138e-13
7.079e-18 1.137e+66 9.131e+31 9.146e-26 6.017e-14 7.561e-13
7.943e-18 9.568e+65 9.672e+31 9.688e-26 6.373e-14 8.009e-13
8.913e-18 8.050e+65 1.025e+32 1.026e-25 6.751e-14 8.484e-13
1.000e-17 6.773e+65 1.085e+32 1.087e-25 7.151e-14 8.986e-13
1.122e-17 5.699e+65 1.150e+32 1.151e-25 7.575e-14 9.519e-13
1.259e-17 4.795e+65 1.218e+32 1.220e-25 8.024e-14 1.008e-12
1.413e-17 4.035e+65 1.290e+32 1.292e-25 8.499e-14 1.068e-12
1.585e-17 3.395e+65 1.366e+32 1.369e-25 9.003e-14 1.131e-12
1.778e-17 2.856e+65 1.447e+32 1.450e-25 9.536e-14 1.198e-12
1.995e-17 2.403e+65 1.533e+32 1.535e-25 1.010e-13 1.269e-12
2.239e-17 2.022e+65 1.624e+32 1.626e-25 1.070e-13 1.345e-12
2.512e-17 1.701e+65 1.720e+32 1.723e-25 1.133e-13 1.424e-12
2.818e-17 1.432e+65 1.822e+32 1.825e-25 1.201e-13 1.509e-12
3.162e-17 1.204e+65 1.930e+32 1.933e-25 1.272e-13 1.598e-12
3.548e-17 1.013e+65 2.044e+32 2.048e-25 1.347e-13 1.693e-12
3.981e-17 8.527e+64 2.165e+32 2.169e-25 1.427e-13 1.793e-12
4.467e-17 7.175e+64 2.294e+32 2.297e-25 1.511e-13 1.899e-12
5.012e-17 6.037e+64 2.429e+32 2.434e-25 1.601e-13 2.012e-12
5.623e-17 5.079e+64 2.573e+32 2.578e-25 1.696e-13 2.131e-12
6.310e-17 4.274e+64 2.726e+32 2.731e-25 1.796e-13 2.257e-12
7.079e-17 3.596e+64 2.887e+32 2.892e-25 1.903e-13 2.391e-12
7.943e-17 3.025e+64 3.058e+32 3.064e-25 2.015e-13 2.533e-12
8.913e-17 2.546e+64 3.240e+32 3.245e-25 2.135e-13 2.683e-12
1.000e-16 2.142e+64 3.432e+32 3.437e-25 2.261e-13 2.842e-12
1.122e-16 1.802e+64 3.635e+32 3.641e-25 2.395e-13 3.010e-12
1.259e-16 1.516e+64 3.850e+32 3.857e-25 2.537e-13 3.188e-12
1.413e-16 1.276e+64 4.078e+32 4.085e-25 2.688e-13 3.377e-12
1.585e-16 1.073e+64 4.320e+32 4.327e-25 2.847e-13 3.577e-12
1.778e-16 9.032e+63 4.576e+32 4.584e-25 3.015e-13 3.789e-12
1.995e-16 7.599e+63 4.847e+32 4.855e-25 3.194e-13 4.014e-12
2.239e-16 6.394e+63 5.134e+32 5.143e-25 3.383e-13 4.252e-12
2.512e-16 5.380e+63 5.439e+32 5.448e-25 3.584e-13 4.504e-12
2.818e-16 4.527e+63 5.761e+32 5.771e-25 3.796e-13 4.770e-12
3.162e-16 3.809e+63 6.102e+32 6.113e-25 4.021e-13 5.053e-12
3.548e-16 3.205e+63 6.464e+32 6.475e-25 4.259e-13 5.352e-12
3.981e-16 2.696e+63 6.847e+32 6.858e-25 4.512e-13 5.669e-12
4.467e-16 2.269e+63 7.252e+32 7.265e-25 4.779e-13 6.005e-12
5.012e-16 1.909e+63 7.682e+32 7.695e-25 5.062e-13 6.361e-12
5.623e-16 1.606e+63 8.137e+32 8.151e-25 5.362e-13 6.738e-12
6.310e-16 1.351e+63 8.619e+32 8.634e-25 5.680e-13 7.137e-12
7.079e-16 1.137e+63 9.130e+32 9.145e-25 6.016e-13 7.560e-12
7.943e-16 9.566e+62 9.671e+32 9.687e-25 6.373e-13 8.008e-12
8.913e-16 8.049e+62 1.024e+33 1.026e-24 6.750e-13 8.482e-12
1.000e-15 6.772e+62 1.085e+33 1.087e-24 7.150e-13 8.985e-12
1.122e-15 5.698e+62 1.149e+33 1.151e-24 7.573e-13 9.517e-12
1.259e-15 4.794e+62 1.217e+33 1.219e-24 8.022e-13 1.008e-11
1.413e-15 4.034e+62 1.290e+33 1.292e-24 8.497e-13 1.068e-11
1.585e-15 3.394e+62 1.366e+33 1.368e-24 9.001e-13 1.131e-11
1.778e-15 2.856e+62 1.447e+33 1.449e-24 9.534e-13 1.198e-11
1.995e-15 2.403e+62 1.533e+33 1.535e-24 1.010e-12 1.269e-11
2.239e-15 2.022e+62 1.623e+33 1.626e-24 1.070e-12 1.344e-11
2.512e-15 1.701e+62 1.719e+33 1.722e-24 1.133e-12 1.424e-11
2.818e-15 1.431e+62 1.821e+33 1.824e-24 1.200e-12 1.508e-11
3.162e-15 1.204e+62 1.929e+33 1.932e-24 1.271e-12 1.597e-11
3.548e-15 1.013e+62 2.043e+33 2.047e-24 1.346e-12 1.692e-11
3.981e-15 8.524e+61 2.164e+33 2.168e-24 1.426e-12 1.792e-11
4.467e-15 7.172e+61 2.293e+33 2.296e-24 1.511e-12 1.898e-11
5.012e-15 6.034e+61 2.428e+33 2.432e-24 1.600e-12 2.011e-11
5.623e-15 5.077e+61 2.572e+33 2.576e-24 1.695e-12 2.130e-11
6.310e-15 4.271e+61 2.724e+33 2.729e-24 1.795e-12 2.256e-11
7.079e-15 3.594e+61 2.886e+33 2.891e-24 1.902e-12 2.390e-11
7.943e-15 3.024e+61 3.057e+33 3.062e-24 2.014e-12 2.531e-11
8.913e-15 2.544e+61 3.238e+33 3.243e-24 2.133e-12 2.681e-11
1.000e-14 2.140e+61 3.429e+33 3.435e-24 2.260e-12 2.840e-11
1.122e-14 1.801e+61 3.632e+33 3.638e-24 2.393e-12 3.008e-11
1.259e-14 1.515e+61 3.847e+33 3.854e-24 2.535e-12 3.186e-11
1.413e-14 1.275e+61 4.075e+33 4.082e-24 2.685e-12 3.374e-11
1.585e-14 1.072e+61 4.316e+33 4.323e-24 2.844e-12 3.574e-11
1.778e-14 9.023e+60 4.571e+33 4.579e-24 3.012e-12 3.785e-11
1.995e-14 7.591e+60 4.842e+33 4.850e-24 3.191e-12 4.009e-11
2.239e-14 6.386e+60 5.128e+33 5.137e-24 3.379e-12 4.246e-11
2.512e-14 5.373e+60 5.431e+33 5.441e-24 3.579e-12 4.498e-11
2.818e-14 4.520e+60 5.753e+33 5.762e-24 3.791e-12 4.764e-11
3.162e-14 3.803e+60 6.093e+33 6.103e-24 4.015e-12 5.045e-11
3.548e-14 3.199e+60 6.453e+33 6.464e-24 4.252e-12 5.344e-11
3.981e-14 2.692e+60 6.835e+33 6.846e-24 4.504e-12 5.659e-11
4.467e-14 2.264e+60 7.238e+33 7.251e-24 4.770e-12 5.994e-11
5.012e-14 1.905e+60 7.666e+33 7.679e-24 5.052e-12 6.348e-11
5.623e-14 1.602e+60 8.119e+33 8.133e-24 5.350e-12 6.723e-11
6.310e-14 1.348e+60 8.598e+33 8.613e-24 5.666e-12 7.120e-11
7.079e-14 1.134e+60 9.106e+33 9.121e-24 6.000e-12 7.540e-11
7.943e-14 9.539e+59 9.643e+33 9.660e-24 6.355e-12 7.985e-11
8.913e-14 8.024e+59 1.021e+34 1.023e-23 6.729e-12 8.456e-11
1.000e-13 6.750e+59 1.081e+34 1.083e-23 7.126e-12 8.955e-11
1.122e-13 5.678e+59 1.145e+34 1.147e-23 7.546e-12 9.483e-11
1.259e-13 4.776e+59 1.213e+34 1.215e-23 7.991e-12 1.004e-10
1.413e-13 4.017e+59 1.284e+34 1.286e-23 8.461e-12 1.063e-10
1.585e-13 3.378e+59 1.360e+34 1.362e-23 8.959e-12 1.126e-10
1.778e-13 2.841e+59 1.440e+34 1.442e-23 9.486e-12 1.192e-10
1.995e-13 2.390e+59 1.524e+34 1.527e-23 1.004e-11 1.262e-10
2.239e-13 2.010e+59 1.614e+34 1.616e-23 1.063e-11 1.336e-10
2.512e-13 1.690e+59 1.708e+34 1.711e-23 1.126e-11 1.415e-10
2.818e-13 1.421e+59 1.809e+34 1.812e-23 1.192e-11 1.498e-10
3.162e-13 1.195e+59 1.915e+34 1.918e-23 1.262e-11 1.585e-10
3.548e-13 1.005e+59 2.027e+34 2.030e-23 1.335e-11 1.678e-10
3.981e-13 8.448e+58 2.145e+34 2.149e-23 1.414e-11 1.776e-10
4.467e-13 7.102e+58 2.270e+34 2.274e-23 1.496e-11 1.880e-10
5.012e-13 5.970e+58 2.403e+34 2.407e-23 1.583e-11 1.990e-10
5.623e-13 5.018e+58 2.543e+34 2.547e-23 1.675e-11 2.105e-10
6.310e-13 4.218e+58 2.690e+34 2.695e-23 1.773e-11 2.228e-10
7.079e-13 3.545e+58 2.846e+34 2.851e-23 1.876e-11 2.357e-10
7.943e-13 2.979e+58 3.011e+34 3.016e-23 1.984e-11 2.494e-10
8.913e-13 2.503e+58 3.185e+34 3.191e-23 2.099e-11 2.638e-10
1.000e-12 2.103e+58 3.369e+34 3.375e-23 2.220e-11 2.790e-10
1.122e-12 inf inf inf inf inf
1.259e-12 inf inf inf inf inf
1.413e-12 inf inf inf inf inf
1.585e-12 inf inf inf inf inf
1.778e-12 inf inf inf inf inf
1.995e-12 inf inf inf inf inf
2.239e-12 inf inf inf inf inf
2.512e-12 inf inf inf inf inf
2.818e-12 inf inf inf inf inf
3.162e-12 inf inf inf inf inf
3.548e-12 inf inf inf inf inf
3.981e-12 inf inf inf inf inf
4.467e-12 inf inf inf inf inf
5.012e-12 inf inf inf inf inf
5.623e-12 inf inf inf inf inf
6.310e-12 inf inf inf inf inf
7.079e-12 inf inf inf inf inf
7.943e-12 inf inf inf inf inf
8.913e-12 inf inf inf inf inf
1.000e-11 inf inf inf inf inf
1.122e-11 inf inf inf inf inf
1.259e-11 inf inf inf inf inf
1.413e-11 inf inf inf inf inf
1.585e-11 inf inf inf inf inf
1.778e-11 inf inf inf inf inf
1.995e-11 inf inf inf inf inf
2.239e-11 inf inf inf inf inf
2.512e-11 inf inf inf inf inf
2.818e-11 inf inf inf inf inf
3.162e-11 inf inf inf inf inf
3.548e-11 inf inf inf inf inf
3.981e-11 inf inf inf inf inf
4.467e-11 inf inf inf inf inf
5.012e-11 inf inf inf inf inf
5.623e-11 inf inf inf inf inf
6.310e-11 inf inf inf inf inf
7.079e-11 inf inf inf inf inf
7.943e-11 inf inf inf inf inf
8.913e-11 inf inf inf inf inf
1.000e-10 inf inf inf inf inf
1.122e-10 inf inf inf inf inf
1.259e-10 inf inf inf inf inf
1.413e-10 inf inf inf inf inf
1.585e-10 inf inf inf inf inf
1.778e-10 inf inf inf inf inf
1.995e-10 inf inf inf inf inf
2.239e-10 inf inf inf inf inf
2.512e-10 inf inf inf inf inf
2.818e-10 inf inf inf inf inf
3.162e-10 inf inf inf inf inf
3.548e-10 1.048e+54 2.114e+35 2.118e-22 1.393e-10 1.751e-09
3.981e-10 8.299e+53 2.107e+35 2.111e-22 1.389e-10 1.745e-09
4.467e-10 6.566e+53 2.099e+35 2.102e-22 1.383e-10 1.738e-09
5.012e-10 5.192e+53 2.089e+35 2.093e-22 1.377e-10 1.730e-09
5.623e-10 4.103e+53 2.079e+35 2.082e-22 1.370e-10 1.722e-09
6.310e-10 3.242e+53 2.068e+35 2.071e-22 1.363e-10 1.712e-09
7.079e-10 2.561e+53 2.056e+35 2.060e-22 1.355e-10 1.703e-09
7.943e-10 2.022e+53 2.044e+35 2.047e-22 1.347e-10 1.692e-09
8.913e-10 1.596e+53 2.031e+35 2.034e-22 1.338e-10 1.682e-09
1.000e-09 1.259e+53 2.017e+35 2.021e-22 1.329e-10 1.671e-09
1.122e-09 9.932e+52 2.003e+35 2.007e-22 1.320e-10 1.659e-09
1.259e-09 7.832e+52 1.989e+35 1.992e-22 1.310e-10 1.647e-09
1.413e-09 6.173e+52 1.973e+35 1.977e-22 1.300e-10 1.634e-09
1.585e-09 4.864e+52 1.958e+35 1.961e-22 1.290e-10 1.621e-09
1.778e-09 3.831e+52 1.941e+35 1.944e-22 1.279e-10 1.607e-09
1.995e-09 3.016e+52 1.924e+35 1.927e-22 1.268e-10 1.593e-09
2.239e-09 2.374e+52 1.906e+35 1.909e-22 1.256e-10 1.578e-09
2.512e-09 1.867e+52 1.888e+35 1.891e-22 1.244e-10 1.563e-09
2.818e-09 1.468e+52 1.868e+35 1.872e-22 1.231e-10 1.547e-09
3.162e-09 1.154e+52 1.848e+35 1.852e-22 1.218e-10 1.531e-09
3.548e-09 9.061e+51 1.828e+35 1.831e-22 1.204e-10 1.513e-09
3.981e-09 7.113e+51 1.806e+35 1.809e-22 1.190e-10 1.496e-09
4.467e-09 5.581e+51 1.784e+35 1.787e-22 1.176e-10 1.477e-09
5.012e-09 4.376e+51 1.761e+35 1.764e-22 1.161e-10 1.458e-09
5.623e-09 3.429e+51 1.738e+35 1.740e-22 1.145e-10 1.439e-09
6.310e-09 2.686e+51 1.713e+35 1.716e-22 1.129e-10 1.419e-09
7.079e-09 2.102e+51 1.688e+35 1.691e-22 1.112e-10 1.398e-09
7.943e-09 1.644e+51 1.662e+35 1.665e-22 1.095e-10 1.376e-09
8.913e-09 1.285e+51 1.635e+35 1.638e-22 1.077e-10 1.354e-09
1.000e-08 1.003e+51 1.608e+35 1.610e-22 1.059e-10 1.331e-09
1.122e-08 7.829e+50 1.579e+35 1.582e-22 1.041e-10 1.308e-09
1.259e-08 6.105e+50 1.550e+35 1.553e-22 1.022e-10 1.284e-09
1.413e-08 4.756e+50 1.520e+35 1.523e-22 1.002e-10 1.259e-09
1.585e-08 3.702e+50 1.490e+35 1.492e-22 9.818e-11 1.234e-09
1.778e-08 2.879e+50 1.459e+35 1.461e-22 9.612e-11 1.208e-09
1.995e-08 2.237e+50 1.427e+35 1.429e-22 9.402e-11 1.182e-09
2.239e-08 1.736e+50 1.394e+35 1.397e-22 9.188e-11 1.155e-09
2.512e-08 1.346e+50 1.361e+35 1.363e-22 8.969e-11 1.127e-09
2.818e-08 1.043e+50 1.327e+35 1.330e-22 8.747e-11 1.099e-09
3.162e-08 8.070e+49 1.293e+35 1.295e-22 8.520e-11 1.071e-09
3.548e-08 6.238e+49 1.258e+35 1.260e-22 8.290e-11 1.042e-09
3.981e-08 4.815e+49 1.223e+35 1.225e-22 8.057e-11 1.013e-09
4.467e-08 3.713e+49 1.187e+35 1.189e-22 7.822e-11 9.829e-10
5.012e-08 2.859e+49 1.151e+35 1.153e-22 7.583e-11 9.529e-10
5.623e-08 2.199e+49 1.114e+35 1.116e-22 7.342e-11 9.226e-10
6.310e-08 1.689e+49 1.077e+35 1.079e-22 7.099e-11 8.921e-10
7.079e-08 1.296e+49 1.040e+35 1.042e-22 6.855e-11 8.614e-10
7.943e-08 9.922e+48 1.003e+35 1.005e-22 6.610e-11 8.306e-10
8.913e-08 7.588e+48 9.657e+34 9.673e-23 6.363e-11 7.996e-10
1.000e-07 5.793e+48 9.282e+34 9.298e-23 6.117e-11 7.686e-10
1.122e-07 4.416e+48 8.908e+34 8.923e-23 5.870e-11 7.376e-10
1.259e-07 3.361e+48 8.534e+34 8.549e-23 5.624e-11 7.067e-10
1.413e-07 2.553e+48 8.162e+34 8.176e-23 5.379e-11 6.759e-10
1.585e-07 1.936e+48 7.792e+34 7.806e-23 5.135e-11 6.453e-10
1.778e-07 1.466e+48 7.426e+34 7.438e-23 4.893e-11 6.149e-10
1.995e-07 1.107e+48 7.062e+34 7.074e-23 4.654e-11 5.848e-10
2.239e-07 8.348e+47 6.703e+34 6.714e-23 4.417e-11 5.551e-10
2.512e-07 6.280e+47 6.349e+34 6.360e-23 4.184e-11 5.257e-10
2.818e-07 4.715e+47 6.001e+34 6.011e-23 3.954e-11 4.969e-10
3.162e-07 3.532e+47 5.659e+34 5.668e-23 3.729e-11 4.686e-10
3.548e-07 2.639e+47 5.324e+34 5.333e-23 3.508e-11 4.408e-10
3.981e-07 1.968e+47 4.997e+34 5.005e-23 3.293e-11 4.138e-10
4.467e-07 1.463e+47 4.678e+34 4.686e-23 3.083e-11 3.874e-10
5.012e-07 1.085e+47 4.368e+34 4.376e-23 2.879e-11 3.617e-10
5.623e-07 8.029e+46 4.068e+34 4.075e-23 2.681e-11 3.369e-10
6.310e-07 5.923e+46 3.778e+34 3.784e-23 2.490e-11 3.128e-10
7.079e-07 4.357e+46 3.498e+34 3.504e-23 2.305e-11 2.897e-10
7.943e-07 3.195e+46 3.230e+34 3.235e-23 2.128e-11 2.674e-10
8.913e-07 2.336e+46 2.972e+34 2.978e-23 1.959e-11 2.461e-10
1.000e-06 1.702e+46 2.727e+34 2.731e-23 1.797e-11 2.258e-10
1.122e-06 1.236e+46 2.493e+34 2.497e-23 1.643e-11 2.064e-10
1.259e-06 8.945e+45 2.271e+34 2.275e-23 1.497e-11 1.881e-10
1.413e-06 6.450e+45 2.062e+34 2.065e-23 1.359e-11 1.707e-10
1.585e-06 4.633e+45 1.865e+34 1.868e-23 1.229e-11 1.544e-10
1.778e-06 3.315e+45 1.680e+34 1.683e-23 1.107e-11 1.391e-10
1.995e-06 2.363e+45 1.507e+34 1.509e-23 9.930e-12 1.248e-10
2.239e-06 1.677e+45 1.346e+34 1.348e-23 8.871e-12 1.115e-10
2.512e-06 1.184e+45 1.197e+34 1.199e-23 7.890e-12 9.915e-11
2.818e-06 8.330e+44 1.060e+34 1.062e-23 6.986e-12 8.778e-11
3.162e-06 5.830e+44 9.341e+33 9.357e-24 6.155e-12 7.735e-11
3.548e-06 4.061e+44 8.191e+33 8.204e-24 5.397e-12 6.782e-11
3.981e-06 2.814e+44 7.145e+33 7.157e-24 4.708e-12 5.917e-11
4.467e-06 1.939e+44 6.200e+33 6.210e-24 4.085e-12 5.134e-11
5.012e-06 1.329e+44 5.350e+33 5.359e-24 3.525e-12 4.430e-11
5.623e-06 9.061e+43 4.591e+33 4.598e-24 3.025e-12 3.801e-11
6.310e-06 6.140e+43 3.916e+33 3.923e-24 2.580e-12 3.243e-11
7.079e-06 4.135e+43 3.321e+33 3.326e-24 2.188e-12 2.750e-11
7.943e-06 2.769e+43 2.799e+33 2.804e-24 1.844e-12 2.318e-11
8.913e-06 1.842e+43 2.345e+33 2.349e-24 1.545e-12 1.942e-11
1.000e-05 1.219e+43 1.953e+33 1.956e-24 1.287e-12 1.617e-11
1.122e-05 8.019e+42 1.618e+33 1.620e-24 1.066e-12 1.339e-11
1.259e-05 5.250e+42 1.333e+33 1.335e-24 8.785e-13 1.104e-11
1.413e-05 3.424e+42 1.094e+33 1.096e-24 7.212e-13 9.063e-12
1.585e-05 2.228e+42 8.966e+32 8.981e-25 5.908e-13 7.424e-12
1.778e-05 1.450e+42 7.346e+32 7.358e-25 4.840e-13 6.083e-12
1.995e-05 9.470e+41 6.041e+32 6.051e-25 3.980e-13 5.002e-12
2.239e-05 6.237e+41 5.008e+32 5.017e-25 3.300e-13 4.147e-12
2.512e-05 4.165e+41 4.210e+32 4.217e-25 2.774e-13 3.486e-12
2.818e-05 2.838e+41 3.611e+32 3.617e-25 2.380e-13 2.990e-12
3.162e-05 1.984e+41 3.179e+32 3.185e-25 2.095e-13 2.633e-12
3.548e-05 1.431e+41 2.886e+32 2.890e-25 1.901e-13 2.389e-12
3.981e-05 1.065e+41 2.705e+32 2.710e-25 1.782e-13 2.240e-12
4.467e-05 8.181e+40 2.615e+32 2.620e-25 1.723e-13 2.166e-12
5.012e-05 6.454e+40 2.597e+32 2.602e-25 1.711e-13 2.151e-12
5.623e-05 5.202e+40 2.636e+32 2.640e-25 1.737e-13 2.183e-12
6.310e-05 4.260e+40 2.717e+32 2.722e-25 1.791e-13 2.250e-12
7.079e-05 3.527e+40 2.832e+32 2.837e-25 1.866e-13 2.345e-12
7.943e-05 2.941e+40 2.973e+32 2.978e-25 1.959e-13 2.462e-12
8.913e-05 2.462e+40 3.134e+32 3.139e-25 2.065e-13 2.595e-12
1.000e-04 2.067e+40 3.311e+32 3.317e-25 2.182e-13 2.742e-12
1.122e-04 1.737e+40 3.503e+32 3.509e-25 2.308e-13 2.901e-12
1.259e-04 1.460e+40 3.708e+32 3.715e-25 2.444e-13 3.071e-12
1.413e-04 1.228e+40 3.927e+32 3.933e-25 2.588e-13 3.252e-12
1.585e-04 1.033e+40 4.159e+32 4.166e-25 2.740e-13 3.444e-12
1.778e-04 8.693e+39 4.404e+32 4.412e-25 2.902e-13 3.647e-12
1.995e-04 7.313e+39 4.664e+32 4.672e-25 3.074e-13 3.862e-12
2.239e-04 6.152e+39 4.940e+32 4.948e-25 3.255e-13 4.090e-12
2.512e-04 5.175e+39 5.232e+32 5.240e-25 3.447e-13 4.332e-12
2.818e-04 4.353e+39 5.540e+32 5.550e-25 3.651e-13 4.588e-12
3.162e-04 3.662e+39 5.868e+32 5.878e-25 3.867e-13 4.859e-12
3.548e-04 3.081e+39 6.214e+32 6.225e-25 4.095e-13 5.146e-12
3.981e-04 2.592e+39 6.581e+32 6.592e-25 4.336e-13 5.449e-12
4.467e-04 2.180e+39 6.969e+32 6.981e-25 4.592e-13 5.771e-12
5.012e-04 1.834e+39 7.380e+32 7.393e-25 4.863e-13 6.111e-12
5.623e-04 1.543e+39 7.816e+32 7.829e-25 5.150e-13 6.472e-12
6.310e-04 1.298e+39 8.276e+32 8.291e-25 5.454e-13 6.854e-12
7.079e-04 1.091e+39 8.764e+32 8.779e-25 5.775e-13 7.258e-12
7.943e-04 9.181e+38 9.281e+32 9.297e-25 6.116e-13 7.685e-12
8.913e-04 7.722e+38 9.828e+32 9.844e-25 6.476e-13 8.138e-12
1.000e-03 6.495e+38 1.041e+33 1.042e-24 6.858e-13 8.617e-12
1.122e-03 5.463e+38 1.102e+33 1.104e-24 7.261e-13 9.125e-12
1.259e-03 4.595e+38 1.167e+33 1.169e-24 7.689e-13 9.662e-12
1.413e-03 3.865e+38 1.235e+33 1.238e-24 8.141e-13 1.023e-11
1.585e-03 3.250e+38 1.308e+33 1.310e-24 8.620e-13 1.083e-11
1.778e-03 2.734e+38 1.385e+33 1.387e-24 9.126e-13 1.147e-11
1.995e-03 2.299e+38 1.466e+33 1.469e-24 9.662e-13 1.214e-11
2.239e-03 1.933e+38 1.552e+33 1.555e-24 1.023e-12 1.285e-11
2.512e-03 1.626e+38 1.643e+33 1.646e-24 1.083e-12 1.361e-11
2.818e-03 1.367e+38 1.740e+33 1.743e-24 1.146e-12 1.441e-11
3.162e-03 1.150e+38 1.842e+33 1.845e-24 1.214e-12 1.525e-11
3.548e-03 9.666e+37 1.950e+33 1.953e-24 1.285e-12 1.614e-11
3.981e-03 8.127e+37 2.064e+33 2.067e-24 1.360e-12 1.709e-11
4.467e-03 6.833e+37 2.184e+33 2.188e-24 1.439e-12 1.809e-11
5.012e-03 5.745e+37 2.312e+33 2.316e-24 1.523e-12 1.914e-11
5.623e-03 4.829e+37 2.447e+33 2.451e-24 1.612e-12 2.026e-11
6.310e-03 4.060e+37 2.589e+33 2.594e-24 1.706e-12 2.144e-11
7.079e-03 3.412e+37 2.740e+33 2.745e-24 1.806e-12 2.269e-11
7.943e-03 2.868e+37 2.899e+33 2.904e-24 1.911e-12 2.401e-11
8.913e-03 2.410e+37 3.068e+33 3.073e-24 2.021e-12 2.540e-11
1.000e-02 2.026e+37 3.245e+33 3.251e-24 2.139e-12 2.687e-11
1.122e-02 1.702e+37 3.433e+33 3.439e-24 2.262e-12 2.843e-11
1.259e-02 1.430e+37 3.631e+33 3.637e-24 2.393e-12 3.007e-11
1.413e-02 1.201e+37 3.840e+33 3.847e-24 2.531e-12 3.180e-11
1.585e-02 1.009e+37 4.061e+33 4.068e-24 2.676e-12 3.363e-11
1.778e-02 8.475e+36 4.294e+33 4.301e-24 2.830e-12 3.556e-11
1.995e-02 7.117e+36 4.540e+33 4.547e-24 2.991e-12 3.759e-11
2.239e-02 5.975e+36 4.798e+33 4.806e-24 3.162e-12 3.973e-11
2.512e-02 5.016e+36 5.071e+33 5.079e-24 3.341e-12 4.199e-11
2.818e-02 4.210e+36 5.357e+33 5.367e-24 3.530e-12 4.436e-11
3.162e-02 3.532e+36 5.659e+33 5.669e-24 3.729e-12 4.686e-11
3.548e-02 2.963e+36 5.976e+33 5.986e-24 3.938e-12 4.949e-11
3.981e-02 2.485e+36 6.309e+33 6.320e-24 4.158e-12 5.225e-11
4.467e-02 2.083e+36 6.659e+33 6.670e-24 4.388e-12 5.514e-11
5.012e-02 1.746e+36 7.025e+33 7.037e-24 4.629e-12 5.817e-11
5.623e-02 1.462e+36 7.409e+33 7.421e-24 4.882e-12 6.135e-11
6.310e-02 1.224e+36 7.810e+33 7.823e-24 5.146e-12 6.467e-11
7.079e-02 1.025e+36 8.229e+33 8.243e-24 5.422e-12 6.814e-11
7.943e-02 8.571e+35 8.665e+33 8.680e-24 5.710e-12 7.175e-11
8.913e-02 7.165e+35 9.119e+33 9.134e-24 6.009e-12 7.551e-11
1.000e-01 5.986e+35 9.590e+33 9.606e-24 6.319e-12 7.941e-11
1.122e-01 4.996e+35 1.008e+34 1.009e-23 6.641e-12 8.345e-11
1.259e-01 4.167e+35 1.058e+34 1.060e-23 6.972e-12 8.762e-11
1.413e-01 3.472e+35 1.110e+34 1.112e-23 7.314e-12 9.191e-11
1.585e-01 2.890e+35 1.163e+34 1.165e-23 7.664e-12 9.630e-11
1.778e-01 2.402e+35 1.217e+34 1.219e-23 8.021e-12 1.008e-10
1.995e-01 1.995e+35 1.272e+34 1.274e-23 8.384e-12 1.054e-10
2.239e-01 1.654e+35 1.328e+34 1.330e-23 8.750e-12 1.100e-10
2.512e-01 1.369e+35 1.384e+34 1.386e-23 9.118e-12 1.146e-10
2.818e-01 1.131e+35 1.439e+34 1.442e-23 9.485e-12 1.192e-10
3.162e-01 9.327e+34 1.494e+34 1.497e-23 9.847e-12 1.237e-10
3.548e-01 7.674e+34 1.548e+34 1.551e-23 1.020e-11 1.282e-10
3.981e-01 6.300e+34 1.600e+34 1.602e-23 1.054e-11 1.325e-10
4.467e-01 5.158e+34 1.649e+34 1.652e-23 1.087e-11 1.366e-10
5.012e-01 4.212e+34 1.695e+34 1.698e-23 1.117e-11 1.404e-10
5.623e-01 3.428e+34 1.737e+34 1.740e-23 1.145e-11 1.438e-10
6.310e-01 2.782e+34 1.774e+34 1.777e-23 1.169e-11 1.469e-10
7.079e-01 2.249e+34 1.806e+34 1.809e-23 1.190e-11 1.496e-10
7.943e-01 1.812e+34 1.832e+34 1.835e-23 1.207e-11 1.517e-10
8.913e-01 1.454e+34 1.851e+34 1.854e-23 1.219e-11 1.532e-10
1.000e+00 1.163e+34 1.863e+34 1.866e-23 1.227e-11 1.542e-10
1.122e+00 9.258e+33 1.867e+34 1.870e-23 1.230e-11 1.546e-10
1.259e+00 7.344e+33 1.865e+34 1.868e-23 1.229e-11 1.544e-10
1.413e+00 5.805e+33 1.856e+34 1.859e-23 1.223e-11 1.537e-10
1.585e+00 4.573e+33 1.841e+34 1.844e-23 1.213e-11 1.524e-10
1.778e+00 3.592e+33 1.820e+34 1.823e-23 1.199e-11 1.507e-10
1.995e+00 2.814e+33 1.795e+34 1.798e-23 1.183e-11 1.486e-10
2.239e+00 2.199e+33 1.766e+34 1.769e-23 1.164e-11 1.462e-10
2.512e+00 1.716e+33 1.734e+34 1.737e-23 1.143e-11 1.436e-10
2.818e+00 1.336e+33 1.701e+34 1.704e-23 1.121e-11 1.408e-10
3.162e+00 1.039e+33 1.665e+34 1.668e-23 1.097e-11 1.379e-10
3.548e+00 8.073e+32 1.628e+34 1.631e-23 1.073e-11 1.348e-10
3.981e+00 6.261e+32 1.590e+34 1.593e-23 1.048e-11 1.317e-10
4.467e+00 4.849e+32 1.550e+34 1.553e-23 1.022e-11 1.284e-10
5.012e+00 3.750e+32 1.509e+34 1.512e-23 9.944e-12 1.250e-10
5.623e+00 2.895e+32 1.467e+34 1.469e-23 9.665e-12 1.214e-10
6.310e+00 2.231e+32 1.423e+34 1.425e-23 9.376e-12 1.178e-10
7.079e+00 1.716e+32 1.378e+34 1.380e-23 9.078e-12 1.141e-10
7.943e+00 1.317e+32 1.331e+34 1.333e-23 8.771e-12 1.102e-10
8.913e+00 1.008e+32 1.283e+34 1.285e-23 8.456e-12 1.063e-10
1.000e+01 7.704e+31 1.234e+34 1.236e-23 8.133e-12 1.022e-10
1.122e+01 5.873e+31 1.185e+34 1.187e-23 7.806e-12 9.810e-11
1.259e+01 4.469e+31 1.135e+34 1.137e-23 7.478e-12 9.397e-11
1.413e+01 3.394e+31 1.085e+34 1.087e-23 7.149e-12 8.984e-11
1.585e+01 2.572e+31 1.035e+34 1.037e-23 6.821e-12 8.571e-11
1.778e+01 1.945e+31 9.854e+33 9.870e-24 6.493e-12 8.159e-11
1.995e+01 1.467e+31 9.359e+33 9.375e-24 6.167e-12 7.750e-11
2.239e+01 1.104e+31 8.868e+33 8.883e-24 5.843e-12 7.343e-11
2.512e+01 8.291e+30 8.381e+33 8.395e-24 5.523e-12 6.940e-11
2.818e+01 6.207e+30 7.900e+33 7.913e-24 5.206e-12 6.542e-11
3.162e+01 4.635e+30 7.426e+33 7.438e-24 4.893e-12 6.149e-11
3.548e+01 3.450e+30 6.959e+33 6.971e-24 4.586e-12 5.763e-11
3.981e+01 2.560e+30 6.501e+33 6.512e-24 4.284e-12 5.384e-11
4.467e+01 1.894e+30 6.054e+33 6.064e-24 3.989e-12 5.013e-11
5.012e+01 1.396e+30 5.618e+33 5.627e-24 3.702e-12 4.652e-11
5.623e+01 1.025e+30 5.194e+33 5.203e-24 3.423e-12 4.301e-11
6.310e+01 7.500e+29 4.784e+33 4.792e-24 3.152e-12 3.961e-11
7.079e+01 5.465e+29 4.388e+33 4.396e-24 2.892e-12 3.634e-11
7.943e+01 3.966e+29 4.009e+33 4.016e-24 2.642e-12 3.320e-11
8.913e+01 2.865e+29 3.646e+33 3.652e-24 2.402e-12 3.019e-11
1.000e+02 2.060e+29 3.300e+33 3.306e-24 2.175e-12 2.733e-11
1.122e+02 1.473e+29 2.972e+33 2.977e-24 1.958e-12 2.461e-11
1.259e+02 1.049e+29 2.663e+33 2.667e-24 1.755e-12 2.205e-11
1.413e+02 7.420e+28 2.372e+33 2.376e-24 1.563e-12 1.964e-11
1.585e+02 5.220e+28 2.101e+33 2.104e-24 1.384e-12 1.740e-11
1.778e+02 3.650e+28 1.849e+33 1.852e-24 1.218e-12 1.531e-11
1.995e+02 2.535e+28 1.617e+33 1.620e-24 1.066e-12 1.339e-11
2.239e+02 1.749e+28 1.405e+33 1.407e-24 9.256e-13 1.163e-11
2.512e+02 1.198e+28 1.211e+33 1.213e-24 7.980e-13 1.003e-11
2.818e+02 8.135e+27 1.035e+33 1.037e-24 6.822e-13 8.573e-12
3.162e+02 5.473e+27 8.769e+32 8.784e-25 5.778e-13 7.261e-12
3.548e+02 3.645e+27 7.352e+32 7.364e-25 4.845e-13 6.088e-12
3.981e+02 2.401e+27 6.097e+32 6.108e-25 4.018e-13 5.049e-12
4.467e+02 1.564e+27 5.000e+32 5.009e-25 3.295e-13 4.141e-12
5.012e+02 1.008e+27 4.055e+32 4.062e-25 2.672e-13 3.358e-12
5.623e+02 6.418e+26 3.252e+32 3.257e-25 2.143e-13 2.693e-12
6.310e+02 4.044e+26 2.579e+32 2.584e-25 1.700e-13 2.136e-12
7.079e+02 2.520e+26 2.023e+32 2.027e-25 1.333e-13 1.675e-12
7.943e+02 1.552e+26 1.568e+32 1.571e-25 1.034e-13 1.299e-12
8.913e+02 9.429e+25 1.200e+32 1.202e-25 7.907e-14 9.937e-13
1.000e+03 5.644e+25 9.042e+31 9.058e-26 5.959e-14 7.488e-13
1.122e+03 3.319e+25 6.694e+31 6.706e-26 4.411e-14 5.543e-13
1.259e+03 1.911e+25 4.854e+31 4.862e-26 3.198e-14 4.019e-13
1.413e+03 1.075e+25 3.435e+31 3.441e-26 2.264e-14 2.845e-13
1.585e+03 5.875e+24 2.365e+31 2.369e-26 1.558e-14 1.958e-13
1.778e+03 3.111e+24 1.576e+31 1.579e-26 1.039e-14 1.305e-13
1.995e+03 1.588e+24 1.013e+31 1.015e-26 6.676e-15 8.390e-14
2.239e+03 7.772e+23 6.241e+30 6.251e-27 4.112e-15 5.168e-14
2.512e+03 3.615e+23 3.654e+30 3.660e-27 2.408e-15 3.026e-14
2.818e+03 1.578e+23 2.008e+30 2.011e-27 1.323e-15 1.663e-14
3.162e+03 6.311e+22 1.011e+30 1.013e-27 6.663e-16 8.373e-15
3.548e+03 2.200e+22 4.438e+29 4.446e-28 2.925e-16 3.675e-15
3.981e+03 5.826e+21 1.479e+29 1.482e-28 9.748e-17 1.225e-15
4.467e+03 6.016e+20 1.923e+28 1.926e-29 1.267e-17 1.592e-16
5.012e+03 2.117e-13 8.519e-06 8.533e-63 5.614e-51 7.054e-50
5.623e+03 1.886e-13 9.558e-06 9.574e-63 6.298e-51 7.915e-50
6.310e+03 1.681e-13 1.072e-05 1.074e-62 7.066e-51 8.880e-50
7.079e+03 1.498e-13 1.203e-05 1.205e-62 7.928e-51 9.963e-50
7.943e+03 1.335e-13 1.350e-05 1.352e-62 8.895e-51 1.118e-49
8.913e+03 1.190e-13 1.514e-05 1.517e-62 9.979e-51 1.254e-49
1.000e+04 1.060e-13 1.699e-05 1.702e-62 1.120e-50 1.407e-49
1.122e+04 9.450e-14 1.906e-05 1.909e-62 1.256e-50 1.578e-49
1.259e+04 8.422e-14 2.139e-05 2.142e-62 1.409e-50 1.771e-49
1.413e+04 7.505e-14 2.399e-05 2.403e-62 1.581e-50 1.987e-49
1.585e+04 6.688e-14 2.692e-05 2.696e-62 1.774e-50 2.229e-49
1.778e+04 5.960e-14 3.019e-05 3.025e-62 1.990e-50 2.500e-49
1.995e+04 5.311e-14 3.387e-05 3.393e-62 2.232e-50 2.805e-49
2.239e+04 4.732e-14 3.800e-05 3.806e-62 2.504e-50 3.147e-49
2.512e+04 4.217e-14 4.263e-05 4.270e-62 2.809e-50 3.530e-49
2.818e+04 3.757e-14 4.782e-05 4.790e-62 3.151e-50 3.960e-49
3.162e+04 3.348e-14 5.364e-05 5.373e-62 3.535e-50 4.442e-49
3.548e+04 2.983e-14 6.017e-05 6.027e-62 3.965e-50 4.982e-49
3.981e+04 2.658e-14 6.749e-05 6.761e-62 4.447e-50 5.589e-49
4.467e+04 2.368e-14 7.570e-05 7.583e-62 4.988e-50 6.269e-49
5.012e+04 2.110e-14 8.491e-05 8.505e-62 5.595e-50 7.031e-49
5.623e+04 1.880e-14 9.523e-05 9.539e-62 6.275e-50 7.886e-49
6.310e+04 1.674e-14 1.068e-04 1.070e-61 7.038e-50 8.844e-49
7.079e+04 1.492e-14 1.198e-04 1.200e-61 7.893e-50 9.918e-49
7.943e+04 1.329e-14 1.343e-04 1.345e-61 8.851e-50 1.112e-48
8.913e+04 1.183e-14 1.506e-04 1.509e-61 9.925e-50 1.247e-48
1.000e+05 1.054e-14 1.689e-04 1.692e-61 1.113e-49 1.398e-48
1.122e+05 9.388e-15 1.894e-04 1.897e-61 1.248e-49 1.568e-48
1.259e+05 8.360e-15 2.123e-04 2.126e-61 1.399e-49 1.758e-48
1.413e+05 7.444e-15 2.380e-04 2.384e-61 1.568e-49 1.971e-48
1.585e+05 6.628e-15 2.668e-04 2.672e-61 1.758e-49 2.209e-48
1.778e+05 5.901e-15 2.990e-04 2.995e-61 1.970e-49 2.476e-48
1.995e+05 5.253e-15 3.351e-04 3.356e-61 2.208e-49 2.775e-48
2.239e+05 3.741e-15 3.004e-04 3.009e-61 1.979e-49 2.487e-48
2.512e+05 3.329e-15 3.365e-04 3.371e-61 2.218e-49 2.787e-48
2.818e+05 2.962e-15 3.770e-04 3.777e-61 2.484e-49 3.122e-48
3.162e+05 2.636e-15 4.223e-04 4.230e-61 2.783e-49 3.497e-48
3.548e+05 2.345e-15 4.729e-04 4.737e-61 3.116e-49 3.916e-48
3.981e+05 2.085e-15 5.295e-04 5.304e-61 3.489e-49 4.385e-48
4.467e+05 1.854e-15 5.928e-04 5.938e-61 3.906e-49 4.909e-48
5.012e+05 1.648e-15 6.634e-04 6.646e-61 4.372e-49 5.494e-48
5.623e+05 1.465e-15 7.423e-04 7.436e-61 4.892e-49 6.147e-48
6.310e+05 1.302e-15 8.304e-04 8.318e-61 5.472e-49 6.876e-48
7.079e+05 1.156e-15 9.286e-04 9.302e-61 6.119e-49 7.689e-48
7.943e+05 1.027e-15 1.038e-03 1.040e-60 6.841e-49 8.596e-48
8.913e+05 9.116e-16 1.160e-03 1.162e-60 7.645e-49 9.607e-48
1.000e+06 8.089e-16 1.296e-03 1.298e-60 8.540e-49 1.073e-47
1.122e+06 7.175e-16 1.447e-03 1.450e-60 9.536e-49 1.198e-47
1.259e+06 6.361e-16 1.615e-03 1.618e-60 1.064e-48 1.337e-47
1.413e+06 5.636e-16 1.802e-03 1.805e-60 1.187e-48 1.492e-47
1.585e+06 4.992e-16 2.009e-03 2.012e-60 1.324e-48 1.664e-47
1.778e+06 4.418e-16 2.239e-03 2.242e-60 1.475e-48 1.854e-47
1.995e+06 3.908e-16 2.493e-03 2.497e-60 1.643e-48 2.064e-47
2.239e+06 2.591e-16 2.080e-03 2.084e-60 1.371e-48 1.723e-47
2.512e+06 2.288e-16 2.313e-03 2.317e-60 1.524e-48 1.916e-47
2.818e+06 2.019e-16 2.570e-03 2.574e-60 1.694e-48 2.128e-47
3.162e+06 1.780e-16 2.853e-03 2.857e-60 1.880e-48 2.362e-47
3.548e+06 1.568e-16 3.163e-03 3.169e-60 2.084e-48 2.619e-47
3.981e+06 1.380e-16 3.504e-03 3.510e-60 2.309e-48 2.901e-47
4.467e+06 1.213e-16 3.876e-03 3.883e-60 2.554e-48 3.210e-47
5.012e+06 1.064e-16 4.283e-03 4.290e-60 2.822e-48 3.547e-47
5.623e+06 9.328e-17 4.726e-03 4.734e-60 3.114e-48 3.913e-47
6.310e+06 8.163e-17 5.206e-03 5.215e-60 3.431e-48 4.311e-47
7.079e+06 7.131e-17 5.726e-03 5.736e-60 3.773e-48 4.742e-47
7.943e+06 6.219e-17 6.286e-03 6.297e-60 4.143e-48 5.206e-47
8.913e+06 5.412e-17 6.888e-03 6.900e-60 4.539e-48 5.704e-47
1.000e+07 4.700e-17 7.530e-03 7.543e-60 4.962e-48 6.236e-47
1.122e+07 4.072e-17 8.213e-03 8.227e-60 5.412e-48 6.801e-47
1.259e+07 3.519e-17 8.935e-03 8.950e-60 5.888e-48 7.399e-47
1.413e+07 2.021e-17 6.461e-03 6.472e-60 4.258e-48 5.350e-47
1.585e+07 1.736e-17 6.986e-03 6.998e-60 4.604e-48 5.785e-47
1.778e+07 1.486e-17 7.528e-03 7.540e-60 4.960e-48 6.233e-47
1.995e+07 0.000e+00 0.000e+00 0.000e+00 0.000e+00 0.000e+00
2.239e+07 0.000e+00 0.000e+00 0.000e+00 0.000e+00 0.000e+00
2.512e+07 0.000e+00 0.000e+00 0.000e+00 0.000e+00 0.000e+00
2.818e+07 0.000e+00 0.000e+00 0.000e+00 0.000e+00 0.000e+00
3.162e+07 0.000e+00 0.000e+00 0.000e+00 0.000e+00 0.000e+00
3.548e+07 0.000e+00 0.000e+00 0.000e+00 0.000e+00 0.000e+00
3.981e+07 0.000e+00 0.000e+00 0.000e+00 0.000e+00 0.000e+00
4.467e+07 0.000e+00 0.000e+00 0.000e+00 0.000e+00 0.000e+00
5.012e+07 0.000e+00 0.000e+00 0.000e+00 0.000e+00 0.000e+00
5.623e+07 0.000e+00 0.000e+00 0.000e+00 0.000e+00 0.000e+00
6.310e+07 0.000e+00 0.000e+00 0.000e+00 0.000e+00 0.000e+00
7.079e+07 0.000e+00 0.000e+00 0.000e+00 0.000e+00 0.000e+00
7.943e+07 0.000e+00 0.000e+00 0.000e+00 0.000e+00 0.000e+00
8.913e+07 0.000e+00 0.000e+00 0.000e+00 0.000e+00 0.000e+00
1.000e+08 0.000e+00 0.000e+00 0.000e+00 0.000e+00 0.000e+00
