6.110e-07 2.815e+58 1.051e+46
6.856e-07 2.236e+58 1.051e+46
7.692e-07 1.776e+58 1.051e+46
8.631e-07 1.411e+58 1.051e+46
9.684e-07 1.121e+58 1.051e+46
1.087e-06 8.902e+57 1.051e+46
1.219e-06 7.071e+57 1.051e+46
1.368e-06 5.617e+57 1.051e+46
1.535e-06 4.462e+57 1.051e+46
1.722e-06 3.544e+57 1.051e+46
1.932e-06 2.815e+57 1.051e+46
2.168e-06 2.236e+57 1.051e+46
2.432e-06 1.776e+57 1.051e+46
2.729e-06 1.411e+57 1.051e+46
3.062e-06 1.121e+57 1.051e+46
3.436e-06 8.902e+56 1.051e+46
3.855e-06 7.071e+56 1.051e+46
4.326e-06 5.617e+56 1.051e+46
4.853e-06 4.462e+56 1.051e+46
5.446e-06 3.544e+56 1.051e+46
6.110e-06 2.815e+56 1.051e+46
6.856e-06 2.236e+56 1.051e+46
7.692e-06 1.776e+56 1.051e+46
8.631e-06 1.411e+56 1.051e+46
9.684e-06 1.121e+56 1.051e+46
1.087e-05 8.902e+55 1.051e+46
1.219e-05 7.071e+55 1.051e+46
1.368e-05 5.617e+55 1.051e+46
1.535e-05 4.462e+55 1.051e+46
1.722e-05 3.544e+55 1.051e+46
1.932e-05 2.815e+55 1.051e+46
2.168e-05 2.236e+55 1.051e+46
2.432e-05 1.776e+55 1.051e+46
2.729e-05 1.411e+55 1.051e+46
3.062e-05 1.121e+55 1.051e+46
3.436e-05 8.902e+54 1.051e+46
3.855e-05 7.071e+54 1.051e+46
4.326e-05 5.617e+54 1.051e+46
4.853e-05 4.462e+54 1.051e+46
5.446e-05 3.544e+54 1.051e+46
6.110e-05 2.815e+54 1.051e+46
6.856e-05 2.236e+54 1.051e+46
7.692e-05 1.776e+54 1.051e+46
8.631e-05 1.411e+54 1.051e+46
9.684e-05 1.121e+54 1.051e+46
1.087e-04 8.902e+53 1.051e+46
1.219e-04 7.071e+53 1.051e+46
1.368e-04 5.617e+53 1.051e+46
1.535e-04 4.462e+53 1.051e+46
1.722e-04 3.544e+53 1.051e+46
1.932e-04 2.815e+53 1.051e+46
2.168e-04 2.236e+53 1.051e+46
2.432e-04 1.776e+53 1.051e+46
2.729e-04 1.411e+53 1.051e+46
3.062e-04 1.121e+53 1.051e+46
3.436e-04 8.902e+52 1.051e+46
3.855e-04 7.071e+52 1.051e+46
4.326e-04 5.617e+52 1.051e+46
4.853e-04 4.462e+52 1.051e+46
5.446e-04 3.544e+52 1.051e+46
6.110e-04 2.815e+52 1.051e+46
6.856e-04 2.236e+52 1.051e+46
7.692e-04 1.776e+52 1.051e+46
8.631e-04 1.411e+52 1.051e+46
9.684e-04 1.121e+52 1.051e+46
1.087e-03 8.902e+51 1.051e+46
1.219e-03 7.071e+51 1.051e+46
1.368e-03 5.617e+51 1.051e+46
1.535e-03 4.462e+51 1.051e+46
1.722e-03 3.544e+51 1.051e+46
1.932e-03 2.815e+51 1.051e+46
2.168e-03 2.236e+51 1.051e+46
2.432e-03 1.776e+51 1.051e+46
2.729e-03 1.411e+51 1.051e+46
3.062e-03 1.121e+51 1.051e+46
3.436e-03 8.902e+50 1.051e+46
3.855e-03 7.071e+50 1.051e+46
4.326e-03 5.617e+50 1.051e+46
4.853e-03 4.461e+50 1.051e+46
5.446e-03 3.544e+50 1.051e+46
6.110e-03 2.815e+50 1.051e+46
6.856e-03 2.236e+50 1.051e+46
7.692e-03 1.776e+50 1.051e+46
8.631e-03 1.411e+50 1.051e+46
9.684e-03 1.121e+50 1.051e+46
1.087e-02 8.901e+49 1.051e+46
1.219e-02 7.070e+49 1.051e+46
1.368e-02 5.616e+49 1.051e+46
1.535e-02 4.461e+49 1.051e+46
1.722e-02 3.543e+49 1.051e+46
1.932e-02 2.815e+49 1.051e+46
2.168e-02 2.236e+49 1.051e+46
2.432e-02 1.776e+49 1.051e+46
2.729e-02 1.411e+49 1.051e+46
3.062e-02 1.120e+49 1.051e+46
3.436e-02 8.899e+48 1.051e+46
3.855e-02 7.069e+48 1.051e+46
4.326e-02 5.615e+48 1.050e+46
4.853e-02 4.460e+48 1.050e+46
5.446e-02 3.542e+48 1.050e+46
6.110e-02 2.813e+48 1.050e+46
6.856e-02 2.235e+48 1.050e+46
7.692e-02 1.775e+48 1.050e+46
8.631e-02 1.410e+48 1.050e+46
9.684e-02 1.120e+48 1.050e+46
1.087e-01 8.893e+47 1.050e+46
1.219e-01 7.063e+47 1.050e+46
1.368e-01 5.609e+47 1.050e+46
1.535e-01 4.455e+47 1.049e+46
1.722e-01 3.538e+47 1.049e+46
1.932e-01 2.810e+47 1.049e+46
2.168e-01 2.231e+47 1.049e+46
2.432e-01 1.772e+47 1.048e+46
2.729e-01 1.407e+47 1.048e+46
3.062e-01 1.117e+47 1.048e+46
3.436e-01 8.872e+46 1.047e+46
3.855e-01 7.044e+46 1.047e+46
4.326e-01 5.593e+46 1.046e+46
4.853e-01 4.440e+46 1.046e+46
5.446e-01 3.525e+46 1.045e+46
6.110e-01 2.798e+46 1.045e+46
6.856e-01 2.221e+46 1.044e+46
7.692e-01 1.763e+46 1.043e+46
8.631e-01 1.399e+46 1.042e+46
9.684e-01 1.110e+46 1.041e+46
1.087e+00 8.806e+45 1.040e+46
1.219e+00 6.986e+45 1.038e+46
1.368e+00 5.541e+45 1.037e+46
1.535e+00 4.394e+45 1.035e+46
1.722e+00 3.484e+45 1.033e+46
1.932e+00 2.761e+45 1.031e+46
2.168e+00 2.188e+45 1.028e+46
2.432e+00 1.734e+45 1.026e+46
2.729e+00 1.373e+45 1.023e+46
3.062e+00 1.087e+45 1.019e+46
3.436e+00 8.602e+44 1.015e+46
3.855e+00 6.804e+44 1.011e+46
4.326e+00 5.379e+44 1.006e+46
4.853e+00 4.250e+44 1.001e+46
5.446e+00 3.356e+44 9.953e+45
6.110e+00 2.648e+44 9.887e+45
6.856e+00 2.088e+44 9.813e+45
7.692e+00 1.645e+44 9.731e+45
8.631e+00 1.293e+44 9.629e+45
9.684e+00 1.016e+44 9.527e+45
1.087e+01 7.973e+43 9.412e+45
1.219e+01 6.248e+43 9.286e+45
1.368e+01 4.887e+43 9.144e+45
1.535e+01 3.816e+43 8.989e+45
1.722e+01 2.973e+43 8.816e+45
1.932e+01 2.311e+43 8.626e+45
2.168e+01 1.791e+43 8.417e+45
2.432e+01 1.384e+43 8.188e+45
2.729e+01 1.066e+43 7.938e+45
3.062e+01 8.174e+42 7.665e+45
3.436e+01 6.243e+42 7.370e+45
3.855e+01 4.744e+42 7.050e+45
4.326e+01 3.585e+42 6.707e+45
4.853e+01 2.692e+42 6.340e+45
5.446e+01 2.007e+42 5.951e+45
6.110e+01 1.484e+42 5.541e+45
6.856e+01 1.088e+42 5.112e+45
7.692e+01 7.890e+41 4.668e+45
8.631e+01 5.657e+41 4.214e+45
9.684e+01 4.002e+41 3.753e+45
1.087e+02 2.790e+41 3.293e+45
1.219e+02 1.911e+41 2.840e+45
1.368e+02 1.284e+41 2.403e+45
1.535e+02 8.437e+40 1.987e+45
1.722e+02 5.404e+40 1.603e+45
1.932e+02 3.361e+40 1.255e+45
2.168e+02 2.022e+40 9.501e+44
2.432e+02 1.170e+40 6.922e+44
2.729e+02 6.475e+39 4.823e+44
3.062e+02 3.406e+39 3.194e+44
3.436e+02 1.691e+39 1.996e+44
3.855e+02 7.866e+38 1.169e+44
4.326e+02 3.404e+38 6.368e+43
4.853e+02 1.362e+38 3.208e+43
5.446e+02 5.017e+37 1.488e+43
6.110e+02 1.863e+37 6.957e+42
6.856e+02 5.724e+36 2.690e+42
7.692e+02 1.557e+36 9.211e+41
8.631e+02 3.411e+35 2.541e+41
9.684e+02 2.958e+34 2.774e+40
