6.110e-07 2.504e+59 9.348e+46
6.856e-07 1.989e+59 9.348e+46
7.692e-07 1.580e+59 9.348e+46
8.631e-07 1.255e+59 9.348e+46
9.684e-07 9.969e+58 9.348e+46
1.087e-06 7.919e+58 9.348e+46
1.219e-06 6.290e+58 9.348e+46
1.368e-06 4.996e+58 9.348e+46
1.535e-06 3.969e+58 9.348e+46
1.722e-06 3.152e+58 9.348e+46
1.932e-06 2.504e+58 9.348e+46
2.168e-06 1.989e+58 9.348e+46
2.432e-06 1.580e+58 9.348e+46
2.729e-06 1.255e+58 9.348e+46
3.062e-06 9.969e+57 9.348e+46
3.436e-06 7.919e+57 9.348e+46
3.855e-06 6.290e+57 9.348e+46
4.326e-06 4.996e+57 9.348e+46
4.853e-06 3.969e+57 9.348e+46
5.446e-06 3.152e+57 9.348e+46
6.110e-06 2.504e+57 9.348e+46
6.856e-06 1.989e+57 9.348e+46
7.692e-06 1.580e+57 9.348e+46
8.631e-06 1.255e+57 9.348e+46
9.684e-06 9.969e+56 9.348e+46
1.087e-05 7.919e+56 9.348e+46
1.219e-05 6.290e+56 9.348e+46
1.368e-05 4.996e+56 9.348e+46
1.535e-05 3.969e+56 9.348e+46
1.722e-05 3.152e+56 9.348e+46
1.932e-05 2.504e+56 9.348e+46
2.168e-05 1.989e+56 9.348e+46
2.432e-05 1.580e+56 9.348e+46
2.729e-05 1.255e+56 9.348e+46
3.062e-05 9.969e+55 9.348e+46
3.436e-05 7.919e+55 9.348e+46
3.855e-05 6.290e+55 9.348e+46
4.326e-05 4.996e+55 9.348e+46
4.853e-05 3.969e+55 9.348e+46
5.446e-05 3.152e+55 9.348e+46
6.110e-05 2.504e+55 9.348e+46
6.856e-05 1.989e+55 9.348e+46
7.692e-05 1.580e+55 9.348e+46
8.631e-05 1.255e+55 9.348e+46
9.684e-05 9.969e+54 9.348e+46
1.087e-04 7.919e+54 9.348e+46
1.219e-04 6.290e+54 9.348e+46
1.368e-04 4.996e+54 9.348e+46
1.535e-04 3.969e+54 9.348e+46
1.722e-04 3.152e+54 9.348e+46
1.932e-04 2.504e+54 9.348e+46
2.168e-04 1.989e+54 9.348e+46
2.432e-04 1.580e+54 9.348e+46
2.729e-04 1.255e+54 9.348e+46
3.062e-04 9.969e+53 9.348e+46
3.436e-04 7.919e+53 9.348e+46
3.855e-04 6.290e+53 9.348e+46
4.326e-04 4.996e+53 9.348e+46
4.853e-04 3.969e+53 9.348e+46
5.446e-04 3.152e+53 9.348e+46
6.110e-04 2.504e+53 9.348e+46
6.856e-04 1.989e+53 9.348e+46
7.692e-04 1.580e+53 9.348e+46
8.631e-04 1.255e+53 9.348e+46
9.684e-04 9.969e+52 9.348e+46
1.087e-03 7.919e+52 9.348e+46
1.219e-03 6.290e+52 9.348e+46
1.368e-03 4.996e+52 9.348e+46
1.535e-03 3.969e+52 9.348e+46
1.722e-03 3.152e+52 9.348e+46
1.932e-03 2.504e+52 9.348e+46
2.168e-03 1.989e+52 9.348e+46
2.432e-03 1.580e+52 9.348e+46
2.729e-03 1.255e+52 9.348e+46
3.062e-03 9.969e+51 9.348e+46
3.436e-03 7.919e+51 9.348e+46
3.855e-03 6.290e+51 9.348e+46
4.326e-03 4.996e+51 9.348e+46
4.853e-03 3.969e+51 9.348e+46
5.446e-03 3.152e+51 9.348e+46
6.110e-03 2.504e+51 9.348e+46
6.856e-03 1.989e+51 9.348e+46
7.692e-03 1.580e+51 9.348e+46
8.631e-03 1.255e+51 9.348e+46
9.684e-03 9.969e+50 9.348e+46
1.087e-02 7.918e+50 9.348e+46
1.219e-02 6.290e+50 9.348e+46
1.368e-02 4.996e+50 9.348e+46
1.535e-02 3.969e+50 9.348e+46
1.722e-02 3.152e+50 9.347e+46
1.932e-02 2.504e+50 9.347e+46
2.168e-02 1.989e+50 9.348e+46
2.432e-02 1.580e+50 9.347e+46
2.729e-02 1.255e+50 9.348e+46
3.062e-02 9.968e+49 9.347e+46
3.436e-02 7.918e+49 9.347e+46
3.855e-02 6.290e+49 9.348e+46
4.326e-02 4.996e+49 9.348e+46
4.853e-02 3.968e+49 9.347e+46
5.446e-02 3.152e+49 9.347e+46
6.110e-02 2.504e+49 9.347e+46
6.856e-02 1.989e+49 9.347e+46
7.692e-02 1.580e+49 9.347e+46
8.631e-02 1.255e+49 9.347e+46
9.684e-02 9.968e+48 9.347e+46
1.087e-01 7.918e+48 9.347e+46
1.219e-01 6.289e+48 9.347e+46
1.368e-01 4.995e+48 9.347e+46
1.535e-01 3.968e+48 9.345e+46
1.722e-01 3.152e+48 9.346e+46
1.932e-01 2.503e+48 9.345e+46
2.168e-01 1.988e+48 9.345e+46
2.432e-01 1.579e+48 9.345e+46
2.729e-01 1.255e+48 9.345e+46
3.062e-01 9.965e+47 9.344e+46
3.436e-01 7.915e+47 9.344e+46
3.855e-01 6.286e+47 9.343e+46
4.326e-01 4.993e+47 9.342e+46
4.853e-01 3.966e+47 9.341e+46
5.446e-01 3.150e+47 9.340e+46
6.110e-01 2.502e+47 9.339e+46
6.856e-01 1.987e+47 9.337e+46
7.692e-01 1.578e+47 9.335e+46
8.631e-01 1.253e+47 9.332e+46
9.684e-01 9.948e+46 9.328e+46
1.087e+00 7.897e+46 9.323e+46
1.219e+00 6.267e+46 9.314e+46
1.368e+00 4.957e+46 9.274e+46
1.535e+00 3.601e+46 8.483e+46
1.722e+00 2.547e+46 7.553e+46
1.932e+00 1.801e+46 6.724e+46
2.168e+00 1.274e+46 5.985e+46
2.432e+00 9.004e+45 5.327e+46
2.729e+00 6.365e+45 4.741e+46
3.062e+00 4.498e+45 4.218e+46
3.436e+00 3.179e+45 3.753e+46
3.855e+00 2.246e+45 3.338e+46
4.326e+00 1.586e+45 2.968e+46
4.853e+00 1.120e+45 2.639e+46
5.446e+00 7.910e+44 2.346e+46
6.110e+00 5.583e+44 2.084e+46
6.856e+00 3.940e+44 1.852e+46
7.692e+00 2.779e+44 1.644e+46
8.631e+00 1.960e+44 1.460e+46
9.684e+00 1.381e+44 1.295e+46
1.087e+01 9.733e+43 1.149e+46
1.219e+01 6.855e+43 1.019e+46
1.368e+01 4.825e+43 9.028e+45
1.535e+01 3.394e+43 7.995e+45
1.722e+01 2.387e+43 7.077e+45
1.932e+01 1.677e+43 6.260e+45
2.168e+01 1.177e+43 5.533e+45
2.432e+01 8.260e+42 4.887e+45
2.729e+01 5.790e+42 4.313e+45
3.062e+01 4.055e+42 3.802e+45
3.436e+01 2.837e+42 3.349e+45
3.855e+01 1.982e+42 2.946e+45
4.326e+01 1.383e+42 2.588e+45
4.853e+01 9.643e+41 2.271e+45
5.446e+01 6.711e+41 1.990e+45
6.110e+01 4.664e+41 1.741e+45
6.856e+01 3.235e+41 1.520e+45
7.692e+01 2.240e+41 1.325e+45
8.631e+01 1.548e+41 1.153e+45
9.684e+01 1.067e+41 1.001e+45
1.087e+02 7.338e+40 8.662e+44
1.219e+02 5.033e+40 7.480e+44
1.368e+02 3.442e+40 6.439e+44
1.535e+02 2.346e+40 5.526e+44
1.722e+02 1.594e+40 4.726e+44
1.932e+02 1.078e+40 4.026e+44
2.168e+02 7.268e+39 3.416e+44
2.432e+02 4.876e+39 2.885e+44
2.729e+02 3.255e+39 2.425e+44
3.062e+02 2.161e+39 2.027e+44
3.436e+02 1.427e+39 1.684e+44
3.855e+02 9.356e+38 1.391e+44
4.326e+02 6.093e+38 1.140e+44
4.853e+02 3.937e+38 9.273e+43
5.446e+02 2.522e+38 7.478e+43
6.110e+02 1.601e+38 5.975e+43
6.856e+02 1.005e+38 4.725e+43
7.692e+02 6.244e+37 3.695e+43
8.631e+02 3.830e+37 2.853e+43
9.684e+02 2.317e+37 2.173e+43
1.087e+03 1.380e+37 1.630e+43
1.219e+03 8.087e+36 1.202e+43
1.368e+03 4.650e+36 8.700e+42
1.535e+03 2.618e+36 6.167e+42
1.722e+03 1.440e+36 4.271e+42
1.932e+03 7.719e+35 2.882e+42
2.168e+03 4.015e+35 1.887e+42
2.432e+03 2.018e+35 1.194e+42
2.729e+03 9.741e+34 7.256e+41
3.062e+03 4.470e+34 4.192e+41
3.436e+03 1.916e+34 2.262e+41
3.855e+03 7.386e+33 1.098e+41
4.326e+03 2.283e+33 4.272e+40
4.853e+03 2.594e+32 6.111e+39
