1.000e-20 7.138e+64 1.144e+25 1.146e-32 2.326e-21 2.923e-20
1.122e-20 6.611e+64 1.333e+25 1.336e-32 2.712e-21 3.408e-20
1.259e-20 6.122e+64 1.555e+25 1.557e-32 3.162e-21 3.973e-20
1.413e-20 5.670e+64 1.813e+25 1.816e-32 3.686e-21 4.633e-20
1.585e-20 5.251e+64 2.113e+25 2.117e-32 4.298e-21 5.401e-20
1.778e-20 4.863e+64 2.464e+25 2.468e-32 5.011e-21 6.297e-20
1.995e-20 4.504e+64 2.873e+25 2.878e-32 5.843e-21 7.342e-20
2.239e-20 4.171e+64 3.349e+25 3.355e-32 6.812e-21 8.560e-20
2.512e-20 3.863e+64 3.905e+25 3.912e-32 7.942e-21 9.980e-20
2.818e-20 3.577e+64 4.553e+25 4.561e-32 9.260e-21 1.164e-19
3.162e-20 3.313e+64 5.308e+25 5.317e-32 1.080e-20 1.357e-19
3.548e-20 3.068e+64 6.189e+25 6.199e-32 1.259e-20 1.582e-19
3.981e-20 2.842e+64 7.216e+25 7.228e-32 1.468e-20 1.844e-19
4.467e-20 2.632e+64 8.413e+25 8.427e-32 1.711e-20 2.150e-19
5.012e-20 2.437e+64 9.809e+25 9.825e-32 1.995e-20 2.507e-19
5.623e-20 2.257e+64 1.144e+26 1.146e-31 2.326e-20 2.923e-19
6.310e-20 2.090e+64 1.333e+26 1.336e-31 2.712e-20 3.408e-19
7.079e-20 1.936e+64 1.555e+26 1.557e-31 3.162e-20 3.973e-19
7.943e-20 1.793e+64 1.812e+26 1.816e-31 3.686e-20 4.632e-19
8.913e-20 1.660e+64 2.113e+26 2.117e-31 4.298e-20 5.401e-19
1.000e-19 1.538e+64 2.464e+26 2.468e-31 5.011e-20 6.297e-19
1.122e-19 1.424e+64 2.872e+26 2.877e-31 5.842e-20 7.341e-19
1.259e-19 1.319e+64 3.349e+26 3.355e-31 6.811e-20 8.559e-19
1.413e-19 1.221e+64 3.905e+26 3.911e-31 7.941e-20 9.979e-19
1.585e-19 1.131e+64 4.552e+26 4.560e-31 9.259e-20 1.163e-18
1.778e-19 1.048e+64 5.308e+26 5.317e-31 1.079e-19 1.357e-18
1.995e-19 9.702e+63 6.188e+26 6.199e-31 1.259e-19 1.582e-18
2.239e-19 8.985e+63 7.215e+26 7.227e-31 1.467e-19 1.844e-18
2.512e-19 8.321e+63 8.412e+26 8.426e-31 1.711e-19 2.150e-18
2.818e-19 7.706e+63 9.807e+26 9.824e-31 1.995e-19 2.507e-18
3.162e-19 7.137e+63 1.143e+27 1.145e-30 2.326e-19 2.922e-18
3.548e-19 6.609e+63 1.333e+27 1.335e-30 2.711e-19 3.407e-18
3.981e-19 6.121e+63 1.554e+27 1.557e-30 3.161e-19 3.972e-18
4.467e-19 5.669e+63 1.812e+27 1.815e-30 3.685e-19 4.631e-18
5.012e-19 5.250e+63 2.113e+27 2.116e-30 4.297e-19 5.400e-18
5.623e-19 4.862e+63 2.463e+27 2.467e-30 5.010e-19 6.295e-18
6.310e-19 4.502e+63 2.872e+27 2.877e-30 5.841e-19 7.340e-18
7.079e-19 4.170e+63 3.348e+27 3.354e-30 6.810e-19 8.557e-18
7.943e-19 3.861e+63 3.904e+27 3.910e-30 7.939e-19 9.977e-18
8.913e-19 3.576e+63 4.551e+27 4.559e-30 9.256e-19 1.163e-17
1.000e-18 3.312e+63 5.306e+27 5.315e-30 1.079e-18 1.356e-17
1.122e-18 3.067e+63 6.186e+27 6.197e-30 1.258e-18 1.581e-17
1.259e-18 2.840e+63 7.212e+27 7.224e-30 1.467e-18 1.843e-17
1.413e-18 2.630e+63 8.408e+27 8.423e-30 1.710e-18 2.149e-17
1.585e-18 2.436e+63 9.803e+27 9.819e-30 1.994e-18 2.505e-17
1.778e-18 2.256e+63 1.143e+28 1.145e-29 2.324e-18 2.921e-17
1.995e-18 2.089e+63 1.332e+28 1.335e-29 2.710e-18 3.405e-17
2.239e-18 1.934e+63 1.553e+28 1.556e-29 3.159e-18 3.970e-17
2.512e-18 1.791e+63 1.811e+28 1.814e-29 3.683e-18 4.628e-17
2.818e-18 1.659e+63 2.111e+28 2.115e-29 4.294e-18 5.396e-17
3.162e-18 1.536e+63 2.461e+28 2.466e-29 5.006e-18 6.291e-17
3.548e-18 1.423e+63 2.870e+28 2.874e-29 5.836e-18 7.334e-17
3.981e-18 1.317e+63 3.345e+28 3.351e-29 6.804e-18 8.550e-17
4.467e-18 1.220e+63 3.900e+28 3.907e-29 7.932e-18 9.967e-17
5.012e-18 1.130e+63 4.547e+28 4.554e-29 9.247e-18 1.162e-16
5.623e-18 1.046e+63 5.300e+28 5.309e-29 1.078e-17 1.355e-16
6.310e-18 9.687e+62 6.179e+28 6.189e-29 1.257e-17 1.579e-16
7.079e-18 8.970e+62 7.203e+28 7.215e-29 1.465e-17 1.841e-16
7.943e-18 8.306e+62 8.397e+28 8.411e-29 1.708e-17 2.146e-16
8.913e-18 7.692e+62 9.789e+28 9.805e-29 1.991e-17 2.502e-16
1.000e-17 7.122e+62 1.141e+29 1.143e-28 2.321e-17 2.916e-16
1.122e-17 6.595e+62 1.330e+29 1.332e-28 2.705e-17 3.400e-16
1.259e-17 6.106e+62 1.551e+29 1.553e-28 3.154e-17 3.963e-16
1.413e-17 5.654e+62 1.807e+29 1.811e-28 3.676e-17 4.619e-16
1.585e-17 5.235e+62 2.107e+29 2.110e-28 4.285e-17 5.385e-16
1.778e-17 4.847e+62 2.456e+29 2.460e-28 4.995e-17 6.276e-16
1.995e-17 4.488e+62 2.863e+29 2.867e-28 5.822e-17 7.316e-16
2.239e-17 4.155e+62 3.336e+29 3.342e-28 6.786e-17 8.527e-16
2.512e-17 3.847e+62 3.889e+29 3.895e-28 7.909e-17 9.939e-16
2.818e-17 3.562e+62 4.533e+29 4.540e-28 9.218e-17 1.158e-15
3.162e-17 3.297e+62 5.283e+29 5.292e-28 1.074e-16 1.350e-15
3.548e-17 3.052e+62 6.157e+29 6.167e-28 1.252e-16 1.574e-15
3.981e-17 2.826e+62 7.175e+29 7.187e-28 1.459e-16 1.834e-15
4.467e-17 2.616e+62 8.362e+29 8.376e-28 1.701e-16 2.137e-15
5.012e-17 2.421e+62 9.745e+29 9.761e-28 1.982e-16 2.490e-15
5.623e-17 2.241e+62 1.136e+30 1.137e-27 2.309e-16 2.902e-15
6.310e-17 2.074e+62 1.323e+30 1.325e-27 2.691e-16 3.382e-15
7.079e-17 1.920e+62 1.542e+30 1.544e-27 3.136e-16 3.940e-15
7.943e-17 1.777e+62 1.796e+30 1.799e-27 3.654e-16 4.591e-15
8.913e-17 1.645e+62 2.093e+30 2.097e-27 4.257e-16 5.349e-15
1.000e-16 1.522e+62 2.438e+30 2.442e-27 4.959e-16 6.232e-15
1.122e-16 1.408e+62 2.841e+30 2.845e-27 5.777e-16 7.260e-15
1.259e-16 1.303e+62 3.309e+30 3.314e-27 6.730e-16 8.457e-15
1.413e-16 1.206e+62 3.854e+30 3.861e-27 7.839e-16 9.850e-15
1.585e-16 1.115e+62 4.489e+30 4.497e-27 9.130e-16 1.147e-14
1.778e-16 1.032e+62 5.228e+30 5.237e-27 1.063e-15 1.336e-14
1.995e-16 9.544e+61 6.088e+30 6.098e-27 1.238e-15 1.556e-14
2.239e-16 8.828e+61 7.089e+30 7.101e-27 1.442e-15 1.812e-14
2.512e-16 8.164e+61 8.253e+30 8.267e-27 1.679e-15 2.109e-14
2.818e-16 7.549e+61 9.608e+30 9.624e-27 1.954e-15 2.455e-14
3.162e-16 6.980e+61 1.118e+31 1.120e-26 2.274e-15 2.858e-14
3.548e-16 6.453e+61 1.302e+31 1.304e-26 2.647e-15 3.327e-14
3.981e-16 5.965e+61 1.515e+31 1.517e-26 3.080e-15 3.871e-14
4.467e-16 5.513e+61 1.762e+31 1.765e-26 3.584e-15 4.504e-14
5.012e-16 5.094e+61 2.050e+31 2.054e-26 4.170e-15 5.240e-14
5.623e-16 4.706e+61 2.385e+31 2.389e-26 4.850e-15 6.094e-14
6.310e-16 4.347e+61 2.773e+31 2.778e-26 5.640e-15 7.087e-14
7.079e-16 4.015e+61 3.224e+31 3.230e-26 6.557e-15 8.240e-14
7.943e-16 3.707e+61 3.748e+31 3.754e-26 7.622e-15 9.578e-14
8.913e-16 3.422e+61 4.355e+31 4.363e-26 8.858e-15 1.113e-13
1.000e-15 3.158e+61 5.060e+31 5.069e-26 1.029e-14 1.293e-13
1.122e-15 2.914e+61 5.878e+31 5.888e-26 1.195e-14 1.502e-13
1.259e-15 2.688e+61 6.825e+31 6.837e-26 1.388e-14 1.744e-13
1.413e-15 2.478e+61 7.923e+31 7.936e-26 1.611e-14 2.025e-13
1.585e-15 2.284e+61 9.194e+31 9.209e-26 1.870e-14 2.350e-13
1.778e-15 2.105e+61 1.066e+32 1.068e-25 2.169e-14 2.726e-13
1.995e-15 1.939e+61 1.237e+32 1.239e-25 2.515e-14 3.160e-13
2.239e-15 1.785e+61 1.433e+32 1.436e-25 2.915e-14 3.663e-13
2.512e-15 1.643e+61 1.660e+32 1.663e-25 3.377e-14 4.244e-13
2.818e-15 1.511e+61 1.923e+32 1.926e-25 3.910e-14 4.914e-13
3.162e-15 1.389e+61 2.225e+32 2.229e-25 4.525e-14 5.687e-13
3.548e-15 1.276e+61 2.574e+32 2.578e-25 5.234e-14 6.578e-13
3.981e-15 1.172e+61 2.975e+32 2.980e-25 6.051e-14 7.603e-13
4.467e-15 1.075e+61 3.437e+32 3.442e-25 6.989e-14 8.783e-13
5.012e-15 9.857e+60 3.967e+32 3.974e-25 8.068e-14 1.014e-12
5.623e-15 9.031e+60 4.575e+32 4.583e-25 9.306e-14 1.169e-12
6.310e-15 8.267e+60 5.273e+32 5.282e-25 1.072e-13 1.348e-12
7.079e-15 7.561e+60 6.072e+32 6.082e-25 1.235e-13 1.552e-12
7.943e-15 6.909e+60 6.984e+32 6.996e-25 1.420e-13 1.785e-12
8.913e-15 6.306e+60 8.025e+32 8.039e-25 1.632e-13 2.051e-12
1.000e-14 5.749e+60 9.212e+32 9.227e-25 1.873e-13 2.354e-12
1.122e-14 5.236e+60 1.056e+33 1.058e-24 2.148e-13 2.699e-12
1.259e-14 4.762e+60 1.209e+33 1.211e-24 2.459e-13 3.090e-12
1.413e-14 4.324e+60 1.382e+33 1.385e-24 2.811e-13 3.533e-12
1.585e-14 3.921e+60 1.578e+33 1.581e-24 3.209e-13 4.033e-12
1.778e-14 3.550e+60 1.799e+33 1.802e-24 3.658e-13 4.597e-12
1.995e-14 3.208e+60 2.046e+33 2.050e-24 4.162e-13 5.230e-12
2.239e-14 2.894e+60 2.324e+33 2.328e-24 4.726e-13 5.939e-12
2.512e-14 2.605e+60 2.633e+33 2.638e-24 5.355e-13 6.730e-12
2.818e-14 2.340e+60 2.978e+33 2.983e-24 6.056e-13 7.610e-12
3.162e-14 2.096e+60 3.359e+33 3.365e-24 6.831e-13 8.585e-12
3.548e-14 1.874e+60 3.780e+33 3.786e-24 7.687e-13 9.660e-12
3.981e-14 1.670e+60 4.241e+33 4.248e-24 8.626e-13 1.084e-11
4.467e-14 1.484e+60 4.745e+33 4.754e-24 9.651e-13 1.213e-11
5.012e-14 1.315e+60 5.293e+33 5.302e-24 1.076e-12 1.353e-11
5.623e-14 1.161e+60 5.884e+33 5.893e-24 1.197e-12 1.504e-11
6.310e-14 1.022e+60 6.516e+33 6.527e-24 1.325e-12 1.665e-11
7.079e-14 8.953e+59 7.189e+33 7.201e-24 1.462e-12 1.837e-11
7.943e-14 7.813e+59 7.899e+33 7.912e-24 1.606e-12 2.019e-11
8.913e-14 6.789e+59 8.639e+33 8.654e-24 1.757e-12 2.208e-11
1.000e-13 5.870e+59 9.405e+33 9.421e-24 1.913e-12 2.404e-11
1.122e-13 5.050e+59 1.019e+34 1.020e-23 2.072e-12 2.604e-11
1.259e-13 4.322e+59 1.097e+34 1.099e-23 2.232e-12 2.805e-11
1.413e-13 3.677e+59 1.176e+34 1.178e-23 2.391e-12 3.005e-11
1.585e-13 3.110e+59 1.252e+34 1.254e-23 2.546e-12 3.199e-11
1.778e-13 2.614e+59 1.324e+34 1.327e-23 2.694e-12 3.385e-11
1.995e-13 2.183e+59 1.392e+34 1.395e-23 2.831e-12 3.558e-11
2.239e-13 1.810e+59 1.453e+34 1.456e-23 2.956e-12 3.714e-11
2.512e-13 1.490e+59 1.506e+34 1.509e-23 3.064e-12 3.850e-11
2.818e-13 1.218e+59 1.550e+34 1.553e-23 3.153e-12 3.962e-11
3.162e-13 9.884e+58 1.584e+34 1.586e-23 3.221e-12 4.047e-11
3.548e-13 7.962e+58 1.606e+34 1.609e-23 3.266e-12 4.104e-11
3.981e-13 6.367e+58 1.617e+34 1.619e-23 3.288e-12 4.132e-11
4.467e-13 5.055e+58 1.616e+34 1.619e-23 3.287e-12 4.130e-11
5.012e-13 3.988e+58 1.605e+34 1.608e-23 3.264e-12 4.102e-11
5.623e-13 3.126e+58 1.584e+34 1.586e-23 3.221e-12 4.048e-11
6.310e-13 2.437e+58 1.554e+34 1.557e-23 3.161e-12 3.972e-11
7.079e-13 1.890e+58 1.518e+34 1.521e-23 3.087e-12 3.880e-11
7.943e-13 1.461e+58 1.476e+34 1.479e-23 3.003e-12 3.773e-11
8.913e-13 1.125e+58 1.431e+34 1.434e-23 2.911e-12 3.658e-11
1.000e-12 8.639e+57 1.384e+34 1.387e-23 2.815e-12 3.538e-11
1.122e-12 inf inf inf inf inf
1.259e-12 inf inf inf inf inf
1.413e-12 inf inf inf inf inf
1.585e-12 inf inf inf inf inf
1.778e-12 inf inf inf inf inf
1.995e-12 inf inf inf inf inf
2.239e-12 inf inf inf inf inf
2.512e-12 inf inf inf inf inf
2.818e-12 inf inf inf inf inf
3.162e-12 inf inf inf inf inf
3.548e-12 inf inf inf inf inf
3.981e-12 inf inf inf inf inf
4.467e-12 inf inf inf inf inf
5.012e-12 inf inf inf inf inf
5.623e-12 inf inf inf inf inf
6.310e-12 inf inf inf inf inf
7.079e-12 inf inf inf inf inf
7.943e-12 inf inf inf inf inf
8.913e-12 inf inf inf inf inf
1.000e-11 inf inf inf inf inf
1.122e-11 inf inf inf inf inf
1.259e-11 2.230e+55 5.663e+33 5.672e-24 1.152e-12 1.447e-11
1.413e-11 1.692e+55 5.410e+33 5.419e-24 1.100e-12 1.383e-11
1.585e-11 1.284e+55 5.166e+33 5.174e-24 1.051e-12 1.320e-11
1.778e-11 9.729e+54 4.929e+33 4.938e-24 1.003e-12 1.260e-11
1.995e-11 7.369e+54 4.701e+33 4.709e-24 9.560e-13 1.201e-11
2.239e-11 5.578e+54 4.479e+33 4.487e-24 9.110e-13 1.145e-11
2.512e-11 4.220e+54 4.266e+33 4.273e-24 8.676e-13 1.090e-11
2.818e-11 3.189e+54 4.059e+33 4.066e-24 8.255e-13 1.037e-11
3.162e-11 2.409e+54 3.859e+33 3.866e-24 7.849e-13 9.864e-12
3.548e-11 1.818e+54 3.667e+33 3.673e-24 7.457e-13 9.371e-12
3.981e-11 1.371e+54 3.481e+33 3.487e-24 7.079e-13 8.896e-12
4.467e-11 1.033e+54 3.301e+33 3.307e-24 6.714e-13 8.437e-12
5.012e-11 7.773e+53 3.128e+33 3.133e-24 6.362e-13 7.995e-12
5.623e-11 5.845e+53 2.961e+33 2.966e-24 6.023e-13 7.569e-12
6.310e-11 4.391e+53 2.801e+33 2.806e-24 5.696e-13 7.158e-12
7.079e-11 3.296e+53 2.646e+33 2.651e-24 5.382e-13 6.763e-12
7.943e-11 2.471e+53 2.498e+33 2.502e-24 5.080e-13 6.384e-12
8.913e-11 1.851e+53 2.355e+33 2.359e-24 4.790e-13 6.019e-12
1.000e-10 1.384e+53 2.218e+33 2.222e-24 4.511e-13 5.669e-12
1.122e-10 1.035e+53 2.087e+33 2.091e-24 4.245e-13 5.334e-12
1.259e-10 7.724e+52 1.961e+33 1.965e-24 3.989e-13 5.013e-12
1.413e-10 5.759e+52 1.841e+33 1.844e-24 3.745e-13 4.706e-12
1.585e-10 4.290e+52 1.726e+33 1.729e-24 3.511e-13 4.412e-12
1.778e-10 3.191e+52 1.617e+33 1.620e-24 3.289e-13 4.133e-12
1.995e-10 2.372e+52 1.513e+33 1.515e-24 3.076e-13 3.866e-12
2.239e-10 1.760e+52 1.414e+33 1.416e-24 2.875e-13 3.613e-12
2.512e-10 1.305e+52 1.319e+33 1.322e-24 2.683e-13 3.372e-12
2.818e-10 9.665e+51 1.230e+33 1.232e-24 2.502e-13 3.144e-12
3.162e-10 7.150e+51 1.146e+33 1.148e-24 2.330e-13 2.928e-12
3.548e-10 5.284e+51 1.066e+33 1.068e-24 2.167e-13 2.724e-12
3.981e-10 3.900e+51 9.904e+32 9.921e-25 2.014e-13 2.531e-12
4.467e-10 2.876e+51 9.195e+32 9.210e-25 1.870e-13 2.350e-12
5.012e-10 2.119e+51 8.528e+32 8.542e-25 1.734e-13 2.180e-12
5.623e-10 1.560e+51 7.902e+32 7.916e-25 1.607e-13 2.020e-12
6.310e-10 1.147e+51 7.316e+32 7.328e-25 1.488e-13 1.870e-12
7.079e-10 8.427e+50 6.767e+32 6.778e-25 1.376e-13 1.729e-12
7.943e-10 6.186e+50 6.254e+32 6.264e-25 1.272e-13 1.598e-12
8.913e-10 4.538e+50 5.775e+32 5.785e-25 1.175e-13 1.476e-12
1.000e-09 3.326e+50 5.329e+32 5.338e-25 1.084e-13 1.362e-12
1.122e-09 2.436e+50 4.913e+32 4.922e-25 9.993e-14 1.256e-12
1.259e-09 1.783e+50 4.526e+32 4.534e-25 9.206e-14 1.157e-12
1.413e-09 1.303e+50 4.167e+32 4.174e-25 8.474e-14 1.065e-12
1.585e-09 9.522e+49 3.832e+32 3.839e-25 7.794e-14 9.794e-13
1.778e-09 6.951e+49 3.522e+32 3.528e-25 7.162e-14 9.001e-13
1.995e-09 5.069e+49 3.233e+32 3.239e-25 6.576e-14 8.264e-13
2.239e-09 3.694e+49 2.966e+32 2.971e-25 6.032e-14 7.581e-13
2.512e-09 2.689e+49 2.718e+32 2.723e-25 5.529e-14 6.948e-13
2.818e-09 1.956e+49 2.489e+32 2.493e-25 5.062e-14 6.362e-13
3.162e-09 1.421e+49 2.277e+32 2.281e-25 4.631e-14 5.820e-13
3.548e-09 1.032e+49 2.081e+32 2.085e-25 4.233e-14 5.320e-13
3.981e-09 7.486e+48 1.901e+32 1.904e-25 3.866e-14 4.858e-13
4.467e-09 5.426e+48 1.735e+32 1.738e-25 3.528e-14 4.433e-13
5.012e-09 3.930e+48 1.582e+32 1.584e-25 3.217e-14 4.042e-13
5.623e-09 2.844e+48 1.441e+32 1.443e-25 2.930e-14 3.682e-13
6.310e-09 2.056e+48 1.311e+32 1.313e-25 2.667e-14 3.351e-13
7.079e-09 1.485e+48 1.192e+32 1.194e-25 2.425e-14 3.047e-13
7.943e-09 1.071e+48 1.083e+32 1.085e-25 2.202e-14 2.768e-13
8.913e-09 7.720e+47 9.825e+31 9.842e-26 1.998e-14 2.511e-13
1.000e-08 5.557e+47 8.904e+31 8.919e-26 1.811e-14 2.276e-13
1.122e-08 3.995e+47 8.059e+31 8.072e-26 1.639e-14 2.060e-13
1.259e-08 2.869e+47 7.284e+31 7.296e-26 1.481e-14 1.862e-13
1.413e-08 2.057e+47 6.574e+31 6.585e-26 1.337e-14 1.680e-13
1.585e-08 1.472e+47 5.925e+31 5.935e-26 1.205e-14 1.514e-13
1.778e-08 1.052e+47 5.330e+31 5.339e-26 1.084e-14 1.362e-13
1.995e-08 7.504e+46 4.787e+31 4.795e-26 9.735e-15 1.223e-13
2.239e-08 5.343e+46 4.290e+31 4.298e-26 8.726e-15 1.097e-13
2.512e-08 3.796e+46 3.838e+31 3.844e-26 7.805e-15 9.808e-14
2.818e-08 2.691e+46 3.425e+31 3.431e-26 6.966e-15 8.753e-14
3.162e-08 1.903e+46 3.049e+31 3.054e-26 6.201e-15 7.793e-14
3.548e-08 1.342e+46 2.707e+31 2.712e-26 5.507e-15 6.920e-14
3.981e-08 9.441e+45 2.397e+31 2.401e-26 4.875e-15 6.127e-14
4.467e-08 6.619e+45 2.116e+31 2.119e-26 4.303e-15 5.408e-14
5.012e-08 4.625e+45 1.861e+31 1.864e-26 3.785e-15 4.757e-14
5.623e-08 3.219e+45 1.631e+31 1.634e-26 3.317e-15 4.169e-14
6.310e-08 2.232e+45 1.423e+31 1.426e-26 2.895e-15 3.638e-14
7.079e-08 1.540e+45 1.237e+31 1.239e-26 2.515e-15 3.161e-14
7.943e-08 1.057e+45 1.069e+31 1.071e-26 2.174e-15 2.732e-14
8.913e-08 7.220e+44 9.189e+30 9.204e-27 1.869e-15 2.348e-14
1.000e-07 4.900e+44 7.850e+30 7.863e-27 1.597e-15 2.006e-14
1.122e-07 3.302e+44 6.660e+30 6.672e-27 1.355e-15 1.702e-14
1.259e-07 2.209e+44 5.608e+30 5.618e-27 1.141e-15 1.433e-14
1.413e-07 1.465e+44 4.682e+30 4.690e-27 9.522e-16 1.197e-14
1.585e-07 9.620e+43 3.871e+30 3.878e-27 7.874e-16 9.894e-15
1.778e-07 6.252e+43 3.167e+30 3.173e-27 6.442e-16 8.095e-15
1.995e-07 4.015e+43 2.561e+30 2.565e-27 5.208e-16 6.544e-15
2.239e-07 2.544e+43 2.043e+30 2.046e-27 4.155e-16 5.221e-15
2.512e-07 1.588e+43 1.605e+30 1.608e-27 3.265e-16 4.103e-15
2.818e-07 9.750e+42 1.241e+30 1.243e-27 2.524e-16 3.171e-15
3.162e-07 5.876e+42 9.414e+29 9.430e-28 1.915e-16 2.406e-15
3.548e-07 3.468e+42 6.995e+29 7.007e-28 1.423e-16 1.788e-15
3.981e-07 2.000e+42 5.079e+29 5.088e-28 1.033e-16 1.298e-15
4.467e-07 1.125e+42 3.596e+29 3.602e-28 7.313e-17 9.190e-16
5.012e-07 6.155e+41 2.477e+29 2.481e-28 5.038e-17 6.331e-16
5.623e-07 3.274e+41 1.659e+29 1.662e-28 3.374e-17 4.240e-16
6.310e-07 1.696e+41 1.082e+29 1.083e-28 2.200e-17 2.764e-16
7.079e-07 8.615e+40 6.918e+28 6.930e-29 1.407e-17 1.768e-16
7.943e-07 4.384e+40 4.432e+28 4.440e-29 9.014e-18 1.133e-16
8.913e-07 2.335e+40 2.972e+28 2.977e-29 6.045e-18 7.596e-17
1.000e-06 1.393e+40 2.232e+28 2.236e-29 4.540e-18 5.706e-17
1.122e-06 9.842e+39 1.985e+28 1.989e-29 4.038e-18 5.074e-17
1.259e-06 8.169e+39 2.074e+28 2.078e-29 4.219e-18 5.302e-17
1.413e-06 7.521e+39 2.404e+28 2.408e-29 4.890e-18 6.145e-17
1.585e-06 7.273e+39 2.927e+28 2.932e-29 5.953e-18 7.481e-17
1.778e-06 7.169e+39 3.632e+28 3.638e-29 7.387e-18 9.283e-17
1.995e-06 7.109e+39 4.535e+28 4.542e-29 9.223e-18 1.159e-16
2.239e-06 7.062e+39 5.671e+28 5.680e-29 1.153e-17 1.449e-16
2.512e-06 7.016e+39 7.092e+28 7.105e-29 1.442e-17 1.813e-16
2.818e-06 6.969e+39 8.869e+28 8.884e-29 1.804e-17 2.267e-16
3.162e-06 6.920e+39 1.109e+29 1.111e-28 2.255e-17 2.834e-16
3.548e-06 6.869e+39 1.385e+29 1.388e-28 2.818e-17 3.541e-16
3.981e-06 6.816e+39 1.731e+29 1.734e-28 3.520e-17 4.423e-16
4.467e-06 6.760e+39 2.161e+29 2.165e-28 4.395e-17 5.523e-16
5.012e-06 6.703e+39 2.697e+29 2.702e-28 5.486e-17 6.894e-16
5.623e-06 6.643e+39 3.365e+29 3.371e-28 6.845e-17 8.601e-16
6.310e-06 6.580e+39 4.197e+29 4.204e-28 8.536e-17 1.073e-15
7.079e-06 6.515e+39 5.232e+29 5.241e-28 1.064e-16 1.337e-15
7.943e-06 6.448e+39 6.518e+29 6.529e-28 1.326e-16 1.666e-15
8.913e-06 6.378e+39 8.117e+29 8.131e-28 1.651e-16 2.074e-15
1.000e-05 6.305e+39 1.010e+30 1.012e-27 2.055e-16 2.582e-15
1.122e-05 6.230e+39 1.257e+30 1.259e-27 2.556e-16 3.212e-15
1.259e-05 6.152e+39 1.562e+30 1.565e-27 3.177e-16 3.992e-15
1.413e-05 6.071e+39 1.941e+30 1.944e-27 3.947e-16 4.960e-15
1.585e-05 5.987e+39 2.410e+30 2.414e-27 4.901e-16 6.158e-15
1.778e-05 5.901e+39 2.990e+30 2.995e-27 6.081e-16 7.641e-15
1.995e-05 5.812e+39 3.707e+30 3.713e-27 7.539e-16 9.474e-15
2.239e-05 5.719e+39 4.593e+30 4.600e-27 9.341e-16 1.174e-14
2.512e-05 5.624e+39 5.686e+30 5.695e-27 1.156e-15 1.453e-14
2.818e-05 5.527e+39 7.033e+30 7.045e-27 1.430e-15 1.798e-14
3.162e-05 5.426e+39 8.693e+30 8.708e-27 1.768e-15 2.222e-14
3.548e-05 5.322e+39 1.074e+31 1.075e-26 2.183e-15 2.744e-14
3.981e-05 5.216e+39 1.325e+31 1.327e-26 2.694e-15 3.385e-14
4.467e-05 5.107e+39 1.633e+31 1.635e-26 3.320e-15 4.173e-14
5.012e-05 4.995e+39 2.010e+31 2.014e-26 4.089e-15 5.138e-14
5.623e-05 4.881e+39 2.473e+31 2.477e-26 5.030e-15 6.320e-14
6.310e-05 4.764e+39 3.039e+31 3.044e-26 6.180e-15 7.767e-14
7.079e-05 4.645e+39 3.730e+31 3.736e-26 7.586e-15 9.533e-14
7.943e-05 4.524e+39 4.573e+31 4.581e-26 9.300e-15 1.169e-13
8.913e-05 4.400e+39 5.599e+31 5.609e-26 1.139e-14 1.431e-13
1.000e-04 4.274e+39 6.848e+31 6.859e-26 1.393e-14 1.750e-13
1.122e-04 4.146e+39 8.363e+31 8.378e-26 1.701e-14 2.137e-13
1.259e-04 4.017e+39 1.020e+32 1.022e-25 2.075e-14 2.607e-13
1.413e-04 3.886e+39 1.242e+32 1.244e-25 2.527e-14 3.175e-13
1.585e-04 3.754e+39 1.511e+32 1.513e-25 3.073e-14 3.861e-13
1.778e-04 3.620e+39 1.834e+32 1.837e-25 3.731e-14 4.688e-13
1.995e-04 3.486e+39 2.223e+32 2.227e-25 4.522e-14 5.683e-13
2.239e-04 3.351e+39 2.691e+32 2.695e-25 5.472e-14 6.877e-13
2.512e-04 3.215e+39 3.250e+32 3.256e-25 6.611e-14 8.307e-13
2.818e-04 3.080e+39 3.919e+32 3.926e-25 7.971e-14 1.002e-12
3.162e-04 2.944e+39 4.716e+32 4.724e-25 9.592e-14 1.205e-12
3.548e-04 2.808e+39 5.664e+32 5.674e-25 1.152e-13 1.448e-12
3.981e-04 2.673e+39 6.788e+32 6.800e-25 1.381e-13 1.735e-12
4.467e-04 2.539e+39 8.117e+32 8.131e-25 1.651e-13 2.075e-12
5.012e-04 2.406e+39 9.684e+32 9.700e-25 1.970e-13 2.475e-12
5.623e-04 2.275e+39 1.152e+33 1.154e-24 2.344e-13 2.945e-12
6.310e-04 2.145e+39 1.368e+33 1.370e-24 2.782e-13 3.496e-12
7.079e-04 2.017e+39 1.619e+33 1.622e-24 3.293e-13 4.139e-12
7.943e-04 1.891e+39 1.911e+33 1.915e-24 3.887e-13 4.885e-12
8.913e-04 1.767e+39 2.249e+33 2.253e-24 4.575e-13 5.749e-12
1.000e-03 1.647e+39 2.638e+33 2.643e-24 5.366e-13 6.743e-12
1.122e-03 1.529e+39 3.084e+33 3.089e-24 6.272e-13 7.882e-12
1.259e-03 1.415e+39 3.592e+33 3.598e-24 7.305e-13 9.180e-12
1.413e-03 1.303e+39 4.167e+33 4.174e-24 8.475e-13 1.065e-11
1.585e-03 1.196e+39 4.814e+33 4.822e-24 9.791e-13 1.230e-11
1.778e-03 1.093e+39 5.537e+33 5.546e-24 1.126e-12 1.415e-11
1.995e-03 9.935e+38 6.337e+33 6.348e-24 1.289e-12 1.620e-11
2.239e-03 8.986e+38 7.216e+33 7.228e-24 1.468e-12 1.844e-11
2.512e-03 8.082e+38 8.171e+33 8.184e-24 1.662e-12 2.088e-11
2.818e-03 7.226e+38 9.197e+33 9.212e-24 1.870e-12 2.350e-11
3.162e-03 6.419e+38 1.028e+34 1.030e-23 2.092e-12 2.629e-11
3.548e-03 5.663e+38 1.142e+34 1.144e-23 2.323e-12 2.919e-11
3.981e-03 4.959e+38 1.259e+34 1.261e-23 2.561e-12 3.218e-11
4.467e-03 4.308e+38 1.377e+34 1.379e-23 2.801e-12 3.519e-11
5.012e-03 3.710e+38 1.493e+34 1.496e-23 3.037e-12 3.816e-11
5.623e-03 3.167e+38 1.605e+34 1.607e-23 3.264e-12 4.101e-11
6.310e-03 2.678e+38 1.708e+34 1.711e-23 3.474e-12 4.365e-11
7.079e-03 2.242e+38 1.800e+34 1.803e-23 3.661e-12 4.601e-11
7.943e-03 1.858e+38 1.878e+34 1.881e-23 3.819e-12 4.799e-11
8.913e-03 1.523e+38 1.938e+34 1.942e-23 3.943e-12 4.954e-11
1.000e-02 1.236e+38 1.980e+34 1.984e-23 4.028e-12 5.061e-11
1.122e-02 9.929e+37 2.003e+34 2.006e-23 4.073e-12 5.118e-11
1.259e-02 7.899e+37 2.006e+34 2.009e-23 4.079e-12 5.126e-11
1.413e-02 6.228e+37 1.991e+34 1.994e-23 4.049e-12 5.089e-11
1.585e-02 4.873e+37 1.961e+34 1.964e-23 3.988e-12 5.012e-11
1.778e-02 3.788e+37 1.919e+34 1.922e-23 3.903e-12 4.904e-11
1.995e-02 2.929e+37 1.868e+34 1.871e-23 3.799e-12 4.775e-11
2.239e-02 2.256e+37 1.812e+34 1.815e-23 3.685e-12 4.631e-11
2.512e-02 1.734e+37 1.753e+34 1.756e-23 3.566e-12 4.481e-11
2.818e-02 1.331e+37 1.694e+34 1.697e-23 3.446e-12 4.330e-11
3.162e-02 1.021e+37 1.636e+34 1.639e-23 3.328e-12 4.182e-11
3.548e-02 7.836e+36 1.580e+34 1.583e-23 3.214e-12 4.039e-11
3.981e-02 6.014e+36 1.527e+34 1.530e-23 3.106e-12 3.903e-11
4.467e-02 4.620e+36 1.477e+34 1.479e-23 3.004e-12 3.775e-11
5.012e-02 3.552e+36 1.429e+34 1.432e-23 2.907e-12 3.653e-11
5.623e-02 2.733e+36 1.385e+34 1.387e-23 2.816e-12 3.539e-11
6.310e-02 2.105e+36 1.343e+34 1.345e-23 2.731e-12 3.432e-11
7.079e-02 1.624e+36 1.304e+34 1.306e-23 2.652e-12 3.332e-11
7.943e-02 1.254e+36 1.267e+34 1.270e-23 2.578e-12 3.239e-11
8.913e-02 9.690e+35 1.233e+34 1.235e-23 2.508e-12 3.152e-11
1.000e-01 7.496e+35 1.201e+34 1.203e-23 2.443e-12 3.070e-11
1.122e-01 5.803e+35 1.170e+34 1.172e-23 2.381e-12 2.991e-11
1.259e-01 4.494e+35 1.141e+34 1.143e-23 2.321e-12 2.916e-11
1.413e-01 3.479e+35 1.112e+34 1.114e-23 2.262e-12 2.842e-11
1.585e-01 2.691e+35 1.083e+34 1.085e-23 2.203e-12 2.768e-11
1.778e-01 2.078e+35 1.053e+34 1.055e-23 2.142e-12 2.691e-11
1.995e-01 1.601e+35 1.021e+34 1.023e-23 2.077e-12 2.611e-11
2.239e-01 1.230e+35 9.876e+33 9.893e-24 2.009e-12 2.524e-11
2.512e-01 9.408e+34 9.510e+33 9.526e-24 1.934e-12 2.431e-11
2.818e-01 7.163e+34 9.116e+33 9.132e-24 1.854e-12 2.330e-11
3.162e-01 5.428e+34 8.696e+33 8.711e-24 1.769e-12 2.223e-11
3.548e-01 4.093e+34 8.256e+33 8.270e-24 1.679e-12 2.110e-11
3.981e-01 3.074e+34 7.806e+33 7.819e-24 1.588e-12 1.995e-11
4.467e-01 2.301e+34 7.355e+33 7.368e-24 1.496e-12 1.880e-11
5.012e-01 1.718e+34 6.914e+33 6.926e-24 1.406e-12 1.767e-11
5.623e-01 1.280e+34 6.487e+33 6.498e-24 1.319e-12 1.658e-11
6.310e-01 9.528e+33 6.077e+33 6.088e-24 1.236e-12 1.553e-11
7.079e-01 7.080e+33 5.685e+33 5.694e-24 1.156e-12 1.453e-11
7.943e-01 5.252e+33 5.309e+33 5.318e-24 1.080e-12 1.357e-11
8.913e-01 3.889e+33 4.950e+33 4.958e-24 1.007e-12 1.265e-11
1.000e+00 2.875e+33 4.606e+33 4.614e-24 9.368e-13 1.177e-11
1.122e+00 2.121e+33 4.278e+33 4.285e-24 8.701e-13 1.093e-11
1.259e+00 1.562e+33 3.966e+33 3.973e-24 8.066e-13 1.014e-11
1.413e+00 1.148e+33 3.669e+33 3.675e-24 7.462e-13 9.378e-12
1.585e+00 8.418e+32 3.388e+33 3.393e-24 6.890e-13 8.658e-12
1.778e+00 6.160e+32 3.121e+33 3.126e-24 6.348e-13 7.977e-12
1.995e+00 4.498e+32 2.869e+33 2.874e-24 5.835e-13 7.333e-12
2.239e+00 3.277e+32 2.631e+33 2.636e-24 5.351e-13 6.725e-12
2.512e+00 2.381e+32 2.407e+33 2.411e-24 4.896e-13 6.152e-12
2.818e+00 1.726e+32 2.196e+33 2.200e-24 4.467e-13 5.614e-12
3.162e+00 1.248e+32 1.999e+33 2.002e-24 4.065e-13 5.109e-12
3.548e+00 8.994e+31 1.814e+33 1.817e-24 3.689e-13 4.636e-12
3.981e+00 6.465e+31 1.642e+33 1.644e-24 3.339e-13 4.196e-12
4.467e+00 4.633e+31 1.481e+33 1.484e-24 3.012e-13 3.785e-12
5.012e+00 3.310e+31 1.332e+33 1.334e-24 2.709e-13 3.405e-12
5.623e+00 2.358e+31 1.194e+33 1.196e-24 2.429e-13 3.053e-12
6.310e+00 1.674e+31 1.068e+33 1.069e-24 2.171e-13 2.728e-12
7.079e+00 1.184e+31 9.510e+32 9.526e-25 1.934e-13 2.430e-12
7.943e+00 8.353e+30 8.445e+32 8.459e-25 1.717e-13 2.158e-12
8.913e+00 5.873e+30 7.474e+32 7.487e-25 1.520e-13 1.910e-12
1.000e+01 4.116e+30 6.595e+32 6.606e-25 1.341e-13 1.685e-12
1.122e+01 2.875e+30 5.799e+32 5.809e-25 1.179e-13 1.482e-12
1.259e+01 2.002e+30 5.084e+32 5.092e-25 1.034e-13 1.299e-12
1.413e+01 1.389e+30 4.441e+32 4.449e-25 9.033e-14 1.135e-12
1.585e+01 9.609e+29 3.867e+32 3.874e-25 7.865e-14 9.884e-13
1.778e+01 6.624e+29 3.356e+32 3.362e-25 6.825e-14 8.577e-13
1.995e+01 4.549e+29 2.901e+32 2.906e-25 5.901e-14 7.415e-13
2.239e+01 3.112e+29 2.499e+32 2.503e-25 5.082e-14 6.386e-13
2.512e+01 2.120e+29 2.143e+32 2.146e-25 4.358e-14 5.477e-13
2.818e+01 1.437e+29 1.829e+32 1.832e-25 3.721e-14 4.675e-13
3.162e+01 9.705e+28 1.555e+32 1.558e-25 3.162e-14 3.974e-13
3.548e+01 6.526e+28 1.316e+32 1.319e-25 2.677e-14 3.364e-13
3.981e+01 4.372e+28 1.110e+32 1.112e-25 2.258e-14 2.838e-13
4.467e+01 2.919e+28 9.333e+31 9.349e-26 1.898e-14 2.385e-13
5.012e+01 1.942e+28 7.817e+31 7.830e-26 1.590e-14 1.998e-13
5.623e+01 1.286e+28 6.517e+31 6.528e-26 1.325e-14 1.666e-13
6.310e+01 8.481e+27 5.409e+31 5.418e-26 1.100e-14 1.382e-13
7.079e+01 5.564e+27 4.468e+31 4.476e-26 9.087e-15 1.142e-13
7.943e+01 3.632e+27 3.671e+31 3.678e-26 7.467e-15 9.383e-14
8.913e+01 2.357e+27 2.999e+31 3.005e-26 6.100e-15 7.666e-14
1.000e+02 1.520e+27 2.435e+31 2.440e-26 4.953e-15 6.224e-14
1.122e+02 9.739e+26 1.964e+31 1.968e-26 3.995e-15 5.021e-14
1.259e+02 6.195e+26 1.573e+31 1.576e-26 3.200e-15 4.021e-14
1.413e+02 3.910e+26 1.250e+31 1.252e-26 2.542e-15 3.195e-14
1.585e+02 2.447e+26 9.846e+30 9.863e-27 2.002e-15 2.516e-14
1.778e+02 1.516e+26 7.681e+30 7.694e-27 1.562e-15 1.963e-14
1.995e+02 9.295e+25 5.929e+30 5.939e-27 1.206e-15 1.515e-14
2.239e+02 5.633e+25 4.524e+30 4.531e-27 9.200e-16 1.156e-14
2.512e+02 3.371e+25 3.408e+30 3.414e-27 6.931e-16 8.710e-15
2.818e+02 1.989e+25 2.531e+30 2.536e-27 5.148e-16 6.470e-15
3.162e+02 1.154e+25 1.850e+30 1.853e-27 3.762e-16 4.727e-15
3.548e+02 6.569e+24 1.325e+30 1.327e-27 2.695e-16 3.386e-15
3.981e+02 3.643e+24 9.250e+29 9.266e-28 1.881e-16 2.364e-15
4.467e+02 1.952e+24 6.239e+29 6.250e-28 1.269e-16 1.595e-15
5.012e+02 9.961e+23 4.009e+29 4.016e-28 8.153e-17 1.025e-15
5.623e+02 4.728e+23 2.396e+29 2.400e-28 4.872e-17 6.123e-16
6.310e+02 1.998e+23 1.274e+29 1.276e-28 2.592e-17 3.257e-16
7.079e+02 6.836e+22 5.489e+28 5.498e-29 1.116e-17 1.403e-16
7.943e+02 1.455e+22 1.471e+28 1.473e-29 2.991e-18 3.759e-17
8.913e+02 9.331e+19 1.187e+26 1.189e-31 2.415e-20 3.035e-19
1.000e+03 1.061e-10 1.700e-04 1.703e-61 3.458e-50 4.346e-49
1.122e+03 9.459e-11 1.908e-04 1.911e-61 3.880e-50 4.876e-49
1.259e+03 8.430e-11 2.141e-04 2.144e-61 4.354e-50 5.471e-49
1.413e+03 7.513e-11 2.402e-04 2.406e-61 4.885e-50 6.138e-49
1.585e+03 6.696e-11 2.695e-04 2.699e-61 5.481e-50 6.887e-49
1.778e+03 5.968e-11 3.024e-04 3.029e-61 6.149e-50 7.727e-49
1.995e+03 5.319e-11 3.392e-04 3.398e-61 6.899e-50 8.670e-49
2.239e+03 4.740e-11 3.806e-04 3.813e-61 7.741e-50 9.728e-49
2.512e+03 4.224e-11 4.271e-04 4.278e-61 8.685e-50 1.091e-48
2.818e+03 3.765e-11 4.791e-04 4.800e-61 9.745e-50 1.225e-48
3.162e+03 3.355e-11 5.376e-04 5.385e-61 1.093e-49 1.374e-48
3.548e+03 2.990e-11 6.032e-04 6.042e-61 1.227e-49 1.542e-48
3.981e+03 2.665e-11 6.767e-04 6.779e-61 1.376e-49 1.730e-48
4.467e+03 2.375e-11 7.593e-04 7.606e-61 1.544e-49 1.941e-48
5.012e+03 2.117e-11 8.519e-04 8.533e-61 1.733e-49 2.177e-48
5.623e+03 1.886e-11 9.558e-04 9.574e-61 1.944e-49 2.443e-48
6.310e+03 1.681e-11 1.072e-03 1.074e-60 2.181e-49 2.741e-48
7.079e+03 1.498e-11 1.203e-03 1.205e-60 2.447e-49 3.075e-48
7.943e+03 1.335e-11 1.350e-03 1.352e-60 2.745e-49 3.450e-48
8.913e+03 1.190e-11 1.514e-03 1.517e-60 3.080e-49 3.870e-48
1.000e+04 1.060e-11 1.699e-03 1.702e-60 3.456e-49 4.342e-48
1.122e+04 9.450e-12 1.906e-03 1.909e-60 3.877e-49 4.872e-48
1.259e+04 8.422e-12 2.139e-03 2.142e-60 4.349e-49 5.466e-48
1.413e+04 7.505e-12 2.399e-03 2.403e-60 4.879e-49 6.132e-48
1.585e+04 6.688e-12 2.692e-03 2.696e-60 5.474e-49 6.879e-48
1.778e+04 5.960e-12 3.019e-03 3.025e-60 6.141e-49 7.717e-48
1.995e+04 5.311e-12 3.387e-03 3.393e-60 6.889e-49 8.657e-48
2.239e+04 4.732e-12 3.800e-03 3.806e-60 7.729e-49 9.712e-48
2.512e+04 4.217e-12 4.263e-03 4.270e-60 8.670e-49 1.089e-47
2.818e+04 3.006e-12 3.826e-03 3.832e-60 7.780e-49 9.777e-48
3.162e+04 2.678e-12 4.291e-03 4.299e-60 8.728e-49 1.097e-47
3.548e+04 2.386e-12 4.814e-03 4.822e-60 9.790e-49 1.230e-47
3.981e+04 2.126e-12 5.399e-03 5.408e-60 1.098e-48 1.380e-47
4.467e+04 1.894e-12 6.056e-03 6.066e-60 1.232e-48 1.548e-47
5.012e+04 1.688e-12 6.793e-03 6.804e-60 1.381e-48 1.736e-47
5.623e+04 1.504e-12 7.618e-03 7.631e-60 1.549e-48 1.947e-47
6.310e+04 1.340e-12 8.544e-03 8.559e-60 1.738e-48 2.184e-47
7.079e+04 1.193e-12 9.582e-03 9.598e-60 1.949e-48 2.449e-47
7.943e+04 1.063e-12 1.075e-02 1.076e-59 2.185e-48 2.746e-47
8.913e+04 9.468e-13 1.205e-02 1.207e-59 2.451e-48 3.080e-47
1.000e+05 8.433e-13 1.351e-02 1.353e-59 2.748e-48 3.453e-47
1.122e+05 7.510e-13 1.515e-02 1.517e-59 3.081e-48 3.872e-47
1.259e+05 6.688e-13 1.698e-02 1.701e-59 3.454e-48 4.340e-47
1.413e+05 5.955e-13 1.904e-02 1.907e-59 3.872e-48 4.866e-47
1.585e+05 5.303e-13 2.134e-02 2.138e-59 4.340e-48 5.454e-47
1.778e+05 4.721e-13 2.392e-02 2.396e-59 4.865e-48 6.113e-47
1.995e+05 4.203e-13 2.681e-02 2.685e-59 5.452e-48 6.851e-47
2.239e+05 3.741e-13 3.004e-02 3.009e-59 6.109e-48 7.677e-47
2.512e+05 3.329e-13 3.365e-02 3.371e-59 6.845e-48 8.601e-47
2.818e+05 2.962e-13 3.770e-02 3.777e-59 7.668e-48 9.636e-47
3.162e+05 1.977e-13 3.167e-02 3.173e-59 6.442e-48 8.095e-47
3.548e+05 1.758e-13 3.547e-02 3.553e-59 7.214e-48 9.065e-47
3.981e+05 1.564e-13 3.971e-02 3.978e-59 8.077e-48 1.015e-46
4.467e+05 1.391e-13 4.446e-02 4.453e-59 9.042e-48 1.136e-46
5.012e+05 1.236e-13 4.976e-02 4.984e-59 1.012e-47 1.272e-46
5.623e+05 1.099e-13 5.567e-02 5.577e-59 1.132e-47 1.423e-46
6.310e+05 9.764e-14 6.228e-02 6.238e-59 1.267e-47 1.592e-46
7.079e+05 8.673e-14 6.965e-02 6.976e-59 1.416e-47 1.780e-46
7.943e+05 7.702e-14 7.786e-02 7.799e-59 1.583e-47 1.990e-46
8.913e+05 6.837e-14 8.701e-02 8.716e-59 1.770e-47 2.224e-46
1.000e+06 6.067e-14 9.720e-02 9.736e-59 1.977e-47 2.484e-46
1.122e+06 5.381e-14 1.085e-01 1.087e-58 2.207e-47 2.774e-46
1.259e+06 4.771e-14 1.211e-01 1.213e-58 2.464e-47 3.096e-46
1.413e+06 4.227e-14 1.351e-01 1.354e-58 2.748e-47 3.454e-46
1.585e+06 3.744e-14 1.507e-01 1.509e-58 3.064e-47 3.851e-46
1.778e+06 3.314e-14 1.679e-01 1.682e-58 3.415e-47 4.291e-46
1.995e+06 2.931e-14 1.870e-01 1.873e-58 3.802e-47 4.778e-46
2.239e+06 2.591e-14 2.080e-01 2.084e-58 4.231e-47 5.317e-46
2.512e+06 1.526e-14 1.542e-01 1.545e-58 3.137e-47 3.941e-46
2.818e+06 1.346e-14 1.713e-01 1.716e-58 3.485e-47 4.379e-46
3.162e+06 1.187e-14 1.902e-01 1.905e-58 3.868e-47 4.860e-46
3.548e+06 1.046e-14 2.109e-01 2.112e-58 4.289e-47 5.390e-46
3.981e+06 9.199e-15 2.336e-01 2.340e-58 4.751e-47 5.970e-46
4.467e+06 0.000e+00 0.000e+00 0.000e+00 0.000e+00 0.000e+00
5.012e+06 0.000e+00 0.000e+00 0.000e+00 0.000e+00 0.000e+00
5.623e+06 0.000e+00 0.000e+00 0.000e+00 0.000e+00 0.000e+00
6.310e+06 0.000e+00 0.000e+00 0.000e+00 0.000e+00 0.000e+00
7.079e+06 0.000e+00 0.000e+00 0.000e+00 0.000e+00 0.000e+00
7.943e+06 0.000e+00 0.000e+00 0.000e+00 0.000e+00 0.000e+00
8.913e+06 0.000e+00 0.000e+00 0.000e+00 0.000e+00 0.000e+00
1.000e+07 0.000e+00 0.000e+00 0.000e+00 0.000e+00 0.000e+00
1.122e+07 0.000e+00 0.000e+00 0.000e+00 0.000e+00 0.000e+00
1.259e+07 0.000e+00 0.000e+00 0.000e+00 0.000e+00 0.000e+00
1.413e+07 0.000e+00 0.000e+00 0.000e+00 0.000e+00 0.000e+00
1.585e+07 0.000e+00 0.000e+00 0.000e+00 0.000e+00 0.000e+00
1.778e+07 0.000e+00 0.000e+00 0.000e+00 0.000e+00 0.000e+00
1.995e+07 0.000e+00 0.000e+00 0.000e+00 0.000e+00 0.000e+00
2.239e+07 0.000e+00 0.000e+00 0.000e+00 0.000e+00 0.000e+00
2.512e+07 0.000e+00 0.000e+00 0.000e+00 0.000e+00 0.000e+00
2.818e+07 0.000e+00 0.000e+00 0.000e+00 0.000e+00 0.000e+00
3.162e+07 0.000e+00 0.000e+00 0.000e+00 0.000e+00 0.000e+00
3.548e+07 0.000e+00 0.000e+00 0.000e+00 0.000e+00 0.000e+00
3.981e+07 0.000e+00 0.000e+00 0.000e+00 0.000e+00 0.000e+00
4.467e+07 0.000e+00 0.000e+00 0.000e+00 0.000e+00 0.000e+00
5.012e+07 0.000e+00 0.000e+00 0.000e+00 0.000e+00 0.000e+00
5.623e+07 0.000e+00 0.000e+00 0.000e+00 0.000e+00 0.000e+00
6.310e+07 0.000e+00 0.000e+00 0.000e+00 0.000e+00 0.000e+00
7.079e+07 0.000e+00 0.000e+00 0.000e+00 0.000e+00 0.000e+00
7.943e+07 3.573e-37 3.612e-21 3.618e-78 7.347e-67 9.232e-66
8.913e+07 1.914e-37 2.436e-21 2.440e-78 4.955e-67 6.226e-66
1.000e+08 0.000e+00 0.000e+00 0.000e+00 0.000e+00 0.000e+00
