1.000e-20 7.138e+64 1.144e+25 1.146e-32 2.326e-21 2.923e-20
1.122e-20 6.611e+64 1.333e+25 1.336e-32 2.712e-21 3.408e-20
1.259e-20 6.122e+64 1.555e+25 1.557e-32 3.162e-21 3.973e-20
1.413e-20 5.670e+64 1.813e+25 1.816e-32 3.686e-21 4.633e-20
1.585e-20 5.251e+64 2.113e+25 2.117e-32 4.298e-21 5.401e-20
1.778e-20 4.863e+64 2.464e+25 2.468e-32 5.011e-21 6.297e-20
1.995e-20 4.504e+64 2.873e+25 2.878e-32 5.843e-21 7.342e-20
2.239e-20 4.171e+64 3.349e+25 3.355e-32 6.812e-21 8.560e-20
2.512e-20 3.863e+64 3.905e+25 3.912e-32 7.942e-21 9.980e-20
2.818e-20 3.577e+64 4.553e+25 4.561e-32 9.260e-21 1.164e-19
3.162e-20 3.313e+64 5.308e+25 5.317e-32 1.080e-20 1.357e-19
3.548e-20 3.068e+64 6.189e+25 6.199e-32 1.259e-20 1.582e-19
3.981e-20 2.842e+64 7.216e+25 7.228e-32 1.468e-20 1.844e-19
4.467e-20 2.632e+64 8.413e+25 8.427e-32 1.711e-20 2.150e-19
5.012e-20 2.437e+64 9.809e+25 9.825e-32 1.995e-20 2.507e-19
5.623e-20 2.257e+64 1.144e+26 1.146e-31 2.326e-20 2.923e-19
6.310e-20 2.090e+64 1.333e+26 1.336e-31 2.712e-20 3.408e-19
7.079e-20 1.936e+64 1.555e+26 1.557e-31 3.162e-20 3.973e-19
7.943e-20 1.793e+64 1.812e+26 1.816e-31 3.686e-20 4.632e-19
8.913e-20 1.660e+64 2.113e+26 2.117e-31 4.298e-20 5.401e-19
1.000e-19 1.538e+64 2.464e+26 2.468e-31 5.011e-20 6.297e-19
1.122e-19 1.424e+64 2.872e+26 2.877e-31 5.842e-20 7.341e-19
1.259e-19 1.319e+64 3.349e+26 3.355e-31 6.811e-20 8.559e-19
1.413e-19 1.221e+64 3.905e+26 3.911e-31 7.941e-20 9.979e-19
1.585e-19 1.131e+64 4.552e+26 4.560e-31 9.259e-20 1.163e-18
1.778e-19 1.048e+64 5.308e+26 5.317e-31 1.079e-19 1.357e-18
1.995e-19 9.702e+63 6.188e+26 6.199e-31 1.259e-19 1.582e-18
2.239e-19 8.985e+63 7.215e+26 7.227e-31 1.467e-19 1.844e-18
2.512e-19 8.321e+63 8.412e+26 8.426e-31 1.711e-19 2.150e-18
2.818e-19 7.706e+63 9.807e+26 9.824e-31 1.995e-19 2.507e-18
3.162e-19 7.137e+63 1.143e+27 1.145e-30 2.326e-19 2.922e-18
3.548e-19 6.609e+63 1.333e+27 1.335e-30 2.711e-19 3.407e-18
3.981e-19 6.121e+63 1.554e+27 1.557e-30 3.161e-19 3.972e-18
4.467e-19 5.669e+63 1.812e+27 1.815e-30 3.685e-19 4.631e-18
5.012e-19 5.250e+63 2.113e+27 2.116e-30 4.297e-19 5.400e-18
5.623e-19 4.862e+63 2.463e+27 2.467e-30 5.010e-19 6.295e-18
6.310e-19 4.502e+63 2.872e+27 2.877e-30 5.841e-19 7.340e-18
7.079e-19 4.170e+63 3.348e+27 3.354e-30 6.810e-19 8.557e-18
7.943e-19 3.861e+63 3.904e+27 3.910e-30 7.939e-19 9.977e-18
8.913e-19 3.576e+63 4.551e+27 4.559e-30 9.256e-19 1.163e-17
1.000e-18 3.312e+63 5.306e+27 5.315e-30 1.079e-18 1.356e-17
1.122e-18 3.067e+63 6.186e+27 6.197e-30 1.258e-18 1.581e-17
1.259e-18 2.840e+63 7.212e+27 7.224e-30 1.467e-18 1.843e-17
1.413e-18 2.630e+63 8.408e+27 8.423e-30 1.710e-18 2.149e-17
1.585e-18 2.436e+63 9.803e+27 9.819e-30 1.994e-18 2.505e-17
1.778e-18 2.256e+63 1.143e+28 1.145e-29 2.324e-18 2.921e-17
1.995e-18 2.089e+63 1.332e+28 1.335e-29 2.710e-18 3.405e-17
2.239e-18 1.934e+63 1.553e+28 1.556e-29 3.159e-18 3.970e-17
2.512e-18 1.791e+63 1.811e+28 1.814e-29 3.683e-18 4.628e-17
2.818e-18 1.659e+63 2.111e+28 2.115e-29 4.294e-18 5.396e-17
3.162e-18 1.536e+63 2.461e+28 2.466e-29 5.006e-18 6.291e-17
3.548e-18 1.423e+63 2.870e+28 2.874e-29 5.836e-18 7.334e-17
3.981e-18 1.317e+63 3.345e+28 3.351e-29 6.804e-18 8.550e-17
4.467e-18 1.220e+63 3.900e+28 3.907e-29 7.932e-18 9.967e-17
5.012e-18 1.130e+63 4.547e+28 4.554e-29 9.247e-18 1.162e-16
5.623e-18 1.046e+63 5.300e+28 5.309e-29 1.078e-17 1.355e-16
6.310e-18 9.687e+62 6.179e+28 6.189e-29 1.257e-17 1.579e-16
7.079e-18 8.970e+62 7.203e+28 7.215e-29 1.465e-17 1.841e-16
7.943e-18 8.306e+62 8.397e+28 8.411e-29 1.708e-17 2.146e-16
8.913e-18 7.692e+62 9.789e+28 9.805e-29 1.991e-17 2.502e-16
1.000e-17 7.122e+62 1.141e+29 1.143e-28 2.321e-17 2.916e-16
1.122e-17 6.595e+62 1.330e+29 1.332e-28 2.705e-17 3.400e-16
1.259e-17 6.106e+62 1.551e+29 1.553e-28 3.154e-17 3.963e-16
1.413e-17 5.654e+62 1.807e+29 1.811e-28 3.676e-17 4.619e-16
1.585e-17 5.235e+62 2.107e+29 2.110e-28 4.285e-17 5.385e-16
1.778e-17 4.847e+62 2.456e+29 2.460e-28 4.995e-17 6.276e-16
1.995e-17 4.488e+62 2.863e+29 2.867e-28 5.822e-17 7.316e-16
2.239e-17 4.155e+62 3.336e+29 3.342e-28 6.786e-17 8.527e-16
2.512e-17 3.847e+62 3.889e+29 3.895e-28 7.909e-17 9.939e-16
2.818e-17 3.562e+62 4.533e+29 4.540e-28 9.218e-17 1.158e-15
3.162e-17 3.297e+62 5.283e+29 5.292e-28 1.074e-16 1.350e-15
3.548e-17 3.052e+62 6.157e+29 6.167e-28 1.252e-16 1.574e-15
3.981e-17 2.826e+62 7.175e+29 7.187e-28 1.459e-16 1.834e-15
4.467e-17 2.616e+62 8.362e+29 8.376e-28 1.701e-16 2.137e-15
5.012e-17 2.421e+62 9.745e+29 9.761e-28 1.982e-16 2.490e-15
5.623e-17 2.241e+62 1.136e+30 1.137e-27 2.309e-16 2.902e-15
6.310e-17 2.074e+62 1.323e+30 1.325e-27 2.691e-16 3.382e-15
7.079e-17 1.920e+62 1.542e+30 1.544e-27 3.136e-16 3.940e-15
7.943e-17 1.777e+62 1.796e+30 1.799e-27 3.654e-16 4.591e-15
8.913e-17 1.645e+62 2.093e+30 2.097e-27 4.257e-16 5.349e-15
1.000e-16 1.522e+62 2.438e+30 2.442e-27 4.959e-16 6.232e-15
1.122e-16 1.408e+62 2.841e+30 2.845e-27 5.777e-16 7.260e-15
1.259e-16 1.303e+62 3.309e+30 3.314e-27 6.730e-16 8.457e-15
1.413e-16 1.206e+62 3.854e+30 3.861e-27 7.839e-16 9.850e-15
1.585e-16 1.115e+62 4.489e+30 4.497e-27 9.130e-16 1.147e-14
1.778e-16 1.032e+62 5.228e+30 5.237e-27 1.063e-15 1.336e-14
1.995e-16 9.544e+61 6.088e+30 6.098e-27 1.238e-15 1.556e-14
2.239e-16 8.828e+61 7.089e+30 7.101e-27 1.442e-15 1.812e-14
2.512e-16 8.164e+61 8.253e+30 8.267e-27 1.679e-15 2.109e-14
2.818e-16 7.549e+61 9.608e+30 9.624e-27 1.954e-15 2.455e-14
3.162e-16 6.980e+61 1.118e+31 1.120e-26 2.274e-15 2.858e-14
3.548e-16 6.453e+61 1.302e+31 1.304e-26 2.647e-15 3.327e-14
3.981e-16 5.965e+61 1.515e+31 1.517e-26 3.080e-15 3.871e-14
4.467e-16 5.513e+61 1.762e+31 1.765e-26 3.584e-15 4.504e-14
5.012e-16 5.094e+61 2.050e+31 2.054e-26 4.170e-15 5.240e-14
5.623e-16 4.706e+61 2.385e+31 2.389e-26 4.850e-15 6.094e-14
6.310e-16 4.347e+61 2.773e+31 2.778e-26 5.640e-15 7.087e-14
7.079e-16 4.015e+61 3.224e+31 3.230e-26 6.557e-15 8.240e-14
7.943e-16 3.707e+61 3.748e+31 3.754e-26 7.622e-15 9.578e-14
8.913e-16 3.422e+61 4.355e+31 4.363e-26 8.858e-15 1.113e-13
1.000e-15 3.158e+61 5.060e+31 5.069e-26 1.029e-14 1.293e-13
1.122e-15 2.914e+61 5.878e+31 5.888e-26 1.195e-14 1.502e-13
1.259e-15 2.688e+61 6.825e+31 6.837e-26 1.388e-14 1.744e-13
1.413e-15 2.478e+61 7.923e+31 7.936e-26 1.611e-14 2.025e-13
1.585e-15 2.284e+61 9.194e+31 9.209e-26 1.870e-14 2.350e-13
1.778e-15 2.105e+61 1.066e+32 1.068e-25 2.169e-14 2.726e-13
1.995e-15 1.939e+61 1.237e+32 1.239e-25 2.515e-14 3.160e-13
2.239e-15 1.785e+61 1.433e+32 1.436e-25 2.915e-14 3.663e-13
2.512e-15 1.643e+61 1.660e+32 1.663e-25 3.377e-14 4.244e-13
2.818e-15 1.511e+61 1.923e+32 1.926e-25 3.910e-14 4.914e-13
3.162e-15 1.389e+61 2.225e+32 2.229e-25 4.525e-14 5.687e-13
3.548e-15 1.276e+61 2.574e+32 2.578e-25 5.234e-14 6.578e-13
3.981e-15 1.172e+61 2.975e+32 2.980e-25 6.051e-14 7.603e-13
4.467e-15 1.075e+61 3.437e+32 3.442e-25 6.989e-14 8.783e-13
5.012e-15 9.857e+60 3.967e+32 3.974e-25 8.068e-14 1.014e-12
5.623e-15 9.031e+60 4.575e+32 4.583e-25 9.306e-14 1.169e-12
6.310e-15 8.267e+60 5.273e+32 5.282e-25 1.072e-13 1.348e-12
7.079e-15 7.561e+60 6.072e+32 6.082e-25 1.235e-13 1.552e-12
7.943e-15 6.909e+60 6.984e+32 6.996e-25 1.420e-13 1.785e-12
8.913e-15 6.306e+60 8.025e+32 8.039e-25 1.632e-13 2.051e-12
1.000e-14 5.749e+60 9.212e+32 9.227e-25 1.873e-13 2.354e-12
1.122e-14 5.236e+60 1.056e+33 1.058e-24 2.148e-13 2.699e-12
1.259e-14 4.762e+60 1.209e+33 1.211e-24 2.459e-13 3.090e-12
1.413e-14 4.324e+60 1.382e+33 1.385e-24 2.811e-13 3.533e-12
1.585e-14 3.921e+60 1.578e+33 1.581e-24 3.209e-13 4.033e-12
1.778e-14 3.550e+60 1.799e+33 1.802e-24 3.658e-13 4.597e-12
1.995e-14 3.208e+60 2.046e+33 2.050e-24 4.162e-13 5.230e-12
2.239e-14 2.894e+60 2.324e+33 2.328e-24 4.726e-13 5.939e-12
2.512e-14 2.605e+60 2.633e+33 2.638e-24 5.355e-13 6.730e-12
2.818e-14 2.340e+60 2.978e+33 2.983e-24 6.056e-13 7.610e-12
3.162e-14 2.096e+60 3.359e+33 3.365e-24 6.831e-13 8.585e-12
3.548e-14 1.874e+60 3.780e+33 3.786e-24 7.687e-13 9.660e-12
3.981e-14 1.670e+60 4.241e+33 4.248e-24 8.626e-13 1.084e-11
4.467e-14 1.484e+60 4.745e+33 4.754e-24 9.651e-13 1.213e-11
5.012e-14 1.315e+60 5.293e+33 5.302e-24 1.076e-12 1.353e-11
5.623e-14 1.161e+60 5.884e+33 5.893e-24 1.197e-12 1.504e-11
6.310e-14 1.022e+60 6.516e+33 6.527e-24 1.325e-12 1.665e-11
7.079e-14 8.953e+59 7.189e+33 7.201e-24 1.462e-12 1.837e-11
7.943e-14 7.813e+59 7.899e+33 7.912e-24 1.606e-12 2.019e-11
8.913e-14 6.789e+59 8.639e+33 8.654e-24 1.757e-12 2.208e-11
1.000e-13 5.870e+59 9.405e+33 9.421e-24 1.913e-12 2.404e-11
1.122e-13 5.050e+59 1.019e+34 1.020e-23 2.072e-12 2.604e-11
1.259e-13 4.322e+59 1.097e+34 1.099e-23 2.232e-12 2.805e-11
1.413e-13 3.677e+59 1.176e+34 1.178e-23 2.391e-12 3.005e-11
1.585e-13 3.110e+59 1.252e+34 1.254e-23 2.546e-12 3.199e-11
1.778e-13 2.614e+59 1.324e+34 1.327e-23 2.694e-12 3.385e-11
1.995e-13 2.183e+59 1.392e+34 1.395e-23 2.831e-12 3.558e-11
2.239e-13 1.810e+59 1.453e+34 1.456e-23 2.956e-12 3.714e-11
2.512e-13 1.490e+59 1.506e+34 1.509e-23 3.064e-12 3.850e-11
2.818e-13 1.218e+59 1.550e+34 1.553e-23 3.153e-12 3.962e-11
3.162e-13 9.884e+58 1.584e+34 1.586e-23 3.221e-12 4.047e-11
3.548e-13 7.962e+58 1.606e+34 1.609e-23 3.266e-12 4.104e-11
3.981e-13 6.367e+58 1.617e+34 1.619e-23 3.288e-12 4.132e-11
4.467e-13 5.055e+58 1.616e+34 1.619e-23 3.287e-12 4.130e-11
5.012e-13 3.988e+58 1.605e+34 1.608e-23 3.264e-12 4.102e-11
5.623e-13 3.126e+58 1.584e+34 1.586e-23 3.221e-12 4.048e-11
6.310e-13 2.437e+58 1.554e+34 1.557e-23 3.161e-12 3.972e-11
7.079e-13 1.890e+58 1.518e+34 1.521e-23 3.087e-12 3.880e-11
7.943e-13 1.461e+58 1.476e+34 1.479e-23 3.003e-12 3.773e-11
8.913e-13 1.125e+58 1.431e+34 1.434e-23 2.911e-12 3.658e-11
1.000e-12 8.639e+57 1.384e+34 1.387e-23 2.815e-12 3.538e-11
1.122e-12 6.624e+57 1.336e+34 1.338e-23 2.717e-12 3.415e-11
1.259e-12 5.072e+57 1.288e+34 1.290e-23 2.619e-12 3.292e-11
1.413e-12 3.880e+57 1.240e+34 1.243e-23 2.523e-12 3.170e-11
1.585e-12 2.967e+57 1.194e+34 1.196e-23 2.428e-12 3.052e-11
1.778e-12 2.267e+57 1.149e+34 1.151e-23 2.336e-12 2.936e-11
1.995e-12 1.732e+57 1.105e+34 1.107e-23 2.247e-12 2.824e-11
2.239e-12 1.323e+57 1.062e+34 1.064e-23 2.161e-12 2.715e-11
2.512e-12 1.010e+57 1.021e+34 1.023e-23 2.077e-12 2.610e-11
2.818e-12 7.713e+56 9.816e+33 9.832e-24 1.996e-12 2.509e-11
3.162e-12 5.886e+56 9.430e+33 9.446e-24 1.918e-12 2.410e-11
3.548e-12 4.490e+56 9.057e+33 9.073e-24 1.842e-12 2.315e-11
3.981e-12 3.425e+56 8.696e+33 8.711e-24 1.769e-12 2.223e-11
4.467e-12 2.611e+56 8.347e+33 8.361e-24 1.698e-12 2.133e-11
5.012e-12 1.990e+56 8.008e+33 8.022e-24 1.629e-12 2.047e-11
5.623e-12 1.516e+56 7.681e+33 7.694e-24 1.562e-12 1.963e-11
6.310e-12 1.154e+56 7.364e+33 7.376e-24 1.498e-12 1.882e-11
7.079e-12 8.788e+55 7.057e+33 7.069e-24 1.435e-12 1.804e-11
7.943e-12 6.687e+55 6.759e+33 6.771e-24 1.375e-12 1.728e-11
8.913e-12 5.085e+55 6.472e+33 6.483e-24 1.316e-12 1.654e-11
1.000e-11 3.865e+55 6.193e+33 6.204e-24 1.260e-12 1.583e-11
1.122e-11 2.937e+55 5.923e+33 5.934e-24 1.205e-12 1.514e-11
1.259e-11 2.230e+55 5.663e+33 5.672e-24 1.152e-12 1.447e-11
1.413e-11 1.692e+55 5.410e+33 5.419e-24 1.100e-12 1.383e-11
1.585e-11 1.284e+55 5.166e+33 5.174e-24 1.051e-12 1.320e-11
1.778e-11 9.729e+54 4.929e+33 4.938e-24 1.003e-12 1.260e-11
1.995e-11 7.369e+54 4.701e+33 4.709e-24 9.560e-13 1.201e-11
2.239e-11 5.578e+54 4.479e+33 4.487e-24 9.110e-13 1.145e-11
2.512e-11 4.220e+54 4.266e+33 4.273e-24 8.676e-13 1.090e-11
2.818e-11 3.189e+54 4.059e+33 4.066e-24 8.255e-13 1.037e-11
3.162e-11 2.409e+54 3.859e+33 3.866e-24 7.849e-13 9.864e-12
3.548e-11 1.818e+54 3.667e+33 3.673e-24 7.457e-13 9.371e-12
3.981e-11 1.371e+54 3.481e+33 3.487e-24 7.079e-13 8.896e-12
4.467e-11 1.033e+54 3.301e+33 3.307e-24 6.714e-13 8.437e-12
5.012e-11 7.773e+53 3.128e+33 3.133e-24 6.362e-13 7.995e-12
5.623e-11 5.845e+53 2.961e+33 2.966e-24 6.023e-13 7.569e-12
6.310e-11 4.391e+53 2.801e+33 2.806e-24 5.696e-13 7.158e-12
7.079e-11 3.296e+53 2.646e+33 2.651e-24 5.382e-13 6.763e-12
7.943e-11 2.471e+53 2.498e+33 2.502e-24 5.080e-13 6.384e-12
8.913e-11 1.851e+53 2.355e+33 2.359e-24 4.790e-13 6.019e-12
1.000e-10 1.384e+53 2.218e+33 2.222e-24 4.511e-13 5.669e-12
1.122e-10 1.035e+53 2.087e+33 2.091e-24 4.245e-13 5.334e-12
1.259e-10 7.724e+52 1.961e+33 1.965e-24 3.989e-13 5.013e-12
1.413e-10 5.759e+52 1.841e+33 1.844e-24 3.745e-13 4.706e-12
1.585e-10 4.290e+52 1.726e+33 1.729e-24 3.511e-13 4.412e-12
1.778e-10 3.191e+52 1.617e+33 1.620e-24 3.289e-13 4.133e-12
1.995e-10 2.372e+52 1.513e+33 1.515e-24 3.076e-13 3.866e-12
2.239e-10 1.760e+52 1.414e+33 1.416e-24 2.875e-13 3.613e-12
2.512e-10 1.305e+52 1.319e+33 1.322e-24 2.683e-13 3.372e-12
2.818e-10 9.665e+51 1.230e+33 1.232e-24 2.502e-13 3.144e-12
3.162e-10 7.150e+51 1.146e+33 1.148e-24 2.330e-13 2.928e-12
3.548e-10 5.284e+51 1.066e+33 1.068e-24 2.167e-13 2.724e-12
3.981e-10 3.900e+51 9.904e+32 9.921e-25 2.014e-13 2.531e-12
4.467e-10 2.876e+51 9.195e+32 9.210e-25 1.870e-13 2.350e-12
5.012e-10 2.119e+51 8.528e+32 8.542e-25 1.734e-13 2.180e-12
5.623e-10 1.560e+51 7.902e+32 7.916e-25 1.607e-13 2.020e-12
6.310e-10 1.147e+51 7.316e+32 7.328e-25 1.488e-13 1.870e-12
7.079e-10 8.427e+50 6.767e+32 6.778e-25 1.376e-13 1.729e-12
7.943e-10 6.186e+50 6.254e+32 6.264e-25 1.272e-13 1.598e-12
8.913e-10 4.538e+50 5.775e+32 5.785e-25 1.175e-13 1.476e-12
1.000e-09 3.326e+50 5.329e+32 5.338e-25 1.084e-13 1.362e-12
1.122e-09 2.436e+50 4.913e+32 4.922e-25 9.993e-14 1.256e-12
1.259e-09 1.783e+50 4.526e+32 4.534e-25 9.206e-14 1.157e-12
1.413e-09 1.303e+50 4.167e+32 4.174e-25 8.474e-14 1.065e-12
1.585e-09 9.522e+49 3.832e+32 3.839e-25 7.794e-14 9.794e-13
1.778e-09 6.951e+49 3.522e+32 3.528e-25 7.162e-14 9.001e-13
1.995e-09 5.069e+49 3.233e+32 3.239e-25 6.576e-14 8.264e-13
2.239e-09 3.694e+49 2.966e+32 2.971e-25 6.032e-14 7.581e-13
2.512e-09 2.689e+49 2.718e+32 2.723e-25 5.529e-14 6.948e-13
2.818e-09 1.956e+49 2.489e+32 2.493e-25 5.062e-14 6.362e-13
3.162e-09 1.421e+49 2.277e+32 2.281e-25 4.631e-14 5.820e-13
3.548e-09 1.032e+49 2.081e+32 2.085e-25 4.233e-14 5.320e-13
3.981e-09 7.486e+48 1.901e+32 1.904e-25 3.866e-14 4.858e-13
4.467e-09 5.426e+48 1.735e+32 1.738e-25 3.528e-14 4.433e-13
5.012e-09 3.930e+48 1.582e+32 1.584e-25 3.217e-14 4.042e-13
5.623e-09 2.844e+48 1.441e+32 1.443e-25 2.930e-14 3.682e-13
6.310e-09 2.056e+48 1.311e+32 1.313e-25 2.667e-14 3.351e-13
7.079e-09 1.485e+48 1.192e+32 1.194e-25 2.425e-14 3.047e-13
7.943e-09 1.071e+48 1.083e+32 1.085e-25 2.202e-14 2.768e-13
8.913e-09 7.720e+47 9.825e+31 9.842e-26 1.998e-14 2.511e-13
1.000e-08 5.557e+47 8.904e+31 8.919e-26 1.811e-14 2.276e-13
1.122e-08 3.995e+47 8.059e+31 8.072e-26 1.639e-14 2.060e-13
1.259e-08 2.869e+47 7.284e+31 7.296e-26 1.481e-14 1.862e-13
1.413e-08 2.057e+47 6.574e+31 6.585e-26 1.337e-14 1.680e-13
1.585e-08 1.472e+47 5.925e+31 5.935e-26 1.205e-14 1.514e-13
1.778e-08 1.052e+47 5.330e+31 5.339e-26 1.084e-14 1.362e-13
1.995e-08 7.504e+46 4.787e+31 4.795e-26 9.735e-15 1.223e-13
2.239e-08 5.343e+46 4.290e+31 4.298e-26 8.726e-15 1.097e-13
2.512e-08 3.796e+46 3.838e+31 3.844e-26 7.805e-15 9.808e-14
2.818e-08 2.691e+46 3.425e+31 3.431e-26 6.966e-15 8.753e-14
3.162e-08 1.903e+46 3.049e+31 3.054e-26 6.201e-15 7.793e-14
3.548e-08 1.342e+46 2.707e+31 2.712e-26 5.507e-15 6.920e-14
3.981e-08 9.441e+45 2.397e+31 2.401e-26 4.875e-15 6.127e-14
4.467e-08 6.619e+45 2.116e+31 2.119e-26 4.303e-15 5.408e-14
5.012e-08 4.625e+45 1.861e+31 1.864e-26 3.785e-15 4.757e-14
5.623e-08 3.219e+45 1.631e+31 1.634e-26 3.317e-15 4.168e-14
6.310e-08 2.232e+45 1.423e+31 1.426e-26 2.895e-15 3.638e-14
7.079e-08 1.540e+45 1.237e+31 1.239e-26 2.515e-15 3.161e-14
7.943e-08 1.057e+45 1.069e+31 1.071e-26 2.174e-15 2.732e-14
8.913e-08 7.220e+44 9.189e+30 9.204e-27 1.869e-15 2.348e-14
1.000e-07 4.900e+44 7.850e+30 7.863e-27 1.597e-15 2.006e-14
1.122e-07 3.302e+44 6.660e+30 6.672e-27 1.355e-15 1.702e-14
1.259e-07 2.208e+44 5.608e+30 5.617e-27 1.141e-15 1.433e-14
1.413e-07 1.464e+44 4.682e+30 4.689e-27 9.521e-16 1.196e-14
1.585e-07 9.619e+43 3.871e+30 3.878e-27 7.873e-16 9.894e-15
1.778e-07 6.251e+43 3.167e+30 3.172e-27 6.441e-16 8.094e-15
1.995e-07 4.014e+43 2.560e+30 2.565e-27 5.207e-16 6.543e-15
2.239e-07 2.543e+43 2.042e+30 2.046e-27 4.153e-16 5.219e-15
2.512e-07 1.587e+43 1.605e+30 1.607e-27 3.264e-16 4.101e-15
2.818e-07 9.743e+42 1.240e+30 1.242e-27 2.522e-16 3.169e-15
3.162e-07 5.868e+42 9.402e+29 9.418e-28 1.912e-16 2.403e-15
3.548e-07 3.460e+42 6.980e+29 6.992e-28 1.420e-16 1.784e-15
3.981e-07 1.993e+42 5.060e+29 5.069e-28 1.029e-16 1.293e-15
4.467e-07 1.117e+42 3.572e+29 3.578e-28 7.265e-17 9.129e-16
5.012e-07 6.080e+41 2.447e+29 2.451e-28 4.977e-17 6.254e-16
5.623e-07 3.200e+41 1.621e+29 1.624e-28 3.297e-17 4.143e-16
6.310e-07 1.621e+41 1.034e+29 1.036e-28 2.103e-17 2.643e-16
7.079e-07 7.873e+40 6.322e+28 6.333e-29 1.286e-17 1.616e-16
7.943e-07 3.645e+40 3.685e+28 3.691e-29 7.495e-18 9.418e-17
8.913e-07 1.599e+40 2.035e+28 2.039e-29 4.140e-18 5.202e-17
1.000e-06 6.605e+39 1.058e+28 1.060e-29 2.152e-18 2.704e-17
1.122e-06 2.547e+39 5.138e+27 5.147e-30 1.045e-18 1.313e-17
1.259e-06 9.093e+38 2.309e+27 2.313e-30 4.696e-19 5.901e-18
1.413e-06 2.975e+38 9.509e+26 9.525e-31 1.934e-19 2.430e-18
1.585e-06 8.812e+37 3.546e+26 3.552e-31 7.213e-20 9.064e-19
1.778e-06 2.333e+37 1.182e+26 1.184e-31 2.404e-20 3.021e-19
1.995e-06 5.433e+36 3.466e+25 3.471e-32 7.048e-21 8.857e-20
2.239e-06 1.094e+36 8.785e+24 8.800e-33 1.787e-21 2.245e-20
2.512e-06 1.864e+35 1.885e+24 1.888e-33 3.833e-22 4.817e-21
2.818e-06 2.629e+34 3.346e+23 3.351e-34 6.805e-23 8.551e-22
3.162e-06 2.922e+33 4.682e+22 4.690e-35 9.522e-24 1.197e-22
3.548e-06 2.477e+32 4.996e+21 5.004e-36 1.016e-24 1.277e-23
3.981e-06 0.000e+00 0.000e+00 0.000e+00 0.000e+00 0.000e+00
4.467e-06 0.000e+00 0.000e+00 0.000e+00 0.000e+00 0.000e+00
5.012e-06 0.000e+00 0.000e+00 0.000e+00 0.000e+00 0.000e+00
5.623e-06 0.000e+00 0.000e+00 0.000e+00 0.000e+00 0.000e+00
6.310e-06 0.000e+00 0.000e+00 0.000e+00 0.000e+00 0.000e+00
7.079e-06 0.000e+00 0.000e+00 0.000e+00 0.000e+00 0.000e+00
7.943e-06 0.000e+00 0.000e+00 0.000e+00 0.000e+00 0.000e+00
8.913e-06 0.000e+00 0.000e+00 0.000e+00 0.000e+00 0.000e+00
1.000e-05 0.000e+00 0.000e+00 0.000e+00 0.000e+00 0.000e+00
1.122e-05 0.000e+00 0.000e+00 0.000e+00 0.000e+00 0.000e+00
1.259e-05 0.000e+00 0.000e+00 0.000e+00 0.000e+00 0.000e+00
1.413e-05 0.000e+00 0.000e+00 0.000e+00 0.000e+00 0.000e+00
1.585e-05 0.000e+00 0.000e+00 0.000e+00 0.000e+00 0.000e+00
1.778e-05 0.000e+00 0.000e+00 0.000e+00 0.000e+00 0.000e+00
1.995e-05 0.000e+00 0.000e+00 0.000e+00 0.000e+00 0.000e+00
2.239e-05 0.000e+00 0.000e+00 0.000e+00 0.000e+00 0.000e+00
2.512e-05 0.000e+00 0.000e+00 0.000e+00 0.000e+00 0.000e+00
2.818e-05 0.000e+00 0.000e+00 0.000e+00 0.000e+00 0.000e+00
3.162e-05 0.000e+00 0.000e+00 0.000e+00 0.000e+00 0.000e+00
3.548e-05 0.000e+00 0.000e+00 0.000e+00 0.000e+00 0.000e+00
3.981e-05 0.000e+00 0.000e+00 0.000e+00 0.000e+00 0.000e+00
4.467e-05 0.000e+00 0.000e+00 0.000e+00 0.000e+00 0.000e+00
5.012e-05 0.000e+00 0.000e+00 0.000e+00 0.000e+00 0.000e+00
5.623e-05 0.000e+00 0.000e+00 0.000e+00 0.000e+00 0.000e+00
6.310e-05 0.000e+00 0.000e+00 0.000e+00 0.000e+00 0.000e+00
7.079e-05 0.000e+00 0.000e+00 0.000e+00 0.000e+00 0.000e+00
7.943e-05 0.000e+00 0.000e+00 0.000e+00 0.000e+00 0.000e+00
8.913e-05 0.000e+00 0.000e+00 0.000e+00 0.000e+00 0.000e+00
1.000e-04 0.000e+00 0.000e+00 0.000e+00 0.000e+00 0.000e+00
1.122e-04 0.000e+00 0.000e+00 0.000e+00 0.000e+00 0.000e+00
1.259e-04 0.000e+00 0.000e+00 0.000e+00 0.000e+00 0.000e+00
1.413e-04 0.000e+00 0.000e+00 0.000e+00 0.000e+00 0.000e+00
1.585e-04 0.000e+00 0.000e+00 0.000e+00 0.000e+00 0.000e+00
1.778e-04 0.000e+00 0.000e+00 0.000e+00 0.000e+00 0.000e+00
1.995e-04 0.000e+00 0.000e+00 0.000e+00 0.000e+00 0.000e+00
2.239e-04 0.000e+00 0.000e+00 0.000e+00 0.000e+00 0.000e+00
2.512e-04 0.000e+00 0.000e+00 0.000e+00 0.000e+00 0.000e+00
2.818e-04 0.000e+00 0.000e+00 0.000e+00 0.000e+00 0.000e+00
3.162e-04 0.000e+00 0.000e+00 0.000e+00 0.000e+00 0.000e+00
3.548e-04 0.000e+00 0.000e+00 0.000e+00 0.000e+00 0.000e+00
3.981e-04 0.000e+00 0.000e+00 0.000e+00 0.000e+00 0.000e+00
4.467e-04 0.000e+00 0.000e+00 0.000e+00 0.000e+00 0.000e+00
5.012e-04 0.000e+00 0.000e+00 0.000e+00 0.000e+00 0.000e+00
5.623e-04 0.000e+00 0.000e+00 0.000e+00 0.000e+00 0.000e+00
6.310e-04 0.000e+00 0.000e+00 0.000e+00 0.000e+00 0.000e+00
7.079e-04 0.000e+00 0.000e+00 0.000e+00 0.000e+00 0.000e+00
7.943e-04 0.000e+00 0.000e+00 0.000e+00 0.000e+00 0.000e+00
8.913e-04 0.000e+00 0.000e+00 0.000e+00 0.000e+00 0.000e+00
1.000e-03 0.000e+00 0.000e+00 0.000e+00 0.000e+00 0.000e+00
1.122e-03 0.000e+00 0.000e+00 0.000e+00 0.000e+00 0.000e+00
1.259e-03 0.000e+00 0.000e+00 0.000e+00 0.000e+00 0.000e+00
1.413e-03 0.000e+00 0.000e+00 0.000e+00 0.000e+00 0.000e+00
1.585e-03 0.000e+00 0.000e+00 0.000e+00 0.000e+00 0.000e+00
1.778e-03 0.000e+00 0.000e+00 0.000e+00 0.000e+00 0.000e+00
1.995e-03 0.000e+00 0.000e+00 0.000e+00 0.000e+00 0.000e+00
2.239e-03 0.000e+00 0.000e+00 0.000e+00 0.000e+00 0.000e+00
2.512e-03 0.000e+00 0.000e+00 0.000e+00 0.000e+00 0.000e+00
2.818e-03 0.000e+00 0.000e+00 0.000e+00 0.000e+00 0.000e+00
3.162e-03 0.000e+00 0.000e+00 0.000e+00 0.000e+00 0.000e+00
3.548e-03 0.000e+00 0.000e+00 0.000e+00 0.000e+00 0.000e+00
3.981e-03 0.000e+00 0.000e+00 0.000e+00 0.000e+00 0.000e+00
4.467e-03 0.000e+00 0.000e+00 0.000e+00 0.000e+00 0.000e+00
5.012e-03 0.000e+00 0.000e+00 0.000e+00 0.000e+00 0.000e+00
5.623e-03 0.000e+00 0.000e+00 0.000e+00 0.000e+00 0.000e+00
6.310e-03 0.000e+00 0.000e+00 0.000e+00 0.000e+00 0.000e+00
7.079e-03 0.000e+00 0.000e+00 0.000e+00 0.000e+00 0.000e+00
7.943e-03 0.000e+00 0.000e+00 0.000e+00 0.000e+00 0.000e+00
8.913e-03 0.000e+00 0.000e+00 0.000e+00 0.000e+00 0.000e+00
1.000e-02 0.000e+00 0.000e+00 0.000e+00 0.000e+00 0.000e+00
1.122e-02 0.000e+00 0.000e+00 0.000e+00 0.000e+00 0.000e+00
1.259e-02 0.000e+00 0.000e+00 0.000e+00 0.000e+00 0.000e+00
1.413e-02 0.000e+00 0.000e+00 0.000e+00 0.000e+00 0.000e+00
1.585e-02 0.000e+00 0.000e+00 0.000e+00 0.000e+00 0.000e+00
1.778e-02 0.000e+00 0.000e+00 0.000e+00 0.000e+00 0.000e+00
1.995e-02 0.000e+00 0.000e+00 0.000e+00 0.000e+00 0.000e+00
2.239e-02 0.000e+00 0.000e+00 0.000e+00 0.000e+00 0.000e+00
2.512e-02 0.000e+00 0.000e+00 0.000e+00 0.000e+00 0.000e+00
2.818e-02 0.000e+00 0.000e+00 0.000e+00 0.000e+00 0.000e+00
3.162e-02 0.000e+00 0.000e+00 0.000e+00 0.000e+00 0.000e+00
3.548e-02 0.000e+00 0.000e+00 0.000e+00 0.000e+00 0.000e+00
3.981e-02 0.000e+00 0.000e+00 0.000e+00 0.000e+00 0.000e+00
4.467e-02 0.000e+00 0.000e+00 0.000e+00 0.000e+00 0.000e+00
5.012e-02 0.000e+00 0.000e+00 0.000e+00 0.000e+00 0.000e+00
5.623e-02 0.000e+00 0.000e+00 0.000e+00 0.000e+00 0.000e+00
6.310e-02 0.000e+00 0.000e+00 0.000e+00 0.000e+00 0.000e+00
7.079e-02 0.000e+00 0.000e+00 0.000e+00 0.000e+00 0.000e+00
7.943e-02 0.000e+00 0.000e+00 0.000e+00 0.000e+00 0.000e+00
8.913e-02 0.000e+00 0.000e+00 0.000e+00 0.000e+00 0.000e+00
1.000e-01 0.000e+00 0.000e+00 0.000e+00 0.000e+00 0.000e+00
1.122e-01 0.000e+00 0.000e+00 0.000e+00 0.000e+00 0.000e+00
1.259e-01 0.000e+00 0.000e+00 0.000e+00 0.000e+00 0.000e+00
1.413e-01 0.000e+00 0.000e+00 0.000e+00 0.000e+00 0.000e+00
1.585e-01 0.000e+00 0.000e+00 0.000e+00 0.000e+00 0.000e+00
1.778e-01 0.000e+00 0.000e+00 0.000e+00 0.000e+00 0.000e+00
1.995e-01 0.000e+00 0.000e+00 0.000e+00 0.000e+00 0.000e+00
2.239e-01 0.000e+00 0.000e+00 0.000e+00 0.000e+00 0.000e+00
2.512e-01 0.000e+00 0.000e+00 0.000e+00 0.000e+00 0.000e+00
2.818e-01 0.000e+00 0.000e+00 0.000e+00 0.000e+00 0.000e+00
3.162e-01 0.000e+00 0.000e+00 0.000e+00 0.000e+00 0.000e+00
3.548e-01 0.000e+00 0.000e+00 0.000e+00 0.000e+00 0.000e+00
3.981e-01 0.000e+00 0.000e+00 0.000e+00 0.000e+00 0.000e+00
4.467e-01 0.000e+00 0.000e+00 0.000e+00 0.000e+00 0.000e+00
5.012e-01 0.000e+00 0.000e+00 0.000e+00 0.000e+00 0.000e+00
5.623e-01 0.000e+00 0.000e+00 0.000e+00 0.000e+00 0.000e+00
6.310e-01 0.000e+00 0.000e+00 0.000e+00 0.000e+00 0.000e+00
7.079e-01 0.000e+00 0.000e+00 0.000e+00 0.000e+00 0.000e+00
7.943e-01 0.000e+00 0.000e+00 0.000e+00 0.000e+00 0.000e+00
8.913e-01 0.000e+00 0.000e+00 0.000e+00 0.000e+00 0.000e+00
1.000e+00 0.000e+00 0.000e+00 0.000e+00 0.000e+00 0.000e+00
1.122e+00 0.000e+00 0.000e+00 0.000e+00 0.000e+00 0.000e+00
1.259e+00 0.000e+00 0.000e+00 0.000e+00 0.000e+00 0.000e+00
1.413e+00 0.000e+00 0.000e+00 0.000e+00 0.000e+00 0.000e+00
1.585e+00 0.000e+00 0.000e+00 0.000e+00 0.000e+00 0.000e+00
1.778e+00 0.000e+00 0.000e+00 0.000e+00 0.000e+00 0.000e+00
1.995e+00 0.000e+00 0.000e+00 0.000e+00 0.000e+00 0.000e+00
2.239e+00 0.000e+00 0.000e+00 0.000e+00 0.000e+00 0.000e+00
2.512e+00 0.000e+00 0.000e+00 0.000e+00 0.000e+00 0.000e+00
2.818e+00 0.000e+00 0.000e+00 0.000e+00 0.000e+00 0.000e+00
3.162e+00 0.000e+00 0.000e+00 0.000e+00 0.000e+00 0.000e+00
3.548e+00 0.000e+00 0.000e+00 0.000e+00 0.000e+00 0.000e+00
3.981e+00 0.000e+00 0.000e+00 0.000e+00 0.000e+00 0.000e+00
4.467e+00 0.000e+00 0.000e+00 0.000e+00 0.000e+00 0.000e+00
5.012e+00 0.000e+00 0.000e+00 0.000e+00 0.000e+00 0.000e+00
5.623e+00 0.000e+00 0.000e+00 0.000e+00 0.000e+00 0.000e+00
6.310e+00 0.000e+00 0.000e+00 0.000e+00 0.000e+00 0.000e+00
7.079e+00 0.000e+00 0.000e+00 0.000e+00 0.000e+00 0.000e+00
7.943e+00 0.000e+00 0.000e+00 0.000e+00 0.000e+00 0.000e+00
8.913e+00 0.000e+00 0.000e+00 0.000e+00 0.000e+00 0.000e+00
1.000e+01 0.000e+00 0.000e+00 0.000e+00 0.000e+00 0.000e+00
1.122e+01 0.000e+00 0.000e+00 0.000e+00 0.000e+00 0.000e+00
1.259e+01 0.000e+00 0.000e+00 0.000e+00 0.000e+00 0.000e+00
1.413e+01 0.000e+00 0.000e+00 0.000e+00 0.000e+00 0.000e+00
1.585e+01 0.000e+00 0.000e+00 0.000e+00 0.000e+00 0.000e+00
1.778e+01 0.000e+00 0.000e+00 0.000e+00 0.000e+00 0.000e+00
1.995e+01 0.000e+00 0.000e+00 0.000e+00 0.000e+00 0.000e+00
2.239e+01 0.000e+00 0.000e+00 0.000e+00 0.000e+00 0.000e+00
2.512e+01 0.000e+00 0.000e+00 0.000e+00 0.000e+00 0.000e+00
2.818e+01 0.000e+00 0.000e+00 0.000e+00 0.000e+00 0.000e+00
3.162e+01 0.000e+00 0.000e+00 0.000e+00 0.000e+00 0.000e+00
3.548e+01 0.000e+00 0.000e+00 0.000e+00 0.000e+00 0.000e+00
3.981e+01 0.000e+00 0.000e+00 0.000e+00 0.000e+00 0.000e+00
4.467e+01 0.000e+00 0.000e+00 0.000e+00 0.000e+00 0.000e+00
5.012e+01 0.000e+00 0.000e+00 0.000e+00 0.000e+00 0.000e+00
5.623e+01 0.000e+00 0.000e+00 0.000e+00 0.000e+00 0.000e+00
6.310e+01 0.000e+00 0.000e+00 0.000e+00 0.000e+00 0.000e+00
7.079e+01 0.000e+00 0.000e+00 0.000e+00 0.000e+00 0.000e+00
7.943e+01 0.000e+00 0.000e+00 0.000e+00 0.000e+00 0.000e+00
8.913e+01 0.000e+00 0.000e+00 0.000e+00 0.000e+00 0.000e+00
1.000e+02 0.000e+00 0.000e+00 0.000e+00 0.000e+00 0.000e+00
1.122e+02 0.000e+00 0.000e+00 0.000e+00 0.000e+00 0.000e+00
1.259e+02 0.000e+00 0.000e+00 0.000e+00 0.000e+00 0.000e+00
1.413e+02 0.000e+00 0.000e+00 0.000e+00 0.000e+00 0.000e+00
1.585e+02 0.000e+00 0.000e+00 0.000e+00 0.000e+00 0.000e+00
1.778e+02 0.000e+00 0.000e+00 0.000e+00 0.000e+00 0.000e+00
1.995e+02 0.000e+00 0.000e+00 0.000e+00 0.000e+00 0.000e+00
2.239e+02 0.000e+00 0.000e+00 0.000e+00 0.000e+00 0.000e+00
2.512e+02 0.000e+00 0.000e+00 0.000e+00 0.000e+00 0.000e+00
2.818e+02 0.000e+00 0.000e+00 0.000e+00 0.000e+00 0.000e+00
3.162e+02 0.000e+00 0.000e+00 0.000e+00 0.000e+00 0.000e+00
3.548e+02 0.000e+00 0.000e+00 0.000e+00 0.000e+00 0.000e+00
3.981e+02 0.000e+00 0.000e+00 0.000e+00 0.000e+00 0.000e+00
4.467e+02 0.000e+00 0.000e+00 0.000e+00 0.000e+00 0.000e+00
5.012e+02 0.000e+00 0.000e+00 0.000e+00 0.000e+00 0.000e+00
5.623e+02 0.000e+00 0.000e+00 0.000e+00 0.000e+00 0.000e+00
6.310e+02 0.000e+00 0.000e+00 0.000e+00 0.000e+00 0.000e+00
7.079e+02 0.000e+00 0.000e+00 0.000e+00 0.000e+00 0.000e+00
7.943e+02 0.000e+00 0.000e+00 0.000e+00 0.000e+00 0.000e+00
8.913e+02 0.000e+00 0.000e+00 0.000e+00 0.000e+00 0.000e+00
1.000e+03 0.000e+00 0.000e+00 0.000e+00 0.000e+00 0.000e+00
1.122e+03 0.000e+00 0.000e+00 0.000e+00 0.000e+00 0.000e+00
1.259e+03 0.000e+00 0.000e+00 0.000e+00 0.000e+00 0.000e+00
1.413e+03 0.000e+00 0.000e+00 0.000e+00 0.000e+00 0.000e+00
1.585e+03 0.000e+00 0.000e+00 0.000e+00 0.000e+00 0.000e+00
1.778e+03 0.000e+00 0.000e+00 0.000e+00 0.000e+00 0.000e+00
1.995e+03 0.000e+00 0.000e+00 0.000e+00 0.000e+00 0.000e+00
2.239e+03 0.000e+00 0.000e+00 0.000e+00 0.000e+00 0.000e+00
2.512e+03 0.000e+00 0.000e+00 0.000e+00 0.000e+00 0.000e+00
2.818e+03 0.000e+00 0.000e+00 0.000e+00 0.000e+00 0.000e+00
3.162e+03 0.000e+00 0.000e+00 0.000e+00 0.000e+00 0.000e+00
3.548e+03 0.000e+00 0.000e+00 0.000e+00 0.000e+00 0.000e+00
3.981e+03 0.000e+00 0.000e+00 0.000e+00 0.000e+00 0.000e+00
4.467e+03 0.000e+00 0.000e+00 0.000e+00 0.000e+00 0.000e+00
5.012e+03 0.000e+00 0.000e+00 0.000e+00 0.000e+00 0.000e+00
5.623e+03 0.000e+00 0.000e+00 0.000e+00 0.000e+00 0.000e+00
6.310e+03 0.000e+00 0.000e+00 0.000e+00 0.000e+00 0.000e+00
7.079e+03 0.000e+00 0.000e+00 0.000e+00 0.000e+00 0.000e+00
7.943e+03 0.000e+00 0.000e+00 0.000e+00 0.000e+00 0.000e+00
8.913e+03 0.000e+00 0.000e+00 0.000e+00 0.000e+00 0.000e+00
1.000e+04 0.000e+00 0.000e+00 0.000e+00 0.000e+00 0.000e+00
1.122e+04 0.000e+00 0.000e+00 0.000e+00 0.000e+00 0.000e+00
1.259e+04 0.000e+00 0.000e+00 0.000e+00 0.000e+00 0.000e+00
1.413e+04 0.000e+00 0.000e+00 0.000e+00 0.000e+00 0.000e+00
1.585e+04 0.000e+00 0.000e+00 0.000e+00 0.000e+00 0.000e+00
1.778e+04 0.000e+00 0.000e+00 0.000e+00 0.000e+00 0.000e+00
1.995e+04 0.000e+00 0.000e+00 0.000e+00 0.000e+00 0.000e+00
2.239e+04 0.000e+00 0.000e+00 0.000e+00 0.000e+00 0.000e+00
2.512e+04 0.000e+00 0.000e+00 0.000e+00 0.000e+00 0.000e+00
2.818e+04 0.000e+00 0.000e+00 0.000e+00 0.000e+00 0.000e+00
3.162e+04 0.000e+00 0.000e+00 0.000e+00 0.000e+00 0.000e+00
3.548e+04 0.000e+00 0.000e+00 0.000e+00 0.000e+00 0.000e+00
3.981e+04 0.000e+00 0.000e+00 0.000e+00 0.000e+00 0.000e+00
4.467e+04 0.000e+00 0.000e+00 0.000e+00 0.000e+00 0.000e+00
5.012e+04 0.000e+00 0.000e+00 0.000e+00 0.000e+00 0.000e+00
5.623e+04 0.000e+00 0.000e+00 0.000e+00 0.000e+00 0.000e+00
6.310e+04 0.000e+00 0.000e+00 0.000e+00 0.000e+00 0.000e+00
7.079e+04 0.000e+00 0.000e+00 0.000e+00 0.000e+00 0.000e+00
7.943e+04 0.000e+00 0.000e+00 0.000e+00 0.000e+00 0.000e+00
8.913e+04 0.000e+00 0.000e+00 0.000e+00 0.000e+00 0.000e+00
1.000e+05 0.000e+00 0.000e+00 0.000e+00 0.000e+00 0.000e+00
1.122e+05 0.000e+00 0.000e+00 0.000e+00 0.000e+00 0.000e+00
1.259e+05 0.000e+00 0.000e+00 0.000e+00 0.000e+00 0.000e+00
1.413e+05 0.000e+00 0.000e+00 0.000e+00 0.000e+00 0.000e+00
1.585e+05 0.000e+00 0.000e+00 0.000e+00 0.000e+00 0.000e+00
1.778e+05 0.000e+00 0.000e+00 0.000e+00 0.000e+00 0.000e+00
1.995e+05 0.000e+00 0.000e+00 0.000e+00 0.000e+00 0.000e+00
2.239e+05 0.000e+00 0.000e+00 0.000e+00 0.000e+00 0.000e+00
2.512e+05 0.000e+00 0.000e+00 0.000e+00 0.000e+00 0.000e+00
2.818e+05 0.000e+00 0.000e+00 0.000e+00 0.000e+00 0.000e+00
3.162e+05 0.000e+00 0.000e+00 0.000e+00 0.000e+00 0.000e+00
3.548e+05 0.000e+00 0.000e+00 0.000e+00 0.000e+00 0.000e+00
3.981e+05 0.000e+00 0.000e+00 0.000e+00 0.000e+00 0.000e+00
4.467e+05 0.000e+00 0.000e+00 0.000e+00 0.000e+00 0.000e+00
5.012e+05 0.000e+00 0.000e+00 0.000e+00 0.000e+00 0.000e+00
5.623e+05 0.000e+00 0.000e+00 0.000e+00 0.000e+00 0.000e+00
6.310e+05 0.000e+00 0.000e+00 0.000e+00 0.000e+00 0.000e+00
7.079e+05 0.000e+00 0.000e+00 0.000e+00 0.000e+00 0.000e+00
7.943e+05 0.000e+00 0.000e+00 0.000e+00 0.000e+00 0.000e+00
8.913e+05 0.000e+00 0.000e+00 0.000e+00 0.000e+00 0.000e+00
1.000e+06 0.000e+00 0.000e+00 0.000e+00 0.000e+00 0.000e+00
1.122e+06 0.000e+00 0.000e+00 0.000e+00 0.000e+00 0.000e+00
1.259e+06 0.000e+00 0.000e+00 0.000e+00 0.000e+00 0.000e+00
1.413e+06 0.000e+00 0.000e+00 0.000e+00 0.000e+00 0.000e+00
1.585e+06 0.000e+00 0.000e+00 0.000e+00 0.000e+00 0.000e+00
1.778e+06 0.000e+00 0.000e+00 0.000e+00 0.000e+00 0.000e+00
1.995e+06 0.000e+00 0.000e+00 0.000e+00 0.000e+00 0.000e+00
2.239e+06 0.000e+00 0.000e+00 0.000e+00 0.000e+00 0.000e+00
2.512e+06 0.000e+00 0.000e+00 0.000e+00 0.000e+00 0.000e+00
2.818e+06 0.000e+00 0.000e+00 0.000e+00 0.000e+00 0.000e+00
3.162e+06 0.000e+00 0.000e+00 0.000e+00 0.000e+00 0.000e+00
3.548e+06 0.000e+00 0.000e+00 0.000e+00 0.000e+00 0.000e+00
3.981e+06 0.000e+00 0.000e+00 0.000e+00 0.000e+00 0.000e+00
4.467e+06 0.000e+00 0.000e+00 0.000e+00 0.000e+00 0.000e+00
5.012e+06 0.000e+00 0.000e+00 0.000e+00 0.000e+00 0.000e+00
5.623e+06 0.000e+00 0.000e+00 0.000e+00 0.000e+00 0.000e+00
6.310e+06 0.000e+00 0.000e+00 0.000e+00 0.000e+00 0.000e+00
7.079e+06 0.000e+00 0.000e+00 0.000e+00 0.000e+00 0.000e+00
7.943e+06 0.000e+00 0.000e+00 0.000e+00 0.000e+00 0.000e+00
8.913e+06 0.000e+00 0.000e+00 0.000e+00 0.000e+00 0.000e+00
1.000e+07 0.000e+00 0.000e+00 0.000e+00 0.000e+00 0.000e+00
1.122e+07 0.000e+00 0.000e+00 0.000e+00 0.000e+00 0.000e+00
1.259e+07 0.000e+00 0.000e+00 0.000e+00 0.000e+00 0.000e+00
1.413e+07 0.000e+00 0.000e+00 0.000e+00 0.000e+00 0.000e+00
1.585e+07 0.000e+00 0.000e+00 0.000e+00 0.000e+00 0.000e+00
1.778e+07 0.000e+00 0.000e+00 0.000e+00 0.000e+00 0.000e+00
1.995e+07 0.000e+00 0.000e+00 0.000e+00 0.000e+00 0.000e+00
2.239e+07 0.000e+00 0.000e+00 0.000e+00 0.000e+00 0.000e+00
2.512e+07 0.000e+00 0.000e+00 0.000e+00 0.000e+00 0.000e+00
2.818e+07 0.000e+00 0.000e+00 0.000e+00 0.000e+00 0.000e+00
3.162e+07 0.000e+00 0.000e+00 0.000e+00 0.000e+00 0.000e+00
3.548e+07 0.000e+00 0.000e+00 0.000e+00 0.000e+00 0.000e+00
3.981e+07 0.000e+00 0.000e+00 0.000e+00 0.000e+00 0.000e+00
4.467e+07 0.000e+00 0.000e+00 0.000e+00 0.000e+00 0.000e+00
5.012e+07 0.000e+00 0.000e+00 0.000e+00 0.000e+00 0.000e+00
5.623e+07 0.000e+00 0.000e+00 0.000e+00 0.000e+00 0.000e+00
6.310e+07 0.000e+00 0.000e+00 0.000e+00 0.000e+00 0.000e+00
7.079e+07 0.000e+00 0.000e+00 0.000e+00 0.000e+00 0.000e+00
7.943e+07 0.000e+00 0.000e+00 0.000e+00 0.000e+00 0.000e+00
8.913e+07 0.000e+00 0.000e+00 0.000e+00 0.000e+00 0.000e+00
1.000e+08 0.000e+00 0.000e+00 0.000e+00 0.000e+00 0.000e+00
