1.000e-20 0.000e+00 0.000e+00 0.000e+00 0.000e+00 0.000e+00
1.122e-20 0.000e+00 0.000e+00 0.000e+00 0.000e+00 0.000e+00
1.259e-20 0.000e+00 0.000e+00 0.000e+00 0.000e+00 0.000e+00
1.413e-20 0.000e+00 0.000e+00 0.000e+00 0.000e+00 0.000e+00
1.585e-20 0.000e+00 0.000e+00 0.000e+00 0.000e+00 0.000e+00
1.778e-20 0.000e+00 0.000e+00 0.000e+00 0.000e+00 0.000e+00
1.995e-20 0.000e+00 0.000e+00 0.000e+00 0.000e+00 0.000e+00
2.239e-20 0.000e+00 0.000e+00 0.000e+00 0.000e+00 0.000e+00
2.512e-20 0.000e+00 0.000e+00 0.000e+00 0.000e+00 0.000e+00
2.818e-20 0.000e+00 0.000e+00 0.000e+00 0.000e+00 0.000e+00
3.162e-20 0.000e+00 0.000e+00 0.000e+00 0.000e+00 0.000e+00
3.548e-20 0.000e+00 0.000e+00 0.000e+00 0.000e+00 0.000e+00
3.981e-20 0.000e+00 0.000e+00 0.000e+00 0.000e+00 0.000e+00
4.467e-20 0.000e+00 0.000e+00 0.000e+00 0.000e+00 0.000e+00
5.012e-20 0.000e+00 0.000e+00 0.000e+00 0.000e+00 0.000e+00
5.623e-20 0.000e+00 0.000e+00 0.000e+00 0.000e+00 0.000e+00
6.310e-20 0.000e+00 0.000e+00 0.000e+00 0.000e+00 0.000e+00
7.079e-20 0.000e+00 0.000e+00 0.000e+00 0.000e+00 0.000e+00
7.943e-20 0.000e+00 0.000e+00 0.000e+00 0.000e+00 0.000e+00
8.913e-20 0.000e+00 0.000e+00 0.000e+00 0.000e+00 0.000e+00
1.000e-19 0.000e+00 0.000e+00 0.000e+00 0.000e+00 0.000e+00
1.122e-19 0.000e+00 0.000e+00 0.000e+00 0.000e+00 0.000e+00
1.259e-19 0.000e+00 0.000e+00 0.000e+00 0.000e+00 0.000e+00
1.413e-19 0.000e+00 0.000e+00 0.000e+00 0.000e+00 0.000e+00
1.585e-19 0.000e+00 0.000e+00 0.000e+00 0.000e+00 0.000e+00
1.778e-19 0.000e+00 0.000e+00 0.000e+00 0.000e+00 0.000e+00
1.995e-19 0.000e+00 0.000e+00 0.000e+00 0.000e+00 0.000e+00
2.239e-19 0.000e+00 0.000e+00 0.000e+00 0.000e+00 0.000e+00
2.512e-19 0.000e+00 0.000e+00 0.000e+00 0.000e+00 0.000e+00
2.818e-19 0.000e+00 0.000e+00 0.000e+00 0.000e+00 0.000e+00
3.162e-19 0.000e+00 0.000e+00 0.000e+00 0.000e+00 0.000e+00
3.548e-19 0.000e+00 0.000e+00 0.000e+00 0.000e+00 0.000e+00
3.981e-19 0.000e+00 0.000e+00 0.000e+00 0.000e+00 0.000e+00
4.467e-19 0.000e+00 0.000e+00 0.000e+00 0.000e+00 0.000e+00
5.012e-19 0.000e+00 0.000e+00 0.000e+00 0.000e+00 0.000e+00
5.623e-19 0.000e+00 0.000e+00 0.000e+00 0.000e+00 0.000e+00
6.310e-19 0.000e+00 0.000e+00 0.000e+00 0.000e+00 0.000e+00
7.079e-19 0.000e+00 0.000e+00 0.000e+00 0.000e+00 0.000e+00
7.943e-19 0.000e+00 0.000e+00 0.000e+00 0.000e+00 0.000e+00
8.913e-19 0.000e+00 0.000e+00 0.000e+00 0.000e+00 0.000e+00
1.000e-18 0.000e+00 0.000e+00 0.000e+00 0.000e+00 0.000e+00
1.122e-18 0.000e+00 0.000e+00 0.000e+00 0.000e+00 0.000e+00
1.259e-18 0.000e+00 0.000e+00 0.000e+00 0.000e+00 0.000e+00
1.413e-18 0.000e+00 0.000e+00 0.000e+00 0.000e+00 0.000e+00
1.585e-18 0.000e+00 0.000e+00 0.000e+00 0.000e+00 0.000e+00
1.778e-18 0.000e+00 0.000e+00 0.000e+00 0.000e+00 0.000e+00
1.995e-18 0.000e+00 0.000e+00 0.000e+00 0.000e+00 0.000e+00
2.239e-18 0.000e+00 0.000e+00 0.000e+00 0.000e+00 0.000e+00
2.512e-18 0.000e+00 0.000e+00 0.000e+00 0.000e+00 0.000e+00
2.818e-18 0.000e+00 0.000e+00 0.000e+00 0.000e+00 0.000e+00
3.162e-18 0.000e+00 0.000e+00 0.000e+00 0.000e+00 0.000e+00
3.548e-18 0.000e+00 0.000e+00 0.000e+00 0.000e+00 0.000e+00
3.981e-18 0.000e+00 0.000e+00 0.000e+00 0.000e+00 0.000e+00
4.467e-18 0.000e+00 0.000e+00 0.000e+00 0.000e+00 0.000e+00
5.012e-18 0.000e+00 0.000e+00 0.000e+00 0.000e+00 0.000e+00
5.623e-18 0.000e+00 0.000e+00 0.000e+00 0.000e+00 0.000e+00
6.310e-18 0.000e+00 0.000e+00 0.000e+00 0.000e+00 0.000e+00
7.079e-18 0.000e+00 0.000e+00 0.000e+00 0.000e+00 0.000e+00
7.943e-18 0.000e+00 0.000e+00 0.000e+00 0.000e+00 0.000e+00
8.913e-18 0.000e+00 0.000e+00 0.000e+00 0.000e+00 0.000e+00
1.000e-17 0.000e+00 0.000e+00 0.000e+00 0.000e+00 0.000e+00
1.122e-17 0.000e+00 0.000e+00 0.000e+00 0.000e+00 0.000e+00
1.259e-17 0.000e+00 0.000e+00 0.000e+00 0.000e+00 0.000e+00
1.413e-17 0.000e+00 0.000e+00 0.000e+00 0.000e+00 0.000e+00
1.585e-17 0.000e+00 0.000e+00 0.000e+00 0.000e+00 0.000e+00
1.778e-17 0.000e+00 0.000e+00 0.000e+00 0.000e+00 0.000e+00
1.995e-17 0.000e+00 0.000e+00 0.000e+00 0.000e+00 0.000e+00
2.239e-17 0.000e+00 0.000e+00 0.000e+00 0.000e+00 0.000e+00
2.512e-17 0.000e+00 0.000e+00 0.000e+00 0.000e+00 0.000e+00
2.818e-17 0.000e+00 0.000e+00 0.000e+00 0.000e+00 0.000e+00
3.162e-17 0.000e+00 0.000e+00 0.000e+00 0.000e+00 0.000e+00
3.548e-17 0.000e+00 0.000e+00 0.000e+00 0.000e+00 0.000e+00
3.981e-17 0.000e+00 0.000e+00 0.000e+00 0.000e+00 0.000e+00
4.467e-17 0.000e+00 0.000e+00 0.000e+00 0.000e+00 0.000e+00
5.012e-17 0.000e+00 0.000e+00 0.000e+00 0.000e+00 0.000e+00
5.623e-17 0.000e+00 0.000e+00 0.000e+00 0.000e+00 0.000e+00
6.310e-17 0.000e+00 0.000e+00 0.000e+00 0.000e+00 0.000e+00
7.079e-17 0.000e+00 0.000e+00 0.000e+00 0.000e+00 0.000e+00
7.943e-17 0.000e+00 0.000e+00 0.000e+00 0.000e+00 0.000e+00
8.913e-17 0.000e+00 0.000e+00 0.000e+00 0.000e+00 0.000e+00
1.000e-16 0.000e+00 0.000e+00 0.000e+00 0.000e+00 0.000e+00
1.122e-16 0.000e+00 0.000e+00 0.000e+00 0.000e+00 0.000e+00
1.259e-16 0.000e+00 0.000e+00 0.000e+00 0.000e+00 0.000e+00
1.413e-16 0.000e+00 0.000e+00 0.000e+00 0.000e+00 0.000e+00
1.585e-16 0.000e+00 0.000e+00 0.000e+00 0.000e+00 0.000e+00
1.778e-16 0.000e+00 0.000e+00 0.000e+00 0.000e+00 0.000e+00
1.995e-16 0.000e+00 0.000e+00 0.000e+00 0.000e+00 0.000e+00
2.239e-16 0.000e+00 0.000e+00 0.000e+00 0.000e+00 0.000e+00
2.512e-16 0.000e+00 0.000e+00 0.000e+00 0.000e+00 0.000e+00
2.818e-16 0.000e+00 0.000e+00 0.000e+00 0.000e+00 0.000e+00
3.162e-16 0.000e+00 0.000e+00 0.000e+00 0.000e+00 0.000e+00
3.548e-16 0.000e+00 0.000e+00 0.000e+00 0.000e+00 0.000e+00
3.981e-16 0.000e+00 0.000e+00 0.000e+00 0.000e+00 0.000e+00
4.467e-16 0.000e+00 0.000e+00 0.000e+00 0.000e+00 0.000e+00
5.012e-16 0.000e+00 0.000e+00 0.000e+00 0.000e+00 0.000e+00
5.623e-16 0.000e+00 0.000e+00 0.000e+00 0.000e+00 0.000e+00
6.310e-16 0.000e+00 0.000e+00 0.000e+00 0.000e+00 0.000e+00
7.079e-16 0.000e+00 0.000e+00 0.000e+00 0.000e+00 0.000e+00
7.943e-16 0.000e+00 0.000e+00 0.000e+00 0.000e+00 0.000e+00
8.913e-16 0.000e+00 0.000e+00 0.000e+00 0.000e+00 0.000e+00
1.000e-15 0.000e+00 0.000e+00 0.000e+00 0.000e+00 0.000e+00
1.122e-15 4.228e+54 8.528e+24 8.543e-33 5.620e-21 7.062e-20
1.259e-15 2.993e+54 7.600e+24 7.613e-33 5.008e-21 6.293e-20
1.413e-15 2.119e+54 6.773e+24 6.784e-33 4.463e-21 5.608e-20
1.585e-15 1.500e+54 6.036e+24 6.046e-33 3.977e-21 4.998e-20
1.778e-15 1.062e+54 5.379e+24 5.388e-33 3.544e-21 4.454e-20
1.995e-15 7.515e+53 4.793e+24 4.801e-33 3.158e-21 3.969e-20
2.239e-15 5.318e+53 4.271e+24 4.278e-33 2.814e-21 3.536e-20
2.512e-15 3.764e+53 3.805e+24 3.812e-33 2.508e-21 3.151e-20
2.818e-15 2.665e+53 3.391e+24 3.397e-33 2.235e-21 2.808e-20
3.162e-15 1.886e+53 3.022e+24 3.027e-33 1.991e-21 2.502e-20
3.548e-15 1.335e+53 2.692e+24 2.697e-33 1.774e-21 2.230e-20
3.981e-15 9.448e+52 2.399e+24 2.403e-33 1.581e-21 1.987e-20
4.467e-15 6.686e+52 2.137e+24 2.141e-33 1.408e-21 1.770e-20
5.012e-15 4.732e+52 1.904e+24 1.908e-33 1.255e-21 1.577e-20
5.623e-15 3.349e+52 1.697e+24 1.700e-33 1.118e-21 1.405e-20
6.310e-15 2.370e+52 1.512e+24 1.514e-33 9.960e-22 1.252e-20
7.079e-15 1.677e+52 1.346e+24 1.349e-33 8.872e-22 1.115e-20
7.943e-15 1.186e+52 1.199e+24 1.201e-33 7.903e-22 9.932e-21
8.913e-15 8.394e+51 1.068e+24 1.070e-33 7.039e-22 8.846e-21
1.000e-14 5.938e+51 9.514e+23 9.530e-34 6.269e-22 7.878e-21
1.122e-14 4.200e+51 8.472e+23 8.487e-34 5.583e-22 7.016e-21
1.259e-14 2.971e+51 7.544e+23 7.557e-34 4.971e-22 6.247e-21
1.413e-14 2.101e+51 6.717e+23 6.728e-34 4.426e-22 5.562e-21
1.585e-14 1.486e+51 5.979e+23 5.989e-34 3.940e-22 4.951e-21
1.778e-14 1.050e+51 5.322e+23 5.331e-34 3.507e-22 4.407e-21
1.995e-14 7.425e+50 4.736e+23 4.744e-34 3.121e-22 3.921e-21
2.239e-14 5.247e+50 4.213e+23 4.220e-34 2.776e-22 3.489e-21
2.512e-14 3.707e+50 3.748e+23 3.754e-34 2.469e-22 3.103e-21
2.818e-14 2.618e+50 3.332e+23 3.338e-34 2.196e-22 2.759e-21
3.162e-14 1.849e+50 2.962e+23 2.967e-34 1.952e-22 2.453e-21
3.548e-14 1.305e+50 2.632e+23 2.637e-34 1.735e-22 2.180e-21
3.981e-14 9.207e+49 2.338e+23 2.342e-34 1.541e-22 1.936e-21
4.467e-14 6.492e+49 2.075e+23 2.079e-34 1.368e-22 1.719e-21
5.012e-14 4.575e+49 1.841e+23 1.844e-34 1.213e-22 1.525e-21
5.623e-14 3.221e+49 1.632e+23 1.635e-34 1.075e-22 1.351e-21
6.310e-14 2.266e+49 1.445e+23 1.448e-34 9.523e-23 1.197e-21
7.079e-14 1.592e+49 1.278e+23 1.280e-34 8.422e-23 1.058e-21
7.943e-14 1.116e+49 1.129e+23 1.131e-34 7.437e-23 9.346e-22
8.913e-14 7.815e+48 9.946e+22 9.963e-35 6.554e-23 8.236e-22
1.000e-13 5.456e+48 8.741e+22 8.756e-35 5.760e-23 7.238e-22
1.122e-13 3.794e+48 7.652e+22 7.665e-35 5.042e-23 6.336e-22
1.259e-13 2.623e+48 6.661e+22 6.672e-35 4.389e-23 5.516e-22
1.413e-13 1.798e+48 5.746e+22 5.756e-35 3.787e-23 4.758e-22
1.585e-13 1.212e+48 4.878e+22 4.886e-35 3.214e-23 4.039e-22
1.778e-13 7.893e+47 3.999e+22 4.006e-35 2.635e-23 3.312e-22
1.995e-13 4.990e+47 3.183e+22 3.188e-35 2.097e-23 2.635e-22
2.239e-13 3.046e+47 2.446e+22 2.450e-35 1.612e-23 2.025e-22
2.512e-13 1.853e+47 1.874e+22 1.877e-35 1.235e-23 1.551e-22
2.818e-13 1.124e+47 1.430e+22 1.433e-35 9.426e-24 1.185e-22
3.162e-13 6.792e+46 1.088e+22 1.090e-35 7.171e-24 9.011e-23
3.548e-13 4.088e+46 8.245e+21 8.259e-36 5.433e-24 6.827e-23
3.981e-13 2.449e+46 6.220e+21 6.231e-36 4.099e-24 5.151e-23
4.467e-13 1.461e+46 4.670e+21 4.678e-36 3.077e-24 3.867e-23
5.012e-13 8.666e+45 3.488e+21 3.494e-36 2.298e-24 2.888e-23
5.623e-13 5.111e+45 2.590e+21 2.594e-36 1.706e-24 2.144e-23
6.310e-13 2.996e+45 1.911e+21 1.914e-36 1.259e-24 1.582e-23
7.079e-13 1.744e+45 1.400e+21 1.402e-36 9.226e-25 1.159e-23
7.943e-13 1.007e+45 1.018e+21 1.020e-36 6.708e-25 8.430e-24
8.913e-13 5.767e+44 7.340e+20 7.352e-37 4.837e-25 6.078e-24
1.000e-12 3.272e+44 5.243e+20 5.252e-37 3.455e-25 4.342e-24
1.122e-12 1.838e+44 3.707e+20 3.713e-37 2.443e-25 3.070e-24
1.259e-12 1.021e+44 2.591e+20 2.596e-37 1.708e-25 2.146e-24
1.413e-12 5.596e+43 1.789e+20 1.792e-37 1.179e-25 1.481e-24
1.585e-12 3.027e+43 1.218e+20 1.220e-37 8.027e-26 1.009e-24
1.778e-12 1.612e+43 8.167e+19 8.181e-38 5.382e-26 6.763e-25
1.995e-12 8.442e+42 5.384e+19 5.393e-38 3.548e-26 4.459e-25
2.239e-12 4.338e+42 3.483e+19 3.489e-38 2.295e-26 2.884e-25
2.512e-12 2.183e+42 2.207e+19 2.210e-38 1.454e-26 1.827e-25
2.818e-12 1.073e+42 1.366e+19 1.368e-38 8.998e-27 1.131e-25
3.162e-12 5.137e+41 8.230e+18 8.244e-39 5.423e-27 6.815e-26
3.548e-12 2.387e+41 4.814e+18 4.823e-39 3.172e-27 3.987e-26
3.981e-12 1.071e+41 2.721e+18 2.725e-39 1.793e-27 2.253e-26
4.467e-12 4.618e+40 1.476e+18 1.479e-39 9.727e-28 1.222e-26
5.012e-12 1.892e+40 7.613e+17 7.626e-40 5.017e-28 6.304e-27
5.623e-12 7.240e+39 3.668e+17 3.674e-40 2.417e-28 3.037e-27
6.310e-12 2.490e+39 1.588e+17 1.591e-40 1.047e-28 1.315e-27
7.079e-12 6.869e+38 5.516e+16 5.525e-41 3.635e-29 4.568e-28
7.943e-12 6.965e+37 7.041e+15 7.052e-42 4.639e-30 5.830e-29
8.913e-12 0.000e+00 0.000e+00 0.000e+00 0.000e+00 0.000e+00
1.000e-11 2.538e+01 4.067e-21 4.074e-78 2.680e-66 3.368e-65
1.122e-11 2.538e+01 5.120e-21 5.128e-78 3.374e-66 4.239e-65
1.259e-11 2.538e+01 6.445e-21 6.456e-78 4.247e-66 5.337e-65
1.413e-11 2.538e+01 8.114e-21 8.128e-78 5.347e-66 6.719e-65
1.585e-11 2.538e+01 1.022e-20 1.023e-77 6.731e-66 8.459e-65
1.778e-11 2.538e+01 1.286e-20 1.288e-77 8.474e-66 1.065e-64
1.995e-11 2.538e+01 1.619e-20 1.622e-77 1.067e-65 1.341e-64
2.239e-11 2.538e+01 2.038e-20 2.042e-77 1.343e-65 1.688e-64
2.512e-11 2.538e+01 2.566e-20 2.570e-77 1.691e-65 2.125e-64
2.818e-11 2.538e+01 3.230e-20 3.236e-77 2.129e-65 2.675e-64
3.162e-11 2.538e+01 4.067e-20 4.074e-77 2.680e-65 3.368e-64
3.548e-11 2.538e+01 5.120e-20 5.128e-77 3.374e-65 4.239e-64
3.981e-11 2.538e+01 6.445e-20 6.456e-77 4.247e-65 5.337e-64
4.467e-11 2.538e+01 8.114e-20 8.128e-77 5.347e-65 6.719e-64
5.012e-11 2.538e+01 1.022e-19 1.023e-76 6.731e-65 8.459e-64
5.623e-11 2.538e+01 1.286e-19 1.288e-76 8.474e-65 1.065e-63
6.310e-11 2.538e+01 1.619e-19 1.622e-76 1.067e-64 1.341e-63
7.079e-11 2.538e+01 2.038e-19 2.042e-76 1.343e-64 1.688e-63
7.943e-11 2.538e+01 2.566e-19 2.570e-76 1.691e-64 2.125e-63
8.913e-11 2.538e+01 3.230e-19 3.236e-76 2.129e-64 2.675e-63
1.000e-10 2.538e+01 4.067e-19 4.074e-76 2.680e-64 3.368e-63
1.122e-10 2.538e+01 5.120e-19 5.128e-76 3.374e-64 4.239e-63
1.259e-10 2.538e+01 6.445e-19 6.456e-76 4.247e-64 5.337e-63
1.413e-10 2.538e+01 8.114e-19 8.128e-76 5.347e-64 6.719e-63
1.585e-10 2.538e+01 1.022e-18 1.023e-75 6.731e-64 8.459e-63
1.778e-10 2.538e+01 1.286e-18 1.288e-75 8.474e-64 1.065e-62
1.995e-10 2.538e+01 1.619e-18 1.622e-75 1.067e-63 1.341e-62
2.239e-10 2.538e+01 2.038e-18 2.042e-75 1.343e-63 1.688e-62
2.512e-10 2.538e+01 2.566e-18 2.570e-75 1.691e-63 2.125e-62
2.818e-10 2.538e+01 3.230e-18 3.236e-75 2.129e-63 2.675e-62
3.162e-10 2.538e+01 4.067e-18 4.074e-75 2.680e-63 3.368e-62
3.548e-10 2.538e+01 5.120e-18 5.128e-75 3.374e-63 4.239e-62
3.981e-10 2.538e+01 6.445e-18 6.456e-75 4.247e-63 5.337e-62
4.467e-10 2.538e+01 8.114e-18 8.128e-75 5.347e-63 6.719e-62
5.012e-10 2.538e+01 1.022e-17 1.023e-74 6.731e-63 8.459e-62
5.623e-10 2.538e+01 1.286e-17 1.288e-74 8.474e-63 1.065e-61
6.310e-10 2.538e+01 1.619e-17 1.622e-74 1.067e-62 1.341e-61
7.079e-10 2.538e+01 2.038e-17 2.042e-74 1.343e-62 1.688e-61
7.943e-10 2.538e+01 2.566e-17 2.570e-74 1.691e-62 2.125e-61
8.913e-10 2.538e+01 3.230e-17 3.236e-74 2.129e-62 2.675e-61
1.000e-09 2.538e+01 4.067e-17 4.074e-74 2.680e-62 3.368e-61
1.122e-09 2.538e+01 5.120e-17 5.128e-74 3.374e-62 4.239e-61
1.259e-09 2.538e+01 6.445e-17 6.456e-74 4.247e-62 5.337e-61
1.413e-09 2.538e+01 8.114e-17 8.128e-74 5.347e-62 6.719e-61
1.585e-09 2.538e+01 1.022e-16 1.023e-73 6.731e-62 8.459e-61
1.778e-09 2.538e+01 1.286e-16 1.288e-73 8.474e-62 1.065e-60
1.995e-09 2.538e+01 1.619e-16 1.622e-73 1.067e-61 1.341e-60
2.239e-09 2.538e+01 2.038e-16 2.042e-73 1.343e-61 1.688e-60
2.512e-09 2.538e+01 2.566e-16 2.570e-73 1.691e-61 2.125e-60
2.818e-09 2.538e+01 3.230e-16 3.236e-73 2.129e-61 2.675e-60
3.162e-09 2.538e+01 4.067e-16 4.074e-73 2.680e-61 3.368e-60
3.548e-09 2.538e+01 5.120e-16 5.128e-73 3.374e-61 4.239e-60
3.981e-09 2.538e+01 6.445e-16 6.456e-73 4.247e-61 5.337e-60
4.467e-09 2.538e+01 8.114e-16 8.128e-73 5.347e-61 6.719e-60
5.012e-09 2.538e+01 1.022e-15 1.023e-72 6.731e-61 8.459e-60
5.623e-09 2.538e+01 1.286e-15 1.288e-72 8.474e-61 1.065e-59
6.310e-09 2.538e+01 1.619e-15 1.622e-72 1.067e-60 1.341e-59
7.079e-09 2.538e+01 2.038e-15 2.042e-72 1.343e-60 1.688e-59
7.943e-09 2.538e+01 2.566e-15 2.570e-72 1.691e-60 2.125e-59
8.913e-09 2.538e+01 3.230e-15 3.236e-72 2.129e-60 2.675e-59
1.000e-08 2.538e+01 4.067e-15 4.074e-72 2.680e-60 3.368e-59
1.122e-08 2.538e+01 5.120e-15 5.128e-72 3.374e-60 4.239e-59
1.259e-08 2.538e+01 6.445e-15 6.456e-72 4.247e-60 5.337e-59
1.413e-08 2.538e+01 8.114e-15 8.128e-72 5.347e-60 6.719e-59
1.585e-08 2.538e+01 1.022e-14 1.023e-71 6.731e-60 8.459e-59
1.778e-08 2.538e+01 1.286e-14 1.288e-71 8.474e-60 1.065e-58
1.995e-08 2.538e+01 1.619e-14 1.622e-71 1.067e-59 1.341e-58
2.239e-08 2.538e+01 2.038e-14 2.042e-71 1.343e-59 1.688e-58
2.512e-08 2.538e+01 2.566e-14 2.570e-71 1.691e-59 2.125e-58
2.818e-08 2.538e+01 3.230e-14 3.236e-71 2.129e-59 2.675e-58
3.162e-08 2.538e+01 4.067e-14 4.074e-71 2.680e-59 3.368e-58
3.548e-08 2.538e+01 5.120e-14 5.128e-71 3.374e-59 4.239e-58
3.981e-08 2.538e+01 6.445e-14 6.456e-71 4.247e-59 5.337e-58
4.467e-08 2.538e+01 8.114e-14 8.128e-71 5.347e-59 6.719e-58
5.012e-08 2.538e+01 1.022e-13 1.023e-70 6.731e-59 8.459e-58
5.623e-08 2.538e+01 1.286e-13 1.288e-70 8.474e-59 1.065e-57
6.310e-08 2.538e+01 1.619e-13 1.622e-70 1.067e-58 1.341e-57
7.079e-08 2.538e+01 2.038e-13 2.042e-70 1.343e-58 1.688e-57
7.943e-08 2.538e+01 2.566e-13 2.570e-70 1.691e-58 2.125e-57
8.913e-08 2.538e+01 3.230e-13 3.236e-70 2.129e-58 2.675e-57
1.000e-07 2.538e+01 4.067e-13 4.074e-70 2.680e-58 3.368e-57
1.122e-07 2.538e+01 5.120e-13 5.128e-70 3.374e-58 4.239e-57
1.259e-07 2.538e+01 6.445e-13 6.456e-70 4.247e-58 5.337e-57
1.413e-07 2.538e+01 8.114e-13 8.128e-70 5.347e-58 6.719e-57
1.585e-07 2.538e+01 1.022e-12 1.023e-69 6.731e-58 8.459e-57
1.778e-07 2.538e+01 1.286e-12 1.288e-69 8.474e-58 1.065e-56
1.995e-07 2.538e+01 1.619e-12 1.622e-69 1.067e-57 1.341e-56
2.239e-07 2.538e+01 2.038e-12 2.042e-69 1.343e-57 1.688e-56
2.512e-07 2.538e+01 2.566e-12 2.570e-69 1.691e-57 2.125e-56
2.818e-07 2.538e+01 3.230e-12 3.236e-69 2.129e-57 2.675e-56
3.162e-07 2.538e+01 4.067e-12 4.074e-69 2.680e-57 3.368e-56
3.548e-07 2.538e+01 5.120e-12 5.128e-69 3.374e-57 4.239e-56
3.981e-07 2.538e+01 6.445e-12 6.456e-69 4.247e-57 5.337e-56
4.467e-07 2.538e+01 8.114e-12 8.128e-69 5.347e-57 6.719e-56
5.012e-07 2.538e+01 1.022e-11 1.023e-68 6.731e-57 8.459e-56
5.623e-07 2.538e+01 1.286e-11 1.288e-68 8.474e-57 1.065e-55
6.310e-07 2.538e+01 1.619e-11 1.622e-68 1.067e-56 1.341e-55
7.079e-07 2.538e+01 2.038e-11 2.042e-68 1.343e-56 1.688e-55
7.943e-07 2.538e+01 2.566e-11 2.570e-68 1.691e-56 2.125e-55
8.913e-07 2.538e+01 3.230e-11 3.236e-68 2.129e-56 2.675e-55
1.000e-06 2.538e+01 4.067e-11 4.074e-68 2.680e-56 3.368e-55
1.122e-06 2.538e+01 5.120e-11 5.128e-68 3.374e-56 4.239e-55
1.259e-06 2.538e+01 6.445e-11 6.456e-68 4.247e-56 5.337e-55
1.413e-06 2.538e+01 8.114e-11 8.128e-68 5.347e-56 6.719e-55
1.585e-06 2.538e+01 1.022e-10 1.023e-67 6.731e-56 8.459e-55
1.778e-06 2.538e+01 1.286e-10 1.288e-67 8.474e-56 1.065e-54
1.995e-06 2.538e+01 1.619e-10 1.622e-67 1.067e-55 1.341e-54
2.239e-06 2.570e+01 2.063e-10 2.067e-67 1.360e-55 1.709e-54
2.512e-06 2.574e+01 2.602e-10 2.606e-67 1.714e-55 2.154e-54
2.818e-06 2.578e+01 3.281e-10 3.286e-67 2.162e-55 2.717e-54
3.162e-06 2.583e+01 4.138e-10 4.145e-67 2.727e-55 3.427e-54
3.548e-06 2.588e+01 5.221e-10 5.230e-67 3.440e-55 4.323e-54
3.981e-06 2.595e+01 6.589e-10 6.600e-67 4.342e-55 5.456e-54
4.467e-06 2.602e+01 8.317e-10 8.331e-67 5.481e-55 6.887e-54
5.012e-06 2.610e+01 1.050e-09 1.052e-66 6.921e-55 8.697e-54
5.623e-06 2.619e+01 1.327e-09 1.329e-66 8.743e-55 1.099e-53
6.310e-06 2.629e+01 1.677e-09 1.680e-66 1.105e-54 1.388e-53
7.079e-06 2.640e+01 2.120e-09 2.124e-66 1.397e-54 1.756e-53
7.943e-06 2.653e+01 2.682e-09 2.687e-66 1.767e-54 2.221e-53
8.913e-06 2.668e+01 3.395e-09 3.401e-66 2.237e-54 2.812e-53
1.000e-05 2.685e+01 4.301e-09 4.309e-66 2.834e-54 3.562e-53
1.122e-05 2.704e+01 5.453e-09 5.462e-66 3.593e-54 4.516e-53
1.259e-05 2.725e+01 6.920e-09 6.932e-66 4.560e-54 5.730e-53
1.413e-05 2.750e+01 8.790e-09 8.805e-66 5.792e-54 7.279e-53
1.585e-05 2.778e+01 1.118e-08 1.120e-65 7.366e-54 9.257e-53
1.778e-05 2.810e+01 1.424e-08 1.426e-65 9.381e-54 1.179e-52
1.995e-05 2.847e+01 1.816e-08 1.819e-65 1.196e-53 1.504e-52
2.239e-05 2.889e+01 2.320e-08 2.324e-65 1.529e-53 1.921e-52
2.512e-05 2.938e+01 2.970e-08 2.975e-65 1.957e-53 2.460e-52
2.818e-05 2.995e+01 3.812e-08 3.819e-65 2.512e-53 3.157e-52
3.162e-05 3.062e+01 4.906e-08 4.915e-65 3.233e-53 4.063e-52
3.548e-05 3.141e+01 6.335e-08 6.345e-65 4.174e-53 5.245e-52
3.981e-05 3.233e+01 8.210e-08 8.224e-65 5.410e-53 6.798e-52
4.467e-05 3.344e+01 1.069e-07 1.071e-64 7.044e-53 8.852e-52
5.012e-05 3.477e+01 1.399e-07 1.402e-64 9.221e-53 1.159e-51
5.623e-05 3.639e+01 1.844e-07 1.847e-64 1.215e-52 1.527e-51
6.310e-05 3.840e+01 2.449e-07 2.454e-64 1.614e-52 2.028e-51
7.079e-05 4.093e+01 3.287e-07 3.292e-64 2.166e-52 2.721e-51
7.943e-05 4.418e+01 4.466e-07 4.474e-64 2.943e-52 3.699e-51
8.913e-05 4.849e+01 6.172e-07 6.182e-64 4.067e-52 5.111e-51
1.000e-04 5.443e+01 8.721e-07 8.736e-64 5.747e-52 7.222e-51
1.122e-04 6.305e+01 1.272e-06 1.274e-63 8.381e-52 1.053e-50
1.259e-04 7.657e+01 1.944e-06 1.948e-63 1.281e-51 1.610e-50
1.413e-04 1.005e+02 3.212e-06 3.217e-63 2.116e-51 2.660e-50
1.585e-04 1.537e+02 6.187e-06 6.197e-63 4.077e-51 5.123e-50
1.778e-04 3.677e+02 1.863e-05 1.866e-62 1.228e-50 1.543e-49
1.995e-04 -1.064e-06 -6.786e-14 -6.798e-71 -4.472e-59 -5.619e-58
2.239e-04 -9.482e-07 -7.614e-14 -7.627e-71 -5.017e-59 -6.305e-58
2.512e-04 -8.451e-07 -8.543e-14 -8.558e-71 -5.630e-59 -7.074e-58
2.818e-04 -7.532e-07 -9.586e-14 -9.602e-71 -6.317e-59 -7.938e-58
3.162e-04 -6.713e-07 -1.076e-13 -1.077e-70 -7.087e-59 -8.906e-58
3.548e-04 -5.983e-07 -1.207e-13 -1.209e-70 -7.952e-59 -9.993e-58
3.981e-04 -5.332e-07 -1.354e-13 -1.356e-70 -8.922e-59 -1.121e-57
4.467e-04 -4.752e-07 -1.519e-13 -1.522e-70 -1.001e-58 -1.258e-57
5.012e-04 -4.236e-07 -1.705e-13 -1.708e-70 -1.123e-58 -1.412e-57
5.623e-04 -3.775e-07 -1.913e-13 -1.916e-70 -1.260e-58 -1.584e-57
6.310e-04 -3.364e-07 -2.146e-13 -2.150e-70 -1.414e-58 -1.777e-57
7.079e-04 -2.999e-07 -2.408e-13 -2.412e-70 -1.587e-58 -1.994e-57
7.943e-04 -2.672e-07 -2.702e-13 -2.706e-70 -1.780e-58 -2.237e-57
8.913e-04 -2.382e-07 -3.031e-13 -3.036e-70 -1.997e-58 -2.510e-57
1.000e-03 -2.123e-07 -3.401e-13 -3.407e-70 -2.241e-58 -2.816e-57
1.122e-03 -1.892e-07 -3.816e-13 -3.823e-70 -2.515e-58 -3.160e-57
1.259e-03 -1.686e-07 -4.282e-13 -4.289e-70 -2.822e-58 -3.546e-57
1.413e-03 -1.503e-07 -4.804e-13 -4.812e-70 -3.166e-58 -3.978e-57
1.585e-03 -1.339e-07 -5.390e-13 -5.400e-70 -3.552e-58 -4.464e-57
1.778e-03 -1.194e-07 -6.048e-13 -6.058e-70 -3.985e-58 -5.008e-57
1.995e-03 -1.064e-07 -6.786e-13 -6.798e-70 -4.472e-58 -5.619e-57
2.239e-03 -9.482e-08 -7.614e-13 -7.627e-70 -5.017e-58 -6.305e-57
2.512e-03 -8.451e-08 -8.543e-13 -8.558e-70 -5.630e-58 -7.074e-57
2.818e-03 -7.532e-08 -9.586e-13 -9.602e-70 -6.317e-58 -7.938e-57
3.162e-03 -6.713e-08 -1.076e-12 -1.077e-69 -7.087e-58 -8.906e-57
3.548e-03 -5.983e-08 -1.207e-12 -1.209e-69 -7.952e-58 -9.993e-57
3.981e-03 -5.332e-08 -1.354e-12 -1.356e-69 -8.922e-58 -1.121e-56
4.467e-03 -4.752e-08 -1.519e-12 -1.522e-69 -1.001e-57 -1.258e-56
5.012e-03 -4.236e-08 -1.705e-12 -1.708e-69 -1.123e-57 -1.412e-56
5.623e-03 -3.775e-08 -1.913e-12 -1.916e-69 -1.260e-57 -1.584e-56
6.310e-03 -3.364e-08 -2.146e-12 -2.150e-69 -1.414e-57 -1.777e-56
7.079e-03 -2.999e-08 -2.408e-12 -2.412e-69 -1.587e-57 -1.994e-56
7.943e-03 -2.672e-08 -2.702e-12 -2.706e-69 -1.780e-57 -2.237e-56
8.913e-03 0.000e+00 0.000e+00 0.000e+00 0.000e+00 0.000e+00
1.000e-02 1.061e-07 1.701e-11 1.703e-68 1.121e-56 1.408e-55
1.122e-02 9.460e-08 1.908e-11 1.911e-68 1.257e-56 1.580e-55
1.259e-02 8.431e-08 2.141e-11 2.145e-68 1.411e-56 1.773e-55
1.413e-02 7.514e-08 2.402e-11 2.406e-68 1.583e-56 1.989e-55
1.585e-02 6.697e-08 2.695e-11 2.700e-68 1.776e-56 2.232e-55
1.778e-02 5.969e-08 3.024e-11 3.029e-68 1.993e-56 2.504e-55
1.995e-02 5.320e-08 3.393e-11 3.399e-68 2.236e-56 2.810e-55
2.239e-02 4.741e-08 3.807e-11 3.814e-68 2.509e-56 3.153e-55
2.512e-02 4.226e-08 4.272e-11 4.279e-68 2.815e-56 3.537e-55
2.818e-02 3.766e-08 4.793e-11 4.801e-68 3.158e-56 3.969e-55
3.162e-02 3.356e-08 5.378e-11 5.387e-68 3.544e-56 4.453e-55
3.548e-02 2.991e-08 6.034e-11 6.044e-68 3.976e-56 4.996e-55
3.981e-02 2.666e-08 6.770e-11 6.782e-68 4.461e-56 5.606e-55
4.467e-02 2.376e-08 7.596e-11 7.609e-68 5.006e-56 6.290e-55
5.012e-02 2.118e-08 8.523e-11 8.538e-68 5.616e-56 7.058e-55
5.623e-02 1.887e-08 9.563e-11 9.579e-68 6.302e-56 7.919e-55
6.310e-02 1.682e-08 1.073e-10 1.075e-67 7.071e-56 8.885e-55
7.079e-02 1.499e-08 1.204e-10 1.206e-67 7.933e-56 9.969e-55
7.943e-02 1.336e-08 1.351e-10 1.353e-67 8.901e-56 1.119e-54
8.913e-02 1.191e-08 1.516e-10 1.518e-67 9.987e-56 1.255e-54
1.000e-01 1.061e-08 1.701e-10 1.703e-67 1.121e-55 1.408e-54
1.122e-01 9.460e-09 1.908e-10 1.911e-67 1.257e-55 1.580e-54
1.259e-01 8.431e-09 2.141e-10 2.145e-67 1.411e-55 1.773e-54
1.413e-01 7.514e-09 2.402e-10 2.406e-67 1.583e-55 1.989e-54
1.585e-01 6.697e-09 2.695e-10 2.700e-67 1.776e-55 2.232e-54
1.778e-01 5.969e-09 3.024e-10 3.029e-67 1.993e-55 2.504e-54
1.995e-01 5.320e-09 3.393e-10 3.399e-67 2.236e-55 2.810e-54
2.239e-01 4.741e-09 3.807e-10 3.814e-67 2.509e-55 3.153e-54
2.512e-01 4.226e-09 4.272e-10 4.279e-67 2.815e-55 3.537e-54
2.818e-01 3.766e-09 4.793e-10 4.801e-67 3.158e-55 3.969e-54
3.162e-01 3.356e-09 5.378e-10 5.387e-67 3.544e-55 4.453e-54
3.548e-01 2.991e-09 6.034e-10 6.044e-67 3.976e-55 4.996e-54
3.981e-01 2.666e-09 6.770e-10 6.782e-67 4.461e-55 5.606e-54
4.467e-01 2.376e-09 7.596e-10 7.609e-67 5.006e-55 6.290e-54
5.012e-01 2.118e-09 8.523e-10 8.538e-67 5.616e-55 7.058e-54
5.623e-01 1.887e-09 9.563e-10 9.579e-67 6.302e-55 7.919e-54
6.310e-01 1.682e-09 1.073e-09 1.075e-66 7.071e-55 8.885e-54
7.079e-01 1.499e-09 1.204e-09 1.206e-66 7.933e-55 9.969e-54
7.943e-01 1.336e-09 1.351e-09 1.353e-66 8.901e-55 1.119e-53
8.913e-01 1.191e-09 1.516e-09 1.518e-66 9.987e-55 1.255e-53
1.000e+00 1.061e-09 1.701e-09 1.703e-66 1.121e-54 1.408e-53
1.122e+00 9.460e-10 1.908e-09 1.911e-66 1.257e-54 1.580e-53
1.259e+00 8.431e-10 2.141e-09 2.145e-66 1.411e-54 1.773e-53
1.413e+00 7.514e-10 2.402e-09 2.406e-66 1.583e-54 1.989e-53
1.585e+00 6.697e-10 2.695e-09 2.700e-66 1.776e-54 2.232e-53
1.778e+00 5.969e-10 3.024e-09 3.029e-66 1.993e-54 2.504e-53
1.995e+00 5.320e-10 3.393e-09 3.399e-66 2.236e-54 2.810e-53
2.239e+00 4.741e-10 3.807e-09 3.814e-66 2.509e-54 3.153e-53
2.512e+00 4.226e-10 4.272e-09 4.279e-66 2.815e-54 3.537e-53
2.818e+00 3.766e-10 4.793e-09 4.801e-66 3.158e-54 3.969e-53
3.162e+00 3.356e-10 5.378e-09 5.387e-66 3.544e-54 4.453e-53
3.548e+00 2.991e-10 6.034e-09 6.044e-66 3.976e-54 4.996e-53
3.981e+00 2.666e-10 6.770e-09 6.782e-66 4.461e-54 5.606e-53
4.467e+00 2.376e-10 7.596e-09 7.609e-66 5.006e-54 6.290e-53
5.012e+00 2.118e-10 8.523e-09 8.537e-66 5.616e-54 7.058e-53
5.623e+00 1.887e-10 9.563e-09 9.579e-66 6.302e-54 7.919e-53
6.310e+00 1.682e-10 1.073e-08 1.075e-65 7.071e-54 8.885e-53
7.079e+00 1.499e-10 1.204e-08 1.206e-65 7.933e-54 9.969e-53
7.943e+00 1.336e-10 1.351e-08 1.353e-65 8.901e-54 1.119e-52
8.913e+00 1.191e-10 1.516e-08 1.518e-65 9.987e-54 1.255e-52
1.000e+01 1.061e-10 1.701e-08 1.703e-65 1.121e-53 1.408e-52
1.122e+01 9.460e-11 1.908e-08 1.911e-65 1.257e-53 1.580e-52
1.259e+01 8.431e-11 2.141e-08 2.145e-65 1.411e-53 1.773e-52
1.413e+01 7.514e-11 2.402e-08 2.406e-65 1.583e-53 1.989e-52
1.585e+01 6.697e-11 2.695e-08 2.700e-65 1.776e-53 2.232e-52
1.778e+01 5.969e-11 3.024e-08 3.029e-65 1.993e-53 2.504e-52
1.995e+01 5.320e-11 3.393e-08 3.399e-65 2.236e-53 2.810e-52
2.239e+01 4.741e-11 3.807e-08 3.814e-65 2.509e-53 3.153e-52
2.512e+01 4.226e-11 4.272e-08 4.279e-65 2.815e-53 3.537e-52
2.818e+01 3.766e-11 4.793e-08 4.801e-65 3.158e-53 3.969e-52
3.162e+01 3.356e-11 5.378e-08 5.387e-65 3.544e-53 4.453e-52
3.548e+01 2.991e-11 6.034e-08 6.044e-65 3.976e-53 4.996e-52
3.981e+01 2.666e-11 6.770e-08 6.782e-65 4.461e-53 5.606e-52
4.467e+01 2.376e-11 7.596e-08 7.609e-65 5.006e-53 6.290e-52
5.012e+01 2.118e-11 8.523e-08 8.537e-65 5.616e-53 7.058e-52
5.623e+01 1.887e-11 9.563e-08 9.579e-65 6.302e-53 7.919e-52
6.310e+01 1.682e-11 1.073e-07 1.075e-64 7.070e-53 8.885e-52
7.079e+01 1.499e-11 1.204e-07 1.206e-64 7.933e-53 9.969e-52
7.943e+01 1.336e-11 1.351e-07 1.353e-64 8.901e-53 1.119e-51
8.913e+01 1.191e-11 1.516e-07 1.518e-64 9.987e-53 1.255e-51
1.000e+02 1.061e-11 1.701e-07 1.703e-64 1.121e-52 1.408e-51
1.122e+02 9.460e-12 1.908e-07 1.911e-64 1.257e-52 1.580e-51
1.259e+02 8.431e-12 2.141e-07 2.144e-64 1.411e-52 1.773e-51
1.413e+02 7.514e-12 2.402e-07 2.406e-64 1.583e-52 1.989e-51
1.585e+02 6.697e-12 2.695e-07 2.700e-64 1.776e-52 2.232e-51
1.778e+02 5.969e-12 3.024e-07 3.029e-64 1.993e-52 2.504e-51
1.995e+02 5.320e-12 3.393e-07 3.399e-64 2.236e-52 2.810e-51
2.239e+02 4.741e-12 3.807e-07 3.813e-64 2.509e-52 3.152e-51
2.512e+02 4.225e-12 4.272e-07 4.279e-64 2.815e-52 3.537e-51
2.818e+02 3.766e-12 4.793e-07 4.801e-64 3.158e-52 3.969e-51
3.162e+02 3.356e-12 5.377e-07 5.387e-64 3.544e-52 4.453e-51
3.548e+02 2.991e-12 6.034e-07 6.044e-64 3.976e-52 4.996e-51
3.981e+02 2.666e-12 6.770e-07 6.781e-64 4.461e-52 5.606e-51
4.467e+02 2.376e-12 7.596e-07 7.609e-64 5.005e-52 6.290e-51
5.012e+02 2.118e-12 8.523e-07 8.537e-64 5.616e-52 7.057e-51
5.623e+02 1.887e-12 9.562e-07 9.579e-64 6.301e-52 7.918e-51
6.310e+02 1.682e-12 1.073e-06 1.075e-63 7.070e-52 8.884e-51
7.079e+02 1.499e-12 1.204e-06 1.206e-63 7.933e-52 9.968e-51
7.943e+02 1.336e-12 1.351e-06 1.353e-63 8.900e-52 1.118e-50
8.913e+02 1.191e-12 1.515e-06 1.518e-63 9.986e-52 1.255e-50
1.000e+03 1.061e-12 1.700e-06 1.703e-63 1.120e-51 1.408e-50
1.122e+03 9.459e-13 1.908e-06 1.911e-63 1.257e-51 1.580e-50
1.259e+03 8.430e-13 2.141e-06 2.144e-63 1.411e-51 1.773e-50
1.413e+03 7.513e-13 2.402e-06 2.406e-63 1.583e-51 1.989e-50
1.585e+03 6.696e-13 2.695e-06 2.699e-63 1.776e-51 2.231e-50
1.778e+03 5.968e-13 3.024e-06 3.029e-63 1.992e-51 2.504e-50
1.995e+03 5.319e-13 3.392e-06 3.398e-63 2.235e-51 2.809e-50
2.239e+03 3.792e-13 3.045e-06 3.050e-63 2.007e-51 2.521e-50
2.512e+03 3.380e-13 3.416e-06 3.422e-63 2.251e-51 2.829e-50
2.818e+03 3.012e-13 3.833e-06 3.840e-63 2.526e-51 3.174e-50
3.162e+03 2.684e-13 4.301e-06 4.308e-63 2.834e-51 3.561e-50
3.548e+03 2.392e-13 4.825e-06 4.834e-63 3.180e-51 3.996e-50
3.981e+03 2.132e-13 5.414e-06 5.423e-63 3.568e-51 4.483e-50
4.467e+03 1.900e-13 6.074e-06 6.085e-63 4.003e-51 5.030e-50
5.012e+03 1.693e-13 6.815e-06 6.827e-63 4.491e-51 5.643e-50
5.623e+03 1.509e-13 7.646e-06 7.659e-63 5.039e-51 6.332e-50
6.310e+03 1.345e-13 8.579e-06 8.593e-63 5.653e-51 7.104e-50
7.079e+03 1.199e-13 9.625e-06 9.641e-63 6.342e-51 7.970e-50
7.943e+03 1.068e-13 1.080e-05 1.082e-62 7.116e-51 8.942e-50
8.913e+03 9.520e-14 1.212e-05 1.214e-62 7.983e-51 1.003e-49
1.000e+04 8.484e-14 1.359e-05 1.362e-62 8.957e-51 1.126e-49
1.122e+04 7.560e-14 1.525e-05 1.528e-62 1.005e-50 1.263e-49
1.259e+04 6.737e-14 1.711e-05 1.714e-62 1.127e-50 1.417e-49
1.413e+04 6.004e-14 1.919e-05 1.923e-62 1.265e-50 1.589e-49
1.585e+04 5.350e-14 2.153e-05 2.157e-62 1.419e-50 1.783e-49
1.778e+04 4.768e-14 2.416e-05 2.420e-62 1.592e-50 2.000e-49
1.995e+04 4.249e-14 2.710e-05 2.714e-62 1.786e-50 2.244e-49
2.239e+04 2.839e-14 2.280e-05 2.284e-62 1.502e-50 1.888e-49
2.512e+04 2.530e-14 2.558e-05 2.562e-62 1.685e-50 2.118e-49
2.818e+04 2.254e-14 2.869e-05 2.874e-62 1.891e-50 2.376e-49
3.162e+04 2.009e-14 3.218e-05 3.224e-62 2.121e-50 2.665e-49
3.548e+04 1.790e-14 3.610e-05 3.616e-62 2.379e-50 2.989e-49
3.981e+04 1.595e-14 4.049e-05 4.056e-62 2.668e-50 3.353e-49
4.467e+04 1.421e-14 4.542e-05 4.550e-62 2.993e-50 3.761e-49
5.012e+04 1.266e-14 5.094e-05 5.103e-62 3.357e-50 4.219e-49
5.623e+04 1.128e-14 5.714e-05 5.723e-62 3.765e-50 4.731e-49
6.310e+04 1.005e-14 6.408e-05 6.419e-62 4.223e-50 5.306e-49
7.079e+04 8.950e-15 7.186e-05 7.199e-62 4.736e-50 5.951e-49
7.943e+04 7.972e-15 8.059e-05 8.073e-62 5.311e-50 6.673e-49
8.913e+04 7.101e-15 9.037e-05 9.052e-62 5.955e-50 7.483e-49
1.000e+05 6.324e-15 1.013e-04 1.015e-61 6.677e-50 8.391e-49
1.122e+05 5.633e-15 1.136e-04 1.138e-61 7.486e-50 9.408e-49
1.259e+05 5.016e-15 1.274e-04 1.276e-61 8.393e-50 1.055e-48
1.413e+05 2.978e-15 9.519e-05 9.535e-62 6.273e-50 7.883e-49
1.585e+05 2.651e-15 1.067e-04 1.069e-61 7.031e-50 8.836e-49
1.778e+05 2.360e-15 1.196e-04 1.198e-61 7.881e-50 9.903e-49
1.995e+05 0.000e+00 0.000e+00 0.000e+00 0.000e+00 0.000e+00
2.239e+05 0.000e+00 0.000e+00 0.000e+00 0.000e+00 0.000e+00
2.512e+05 0.000e+00 0.000e+00 0.000e+00 0.000e+00 0.000e+00
2.818e+05 0.000e+00 0.000e+00 0.000e+00 0.000e+00 0.000e+00
3.162e+05 0.000e+00 0.000e+00 0.000e+00 0.000e+00 0.000e+00
3.548e+05 0.000e+00 0.000e+00 0.000e+00 0.000e+00 0.000e+00
3.981e+05 0.000e+00 0.000e+00 0.000e+00 0.000e+00 0.000e+00
4.467e+05 0.000e+00 0.000e+00 0.000e+00 0.000e+00 0.000e+00
5.012e+05 0.000e+00 0.000e+00 0.000e+00 0.000e+00 0.000e+00
5.623e+05 0.000e+00 0.000e+00 0.000e+00 0.000e+00 0.000e+00
6.310e+05 0.000e+00 0.000e+00 0.000e+00 0.000e+00 0.000e+00
7.079e+05 0.000e+00 0.000e+00 0.000e+00 0.000e+00 0.000e+00
7.943e+05 0.000e+00 0.000e+00 0.000e+00 0.000e+00 0.000e+00
8.913e+05 0.000e+00 0.000e+00 0.000e+00 0.000e+00 0.000e+00
1.000e+06 0.000e+00 0.000e+00 0.000e+00 0.000e+00 0.000e+00
1.122e+06 0.000e+00 0.000e+00 0.000e+00 0.000e+00 0.000e+00
1.259e+06 0.000e+00 0.000e+00 0.000e+00 0.000e+00 0.000e+00
1.413e+06 0.000e+00 0.000e+00 0.000e+00 0.000e+00 0.000e+00
1.585e+06 0.000e+00 0.000e+00 0.000e+00 0.000e+00 0.000e+00
1.778e+06 0.000e+00 0.000e+00 0.000e+00 0.000e+00 0.000e+00
1.995e+06 0.000e+00 0.000e+00 0.000e+00 0.000e+00 0.000e+00
2.239e+06 0.000e+00 0.000e+00 0.000e+00 0.000e+00 0.000e+00
2.512e+06 0.000e+00 0.000e+00 0.000e+00 0.000e+00 0.000e+00
2.818e+06 0.000e+00 0.000e+00 0.000e+00 0.000e+00 0.000e+00
3.162e+06 0.000e+00 0.000e+00 0.000e+00 0.000e+00 0.000e+00
3.548e+06 0.000e+00 0.000e+00 0.000e+00 0.000e+00 0.000e+00
3.981e+06 0.000e+00 0.000e+00 0.000e+00 0.000e+00 0.000e+00
4.467e+06 0.000e+00 0.000e+00 0.000e+00 0.000e+00 0.000e+00
5.012e+06 0.000e+00 0.000e+00 0.000e+00 0.000e+00 0.000e+00
5.623e+06 0.000e+00 0.000e+00 0.000e+00 0.000e+00 0.000e+00
6.310e+06 0.000e+00 0.000e+00 0.000e+00 0.000e+00 0.000e+00
7.079e+06 0.000e+00 0.000e+00 0.000e+00 0.000e+00 0.000e+00
7.943e+06 0.000e+00 0.000e+00 0.000e+00 0.000e+00 0.000e+00
8.913e+06 0.000e+00 0.000e+00 0.000e+00 0.000e+00 0.000e+00
1.000e+07 1.567e-37 2.510e-23 2.514e-80 1.654e-68 2.079e-67
1.122e+07 1.523e-37 3.072e-23 3.077e-80 2.024e-68 2.544e-67
1.259e+07 1.477e-37 3.749e-23 3.756e-80 2.471e-68 3.105e-67
1.413e+07 1.427e-37 4.563e-23 4.571e-80 3.007e-68 3.779e-67
1.585e+07 1.376e-37 5.536e-23 5.546e-80 3.648e-68 4.584e-67
1.778e+07 1.321e-37 6.693e-23 6.704e-80 4.410e-68 5.542e-67
1.995e+07 1.264e-37 8.060e-23 8.073e-80 5.311e-68 6.674e-67
2.239e+07 1.203e-37 9.662e-23 9.679e-80 6.367e-68 8.001e-67
2.512e+07 1.140e-37 1.153e-22 1.154e-79 7.595e-68 9.544e-67
2.818e+07 1.074e-37 1.367e-22 1.369e-79 9.006e-68 1.132e-66
3.162e+07 1.005e-37 1.610e-22 1.612e-79 1.061e-67 1.333e-66
3.548e+07 9.323e-38 1.880e-22 1.884e-79 1.239e-67 1.557e-66
3.981e+07 8.563e-38 2.174e-22 2.178e-79 1.433e-67 1.801e-66
4.467e+07 7.765e-38 2.482e-22 2.486e-79 1.636e-67 2.055e-66
5.012e+07 6.921e-38 2.785e-22 2.790e-79 1.836e-67 2.307e-66
5.623e+07 6.023e-38 3.052e-22 3.057e-79 2.011e-67 2.527e-66
6.310e+07 5.058e-38 3.226e-22 3.231e-79 2.126e-67 2.671e-66
7.079e+07 4.005e-38 3.216e-22 3.221e-79 2.119e-67 2.663e-66
7.943e+07 2.838e-38 2.869e-22 2.874e-79 1.891e-67 2.376e-66
8.913e+07 1.521e-38 1.935e-22 1.938e-79 1.275e-67 1.602e-66
1.000e+08 0.000e+00 0.000e+00 0.000e+00 0.000e+00 0.000e+00
