1.000e-20 0.000e+00 0.000e+00 0.000e+00 0.000e+00 0.000e+00
1.122e-20 0.000e+00 0.000e+00 0.000e+00 0.000e+00 0.000e+00
1.259e-20 0.000e+00 0.000e+00 0.000e+00 0.000e+00 0.000e+00
1.413e-20 0.000e+00 0.000e+00 0.000e+00 0.000e+00 0.000e+00
1.585e-20 0.000e+00 0.000e+00 0.000e+00 0.000e+00 0.000e+00
1.778e-20 0.000e+00 0.000e+00 0.000e+00 0.000e+00 0.000e+00
1.995e-20 0.000e+00 0.000e+00 0.000e+00 0.000e+00 0.000e+00
2.239e-20 0.000e+00 0.000e+00 0.000e+00 0.000e+00 0.000e+00
2.512e-20 0.000e+00 0.000e+00 0.000e+00 0.000e+00 0.000e+00
2.818e-20 0.000e+00 0.000e+00 0.000e+00 0.000e+00 0.000e+00
3.162e-20 0.000e+00 0.000e+00 0.000e+00 0.000e+00 0.000e+00
3.548e-20 0.000e+00 0.000e+00 0.000e+00 0.000e+00 0.000e+00
3.981e-20 0.000e+00 0.000e+00 0.000e+00 0.000e+00 0.000e+00
4.467e-20 0.000e+00 0.000e+00 0.000e+00 0.000e+00 0.000e+00
5.012e-20 0.000e+00 0.000e+00 0.000e+00 0.000e+00 0.000e+00
5.623e-20 0.000e+00 0.000e+00 0.000e+00 0.000e+00 0.000e+00
6.310e-20 0.000e+00 0.000e+00 0.000e+00 0.000e+00 0.000e+00
7.079e-20 0.000e+00 0.000e+00 0.000e+00 0.000e+00 0.000e+00
7.943e-20 0.000e+00 0.000e+00 0.000e+00 0.000e+00 0.000e+00
8.913e-20 0.000e+00 0.000e+00 0.000e+00 0.000e+00 0.000e+00
1.000e-19 0.000e+00 0.000e+00 0.000e+00 0.000e+00 0.000e+00
1.122e-19 0.000e+00 0.000e+00 0.000e+00 0.000e+00 0.000e+00
1.259e-19 0.000e+00 0.000e+00 0.000e+00 0.000e+00 0.000e+00
1.413e-19 0.000e+00 0.000e+00 0.000e+00 0.000e+00 0.000e+00
1.585e-19 0.000e+00 0.000e+00 0.000e+00 0.000e+00 0.000e+00
1.778e-19 0.000e+00 0.000e+00 0.000e+00 0.000e+00 0.000e+00
1.995e-19 0.000e+00 0.000e+00 0.000e+00 0.000e+00 0.000e+00
2.239e-19 0.000e+00 0.000e+00 0.000e+00 0.000e+00 0.000e+00
2.512e-19 0.000e+00 0.000e+00 0.000e+00 0.000e+00 0.000e+00
2.818e-19 0.000e+00 0.000e+00 0.000e+00 0.000e+00 0.000e+00
3.162e-19 0.000e+00 0.000e+00 0.000e+00 0.000e+00 0.000e+00
3.548e-19 0.000e+00 0.000e+00 0.000e+00 0.000e+00 0.000e+00
3.981e-19 0.000e+00 0.000e+00 0.000e+00 0.000e+00 0.000e+00
4.467e-19 0.000e+00 0.000e+00 0.000e+00 0.000e+00 0.000e+00
5.012e-19 0.000e+00 0.000e+00 0.000e+00 0.000e+00 0.000e+00
5.623e-19 0.000e+00 0.000e+00 0.000e+00 0.000e+00 0.000e+00
6.310e-19 0.000e+00 0.000e+00 0.000e+00 0.000e+00 0.000e+00
7.079e-19 0.000e+00 0.000e+00 0.000e+00 0.000e+00 0.000e+00
7.943e-19 0.000e+00 0.000e+00 0.000e+00 0.000e+00 0.000e+00
8.913e-19 0.000e+00 0.000e+00 0.000e+00 0.000e+00 0.000e+00
1.000e-18 0.000e+00 0.000e+00 0.000e+00 0.000e+00 0.000e+00
1.122e-18 0.000e+00 0.000e+00 0.000e+00 0.000e+00 0.000e+00
1.259e-18 0.000e+00 0.000e+00 0.000e+00 0.000e+00 0.000e+00
1.413e-18 0.000e+00 0.000e+00 0.000e+00 0.000e+00 0.000e+00
1.585e-18 0.000e+00 0.000e+00 0.000e+00 0.000e+00 0.000e+00
1.778e-18 0.000e+00 0.000e+00 0.000e+00 0.000e+00 0.000e+00
1.995e-18 0.000e+00 0.000e+00 0.000e+00 0.000e+00 0.000e+00
2.239e-18 0.000e+00 0.000e+00 0.000e+00 0.000e+00 0.000e+00
2.512e-18 0.000e+00 0.000e+00 0.000e+00 0.000e+00 0.000e+00
2.818e-18 0.000e+00 0.000e+00 0.000e+00 0.000e+00 0.000e+00
3.162e-18 0.000e+00 0.000e+00 0.000e+00 0.000e+00 0.000e+00
3.548e-18 0.000e+00 0.000e+00 0.000e+00 0.000e+00 0.000e+00
3.981e-18 0.000e+00 0.000e+00 0.000e+00 0.000e+00 0.000e+00
4.467e-18 0.000e+00 0.000e+00 0.000e+00 0.000e+00 0.000e+00
5.012e-18 0.000e+00 0.000e+00 0.000e+00 0.000e+00 0.000e+00
5.623e-18 0.000e+00 0.000e+00 0.000e+00 0.000e+00 0.000e+00
6.310e-18 0.000e+00 0.000e+00 0.000e+00 0.000e+00 0.000e+00
7.079e-18 0.000e+00 0.000e+00 0.000e+00 0.000e+00 0.000e+00
7.943e-18 0.000e+00 0.000e+00 0.000e+00 0.000e+00 0.000e+00
8.913e-18 0.000e+00 0.000e+00 0.000e+00 0.000e+00 0.000e+00
1.000e-17 0.000e+00 0.000e+00 0.000e+00 0.000e+00 0.000e+00
1.122e-17 0.000e+00 0.000e+00 0.000e+00 0.000e+00 0.000e+00
1.259e-17 0.000e+00 0.000e+00 0.000e+00 0.000e+00 0.000e+00
1.413e-17 0.000e+00 0.000e+00 0.000e+00 0.000e+00 0.000e+00
1.585e-17 0.000e+00 0.000e+00 0.000e+00 0.000e+00 0.000e+00
1.778e-17 0.000e+00 0.000e+00 0.000e+00 0.000e+00 0.000e+00
1.995e-17 0.000e+00 0.000e+00 0.000e+00 0.000e+00 0.000e+00
2.239e-17 0.000e+00 0.000e+00 0.000e+00 0.000e+00 0.000e+00
2.512e-17 0.000e+00 0.000e+00 0.000e+00 0.000e+00 0.000e+00
2.818e-17 0.000e+00 0.000e+00 0.000e+00 0.000e+00 0.000e+00
3.162e-17 0.000e+00 0.000e+00 0.000e+00 0.000e+00 0.000e+00
3.548e-17 0.000e+00 0.000e+00 0.000e+00 0.000e+00 0.000e+00
3.981e-17 0.000e+00 0.000e+00 0.000e+00 0.000e+00 0.000e+00
4.467e-17 0.000e+00 0.000e+00 0.000e+00 0.000e+00 0.000e+00
5.012e-17 0.000e+00 0.000e+00 0.000e+00 0.000e+00 0.000e+00
5.623e-17 0.000e+00 0.000e+00 0.000e+00 0.000e+00 0.000e+00
6.310e-17 0.000e+00 0.000e+00 0.000e+00 0.000e+00 0.000e+00
7.079e-17 0.000e+00 0.000e+00 0.000e+00 0.000e+00 0.000e+00
7.943e-17 0.000e+00 0.000e+00 0.000e+00 0.000e+00 0.000e+00
8.913e-17 0.000e+00 0.000e+00 0.000e+00 0.000e+00 0.000e+00
1.000e-16 0.000e+00 0.000e+00 0.000e+00 0.000e+00 0.000e+00
1.122e-16 0.000e+00 0.000e+00 0.000e+00 0.000e+00 0.000e+00
1.259e-16 0.000e+00 0.000e+00 0.000e+00 0.000e+00 0.000e+00
1.413e-16 0.000e+00 0.000e+00 0.000e+00 0.000e+00 0.000e+00
1.585e-16 0.000e+00 0.000e+00 0.000e+00 0.000e+00 0.000e+00
1.778e-16 0.000e+00 0.000e+00 0.000e+00 0.000e+00 0.000e+00
1.995e-16 0.000e+00 0.000e+00 0.000e+00 0.000e+00 0.000e+00
2.239e-16 0.000e+00 0.000e+00 0.000e+00 0.000e+00 0.000e+00
2.512e-16 0.000e+00 0.000e+00 0.000e+00 0.000e+00 0.000e+00
2.818e-16 0.000e+00 0.000e+00 0.000e+00 0.000e+00 0.000e+00
3.162e-16 0.000e+00 0.000e+00 0.000e+00 0.000e+00 0.000e+00
3.548e-16 0.000e+00 0.000e+00 0.000e+00 0.000e+00 0.000e+00
3.981e-16 0.000e+00 0.000e+00 0.000e+00 0.000e+00 0.000e+00
4.467e-16 0.000e+00 0.000e+00 0.000e+00 0.000e+00 0.000e+00
5.012e-16 0.000e+00 0.000e+00 0.000e+00 0.000e+00 0.000e+00
5.623e-16 0.000e+00 0.000e+00 0.000e+00 0.000e+00 0.000e+00
6.310e-16 0.000e+00 0.000e+00 0.000e+00 0.000e+00 0.000e+00
7.079e-16 0.000e+00 0.000e+00 0.000e+00 0.000e+00 0.000e+00
7.943e-16 0.000e+00 0.000e+00 0.000e+00 0.000e+00 0.000e+00
8.913e-16 0.000e+00 0.000e+00 0.000e+00 0.000e+00 0.000e+00
1.000e-15 0.000e+00 0.000e+00 0.000e+00 0.000e+00 0.000e+00
1.122e-15 0.000e+00 0.000e+00 0.000e+00 0.000e+00 0.000e+00
1.259e-15 0.000e+00 0.000e+00 0.000e+00 0.000e+00 0.000e+00
1.413e-15 0.000e+00 0.000e+00 0.000e+00 0.000e+00 0.000e+00
1.585e-15 0.000e+00 0.000e+00 0.000e+00 0.000e+00 0.000e+00
1.778e-15 0.000e+00 0.000e+00 0.000e+00 0.000e+00 0.000e+00
1.995e-15 0.000e+00 0.000e+00 0.000e+00 0.000e+00 0.000e+00
2.239e-15 0.000e+00 0.000e+00 0.000e+00 0.000e+00 0.000e+00
2.512e-15 0.000e+00 0.000e+00 0.000e+00 0.000e+00 0.000e+00
2.818e-15 0.000e+00 0.000e+00 0.000e+00 0.000e+00 0.000e+00
3.162e-15 0.000e+00 0.000e+00 0.000e+00 0.000e+00 0.000e+00
3.548e-15 0.000e+00 0.000e+00 0.000e+00 0.000e+00 0.000e+00
3.981e-15 0.000e+00 0.000e+00 0.000e+00 0.000e+00 0.000e+00
4.467e-15 0.000e+00 0.000e+00 0.000e+00 0.000e+00 0.000e+00
5.012e-15 0.000e+00 0.000e+00 0.000e+00 0.000e+00 0.000e+00
5.623e-15 0.000e+00 0.000e+00 0.000e+00 0.000e+00 0.000e+00
6.310e-15 0.000e+00 0.000e+00 0.000e+00 0.000e+00 0.000e+00
7.079e-15 0.000e+00 0.000e+00 0.000e+00 0.000e+00 0.000e+00
7.943e-15 0.000e+00 0.000e+00 0.000e+00 0.000e+00 0.000e+00
8.913e-15 0.000e+00 0.000e+00 0.000e+00 0.000e+00 0.000e+00
1.000e-14 0.000e+00 0.000e+00 0.000e+00 0.000e+00 0.000e+00
1.122e-14 0.000e+00 0.000e+00 0.000e+00 0.000e+00 0.000e+00
1.259e-14 0.000e+00 0.000e+00 0.000e+00 0.000e+00 0.000e+00
1.413e-14 0.000e+00 0.000e+00 0.000e+00 0.000e+00 0.000e+00
1.585e-14 0.000e+00 0.000e+00 0.000e+00 0.000e+00 0.000e+00
1.778e-14 0.000e+00 0.000e+00 0.000e+00 0.000e+00 0.000e+00
1.995e-14 0.000e+00 0.000e+00 0.000e+00 0.000e+00 0.000e+00
2.239e-14 0.000e+00 0.000e+00 0.000e+00 0.000e+00 0.000e+00
2.512e-14 0.000e+00 0.000e+00 0.000e+00 0.000e+00 0.000e+00
2.818e-14 0.000e+00 0.000e+00 0.000e+00 0.000e+00 0.000e+00
3.162e-14 0.000e+00 0.000e+00 0.000e+00 0.000e+00 0.000e+00
3.548e-14 0.000e+00 0.000e+00 0.000e+00 0.000e+00 0.000e+00
3.981e-14 0.000e+00 0.000e+00 0.000e+00 0.000e+00 0.000e+00
4.467e-14 0.000e+00 0.000e+00 0.000e+00 0.000e+00 0.000e+00
5.012e-14 0.000e+00 0.000e+00 0.000e+00 0.000e+00 0.000e+00
5.623e-14 0.000e+00 0.000e+00 0.000e+00 0.000e+00 0.000e+00
6.310e-14 0.000e+00 0.000e+00 0.000e+00 0.000e+00 0.000e+00
7.079e-14 0.000e+00 0.000e+00 0.000e+00 0.000e+00 0.000e+00
7.943e-14 0.000e+00 0.000e+00 0.000e+00 0.000e+00 0.000e+00
8.913e-14 0.000e+00 0.000e+00 0.000e+00 0.000e+00 0.000e+00
1.000e-13 0.000e+00 0.000e+00 0.000e+00 0.000e+00 0.000e+00
1.122e-13 0.000e+00 0.000e+00 0.000e+00 0.000e+00 0.000e+00
1.259e-13 0.000e+00 0.000e+00 0.000e+00 0.000e+00 0.000e+00
1.413e-13 0.000e+00 0.000e+00 0.000e+00 0.000e+00 0.000e+00
1.585e-13 0.000e+00 0.000e+00 0.000e+00 0.000e+00 0.000e+00
1.778e-13 0.000e+00 0.000e+00 0.000e+00 0.000e+00 0.000e+00
1.995e-13 0.000e+00 0.000e+00 0.000e+00 0.000e+00 0.000e+00
2.239e-13 0.000e+00 0.000e+00 0.000e+00 0.000e+00 0.000e+00
2.512e-13 0.000e+00 0.000e+00 0.000e+00 0.000e+00 0.000e+00
2.818e-13 0.000e+00 0.000e+00 0.000e+00 0.000e+00 0.000e+00
3.162e-13 0.000e+00 0.000e+00 0.000e+00 0.000e+00 0.000e+00
3.548e-13 0.000e+00 0.000e+00 0.000e+00 0.000e+00 0.000e+00
3.981e-13 0.000e+00 0.000e+00 0.000e+00 0.000e+00 0.000e+00
4.467e-13 0.000e+00 0.000e+00 0.000e+00 0.000e+00 0.000e+00
5.012e-13 0.000e+00 0.000e+00 0.000e+00 0.000e+00 0.000e+00
5.623e-13 0.000e+00 0.000e+00 0.000e+00 0.000e+00 0.000e+00
6.310e-13 0.000e+00 0.000e+00 0.000e+00 0.000e+00 0.000e+00
7.079e-13 0.000e+00 0.000e+00 0.000e+00 0.000e+00 0.000e+00
7.943e-13 0.000e+00 0.000e+00 0.000e+00 0.000e+00 0.000e+00
8.913e-13 0.000e+00 0.000e+00 0.000e+00 0.000e+00 0.000e+00
1.000e-12 0.000e+00 0.000e+00 0.000e+00 0.000e+00 0.000e+00
1.122e-12 inf inf inf inf inf
1.259e-12 inf inf inf inf inf
1.413e-12 inf inf inf inf inf
1.585e-12 inf inf inf inf inf
1.778e-12 inf inf inf inf inf
1.995e-12 inf inf inf inf inf
2.239e-12 inf inf inf inf inf
2.512e-12 inf inf inf inf inf
2.818e-12 inf inf inf inf inf
3.162e-12 inf inf inf inf inf
3.548e-12 1.074e+50 2.167e+27 2.170e-30 2.855e-18 1.794e-17
3.981e-12 9.038e+49 2.295e+27 2.299e-30 3.024e-18 1.900e-17
4.467e-12 7.604e+49 2.431e+27 2.435e-30 3.204e-18 2.013e-17
5.012e-12 6.398e+49 2.575e+27 2.579e-30 3.393e-18 2.132e-17
5.623e-12 5.383e+49 2.727e+27 2.732e-30 3.595e-18 2.259e-17
6.310e-12 4.530e+49 2.889e+27 2.894e-30 3.808e-18 2.392e-17
7.079e-12 3.811e+49 3.060e+27 3.065e-30 4.033e-18 2.534e-17
7.943e-12 3.207e+49 3.242e+27 3.247e-30 4.272e-18 2.684e-17
8.913e-12 2.698e+49 3.434e+27 3.440e-30 4.525e-18 2.843e-17
1.000e-11 2.270e+49 3.637e+27 3.643e-30 4.793e-18 3.012e-17
1.122e-11 1.910e+49 3.853e+27 3.859e-30 5.077e-18 3.190e-17
1.259e-11 1.607e+49 4.081e+27 4.088e-30 5.378e-18 3.379e-17
1.413e-11 1.352e+49 4.323e+27 4.330e-30 5.697e-18 3.580e-17
1.585e-11 1.138e+49 4.579e+27 4.587e-30 6.035e-18 3.792e-17
1.778e-11 9.573e+48 4.850e+27 4.858e-30 6.392e-18 4.016e-17
1.995e-11 8.055e+48 5.138e+27 5.146e-30 6.771e-18 4.254e-17
2.239e-11 6.777e+48 5.442e+27 5.451e-30 7.172e-18 4.506e-17
2.512e-11 5.702e+48 5.764e+27 5.774e-30 7.597e-18 4.773e-17
2.818e-11 4.798e+48 6.106e+27 6.116e-30 8.047e-18 5.056e-17
3.162e-11 4.037e+48 6.468e+27 6.479e-30 8.524e-18 5.356e-17
3.548e-11 3.397e+48 6.851e+27 6.863e-30 9.029e-18 5.673e-17
3.981e-11 2.858e+48 7.257e+27 7.269e-30 9.564e-18 6.009e-17
4.467e-11 2.405e+48 7.687e+27 7.700e-30 1.013e-17 6.365e-17
5.012e-11 2.023e+48 8.143e+27 8.156e-30 1.073e-17 6.743e-17
5.623e-11 1.702e+48 8.625e+27 8.640e-30 1.137e-17 7.142e-17
6.310e-11 1.432e+48 9.136e+27 9.152e-30 1.204e-17 7.565e-17
7.079e-11 1.205e+48 9.677e+27 9.694e-30 1.275e-17 8.014e-17
7.943e-11 1.014e+48 1.025e+28 1.027e-29 1.351e-17 8.488e-17
8.913e-11 8.532e+47 1.086e+28 1.088e-29 1.431e-17 8.991e-17
1.000e-10 7.179e+47 1.150e+28 1.152e-29 1.516e-17 9.524e-17
1.122e-10 6.040e+47 1.218e+28 1.220e-29 1.606e-17 1.009e-16
1.259e-10 5.082e+47 1.290e+28 1.293e-29 1.701e-17 1.069e-16
1.413e-10 4.276e+47 1.367e+28 1.369e-29 1.802e-17 1.132e-16
1.585e-10 3.598e+47 1.448e+28 1.450e-29 1.908e-17 1.199e-16
1.778e-10 3.027e+47 1.534e+28 1.536e-29 2.021e-17 1.270e-16
1.995e-10 2.547e+47 1.625e+28 1.627e-29 2.141e-17 1.345e-16
2.239e-10 2.143e+47 1.721e+28 1.724e-29 2.268e-17 1.425e-16
2.512e-10 1.803e+47 1.823e+28 1.826e-29 2.402e-17 1.509e-16
2.818e-10 1.517e+47 1.931e+28 1.934e-29 2.545e-17 1.599e-16
3.162e-10 1.277e+47 2.045e+28 2.049e-29 2.696e-17 1.694e-16
3.548e-10 1.074e+47 2.166e+28 2.170e-29 2.855e-17 1.794e-16
3.981e-10 9.037e+46 2.295e+28 2.299e-29 3.024e-17 1.900e-16
4.467e-10 7.604e+46 2.431e+28 2.435e-29 3.204e-17 2.013e-16
5.012e-10 6.398e+46 2.575e+28 2.579e-29 3.393e-17 2.132e-16
5.623e-10 5.383e+46 2.727e+28 2.732e-29 3.595e-17 2.258e-16
6.310e-10 4.529e+46 2.889e+28 2.894e-29 3.807e-17 2.392e-16
7.079e-10 3.811e+46 3.060e+28 3.065e-29 4.033e-17 2.534e-16
7.943e-10 3.207e+46 3.242e+28 3.247e-29 4.272e-17 2.684e-16
8.913e-10 2.698e+46 3.434e+28 3.439e-29 4.525e-17 2.843e-16
1.000e-09 2.270e+46 3.637e+28 3.643e-29 4.793e-17 3.012e-16
1.122e-09 1.910e+46 3.853e+28 3.859e-29 5.077e-17 3.190e-16
1.259e-09 1.607e+46 4.081e+28 4.088e-29 5.378e-17 3.379e-16
1.413e-09 1.352e+46 4.323e+28 4.330e-29 5.697e-17 3.579e-16
1.585e-09 1.138e+46 4.579e+28 4.587e-29 6.034e-17 3.792e-16
1.778e-09 9.573e+45 4.850e+28 4.858e-29 6.392e-17 4.016e-16
1.995e-09 8.054e+45 5.137e+28 5.146e-29 6.771e-17 4.254e-16
2.239e-09 6.777e+45 5.442e+28 5.451e-29 7.172e-17 4.506e-16
2.512e-09 5.702e+45 5.764e+28 5.774e-29 7.597e-17 4.773e-16
2.818e-09 4.798e+45 6.106e+28 6.116e-29 8.047e-17 5.056e-16
3.162e-09 4.037e+45 6.468e+28 6.479e-29 8.524e-17 5.356e-16
3.548e-09 3.396e+45 6.851e+28 6.862e-29 9.029e-17 5.673e-16
3.981e-09 2.858e+45 7.257e+28 7.269e-29 9.564e-17 6.009e-16
4.467e-09 2.405e+45 7.687e+28 7.700e-29 1.013e-16 6.365e-16
5.012e-09 2.023e+45 8.142e+28 8.156e-29 1.073e-16 6.742e-16
5.623e-09 1.702e+45 8.625e+28 8.639e-29 1.137e-16 7.142e-16
6.310e-09 1.432e+45 9.136e+28 9.151e-29 1.204e-16 7.565e-16
7.079e-09 1.205e+45 9.677e+28 9.693e-29 1.275e-16 8.013e-16
7.943e-09 1.014e+45 1.025e+29 1.027e-28 1.351e-16 8.488e-16
8.913e-09 8.531e+44 1.086e+29 1.088e-28 1.431e-16 8.991e-16
1.000e-08 7.178e+44 1.150e+29 1.152e-28 1.516e-16 9.523e-16
1.122e-08 6.040e+44 1.218e+29 1.220e-28 1.605e-16 1.009e-15
1.259e-08 5.082e+44 1.290e+29 1.293e-28 1.701e-16 1.069e-15
1.413e-08 4.276e+44 1.367e+29 1.369e-28 1.801e-16 1.132e-15
1.585e-08 3.598e+44 1.448e+29 1.450e-28 1.908e-16 1.199e-15
1.778e-08 3.027e+44 1.534e+29 1.536e-28 2.021e-16 1.270e-15
1.995e-08 2.547e+44 1.624e+29 1.627e-28 2.141e-16 1.345e-15
2.239e-08 2.143e+44 1.721e+29 1.724e-28 2.268e-16 1.425e-15
2.512e-08 1.803e+44 1.823e+29 1.826e-28 2.402e-16 1.509e-15
2.818e-08 1.517e+44 1.931e+29 1.934e-28 2.544e-16 1.599e-15
3.162e-08 1.276e+44 2.045e+29 2.048e-28 2.695e-16 1.693e-15
3.548e-08 1.074e+44 2.166e+29 2.170e-28 2.855e-16 1.794e-15
3.981e-08 9.036e+43 2.295e+29 2.298e-28 3.024e-16 1.900e-15
4.467e-08 7.603e+43 2.430e+29 2.435e-28 3.203e-16 2.013e-15
5.012e-08 6.397e+43 2.574e+29 2.579e-28 3.393e-16 2.132e-15
5.623e-08 5.382e+43 2.727e+29 2.732e-28 3.594e-16 2.258e-15
6.310e-08 4.529e+43 2.888e+29 2.893e-28 3.807e-16 2.392e-15
7.079e-08 3.810e+43 3.060e+29 3.065e-28 4.032e-16 2.534e-15
7.943e-08 3.206e+43 3.241e+29 3.246e-28 4.271e-16 2.684e-15
8.913e-08 2.697e+43 3.433e+29 3.439e-28 4.524e-16 2.843e-15
1.000e-07 2.270e+43 3.636e+29 3.642e-28 4.792e-16 3.011e-15
1.122e-07 1.910e+43 3.852e+29 3.858e-28 5.076e-16 3.189e-15
1.259e-07 1.607e+43 4.080e+29 4.087e-28 5.377e-16 3.378e-15
1.413e-07 1.352e+43 4.321e+29 4.329e-28 5.695e-16 3.578e-15
1.585e-07 1.137e+43 4.577e+29 4.585e-28 6.033e-16 3.790e-15
1.778e-07 9.570e+42 4.849e+29 4.857e-28 6.390e-16 4.015e-15
1.995e-07 8.052e+42 5.136e+29 5.144e-28 6.768e-16 4.253e-15
2.239e-07 6.775e+42 5.440e+29 5.449e-28 7.169e-16 4.505e-15
2.512e-07 5.700e+42 5.762e+29 5.772e-28 7.594e-16 4.771e-15
2.818e-07 4.796e+42 6.103e+29 6.114e-28 8.044e-16 5.054e-15
3.162e-07 4.035e+42 6.465e+29 6.476e-28 8.520e-16 5.353e-15
3.548e-07 3.395e+42 6.848e+29 6.859e-28 9.025e-16 5.670e-15
3.981e-07 2.856e+42 7.253e+29 7.266e-28 9.559e-16 6.006e-15
4.467e-07 2.403e+42 7.683e+29 7.696e-28 1.013e-15 6.362e-15
5.012e-07 2.022e+42 8.138e+29 8.152e-28 1.072e-15 6.739e-15
5.623e-07 1.701e+42 8.620e+29 8.634e-28 1.136e-15 7.138e-15
6.310e-07 1.431e+42 9.130e+29 9.146e-28 1.203e-15 7.560e-15
7.079e-07 1.204e+42 9.671e+29 9.687e-28 1.275e-15 8.008e-15
7.943e-07 1.013e+42 1.024e+30 1.026e-27 1.350e-15 8.482e-15
8.913e-07 8.525e+41 1.085e+30 1.087e-27 1.430e-15 8.984e-15
1.000e-06 7.173e+41 1.149e+30 1.151e-27 1.515e-15 9.516e-15
1.122e-06 6.035e+41 1.217e+30 1.219e-27 1.604e-15 1.008e-14
1.259e-06 5.077e+41 1.289e+30 1.291e-27 1.699e-15 1.068e-14
1.413e-06 4.272e+41 1.366e+30 1.368e-27 1.800e-15 1.131e-14
1.585e-06 3.594e+41 1.446e+30 1.449e-27 1.906e-15 1.198e-14
1.778e-06 3.024e+41 1.532e+30 1.535e-27 2.019e-15 1.269e-14
1.995e-06 2.544e+41 1.623e+30 1.626e-27 2.139e-15 1.344e-14
2.239e-06 2.140e+41 1.719e+30 1.722e-27 2.265e-15 1.423e-14
2.512e-06 1.801e+41 1.820e+30 1.824e-27 2.399e-15 1.507e-14
2.818e-06 1.515e+41 1.928e+30 1.931e-27 2.541e-15 1.597e-14
3.162e-06 1.275e+41 2.042e+30 2.046e-27 2.692e-15 1.691e-14
3.548e-06 1.072e+41 2.163e+30 2.167e-27 2.851e-15 1.791e-14
3.981e-06 9.023e+40 2.291e+30 2.295e-27 3.019e-15 1.897e-14
4.467e-06 7.591e+40 2.427e+30 2.431e-27 3.198e-15 2.009e-14
5.012e-06 6.386e+40 2.570e+30 2.574e-27 3.387e-15 2.128e-14
5.623e-06 5.373e+40 2.722e+30 2.727e-27 3.587e-15 2.254e-14
6.310e-06 4.520e+40 2.883e+30 2.888e-27 3.800e-15 2.387e-14
7.079e-06 3.803e+40 3.054e+30 3.059e-27 4.024e-15 2.529e-14
7.943e-06 3.199e+40 3.234e+30 3.240e-27 4.262e-15 2.678e-14
8.913e-06 2.691e+40 3.425e+30 3.431e-27 4.514e-15 2.836e-14
1.000e-05 2.264e+40 3.628e+30 3.634e-27 4.781e-15 3.004e-14
1.122e-05 1.905e+40 3.842e+30 3.848e-27 5.063e-15 3.181e-14
1.259e-05 1.602e+40 4.069e+30 4.076e-27 5.362e-15 3.369e-14
1.413e-05 1.348e+40 4.309e+30 4.317e-27 5.679e-15 3.568e-14
1.585e-05 1.134e+40 4.564e+30 4.572e-27 6.015e-15 3.779e-14
1.778e-05 9.540e+39 4.833e+30 4.841e-27 6.370e-15 4.002e-14
1.995e-05 8.025e+39 5.119e+30 5.127e-27 6.746e-15 4.239e-14
2.239e-05 6.751e+39 5.421e+30 5.430e-27 7.144e-15 4.489e-14
2.512e-05 5.679e+39 5.741e+30 5.750e-27 7.566e-15 4.754e-14
2.818e-05 4.777e+39 6.079e+30 6.089e-27 8.012e-15 5.034e-14
3.162e-05 4.018e+39 6.438e+30 6.449e-27 8.484e-15 5.331e-14
3.548e-05 3.380e+39 6.817e+30 6.829e-27 8.985e-15 5.645e-14
3.981e-05 2.843e+39 7.219e+30 7.231e-27 9.514e-15 5.978e-14
4.467e-05 2.391e+39 7.644e+30 7.657e-27 1.007e-14 6.330e-14
5.012e-05 2.011e+39 8.095e+30 8.109e-27 1.067e-14 6.703e-14
5.623e-05 1.692e+39 8.571e+30 8.586e-27 1.130e-14 7.098e-14
6.310e-05 1.423e+39 9.076e+30 9.091e-27 1.196e-14 7.516e-14
7.079e-05 1.197e+39 9.610e+30 9.626e-27 1.267e-14 7.958e-14
7.943e-05 1.007e+39 1.018e+31 1.019e-26 1.341e-14 8.426e-14
8.913e-05 8.465e+38 1.077e+31 1.079e-26 1.420e-14 8.921e-14
1.000e-04 7.119e+38 1.141e+31 1.143e-26 1.503e-14 9.445e-14
1.122e-04 5.987e+38 1.208e+31 1.210e-26 1.592e-14 1.000e-13
1.259e-04 5.035e+38 1.279e+31 1.281e-26 1.685e-14 1.059e-13
1.413e-04 4.234e+38 1.354e+31 1.356e-26 1.784e-14 1.121e-13
1.585e-04 3.560e+38 1.433e+31 1.435e-26 1.888e-14 1.187e-13
1.778e-04 2.994e+38 1.517e+31 1.519e-26 1.999e-14 1.256e-13
1.995e-04 2.517e+38 1.606e+31 1.608e-26 2.116e-14 1.330e-13
2.239e-04 2.117e+38 1.700e+31 1.703e-26 2.240e-14 1.407e-13
2.512e-04 1.780e+38 1.799e+31 1.802e-26 2.371e-14 1.490e-13
2.818e-04 1.496e+38 1.904e+31 1.907e-26 2.510e-14 1.577e-13
3.162e-04 1.258e+38 2.015e+31 2.019e-26 2.656e-14 1.669e-13
3.548e-04 1.057e+38 2.133e+31 2.137e-26 2.811e-14 1.766e-13
3.981e-04 8.889e+37 2.257e+31 2.261e-26 2.975e-14 1.869e-13
4.467e-04 7.472e+37 2.389e+31 2.393e-26 3.148e-14 1.978e-13
5.012e-04 6.280e+37 2.528e+31 2.532e-26 3.331e-14 2.093e-13
5.623e-04 5.279e+37 2.674e+31 2.679e-26 3.525e-14 2.215e-13
6.310e-04 4.436e+37 2.830e+31 2.834e-26 3.729e-14 2.343e-13
7.079e-04 3.728e+37 2.994e+31 2.999e-26 3.945e-14 2.479e-13
7.943e-04 3.133e+37 3.167e+31 3.172e-26 4.174e-14 2.622e-13
8.913e-04 2.632e+37 3.350e+31 3.355e-26 4.415e-14 2.774e-13
1.000e-03 2.211e+37 3.543e+31 3.549e-26 4.670e-14 2.934e-13
1.122e-03 1.858e+37 3.747e+31 3.754e-26 4.939e-14 3.103e-13
1.259e-03 1.561e+37 3.963e+31 3.970e-26 5.223e-14 3.282e-13
1.413e-03 1.311e+37 4.190e+31 4.198e-26 5.523e-14 3.470e-13
1.585e-03 1.101e+37 4.431e+31 4.438e-26 5.839e-14 3.669e-13
1.778e-03 9.245e+36 4.684e+31 4.692e-26 6.173e-14 3.879e-13
1.995e-03 7.763e+36 4.951e+31 4.960e-26 6.525e-14 4.100e-13
2.239e-03 6.517e+36 5.233e+31 5.242e-26 6.897e-14 4.334e-13
2.512e-03 5.471e+36 5.531e+31 5.540e-26 7.289e-14 4.580e-13
2.818e-03 4.592e+36 5.844e+31 5.854e-26 7.702e-14 4.839e-13
3.162e-03 3.854e+36 6.175e+31 6.185e-26 8.138e-14 5.113e-13
3.548e-03 3.234e+36 6.523e+31 6.534e-26 8.596e-14 5.401e-13
3.981e-03 2.713e+36 6.889e+31 6.901e-26 9.080e-14 5.705e-13
4.467e-03 2.276e+36 7.276e+31 7.288e-26 9.588e-14 6.025e-13
5.012e-03 1.909e+36 7.682e+31 7.695e-26 1.012e-13 6.361e-13
5.623e-03 1.601e+36 8.109e+31 8.123e-26 1.069e-13 6.715e-13
6.310e-03 1.342e+36 8.559e+31 8.574e-26 1.128e-13 7.088e-13
7.079e-03 1.125e+36 9.032e+31 9.047e-26 1.190e-13 7.479e-13
7.943e-03 9.426e+35 9.529e+31 9.545e-26 1.256e-13 7.890e-13
8.913e-03 7.897e+35 1.005e+32 1.007e-25 1.325e-13 8.322e-13
1.000e-02 6.615e+35 1.060e+32 1.062e-25 1.397e-13 8.776e-13
1.122e-02 5.539e+35 1.117e+32 1.119e-25 1.473e-13 9.252e-13
1.259e-02 4.638e+35 1.178e+32 1.180e-25 1.552e-13 9.751e-13
1.413e-02 3.881e+35 1.241e+32 1.243e-25 1.635e-13 1.027e-12
1.585e-02 3.247e+35 1.307e+32 1.309e-25 1.722e-13 1.082e-12
1.778e-02 2.716e+35 1.376e+32 1.379e-25 1.814e-13 1.140e-12
1.995e-02 2.271e+35 1.449e+32 1.451e-25 1.909e-13 1.200e-12
2.239e-02 1.898e+35 1.524e+32 1.527e-25 2.009e-13 1.262e-12
2.512e-02 1.586e+35 1.604e+32 1.606e-25 2.113e-13 1.328e-12
2.818e-02 1.325e+35 1.686e+32 1.689e-25 2.222e-13 1.396e-12
3.162e-02 1.106e+35 1.772e+32 1.775e-25 2.336e-13 1.467e-12
3.548e-02 9.231e+34 1.862e+32 1.865e-25 2.454e-13 1.542e-12
3.981e-02 7.700e+34 1.955e+32 1.958e-25 2.577e-13 1.619e-12
4.467e-02 6.419e+34 2.052e+32 2.056e-25 2.705e-13 1.699e-12
5.012e-02 5.349e+34 2.153e+32 2.157e-25 2.837e-13 1.783e-12
5.623e-02 4.455e+34 2.257e+32 2.261e-25 2.975e-13 1.869e-12
6.310e-02 3.709e+34 2.366e+32 2.370e-25 3.118e-13 1.959e-12
7.079e-02 3.085e+34 2.478e+32 2.482e-25 3.265e-13 2.052e-12
7.943e-02 2.565e+34 2.593e+32 2.598e-25 3.418e-13 2.147e-12
8.913e-02 2.132e+34 2.713e+32 2.717e-25 3.575e-13 2.246e-12
1.000e-01 1.770e+34 2.836e+32 2.840e-25 3.737e-13 2.348e-12
1.122e-01 1.469e+34 2.962e+32 2.967e-25 3.904e-13 2.453e-12
1.259e-01 1.218e+34 3.092e+32 3.097e-25 4.075e-13 2.560e-12
1.413e-01 1.009e+34 3.225e+32 3.230e-25 4.250e-13 2.670e-12
1.585e-01 8.351e+33 3.361e+32 3.367e-25 4.429e-13 2.783e-12
1.778e-01 6.907e+33 3.500e+32 3.506e-25 4.612e-13 2.898e-12
1.995e-01 5.708e+33 3.641e+32 3.647e-25 4.798e-13 3.015e-12
2.239e-01 4.713e+33 3.784e+32 3.791e-25 4.987e-13 3.134e-12
2.512e-01 3.887e+33 3.929e+32 3.936e-25 5.179e-13 3.254e-12
2.818e-01 3.203e+33 4.076e+32 4.083e-25 5.372e-13 3.375e-12
3.162e-01 2.636e+33 4.223e+32 4.230e-25 5.566e-13 3.497e-12
3.548e-01 2.167e+33 4.371e+32 4.378e-25 5.761e-13 3.619e-12
3.981e-01 1.779e+33 4.518e+32 4.526e-25 5.955e-13 3.742e-12
4.467e-01 1.459e+33 4.665e+32 4.673e-25 6.148e-13 3.863e-12
5.012e-01 1.195e+33 4.810e+32 4.818e-25 6.339e-13 3.983e-12
5.623e-01 9.775e+32 4.953e+32 4.961e-25 6.527e-13 4.101e-12
6.310e-01 7.983e+32 5.092e+32 5.100e-25 6.711e-13 4.216e-12
7.079e-01 6.509e+32 5.227e+32 5.236e-25 6.888e-13 4.328e-12
7.943e-01 5.298e+32 5.356e+32 5.365e-25 7.059e-13 4.435e-12
8.913e-01 4.305e+32 5.479e+32 5.488e-25 7.221e-13 4.537e-12
1.000e+00 3.491e+32 5.594e+32 5.603e-25 7.372e-13 4.632e-12
1.122e+00 2.826e+32 5.699e+32 5.709e-25 7.511e-13 4.720e-12
1.259e+00 2.282e+32 5.794e+32 5.804e-25 7.636e-13 4.798e-12
1.413e+00 1.838e+32 5.876e+32 5.886e-25 7.744e-13 4.866e-12
1.585e+00 1.477e+32 5.943e+32 5.954e-25 7.833e-13 4.922e-12
1.778e+00 1.183e+32 5.994e+32 6.004e-25 7.900e-13 4.964e-12
1.995e+00 9.448e+31 6.026e+32 6.036e-25 7.942e-13 4.990e-12
2.239e+00 7.518e+31 6.037e+32 6.047e-25 7.956e-13 4.999e-12
2.512e+00 5.958e+31 6.023e+32 6.033e-25 7.938e-13 4.988e-12
2.818e+00 4.701e+31 5.983e+32 5.993e-25 7.885e-13 4.954e-12
3.162e+00 3.690e+31 5.913e+32 5.923e-25 7.792e-13 4.896e-12
3.548e+00 2.880e+31 5.809e+32 5.819e-25 7.656e-13 4.810e-12
3.981e+00 2.233e+31 5.669e+32 5.679e-25 7.472e-13 4.695e-12
4.467e+00 1.717e+31 5.490e+32 5.500e-25 7.236e-13 4.546e-12
5.012e+00 1.309e+31 5.269e+32 5.278e-25 6.945e-13 4.363e-12
5.623e+00 9.879e+30 5.005e+32 5.013e-25 6.596e-13 4.144e-12
6.310e+00 7.363e+30 4.697e+32 4.705e-25 6.190e-13 3.889e-12
7.079e+00 5.413e+30 4.347e+32 4.354e-25 5.728e-13 3.599e-12
7.943e+00 3.920e+30 3.962e+32 3.969e-25 5.222e-13 3.281e-12
8.913e+00 2.796e+30 3.558e+32 3.564e-25 4.690e-13 2.947e-12
1.000e+01 1.969e+30 3.154e+32 3.159e-25 4.157e-13 2.612e-12
1.122e+01 1.372e+30 2.768e+32 2.773e-25 3.648e-13 2.292e-12
1.259e+01 9.508e+29 2.414e+32 2.418e-25 3.182e-13 1.999e-12
1.413e+01 6.550e+29 2.094e+32 2.097e-25 2.759e-13 1.734e-12
1.585e+01 4.488e+29 1.806e+32 1.809e-25 2.381e-13 1.496e-12
1.778e+01 3.061e+29 1.551e+32 1.554e-25 2.044e-13 1.284e-12
1.995e+01 2.078e+29 1.326e+32 1.328e-25 1.747e-13 1.098e-12
2.239e+01 1.404e+29 1.128e+32 1.130e-25 1.486e-13 9.338e-13
2.512e+01 9.439e+28 9.542e+31 9.558e-26 1.258e-13 7.901e-13
2.818e+01 6.304e+28 8.023e+31 8.037e-26 1.057e-13 6.644e-13
3.162e+01 4.179e+28 6.695e+31 6.707e-26 8.824e-14 5.544e-13
3.548e+01 2.745e+28 5.537e+31 5.546e-26 7.297e-14 4.585e-13
3.981e+01 1.784e+28 4.531e+31 4.539e-26 5.971e-14 3.752e-13
4.467e+01 1.146e+28 3.663e+31 3.669e-26 4.828e-14 3.033e-13
5.012e+01 7.261e+27 2.922e+31 2.927e-26 3.851e-14 2.420e-13
5.623e+01 4.533e+27 2.297e+31 2.301e-26 3.027e-14 1.902e-13
6.310e+01 2.785e+27 1.777e+31 1.780e-26 2.341e-14 1.471e-13
7.079e+01 1.682e+27 1.351e+31 1.353e-26 1.780e-14 1.118e-13
7.943e+01 9.972e+26 1.008e+31 1.010e-26 1.329e-14 8.348e-14
8.913e+01 5.797e+26 7.377e+30 7.390e-27 9.722e-15 6.109e-14
1.000e+02 3.299e+26 5.286e+30 5.295e-27 6.967e-15 4.377e-14
1.122e+02 1.836e+26 3.703e+30 3.710e-27 4.881e-15 3.067e-14
1.259e+02 9.972e+25 2.532e+30 2.537e-27 3.337e-15 2.097e-14
1.413e+02 5.277e+25 1.687e+30 1.690e-27 2.223e-15 1.397e-14
1.585e+02 2.713e+25 1.092e+30 1.094e-27 1.439e-15 9.043e-15
1.778e+02 1.352e+25 6.851e+29 6.863e-28 9.029e-16 5.673e-15
1.995e+02 6.507e+24 4.151e+29 4.158e-28 5.470e-16 3.437e-15
2.239e+02 3.009e+24 2.416e+29 2.420e-28 3.184e-16 2.001e-15
2.512e+02 1.327e+24 1.342e+29 1.344e-28 1.768e-16 1.111e-15
2.818e+02 5.519e+23 7.024e+28 7.036e-29 9.257e-17 5.816e-16
3.162e+02 2.117e+23 3.392e+28 3.398e-29 4.470e-17 2.809e-16
3.548e+02 7.142e+22 1.441e+28 1.443e-29 1.899e-17 1.193e-16
3.981e+02 1.855e+22 4.710e+27 4.718e-30 6.207e-18 3.900e-17
4.467e+02 1.846e+21 5.901e+26 5.911e-31 7.777e-19 4.887e-18
5.012e+02 0.000e+00 0.000e+00 0.000e+00 0.000e+00 0.000e+00
5.623e+02 0.000e+00 0.000e+00 0.000e+00 0.000e+00 0.000e+00
6.310e+02 0.000e+00 0.000e+00 0.000e+00 0.000e+00 0.000e+00
7.079e+02 0.000e+00 0.000e+00 0.000e+00 0.000e+00 0.000e+00
7.943e+02 0.000e+00 0.000e+00 0.000e+00 0.000e+00 0.000e+00
8.913e+02 0.000e+00 0.000e+00 0.000e+00 0.000e+00 0.000e+00
1.000e+03 0.000e+00 0.000e+00 0.000e+00 0.000e+00 0.000e+00
1.122e+03 0.000e+00 0.000e+00 0.000e+00 0.000e+00 0.000e+00
1.259e+03 0.000e+00 0.000e+00 0.000e+00 0.000e+00 0.000e+00
1.413e+03 0.000e+00 0.000e+00 0.000e+00 0.000e+00 0.000e+00
1.585e+03 0.000e+00 0.000e+00 0.000e+00 0.000e+00 0.000e+00
1.778e+03 0.000e+00 0.000e+00 0.000e+00 0.000e+00 0.000e+00
1.995e+03 0.000e+00 0.000e+00 0.000e+00 0.000e+00 0.000e+00
2.239e+03 0.000e+00 0.000e+00 0.000e+00 0.000e+00 0.000e+00
2.512e+03 0.000e+00 0.000e+00 0.000e+00 0.000e+00 0.000e+00
2.818e+03 0.000e+00 0.000e+00 0.000e+00 0.000e+00 0.000e+00
3.162e+03 0.000e+00 0.000e+00 0.000e+00 0.000e+00 0.000e+00
3.548e+03 0.000e+00 0.000e+00 0.000e+00 0.000e+00 0.000e+00
3.981e+03 0.000e+00 0.000e+00 0.000e+00 0.000e+00 0.000e+00
4.467e+03 0.000e+00 0.000e+00 0.000e+00 0.000e+00 0.000e+00
5.012e+03 0.000e+00 0.000e+00 0.000e+00 0.000e+00 0.000e+00
5.623e+03 0.000e+00 0.000e+00 0.000e+00 0.000e+00 0.000e+00
6.310e+03 0.000e+00 0.000e+00 0.000e+00 0.000e+00 0.000e+00
7.079e+03 0.000e+00 0.000e+00 0.000e+00 0.000e+00 0.000e+00
7.943e+03 0.000e+00 0.000e+00 0.000e+00 0.000e+00 0.000e+00
8.913e+03 0.000e+00 0.000e+00 0.000e+00 0.000e+00 0.000e+00
1.000e+04 0.000e+00 0.000e+00 0.000e+00 0.000e+00 0.000e+00
1.122e+04 0.000e+00 0.000e+00 0.000e+00 0.000e+00 0.000e+00
1.259e+04 0.000e+00 0.000e+00 0.000e+00 0.000e+00 0.000e+00
1.413e+04 0.000e+00 0.000e+00 0.000e+00 0.000e+00 0.000e+00
1.585e+04 0.000e+00 0.000e+00 0.000e+00 0.000e+00 0.000e+00
1.778e+04 0.000e+00 0.000e+00 0.000e+00 0.000e+00 0.000e+00
1.995e+04 0.000e+00 0.000e+00 0.000e+00 0.000e+00 0.000e+00
2.239e+04 0.000e+00 0.000e+00 0.000e+00 0.000e+00 0.000e+00
2.512e+04 0.000e+00 0.000e+00 0.000e+00 0.000e+00 0.000e+00
2.818e+04 0.000e+00 0.000e+00 0.000e+00 0.000e+00 0.000e+00
3.162e+04 0.000e+00 0.000e+00 0.000e+00 0.000e+00 0.000e+00
3.548e+04 0.000e+00 0.000e+00 0.000e+00 0.000e+00 0.000e+00
3.981e+04 0.000e+00 0.000e+00 0.000e+00 0.000e+00 0.000e+00
4.467e+04 0.000e+00 0.000e+00 0.000e+00 0.000e+00 0.000e+00
5.012e+04 0.000e+00 0.000e+00 0.000e+00 0.000e+00 0.000e+00
5.623e+04 0.000e+00 0.000e+00 0.000e+00 0.000e+00 0.000e+00
6.310e+04 0.000e+00 0.000e+00 0.000e+00 0.000e+00 0.000e+00
7.079e+04 0.000e+00 0.000e+00 0.000e+00 0.000e+00 0.000e+00
7.943e+04 0.000e+00 0.000e+00 0.000e+00 0.000e+00 0.000e+00
8.913e+04 0.000e+00 0.000e+00 0.000e+00 0.000e+00 0.000e+00
1.000e+05 0.000e+00 0.000e+00 0.000e+00 0.000e+00 0.000e+00
1.122e+05 0.000e+00 0.000e+00 0.000e+00 0.000e+00 0.000e+00
1.259e+05 0.000e+00 0.000e+00 0.000e+00 0.000e+00 0.000e+00
1.413e+05 0.000e+00 0.000e+00 0.000e+00 0.000e+00 0.000e+00
1.585e+05 0.000e+00 0.000e+00 0.000e+00 0.000e+00 0.000e+00
1.778e+05 0.000e+00 0.000e+00 0.000e+00 0.000e+00 0.000e+00
1.995e+05 0.000e+00 0.000e+00 0.000e+00 0.000e+00 0.000e+00
2.239e+05 0.000e+00 0.000e+00 0.000e+00 0.000e+00 0.000e+00
2.512e+05 0.000e+00 0.000e+00 0.000e+00 0.000e+00 0.000e+00
2.818e+05 0.000e+00 0.000e+00 0.000e+00 0.000e+00 0.000e+00
3.162e+05 0.000e+00 0.000e+00 0.000e+00 0.000e+00 0.000e+00
3.548e+05 0.000e+00 0.000e+00 0.000e+00 0.000e+00 0.000e+00
3.981e+05 0.000e+00 0.000e+00 0.000e+00 0.000e+00 0.000e+00
4.467e+05 0.000e+00 0.000e+00 0.000e+00 0.000e+00 0.000e+00
5.012e+05 0.000e+00 0.000e+00 0.000e+00 0.000e+00 0.000e+00
5.623e+05 0.000e+00 0.000e+00 0.000e+00 0.000e+00 0.000e+00
6.310e+05 0.000e+00 0.000e+00 0.000e+00 0.000e+00 0.000e+00
7.079e+05 0.000e+00 0.000e+00 0.000e+00 0.000e+00 0.000e+00
7.943e+05 0.000e+00 0.000e+00 0.000e+00 0.000e+00 0.000e+00
8.913e+05 0.000e+00 0.000e+00 0.000e+00 0.000e+00 0.000e+00
1.000e+06 0.000e+00 0.000e+00 0.000e+00 0.000e+00 0.000e+00
1.122e+06 0.000e+00 0.000e+00 0.000e+00 0.000e+00 0.000e+00
1.259e+06 0.000e+00 0.000e+00 0.000e+00 0.000e+00 0.000e+00
1.413e+06 0.000e+00 0.000e+00 0.000e+00 0.000e+00 0.000e+00
1.585e+06 0.000e+00 0.000e+00 0.000e+00 0.000e+00 0.000e+00
1.778e+06 0.000e+00 0.000e+00 0.000e+00 0.000e+00 0.000e+00
1.995e+06 0.000e+00 0.000e+00 0.000e+00 0.000e+00 0.000e+00
2.239e+06 0.000e+00 0.000e+00 0.000e+00 0.000e+00 0.000e+00
2.512e+06 0.000e+00 0.000e+00 0.000e+00 0.000e+00 0.000e+00
2.818e+06 0.000e+00 0.000e+00 0.000e+00 0.000e+00 0.000e+00
3.162e+06 0.000e+00 0.000e+00 0.000e+00 0.000e+00 0.000e+00
3.548e+06 0.000e+00 0.000e+00 0.000e+00 0.000e+00 0.000e+00
3.981e+06 0.000e+00 0.000e+00 0.000e+00 0.000e+00 0.000e+00
4.467e+06 0.000e+00 0.000e+00 0.000e+00 0.000e+00 0.000e+00
5.012e+06 0.000e+00 0.000e+00 0.000e+00 0.000e+00 0.000e+00
5.623e+06 0.000e+00 0.000e+00 0.000e+00 0.000e+00 0.000e+00
6.310e+06 0.000e+00 0.000e+00 0.000e+00 0.000e+00 0.000e+00
7.079e+06 0.000e+00 0.000e+00 0.000e+00 0.000e+00 0.000e+00
7.943e+06 0.000e+00 0.000e+00 0.000e+00 0.000e+00 0.000e+00
8.913e+06 0.000e+00 0.000e+00 0.000e+00 0.000e+00 0.000e+00
1.000e+07 0.000e+00 0.000e+00 0.000e+00 0.000e+00 0.000e+00
1.122e+07 0.000e+00 0.000e+00 0.000e+00 0.000e+00 0.000e+00
1.259e+07 0.000e+00 0.000e+00 0.000e+00 0.000e+00 0.000e+00
1.413e+07 0.000e+00 0.000e+00 0.000e+00 0.000e+00 0.000e+00
1.585e+07 0.000e+00 0.000e+00 0.000e+00 0.000e+00 0.000e+00
1.778e+07 0.000e+00 0.000e+00 0.000e+00 0.000e+00 0.000e+00
1.995e+07 0.000e+00 0.000e+00 0.000e+00 0.000e+00 0.000e+00
2.239e+07 0.000e+00 0.000e+00 0.000e+00 0.000e+00 0.000e+00
2.512e+07 0.000e+00 0.000e+00 0.000e+00 0.000e+00 0.000e+00
2.818e+07 0.000e+00 0.000e+00 0.000e+00 0.000e+00 0.000e+00
3.162e+07 0.000e+00 0.000e+00 0.000e+00 0.000e+00 0.000e+00
3.548e+07 0.000e+00 0.000e+00 0.000e+00 0.000e+00 0.000e+00
3.981e+07 0.000e+00 0.000e+00 0.000e+00 0.000e+00 0.000e+00
4.467e+07 0.000e+00 0.000e+00 0.000e+00 0.000e+00 0.000e+00
5.012e+07 0.000e+00 0.000e+00 0.000e+00 0.000e+00 0.000e+00
5.623e+07 0.000e+00 0.000e+00 0.000e+00 0.000e+00 0.000e+00
6.310e+07 0.000e+00 0.000e+00 0.000e+00 0.000e+00 0.000e+00
7.079e+07 0.000e+00 0.000e+00 0.000e+00 0.000e+00 0.000e+00
7.943e+07 0.000e+00 0.000e+00 0.000e+00 0.000e+00 0.000e+00
8.913e+07 0.000e+00 0.000e+00 0.000e+00 0.000e+00 0.000e+00
1.000e+08 0.000e+00 0.000e+00 0.000e+00 0.000e+00 0.000e+00
