1.000e-20 2.408e+70 3.858e+30 3.865e-27 2.542e-15 3.195e-14
1.122e-20 2.026e+70 4.087e+30 4.094e-27 2.693e-15 3.384e-14
1.259e-20 1.705e+70 4.329e+30 4.336e-27 2.853e-15 3.585e-14
1.413e-20 1.434e+70 4.586e+30 4.593e-27 3.022e-15 3.797e-14
1.585e-20 1.207e+70 4.857e+30 4.866e-27 3.201e-15 4.022e-14
1.778e-20 1.016e+70 5.145e+30 5.154e-27 3.390e-15 4.261e-14
1.995e-20 8.545e+69 5.450e+30 5.459e-27 3.591e-15 4.513e-14
2.239e-20 7.189e+69 5.773e+30 5.783e-27 3.804e-15 4.780e-14
2.512e-20 6.049e+69 6.115e+30 6.125e-27 4.030e-15 5.064e-14
2.818e-20 5.090e+69 6.477e+30 6.488e-27 4.268e-15 5.364e-14
3.162e-20 4.282e+69 6.861e+30 6.873e-27 4.521e-15 5.682e-14
3.548e-20 3.603e+69 7.268e+30 7.280e-27 4.789e-15 6.018e-14
3.981e-20 3.032e+69 7.698e+30 7.711e-27 5.073e-15 6.375e-14
4.467e-20 2.551e+69 8.155e+30 8.168e-27 5.373e-15 6.752e-14
5.012e-20 2.146e+69 8.638e+30 8.652e-27 5.692e-15 7.153e-14
5.623e-20 1.806e+69 9.150e+30 9.165e-27 6.029e-15 7.576e-14
6.310e-20 1.519e+69 9.692e+30 9.708e-27 6.386e-15 8.025e-14
7.079e-20 1.278e+69 1.027e+31 1.028e-26 6.765e-15 8.501e-14
7.943e-20 1.076e+69 1.087e+31 1.089e-26 7.166e-15 9.005e-14
8.913e-20 9.051e+68 1.152e+31 1.154e-26 7.590e-15 9.538e-14
1.000e-19 7.615e+68 1.220e+31 1.222e-26 8.040e-15 1.010e-13
1.122e-19 6.407e+68 1.292e+31 1.295e-26 8.516e-15 1.070e-13
1.259e-19 5.391e+68 1.369e+31 1.371e-26 9.021e-15 1.134e-13
1.413e-19 4.536e+68 1.450e+31 1.453e-26 9.555e-15 1.201e-13
1.585e-19 3.817e+68 1.536e+31 1.539e-26 1.012e-14 1.272e-13
1.778e-19 3.211e+68 1.627e+31 1.630e-26 1.072e-14 1.347e-13
1.995e-19 2.702e+68 1.723e+31 1.726e-26 1.136e-14 1.427e-13
2.239e-19 2.273e+68 1.826e+31 1.829e-26 1.203e-14 1.512e-13
2.512e-19 1.913e+68 1.934e+31 1.937e-26 1.274e-14 1.601e-13
2.818e-19 1.609e+68 2.048e+31 2.052e-26 1.350e-14 1.696e-13
3.162e-19 1.354e+68 2.170e+31 2.173e-26 1.430e-14 1.797e-13
3.548e-19 1.139e+68 2.298e+31 2.302e-26 1.514e-14 1.903e-13
3.981e-19 9.587e+67 2.434e+31 2.439e-26 1.604e-14 2.016e-13
4.467e-19 8.066e+67 2.579e+31 2.583e-26 1.699e-14 2.135e-13
5.012e-19 6.787e+67 2.731e+31 2.736e-26 1.800e-14 2.262e-13
5.623e-19 5.711e+67 2.893e+31 2.898e-26 1.907e-14 2.396e-13
6.310e-19 4.805e+67 3.065e+31 3.070e-26 2.020e-14 2.538e-13
7.079e-19 4.043e+67 3.246e+31 3.252e-26 2.139e-14 2.688e-13
7.943e-19 3.402e+67 3.439e+31 3.444e-26 2.266e-14 2.847e-13
8.913e-19 2.862e+67 3.642e+31 3.649e-26 2.400e-14 3.016e-13
1.000e-18 2.408e+67 3.858e+31 3.865e-26 2.542e-14 3.195e-13
1.122e-18 2.026e+67 4.087e+31 4.094e-26 2.693e-14 3.384e-13
1.259e-18 1.705e+67 4.329e+31 4.336e-26 2.853e-14 3.585e-13
1.413e-18 1.434e+67 4.585e+31 4.593e-26 3.022e-14 3.797e-13
1.585e-18 1.207e+67 4.857e+31 4.865e-26 3.201e-14 4.022e-13
1.778e-18 1.015e+67 5.145e+31 5.154e-26 3.390e-14 4.260e-13
1.995e-18 8.544e+66 5.450e+31 5.459e-26 3.591e-14 4.513e-13
2.239e-18 7.189e+66 5.773e+31 5.782e-26 3.804e-14 4.780e-13
2.512e-18 6.049e+66 6.115e+31 6.125e-26 4.029e-14 5.063e-13
2.818e-18 5.089e+66 6.477e+31 6.488e-26 4.268e-14 5.363e-13
3.162e-18 4.282e+66 6.861e+31 6.872e-26 4.521e-14 5.681e-13
3.548e-18 3.603e+66 7.267e+31 7.280e-26 4.789e-14 6.018e-13
3.981e-18 3.032e+66 7.698e+31 7.711e-26 5.073e-14 6.374e-13
4.467e-18 2.551e+66 8.154e+31 8.168e-26 5.373e-14 6.752e-13
5.012e-18 2.146e+66 8.637e+31 8.652e-26 5.691e-14 7.152e-13
5.623e-18 1.806e+66 9.149e+31 9.164e-26 6.029e-14 7.576e-13
6.310e-18 1.519e+66 9.691e+31 9.707e-26 6.386e-14 8.025e-13
7.079e-18 1.278e+66 1.027e+32 1.028e-25 6.764e-14 8.500e-13
7.943e-18 1.076e+66 1.087e+32 1.089e-25 7.165e-14 9.004e-13
8.913e-18 9.050e+65 1.152e+32 1.154e-25 7.590e-14 9.537e-13
1.000e-17 7.615e+65 1.220e+32 1.222e-25 8.039e-14 1.010e-12
1.122e-17 6.407e+65 1.292e+32 1.294e-25 8.515e-14 1.070e-12
1.259e-17 5.391e+65 1.369e+32 1.371e-25 9.020e-14 1.133e-12
1.413e-17 4.536e+65 1.450e+32 1.452e-25 9.554e-14 1.201e-12
1.585e-17 3.816e+65 1.536e+32 1.538e-25 1.012e-13 1.272e-12
1.778e-17 3.211e+65 1.627e+32 1.630e-25 1.072e-13 1.347e-12
1.995e-17 2.702e+65 1.723e+32 1.726e-25 1.136e-13 1.427e-12
2.239e-17 2.273e+65 1.825e+32 1.828e-25 1.203e-13 1.511e-12
2.512e-17 1.913e+65 1.933e+32 1.937e-25 1.274e-13 1.601e-12
2.818e-17 1.609e+65 2.048e+32 2.051e-25 1.350e-13 1.696e-12
3.162e-17 1.354e+65 2.169e+32 2.173e-25 1.429e-13 1.796e-12
3.548e-17 1.139e+65 2.298e+32 2.302e-25 1.514e-13 1.903e-12
3.981e-17 9.585e+64 2.434e+32 2.438e-25 1.604e-13 2.015e-12
4.467e-17 8.065e+64 2.578e+32 2.582e-25 1.699e-13 2.135e-12
5.012e-17 6.786e+64 2.731e+32 2.735e-25 1.799e-13 2.261e-12
5.623e-17 5.709e+64 2.893e+32 2.898e-25 1.906e-13 2.395e-12
6.310e-17 4.804e+64 3.064e+32 3.069e-25 2.019e-13 2.537e-12
7.079e-17 4.042e+64 3.245e+32 3.251e-25 2.139e-13 2.687e-12
7.943e-17 3.401e+64 3.438e+32 3.444e-25 2.265e-13 2.847e-12
8.913e-17 2.861e+64 3.641e+32 3.647e-25 2.399e-13 3.015e-12
1.000e-16 2.407e+64 3.857e+32 3.864e-25 2.542e-13 3.194e-12
1.122e-16 2.025e+64 4.085e+32 4.092e-25 2.692e-13 3.383e-12
1.259e-16 1.704e+64 4.327e+32 4.335e-25 2.852e-13 3.583e-12
1.413e-16 1.434e+64 4.584e+32 4.592e-25 3.020e-13 3.796e-12
1.585e-16 1.206e+64 4.855e+32 4.863e-25 3.199e-13 4.020e-12
1.778e-16 1.015e+64 5.143e+32 5.151e-25 3.389e-13 4.259e-12
1.995e-16 8.540e+63 5.447e+32 5.457e-25 3.590e-13 4.511e-12
2.239e-16 7.186e+63 5.770e+32 5.780e-25 3.802e-13 4.778e-12
2.512e-16 6.046e+63 6.112e+32 6.122e-25 4.027e-13 5.061e-12
2.818e-16 5.087e+63 6.474e+32 6.485e-25 4.266e-13 5.361e-12
3.162e-16 4.280e+63 6.857e+32 6.868e-25 4.518e-13 5.678e-12
3.548e-16 3.601e+63 7.263e+32 7.275e-25 4.786e-13 6.014e-12
3.981e-16 3.030e+63 7.693e+32 7.706e-25 5.069e-13 6.370e-12
4.467e-16 2.549e+63 8.148e+32 8.162e-25 5.369e-13 6.747e-12
5.012e-16 2.145e+63 8.631e+32 8.645e-25 5.687e-13 7.147e-12
5.623e-16 1.804e+63 9.142e+32 9.157e-25 6.024e-13 7.570e-12
6.310e-16 1.518e+63 9.683e+32 9.699e-25 6.381e-13 8.018e-12
7.079e-16 1.277e+63 1.026e+33 1.027e-24 6.758e-13 8.493e-12
7.943e-16 1.075e+63 1.086e+33 1.088e-24 7.158e-13 8.995e-12
8.913e-16 9.041e+62 1.151e+33 1.153e-24 7.582e-13 9.528e-12
1.000e-15 7.607e+62 1.219e+33 1.221e-24 8.031e-13 1.009e-11
1.122e-15 6.400e+62 1.291e+33 1.293e-24 8.506e-13 1.069e-11
1.259e-15 5.384e+62 1.367e+33 1.370e-24 9.009e-13 1.132e-11
1.413e-15 4.530e+62 1.448e+33 1.451e-24 9.542e-13 1.199e-11
1.585e-15 3.811e+62 1.534e+33 1.536e-24 1.011e-12 1.270e-11
1.778e-15 3.206e+62 1.625e+33 1.627e-24 1.070e-12 1.345e-11
1.995e-15 2.698e+62 1.721e+33 1.724e-24 1.134e-12 1.425e-11
2.239e-15 2.269e+62 1.822e+33 1.825e-24 1.201e-12 1.509e-11
2.512e-15 1.909e+62 1.930e+33 1.933e-24 1.272e-12 1.598e-11
2.818e-15 1.606e+62 2.044e+33 2.048e-24 1.347e-12 1.693e-11
3.162e-15 1.351e+62 2.165e+33 2.169e-24 1.427e-12 1.793e-11
3.548e-15 1.137e+62 2.293e+33 2.297e-24 1.511e-12 1.899e-11
3.981e-15 9.564e+61 2.429e+33 2.433e-24 1.600e-12 2.011e-11
4.467e-15 8.046e+61 2.572e+33 2.576e-24 1.695e-12 2.130e-11
5.012e-15 6.769e+61 2.724e+33 2.729e-24 1.795e-12 2.256e-11
5.623e-15 5.694e+61 2.885e+33 2.890e-24 1.901e-12 2.389e-11
6.310e-15 4.790e+61 3.055e+33 3.061e-24 2.013e-12 2.530e-11
7.079e-15 4.030e+61 3.236e+33 3.241e-24 2.132e-12 2.679e-11
7.943e-15 3.390e+61 3.427e+33 3.433e-24 2.258e-12 2.838e-11
8.913e-15 2.852e+61 3.629e+33 3.635e-24 2.391e-12 3.005e-11
1.000e-14 2.399e+61 3.843e+33 3.850e-24 2.532e-12 3.182e-11
1.122e-14 2.018e+61 4.070e+33 4.077e-24 2.682e-12 3.370e-11
1.259e-14 1.697e+61 4.310e+33 4.317e-24 2.840e-12 3.569e-11
1.413e-14 1.428e+61 4.564e+33 4.572e-24 3.007e-12 3.779e-11
1.585e-14 1.201e+61 4.833e+33 4.841e-24 3.185e-12 4.002e-11
1.778e-14 1.010e+61 5.118e+33 5.126e-24 3.372e-12 4.238e-11
1.995e-14 8.496e+60 5.419e+33 5.428e-24 3.571e-12 4.487e-11
2.239e-14 7.146e+60 5.738e+33 5.748e-24 3.781e-12 4.751e-11
2.512e-14 6.010e+60 6.076e+33 6.086e-24 4.004e-12 5.031e-11
2.818e-14 5.055e+60 6.433e+33 6.444e-24 4.239e-12 5.327e-11
3.162e-14 4.251e+60 6.811e+33 6.823e-24 4.488e-12 5.640e-11
3.548e-14 3.575e+60 7.211e+33 7.224e-24 4.752e-12 5.971e-11
3.981e-14 3.007e+60 7.635e+33 7.648e-24 5.031e-12 6.322e-11
4.467e-14 2.528e+60 8.083e+33 8.096e-24 5.326e-12 6.693e-11
5.012e-14 2.126e+60 8.557e+33 8.571e-24 5.638e-12 7.086e-11
5.623e-14 1.788e+60 9.058e+33 9.073e-24 5.969e-12 7.501e-11
6.310e-14 1.503e+60 9.588e+33 9.605e-24 6.318e-12 7.940e-11
7.079e-14 1.264e+60 1.015e+34 1.017e-23 6.688e-12 8.404e-11
7.943e-14 1.063e+60 1.074e+34 1.076e-23 7.079e-12 8.896e-11
8.913e-14 8.934e+59 1.137e+34 1.139e-23 7.492e-12 9.415e-11
1.000e-13 7.510e+59 1.203e+34 1.205e-23 7.929e-12 9.964e-11
1.122e-13 6.313e+59 1.273e+34 1.276e-23 8.391e-12 1.054e-10
1.259e-13 5.307e+59 1.348e+34 1.350e-23 8.880e-12 1.116e-10
1.413e-13 4.460e+59 1.426e+34 1.428e-23 9.396e-12 1.181e-10
1.585e-13 3.749e+59 1.509e+34 1.511e-23 9.941e-12 1.249e-10
1.778e-13 3.150e+59 1.596e+34 1.599e-23 1.052e-11 1.322e-10
1.995e-13 2.647e+59 1.688e+34 1.691e-23 1.113e-11 1.398e-10
2.239e-13 2.224e+59 1.786e+34 1.789e-23 1.177e-11 1.479e-10
2.512e-13 1.869e+59 1.889e+34 1.892e-23 1.245e-11 1.564e-10
2.818e-13 1.570e+59 1.998e+34 2.001e-23 1.316e-11 1.654e-10
3.162e-13 1.318e+59 2.112e+34 2.116e-23 1.392e-11 1.749e-10
3.548e-13 1.107e+59 2.233e+34 2.237e-23 1.472e-11 1.849e-10
3.981e-13 9.297e+58 2.361e+34 2.365e-23 1.556e-11 1.955e-10
4.467e-13 7.806e+58 2.495e+34 2.500e-23 1.644e-11 2.066e-10
5.012e-13 6.553e+58 2.637e+34 2.642e-23 1.738e-11 2.184e-10
5.623e-13 5.500e+58 2.787e+34 2.791e-23 1.836e-11 2.307e-10
6.310e-13 4.615e+58 2.944e+34 2.949e-23 1.940e-11 2.438e-10
7.079e-13 3.872e+58 3.109e+34 3.115e-23 2.049e-11 2.575e-10
7.943e-13 3.248e+58 3.284e+34 3.289e-23 2.164e-11 2.719e-10
8.913e-13 2.724e+58 3.467e+34 3.473e-23 2.284e-11 2.871e-10
1.000e-12 2.284e+58 3.659e+34 3.665e-23 2.411e-11 3.030e-10
1.122e-12 1.914e+58 3.861e+34 3.868e-23 2.544e-11 3.198e-10
1.259e-12 1.604e+58 4.074e+34 4.080e-23 2.684e-11 3.373e-10
1.413e-12 1.344e+58 4.296e+34 4.303e-23 2.831e-11 3.557e-10
1.585e-12 1.125e+58 4.529e+34 4.537e-23 2.985e-11 3.751e-10
1.778e-12 9.421e+57 4.773e+34 4.781e-23 3.145e-11 3.953e-10
1.995e-12 7.884e+57 5.029e+34 5.037e-23 3.314e-11 4.164e-10
2.239e-12 6.595e+57 5.296e+34 5.305e-23 3.490e-11 4.385e-10
2.512e-12 5.514e+57 5.574e+34 5.584e-23 3.673e-11 4.616e-10
2.818e-12 4.608e+57 5.865e+34 5.874e-23 3.864e-11 4.856e-10
3.162e-12 3.849e+57 6.167e+34 6.177e-23 4.064e-11 5.107e-10
3.548e-12 3.213e+57 6.481e+34 6.492e-23 4.271e-11 5.367e-10
3.981e-12 2.681e+57 6.808e+34 6.819e-23 4.486e-11 5.637e-10
4.467e-12 2.235e+57 7.146e+34 7.158e-23 4.709e-11 5.917e-10
5.012e-12 1.862e+57 7.495e+34 7.508e-23 4.939e-11 6.207e-10
5.623e-12 1.551e+57 7.856e+34 7.870e-23 5.177e-11 6.506e-10
6.310e-12 1.290e+57 8.228e+34 8.242e-23 5.422e-11 6.813e-10
7.079e-12 1.072e+57 8.610e+34 8.625e-23 5.674e-11 7.130e-10
7.943e-12 8.904e+56 9.001e+34 9.017e-23 5.932e-11 7.454e-10
8.913e-12 7.387e+56 9.401e+34 9.417e-23 6.195e-11 7.785e-10
1.000e-11 6.122e+56 9.808e+34 9.825e-23 6.463e-11 8.122e-10
1.122e-11 5.067e+56 1.022e+35 1.024e-22 6.735e-11 8.464e-10
1.259e-11 4.190e+56 1.064e+35 1.066e-22 7.010e-11 8.809e-10
1.413e-11 3.459e+56 1.106e+35 1.108e-22 7.287e-11 9.157e-10
1.585e-11 2.852e+56 1.148e+35 1.150e-22 7.564e-11 9.505e-10
1.778e-11 2.348e+56 1.190e+35 1.192e-22 7.839e-11 9.851e-10
1.995e-11 1.930e+56 1.231e+35 1.233e-22 8.111e-11 1.019e-09
2.239e-11 1.584e+56 1.272e+35 1.274e-22 8.379e-11 1.053e-09
2.512e-11 1.297e+56 1.311e+35 1.313e-22 8.640e-11 1.086e-09
2.818e-11 1.060e+56 1.349e+35 1.352e-22 8.891e-11 1.117e-09
3.162e-11 8.649e+55 1.386e+35 1.388e-22 9.131e-11 1.147e-09
3.548e-11 7.040e+55 1.420e+35 1.422e-22 9.357e-11 1.176e-09
3.981e-11 5.718e+55 1.452e+35 1.454e-22 9.567e-11 1.202e-09
4.467e-11 4.633e+55 1.481e+35 1.483e-22 9.759e-11 1.226e-09
5.012e-11 3.744e+55 1.507e+35 1.509e-22 9.929e-11 1.248e-09
5.623e-11 3.018e+55 1.529e+35 1.532e-22 1.008e-10 1.266e-09
6.310e-11 2.426e+55 1.548e+35 1.550e-22 1.020e-10 1.281e-09
7.079e-11 1.945e+55 1.562e+35 1.565e-22 1.029e-10 1.293e-09
7.943e-11 1.555e+55 1.572e+35 1.575e-22 1.036e-10 1.302e-09
8.913e-11 1.239e+55 1.577e+35 1.580e-22 1.039e-10 1.306e-09
1.000e-10 9.851e+54 1.578e+35 1.581e-22 1.040e-10 1.307e-09
1.122e-10 7.806e+54 1.575e+35 1.577e-22 1.038e-10 1.304e-09
1.259e-10 6.169e+54 1.566e+35 1.569e-22 1.032e-10 1.297e-09
1.413e-10 4.861e+54 1.554e+35 1.557e-22 1.024e-10 1.287e-09
1.585e-10 3.820e+54 1.537e+35 1.540e-22 1.013e-10 1.273e-09
1.778e-10 2.994e+54 1.517e+35 1.519e-22 9.995e-11 1.256e-09
1.995e-10 2.341e+54 1.493e+35 1.495e-22 9.838e-11 1.236e-09
2.239e-10 1.826e+54 1.466e+35 1.468e-22 9.660e-11 1.214e-09
2.512e-10 1.421e+54 1.436e+35 1.439e-22 9.465e-11 1.189e-09
2.818e-10 1.104e+54 1.405e+35 1.407e-22 9.256e-11 1.163e-09
3.162e-10 8.557e+53 1.371e+35 1.373e-22 9.034e-11 1.135e-09
3.548e-10 6.623e+53 1.336e+35 1.338e-22 8.803e-11 1.106e-09
3.981e-10 5.118e+53 1.300e+35 1.302e-22 8.564e-11 1.076e-09
4.467e-10 3.949e+53 1.263e+35 1.265e-22 8.320e-11 1.045e-09
5.012e-10 3.043e+53 1.225e+35 1.227e-22 8.071e-11 1.014e-09
5.623e-10 2.342e+53 1.186e+35 1.188e-22 7.818e-11 9.824e-10
6.310e-10 1.799e+53 1.148e+35 1.150e-22 7.563e-11 9.504e-10
7.079e-10 1.381e+53 1.109e+35 1.111e-22 7.306e-11 9.181e-10
7.943e-10 1.058e+53 1.070e+35 1.071e-22 7.048e-11 8.856e-10
8.913e-10 8.095e+52 1.030e+35 1.032e-22 6.789e-11 8.531e-10
1.000e-09 6.184e+52 9.908e+34 9.925e-23 6.529e-11 8.205e-10
1.122e-09 4.717e+52 9.514e+34 9.531e-23 6.270e-11 7.879e-10
1.259e-09 3.592e+52 9.121e+34 9.137e-23 6.011e-11 7.553e-10
1.413e-09 2.731e+52 8.730e+34 8.745e-23 5.753e-11 7.229e-10
1.585e-09 2.072e+52 8.340e+34 8.355e-23 5.496e-11 6.906e-10
1.778e-09 1.570e+52 7.954e+34 7.967e-23 5.241e-11 6.586e-10
1.995e-09 1.187e+52 7.570e+34 7.583e-23 4.989e-11 6.269e-10
2.239e-09 8.956e+51 7.191e+34 7.204e-23 4.739e-11 5.955e-10
2.512e-09 6.744e+51 6.817e+34 6.829e-23 4.492e-11 5.645e-10
2.818e-09 5.067e+51 6.449e+34 6.460e-23 4.250e-11 5.340e-10
3.162e-09 3.799e+51 6.087e+34 6.097e-23 4.011e-11 5.041e-10
3.548e-09 2.842e+51 5.732e+34 5.742e-23 3.777e-11 4.747e-10
3.981e-09 2.121e+51 5.385e+34 5.394e-23 3.548e-11 4.459e-10
4.467e-09 1.579e+51 5.046e+34 5.055e-23 3.325e-11 4.179e-10
5.012e-09 1.172e+51 4.717e+34 4.725e-23 3.108e-11 3.906e-10
5.623e-09 8.678e+50 4.397e+34 4.404e-23 2.897e-11 3.641e-10
6.310e-09 6.408e+50 4.087e+34 4.094e-23 2.693e-11 3.384e-10
7.079e-09 4.718e+50 3.788e+34 3.795e-23 2.496e-11 3.137e-10
7.943e-09 3.463e+50 3.501e+34 3.506e-23 2.307e-11 2.899e-10
8.913e-09 2.534e+50 3.225e+34 3.230e-23 2.125e-11 2.670e-10
1.000e-08 1.848e+50 2.961e+34 2.966e-23 1.951e-11 2.452e-10
1.122e-08 1.343e+50 2.709e+34 2.714e-23 1.785e-11 2.243e-10
1.259e-08 9.728e+49 2.470e+34 2.474e-23 1.628e-11 2.046e-10
1.413e-08 7.020e+49 2.244e+34 2.248e-23 1.479e-11 1.858e-10
1.585e-08 5.046e+49 2.031e+34 2.034e-23 1.338e-11 1.682e-10
1.778e-08 3.613e+49 1.831e+34 1.834e-23 1.206e-11 1.516e-10
1.995e-08 2.576e+49 1.643e+34 1.646e-23 1.083e-11 1.361e-10
2.239e-08 1.829e+49 1.469e+34 1.471e-23 9.677e-12 1.216e-10
2.512e-08 1.292e+49 1.306e+34 1.309e-23 8.609e-12 1.082e-10
2.818e-08 9.090e+48 1.157e+34 1.159e-23 7.623e-12 9.579e-11
3.162e-08 6.361e+48 1.019e+34 1.021e-23 6.716e-12 8.440e-11
3.548e-08 4.429e+48 8.933e+33 8.948e-24 5.886e-12 7.397e-11
3.981e-08 3.066e+48 7.786e+33 7.800e-24 5.131e-12 6.448e-11
4.467e-08 2.111e+48 6.748e+33 6.760e-24 4.447e-12 5.588e-11
5.012e-08 1.444e+48 5.813e+33 5.823e-24 3.831e-12 4.814e-11
5.623e-08 9.820e+47 4.976e+33 4.984e-24 3.279e-12 4.120e-11
6.310e-08 6.632e+47 4.230e+33 4.237e-24 2.787e-12 3.503e-11
7.079e-08 4.446e+47 3.570e+33 3.576e-24 2.353e-12 2.956e-11
7.943e-08 2.958e+47 2.990e+33 2.995e-24 1.970e-12 2.476e-11
8.913e-08 1.952e+47 2.484e+33 2.488e-24 1.637e-12 2.057e-11
1.000e-07 1.277e+47 2.045e+33 2.049e-24 1.348e-12 1.694e-11
1.122e-07 8.272e+46 1.668e+33 1.671e-24 1.099e-12 1.382e-11
1.259e-07 5.305e+46 1.347e+33 1.349e-24 8.877e-13 1.115e-11
1.413e-07 3.364e+46 1.076e+33 1.077e-24 7.087e-13 8.906e-12
1.585e-07 2.108e+46 8.484e+32 8.498e-25 5.590e-13 7.025e-12
1.778e-07 1.303e+46 6.604e+32 6.615e-25 4.352e-13 5.468e-12
1.995e-07 7.942e+45 5.066e+32 5.074e-25 3.338e-13 4.195e-12
2.239e-07 4.762e+45 3.824e+32 3.831e-25 2.520e-13 3.167e-12
2.512e-07 2.805e+45 2.836e+32 2.841e-25 1.869e-13 2.348e-12
2.818e-07 1.620e+45 2.062e+32 2.065e-25 1.359e-13 1.707e-12
3.162e-07 9.151e+44 1.466e+32 1.469e-25 9.662e-14 1.214e-12
3.548e-07 5.044e+44 1.017e+32 1.019e-25 6.705e-14 8.425e-13
3.981e-07 2.705e+44 6.870e+31 6.881e-26 4.527e-14 5.689e-13
4.467e-07 1.407e+44 4.498e+31 4.506e-26 2.964e-14 3.725e-13
5.012e-07 7.071e+43 2.846e+31 2.851e-26 1.875e-14 2.357e-13
5.623e-07 3.420e+43 1.733e+31 1.736e-26 1.142e-14 1.435e-13
6.310e-07 1.584e+43 1.010e+31 1.012e-26 6.658e-15 8.367e-14
7.079e-07 6.993e+42 5.615e+30 5.625e-27 3.700e-15 4.650e-14
7.943e-07 2.925e+42 2.957e+30 2.962e-27 1.949e-15 2.449e-14
8.913e-07 1.152e+42 1.466e+30 1.469e-27 9.663e-16 1.214e-14
1.000e-06 4.245e+41 6.801e+29 6.812e-28 4.481e-16 5.631e-15
1.122e-06 1.451e+41 2.927e+29 2.931e-28 1.928e-16 2.423e-15
1.259e-06 4.563e+40 1.159e+29 1.161e-28 7.636e-17 9.595e-16
1.413e-06 1.308e+40 4.181e+28 4.188e-29 2.755e-17 3.462e-16
1.585e-06 3.379e+39 1.360e+28 1.362e-29 8.961e-18 1.126e-16
1.778e-06 7.767e+38 3.935e+27 3.942e-30 2.593e-18 3.259e-17
1.995e-06 1.566e+38 9.992e+26 1.001e-30 6.584e-19 8.274e-18
2.239e-06 2.710e+37 2.176e+26 2.179e-31 1.434e-19 1.802e-18
2.512e-06 3.971e+36 4.014e+25 4.021e-32 2.645e-20 3.324e-19
2.818e-06 4.464e+35 5.681e+24 5.691e-33 3.744e-21 4.705e-20
3.162e-06 4.339e+34 6.952e+23 6.964e-34 4.581e-22 5.757e-21
3.548e-06 0.000e+00 0.000e+00 0.000e+00 0.000e+00 0.000e+00
3.981e-06 0.000e+00 0.000e+00 0.000e+00 0.000e+00 0.000e+00
4.467e-06 0.000e+00 0.000e+00 0.000e+00 0.000e+00 0.000e+00
5.012e-06 0.000e+00 0.000e+00 0.000e+00 0.000e+00 0.000e+00
5.623e-06 0.000e+00 0.000e+00 0.000e+00 0.000e+00 0.000e+00
6.310e-06 0.000e+00 0.000e+00 0.000e+00 0.000e+00 0.000e+00
7.079e-06 0.000e+00 0.000e+00 0.000e+00 0.000e+00 0.000e+00
7.943e-06 0.000e+00 0.000e+00 0.000e+00 0.000e+00 0.000e+00
8.913e-06 0.000e+00 0.000e+00 0.000e+00 0.000e+00 0.000e+00
1.000e-05 0.000e+00 0.000e+00 0.000e+00 0.000e+00 0.000e+00
1.122e-05 0.000e+00 0.000e+00 0.000e+00 0.000e+00 0.000e+00
1.259e-05 0.000e+00 0.000e+00 0.000e+00 0.000e+00 0.000e+00
1.413e-05 0.000e+00 0.000e+00 0.000e+00 0.000e+00 0.000e+00
1.585e-05 0.000e+00 0.000e+00 0.000e+00 0.000e+00 0.000e+00
1.778e-05 0.000e+00 0.000e+00 0.000e+00 0.000e+00 0.000e+00
1.995e-05 0.000e+00 0.000e+00 0.000e+00 0.000e+00 0.000e+00
2.239e-05 0.000e+00 0.000e+00 0.000e+00 0.000e+00 0.000e+00
2.512e-05 0.000e+00 0.000e+00 0.000e+00 0.000e+00 0.000e+00
2.818e-05 0.000e+00 0.000e+00 0.000e+00 0.000e+00 0.000e+00
3.162e-05 0.000e+00 0.000e+00 0.000e+00 0.000e+00 0.000e+00
3.548e-05 0.000e+00 0.000e+00 0.000e+00 0.000e+00 0.000e+00
3.981e-05 0.000e+00 0.000e+00 0.000e+00 0.000e+00 0.000e+00
4.467e-05 0.000e+00 0.000e+00 0.000e+00 0.000e+00 0.000e+00
5.012e-05 0.000e+00 0.000e+00 0.000e+00 0.000e+00 0.000e+00
5.623e-05 0.000e+00 0.000e+00 0.000e+00 0.000e+00 0.000e+00
6.310e-05 0.000e+00 0.000e+00 0.000e+00 0.000e+00 0.000e+00
7.079e-05 0.000e+00 0.000e+00 0.000e+00 0.000e+00 0.000e+00
7.943e-05 0.000e+00 0.000e+00 0.000e+00 0.000e+00 0.000e+00
8.913e-05 0.000e+00 0.000e+00 0.000e+00 0.000e+00 0.000e+00
1.000e-04 0.000e+00 0.000e+00 0.000e+00 0.000e+00 0.000e+00
1.122e-04 0.000e+00 0.000e+00 0.000e+00 0.000e+00 0.000e+00
1.259e-04 0.000e+00 0.000e+00 0.000e+00 0.000e+00 0.000e+00
1.413e-04 0.000e+00 0.000e+00 0.000e+00 0.000e+00 0.000e+00
1.585e-04 0.000e+00 0.000e+00 0.000e+00 0.000e+00 0.000e+00
1.778e-04 0.000e+00 0.000e+00 0.000e+00 0.000e+00 0.000e+00
1.995e-04 0.000e+00 0.000e+00 0.000e+00 0.000e+00 0.000e+00
2.239e-04 0.000e+00 0.000e+00 0.000e+00 0.000e+00 0.000e+00
2.512e-04 0.000e+00 0.000e+00 0.000e+00 0.000e+00 0.000e+00
2.818e-04 0.000e+00 0.000e+00 0.000e+00 0.000e+00 0.000e+00
3.162e-04 0.000e+00 0.000e+00 0.000e+00 0.000e+00 0.000e+00
3.548e-04 0.000e+00 0.000e+00 0.000e+00 0.000e+00 0.000e+00
3.981e-04 0.000e+00 0.000e+00 0.000e+00 0.000e+00 0.000e+00
4.467e-04 0.000e+00 0.000e+00 0.000e+00 0.000e+00 0.000e+00
5.012e-04 0.000e+00 0.000e+00 0.000e+00 0.000e+00 0.000e+00
5.623e-04 0.000e+00 0.000e+00 0.000e+00 0.000e+00 0.000e+00
6.310e-04 0.000e+00 0.000e+00 0.000e+00 0.000e+00 0.000e+00
7.079e-04 0.000e+00 0.000e+00 0.000e+00 0.000e+00 0.000e+00
7.943e-04 0.000e+00 0.000e+00 0.000e+00 0.000e+00 0.000e+00
8.913e-04 0.000e+00 0.000e+00 0.000e+00 0.000e+00 0.000e+00
1.000e-03 0.000e+00 0.000e+00 0.000e+00 0.000e+00 0.000e+00
1.122e-03 0.000e+00 0.000e+00 0.000e+00 0.000e+00 0.000e+00
1.259e-03 0.000e+00 0.000e+00 0.000e+00 0.000e+00 0.000e+00
1.413e-03 0.000e+00 0.000e+00 0.000e+00 0.000e+00 0.000e+00
1.585e-03 0.000e+00 0.000e+00 0.000e+00 0.000e+00 0.000e+00
1.778e-03 0.000e+00 0.000e+00 0.000e+00 0.000e+00 0.000e+00
1.995e-03 0.000e+00 0.000e+00 0.000e+00 0.000e+00 0.000e+00
2.239e-03 0.000e+00 0.000e+00 0.000e+00 0.000e+00 0.000e+00
2.512e-03 0.000e+00 0.000e+00 0.000e+00 0.000e+00 0.000e+00
2.818e-03 0.000e+00 0.000e+00 0.000e+00 0.000e+00 0.000e+00
3.162e-03 0.000e+00 0.000e+00 0.000e+00 0.000e+00 0.000e+00
3.548e-03 0.000e+00 0.000e+00 0.000e+00 0.000e+00 0.000e+00
3.981e-03 0.000e+00 0.000e+00 0.000e+00 0.000e+00 0.000e+00
4.467e-03 0.000e+00 0.000e+00 0.000e+00 0.000e+00 0.000e+00
5.012e-03 0.000e+00 0.000e+00 0.000e+00 0.000e+00 0.000e+00
5.623e-03 0.000e+00 0.000e+00 0.000e+00 0.000e+00 0.000e+00
6.310e-03 0.000e+00 0.000e+00 0.000e+00 0.000e+00 0.000e+00
7.079e-03 0.000e+00 0.000e+00 0.000e+00 0.000e+00 0.000e+00
7.943e-03 0.000e+00 0.000e+00 0.000e+00 0.000e+00 0.000e+00
8.913e-03 0.000e+00 0.000e+00 0.000e+00 0.000e+00 0.000e+00
1.000e-02 0.000e+00 0.000e+00 0.000e+00 0.000e+00 0.000e+00
1.122e-02 0.000e+00 0.000e+00 0.000e+00 0.000e+00 0.000e+00
1.259e-02 0.000e+00 0.000e+00 0.000e+00 0.000e+00 0.000e+00
1.413e-02 0.000e+00 0.000e+00 0.000e+00 0.000e+00 0.000e+00
1.585e-02 0.000e+00 0.000e+00 0.000e+00 0.000e+00 0.000e+00
1.778e-02 0.000e+00 0.000e+00 0.000e+00 0.000e+00 0.000e+00
1.995e-02 0.000e+00 0.000e+00 0.000e+00 0.000e+00 0.000e+00
2.239e-02 0.000e+00 0.000e+00 0.000e+00 0.000e+00 0.000e+00
2.512e-02 0.000e+00 0.000e+00 0.000e+00 0.000e+00 0.000e+00
2.818e-02 0.000e+00 0.000e+00 0.000e+00 0.000e+00 0.000e+00
3.162e-02 0.000e+00 0.000e+00 0.000e+00 0.000e+00 0.000e+00
3.548e-02 0.000e+00 0.000e+00 0.000e+00 0.000e+00 0.000e+00
3.981e-02 0.000e+00 0.000e+00 0.000e+00 0.000e+00 0.000e+00
4.467e-02 0.000e+00 0.000e+00 0.000e+00 0.000e+00 0.000e+00
5.012e-02 0.000e+00 0.000e+00 0.000e+00 0.000e+00 0.000e+00
5.623e-02 0.000e+00 0.000e+00 0.000e+00 0.000e+00 0.000e+00
6.310e-02 0.000e+00 0.000e+00 0.000e+00 0.000e+00 0.000e+00
7.079e-02 0.000e+00 0.000e+00 0.000e+00 0.000e+00 0.000e+00
7.943e-02 0.000e+00 0.000e+00 0.000e+00 0.000e+00 0.000e+00
8.913e-02 0.000e+00 0.000e+00 0.000e+00 0.000e+00 0.000e+00
1.000e-01 0.000e+00 0.000e+00 0.000e+00 0.000e+00 0.000e+00
1.122e-01 0.000e+00 0.000e+00 0.000e+00 0.000e+00 0.000e+00
1.259e-01 0.000e+00 0.000e+00 0.000e+00 0.000e+00 0.000e+00
1.413e-01 0.000e+00 0.000e+00 0.000e+00 0.000e+00 0.000e+00
1.585e-01 0.000e+00 0.000e+00 0.000e+00 0.000e+00 0.000e+00
1.778e-01 0.000e+00 0.000e+00 0.000e+00 0.000e+00 0.000e+00
1.995e-01 0.000e+00 0.000e+00 0.000e+00 0.000e+00 0.000e+00
2.239e-01 0.000e+00 0.000e+00 0.000e+00 0.000e+00 0.000e+00
2.512e-01 0.000e+00 0.000e+00 0.000e+00 0.000e+00 0.000e+00
2.818e-01 0.000e+00 0.000e+00 0.000e+00 0.000e+00 0.000e+00
3.162e-01 0.000e+00 0.000e+00 0.000e+00 0.000e+00 0.000e+00
3.548e-01 0.000e+00 0.000e+00 0.000e+00 0.000e+00 0.000e+00
3.981e-01 0.000e+00 0.000e+00 0.000e+00 0.000e+00 0.000e+00
4.467e-01 0.000e+00 0.000e+00 0.000e+00 0.000e+00 0.000e+00
5.012e-01 0.000e+00 0.000e+00 0.000e+00 0.000e+00 0.000e+00
5.623e-01 0.000e+00 0.000e+00 0.000e+00 0.000e+00 0.000e+00
6.310e-01 0.000e+00 0.000e+00 0.000e+00 0.000e+00 0.000e+00
7.079e-01 0.000e+00 0.000e+00 0.000e+00 0.000e+00 0.000e+00
7.943e-01 0.000e+00 0.000e+00 0.000e+00 0.000e+00 0.000e+00
8.913e-01 0.000e+00 0.000e+00 0.000e+00 0.000e+00 0.000e+00
1.000e+00 0.000e+00 0.000e+00 0.000e+00 0.000e+00 0.000e+00
1.122e+00 0.000e+00 0.000e+00 0.000e+00 0.000e+00 0.000e+00
1.259e+00 0.000e+00 0.000e+00 0.000e+00 0.000e+00 0.000e+00
1.413e+00 0.000e+00 0.000e+00 0.000e+00 0.000e+00 0.000e+00
1.585e+00 0.000e+00 0.000e+00 0.000e+00 0.000e+00 0.000e+00
1.778e+00 0.000e+00 0.000e+00 0.000e+00 0.000e+00 0.000e+00
1.995e+00 0.000e+00 0.000e+00 0.000e+00 0.000e+00 0.000e+00
2.239e+00 0.000e+00 0.000e+00 0.000e+00 0.000e+00 0.000e+00
2.512e+00 0.000e+00 0.000e+00 0.000e+00 0.000e+00 0.000e+00
2.818e+00 0.000e+00 0.000e+00 0.000e+00 0.000e+00 0.000e+00
3.162e+00 0.000e+00 0.000e+00 0.000e+00 0.000e+00 0.000e+00
3.548e+00 0.000e+00 0.000e+00 0.000e+00 0.000e+00 0.000e+00
3.981e+00 0.000e+00 0.000e+00 0.000e+00 0.000e+00 0.000e+00
4.467e+00 0.000e+00 0.000e+00 0.000e+00 0.000e+00 0.000e+00
5.012e+00 0.000e+00 0.000e+00 0.000e+00 0.000e+00 0.000e+00
5.623e+00 0.000e+00 0.000e+00 0.000e+00 0.000e+00 0.000e+00
6.310e+00 0.000e+00 0.000e+00 0.000e+00 0.000e+00 0.000e+00
7.079e+00 0.000e+00 0.000e+00 0.000e+00 0.000e+00 0.000e+00
7.943e+00 0.000e+00 0.000e+00 0.000e+00 0.000e+00 0.000e+00
8.913e+00 0.000e+00 0.000e+00 0.000e+00 0.000e+00 0.000e+00
1.000e+01 0.000e+00 0.000e+00 0.000e+00 0.000e+00 0.000e+00
1.122e+01 0.000e+00 0.000e+00 0.000e+00 0.000e+00 0.000e+00
1.259e+01 0.000e+00 0.000e+00 0.000e+00 0.000e+00 0.000e+00
1.413e+01 0.000e+00 0.000e+00 0.000e+00 0.000e+00 0.000e+00
1.585e+01 0.000e+00 0.000e+00 0.000e+00 0.000e+00 0.000e+00
1.778e+01 0.000e+00 0.000e+00 0.000e+00 0.000e+00 0.000e+00
1.995e+01 0.000e+00 0.000e+00 0.000e+00 0.000e+00 0.000e+00
2.239e+01 0.000e+00 0.000e+00 0.000e+00 0.000e+00 0.000e+00
2.512e+01 0.000e+00 0.000e+00 0.000e+00 0.000e+00 0.000e+00
2.818e+01 0.000e+00 0.000e+00 0.000e+00 0.000e+00 0.000e+00
3.162e+01 0.000e+00 0.000e+00 0.000e+00 0.000e+00 0.000e+00
3.548e+01 0.000e+00 0.000e+00 0.000e+00 0.000e+00 0.000e+00
3.981e+01 0.000e+00 0.000e+00 0.000e+00 0.000e+00 0.000e+00
4.467e+01 0.000e+00 0.000e+00 0.000e+00 0.000e+00 0.000e+00
5.012e+01 0.000e+00 0.000e+00 0.000e+00 0.000e+00 0.000e+00
5.623e+01 0.000e+00 0.000e+00 0.000e+00 0.000e+00 0.000e+00
6.310e+01 0.000e+00 0.000e+00 0.000e+00 0.000e+00 0.000e+00
7.079e+01 0.000e+00 0.000e+00 0.000e+00 0.000e+00 0.000e+00
7.943e+01 0.000e+00 0.000e+00 0.000e+00 0.000e+00 0.000e+00
8.913e+01 0.000e+00 0.000e+00 0.000e+00 0.000e+00 0.000e+00
1.000e+02 0.000e+00 0.000e+00 0.000e+00 0.000e+00 0.000e+00
1.122e+02 0.000e+00 0.000e+00 0.000e+00 0.000e+00 0.000e+00
1.259e+02 0.000e+00 0.000e+00 0.000e+00 0.000e+00 0.000e+00
1.413e+02 0.000e+00 0.000e+00 0.000e+00 0.000e+00 0.000e+00
1.585e+02 0.000e+00 0.000e+00 0.000e+00 0.000e+00 0.000e+00
1.778e+02 0.000e+00 0.000e+00 0.000e+00 0.000e+00 0.000e+00
1.995e+02 0.000e+00 0.000e+00 0.000e+00 0.000e+00 0.000e+00
2.239e+02 0.000e+00 0.000e+00 0.000e+00 0.000e+00 0.000e+00
2.512e+02 0.000e+00 0.000e+00 0.000e+00 0.000e+00 0.000e+00
2.818e+02 0.000e+00 0.000e+00 0.000e+00 0.000e+00 0.000e+00
3.162e+02 0.000e+00 0.000e+00 0.000e+00 0.000e+00 0.000e+00
3.548e+02 0.000e+00 0.000e+00 0.000e+00 0.000e+00 0.000e+00
3.981e+02 0.000e+00 0.000e+00 0.000e+00 0.000e+00 0.000e+00
4.467e+02 0.000e+00 0.000e+00 0.000e+00 0.000e+00 0.000e+00
5.012e+02 0.000e+00 0.000e+00 0.000e+00 0.000e+00 0.000e+00
5.623e+02 0.000e+00 0.000e+00 0.000e+00 0.000e+00 0.000e+00
6.310e+02 0.000e+00 0.000e+00 0.000e+00 0.000e+00 0.000e+00
7.079e+02 0.000e+00 0.000e+00 0.000e+00 0.000e+00 0.000e+00
7.943e+02 0.000e+00 0.000e+00 0.000e+00 0.000e+00 0.000e+00
8.913e+02 0.000e+00 0.000e+00 0.000e+00 0.000e+00 0.000e+00
1.000e+03 0.000e+00 0.000e+00 0.000e+00 0.000e+00 0.000e+00
1.122e+03 0.000e+00 0.000e+00 0.000e+00 0.000e+00 0.000e+00
1.259e+03 0.000e+00 0.000e+00 0.000e+00 0.000e+00 0.000e+00
1.413e+03 0.000e+00 0.000e+00 0.000e+00 0.000e+00 0.000e+00
1.585e+03 0.000e+00 0.000e+00 0.000e+00 0.000e+00 0.000e+00
1.778e+03 0.000e+00 0.000e+00 0.000e+00 0.000e+00 0.000e+00
1.995e+03 0.000e+00 0.000e+00 0.000e+00 0.000e+00 0.000e+00
2.239e+03 0.000e+00 0.000e+00 0.000e+00 0.000e+00 0.000e+00
2.512e+03 0.000e+00 0.000e+00 0.000e+00 0.000e+00 0.000e+00
2.818e+03 0.000e+00 0.000e+00 0.000e+00 0.000e+00 0.000e+00
3.162e+03 0.000e+00 0.000e+00 0.000e+00 0.000e+00 0.000e+00
3.548e+03 0.000e+00 0.000e+00 0.000e+00 0.000e+00 0.000e+00
3.981e+03 0.000e+00 0.000e+00 0.000e+00 0.000e+00 0.000e+00
4.467e+03 0.000e+00 0.000e+00 0.000e+00 0.000e+00 0.000e+00
5.012e+03 0.000e+00 0.000e+00 0.000e+00 0.000e+00 0.000e+00
5.623e+03 0.000e+00 0.000e+00 0.000e+00 0.000e+00 0.000e+00
6.310e+03 0.000e+00 0.000e+00 0.000e+00 0.000e+00 0.000e+00
7.079e+03 0.000e+00 0.000e+00 0.000e+00 0.000e+00 0.000e+00
7.943e+03 0.000e+00 0.000e+00 0.000e+00 0.000e+00 0.000e+00
8.913e+03 0.000e+00 0.000e+00 0.000e+00 0.000e+00 0.000e+00
1.000e+04 0.000e+00 0.000e+00 0.000e+00 0.000e+00 0.000e+00
1.122e+04 0.000e+00 0.000e+00 0.000e+00 0.000e+00 0.000e+00
1.259e+04 0.000e+00 0.000e+00 0.000e+00 0.000e+00 0.000e+00
1.413e+04 0.000e+00 0.000e+00 0.000e+00 0.000e+00 0.000e+00
1.585e+04 0.000e+00 0.000e+00 0.000e+00 0.000e+00 0.000e+00
1.778e+04 0.000e+00 0.000e+00 0.000e+00 0.000e+00 0.000e+00
1.995e+04 0.000e+00 0.000e+00 0.000e+00 0.000e+00 0.000e+00
2.239e+04 0.000e+00 0.000e+00 0.000e+00 0.000e+00 0.000e+00
2.512e+04 0.000e+00 0.000e+00 0.000e+00 0.000e+00 0.000e+00
2.818e+04 0.000e+00 0.000e+00 0.000e+00 0.000e+00 0.000e+00
3.162e+04 0.000e+00 0.000e+00 0.000e+00 0.000e+00 0.000e+00
3.548e+04 0.000e+00 0.000e+00 0.000e+00 0.000e+00 0.000e+00
3.981e+04 0.000e+00 0.000e+00 0.000e+00 0.000e+00 0.000e+00
4.467e+04 0.000e+00 0.000e+00 0.000e+00 0.000e+00 0.000e+00
5.012e+04 0.000e+00 0.000e+00 0.000e+00 0.000e+00 0.000e+00
5.623e+04 0.000e+00 0.000e+00 0.000e+00 0.000e+00 0.000e+00
6.310e+04 0.000e+00 0.000e+00 0.000e+00 0.000e+00 0.000e+00
7.079e+04 0.000e+00 0.000e+00 0.000e+00 0.000e+00 0.000e+00
7.943e+04 0.000e+00 0.000e+00 0.000e+00 0.000e+00 0.000e+00
8.913e+04 0.000e+00 0.000e+00 0.000e+00 0.000e+00 0.000e+00
1.000e+05 0.000e+00 0.000e+00 0.000e+00 0.000e+00 0.000e+00
1.122e+05 0.000e+00 0.000e+00 0.000e+00 0.000e+00 0.000e+00
1.259e+05 0.000e+00 0.000e+00 0.000e+00 0.000e+00 0.000e+00
1.413e+05 0.000e+00 0.000e+00 0.000e+00 0.000e+00 0.000e+00
1.585e+05 0.000e+00 0.000e+00 0.000e+00 0.000e+00 0.000e+00
1.778e+05 0.000e+00 0.000e+00 0.000e+00 0.000e+00 0.000e+00
1.995e+05 0.000e+00 0.000e+00 0.000e+00 0.000e+00 0.000e+00
2.239e+05 0.000e+00 0.000e+00 0.000e+00 0.000e+00 0.000e+00
2.512e+05 0.000e+00 0.000e+00 0.000e+00 0.000e+00 0.000e+00
2.818e+05 0.000e+00 0.000e+00 0.000e+00 0.000e+00 0.000e+00
3.162e+05 0.000e+00 0.000e+00 0.000e+00 0.000e+00 0.000e+00
3.548e+05 0.000e+00 0.000e+00 0.000e+00 0.000e+00 0.000e+00
3.981e+05 0.000e+00 0.000e+00 0.000e+00 0.000e+00 0.000e+00
4.467e+05 0.000e+00 0.000e+00 0.000e+00 0.000e+00 0.000e+00
5.012e+05 0.000e+00 0.000e+00 0.000e+00 0.000e+00 0.000e+00
5.623e+05 0.000e+00 0.000e+00 0.000e+00 0.000e+00 0.000e+00
6.310e+05 0.000e+00 0.000e+00 0.000e+00 0.000e+00 0.000e+00
7.079e+05 0.000e+00 0.000e+00 0.000e+00 0.000e+00 0.000e+00
7.943e+05 0.000e+00 0.000e+00 0.000e+00 0.000e+00 0.000e+00
8.913e+05 0.000e+00 0.000e+00 0.000e+00 0.000e+00 0.000e+00
1.000e+06 0.000e+00 0.000e+00 0.000e+00 0.000e+00 0.000e+00
1.122e+06 0.000e+00 0.000e+00 0.000e+00 0.000e+00 0.000e+00
1.259e+06 0.000e+00 0.000e+00 0.000e+00 0.000e+00 0.000e+00
1.413e+06 0.000e+00 0.000e+00 0.000e+00 0.000e+00 0.000e+00
1.585e+06 0.000e+00 0.000e+00 0.000e+00 0.000e+00 0.000e+00
1.778e+06 0.000e+00 0.000e+00 0.000e+00 0.000e+00 0.000e+00
1.995e+06 0.000e+00 0.000e+00 0.000e+00 0.000e+00 0.000e+00
2.239e+06 0.000e+00 0.000e+00 0.000e+00 0.000e+00 0.000e+00
2.512e+06 0.000e+00 0.000e+00 0.000e+00 0.000e+00 0.000e+00
2.818e+06 0.000e+00 0.000e+00 0.000e+00 0.000e+00 0.000e+00
3.162e+06 0.000e+00 0.000e+00 0.000e+00 0.000e+00 0.000e+00
3.548e+06 0.000e+00 0.000e+00 0.000e+00 0.000e+00 0.000e+00
3.981e+06 0.000e+00 0.000e+00 0.000e+00 0.000e+00 0.000e+00
4.467e+06 0.000e+00 0.000e+00 0.000e+00 0.000e+00 0.000e+00
5.012e+06 0.000e+00 0.000e+00 0.000e+00 0.000e+00 0.000e+00
5.623e+06 0.000e+00 0.000e+00 0.000e+00 0.000e+00 0.000e+00
6.310e+06 0.000e+00 0.000e+00 0.000e+00 0.000e+00 0.000e+00
7.079e+06 0.000e+00 0.000e+00 0.000e+00 0.000e+00 0.000e+00
7.943e+06 0.000e+00 0.000e+00 0.000e+00 0.000e+00 0.000e+00
8.913e+06 0.000e+00 0.000e+00 0.000e+00 0.000e+00 0.000e+00
1.000e+07 0.000e+00 0.000e+00 0.000e+00 0.000e+00 0.000e+00
1.122e+07 0.000e+00 0.000e+00 0.000e+00 0.000e+00 0.000e+00
1.259e+07 0.000e+00 0.000e+00 0.000e+00 0.000e+00 0.000e+00
1.413e+07 0.000e+00 0.000e+00 0.000e+00 0.000e+00 0.000e+00
1.585e+07 0.000e+00 0.000e+00 0.000e+00 0.000e+00 0.000e+00
1.778e+07 0.000e+00 0.000e+00 0.000e+00 0.000e+00 0.000e+00
1.995e+07 0.000e+00 0.000e+00 0.000e+00 0.000e+00 0.000e+00
2.239e+07 0.000e+00 0.000e+00 0.000e+00 0.000e+00 0.000e+00
2.512e+07 0.000e+00 0.000e+00 0.000e+00 0.000e+00 0.000e+00
2.818e+07 0.000e+00 0.000e+00 0.000e+00 0.000e+00 0.000e+00
3.162e+07 0.000e+00 0.000e+00 0.000e+00 0.000e+00 0.000e+00
3.548e+07 0.000e+00 0.000e+00 0.000e+00 0.000e+00 0.000e+00
3.981e+07 0.000e+00 0.000e+00 0.000e+00 0.000e+00 0.000e+00
4.467e+07 0.000e+00 0.000e+00 0.000e+00 0.000e+00 0.000e+00
5.012e+07 0.000e+00 0.000e+00 0.000e+00 0.000e+00 0.000e+00
5.623e+07 0.000e+00 0.000e+00 0.000e+00 0.000e+00 0.000e+00
6.310e+07 0.000e+00 0.000e+00 0.000e+00 0.000e+00 0.000e+00
7.079e+07 0.000e+00 0.000e+00 0.000e+00 0.000e+00 0.000e+00
7.943e+07 0.000e+00 0.000e+00 0.000e+00 0.000e+00 0.000e+00
8.913e+07 0.000e+00 0.000e+00 0.000e+00 0.000e+00 0.000e+00
1.000e+08 0.000e+00 0.000e+00 0.000e+00 0.000e+00 0.000e+00
