1.000e-20 7.467e+20 1.196e-19 1.198e-76 7.884e-65 9.907e-64
1.122e-20 5.943e+20 1.199e-19 1.201e-76 7.899e-65 9.926e-64
1.259e-20 4.911e+20 1.247e-19 1.249e-76 8.217e-65 1.033e-63
1.413e-20 4.206e+20 1.345e-19 1.347e-76 8.861e-65 1.113e-63
1.585e-20 3.712e+20 1.494e-19 1.496e-76 9.843e-65 1.237e-63
1.778e-20 3.345e+20 1.695e-19 1.698e-76 1.117e-64 1.404e-63
1.995e-20 3.056e+20 1.949e-19 1.952e-76 1.284e-64 1.614e-63
2.239e-20 2.812e+20 2.258e-19 2.262e-76 1.488e-64 1.870e-63
2.512e-20 2.598e+20 2.626e-19 2.630e-76 1.730e-64 2.175e-63
2.818e-20 2.403e+20 3.059e-19 3.064e-76 2.016e-64 2.533e-63
3.162e-20 2.225e+20 3.565e-19 3.571e-76 2.349e-64 2.952e-63
3.548e-20 2.061e+20 4.156e-19 4.163e-76 2.739e-64 3.442e-63
3.981e-20 1.908e+20 4.846e-19 4.854e-76 3.193e-64 4.013e-63
4.467e-20 1.767e+20 5.650e-19 5.660e-76 3.723e-64 4.679e-63
5.012e-20 1.637e+20 6.587e-19 6.599e-76 4.341e-64 5.455e-63
5.623e-20 1.516e+20 7.680e-19 7.693e-76 5.061e-64 6.360e-63
6.310e-20 1.404e+20 8.955e-19 8.970e-76 5.901e-64 7.415e-63
7.079e-20 1.300e+20 1.044e-18 1.046e-75 6.880e-64 8.646e-63
7.943e-20 1.204e+20 1.217e-18 1.219e-75 8.021e-64 1.008e-62
8.913e-20 1.115e+20 1.419e-18 1.422e-75 9.352e-64 1.175e-62
1.000e-19 1.033e+20 1.655e-18 1.658e-75 1.090e-63 1.370e-62
1.122e-19 9.565e+19 1.929e-18 1.933e-75 1.271e-63 1.598e-62
1.259e-19 8.859e+19 2.249e-18 2.253e-75 1.482e-63 1.863e-62
1.413e-19 8.204e+19 2.623e-18 2.627e-75 1.728e-63 2.172e-62
1.585e-19 7.598e+19 3.058e-18 3.063e-75 2.015e-63 2.532e-62
1.778e-19 7.037e+19 3.565e-18 3.571e-75 2.349e-63 2.952e-62
1.995e-19 6.517e+19 4.157e-18 4.164e-75 2.739e-63 3.442e-62
2.239e-19 6.035e+19 4.846e-18 4.855e-75 3.194e-63 4.013e-62
2.512e-19 5.590e+19 5.651e-18 5.660e-75 3.723e-63 4.679e-62
2.818e-19 5.177e+19 6.588e-18 6.599e-75 4.341e-63 5.455e-62
3.162e-19 4.794e+19 7.681e-18 7.694e-75 5.062e-63 6.361e-62
3.548e-19 4.440e+19 8.956e-18 8.971e-75 5.901e-63 7.416e-62
3.981e-19 4.112e+19 1.044e-17 1.046e-74 6.881e-63 8.646e-62
4.467e-19 3.808e+19 1.217e-17 1.219e-74 8.022e-63 1.008e-61
5.012e-19 3.527e+19 1.419e-17 1.422e-74 9.353e-63 1.175e-61
5.623e-19 3.266e+19 1.655e-17 1.658e-74 1.091e-62 1.370e-61
6.310e-19 3.025e+19 1.930e-17 1.933e-74 1.271e-62 1.598e-61
7.079e-19 2.802e+19 2.250e-17 2.253e-74 1.482e-62 1.863e-61
7.943e-19 2.595e+19 2.623e-17 2.627e-74 1.728e-62 2.172e-61
8.913e-19 2.403e+19 3.058e-17 3.063e-74 2.015e-62 2.532e-61
1.000e-18 2.225e+19 3.566e-17 3.572e-74 2.350e-62 2.953e-61
1.122e-18 2.061e+19 4.157e-17 4.164e-74 2.739e-62 3.442e-61
1.259e-18 1.909e+19 4.847e-17 4.855e-74 3.194e-62 4.014e-61
1.413e-18 1.768e+19 5.651e-17 5.661e-74 3.724e-62 4.680e-61
1.585e-18 1.637e+19 6.589e-17 6.600e-74 4.342e-62 5.456e-61
1.778e-18 1.516e+19 7.682e-17 7.695e-74 5.062e-62 6.361e-61
1.995e-18 1.404e+19 8.957e-17 8.972e-74 5.902e-62 7.417e-61
2.239e-18 1.301e+19 1.044e-16 1.046e-73 6.881e-62 8.647e-61
2.512e-18 1.204e+19 1.218e-16 1.220e-73 8.023e-62 1.008e-60
2.818e-18 1.115e+19 1.420e-16 1.422e-73 9.355e-62 1.176e-60
3.162e-18 1.033e+19 1.655e-16 1.658e-73 1.091e-61 1.371e-60
3.548e-18 9.567e+18 1.930e-16 1.933e-73 1.272e-61 1.598e-60
3.981e-18 8.861e+18 2.250e-16 2.254e-73 1.483e-61 1.863e-60
4.467e-18 8.206e+18 2.623e-16 2.628e-73 1.729e-61 2.172e-60
5.012e-18 7.600e+18 3.059e-16 3.064e-73 2.015e-61 2.533e-60
5.623e-18 7.039e+18 3.566e-16 3.572e-73 2.350e-61 2.953e-60
6.310e-18 6.519e+18 4.158e-16 4.165e-73 2.740e-61 3.443e-60
7.079e-18 6.037e+18 4.848e-16 4.856e-73 3.194e-61 4.014e-60
7.943e-18 5.591e+18 5.652e-16 5.662e-73 3.724e-61 4.680e-60
8.913e-18 5.178e+18 6.590e-16 6.601e-73 4.342e-61 5.457e-60
1.000e-17 4.796e+18 7.683e-16 7.696e-73 5.063e-61 6.362e-60
1.122e-17 4.441e+18 8.958e-16 8.974e-73 5.903e-61 7.418e-60
1.259e-17 4.113e+18 1.044e-15 1.046e-72 6.883e-61 8.649e-60
1.413e-17 3.809e+18 1.218e-15 1.220e-72 8.025e-61 1.008e-59
1.585e-17 3.528e+18 1.420e-15 1.422e-72 9.356e-61 1.176e-59
1.778e-17 3.267e+18 1.655e-15 1.658e-72 1.091e-60 1.371e-59
1.995e-17 3.026e+18 1.930e-15 1.933e-72 1.272e-60 1.598e-59
2.239e-17 2.803e+18 2.250e-15 2.254e-72 1.483e-60 1.863e-59
2.512e-17 2.596e+18 2.624e-15 2.628e-72 1.729e-60 2.173e-59
2.818e-17 2.404e+18 3.059e-15 3.064e-72 2.016e-60 2.533e-59
3.162e-17 2.226e+18 3.567e-15 3.573e-72 2.350e-60 2.954e-59
3.548e-17 2.062e+18 4.159e-15 4.166e-72 2.740e-60 3.444e-59
3.981e-17 1.909e+18 4.849e-15 4.857e-72 3.195e-60 4.015e-59
4.467e-17 1.768e+18 5.653e-15 5.663e-72 3.725e-60 4.681e-59
5.012e-17 1.638e+18 6.591e-15 6.603e-72 4.343e-60 5.458e-59
5.623e-17 1.517e+18 7.685e-15 7.698e-72 5.064e-60 6.364e-59
6.310e-17 1.405e+18 8.960e-15 8.976e-72 5.904e-60 7.420e-59
7.079e-17 1.301e+18 1.045e-14 1.046e-71 6.884e-60 8.651e-59
7.943e-17 1.205e+18 1.218e-14 1.220e-71 8.027e-60 1.009e-58
8.913e-17 1.116e+18 1.420e-14 1.423e-71 9.358e-60 1.176e-58
1.000e-16 1.034e+18 1.656e-14 1.659e-71 1.091e-59 1.371e-58
1.122e-16 9.572e+17 1.931e-14 1.934e-71 1.272e-59 1.599e-58
1.259e-16 8.865e+17 2.251e-14 2.255e-71 1.483e-59 1.864e-58
1.413e-16 8.210e+17 2.624e-14 2.629e-71 1.729e-59 2.173e-58
1.585e-16 7.603e+17 3.060e-14 3.065e-71 2.016e-59 2.534e-58
1.778e-16 7.042e+17 3.568e-14 3.574e-71 2.351e-59 2.954e-58
1.995e-16 6.522e+17 4.160e-14 4.167e-71 2.741e-59 3.445e-58
2.239e-16 6.040e+17 4.850e-14 4.858e-71 3.196e-59 4.016e-58
2.512e-16 5.594e+17 5.655e-14 5.664e-71 3.726e-59 4.683e-58
2.818e-16 5.181e+17 6.593e-14 6.604e-71 4.345e-59 5.460e-58
3.162e-16 4.798e+17 7.687e-14 7.700e-71 5.066e-59 6.366e-58
3.548e-16 4.444e+17 8.963e-14 8.978e-71 5.906e-59 7.422e-58
3.981e-16 4.115e+17 1.045e-13 1.047e-70 6.886e-59 8.654e-58
4.467e-16 3.811e+17 1.218e-13 1.221e-70 8.029e-59 1.009e-57
5.012e-16 3.530e+17 1.421e-13 1.423e-70 9.361e-59 1.176e-57
5.623e-16 3.269e+17 1.656e-13 1.659e-70 1.091e-58 1.372e-57
6.310e-16 3.028e+17 1.931e-13 1.935e-70 1.273e-58 1.599e-57
7.079e-16 2.804e+17 2.252e-13 2.256e-70 1.484e-58 1.865e-57
7.943e-16 2.597e+17 2.625e-13 2.630e-70 1.730e-58 2.174e-57
8.913e-16 2.405e+17 3.061e-13 3.066e-70 2.017e-58 2.535e-57
1.000e-15 2.228e+17 3.569e-13 3.575e-70 2.352e-58 2.955e-57
1.122e-15 2.063e+17 4.161e-13 4.168e-70 2.742e-58 3.446e-57
1.259e-15 1.911e+17 4.852e-13 4.860e-70 3.197e-58 4.018e-57
1.413e-15 1.770e+17 5.657e-13 5.666e-70 3.728e-58 4.684e-57
1.585e-15 1.639e+17 6.596e-13 6.607e-70 4.346e-58 5.462e-57
1.778e-15 1.518e+17 7.690e-13 7.703e-70 5.067e-58 6.368e-57
1.995e-15 1.406e+17 8.966e-13 8.982e-70 5.908e-58 7.425e-57
2.239e-15 1.302e+17 1.045e-12 1.047e-69 6.889e-58 8.657e-57
2.512e-15 1.206e+17 1.219e-12 1.221e-69 8.032e-58 1.009e-56
2.818e-15 1.117e+17 1.421e-12 1.424e-69 9.365e-58 1.177e-56
3.162e-15 1.034e+17 1.657e-12 1.660e-69 1.092e-57 1.372e-56
3.548e-15 9.578e+16 1.932e-12 1.935e-69 1.273e-57 1.600e-56
3.981e-15 8.871e+16 2.253e-12 2.256e-69 1.484e-57 1.865e-56
4.467e-15 8.216e+16 2.626e-12 2.631e-69 1.731e-57 2.175e-56
5.012e-15 7.609e+16 3.062e-12 3.067e-69 2.018e-57 2.536e-56
5.623e-15 7.047e+16 3.570e-12 3.577e-69 2.353e-57 2.957e-56
6.310e-15 6.527e+16 4.163e-12 4.170e-69 2.743e-57 3.447e-56
7.079e-15 6.045e+16 4.854e-12 4.862e-69 3.198e-57 4.019e-56
7.943e-15 5.598e+16 5.659e-12 5.669e-69 3.729e-57 4.686e-56
8.913e-15 5.185e+16 6.598e-12 6.610e-69 4.348e-57 5.464e-56
1.000e-14 4.802e+16 7.693e-12 7.707e-69 5.070e-57 6.371e-56
1.122e-14 4.447e+16 8.970e-12 8.985e-69 5.911e-57 7.428e-56
1.259e-14 4.119e+16 1.046e-11 1.048e-68 6.892e-57 8.661e-56
1.413e-14 3.815e+16 1.219e-11 1.222e-68 8.036e-57 1.010e-55
1.585e-14 3.533e+16 1.422e-11 1.424e-68 9.369e-57 1.177e-55
1.778e-14 3.272e+16 1.658e-11 1.661e-68 1.092e-56 1.373e-55
1.995e-14 3.030e+16 1.933e-11 1.936e-68 1.274e-56 1.601e-55
2.239e-14 2.807e+16 2.254e-11 2.257e-68 1.485e-56 1.866e-55
2.512e-14 2.599e+16 2.628e-11 2.632e-68 1.731e-56 2.176e-55
2.818e-14 2.407e+16 3.064e-11 3.069e-68 2.019e-56 2.537e-55
3.162e-14 2.229e+16 3.572e-11 3.578e-68 2.354e-56 2.958e-55
3.548e-14 2.065e+16 4.165e-11 4.172e-68 2.744e-56 3.449e-55
3.981e-14 1.912e+16 4.856e-11 4.864e-68 3.200e-56 4.021e-55
4.467e-14 1.771e+16 5.662e-11 5.671e-68 3.731e-56 4.688e-55
5.012e-14 1.640e+16 6.601e-11 6.612e-68 4.350e-56 5.466e-55
5.623e-14 1.519e+16 7.697e-11 7.710e-68 5.072e-56 6.373e-55
6.310e-14 1.407e+16 8.974e-11 8.989e-68 5.913e-56 7.431e-55
7.079e-14 1.303e+16 1.046e-10 1.048e-67 6.895e-56 8.664e-55
7.943e-14 1.207e+16 1.220e-10 1.222e-67 8.039e-56 1.010e-54
8.913e-14 1.118e+16 1.422e-10 1.425e-67 9.372e-56 1.178e-54
1.000e-13 1.035e+16 1.658e-10 1.661e-67 1.093e-55 1.373e-54
1.122e-13 9.586e+15 1.933e-10 1.937e-67 1.274e-55 1.601e-54
1.259e-13 8.878e+15 2.254e-10 2.258e-67 1.485e-55 1.867e-54
1.413e-13 8.222e+15 2.628e-10 2.633e-67 1.732e-55 2.176e-54
1.585e-13 7.614e+15 3.064e-10 3.070e-67 2.019e-55 2.538e-54
1.778e-13 7.052e+15 3.573e-10 3.579e-67 2.354e-55 2.959e-54
1.995e-13 6.531e+15 4.166e-10 4.173e-67 2.745e-55 3.449e-54
2.239e-13 6.048e+15 4.857e-10 4.865e-67 3.200e-55 4.022e-54
2.512e-13 5.601e+15 5.662e-10 5.672e-67 3.731e-55 4.689e-54
2.818e-13 5.187e+15 6.602e-10 6.613e-67 4.350e-55 5.467e-54
3.162e-13 4.804e+15 7.697e-10 7.710e-67 5.072e-55 6.373e-54
3.548e-13 4.449e+15 8.973e-10 8.989e-67 5.913e-55 7.430e-54
3.981e-13 4.120e+15 1.046e-09 1.048e-66 6.894e-55 8.663e-54
4.467e-13 3.815e+15 1.220e-09 1.222e-66 8.037e-55 1.010e-53
5.012e-13 3.533e+15 1.422e-09 1.424e-66 9.370e-55 1.177e-53
5.623e-13 3.272e+15 1.658e-09 1.661e-66 1.092e-54 1.373e-53
6.310e-13 3.030e+15 1.933e-09 1.936e-66 1.274e-54 1.600e-53
7.079e-13 2.806e+15 2.253e-09 2.257e-66 1.485e-54 1.866e-53
7.943e-13 2.598e+15 2.627e-09 2.631e-66 1.731e-54 2.175e-53
8.913e-13 2.406e+15 3.062e-09 3.067e-66 2.018e-54 2.536e-53
1.000e-12 2.228e+15 3.570e-09 3.576e-66 2.352e-54 2.956e-53
1.122e-12 2.063e+15 4.161e-09 4.168e-66 2.742e-54 3.446e-53
1.259e-12 1.910e+15 4.851e-09 4.859e-66 3.197e-54 4.017e-53
1.413e-12 1.769e+15 5.655e-09 5.665e-66 3.726e-54 4.683e-53
1.585e-12 1.638e+15 6.592e-09 6.603e-66 4.344e-54 5.459e-53
1.778e-12 1.517e+15 7.684e-09 7.697e-66 5.063e-54 6.363e-53
1.995e-12 1.404e+15 8.957e-09 8.972e-66 5.902e-54 7.417e-53
2.239e-12 1.300e+15 1.044e-08 1.046e-65 6.880e-54 8.645e-53
2.512e-12 1.204e+15 1.217e-08 1.219e-65 8.019e-54 1.008e-52
2.818e-12 1.115e+15 1.418e-08 1.421e-65 9.347e-54 1.175e-52
3.162e-12 1.032e+15 1.653e-08 1.656e-65 1.089e-53 1.369e-52
3.548e-12 9.553e+14 1.927e-08 1.930e-65 1.270e-53 1.596e-52
3.981e-12 8.844e+14 2.246e-08 2.250e-65 1.480e-53 1.860e-52
4.467e-12 8.187e+14 2.617e-08 2.622e-65 1.725e-53 2.167e-52
5.012e-12 7.579e+14 3.050e-08 3.055e-65 2.010e-53 2.526e-52
5.623e-12 7.016e+14 3.555e-08 3.561e-65 2.342e-53 2.944e-52
6.310e-12 6.495e+14 4.143e-08 4.150e-65 2.730e-53 3.430e-52
7.079e-12 6.012e+14 4.827e-08 4.836e-65 3.181e-53 3.997e-52
7.943e-12 5.565e+14 5.625e-08 5.635e-65 3.707e-53 4.658e-52
8.913e-12 5.151e+14 6.555e-08 6.566e-65 4.319e-53 5.428e-52
1.000e-11 4.767e+14 7.638e-08 7.651e-65 5.033e-53 6.325e-52
1.122e-11 4.412e+14 8.900e-08 8.915e-65 5.865e-53 7.370e-52
1.259e-11 4.084e+14 1.037e-07 1.039e-64 6.833e-53 8.587e-52
1.413e-11 3.780e+14 1.208e-07 1.210e-64 7.962e-53 1.001e-51
1.585e-11 3.498e+14 1.408e-07 1.410e-64 9.277e-53 1.166e-51
1.778e-11 3.237e+14 1.640e-07 1.643e-64 1.081e-52 1.358e-51
1.995e-11 2.996e+14 1.911e-07 1.914e-64 1.259e-52 1.582e-51
2.239e-11 2.773e+14 2.226e-07 2.230e-64 1.467e-52 1.844e-51
2.512e-11 2.566e+14 2.594e-07 2.598e-64 1.709e-52 2.148e-51
2.818e-11 2.375e+14 3.022e-07 3.027e-64 1.991e-52 2.502e-51
3.162e-11 2.197e+14 3.521e-07 3.527e-64 2.320e-52 2.915e-51
3.548e-11 2.033e+14 4.102e-07 4.108e-64 2.703e-52 3.396e-51
3.981e-11 1.882e+14 4.778e-07 4.786e-64 3.149e-52 3.957e-51
4.467e-11 1.741e+14 5.566e-07 5.576e-64 3.668e-52 4.609e-51
5.012e-11 1.611e+14 6.484e-07 6.495e-64 4.273e-52 5.369e-51
5.623e-11 1.491e+14 7.554e-07 7.566e-64 4.978e-52 6.255e-51
6.310e-11 1.380e+14 8.799e-07 8.814e-64 5.798e-52 7.286e-51
7.079e-11 1.276e+14 1.025e-06 1.027e-63 6.754e-52 8.488e-51
7.943e-11 1.181e+14 1.194e-06 1.196e-63 7.868e-52 9.887e-51
8.913e-11 1.093e+14 1.391e-06 1.393e-63 9.164e-52 1.152e-50
1.000e-10 1.011e+14 1.620e-06 1.623e-63 1.067e-51 1.341e-50
1.122e-10 9.355e+13 1.887e-06 1.890e-63 1.243e-51 1.562e-50
1.259e-10 8.655e+13 2.198e-06 2.201e-63 1.448e-51 1.820e-50
1.413e-10 8.007e+13 2.560e-06 2.564e-63 1.687e-51 2.120e-50
1.585e-10 7.408e+13 2.981e-06 2.986e-63 1.965e-51 2.469e-50
1.778e-10 6.854e+13 3.472e-06 3.478e-63 2.288e-51 2.875e-50
1.995e-10 6.340e+13 4.044e-06 4.051e-63 2.665e-51 3.349e-50
2.239e-10 5.865e+13 4.710e-06 4.718e-63 3.104e-51 3.900e-50
2.512e-10 5.426e+13 5.485e-06 5.495e-63 3.615e-51 4.542e-50
2.818e-10 5.019e+13 6.388e-06 6.399e-63 4.209e-51 5.290e-50
3.162e-10 4.643e+13 7.439e-06 7.452e-63 4.902e-51 6.160e-50
3.548e-10 4.295e+13 8.663e-06 8.678e-63 5.709e-51 7.174e-50
3.981e-10 3.973e+13 1.009e-05 1.011e-62 6.648e-51 8.354e-50
4.467e-10 3.675e+13 1.175e-05 1.177e-62 7.741e-51 9.728e-50
5.012e-10 3.399e+13 1.368e-05 1.370e-62 9.014e-51 1.133e-49
5.623e-10 3.144e+13 1.593e-05 1.595e-62 1.050e-50 1.319e-49
6.310e-10 2.908e+13 1.855e-05 1.858e-62 1.222e-50 1.536e-49
7.079e-10 2.689e+13 2.159e-05 2.163e-62 1.423e-50 1.788e-49
7.943e-10 2.487e+13 2.514e-05 2.518e-62 1.657e-50 2.082e-49
8.913e-10 2.300e+13 2.927e-05 2.932e-62 1.929e-50 2.424e-49
1.000e-09 2.127e+13 3.408e-05 3.414e-62 2.246e-50 2.822e-49
1.122e-09 1.967e+13 3.968e-05 3.974e-62 2.615e-50 3.285e-49
1.259e-09 1.819e+13 4.619e-05 4.627e-62 3.044e-50 3.825e-49
1.413e-09 1.682e+13 5.377e-05 5.386e-62 3.543e-50 4.453e-49
1.585e-09 1.555e+13 6.260e-05 6.270e-62 4.125e-50 5.183e-49
1.778e-09 1.438e+13 7.287e-05 7.299e-62 4.802e-50 6.034e-49
1.995e-09 1.330e+13 8.482e-05 8.496e-62 5.589e-50 7.023e-49
2.239e-09 1.229e+13 9.873e-05 9.889e-62 6.506e-50 8.175e-49
2.512e-09 1.137e+13 1.149e-04 1.151e-61 7.572e-50 9.516e-49
2.818e-09 1.051e+13 1.337e-04 1.340e-61 8.813e-50 1.108e-48
3.162e-09 9.716e+12 1.557e-04 1.559e-61 1.026e-49 1.289e-48
3.548e-09 8.982e+12 1.812e-04 1.815e-61 1.194e-49 1.500e-48
3.981e-09 8.303e+12 2.108e-04 2.112e-61 1.389e-49 1.746e-48
4.467e-09 7.675e+12 2.454e-04 2.458e-61 1.617e-49 2.032e-48
5.012e-09 7.094e+12 2.855e-04 2.860e-61 1.881e-49 2.364e-48
5.623e-09 6.557e+12 3.322e-04 3.328e-61 2.189e-49 2.751e-48
6.310e-09 6.061e+12 3.866e-04 3.872e-61 2.547e-49 3.201e-48
7.079e-09 5.602e+12 4.498e-04 4.506e-61 2.964e-49 3.725e-48
7.943e-09 5.177e+12 5.233e-04 5.242e-61 3.449e-49 4.334e-48
8.913e-09 4.784e+12 6.089e-04 6.099e-61 4.012e-49 5.042e-48
1.000e-08 4.421e+12 7.083e-04 7.095e-61 4.668e-49 5.866e-48
1.122e-08 4.085e+12 8.240e-04 8.254e-61 5.430e-49 6.824e-48
1.259e-08 3.775e+12 9.586e-04 9.602e-61 6.317e-49 7.938e-48
1.413e-08 3.488e+12 1.115e-03 1.117e-60 7.348e-49 9.233e-48
1.585e-08 3.223e+12 1.297e-03 1.299e-60 8.546e-49 1.074e-47
1.778e-08 2.977e+12 1.509e-03 1.511e-60 9.940e-49 1.249e-47
1.995e-08 2.751e+12 1.754e-03 1.757e-60 1.156e-48 1.453e-47
2.239e-08 2.541e+12 2.040e-03 2.044e-60 1.345e-48 1.690e-47
2.512e-08 2.347e+12 2.373e-03 2.377e-60 1.564e-48 1.965e-47
2.818e-08 2.168e+12 2.759e-03 2.764e-60 1.818e-48 2.285e-47
3.162e-08 2.002e+12 3.208e-03 3.214e-60 2.114e-48 2.657e-47
3.548e-08 1.849e+12 3.730e-03 3.737e-60 2.458e-48 3.089e-47
3.981e-08 1.708e+12 4.337e-03 4.344e-60 2.858e-48 3.591e-47
4.467e-08 1.577e+12 5.042e-03 5.051e-60 3.323e-48 4.175e-47
5.012e-08 1.456e+12 5.862e-03 5.871e-60 3.863e-48 4.854e-47
5.623e-08 1.345e+12 6.814e-03 6.825e-60 4.490e-48 5.642e-47
6.310e-08 1.242e+12 7.920e-03 7.933e-60 5.219e-48 6.558e-47
7.079e-08 1.146e+12 9.205e-03 9.221e-60 6.066e-48 7.622e-47
7.943e-08 1.058e+12 1.070e-02 1.072e-59 7.049e-48 8.859e-47
8.913e-08 9.769e+11 1.243e-02 1.245e-59 8.192e-48 1.029e-46
1.000e-07 9.017e+11 1.445e-02 1.447e-59 9.520e-48 1.196e-46
1.122e-07 8.322e+11 1.679e-02 1.681e-59 1.106e-47 1.390e-46
1.259e-07 7.680e+11 1.950e-02 1.954e-59 1.285e-47 1.615e-46
1.413e-07 7.088e+11 2.266e-02 2.270e-59 1.493e-47 1.876e-46
1.585e-07 6.540e+11 2.632e-02 2.637e-59 1.734e-47 2.180e-46
1.778e-07 6.034e+11 3.057e-02 3.063e-59 2.015e-47 2.532e-46
1.995e-07 5.567e+11 3.551e-02 3.557e-59 2.340e-47 2.940e-46
2.239e-07 5.136e+11 4.124e-02 4.131e-59 2.718e-47 3.415e-46
2.512e-07 4.738e+11 4.789e-02 4.797e-59 3.156e-47 3.966e-46
2.818e-07 4.370e+11 5.561e-02 5.571e-59 3.665e-47 4.605e-46
3.162e-07 4.030e+11 6.457e-02 6.468e-59 4.255e-47 5.347e-46
3.548e-07 3.716e+11 7.496e-02 7.509e-59 4.940e-47 6.207e-46
3.981e-07 3.427e+11 8.702e-02 8.717e-59 5.734e-47 7.206e-46
4.467e-07 3.160e+11 1.010e-01 1.012e-58 6.656e-47 8.364e-46
5.012e-07 2.913e+11 1.172e-01 1.174e-58 7.725e-47 9.708e-46
5.623e-07 2.685e+11 1.360e-01 1.363e-58 8.965e-47 1.127e-45
6.310e-07 2.475e+11 1.579e-01 1.581e-58 1.040e-46 1.307e-45
7.079e-07 2.281e+11 1.832e-01 1.835e-58 1.207e-46 1.517e-45
7.943e-07 2.102e+11 2.125e-01 2.129e-58 1.400e-46 1.760e-45
8.913e-07 1.937e+11 2.465e-01 2.469e-58 1.624e-46 2.041e-45
1.000e-06 1.785e+11 2.859e-01 2.864e-58 1.884e-46 2.368e-45
1.122e-06 1.644e+11 3.316e-01 3.321e-58 2.185e-46 2.746e-45
1.259e-06 1.514e+11 3.845e-01 3.852e-58 2.534e-46 3.184e-45
1.413e-06 1.395e+11 4.458e-01 4.466e-58 2.938e-46 3.692e-45
1.585e-06 1.284e+11 5.168e-01 5.177e-58 3.406e-46 4.280e-45
1.778e-06 1.182e+11 5.991e-01 6.001e-58 3.948e-46 4.961e-45
1.995e-06 1.089e+11 6.944e-01 6.956e-58 4.576e-46 5.750e-45
2.239e-06 1.002e+11 8.047e-01 8.061e-58 5.303e-46 6.664e-45
2.512e-06 9.224e+10 9.324e-01 9.340e-58 6.144e-46 7.721e-45
2.818e-06 8.488e+10 1.080e+00 1.082e-57 7.118e-46 8.945e-45
3.162e-06 7.810e+10 1.251e+00 1.254e-57 8.246e-46 1.036e-44
3.548e-06 7.186e+10 1.449e+00 1.452e-57 9.551e-46 1.200e-44
3.981e-06 6.610e+10 1.678e+00 1.681e-57 1.106e-45 1.390e-44
4.467e-06 6.080e+10 1.944e+00 1.947e-57 1.281e-45 1.609e-44
5.012e-06 5.591e+10 2.250e+00 2.254e-57 1.483e-45 1.863e-44
5.623e-06 5.141e+10 2.605e+00 2.609e-57 1.716e-45 2.157e-44
6.310e-06 4.726e+10 3.014e+00 3.020e-57 1.986e-45 2.496e-44
7.079e-06 4.344e+10 3.488e+00 3.494e-57 2.299e-45 2.889e-44
7.943e-06 3.993e+10 4.036e+00 4.043e-57 2.660e-45 3.342e-44
8.913e-06 3.669e+10 4.669e+00 4.677e-57 3.077e-45 3.866e-44
1.000e-05 3.371e+10 5.400e+00 5.410e-57 3.559e-45 4.472e-44
1.122e-05 3.096e+10 6.245e+00 6.256e-57 4.115e-45 5.172e-44
1.259e-05 2.844e+10 7.221e+00 7.233e-57 4.758e-45 5.980e-44
1.413e-05 2.611e+10 8.348e+00 8.362e-57 5.501e-45 6.913e-44
1.585e-05 2.398e+10 9.649e+00 9.666e-57 6.358e-45 7.990e-44
1.778e-05 2.201e+10 1.115e+01 1.117e-56 7.348e-45 9.234e-44
1.995e-05 2.020e+10 1.288e+01 1.291e-56 8.491e-45 1.067e-43
2.239e-05 1.854e+10 1.489e+01 1.491e-56 9.809e-45 1.233e-43
2.512e-05 1.701e+10 1.719e+01 1.722e-56 1.133e-44 1.424e-43
2.818e-05 1.560e+10 1.986e+01 1.989e-56 1.308e-44 1.644e-43
3.162e-05 1.431e+10 2.292e+01 2.296e-56 1.511e-44 1.898e-43
3.548e-05 1.312e+10 2.646e+01 2.651e-56 1.744e-44 2.191e-43
3.981e-05 1.203e+10 3.054e+01 3.059e-56 2.013e-44 2.529e-43
4.467e-05 1.102e+10 3.524e+01 3.530e-56 2.322e-44 2.918e-43
5.012e-05 1.010e+10 4.066e+01 4.072e-56 2.679e-44 3.367e-43
5.623e-05 9.255e+09 4.689e+01 4.697e-56 3.090e-44 3.883e-43
6.310e-05 8.477e+09 5.407e+01 5.416e-56 3.563e-44 4.477e-43
7.079e-05 7.762e+09 6.233e+01 6.243e-56 4.107e-44 5.161e-43
7.943e-05 7.106e+09 7.183e+01 7.195e-56 4.733e-44 5.948e-43
8.913e-05 6.503e+09 8.276e+01 8.290e-56 5.453e-44 6.853e-43
1.000e-04 5.949e+09 9.532e+01 9.548e-56 6.281e-44 7.893e-43
1.122e-04 5.441e+09 1.098e+02 1.099e-55 7.232e-44 9.088e-43
1.259e-04 4.975e+09 1.263e+02 1.265e-55 8.325e-44 1.046e-42
1.413e-04 4.547e+09 1.454e+02 1.456e-55 9.579e-44 1.204e-42
1.585e-04 4.155e+09 1.672e+02 1.675e-55 1.102e-43 1.385e-42
1.778e-04 3.795e+09 1.923e+02 1.926e-55 1.267e-43 1.592e-42
1.995e-04 3.464e+09 2.210e+02 2.213e-55 1.456e-43 1.830e-42
2.239e-04 3.162e+09 2.539e+02 2.543e-55 1.673e-43 2.102e-42
2.512e-04 2.884e+09 2.915e+02 2.920e-55 1.921e-43 2.414e-42
2.818e-04 2.630e+09 3.347e+02 3.352e-55 2.205e-43 2.771e-42
3.162e-04 2.397e+09 3.840e+02 3.847e-55 2.530e-43 3.180e-42
3.548e-04 2.183e+09 4.404e+02 4.412e-55 2.902e-43 3.647e-42
3.981e-04 1.988e+09 5.049e+02 5.057e-55 3.327e-43 4.181e-42
4.467e-04 1.810e+09 5.785e+02 5.794e-55 3.812e-43 4.790e-42
5.012e-04 1.646e+09 6.625e+02 6.636e-55 4.365e-43 5.486e-42
5.623e-04 1.497e+09 7.583e+02 7.596e-55 4.997e-43 6.279e-42
6.310e-04 1.360e+09 8.675e+02 8.689e-55 5.716e-43 7.183e-42
7.079e-04 1.235e+09 9.919e+02 9.935e-55 6.536e-43 8.213e-42
7.943e-04 1.121e+09 1.133e+03 1.135e-54 7.469e-43 9.386e-42
8.913e-04 1.017e+09 1.295e+03 1.297e-54 8.530e-43 1.072e-41
1.000e-03 9.222e+08 1.478e+03 1.480e-54 9.736e-43 1.224e-41
1.122e-03 8.356e+08 1.685e+03 1.688e-54 1.111e-42 1.396e-41
1.259e-03 7.567e+08 1.921e+03 1.925e-54 1.266e-42 1.591e-41
1.413e-03 6.848e+08 2.189e+03 2.193e-54 1.442e-42 1.813e-41
1.585e-03 6.192e+08 2.492e+03 2.496e-54 1.642e-42 2.064e-41
1.778e-03 5.596e+08 2.835e+03 2.840e-54 1.868e-42 2.348e-41
1.995e-03 5.054e+08 3.223e+03 3.229e-54 2.124e-42 2.669e-41
2.239e-03 4.560e+08 3.662e+03 3.668e-54 2.413e-42 3.032e-41
2.512e-03 4.112e+08 4.157e+03 4.164e-54 2.739e-42 3.442e-41
2.818e-03 3.704e+08 4.715e+03 4.723e-54 3.107e-42 3.904e-41
3.162e-03 3.335e+08 5.343e+03 5.352e-54 3.521e-42 4.424e-41
3.548e-03 2.999e+08 6.049e+03 6.059e-54 3.986e-42 5.009e-41
3.981e-03 2.695e+08 6.842e+03 6.854e-54 4.509e-42 5.666e-41
4.467e-03 2.419e+08 7.732e+03 7.745e-54 5.095e-42 6.403e-41
5.012e-03 2.169e+08 8.728e+03 8.743e-54 5.751e-42 7.227e-41
5.623e-03 1.942e+08 9.841e+03 9.857e-54 6.485e-42 8.149e-41
6.310e-03 1.737e+08 1.108e+04 1.110e-53 7.302e-42 9.176e-41
7.079e-03 1.552e+08 1.246e+04 1.248e-53 8.212e-42 1.032e-40
7.943e-03 1.384e+08 1.400e+04 1.402e-53 9.223e-42 1.159e-40
8.913e-03 1.233e+08 1.569e+04 1.572e-53 1.034e-41 1.300e-40
1.000e-02 1.097e+08 1.757e+04 1.760e-53 1.158e-41 1.455e-40
1.122e-02 9.734e+07 1.963e+04 1.967e-53 1.294e-41 1.626e-40
1.259e-02 8.625e+07 2.190e+04 2.194e-53 1.443e-41 1.814e-40
1.413e-02 7.626e+07 2.438e+04 2.442e-53 1.606e-41 2.019e-40
1.585e-02 6.729e+07 2.708e+04 2.713e-53 1.784e-41 2.242e-40
1.778e-02 5.923e+07 3.001e+04 3.006e-53 1.978e-41 2.485e-40
1.995e-02 5.201e+07 3.318e+04 3.323e-53 2.186e-41 2.747e-40
2.239e-02 4.556e+07 3.658e+04 3.664e-53 2.410e-41 3.029e-40
2.512e-02 3.979e+07 4.022e+04 4.029e-53 2.650e-41 3.331e-40
2.818e-02 3.464e+07 4.409e+04 4.417e-53 2.905e-41 3.651e-40
3.162e-02 3.007e+07 4.818e+04 4.826e-53 3.175e-41 3.989e-40
3.548e-02 2.601e+07 5.247e+04 5.255e-53 3.457e-41 4.344e-40
3.981e-02 2.242e+07 5.692e+04 5.702e-53 3.751e-41 4.714e-40
4.467e-02 1.924e+07 6.152e+04 6.163e-53 4.054e-41 5.094e-40
5.012e-02 1.645e+07 6.621e+04 6.632e-53 4.363e-41 5.483e-40
5.623e-02 1.400e+07 7.093e+04 7.106e-53 4.674e-41 5.874e-40
6.310e-02 1.186e+07 7.563e+04 7.576e-53 4.984e-41 6.263e-40
7.079e-02 9.990e+06 8.022e+04 8.036e-53 5.286e-41 6.643e-40
7.943e-02 8.370e+06 8.461e+04 8.476e-53 5.576e-41 7.007e-40
8.913e-02 6.971e+06 8.871e+04 8.886e-53 5.846e-41 7.346e-40
1.000e-01 5.768e+06 9.241e+04 9.257e-53 6.090e-41 7.653e-40
1.122e-01 4.740e+06 9.560e+04 9.576e-53 6.300e-41 7.916e-40
1.259e-01 3.865e+06 9.816e+04 9.832e-53 6.468e-41 8.128e-40
1.413e-01 3.127e+06 9.996e+04 1.001e-52 6.587e-41 8.278e-40
1.585e-01 2.508e+06 1.009e+05 1.011e-52 6.650e-41 8.357e-40
1.778e-01 1.992e+06 1.009e+05 1.011e-52 6.650e-41 8.356e-40
1.995e-01 1.566e+06 9.987e+04 1.000e-52 6.581e-41 8.270e-40
2.239e-01 1.217e+06 9.774e+04 9.791e-53 6.441e-41 8.094e-40
2.512e-01 9.347e+05 9.449e+04 9.465e-53 6.226e-41 7.824e-40
2.818e-01 7.082e+05 9.013e+04 9.028e-53 5.939e-41 7.463e-40
3.162e-01 5.287e+05 8.471e+04 8.486e-53 5.582e-41 7.015e-40
3.548e-01 3.884e+05 7.834e+04 7.847e-53 5.162e-41 6.487e-40
3.981e-01 2.803e+05 7.117e+04 7.129e-53 4.690e-41 5.893e-40
4.467e-01 1.983e+05 6.338e+04 6.348e-53 4.176e-41 5.248e-40
5.012e-01 1.372e+05 5.521e+04 5.530e-53 3.638e-41 4.572e-40
5.623e-01 9.263e+04 4.693e+04 4.701e-53 3.092e-41 3.886e-40
6.310e-01 6.085e+04 3.881e+04 3.888e-53 2.557e-41 3.214e-40
7.079e-01 3.876e+04 3.113e+04 3.118e-53 2.051e-41 2.578e-40
7.943e-01 2.386e+04 2.412e+04 2.416e-53 1.590e-41 1.997e-40
8.913e-01 1.413e+04 1.799e+04 1.802e-53 1.185e-41 1.490e-40
1.000e+00 8.019e+03 1.285e+04 1.287e-53 8.466e-42 1.064e-40
1.122e+00 4.335e+03 8.743e+03 8.758e-54 5.761e-42 7.240e-41
1.259e+00 2.220e+03 5.636e+03 5.646e-54 3.714e-42 4.667e-41
1.413e+00 1.070e+03 3.419e+03 3.425e-54 2.253e-42 2.831e-41
1.585e+00 4.814e+02 1.938e+03 1.941e-54 1.277e-42 1.604e-41
1.778e+00 2.007e+02 1.017e+03 1.019e-54 6.702e-43 8.422e-42
1.995e+00 7.680e+01 4.898e+02 4.907e-55 3.228e-43 4.056e-42
2.239e+00 2.667e+01 2.142e+02 2.145e-55 1.411e-43 1.773e-42
2.512e+00 8.308e+00 8.399e+01 8.413e-56 5.534e-44 6.955e-43
2.818e+00 2.289e+00 2.914e+01 2.919e-56 1.920e-44 2.413e-43
3.162e+00 5.496e-01 8.805e+00 8.820e-57 5.802e-45 7.291e-44
3.548e+00 1.129e-01 2.278e+00 2.282e-57 1.501e-45 1.886e-44
3.981e+00 1.947e-02 4.944e-01 4.952e-58 3.258e-46 4.094e-45
4.467e+00 2.753e-03 8.801e-02 8.816e-59 5.800e-47 7.288e-46
5.012e+00 3.092e-04 1.244e-02 1.246e-59 8.199e-48 1.030e-46
5.623e+00 2.498e-05 1.266e-03 1.268e-60 8.339e-49 1.048e-47
6.310e+00 0.000e+00 0.000e+00 0.000e+00 0.000e+00 0.000e+00
7.079e+00 0.000e+00 0.000e+00 0.000e+00 0.000e+00 0.000e+00
7.943e+00 0.000e+00 0.000e+00 0.000e+00 0.000e+00 0.000e+00
8.913e+00 0.000e+00 0.000e+00 0.000e+00 0.000e+00 0.000e+00
1.000e+01 0.000e+00 0.000e+00 0.000e+00 0.000e+00 0.000e+00
1.122e+01 0.000e+00 0.000e+00 0.000e+00 0.000e+00 0.000e+00
1.259e+01 0.000e+00 0.000e+00 0.000e+00 0.000e+00 0.000e+00
1.413e+01 0.000e+00 0.000e+00 0.000e+00 0.000e+00 0.000e+00
1.585e+01 0.000e+00 0.000e+00 0.000e+00 0.000e+00 0.000e+00
1.778e+01 0.000e+00 0.000e+00 0.000e+00 0.000e+00 0.000e+00
1.995e+01 0.000e+00 0.000e+00 0.000e+00 0.000e+00 0.000e+00
2.239e+01 0.000e+00 0.000e+00 0.000e+00 0.000e+00 0.000e+00
2.512e+01 0.000e+00 0.000e+00 0.000e+00 0.000e+00 0.000e+00
2.818e+01 0.000e+00 0.000e+00 0.000e+00 0.000e+00 0.000e+00
3.162e+01 0.000e+00 0.000e+00 0.000e+00 0.000e+00 0.000e+00
3.548e+01 0.000e+00 0.000e+00 0.000e+00 0.000e+00 0.000e+00
3.981e+01 0.000e+00 0.000e+00 0.000e+00 0.000e+00 0.000e+00
4.467e+01 0.000e+00 0.000e+00 0.000e+00 0.000e+00 0.000e+00
5.012e+01 0.000e+00 0.000e+00 0.000e+00 0.000e+00 0.000e+00
5.623e+01 0.000e+00 0.000e+00 0.000e+00 0.000e+00 0.000e+00
6.310e+01 0.000e+00 0.000e+00 0.000e+00 0.000e+00 0.000e+00
7.079e+01 0.000e+00 0.000e+00 0.000e+00 0.000e+00 0.000e+00
7.943e+01 0.000e+00 0.000e+00 0.000e+00 0.000e+00 0.000e+00
8.913e+01 0.000e+00 0.000e+00 0.000e+00 0.000e+00 0.000e+00
1.000e+02 0.000e+00 0.000e+00 0.000e+00 0.000e+00 0.000e+00
1.122e+02 0.000e+00 0.000e+00 0.000e+00 0.000e+00 0.000e+00
1.259e+02 0.000e+00 0.000e+00 0.000e+00 0.000e+00 0.000e+00
1.413e+02 0.000e+00 0.000e+00 0.000e+00 0.000e+00 0.000e+00
1.585e+02 0.000e+00 0.000e+00 0.000e+00 0.000e+00 0.000e+00
1.778e+02 0.000e+00 0.000e+00 0.000e+00 0.000e+00 0.000e+00
1.995e+02 0.000e+00 0.000e+00 0.000e+00 0.000e+00 0.000e+00
2.239e+02 0.000e+00 0.000e+00 0.000e+00 0.000e+00 0.000e+00
2.512e+02 0.000e+00 0.000e+00 0.000e+00 0.000e+00 0.000e+00
2.818e+02 0.000e+00 0.000e+00 0.000e+00 0.000e+00 0.000e+00
3.162e+02 0.000e+00 0.000e+00 0.000e+00 0.000e+00 0.000e+00
3.548e+02 0.000e+00 0.000e+00 0.000e+00 0.000e+00 0.000e+00
3.981e+02 0.000e+00 0.000e+00 0.000e+00 0.000e+00 0.000e+00
4.467e+02 0.000e+00 0.000e+00 0.000e+00 0.000e+00 0.000e+00
5.012e+02 0.000e+00 0.000e+00 0.000e+00 0.000e+00 0.000e+00
5.623e+02 0.000e+00 0.000e+00 0.000e+00 0.000e+00 0.000e+00
6.310e+02 0.000e+00 0.000e+00 0.000e+00 0.000e+00 0.000e+00
7.079e+02 0.000e+00 0.000e+00 0.000e+00 0.000e+00 0.000e+00
7.943e+02 0.000e+00 0.000e+00 0.000e+00 0.000e+00 0.000e+00
8.913e+02 0.000e+00 0.000e+00 0.000e+00 0.000e+00 0.000e+00
1.000e+03 0.000e+00 0.000e+00 0.000e+00 0.000e+00 0.000e+00
1.122e+03 0.000e+00 0.000e+00 0.000e+00 0.000e+00 0.000e+00
1.259e+03 0.000e+00 0.000e+00 0.000e+00 0.000e+00 0.000e+00
1.413e+03 0.000e+00 0.000e+00 0.000e+00 0.000e+00 0.000e+00
1.585e+03 0.000e+00 0.000e+00 0.000e+00 0.000e+00 0.000e+00
1.778e+03 0.000e+00 0.000e+00 0.000e+00 0.000e+00 0.000e+00
1.995e+03 0.000e+00 0.000e+00 0.000e+00 0.000e+00 0.000e+00
2.239e+03 0.000e+00 0.000e+00 0.000e+00 0.000e+00 0.000e+00
2.512e+03 0.000e+00 0.000e+00 0.000e+00 0.000e+00 0.000e+00
2.818e+03 0.000e+00 0.000e+00 0.000e+00 0.000e+00 0.000e+00
3.162e+03 0.000e+00 0.000e+00 0.000e+00 0.000e+00 0.000e+00
3.548e+03 0.000e+00 0.000e+00 0.000e+00 0.000e+00 0.000e+00
3.981e+03 0.000e+00 0.000e+00 0.000e+00 0.000e+00 0.000e+00
4.467e+03 0.000e+00 0.000e+00 0.000e+00 0.000e+00 0.000e+00
5.012e+03 0.000e+00 0.000e+00 0.000e+00 0.000e+00 0.000e+00
5.623e+03 0.000e+00 0.000e+00 0.000e+00 0.000e+00 0.000e+00
6.310e+03 0.000e+00 0.000e+00 0.000e+00 0.000e+00 0.000e+00
7.079e+03 0.000e+00 0.000e+00 0.000e+00 0.000e+00 0.000e+00
7.943e+03 0.000e+00 0.000e+00 0.000e+00 0.000e+00 0.000e+00
8.913e+03 0.000e+00 0.000e+00 0.000e+00 0.000e+00 0.000e+00
1.000e+04 0.000e+00 0.000e+00 0.000e+00 0.000e+00 0.000e+00
1.122e+04 0.000e+00 0.000e+00 0.000e+00 0.000e+00 0.000e+00
1.259e+04 0.000e+00 0.000e+00 0.000e+00 0.000e+00 0.000e+00
1.413e+04 0.000e+00 0.000e+00 0.000e+00 0.000e+00 0.000e+00
1.585e+04 0.000e+00 0.000e+00 0.000e+00 0.000e+00 0.000e+00
1.778e+04 0.000e+00 0.000e+00 0.000e+00 0.000e+00 0.000e+00
1.995e+04 0.000e+00 0.000e+00 0.000e+00 0.000e+00 0.000e+00
2.239e+04 0.000e+00 0.000e+00 0.000e+00 0.000e+00 0.000e+00
2.512e+04 0.000e+00 0.000e+00 0.000e+00 0.000e+00 0.000e+00
2.818e+04 0.000e+00 0.000e+00 0.000e+00 0.000e+00 0.000e+00
3.162e+04 0.000e+00 0.000e+00 0.000e+00 0.000e+00 0.000e+00
3.548e+04 0.000e+00 0.000e+00 0.000e+00 0.000e+00 0.000e+00
3.981e+04 0.000e+00 0.000e+00 0.000e+00 0.000e+00 0.000e+00
4.467e+04 0.000e+00 0.000e+00 0.000e+00 0.000e+00 0.000e+00
5.012e+04 0.000e+00 0.000e+00 0.000e+00 0.000e+00 0.000e+00
5.623e+04 0.000e+00 0.000e+00 0.000e+00 0.000e+00 0.000e+00
6.310e+04 0.000e+00 0.000e+00 0.000e+00 0.000e+00 0.000e+00
7.079e+04 0.000e+00 0.000e+00 0.000e+00 0.000e+00 0.000e+00
7.943e+04 0.000e+00 0.000e+00 0.000e+00 0.000e+00 0.000e+00
8.913e+04 0.000e+00 0.000e+00 0.000e+00 0.000e+00 0.000e+00
1.000e+05 0.000e+00 0.000e+00 0.000e+00 0.000e+00 0.000e+00
1.122e+05 0.000e+00 0.000e+00 0.000e+00 0.000e+00 0.000e+00
1.259e+05 0.000e+00 0.000e+00 0.000e+00 0.000e+00 0.000e+00
1.413e+05 0.000e+00 0.000e+00 0.000e+00 0.000e+00 0.000e+00
1.585e+05 0.000e+00 0.000e+00 0.000e+00 0.000e+00 0.000e+00
1.778e+05 0.000e+00 0.000e+00 0.000e+00 0.000e+00 0.000e+00
1.995e+05 0.000e+00 0.000e+00 0.000e+00 0.000e+00 0.000e+00
2.239e+05 0.000e+00 0.000e+00 0.000e+00 0.000e+00 0.000e+00
2.512e+05 0.000e+00 0.000e+00 0.000e+00 0.000e+00 0.000e+00
2.818e+05 0.000e+00 0.000e+00 0.000e+00 0.000e+00 0.000e+00
3.162e+05 0.000e+00 0.000e+00 0.000e+00 0.000e+00 0.000e+00
3.548e+05 0.000e+00 0.000e+00 0.000e+00 0.000e+00 0.000e+00
3.981e+05 0.000e+00 0.000e+00 0.000e+00 0.000e+00 0.000e+00
4.467e+05 0.000e+00 0.000e+00 0.000e+00 0.000e+00 0.000e+00
5.012e+05 0.000e+00 0.000e+00 0.000e+00 0.000e+00 0.000e+00
5.623e+05 0.000e+00 0.000e+00 0.000e+00 0.000e+00 0.000e+00
6.310e+05 0.000e+00 0.000e+00 0.000e+00 0.000e+00 0.000e+00
7.079e+05 0.000e+00 0.000e+00 0.000e+00 0.000e+00 0.000e+00
7.943e+05 0.000e+00 0.000e+00 0.000e+00 0.000e+00 0.000e+00
8.913e+05 0.000e+00 0.000e+00 0.000e+00 0.000e+00 0.000e+00
1.000e+06 0.000e+00 0.000e+00 0.000e+00 0.000e+00 0.000e+00
1.122e+06 0.000e+00 0.000e+00 0.000e+00 0.000e+00 0.000e+00
1.259e+06 0.000e+00 0.000e+00 0.000e+00 0.000e+00 0.000e+00
1.413e+06 0.000e+00 0.000e+00 0.000e+00 0.000e+00 0.000e+00
1.585e+06 0.000e+00 0.000e+00 0.000e+00 0.000e+00 0.000e+00
1.778e+06 0.000e+00 0.000e+00 0.000e+00 0.000e+00 0.000e+00
1.995e+06 0.000e+00 0.000e+00 0.000e+00 0.000e+00 0.000e+00
2.239e+06 0.000e+00 0.000e+00 0.000e+00 0.000e+00 0.000e+00
2.512e+06 0.000e+00 0.000e+00 0.000e+00 0.000e+00 0.000e+00
2.818e+06 0.000e+00 0.000e+00 0.000e+00 0.000e+00 0.000e+00
3.162e+06 0.000e+00 0.000e+00 0.000e+00 0.000e+00 0.000e+00
3.548e+06 0.000e+00 0.000e+00 0.000e+00 0.000e+00 0.000e+00
3.981e+06 0.000e+00 0.000e+00 0.000e+00 0.000e+00 0.000e+00
4.467e+06 0.000e+00 0.000e+00 0.000e+00 0.000e+00 0.000e+00
5.012e+06 0.000e+00 0.000e+00 0.000e+00 0.000e+00 0.000e+00
5.623e+06 0.000e+00 0.000e+00 0.000e+00 0.000e+00 0.000e+00
6.310e+06 0.000e+00 0.000e+00 0.000e+00 0.000e+00 0.000e+00
7.079e+06 0.000e+00 0.000e+00 0.000e+00 0.000e+00 0.000e+00
7.943e+06 0.000e+00 0.000e+00 0.000e+00 0.000e+00 0.000e+00
8.913e+06 0.000e+00 0.000e+00 0.000e+00 0.000e+00 0.000e+00
1.000e+07 0.000e+00 0.000e+00 0.000e+00 0.000e+00 0.000e+00
1.122e+07 0.000e+00 0.000e+00 0.000e+00 0.000e+00 0.000e+00
1.259e+07 0.000e+00 0.000e+00 0.000e+00 0.000e+00 0.000e+00
1.413e+07 0.000e+00 0.000e+00 0.000e+00 0.000e+00 0.000e+00
1.585e+07 0.000e+00 0.000e+00 0.000e+00 0.000e+00 0.000e+00
1.778e+07 0.000e+00 0.000e+00 0.000e+00 0.000e+00 0.000e+00
1.995e+07 0.000e+00 0.000e+00 0.000e+00 0.000e+00 0.000e+00
2.239e+07 0.000e+00 0.000e+00 0.000e+00 0.000e+00 0.000e+00
2.512e+07 0.000e+00 0.000e+00 0.000e+00 0.000e+00 0.000e+00
2.818e+07 0.000e+00 0.000e+00 0.000e+00 0.000e+00 0.000e+00
3.162e+07 0.000e+00 0.000e+00 0.000e+00 0.000e+00 0.000e+00
3.548e+07 0.000e+00 0.000e+00 0.000e+00 0.000e+00 0.000e+00
3.981e+07 0.000e+00 0.000e+00 0.000e+00 0.000e+00 0.000e+00
4.467e+07 0.000e+00 0.000e+00 0.000e+00 0.000e+00 0.000e+00
5.012e+07 0.000e+00 0.000e+00 0.000e+00 0.000e+00 0.000e+00
5.623e+07 0.000e+00 0.000e+00 0.000e+00 0.000e+00 0.000e+00
6.310e+07 0.000e+00 0.000e+00 0.000e+00 0.000e+00 0.000e+00
7.079e+07 0.000e+00 0.000e+00 0.000e+00 0.000e+00 0.000e+00
7.943e+07 0.000e+00 0.000e+00 0.000e+00 0.000e+00 0.000e+00
8.913e+07 0.000e+00 0.000e+00 0.000e+00 0.000e+00 0.000e+00
1.000e+08 0.000e+00 0.000e+00 0.000e+00 0.000e+00 0.000e+00
