1.000e-20 0.000e+00 0.000e+00 0.000e+00 0.000e+00 0.000e+00
1.122e-20 0.000e+00 0.000e+00 0.000e+00 0.000e+00 0.000e+00
1.259e-20 0.000e+00 0.000e+00 0.000e+00 0.000e+00 0.000e+00
1.413e-20 0.000e+00 0.000e+00 0.000e+00 0.000e+00 0.000e+00
1.585e-20 0.000e+00 0.000e+00 0.000e+00 0.000e+00 0.000e+00
1.778e-20 0.000e+00 0.000e+00 0.000e+00 0.000e+00 0.000e+00
1.995e-20 0.000e+00 0.000e+00 0.000e+00 0.000e+00 0.000e+00
2.239e-20 0.000e+00 0.000e+00 0.000e+00 0.000e+00 0.000e+00
2.512e-20 0.000e+00 0.000e+00 0.000e+00 0.000e+00 0.000e+00
2.818e-20 0.000e+00 0.000e+00 0.000e+00 0.000e+00 0.000e+00
3.162e-20 0.000e+00 0.000e+00 0.000e+00 0.000e+00 0.000e+00
3.548e-20 0.000e+00 0.000e+00 0.000e+00 0.000e+00 0.000e+00
3.981e-20 0.000e+00 0.000e+00 0.000e+00 0.000e+00 0.000e+00
4.467e-20 0.000e+00 0.000e+00 0.000e+00 0.000e+00 0.000e+00
5.012e-20 0.000e+00 0.000e+00 0.000e+00 0.000e+00 0.000e+00
5.623e-20 0.000e+00 0.000e+00 0.000e+00 0.000e+00 0.000e+00
6.310e-20 0.000e+00 0.000e+00 0.000e+00 0.000e+00 0.000e+00
7.079e-20 0.000e+00 0.000e+00 0.000e+00 0.000e+00 0.000e+00
7.943e-20 0.000e+00 0.000e+00 0.000e+00 0.000e+00 0.000e+00
8.913e-20 0.000e+00 0.000e+00 0.000e+00 0.000e+00 0.000e+00
1.000e-19 0.000e+00 0.000e+00 0.000e+00 0.000e+00 0.000e+00
1.122e-19 0.000e+00 0.000e+00 0.000e+00 0.000e+00 0.000e+00
1.259e-19 0.000e+00 0.000e+00 0.000e+00 0.000e+00 0.000e+00
1.413e-19 0.000e+00 0.000e+00 0.000e+00 0.000e+00 0.000e+00
1.585e-19 0.000e+00 0.000e+00 0.000e+00 0.000e+00 0.000e+00
1.778e-19 0.000e+00 0.000e+00 0.000e+00 0.000e+00 0.000e+00
1.995e-19 0.000e+00 0.000e+00 0.000e+00 0.000e+00 0.000e+00
2.239e-19 0.000e+00 0.000e+00 0.000e+00 0.000e+00 0.000e+00
2.512e-19 0.000e+00 0.000e+00 0.000e+00 0.000e+00 0.000e+00
2.818e-19 0.000e+00 0.000e+00 0.000e+00 0.000e+00 0.000e+00
3.162e-19 0.000e+00 0.000e+00 0.000e+00 0.000e+00 0.000e+00
3.548e-19 0.000e+00 0.000e+00 0.000e+00 0.000e+00 0.000e+00
3.981e-19 0.000e+00 0.000e+00 0.000e+00 0.000e+00 0.000e+00
4.467e-19 0.000e+00 0.000e+00 0.000e+00 0.000e+00 0.000e+00
5.012e-19 0.000e+00 0.000e+00 0.000e+00 0.000e+00 0.000e+00
5.623e-19 0.000e+00 0.000e+00 0.000e+00 0.000e+00 0.000e+00
6.310e-19 0.000e+00 0.000e+00 0.000e+00 0.000e+00 0.000e+00
7.079e-19 0.000e+00 0.000e+00 0.000e+00 0.000e+00 0.000e+00
7.943e-19 0.000e+00 0.000e+00 0.000e+00 0.000e+00 0.000e+00
8.913e-19 0.000e+00 0.000e+00 0.000e+00 0.000e+00 0.000e+00
1.000e-18 0.000e+00 0.000e+00 0.000e+00 0.000e+00 0.000e+00
1.122e-18 0.000e+00 0.000e+00 0.000e+00 0.000e+00 0.000e+00
1.259e-18 0.000e+00 0.000e+00 0.000e+00 0.000e+00 0.000e+00
1.413e-18 0.000e+00 0.000e+00 0.000e+00 0.000e+00 0.000e+00
1.585e-18 0.000e+00 0.000e+00 0.000e+00 0.000e+00 0.000e+00
1.778e-18 0.000e+00 0.000e+00 0.000e+00 0.000e+00 0.000e+00
1.995e-18 0.000e+00 0.000e+00 0.000e+00 0.000e+00 0.000e+00
2.239e-18 0.000e+00 0.000e+00 0.000e+00 0.000e+00 0.000e+00
2.512e-18 0.000e+00 0.000e+00 0.000e+00 0.000e+00 0.000e+00
2.818e-18 0.000e+00 0.000e+00 0.000e+00 0.000e+00 0.000e+00
3.162e-18 0.000e+00 0.000e+00 0.000e+00 0.000e+00 0.000e+00
3.548e-18 0.000e+00 0.000e+00 0.000e+00 0.000e+00 0.000e+00
3.981e-18 0.000e+00 0.000e+00 0.000e+00 0.000e+00 0.000e+00
4.467e-18 0.000e+00 0.000e+00 0.000e+00 0.000e+00 0.000e+00
5.012e-18 0.000e+00 0.000e+00 0.000e+00 0.000e+00 0.000e+00
5.623e-18 0.000e+00 0.000e+00 0.000e+00 0.000e+00 0.000e+00
6.310e-18 0.000e+00 0.000e+00 0.000e+00 0.000e+00 0.000e+00
7.079e-18 0.000e+00 0.000e+00 0.000e+00 0.000e+00 0.000e+00
7.943e-18 0.000e+00 0.000e+00 0.000e+00 0.000e+00 0.000e+00
8.913e-18 0.000e+00 0.000e+00 0.000e+00 0.000e+00 0.000e+00
1.000e-17 0.000e+00 0.000e+00 0.000e+00 0.000e+00 0.000e+00
1.122e-17 0.000e+00 0.000e+00 0.000e+00 0.000e+00 0.000e+00
1.259e-17 0.000e+00 0.000e+00 0.000e+00 0.000e+00 0.000e+00
1.413e-17 0.000e+00 0.000e+00 0.000e+00 0.000e+00 0.000e+00
1.585e-17 0.000e+00 0.000e+00 0.000e+00 0.000e+00 0.000e+00
1.778e-17 0.000e+00 0.000e+00 0.000e+00 0.000e+00 0.000e+00
1.995e-17 0.000e+00 0.000e+00 0.000e+00 0.000e+00 0.000e+00
2.239e-17 0.000e+00 0.000e+00 0.000e+00 0.000e+00 0.000e+00
2.512e-17 0.000e+00 0.000e+00 0.000e+00 0.000e+00 0.000e+00
2.818e-17 0.000e+00 0.000e+00 0.000e+00 0.000e+00 0.000e+00
3.162e-17 0.000e+00 0.000e+00 0.000e+00 0.000e+00 0.000e+00
3.548e-17 0.000e+00 0.000e+00 0.000e+00 0.000e+00 0.000e+00
3.981e-17 0.000e+00 0.000e+00 0.000e+00 0.000e+00 0.000e+00
4.467e-17 0.000e+00 0.000e+00 0.000e+00 0.000e+00 0.000e+00
5.012e-17 0.000e+00 0.000e+00 0.000e+00 0.000e+00 0.000e+00
5.623e-17 0.000e+00 0.000e+00 0.000e+00 0.000e+00 0.000e+00
6.310e-17 0.000e+00 0.000e+00 0.000e+00 0.000e+00 0.000e+00
7.079e-17 0.000e+00 0.000e+00 0.000e+00 0.000e+00 0.000e+00
7.943e-17 0.000e+00 0.000e+00 0.000e+00 0.000e+00 0.000e+00
8.913e-17 0.000e+00 0.000e+00 0.000e+00 0.000e+00 0.000e+00
1.000e-16 0.000e+00 0.000e+00 0.000e+00 0.000e+00 0.000e+00
1.122e-16 0.000e+00 0.000e+00 0.000e+00 0.000e+00 0.000e+00
1.259e-16 0.000e+00 0.000e+00 0.000e+00 0.000e+00 0.000e+00
1.413e-16 0.000e+00 0.000e+00 0.000e+00 0.000e+00 0.000e+00
1.585e-16 0.000e+00 0.000e+00 0.000e+00 0.000e+00 0.000e+00
1.778e-16 0.000e+00 0.000e+00 0.000e+00 0.000e+00 0.000e+00
1.995e-16 0.000e+00 0.000e+00 0.000e+00 0.000e+00 0.000e+00
2.239e-16 0.000e+00 0.000e+00 0.000e+00 0.000e+00 0.000e+00
2.512e-16 0.000e+00 0.000e+00 0.000e+00 0.000e+00 0.000e+00
2.818e-16 0.000e+00 0.000e+00 0.000e+00 0.000e+00 0.000e+00
3.162e-16 0.000e+00 0.000e+00 0.000e+00 0.000e+00 0.000e+00
3.548e-16 0.000e+00 0.000e+00 0.000e+00 0.000e+00 0.000e+00
3.981e-16 0.000e+00 0.000e+00 0.000e+00 0.000e+00 0.000e+00
4.467e-16 0.000e+00 0.000e+00 0.000e+00 0.000e+00 0.000e+00
5.012e-16 0.000e+00 0.000e+00 0.000e+00 0.000e+00 0.000e+00
5.623e-16 0.000e+00 0.000e+00 0.000e+00 0.000e+00 0.000e+00
6.310e-16 0.000e+00 0.000e+00 0.000e+00 0.000e+00 0.000e+00
7.079e-16 0.000e+00 0.000e+00 0.000e+00 0.000e+00 0.000e+00
7.943e-16 0.000e+00 0.000e+00 0.000e+00 0.000e+00 0.000e+00
8.913e-16 0.000e+00 0.000e+00 0.000e+00 0.000e+00 0.000e+00
1.000e-15 0.000e+00 0.000e+00 0.000e+00 0.000e+00 0.000e+00
1.122e-15 0.000e+00 0.000e+00 0.000e+00 0.000e+00 0.000e+00
1.259e-15 0.000e+00 0.000e+00 0.000e+00 0.000e+00 0.000e+00
1.413e-15 0.000e+00 0.000e+00 0.000e+00 0.000e+00 0.000e+00
1.585e-15 0.000e+00 0.000e+00 0.000e+00 0.000e+00 0.000e+00
1.778e-15 0.000e+00 0.000e+00 0.000e+00 0.000e+00 0.000e+00
1.995e-15 0.000e+00 0.000e+00 0.000e+00 0.000e+00 0.000e+00
2.239e-15 0.000e+00 0.000e+00 0.000e+00 0.000e+00 0.000e+00
2.512e-15 0.000e+00 0.000e+00 0.000e+00 0.000e+00 0.000e+00
2.818e-15 0.000e+00 0.000e+00 0.000e+00 0.000e+00 0.000e+00
3.162e-15 0.000e+00 0.000e+00 0.000e+00 0.000e+00 0.000e+00
3.548e-15 0.000e+00 0.000e+00 0.000e+00 0.000e+00 0.000e+00
3.981e-15 0.000e+00 0.000e+00 0.000e+00 0.000e+00 0.000e+00
4.467e-15 0.000e+00 0.000e+00 0.000e+00 0.000e+00 0.000e+00
5.012e-15 0.000e+00 0.000e+00 0.000e+00 0.000e+00 0.000e+00
5.623e-15 0.000e+00 0.000e+00 0.000e+00 0.000e+00 0.000e+00
6.310e-15 0.000e+00 0.000e+00 0.000e+00 0.000e+00 0.000e+00
7.079e-15 0.000e+00 0.000e+00 0.000e+00 0.000e+00 0.000e+00
7.943e-15 0.000e+00 0.000e+00 0.000e+00 0.000e+00 0.000e+00
8.913e-15 0.000e+00 0.000e+00 0.000e+00 0.000e+00 0.000e+00
1.000e-14 0.000e+00 0.000e+00 0.000e+00 0.000e+00 0.000e+00
1.122e-14 0.000e+00 0.000e+00 0.000e+00 0.000e+00 0.000e+00
1.259e-14 0.000e+00 0.000e+00 0.000e+00 0.000e+00 0.000e+00
1.413e-14 0.000e+00 0.000e+00 0.000e+00 0.000e+00 0.000e+00
1.585e-14 0.000e+00 0.000e+00 0.000e+00 0.000e+00 0.000e+00
1.778e-14 0.000e+00 0.000e+00 0.000e+00 0.000e+00 0.000e+00
1.995e-14 0.000e+00 0.000e+00 0.000e+00 0.000e+00 0.000e+00
2.239e-14 0.000e+00 0.000e+00 0.000e+00 0.000e+00 0.000e+00
2.512e-14 0.000e+00 0.000e+00 0.000e+00 0.000e+00 0.000e+00
2.818e-14 0.000e+00 0.000e+00 0.000e+00 0.000e+00 0.000e+00
3.162e-14 0.000e+00 0.000e+00 0.000e+00 0.000e+00 0.000e+00
3.548e-14 0.000e+00 0.000e+00 0.000e+00 0.000e+00 0.000e+00
3.981e-14 0.000e+00 0.000e+00 0.000e+00 0.000e+00 0.000e+00
4.467e-14 0.000e+00 0.000e+00 0.000e+00 0.000e+00 0.000e+00
5.012e-14 0.000e+00 0.000e+00 0.000e+00 0.000e+00 0.000e+00
5.623e-14 0.000e+00 0.000e+00 0.000e+00 0.000e+00 0.000e+00
6.310e-14 0.000e+00 0.000e+00 0.000e+00 0.000e+00 0.000e+00
7.079e-14 0.000e+00 0.000e+00 0.000e+00 0.000e+00 0.000e+00
7.943e-14 0.000e+00 0.000e+00 0.000e+00 0.000e+00 0.000e+00
8.913e-14 0.000e+00 0.000e+00 0.000e+00 0.000e+00 0.000e+00
1.000e-13 0.000e+00 0.000e+00 0.000e+00 0.000e+00 0.000e+00
1.122e-13 0.000e+00 0.000e+00 0.000e+00 0.000e+00 0.000e+00
1.259e-13 0.000e+00 0.000e+00 0.000e+00 0.000e+00 0.000e+00
1.413e-13 0.000e+00 0.000e+00 0.000e+00 0.000e+00 0.000e+00
1.585e-13 0.000e+00 0.000e+00 0.000e+00 0.000e+00 0.000e+00
1.778e-13 0.000e+00 0.000e+00 0.000e+00 0.000e+00 0.000e+00
1.995e-13 0.000e+00 0.000e+00 0.000e+00 0.000e+00 0.000e+00
2.239e-13 0.000e+00 0.000e+00 0.000e+00 0.000e+00 0.000e+00
2.512e-13 0.000e+00 0.000e+00 0.000e+00 0.000e+00 0.000e+00
2.818e-13 0.000e+00 0.000e+00 0.000e+00 0.000e+00 0.000e+00
3.162e-13 0.000e+00 0.000e+00 0.000e+00 0.000e+00 0.000e+00
3.548e-13 0.000e+00 0.000e+00 0.000e+00 0.000e+00 0.000e+00
3.981e-13 0.000e+00 0.000e+00 0.000e+00 0.000e+00 0.000e+00
4.467e-13 0.000e+00 0.000e+00 0.000e+00 0.000e+00 0.000e+00
5.012e-13 0.000e+00 0.000e+00 0.000e+00 0.000e+00 0.000e+00
5.623e-13 0.000e+00 0.000e+00 0.000e+00 0.000e+00 0.000e+00
6.310e-13 0.000e+00 0.000e+00 0.000e+00 0.000e+00 0.000e+00
7.079e-13 0.000e+00 0.000e+00 0.000e+00 0.000e+00 0.000e+00
7.943e-13 0.000e+00 0.000e+00 0.000e+00 0.000e+00 0.000e+00
8.913e-13 0.000e+00 0.000e+00 0.000e+00 0.000e+00 0.000e+00
1.000e-12 0.000e+00 0.000e+00 0.000e+00 0.000e+00 0.000e+00
1.122e-12 inf inf inf inf inf
1.259e-12 inf inf inf inf inf
1.413e-12 inf inf inf inf inf
1.585e-12 inf inf inf inf inf
1.778e-12 inf inf inf inf inf
1.995e-12 inf inf inf inf inf
2.239e-12 inf inf inf inf inf
2.512e-12 inf inf inf inf inf
2.818e-12 inf inf inf inf inf
3.162e-12 inf inf inf inf inf
3.548e-12 inf inf inf inf inf
3.981e-12 inf inf inf inf inf
4.467e-12 inf inf inf inf inf
5.012e-12 inf inf inf inf inf
5.623e-12 inf inf inf inf inf
6.310e-12 inf inf inf inf inf
7.079e-12 inf inf inf inf inf
7.943e-12 inf inf inf inf inf
8.913e-12 inf inf inf inf inf
1.000e-11 inf inf inf inf inf
1.122e-11 inf inf inf inf inf
1.259e-11 inf inf inf inf inf
1.413e-11 1.352e+48 4.323e+26 4.330e-31 5.697e-19 3.579e-18
1.585e-11 1.138e+48 4.579e+26 4.586e-31 6.034e-19 3.791e-18
1.778e-11 9.572e+47 4.850e+26 4.858e-31 6.392e-19 4.016e-18
1.995e-11 8.054e+47 5.137e+26 5.146e-31 6.771e-19 4.254e-18
2.239e-11 6.777e+47 5.442e+26 5.451e-31 7.172e-19 4.506e-18
2.512e-11 5.702e+47 5.764e+26 5.774e-31 7.597e-19 4.773e-18
2.818e-11 4.798e+47 6.106e+26 6.116e-31 8.047e-19 5.056e-18
3.162e-11 4.037e+47 6.467e+26 6.478e-31 8.524e-19 5.356e-18
3.548e-11 3.396e+47 6.851e+26 6.862e-31 9.029e-19 5.673e-18
3.981e-11 2.858e+47 7.257e+26 7.269e-31 9.564e-19 6.009e-18
4.467e-11 2.404e+47 7.687e+26 7.700e-31 1.013e-18 6.365e-18
5.012e-11 2.023e+47 8.142e+26 8.156e-31 1.073e-18 6.742e-18
5.623e-11 1.702e+47 8.624e+26 8.639e-31 1.137e-18 7.142e-18
6.310e-11 1.432e+47 9.136e+26 9.151e-31 1.204e-18 7.565e-18
7.079e-11 1.205e+47 9.677e+26 9.693e-31 1.275e-18 8.013e-18
7.943e-11 1.014e+47 1.025e+27 1.027e-30 1.351e-18 8.488e-18
8.913e-11 8.531e+46 1.086e+27 1.088e-30 1.431e-18 8.991e-18
1.000e-10 7.178e+46 1.150e+27 1.152e-30 1.516e-18 9.524e-18
1.122e-10 6.040e+46 1.218e+27 1.220e-30 1.606e-18 1.009e-17
1.259e-10 5.082e+46 1.290e+27 1.293e-30 1.701e-18 1.069e-17
1.413e-10 4.276e+46 1.367e+27 1.369e-30 1.801e-18 1.132e-17
1.585e-10 3.598e+46 1.448e+27 1.450e-30 1.908e-18 1.199e-17
1.778e-10 3.027e+46 1.534e+27 1.536e-30 2.021e-18 1.270e-17
1.995e-10 2.547e+46 1.625e+27 1.627e-30 2.141e-18 1.345e-17
2.239e-10 2.143e+46 1.721e+27 1.724e-30 2.268e-18 1.425e-17
2.512e-10 1.803e+46 1.823e+27 1.826e-30 2.402e-18 1.509e-17
2.818e-10 1.517e+46 1.931e+27 1.934e-30 2.545e-18 1.599e-17
3.162e-10 1.276e+46 2.045e+27 2.049e-30 2.695e-18 1.694e-17
3.548e-10 1.074e+46 2.166e+27 2.170e-30 2.855e-18 1.794e-17
3.981e-10 9.037e+45 2.295e+27 2.299e-30 3.024e-18 1.900e-17
4.467e-10 7.604e+45 2.431e+27 2.435e-30 3.203e-18 2.013e-17
5.012e-10 6.398e+45 2.575e+27 2.579e-30 3.393e-18 2.132e-17
5.623e-10 5.383e+45 2.727e+27 2.732e-30 3.594e-18 2.258e-17
6.310e-10 4.529e+45 2.889e+27 2.894e-30 3.807e-18 2.392e-17
7.079e-10 3.811e+45 3.060e+27 3.065e-30 4.033e-18 2.534e-17
7.943e-10 3.206e+45 3.241e+27 3.247e-30 4.272e-18 2.684e-17
8.913e-10 2.698e+45 3.433e+27 3.439e-30 4.525e-18 2.843e-17
1.000e-09 2.270e+45 3.637e+27 3.643e-30 4.793e-18 3.012e-17
1.122e-09 1.910e+45 3.852e+27 3.859e-30 5.077e-18 3.190e-17
1.259e-09 1.607e+45 4.081e+27 4.088e-30 5.378e-18 3.379e-17
1.413e-09 1.352e+45 4.322e+27 4.330e-30 5.697e-18 3.579e-17
1.585e-09 1.138e+45 4.578e+27 4.586e-30 6.034e-18 3.791e-17
1.778e-09 9.572e+44 4.850e+27 4.858e-30 6.392e-18 4.016e-17
1.995e-09 8.054e+44 5.137e+27 5.146e-30 6.770e-18 4.254e-17
2.239e-09 6.777e+44 5.442e+27 5.451e-30 7.171e-18 4.506e-17
2.512e-09 5.702e+44 5.764e+27 5.774e-30 7.596e-18 4.773e-17
2.818e-09 4.797e+44 6.105e+27 6.116e-30 8.046e-18 5.056e-17
3.162e-09 4.037e+44 6.467e+27 6.478e-30 8.523e-18 5.355e-17
3.548e-09 3.396e+44 6.850e+27 6.862e-30 9.028e-18 5.673e-17
3.981e-09 2.858e+44 7.256e+27 7.269e-30 9.563e-18 6.009e-17
4.467e-09 2.404e+44 7.686e+27 7.699e-30 1.013e-17 6.365e-17
5.012e-09 2.023e+44 8.142e+27 8.155e-30 1.073e-17 6.742e-17
5.623e-09 1.702e+44 8.624e+27 8.639e-30 1.137e-17 7.141e-17
6.310e-09 1.432e+44 9.135e+27 9.150e-30 1.204e-17 7.564e-17
7.079e-09 1.205e+44 9.676e+27 9.693e-30 1.275e-17 8.013e-17
7.943e-09 1.014e+44 1.025e+28 1.027e-29 1.351e-17 8.487e-17
8.913e-09 8.531e+43 1.086e+28 1.088e-29 1.431e-17 8.990e-17
1.000e-08 7.178e+43 1.150e+28 1.152e-29 1.516e-17 9.523e-17
1.122e-08 6.039e+43 1.218e+28 1.220e-29 1.605e-17 1.009e-16
1.259e-08 5.081e+43 1.290e+28 1.293e-29 1.701e-17 1.068e-16
1.413e-08 4.275e+43 1.367e+28 1.369e-29 1.801e-17 1.132e-16
1.585e-08 3.597e+43 1.448e+28 1.450e-29 1.908e-17 1.199e-16
1.778e-08 3.027e+43 1.534e+28 1.536e-29 2.021e-17 1.270e-16
1.995e-08 2.547e+43 1.624e+28 1.627e-29 2.141e-17 1.345e-16
2.239e-08 2.143e+43 1.721e+28 1.724e-29 2.268e-17 1.425e-16
2.512e-08 1.803e+43 1.823e+28 1.826e-29 2.402e-17 1.509e-16
2.818e-08 1.517e+43 1.931e+28 1.934e-29 2.544e-17 1.599e-16
3.162e-08 1.276e+43 2.045e+28 2.048e-29 2.695e-17 1.693e-16
3.548e-08 1.074e+43 2.166e+28 2.170e-29 2.855e-17 1.794e-16
3.981e-08 9.036e+42 2.294e+28 2.298e-29 3.024e-17 1.900e-16
4.467e-08 7.602e+42 2.430e+28 2.434e-29 3.203e-17 2.012e-16
5.012e-08 6.397e+42 2.574e+28 2.579e-29 3.393e-17 2.132e-16
5.623e-08 5.382e+42 2.727e+28 2.731e-29 3.594e-17 2.258e-16
6.310e-08 4.528e+42 2.888e+28 2.893e-29 3.807e-17 2.392e-16
7.079e-08 3.810e+42 3.059e+28 3.065e-29 4.032e-17 2.533e-16
7.943e-08 3.206e+42 3.241e+28 3.246e-29 4.271e-17 2.683e-16
8.913e-08 2.697e+42 3.433e+28 3.438e-29 4.524e-17 2.842e-16
1.000e-07 2.269e+42 3.636e+28 3.642e-29 4.792e-17 3.011e-16
1.122e-07 1.909e+42 3.851e+28 3.858e-29 5.076e-17 3.189e-16
1.259e-07 1.607e+42 4.080e+28 4.086e-29 5.376e-17 3.378e-16
1.413e-07 1.352e+42 4.321e+28 4.328e-29 5.695e-17 3.578e-16
1.585e-07 1.137e+42 4.577e+28 4.585e-29 6.032e-17 3.790e-16
1.778e-07 9.569e+41 4.848e+28 4.856e-29 6.390e-17 4.015e-16
1.995e-07 8.051e+41 5.135e+28 5.144e-29 6.768e-17 4.252e-16
2.239e-07 6.774e+41 5.440e+28 5.449e-29 7.169e-17 4.504e-16
2.512e-07 5.700e+41 5.762e+28 5.772e-29 7.594e-17 4.771e-16
2.818e-07 4.796e+41 6.103e+28 6.113e-29 8.043e-17 5.054e-16
3.162e-07 4.035e+41 6.464e+28 6.475e-29 8.520e-17 5.353e-16
3.548e-07 3.395e+41 6.847e+28 6.859e-29 9.024e-17 5.670e-16
3.981e-07 2.856e+41 7.253e+28 7.265e-29 9.559e-17 6.006e-16
4.467e-07 2.403e+41 7.682e+28 7.695e-29 1.012e-16 6.362e-16
5.012e-07 2.022e+41 8.137e+28 8.151e-29 1.072e-16 6.738e-16
5.623e-07 1.701e+41 8.619e+28 8.634e-29 1.136e-16 7.137e-16
6.310e-07 1.431e+41 9.130e+28 9.145e-29 1.203e-16 7.560e-16
7.079e-07 1.204e+41 9.670e+28 9.687e-29 1.274e-16 8.008e-16
7.943e-07 1.013e+41 1.024e+29 1.026e-28 1.350e-16 8.482e-16
8.913e-07 8.525e+40 1.085e+29 1.087e-28 1.430e-16 8.984e-16
1.000e-06 7.172e+40 1.149e+29 1.151e-28 1.514e-16 9.516e-16
1.122e-06 6.035e+40 1.217e+29 1.219e-28 1.604e-16 1.008e-15
1.259e-06 5.077e+40 1.289e+29 1.291e-28 1.699e-16 1.068e-15
1.413e-06 4.272e+40 1.366e+29 1.368e-28 1.800e-16 1.131e-15
1.585e-06 3.594e+40 1.446e+29 1.449e-28 1.906e-16 1.198e-15
1.778e-06 3.024e+40 1.532e+29 1.535e-28 2.019e-16 1.269e-15
1.995e-06 2.544e+40 1.623e+29 1.625e-28 2.139e-16 1.344e-15
2.239e-06 2.140e+40 1.719e+29 1.722e-28 2.265e-16 1.423e-15
2.512e-06 1.801e+40 1.820e+29 1.823e-28 2.399e-16 1.507e-15
2.818e-06 1.515e+40 1.928e+29 1.931e-28 2.541e-16 1.597e-15
3.162e-06 1.275e+40 2.042e+29 2.046e-28 2.691e-16 1.691e-15
3.548e-06 1.072e+40 2.163e+29 2.167e-28 2.851e-16 1.791e-15
3.981e-06 9.022e+39 2.291e+29 2.295e-28 3.019e-16 1.897e-15
4.467e-06 7.590e+39 2.426e+29 2.431e-28 3.198e-16 2.009e-15
5.012e-06 6.386e+39 2.570e+29 2.574e-28 3.387e-16 2.128e-15
5.623e-06 5.372e+39 2.722e+29 2.727e-28 3.587e-16 2.254e-15
6.310e-06 4.520e+39 2.883e+29 2.888e-28 3.799e-16 2.387e-15
7.079e-06 3.802e+39 3.053e+29 3.059e-28 4.024e-16 2.528e-15
7.943e-06 3.199e+39 3.234e+29 3.239e-28 4.262e-16 2.678e-15
8.913e-06 2.691e+39 3.425e+29 3.431e-28 4.514e-16 2.836e-15
1.000e-05 2.264e+39 3.627e+29 3.634e-28 4.781e-16 3.004e-15
1.122e-05 1.905e+39 3.842e+29 3.848e-28 5.063e-16 3.181e-15
1.259e-05 1.602e+39 4.069e+29 4.076e-28 5.362e-16 3.369e-15
1.413e-05 1.348e+39 4.309e+29 4.316e-28 5.679e-16 3.568e-15
1.585e-05 1.134e+39 4.564e+29 4.571e-28 6.014e-16 3.779e-15
1.778e-05 9.539e+38 4.833e+29 4.841e-28 6.369e-16 4.002e-15
1.995e-05 8.024e+38 5.118e+29 5.127e-28 6.745e-16 4.238e-15
2.239e-05 6.750e+38 5.420e+29 5.430e-28 7.144e-16 4.488e-15
2.512e-05 5.678e+38 5.740e+29 5.750e-28 7.565e-16 4.753e-15
2.818e-05 4.776e+38 6.079e+29 6.089e-28 8.011e-16 5.034e-15
3.162e-05 4.018e+38 6.437e+29 6.448e-28 8.484e-16 5.331e-15
3.548e-05 3.380e+38 6.817e+29 6.828e-28 8.984e-16 5.645e-15
3.981e-05 2.843e+38 7.219e+29 7.231e-28 9.514e-16 5.978e-15
4.467e-05 2.391e+38 7.644e+29 7.657e-28 1.007e-15 6.330e-15
5.012e-05 2.011e+38 8.094e+29 8.108e-28 1.067e-15 6.703e-15
5.623e-05 1.692e+38 8.571e+29 8.585e-28 1.130e-15 7.097e-15
6.310e-05 1.423e+38 9.075e+29 9.091e-28 1.196e-15 7.515e-15
7.079e-05 1.197e+38 9.609e+29 9.626e-28 1.266e-15 7.957e-15
7.943e-05 1.006e+38 1.017e+30 1.019e-27 1.341e-15 8.425e-15
8.913e-05 8.465e+37 1.077e+30 1.079e-27 1.420e-15 8.921e-15
1.000e-04 7.119e+37 1.141e+30 1.143e-27 1.503e-15 9.445e-15
1.122e-04 5.987e+37 1.208e+30 1.210e-27 1.591e-15 1.000e-14
1.259e-04 5.035e+37 1.278e+30 1.281e-27 1.685e-15 1.059e-14
1.413e-04 4.234e+37 1.353e+30 1.356e-27 1.784e-15 1.121e-14
1.585e-04 3.560e+37 1.433e+30 1.435e-27 1.888e-15 1.186e-14
1.778e-04 2.994e+37 1.517e+30 1.519e-27 1.999e-15 1.256e-14
1.995e-04 2.517e+37 1.606e+30 1.608e-27 2.116e-15 1.330e-14
2.239e-04 2.117e+37 1.700e+30 1.702e-27 2.240e-15 1.407e-14
2.512e-04 1.780e+37 1.799e+30 1.802e-27 2.371e-15 1.490e-14
2.818e-04 1.496e+37 1.904e+30 1.907e-27 2.509e-15 1.577e-14
3.162e-04 1.258e+37 2.015e+30 2.019e-27 2.656e-15 1.669e-14
3.548e-04 1.057e+37 2.133e+30 2.136e-27 2.811e-15 1.766e-14
3.981e-04 8.889e+36 2.257e+30 2.261e-27 2.975e-15 1.869e-14
4.467e-04 7.472e+36 2.389e+30 2.393e-27 3.148e-15 1.978e-14
5.012e-04 6.280e+36 2.527e+30 2.532e-27 3.331e-15 2.093e-14
5.623e-04 5.278e+36 2.674e+30 2.679e-27 3.524e-15 2.214e-14
6.310e-04 4.436e+36 2.829e+30 2.834e-27 3.729e-15 2.343e-14
7.079e-04 3.728e+36 2.993e+30 2.999e-27 3.945e-15 2.479e-14
7.943e-04 3.133e+36 3.167e+30 3.172e-27 4.173e-15 2.622e-14
8.913e-04 2.632e+36 3.350e+30 3.355e-27 4.415e-15 2.774e-14
1.000e-03 2.211e+36 3.543e+30 3.549e-27 4.669e-15 2.934e-14
1.122e-03 1.858e+36 3.747e+30 3.754e-27 4.939e-15 3.103e-14
1.259e-03 1.561e+36 3.963e+30 3.970e-27 5.223e-15 3.281e-14
1.413e-03 1.311e+36 4.190e+30 4.197e-27 5.523e-15 3.470e-14
1.585e-03 1.101e+36 4.431e+30 4.438e-27 5.839e-15 3.669e-14
1.778e-03 9.245e+35 4.684e+30 4.692e-27 6.173e-15 3.879e-14
1.995e-03 7.763e+35 4.951e+30 4.960e-27 6.526e-15 4.100e-14
2.239e-03 6.518e+35 5.234e+30 5.242e-27 6.897e-15 4.334e-14
2.512e-03 5.471e+35 5.531e+30 5.540e-27 7.289e-15 4.580e-14
2.818e-03 4.592e+35 5.845e+30 5.854e-27 7.703e-15 4.840e-14
3.162e-03 3.854e+35 6.175e+30 6.185e-27 8.138e-15 5.113e-14
3.548e-03 3.234e+35 6.523e+30 6.534e-27 8.597e-15 5.402e-14
3.981e-03 2.713e+35 6.890e+30 6.902e-27 9.080e-15 5.705e-14
4.467e-03 2.276e+35 7.276e+30 7.288e-27 9.589e-15 6.025e-14
5.012e-03 1.909e+35 7.683e+30 7.696e-27 1.013e-14 6.362e-14
5.623e-03 1.601e+35 8.110e+30 8.124e-27 1.069e-14 6.716e-14
6.310e-03 1.342e+35 8.560e+30 8.575e-27 1.128e-14 7.088e-14
7.079e-03 1.125e+35 9.033e+30 9.048e-27 1.190e-14 7.480e-14
7.943e-03 9.427e+34 9.530e+30 9.546e-27 1.256e-14 7.892e-14
8.913e-03 7.899e+34 1.005e+31 1.007e-26 1.325e-14 8.324e-14
1.000e-02 6.616e+34 1.060e+31 1.062e-26 1.397e-14 8.778e-14
1.122e-02 5.540e+34 1.118e+31 1.119e-26 1.473e-14 9.254e-14
1.259e-02 4.638e+34 1.178e+31 1.180e-26 1.552e-14 9.753e-14
1.413e-02 3.882e+34 1.241e+31 1.243e-26 1.636e-14 1.028e-13
1.585e-02 3.248e+34 1.307e+31 1.310e-26 1.723e-14 1.083e-13
1.778e-02 2.717e+34 1.377e+31 1.379e-26 1.814e-14 1.140e-13
1.995e-02 2.272e+34 1.449e+31 1.452e-26 1.910e-14 1.200e-13
2.239e-02 1.899e+34 1.525e+31 1.528e-26 2.010e-14 1.263e-13
2.512e-02 1.587e+34 1.604e+31 1.607e-26 2.114e-14 1.328e-13
2.818e-02 1.325e+34 1.687e+31 1.690e-26 2.223e-14 1.397e-13
3.162e-02 1.107e+34 1.773e+31 1.776e-26 2.337e-14 1.468e-13
3.548e-02 9.236e+33 1.863e+31 1.866e-26 2.455e-14 1.543e-13
3.981e-02 7.705e+33 1.956e+31 1.960e-26 2.578e-14 1.620e-13
4.467e-02 6.424e+33 2.054e+31 2.057e-26 2.707e-14 1.701e-13
5.012e-02 5.354e+33 2.155e+31 2.158e-26 2.840e-14 1.784e-13
5.623e-02 4.460e+33 2.260e+31 2.263e-26 2.978e-14 1.871e-13
6.310e-02 3.713e+33 2.368e+31 2.372e-26 3.121e-14 1.961e-13
7.079e-02 3.089e+33 2.481e+31 2.485e-26 3.269e-14 2.054e-13
7.943e-02 2.569e+33 2.597e+31 2.601e-26 3.423e-14 2.150e-13
8.913e-02 2.135e+33 2.717e+31 2.722e-26 3.581e-14 2.250e-13
1.000e-01 1.773e+33 2.841e+31 2.846e-26 3.744e-14 2.352e-13
1.122e-01 1.472e+33 2.968e+31 2.973e-26 3.912e-14 2.458e-13
1.259e-01 1.221e+33 3.099e+31 3.104e-26 4.084e-14 2.566e-13
1.413e-01 1.012e+33 3.234e+31 3.239e-26 4.262e-14 2.678e-13
1.585e-01 8.377e+32 3.371e+31 3.377e-26 4.443e-14 2.792e-13
1.778e-01 6.931e+32 3.512e+31 3.518e-26 4.628e-14 2.908e-13
1.995e-01 5.731e+32 3.655e+31 3.662e-26 4.817e-14 3.027e-13
2.239e-01 4.734e+32 3.801e+31 3.808e-26 5.010e-14 3.148e-13
2.512e-01 3.907e+32 3.950e+31 3.957e-26 5.206e-14 3.271e-13
2.818e-01 3.222e+32 4.100e+31 4.107e-26 5.404e-14 3.395e-13
3.162e-01 2.654e+32 4.252e+31 4.259e-26 5.604e-14 3.521e-13
3.548e-01 2.184e+32 4.405e+31 4.413e-26 5.806e-14 3.648e-13
3.981e-01 1.796e+32 4.559e+31 4.567e-26 6.009e-14 3.776e-13
4.467e-01 1.475e+32 4.714e+31 4.722e-26 6.212e-14 3.903e-13
5.012e-01 1.210e+32 4.868e+31 4.876e-26 6.416e-14 4.031e-13
5.623e-01 9.911e+31 5.021e+31 5.030e-26 6.618e-14 4.158e-13
6.310e-01 8.111e+31 5.173e+31 5.182e-26 6.818e-14 4.284e-13
7.079e-01 6.630e+31 5.324e+31 5.333e-26 7.016e-14 4.408e-13
7.943e-01 5.412e+31 5.471e+31 5.481e-26 7.211e-14 4.531e-13
8.913e-01 4.412e+31 5.616e+31 5.625e-26 7.401e-14 4.650e-13
1.000e+00 3.593e+31 5.756e+31 5.766e-26 7.586e-14 4.766e-13
1.122e+00 2.921e+31 5.891e+31 5.901e-26 7.764e-14 4.879e-13
1.259e+00 2.371e+31 6.021e+31 6.032e-26 7.936e-14 4.986e-13
1.413e+00 1.922e+31 6.145e+31 6.156e-26 8.099e-14 5.089e-13
1.585e+00 1.556e+31 6.261e+31 6.272e-26 8.252e-14 5.185e-13
1.778e+00 1.257e+31 6.370e+31 6.381e-26 8.395e-14 5.275e-13
1.995e+00 1.014e+31 6.469e+31 6.480e-26 8.526e-14 5.357e-13
2.239e+00 8.167e+30 6.558e+31 6.569e-26 8.643e-14 5.431e-13
2.512e+00 6.565e+30 6.637e+31 6.648e-26 8.747e-14 5.496e-13
2.818e+00 5.267e+30 6.703e+31 6.715e-26 8.834e-14 5.551e-13
3.162e+00 4.217e+30 6.757e+31 6.768e-26 8.905e-14 5.595e-13
3.548e+00 3.370e+30 6.796e+31 6.808e-26 8.957e-14 5.628e-13
3.981e+00 2.686e+30 6.821e+31 6.833e-26 8.990e-14 5.648e-13
4.467e+00 2.137e+30 6.830e+31 6.842e-26 9.001e-14 5.656e-13
5.012e+00 1.695e+30 6.823e+31 6.834e-26 8.992e-14 5.650e-13
5.623e+00 1.342e+30 6.799e+31 6.810e-26 8.960e-14 5.630e-13
6.310e+00 1.059e+30 6.758e+31 6.769e-26 8.906e-14 5.596e-13
7.079e+00 8.341e+29 6.698e+31 6.709e-26 8.827e-14 5.546e-13
7.943e+00 6.546e+29 6.618e+31 6.629e-26 8.722e-14 5.480e-13
8.913e+00 5.119e+29 6.515e+31 6.526e-26 8.586e-14 5.395e-13
1.000e+01 3.988e+29 6.389e+31 6.400e-26 8.420e-14 5.291e-13
1.122e+01 3.093e+29 6.239e+31 6.250e-26 8.223e-14 5.167e-13
1.259e+01 2.389e+29 6.067e+31 6.078e-26 7.996e-14 5.024e-13
1.413e+01 1.838e+29 5.876e+31 5.886e-26 7.744e-14 4.866e-13
1.585e+01 1.408e+29 5.668e+31 5.678e-26 7.470e-14 4.694e-13
1.778e+01 1.075e+29 5.448e+31 5.457e-26 7.180e-14 4.511e-13
1.995e+01 8.180e+28 5.218e+31 5.226e-26 6.876e-14 4.321e-13
2.239e+01 6.201e+28 4.979e+31 4.988e-26 6.562e-14 4.123e-13
2.512e+01 4.681e+28 4.732e+31 4.741e-26 6.237e-14 3.919e-13
2.818e+01 3.518e+28 4.477e+31 4.485e-26 5.900e-14 3.707e-13
3.162e+01 2.629e+28 4.211e+31 4.219e-26 5.550e-14 3.487e-13
3.548e+01 1.951e+28 3.935e+31 3.941e-26 5.185e-14 3.258e-13
3.981e+01 1.436e+28 3.646e+31 3.652e-26 4.805e-14 3.019e-13
4.467e+01 1.047e+28 3.347e+31 3.353e-26 4.411e-14 2.772e-13
5.012e+01 7.552e+27 3.039e+31 3.044e-26 4.005e-14 2.517e-13
5.623e+01 5.381e+27 2.726e+31 2.731e-26 3.593e-14 2.257e-13
6.310e+01 3.781e+27 2.412e+31 2.416e-26 3.179e-14 1.997e-13
7.079e+01 2.618e+27 2.102e+31 2.105e-26 2.770e-14 1.741e-13
7.943e+01 1.782e+27 1.802e+31 1.805e-26 2.374e-14 1.492e-13
8.913e+01 1.191e+27 1.516e+31 1.519e-26 1.998e-14 1.255e-13
1.000e+02 7.805e+26 1.251e+31 1.253e-26 1.648e-14 1.036e-13
1.122e+02 5.002e+26 1.009e+31 1.011e-26 1.330e-14 8.355e-14
1.259e+02 3.129e+26 7.945e+30 7.958e-27 1.047e-14 6.579e-14
1.413e+02 1.905e+26 6.089e+30 6.100e-27 8.025e-15 5.042e-14
1.585e+02 1.125e+26 4.529e+30 4.537e-27 5.969e-15 3.750e-14
1.778e+02 6.429e+25 3.258e+30 3.263e-27 4.293e-15 2.697e-14
1.995e+02 3.538e+25 2.256e+30 2.260e-27 2.974e-15 1.869e-14
2.239e+02 1.866e+25 1.498e+30 1.501e-27 1.975e-15 1.241e-14
2.512e+02 9.383e+24 9.485e+29 9.501e-28 1.250e-15 7.854e-15
2.818e+02 4.472e+24 5.691e+29 5.701e-28 7.500e-16 4.713e-15
3.162e+02 2.007e+24 3.216e+29 3.221e-28 4.238e-16 2.663e-15
3.548e+02 8.426e+23 1.700e+29 1.702e-28 2.240e-16 1.407e-15
3.981e+02 3.289e+23 8.352e+28 8.366e-29 1.101e-16 6.916e-16
4.467e+02 1.189e+23 3.800e+28 3.807e-29 5.009e-17 3.147e-16
5.012e+02 3.991e+22 1.606e+28 1.609e-29 2.117e-17 1.330e-16
5.623e+02 1.310e+22 6.636e+27 6.647e-30 8.746e-18 5.495e-17
6.310e+02 3.596e+21 2.294e+27 2.298e-30 3.023e-18 1.899e-17
7.079e+02 8.639e+20 6.937e+26 6.949e-31 9.143e-19 5.745e-18
7.943e+02 1.623e+20 1.641e+26 1.644e-31 2.163e-19 1.359e-18
8.913e+02 1.234e+19 1.570e+25 1.573e-32 2.070e-20 1.300e-19
1.000e+03 0.000e+00 0.000e+00 0.000e+00 0.000e+00 0.000e+00
1.122e+03 0.000e+00 0.000e+00 0.000e+00 0.000e+00 0.000e+00
1.259e+03 0.000e+00 0.000e+00 0.000e+00 0.000e+00 0.000e+00
1.413e+03 0.000e+00 0.000e+00 0.000e+00 0.000e+00 0.000e+00
1.585e+03 0.000e+00 0.000e+00 0.000e+00 0.000e+00 0.000e+00
1.778e+03 0.000e+00 0.000e+00 0.000e+00 0.000e+00 0.000e+00
1.995e+03 0.000e+00 0.000e+00 0.000e+00 0.000e+00 0.000e+00
2.239e+03 0.000e+00 0.000e+00 0.000e+00 0.000e+00 0.000e+00
2.512e+03 0.000e+00 0.000e+00 0.000e+00 0.000e+00 0.000e+00
2.818e+03 0.000e+00 0.000e+00 0.000e+00 0.000e+00 0.000e+00
3.162e+03 0.000e+00 0.000e+00 0.000e+00 0.000e+00 0.000e+00
3.548e+03 0.000e+00 0.000e+00 0.000e+00 0.000e+00 0.000e+00
3.981e+03 0.000e+00 0.000e+00 0.000e+00 0.000e+00 0.000e+00
4.467e+03 0.000e+00 0.000e+00 0.000e+00 0.000e+00 0.000e+00
5.012e+03 0.000e+00 0.000e+00 0.000e+00 0.000e+00 0.000e+00
5.623e+03 0.000e+00 0.000e+00 0.000e+00 0.000e+00 0.000e+00
6.310e+03 0.000e+00 0.000e+00 0.000e+00 0.000e+00 0.000e+00
7.079e+03 0.000e+00 0.000e+00 0.000e+00 0.000e+00 0.000e+00
7.943e+03 0.000e+00 0.000e+00 0.000e+00 0.000e+00 0.000e+00
8.913e+03 0.000e+00 0.000e+00 0.000e+00 0.000e+00 0.000e+00
1.000e+04 0.000e+00 0.000e+00 0.000e+00 0.000e+00 0.000e+00
1.122e+04 0.000e+00 0.000e+00 0.000e+00 0.000e+00 0.000e+00
1.259e+04 0.000e+00 0.000e+00 0.000e+00 0.000e+00 0.000e+00
1.413e+04 0.000e+00 0.000e+00 0.000e+00 0.000e+00 0.000e+00
1.585e+04 0.000e+00 0.000e+00 0.000e+00 0.000e+00 0.000e+00
1.778e+04 0.000e+00 0.000e+00 0.000e+00 0.000e+00 0.000e+00
1.995e+04 0.000e+00 0.000e+00 0.000e+00 0.000e+00 0.000e+00
2.239e+04 0.000e+00 0.000e+00 0.000e+00 0.000e+00 0.000e+00
2.512e+04 0.000e+00 0.000e+00 0.000e+00 0.000e+00 0.000e+00
2.818e+04 0.000e+00 0.000e+00 0.000e+00 0.000e+00 0.000e+00
3.162e+04 0.000e+00 0.000e+00 0.000e+00 0.000e+00 0.000e+00
3.548e+04 0.000e+00 0.000e+00 0.000e+00 0.000e+00 0.000e+00
3.981e+04 0.000e+00 0.000e+00 0.000e+00 0.000e+00 0.000e+00
4.467e+04 0.000e+00 0.000e+00 0.000e+00 0.000e+00 0.000e+00
5.012e+04 0.000e+00 0.000e+00 0.000e+00 0.000e+00 0.000e+00
5.623e+04 0.000e+00 0.000e+00 0.000e+00 0.000e+00 0.000e+00
6.310e+04 0.000e+00 0.000e+00 0.000e+00 0.000e+00 0.000e+00
7.079e+04 0.000e+00 0.000e+00 0.000e+00 0.000e+00 0.000e+00
7.943e+04 0.000e+00 0.000e+00 0.000e+00 0.000e+00 0.000e+00
8.913e+04 0.000e+00 0.000e+00 0.000e+00 0.000e+00 0.000e+00
1.000e+05 0.000e+00 0.000e+00 0.000e+00 0.000e+00 0.000e+00
1.122e+05 0.000e+00 0.000e+00 0.000e+00 0.000e+00 0.000e+00
1.259e+05 0.000e+00 0.000e+00 0.000e+00 0.000e+00 0.000e+00
1.413e+05 0.000e+00 0.000e+00 0.000e+00 0.000e+00 0.000e+00
1.585e+05 0.000e+00 0.000e+00 0.000e+00 0.000e+00 0.000e+00
1.778e+05 0.000e+00 0.000e+00 0.000e+00 0.000e+00 0.000e+00
1.995e+05 0.000e+00 0.000e+00 0.000e+00 0.000e+00 0.000e+00
2.239e+05 0.000e+00 0.000e+00 0.000e+00 0.000e+00 0.000e+00
2.512e+05 0.000e+00 0.000e+00 0.000e+00 0.000e+00 0.000e+00
2.818e+05 0.000e+00 0.000e+00 0.000e+00 0.000e+00 0.000e+00
3.162e+05 0.000e+00 0.000e+00 0.000e+00 0.000e+00 0.000e+00
3.548e+05 0.000e+00 0.000e+00 0.000e+00 0.000e+00 0.000e+00
3.981e+05 0.000e+00 0.000e+00 0.000e+00 0.000e+00 0.000e+00
4.467e+05 0.000e+00 0.000e+00 0.000e+00 0.000e+00 0.000e+00
5.012e+05 0.000e+00 0.000e+00 0.000e+00 0.000e+00 0.000e+00
5.623e+05 0.000e+00 0.000e+00 0.000e+00 0.000e+00 0.000e+00
6.310e+05 0.000e+00 0.000e+00 0.000e+00 0.000e+00 0.000e+00
7.079e+05 0.000e+00 0.000e+00 0.000e+00 0.000e+00 0.000e+00
7.943e+05 0.000e+00 0.000e+00 0.000e+00 0.000e+00 0.000e+00
8.913e+05 0.000e+00 0.000e+00 0.000e+00 0.000e+00 0.000e+00
1.000e+06 0.000e+00 0.000e+00 0.000e+00 0.000e+00 0.000e+00
1.122e+06 0.000e+00 0.000e+00 0.000e+00 0.000e+00 0.000e+00
1.259e+06 0.000e+00 0.000e+00 0.000e+00 0.000e+00 0.000e+00
1.413e+06 0.000e+00 0.000e+00 0.000e+00 0.000e+00 0.000e+00
1.585e+06 0.000e+00 0.000e+00 0.000e+00 0.000e+00 0.000e+00
1.778e+06 0.000e+00 0.000e+00 0.000e+00 0.000e+00 0.000e+00
1.995e+06 0.000e+00 0.000e+00 0.000e+00 0.000e+00 0.000e+00
2.239e+06 0.000e+00 0.000e+00 0.000e+00 0.000e+00 0.000e+00
2.512e+06 0.000e+00 0.000e+00 0.000e+00 0.000e+00 0.000e+00
2.818e+06 0.000e+00 0.000e+00 0.000e+00 0.000e+00 0.000e+00
3.162e+06 0.000e+00 0.000e+00 0.000e+00 0.000e+00 0.000e+00
3.548e+06 0.000e+00 0.000e+00 0.000e+00 0.000e+00 0.000e+00
3.981e+06 0.000e+00 0.000e+00 0.000e+00 0.000e+00 0.000e+00
4.467e+06 0.000e+00 0.000e+00 0.000e+00 0.000e+00 0.000e+00
5.012e+06 0.000e+00 0.000e+00 0.000e+00 0.000e+00 0.000e+00
5.623e+06 0.000e+00 0.000e+00 0.000e+00 0.000e+00 0.000e+00
6.310e+06 0.000e+00 0.000e+00 0.000e+00 0.000e+00 0.000e+00
7.079e+06 0.000e+00 0.000e+00 0.000e+00 0.000e+00 0.000e+00
7.943e+06 0.000e+00 0.000e+00 0.000e+00 0.000e+00 0.000e+00
8.913e+06 0.000e+00 0.000e+00 0.000e+00 0.000e+00 0.000e+00
1.000e+07 0.000e+00 0.000e+00 0.000e+00 0.000e+00 0.000e+00
1.122e+07 0.000e+00 0.000e+00 0.000e+00 0.000e+00 0.000e+00
1.259e+07 0.000e+00 0.000e+00 0.000e+00 0.000e+00 0.000e+00
1.413e+07 0.000e+00 0.000e+00 0.000e+00 0.000e+00 0.000e+00
1.585e+07 0.000e+00 0.000e+00 0.000e+00 0.000e+00 0.000e+00
1.778e+07 0.000e+00 0.000e+00 0.000e+00 0.000e+00 0.000e+00
1.995e+07 0.000e+00 0.000e+00 0.000e+00 0.000e+00 0.000e+00
2.239e+07 0.000e+00 0.000e+00 0.000e+00 0.000e+00 0.000e+00
2.512e+07 0.000e+00 0.000e+00 0.000e+00 0.000e+00 0.000e+00
2.818e+07 0.000e+00 0.000e+00 0.000e+00 0.000e+00 0.000e+00
3.162e+07 0.000e+00 0.000e+00 0.000e+00 0.000e+00 0.000e+00
3.548e+07 0.000e+00 0.000e+00 0.000e+00 0.000e+00 0.000e+00
3.981e+07 0.000e+00 0.000e+00 0.000e+00 0.000e+00 0.000e+00
4.467e+07 0.000e+00 0.000e+00 0.000e+00 0.000e+00 0.000e+00
5.012e+07 0.000e+00 0.000e+00 0.000e+00 0.000e+00 0.000e+00
5.623e+07 0.000e+00 0.000e+00 0.000e+00 0.000e+00 0.000e+00
6.310e+07 0.000e+00 0.000e+00 0.000e+00 0.000e+00 0.000e+00
7.079e+07 0.000e+00 0.000e+00 0.000e+00 0.000e+00 0.000e+00
7.943e+07 0.000e+00 0.000e+00 0.000e+00 0.000e+00 0.000e+00
8.913e+07 0.000e+00 0.000e+00 0.000e+00 0.000e+00 0.000e+00
1.000e+08 0.000e+00 0.000e+00 0.000e+00 0.000e+00 0.000e+00
