1.000e-20 7.911e+64 1.268e+25 1.270e-32 2.578e-21 3.240e-20
1.122e-20 7.327e+64 1.478e+25 1.480e-32 3.006e-21 3.777e-20
1.259e-20 6.785e+64 1.723e+25 1.726e-32 3.504e-21 4.404e-20
1.413e-20 6.284e+64 2.009e+25 2.012e-32 4.086e-21 5.134e-20
1.585e-20 5.820e+64 2.342e+25 2.346e-32 4.764e-21 5.986e-20
1.778e-20 5.390e+64 2.731e+25 2.735e-32 5.554e-21 6.979e-20
1.995e-20 4.992e+64 3.184e+25 3.189e-32 6.475e-21 8.137e-20
2.239e-20 4.623e+64 3.712e+25 3.718e-32 7.550e-21 9.487e-20
2.512e-20 4.281e+64 4.328e+25 4.335e-32 8.802e-21 1.106e-19
2.818e-20 3.965e+64 5.046e+25 5.055e-32 1.026e-20 1.290e-19
3.162e-20 3.672e+64 5.883e+25 5.893e-32 1.197e-20 1.504e-19
3.548e-20 3.401e+64 6.859e+25 6.871e-32 1.395e-20 1.753e-19
3.981e-20 3.149e+64 7.997e+25 8.011e-32 1.627e-20 2.044e-19
4.467e-20 2.917e+64 9.324e+25 9.340e-32 1.896e-20 2.383e-19
5.012e-20 2.701e+64 1.087e+26 1.089e-31 2.211e-20 2.778e-19
5.623e-20 2.502e+64 1.267e+26 1.270e-31 2.578e-20 3.239e-19
6.310e-20 2.317e+64 1.478e+26 1.480e-31 3.005e-20 3.777e-19
7.079e-20 2.146e+64 1.723e+26 1.726e-31 3.504e-20 4.403e-19
7.943e-20 1.987e+64 2.009e+26 2.012e-31 4.085e-20 5.134e-19
8.913e-20 1.840e+64 2.342e+26 2.346e-31 4.763e-20 5.986e-19
1.000e-19 1.704e+64 2.731e+26 2.735e-31 5.554e-20 6.979e-19
1.122e-19 1.578e+64 3.184e+26 3.189e-31 6.475e-20 8.137e-19
1.259e-19 1.462e+64 3.712e+26 3.718e-31 7.549e-20 9.487e-19
1.413e-19 1.354e+64 4.328e+26 4.335e-31 8.802e-20 1.106e-18
1.585e-19 1.254e+64 5.046e+26 5.054e-31 1.026e-19 1.290e-18
1.778e-19 1.161e+64 5.883e+26 5.893e-31 1.196e-19 1.503e-18
1.995e-19 1.075e+64 6.859e+26 6.870e-31 1.395e-19 1.753e-18
2.239e-19 9.958e+63 7.996e+26 8.010e-31 1.626e-19 2.044e-18
2.512e-19 9.223e+63 9.323e+26 9.339e-31 1.896e-19 2.383e-18
2.818e-19 8.541e+63 1.087e+27 1.089e-30 2.211e-19 2.778e-18
3.162e-19 7.910e+63 1.267e+27 1.269e-30 2.577e-19 3.239e-18
3.548e-19 7.325e+63 1.478e+27 1.480e-30 3.005e-19 3.776e-18
3.981e-19 6.784e+63 1.723e+27 1.726e-30 3.504e-19 4.403e-18
4.467e-19 6.283e+63 2.008e+27 2.012e-30 4.085e-19 5.133e-18
5.012e-19 5.818e+63 2.342e+27 2.346e-30 4.762e-19 5.985e-18
5.623e-19 5.388e+63 2.730e+27 2.735e-30 5.553e-19 6.977e-18
6.310e-19 4.990e+63 3.183e+27 3.188e-30 6.474e-19 8.135e-18
7.079e-19 4.621e+63 3.711e+27 3.717e-30 7.547e-19 9.484e-18
7.943e-19 4.280e+63 4.327e+27 4.334e-30 8.799e-19 1.106e-17
8.913e-19 3.964e+63 5.044e+27 5.053e-30 1.026e-18 1.289e-17
1.000e-18 3.671e+63 5.881e+27 5.891e-30 1.196e-18 1.503e-17
1.122e-18 3.399e+63 6.857e+27 6.868e-30 1.394e-18 1.752e-17
1.259e-18 3.148e+63 7.994e+27 8.007e-30 1.626e-18 2.043e-17
1.413e-18 2.915e+63 9.320e+27 9.336e-30 1.895e-18 2.382e-17
1.585e-18 2.700e+63 1.087e+28 1.088e-29 2.210e-18 2.777e-17
1.778e-18 2.500e+63 1.267e+28 1.269e-29 2.576e-18 3.238e-17
1.995e-18 2.315e+63 1.477e+28 1.479e-29 3.004e-18 3.775e-17
2.239e-18 2.144e+63 1.722e+28 1.725e-29 3.502e-18 4.401e-17
2.512e-18 1.986e+63 2.007e+28 2.011e-29 4.083e-18 5.130e-17
2.818e-18 1.839e+63 2.340e+28 2.344e-29 4.760e-18 5.981e-17
3.162e-18 1.703e+63 2.728e+28 2.733e-29 5.549e-18 6.973e-17
3.548e-18 1.577e+63 3.181e+28 3.186e-29 6.469e-18 8.130e-17
3.981e-18 1.460e+63 3.708e+28 3.715e-29 7.542e-18 9.478e-17
4.467e-18 1.352e+63 4.323e+28 4.331e-29 8.793e-18 1.105e-16
5.012e-18 1.252e+63 5.040e+28 5.049e-29 1.025e-17 1.288e-16
5.623e-18 1.160e+63 5.876e+28 5.886e-29 1.195e-17 1.502e-16
6.310e-18 1.074e+63 6.850e+28 6.862e-29 1.393e-17 1.751e-16
7.079e-18 9.945e+62 7.986e+28 7.999e-29 1.624e-17 2.041e-16
7.943e-18 9.209e+62 9.309e+28 9.325e-29 1.893e-17 2.379e-16
8.913e-18 8.527e+62 1.085e+29 1.087e-28 2.207e-17 2.774e-16
1.000e-17 7.896e+62 1.265e+29 1.267e-28 2.573e-17 3.233e-16
1.122e-17 7.312e+62 1.475e+29 1.477e-28 3.000e-17 3.769e-16
1.259e-17 6.771e+62 1.719e+29 1.722e-28 3.497e-17 4.394e-16
1.413e-17 6.269e+62 2.004e+29 2.008e-28 4.076e-17 5.122e-16
1.585e-17 5.805e+62 2.336e+29 2.340e-28 4.751e-17 5.971e-16
1.778e-17 5.375e+62 2.723e+29 2.728e-28 5.539e-17 6.960e-16
1.995e-17 4.977e+62 3.174e+29 3.180e-28 6.456e-17 8.113e-16
2.239e-17 4.608e+62 3.700e+29 3.706e-28 7.525e-17 9.457e-16
2.512e-17 4.266e+62 4.313e+29 4.320e-28 8.772e-17 1.102e-15
2.818e-17 3.950e+62 5.027e+29 5.036e-28 1.022e-16 1.285e-15
3.162e-17 3.657e+62 5.859e+29 5.869e-28 1.192e-16 1.498e-15
3.548e-17 3.386e+62 6.829e+29 6.841e-28 1.389e-16 1.745e-15
3.981e-17 3.135e+62 7.960e+29 7.973e-28 1.619e-16 2.034e-15
4.467e-17 2.902e+62 9.277e+29 9.292e-28 1.887e-16 2.371e-15
5.012e-17 2.686e+62 1.081e+30 1.083e-27 2.199e-16 2.763e-15
5.623e-17 2.487e+62 1.260e+30 1.262e-27 2.563e-16 3.220e-15
6.310e-17 2.302e+62 1.468e+30 1.471e-27 2.986e-16 3.753e-15
7.079e-17 2.131e+62 1.711e+30 1.714e-27 3.480e-16 4.373e-15
7.943e-17 1.972e+62 1.994e+30 1.997e-27 4.055e-16 5.096e-15
8.913e-17 1.825e+62 2.323e+30 2.327e-27 4.725e-16 5.938e-15
1.000e-16 1.690e+62 2.707e+30 2.712e-27 5.505e-16 6.918e-15
1.122e-16 1.564e+62 3.154e+30 3.159e-27 6.414e-16 8.060e-15
1.259e-16 1.447e+62 3.674e+30 3.681e-27 7.473e-16 9.391e-15
1.413e-16 1.339e+62 4.280e+30 4.288e-27 8.706e-16 1.094e-14
1.585e-16 1.239e+62 4.986e+30 4.995e-27 1.014e-15 1.274e-14
1.778e-16 1.146e+62 5.808e+30 5.818e-27 1.181e-15 1.484e-14
1.995e-16 1.061e+62 6.765e+30 6.776e-27 1.376e-15 1.729e-14
2.239e-16 9.812e+61 7.879e+30 7.892e-27 1.602e-15 2.014e-14
2.512e-16 9.076e+61 9.175e+30 9.190e-27 1.866e-15 2.345e-14
2.818e-16 8.395e+61 1.068e+31 1.070e-26 2.173e-15 2.730e-14
3.162e-16 7.764e+61 1.244e+31 1.246e-26 2.530e-15 3.179e-14
3.548e-16 7.179e+61 1.448e+31 1.451e-26 2.945e-15 3.701e-14
3.981e-16 6.638e+61 1.686e+31 1.689e-26 3.428e-15 4.308e-14
4.467e-16 6.137e+61 1.962e+31 1.965e-26 3.990e-15 5.014e-14
5.012e-16 5.673e+61 2.283e+31 2.287e-26 4.644e-15 5.835e-14
5.623e-16 5.244e+61 2.657e+31 2.661e-26 5.403e-15 6.790e-14
6.310e-16 4.846e+61 3.091e+31 3.096e-26 6.286e-15 7.899e-14
7.079e-16 4.477e+61 3.595e+31 3.601e-26 7.312e-15 9.188e-14
7.943e-16 4.136e+61 4.181e+31 4.188e-26 8.504e-15 1.069e-13
8.913e-16 3.820e+61 4.862e+31 4.870e-26 9.887e-15 1.242e-13
1.000e-15 3.527e+61 5.652e+31 5.661e-26 1.149e-14 1.444e-13
1.122e-15 3.257e+61 6.569e+31 6.580e-26 1.336e-14 1.679e-13
1.259e-15 3.006e+61 7.632e+31 7.645e-26 1.552e-14 1.951e-13
1.413e-15 2.773e+61 8.866e+31 8.881e-26 1.803e-14 2.266e-13
1.585e-15 2.558e+61 1.030e+32 1.031e-25 2.094e-14 2.632e-13
1.778e-15 2.359e+61 1.195e+32 1.197e-25 2.431e-14 3.055e-13
1.995e-15 2.175e+61 1.387e+32 1.390e-25 2.822e-14 3.546e-13
2.239e-15 2.004e+61 1.610e+32 1.612e-25 3.274e-14 4.114e-13
2.512e-15 1.847e+61 1.867e+32 1.870e-25 3.796e-14 4.771e-13
2.818e-15 1.700e+61 2.164e+32 2.168e-25 4.401e-14 5.530e-13
3.162e-15 1.565e+61 2.507e+32 2.512e-25 5.100e-14 6.408e-13
3.548e-15 1.440e+61 2.904e+32 2.909e-25 5.906e-14 7.422e-13
3.981e-15 1.324e+61 3.362e+32 3.367e-25 6.837e-14 8.592e-13
4.467e-15 1.217e+61 3.889e+32 3.896e-25 7.910e-14 9.941e-13
5.012e-15 1.117e+61 4.497e+32 4.505e-25 9.147e-14 1.149e-12
5.623e-15 1.026e+61 5.197e+32 5.206e-25 1.057e-13 1.328e-12
6.310e-15 9.409e+60 6.001e+32 6.011e-25 1.221e-13 1.534e-12
7.079e-15 8.624e+60 6.925e+32 6.937e-25 1.408e-13 1.770e-12
7.943e-15 7.898e+60 7.985e+32 7.998e-25 1.624e-13 2.041e-12
8.913e-15 7.228e+60 9.198e+32 9.214e-25 1.871e-13 2.351e-12
1.000e-14 6.608e+60 1.059e+33 1.061e-24 2.153e-13 2.706e-12
1.122e-14 6.036e+60 1.217e+33 1.219e-24 2.476e-13 3.111e-12
1.259e-14 5.507e+60 1.398e+33 1.401e-24 2.844e-13 3.574e-12
1.413e-14 5.019e+60 1.604e+33 1.607e-24 3.263e-13 4.101e-12
1.585e-14 4.569e+60 1.839e+33 1.842e-24 3.740e-13 4.699e-12
1.778e-14 4.154e+60 2.104e+33 2.108e-24 4.280e-13 5.379e-12
1.995e-14 3.771e+60 2.405e+33 2.409e-24 4.892e-13 6.147e-12
2.239e-14 3.418e+60 2.745e+33 2.750e-24 5.583e-13 7.016e-12
2.512e-14 3.094e+60 3.128e+33 3.133e-24 6.361e-13 7.994e-12
2.818e-14 2.796e+60 3.558e+33 3.564e-24 7.236e-13 9.093e-12
3.162e-14 2.521e+60 4.040e+33 4.046e-24 8.216e-13 1.032e-11
3.548e-14 2.270e+60 4.578e+33 4.586e-24 9.311e-13 1.170e-11
3.981e-14 2.039e+60 5.177e+33 5.186e-24 1.053e-12 1.323e-11
4.467e-14 1.827e+60 5.842e+33 5.852e-24 1.188e-12 1.493e-11
5.012e-14 1.634e+60 6.577e+33 6.588e-24 1.338e-12 1.681e-11
5.623e-14 1.458e+60 7.385e+33 7.398e-24 1.502e-12 1.888e-11
6.310e-14 1.297e+60 8.271e+33 8.286e-24 1.682e-12 2.114e-11
7.079e-14 1.150e+60 9.238e+33 9.254e-24 1.879e-12 2.361e-11
7.943e-14 1.018e+60 1.029e+34 1.030e-23 2.092e-12 2.629e-11
8.913e-14 8.973e+59 1.142e+34 1.144e-23 2.323e-12 2.919e-11
1.000e-13 7.887e+59 1.264e+34 1.266e-23 2.570e-12 3.229e-11
1.122e-13 6.908e+59 1.393e+34 1.396e-23 2.834e-12 3.561e-11
1.259e-13 6.029e+59 1.531e+34 1.534e-23 3.114e-12 3.913e-11
1.413e-13 5.243e+59 1.676e+34 1.679e-23 3.408e-12 4.283e-11
1.585e-13 4.541e+59 1.828e+34 1.831e-23 3.717e-12 4.671e-11
1.778e-13 3.918e+59 1.985e+34 1.989e-23 4.037e-12 5.074e-11
1.995e-13 3.367e+59 2.148e+34 2.151e-23 4.368e-12 5.489e-11
2.239e-13 2.882e+59 2.314e+34 2.318e-23 4.706e-12 5.914e-11
2.512e-13 2.457e+59 2.483e+34 2.488e-23 5.051e-12 6.347e-11
2.818e-13 2.086e+59 2.654e+34 2.659e-23 5.398e-12 6.784e-11
3.162e-13 1.764e+59 2.826e+34 2.831e-23 5.747e-12 7.222e-11
3.548e-13 1.486e+59 2.997e+34 3.002e-23 6.095e-12 7.659e-11
3.981e-13 1.247e+59 3.167e+34 3.172e-23 6.440e-12 8.093e-11
4.467e-13 1.043e+59 3.335e+34 3.340e-23 6.782e-12 8.523e-11
5.012e-13 8.698e+58 3.501e+34 3.507e-23 7.120e-12 8.947e-11
5.623e-13 7.232e+58 3.664e+34 3.670e-23 7.452e-12 9.365e-11
6.310e-13 5.997e+58 3.825e+34 3.832e-23 7.780e-12 9.777e-11
7.079e-13 4.962e+58 3.984e+34 3.991e-23 8.104e-12 1.018e-10
7.943e-13 4.097e+58 4.142e+34 4.149e-23 8.423e-12 1.059e-10
8.913e-13 3.377e+58 4.297e+34 4.305e-23 8.740e-12 1.098e-10
1.000e-12 2.778e+58 4.451e+34 4.459e-23 9.053e-12 1.138e-10
1.122e-12 inf inf inf inf inf
1.259e-12 inf inf inf inf inf
1.413e-12 inf inf inf inf inf
1.585e-12 inf inf inf inf inf
1.778e-12 inf inf inf inf inf
1.995e-12 inf inf inf inf inf
2.239e-12 inf inf inf inf inf
2.512e-12 inf inf inf inf inf
2.818e-12 inf inf inf inf inf
3.162e-12 inf inf inf inf inf
3.548e-12 inf inf inf inf inf
3.981e-12 inf inf inf inf inf
4.467e-12 inf inf inf inf inf
5.012e-12 inf inf inf inf inf
5.623e-12 inf inf inf inf inf
6.310e-12 inf inf inf inf inf
7.079e-12 inf inf inf inf inf
7.943e-12 inf inf inf inf inf
8.913e-12 inf inf inf inf inf
1.000e-11 inf inf inf inf inf
1.122e-11 inf inf inf inf inf
1.259e-11 2.463e+56 6.255e+34 6.265e-23 1.272e-11 1.599e-10
1.413e-11 1.933e+56 6.179e+34 6.190e-23 1.257e-11 1.579e-10
1.585e-11 1.512e+56 6.084e+34 6.095e-23 1.237e-11 1.555e-10
1.778e-11 1.178e+56 5.970e+34 5.980e-23 1.214e-11 1.526e-10
1.995e-11 9.149e+55 5.836e+34 5.846e-23 1.187e-11 1.491e-10
2.239e-11 7.077e+55 5.683e+34 5.692e-23 1.156e-11 1.452e-10
2.512e-11 5.452e+55 5.512e+34 5.521e-23 1.121e-11 1.409e-10
2.818e-11 4.183e+55 5.323e+34 5.332e-23 1.083e-11 1.360e-10
3.162e-11 3.195e+55 5.118e+34 5.127e-23 1.041e-11 1.308e-10
3.548e-11 2.429e+55 4.899e+34 4.907e-23 9.964e-12 1.252e-10
3.981e-11 1.838e+55 4.667e+34 4.675e-23 9.491e-12 1.193e-10
4.467e-11 1.384e+55 4.423e+34 4.431e-23 8.996e-12 1.131e-10
5.012e-11 1.036e+55 4.171e+34 4.178e-23 8.483e-12 1.066e-10
5.623e-11 7.720e+54 3.911e+34 3.918e-23 7.955e-12 9.997e-11
6.310e-11 5.719e+54 3.648e+34 3.654e-23 7.419e-12 9.323e-11
7.079e-11 4.211e+54 3.382e+34 3.387e-23 6.878e-12 8.643e-11
7.943e-11 3.083e+54 3.116e+34 3.121e-23 6.338e-12 7.964e-11
8.913e-11 2.242e+54 2.853e+34 2.858e-23 5.803e-12 7.293e-11
1.000e-10 1.620e+54 2.596e+34 2.600e-23 5.279e-12 6.634e-11
1.122e-10 1.163e+54 2.346e+34 2.350e-23 4.771e-12 5.995e-11
1.259e-10 8.289e+53 2.105e+34 2.108e-23 4.281e-12 5.379e-11
1.413e-10 5.866e+53 1.875e+34 1.878e-23 3.814e-12 4.793e-11
1.585e-10 4.121e+53 1.658e+34 1.661e-23 3.373e-12 4.238e-11
1.778e-10 2.873e+53 1.455e+34 1.458e-23 2.960e-12 3.720e-11
1.995e-10 1.987e+53 1.267e+34 1.270e-23 2.578e-12 3.239e-11
2.239e-10 1.364e+53 1.095e+34 1.097e-23 2.227e-12 2.799e-11
2.512e-10 9.283e+52 9.384e+33 9.400e-24 1.909e-12 2.398e-11
2.818e-10 6.267e+52 7.976e+33 7.989e-24 1.622e-12 2.038e-11
3.162e-10 4.196e+52 6.722e+33 6.733e-24 1.367e-12 1.718e-11
3.548e-10 2.785e+52 5.617e+33 5.626e-24 1.142e-12 1.436e-11
3.981e-10 1.832e+52 4.653e+33 4.661e-24 9.463e-13 1.189e-11
4.467e-10 1.195e+52 3.821e+33 3.827e-24 7.771e-13 9.765e-12
5.012e-10 7.726e+51 3.109e+33 3.115e-24 6.324e-13 7.947e-12
5.623e-10 4.950e+51 2.508e+33 2.512e-24 5.101e-13 6.410e-12
6.310e-10 3.142e+51 2.004e+33 2.008e-24 4.076e-13 5.122e-12
7.079e-10 1.976e+51 1.587e+33 1.590e-24 3.228e-13 4.056e-12
7.943e-10 1.232e+51 1.245e+33 1.247e-24 2.532e-13 3.182e-12
8.913e-10 7.600e+50 9.673e+32 9.689e-25 1.967e-13 2.472e-12
1.000e-09 4.645e+50 7.443e+32 7.455e-25 1.514e-13 1.902e-12
1.122e-09 2.811e+50 5.670e+32 5.680e-25 1.153e-13 1.449e-12
1.259e-09 1.684e+50 4.276e+32 4.284e-25 8.697e-14 1.093e-12
1.413e-09 9.984e+49 3.192e+32 3.197e-25 6.491e-14 8.157e-13
1.585e-09 5.856e+49 2.357e+32 2.361e-25 4.793e-14 6.023e-13
1.778e-09 3.397e+49 1.721e+32 1.724e-25 3.500e-14 4.398e-13
1.995e-09 1.948e+49 1.242e+32 1.244e-25 2.526e-14 3.175e-13
2.239e-09 1.103e+49 8.858e+31 8.873e-26 1.801e-14 2.264e-13
2.512e-09 6.168e+48 6.235e+31 6.246e-26 1.268e-14 1.594e-13
2.818e-09 3.402e+48 4.330e+31 4.337e-26 8.806e-15 1.107e-13
3.162e-09 1.849e+48 2.963e+31 2.968e-26 6.026e-15 7.572e-14
3.548e-09 9.898e+47 1.996e+31 2.000e-26 4.060e-15 5.102e-14
3.981e-09 5.211e+47 1.323e+31 1.326e-26 2.691e-15 3.382e-14
4.467e-09 2.697e+47 8.621e+30 8.636e-27 1.753e-15 2.203e-14
5.012e-09 1.371e+47 5.517e+30 5.526e-27 1.122e-15 1.410e-14
5.623e-09 6.839e+46 3.465e+30 3.471e-27 7.047e-16 8.856e-15
6.310e-09 3.348e+46 2.135e+30 2.139e-27 4.343e-16 5.457e-15
7.079e-09 1.607e+46 1.290e+30 1.293e-27 2.624e-16 3.298e-15
7.943e-09 7.560e+45 7.643e+29 7.656e-28 1.554e-16 1.953e-15
8.913e-09 3.484e+45 4.434e+29 4.442e-28 9.018e-17 1.133e-15
1.000e-08 1.572e+45 2.518e+29 2.522e-28 5.121e-17 6.435e-16
1.122e-08 6.934e+44 1.399e+29 1.401e-28 2.845e-17 3.575e-16
1.259e-08 2.990e+44 7.592e+28 7.605e-29 1.544e-17 1.940e-16
1.413e-08 1.259e+44 4.024e+28 4.031e-29 8.184e-18 1.028e-16
1.585e-08 5.170e+43 2.081e+28 2.084e-29 4.232e-18 5.318e-17
1.778e-08 2.070e+43 1.049e+28 1.050e-29 2.133e-18 2.680e-17
1.995e-08 8.070e+42 5.147e+27 5.156e-30 1.047e-18 1.315e-17
2.239e-08 3.063e+42 2.460e+27 2.464e-30 5.002e-19 6.286e-18
2.512e-08 1.133e+42 1.145e+27 1.147e-30 2.329e-19 2.926e-18
2.818e-08 4.097e+41 5.214e+26 5.223e-31 1.060e-19 1.333e-18
3.162e-08 1.470e+41 2.355e+26 2.359e-31 4.790e-20 6.019e-19
3.548e-08 5.444e+40 1.098e+26 1.100e-31 2.233e-20 2.807e-19
3.981e-08 2.286e+40 5.805e+25 5.815e-32 1.181e-20 1.484e-19
4.467e-08 1.242e+40 3.971e+25 3.977e-32 8.076e-21 1.015e-19
5.012e-08 9.065e+39 3.648e+25 3.654e-32 7.420e-21 9.324e-20
5.623e-08 8.004e+39 4.055e+25 4.062e-32 8.247e-21 1.036e-19
6.310e-08 7.659e+39 4.885e+25 4.894e-32 9.936e-21 1.249e-19
7.079e-08 7.533e+39 6.049e+25 6.059e-32 1.230e-20 1.546e-19
7.943e-08 7.471e+39 7.552e+25 7.565e-32 1.536e-20 1.930e-19
8.913e-08 7.429e+39 9.455e+25 9.471e-32 1.923e-20 2.416e-19
1.000e-07 7.394e+39 1.185e+26 1.187e-31 2.409e-20 3.028e-19
1.122e-07 7.362e+39 1.485e+26 1.487e-31 3.020e-20 3.795e-19
1.259e-07 7.332e+39 1.862e+26 1.865e-31 3.787e-20 4.758e-19
1.413e-07 7.303e+39 2.335e+26 2.339e-31 4.748e-20 5.967e-19
1.585e-07 7.276e+39 2.928e+26 2.933e-31 5.956e-20 7.484e-19
1.778e-07 7.250e+39 3.673e+26 3.679e-31 7.470e-20 9.388e-19
1.995e-07 7.224e+39 4.608e+26 4.616e-31 9.372e-20 1.178e-18
2.239e-07 7.199e+39 5.781e+26 5.791e-31 1.176e-19 1.477e-18
2.512e-07 7.175e+39 7.253e+26 7.265e-31 1.475e-19 1.854e-18
2.818e-07 7.150e+39 9.100e+26 9.115e-31 1.851e-19 2.326e-18
3.162e-07 7.126e+39 1.142e+27 1.144e-30 2.322e-19 2.918e-18
3.548e-07 7.102e+39 1.432e+27 1.435e-30 2.913e-19 3.661e-18
3.981e-07 7.077e+39 1.797e+27 1.800e-30 3.655e-19 4.593e-18
4.467e-07 7.052e+39 2.254e+27 2.258e-30 4.585e-19 5.762e-18
5.012e-07 7.027e+39 2.828e+27 2.833e-30 5.751e-19 7.228e-18
5.623e-07 7.001e+39 3.547e+27 3.553e-30 7.214e-19 9.065e-18
6.310e-07 6.975e+39 4.449e+27 4.456e-30 9.048e-19 1.137e-17
7.079e-07 6.947e+39 5.579e+27 5.588e-30 1.135e-18 1.426e-17
7.943e-07 6.919e+39 6.995e+27 7.007e-30 1.423e-18 1.788e-17
8.913e-07 6.890e+39 8.769e+27 8.784e-30 1.783e-18 2.241e-17
1.000e-06 6.861e+39 1.099e+28 1.101e-29 2.236e-18 2.809e-17
1.122e-06 6.830e+39 1.378e+28 1.380e-29 2.802e-18 3.521e-17
1.259e-06 6.797e+39 1.726e+28 1.729e-29 3.511e-18 4.411e-17
1.413e-06 6.764e+39 2.162e+28 2.166e-29 4.398e-18 5.526e-17
1.585e-06 6.729e+39 2.708e+28 2.713e-29 5.508e-18 6.922e-17
1.778e-06 6.693e+39 3.391e+28 3.397e-29 6.897e-18 8.667e-17
1.995e-06 6.656e+39 4.245e+28 4.253e-29 8.634e-18 1.085e-16
2.239e-06 6.617e+39 5.313e+28 5.322e-29 1.081e-17 1.358e-16
2.512e-06 6.576e+39 6.648e+28 6.659e-29 1.352e-17 1.699e-16
2.818e-06 6.534e+39 8.315e+28 8.329e-29 1.691e-17 2.125e-16
3.162e-06 6.490e+39 1.040e+29 1.042e-28 2.115e-17 2.657e-16
3.548e-06 6.444e+39 1.300e+29 1.302e-28 2.643e-17 3.322e-16
3.981e-06 6.396e+39 1.624e+29 1.627e-28 3.303e-17 4.151e-16
4.467e-06 6.346e+39 2.029e+29 2.032e-28 4.126e-17 5.185e-16
5.012e-06 6.294e+39 2.533e+29 2.537e-28 5.152e-17 6.474e-16
5.623e-06 6.241e+39 3.162e+29 3.167e-28 6.430e-17 8.081e-16
6.310e-06 6.185e+39 3.945e+29 3.951e-28 8.023e-17 1.008e-15
7.079e-06 6.126e+39 4.919e+29 4.928e-28 1.001e-16 1.257e-15
7.943e-06 6.066e+39 6.132e+29 6.142e-28 1.247e-16 1.567e-15
8.913e-06 6.003e+39 7.640e+29 7.653e-28 1.554e-16 1.953e-15
1.000e-05 5.938e+39 9.514e+29 9.530e-28 1.935e-16 2.432e-15
1.122e-05 5.871e+39 1.184e+30 1.186e-27 2.408e-16 3.026e-15
1.259e-05 5.801e+39 1.473e+30 1.475e-27 2.996e-16 3.764e-15
1.413e-05 5.728e+39 1.831e+30 1.834e-27 3.724e-16 4.680e-15
1.585e-05 5.653e+39 2.275e+30 2.279e-27 4.627e-16 5.815e-15
1.778e-05 5.576e+39 2.825e+30 2.830e-27 5.745e-16 7.220e-15
1.995e-05 5.496e+39 3.505e+30 3.511e-27 7.129e-16 8.959e-15
2.239e-05 5.413e+39 4.347e+30 4.354e-27 8.840e-16 1.111e-14
2.512e-05 5.328e+39 5.386e+30 5.395e-27 1.095e-15 1.377e-14
2.818e-05 5.240e+39 6.669e+30 6.680e-27 1.356e-15 1.704e-14
3.162e-05 5.150e+39 8.251e+30 8.265e-27 1.678e-15 2.109e-14
3.548e-05 5.057e+39 1.020e+31 1.022e-26 2.075e-15 2.607e-14
3.981e-05 4.962e+39 1.260e+31 1.262e-26 2.562e-15 3.220e-14
4.467e-05 4.864e+39 1.555e+31 1.557e-26 3.162e-15 3.974e-14
5.012e-05 4.763e+39 1.917e+31 1.920e-26 3.899e-15 4.899e-14
5.623e-05 4.660e+39 2.361e+31 2.365e-26 4.802e-15 6.035e-14
6.310e-05 4.555e+39 2.906e+31 2.911e-26 5.909e-15 7.426e-14
7.079e-05 4.448e+39 3.572e+31 3.578e-26 7.264e-15 9.129e-14
7.943e-05 4.339e+39 4.386e+31 4.393e-26 8.920e-15 1.121e-13
8.913e-05 4.227e+39 5.379e+31 5.389e-26 1.094e-14 1.375e-13
1.000e-04 4.113e+39 6.590e+31 6.602e-26 1.340e-14 1.684e-13
1.122e-04 3.998e+39 8.064e+31 8.078e-26 1.640e-14 2.061e-13
1.259e-04 3.881e+39 9.855e+31 9.872e-26 2.004e-14 2.519e-13
1.413e-04 3.762e+39 1.203e+32 1.205e-25 2.446e-14 3.074e-13
1.585e-04 3.642e+39 1.466e+32 1.468e-25 2.981e-14 3.746e-13
1.778e-04 3.521e+39 1.784e+32 1.787e-25 3.628e-14 4.560e-13
1.995e-04 3.399e+39 2.168e+32 2.172e-25 4.409e-14 5.541e-13
2.239e-04 3.276e+39 2.631e+32 2.635e-25 5.350e-14 6.723e-13
2.512e-04 3.152e+39 3.187e+32 3.192e-25 6.481e-14 8.144e-13
2.818e-04 3.028e+39 3.854e+32 3.860e-25 7.838e-14 9.849e-13
3.162e-04 2.904e+39 4.653e+32 4.660e-25 9.462e-14 1.189e-12
3.548e-04 2.780e+39 5.607e+32 5.616e-25 1.140e-13 1.433e-12
3.981e-04 2.656e+39 6.743e+32 6.755e-25 1.371e-13 1.723e-12
4.467e-04 2.532e+39 8.094e+32 8.108e-25 1.646e-13 2.069e-12
5.012e-04 2.409e+39 9.696e+32 9.712e-25 1.972e-13 2.478e-12
5.623e-04 2.287e+39 1.159e+33 1.161e-24 2.357e-13 2.962e-12
6.310e-04 2.167e+39 1.382e+33 1.384e-24 2.811e-13 3.532e-12
7.079e-04 2.048e+39 1.644e+33 1.647e-24 3.344e-13 4.202e-12
7.943e-04 1.930e+39 1.951e+33 1.955e-24 3.969e-13 4.987e-12
8.913e-04 1.815e+39 2.310e+33 2.313e-24 4.697e-13 5.903e-12
1.000e-03 1.701e+39 2.726e+33 2.731e-24 5.544e-13 6.967e-12
1.122e-03 1.591e+39 3.208e+33 3.214e-24 6.525e-13 8.199e-12
1.259e-03 1.482e+39 3.764e+33 3.770e-24 7.655e-13 9.620e-12
1.413e-03 1.377e+39 4.401e+33 4.409e-24 8.952e-13 1.125e-11
1.585e-03 1.275e+39 5.129e+33 5.138e-24 1.043e-12 1.311e-11
1.778e-03 1.176e+39 5.956e+33 5.966e-24 1.211e-12 1.522e-11
1.995e-03 1.080e+39 6.888e+33 6.900e-24 1.401e-12 1.761e-11
2.239e-03 9.881e+38 7.935e+33 7.948e-24 1.614e-12 2.028e-11
2.512e-03 9.002e+38 9.100e+33 9.115e-24 1.851e-12 2.326e-11
2.818e-03 8.163e+38 1.039e+34 1.041e-23 2.113e-12 2.655e-11
3.162e-03 7.366e+38 1.180e+34 1.182e-23 2.400e-12 3.016e-11
3.548e-03 6.612e+38 1.334e+34 1.336e-23 2.713e-12 3.409e-11
3.981e-03 5.904e+38 1.499e+34 1.502e-23 3.049e-12 3.832e-11
4.467e-03 5.242e+38 1.676e+34 1.679e-23 3.408e-12 4.283e-11
5.012e-03 4.627e+38 1.862e+34 1.865e-23 3.787e-12 4.759e-11
5.623e-03 4.059e+38 2.056e+34 2.060e-23 4.183e-12 5.256e-11
6.310e-03 3.539e+38 2.257e+34 2.261e-23 4.591e-12 5.769e-11
7.079e-03 3.066e+38 2.462e+34 2.466e-23 5.007e-12 6.292e-11
7.943e-03 2.640e+38 2.669e+34 2.673e-23 5.427e-12 6.820e-11
8.913e-03 2.259e+38 2.875e+34 2.880e-23 5.847e-12 7.348e-11
1.000e-02 1.922e+38 3.079e+34 3.084e-23 6.262e-12 7.870e-11
1.122e-02 1.626e+38 3.280e+34 3.285e-23 6.671e-12 8.382e-11
1.259e-02 1.369e+38 3.476e+34 3.482e-23 7.070e-12 8.884e-11
1.413e-02 1.147e+38 3.668e+34 3.674e-23 7.460e-12 9.374e-11
1.585e-02 9.581e+37 3.856e+34 3.862e-23 7.842e-12 9.854e-11
1.778e-02 7.975e+37 4.040e+34 4.047e-23 8.217e-12 1.033e-10
1.995e-02 6.621e+37 4.223e+34 4.230e-23 8.589e-12 1.079e-10
2.239e-02 5.486e+37 4.405e+34 4.412e-23 8.959e-12 1.126e-10
2.512e-02 4.538e+37 4.587e+34 4.595e-23 9.329e-12 1.172e-10
2.818e-02 3.748e+37 4.770e+34 4.778e-23 9.701e-12 1.219e-10
3.162e-02 3.092e+37 4.954e+34 4.963e-23 1.008e-11 1.266e-10
3.548e-02 2.548e+37 5.139e+34 5.148e-23 1.045e-11 1.313e-10
3.981e-02 2.097e+37 5.325e+34 5.334e-23 1.083e-11 1.361e-10
4.467e-02 1.724e+37 5.511e+34 5.520e-23 1.121e-11 1.408e-10
5.012e-02 1.415e+37 5.695e+34 5.705e-23 1.158e-11 1.456e-10
5.623e-02 1.160e+37 5.878e+34 5.888e-23 1.196e-11 1.502e-10
6.310e-02 9.498e+36 6.058e+34 6.069e-23 1.232e-11 1.548e-10
7.079e-02 7.764e+36 6.235e+34 6.245e-23 1.268e-11 1.593e-10
7.943e-02 6.336e+36 6.405e+34 6.416e-23 1.303e-11 1.637e-10
8.913e-02 5.162e+36 6.569e+34 6.580e-23 1.336e-11 1.679e-10
1.000e-01 4.197e+36 6.725e+34 6.736e-23 1.368e-11 1.719e-10
1.122e-01 3.406e+36 6.871e+34 6.882e-23 1.397e-11 1.756e-10
1.259e-01 2.758e+36 7.004e+34 7.016e-23 1.425e-11 1.790e-10
1.413e-01 2.228e+36 7.124e+34 7.136e-23 1.449e-11 1.821e-10
1.585e-01 1.796e+36 7.228e+34 7.240e-23 1.470e-11 1.847e-10
1.778e-01 1.443e+36 7.313e+34 7.325e-23 1.487e-11 1.869e-10
1.995e-01 1.157e+36 7.378e+34 7.390e-23 1.501e-11 1.886e-10
2.239e-01 9.241e+35 7.420e+34 7.433e-23 1.509e-11 1.896e-10
2.512e-01 7.358e+35 7.438e+34 7.451e-23 1.513e-11 1.901e-10
2.818e-01 5.838e+35 7.429e+34 7.442e-23 1.511e-11 1.899e-10
3.162e-01 4.614e+35 7.393e+34 7.405e-23 1.504e-11 1.889e-10
3.548e-01 3.633e+35 7.328e+34 7.340e-23 1.490e-11 1.873e-10
3.981e-01 2.849e+35 7.234e+34 7.246e-23 1.471e-11 1.849e-10
4.467e-01 2.224e+35 7.110e+34 7.122e-23 1.446e-11 1.817e-10
5.012e-01 1.729e+35 6.958e+34 6.970e-23 1.415e-11 1.778e-10
5.623e-01 1.338e+35 6.777e+34 6.789e-23 1.378e-11 1.732e-10
6.310e-01 1.030e+35 6.569e+34 6.580e-23 1.336e-11 1.679e-10
7.079e-01 7.887e+34 6.333e+34 6.344e-23 1.288e-11 1.619e-10
7.943e-01 6.008e+34 6.073e+34 6.083e-23 1.235e-11 1.552e-10
8.913e-01 4.549e+34 5.790e+34 5.799e-23 1.177e-11 1.480e-10
1.000e+00 3.424e+34 5.485e+34 5.495e-23 1.116e-11 1.402e-10
1.122e+00 2.560e+34 5.163e+34 5.172e-23 1.050e-11 1.320e-10
1.259e+00 1.901e+34 4.826e+34 4.834e-23 9.816e-12 1.233e-10
1.413e+00 1.401e+34 4.479e+34 4.486e-23 9.109e-12 1.145e-10
1.585e+00 1.025e+34 4.124e+34 4.131e-23 8.388e-12 1.054e-10
1.778e+00 7.436e+33 3.767e+34 3.774e-23 7.662e-12 9.629e-11
1.995e+00 5.350e+33 3.412e+34 3.418e-23 6.940e-12 8.721e-11
2.239e+00 3.814e+33 3.063e+34 3.068e-23 6.229e-12 7.828e-11
2.512e+00 2.694e+33 2.724e+34 2.728e-23 5.540e-12 6.961e-11
2.818e+00 1.885e+33 2.399e+34 2.403e-23 4.878e-12 6.130e-11
3.162e+00 1.305e+33 2.091e+34 2.094e-23 4.252e-12 5.344e-11
3.548e+00 8.940e+32 1.803e+34 1.806e-23 3.668e-12 4.609e-11
3.981e+00 6.057e+32 1.538e+34 1.541e-23 3.128e-12 3.931e-11
4.467e+00 4.057e+32 1.297e+34 1.299e-23 2.638e-12 3.315e-11
5.012e+00 2.685e+32 1.081e+34 1.082e-23 2.198e-12 2.762e-11
5.623e+00 1.755e+32 8.892e+33 8.907e-24 1.808e-12 2.273e-11
6.310e+00 1.132e+32 7.222e+33 7.234e-24 1.469e-12 1.846e-11
7.079e+00 7.204e+31 5.785e+33 5.795e-24 1.177e-12 1.479e-11
7.943e+00 4.518e+31 4.567e+33 4.575e-24 9.289e-13 1.167e-11
8.913e+00 2.790e+31 3.551e+33 3.557e-24 7.221e-13 9.074e-12
1.000e+01 1.694e+31 2.714e+33 2.719e-24 5.520e-13 6.937e-12
1.122e+01 1.010e+31 2.037e+33 2.040e-24 4.142e-13 5.205e-12
1.259e+01 5.894e+30 1.497e+33 1.499e-24 3.044e-13 3.825e-12
1.413e+01 3.361e+30 1.074e+33 1.076e-24 2.185e-13 2.746e-12
1.585e+01 1.865e+30 7.506e+32 7.519e-25 1.527e-13 1.918e-12
1.778e+01 1.004e+30 5.088e+32 5.097e-25 1.035e-13 1.300e-12
1.995e+01 5.229e+29 3.336e+32 3.341e-25 6.784e-14 8.525e-13
2.239e+01 2.625e+29 2.108e+32 2.112e-25 4.288e-14 5.388e-13
2.512e+01 1.267e+29 1.281e+32 1.283e-25 2.605e-14 3.274e-13
2.818e+01 5.862e+28 7.460e+31 7.473e-26 1.517e-14 1.907e-13
3.162e+01 2.588e+28 4.147e+31 4.154e-26 8.433e-15 1.060e-13
3.548e+01 1.087e+28 2.192e+31 2.196e-26 4.459e-15 5.603e-14
3.981e+01 4.342e+27 1.103e+31 1.105e-26 2.243e-15 2.818e-14
4.467e+01 1.656e+27 5.295e+30 5.304e-27 1.077e-15 1.353e-14
5.012e+01 6.099e+26 2.454e+30 2.459e-27 4.992e-16 6.273e-15
5.623e+01 2.084e+26 1.056e+30 1.058e-27 2.148e-16 2.699e-15
6.310e+01 6.636e+25 4.232e+29 4.240e-28 8.608e-17 1.082e-15
7.079e+01 1.967e+25 1.579e+29 1.582e-28 3.212e-17 4.036e-16
7.943e+01 5.369e+24 5.428e+28 5.437e-29 1.104e-17 1.387e-16
8.913e+01 1.332e+24 1.695e+28 1.698e-29 3.447e-18 4.331e-17
1.000e+02 2.952e+23 4.729e+27 4.737e-30 9.618e-19 1.209e-17
1.122e+02 5.733e+22 1.156e+27 1.158e-30 2.352e-19 2.955e-18
1.259e+02 9.546e+21 2.424e+26 2.428e-31 4.930e-20 6.195e-19
1.413e+02 1.332e+21 4.259e+25 4.266e-32 8.662e-21 1.088e-19
1.585e+02 1.525e+20 6.137e+24 6.148e-33 1.248e-21 1.569e-20
1.778e+02 1.402e+19 7.105e+23 7.117e-34 1.445e-22 1.816e-21
1.995e+02 1.013e+18 6.459e+22 6.470e-35 1.314e-23 1.651e-22
2.239e+02 5.581e+16 4.481e+21 4.489e-36 9.114e-25 1.145e-23
2.512e+02 2.260e+15 2.285e+20 2.289e-37 4.647e-26 5.840e-25
2.818e+02 6.429e+13 8.182e+18 8.195e-39 1.664e-27 2.091e-26
3.162e+02 1.222e+12 1.957e+17 1.960e-40 3.981e-29 5.002e-28
3.548e+02 1.473e+10 2.972e+15 2.977e-42 6.044e-31 7.595e-30
3.981e+02 1.071e+08 2.720e+13 2.724e-44 5.532e-33 6.951e-32
4.467e+02 4.451e+05 1.423e+11 1.425e-46 2.894e-35 3.637e-34
5.012e+02 9.983e+02 4.018e+08 4.024e-49 8.171e-38 1.027e-36
5.623e+02 1.132e+00 5.735e+05 5.744e-52 1.166e-40 1.466e-39
6.310e+02 6.027e-04 3.844e+02 3.851e-55 7.818e-44 9.824e-43
7.079e+02 1.397e-07 1.122e-01 1.124e-58 2.282e-47 2.868e-46
7.943e+02 1.468e-10 1.484e-04 1.487e-61 3.018e-50 3.793e-49
8.913e+02 1.191e-10 1.515e-04 1.518e-61 3.082e-50 3.873e-49
1.000e+03 1.061e-10 1.700e-04 1.703e-61 3.458e-50 4.346e-49
1.122e+03 9.459e-11 1.908e-04 1.911e-61 3.880e-50 4.876e-49
1.259e+03 8.430e-11 2.141e-04 2.144e-61 4.354e-50 5.471e-49
1.413e+03 7.513e-11 2.402e-04 2.406e-61 4.885e-50 6.138e-49
1.585e+03 6.696e-11 2.695e-04 2.699e-61 5.481e-50 6.887e-49
1.778e+03 5.968e-11 3.024e-04 3.029e-61 6.149e-50 7.727e-49
1.995e+03 5.319e-11 3.392e-04 3.398e-61 6.899e-50 8.670e-49
2.239e+03 4.740e-11 3.806e-04 3.813e-61 7.741e-50 9.728e-49
2.512e+03 4.224e-11 4.271e-04 4.278e-61 8.685e-50 1.091e-48
2.818e+03 3.765e-11 4.791e-04 4.800e-61 9.745e-50 1.225e-48
3.162e+03 3.355e-11 5.376e-04 5.385e-61 1.093e-49 1.374e-48
3.548e+03 2.990e-11 6.032e-04 6.042e-61 1.227e-49 1.542e-48
3.981e+03 2.665e-11 6.767e-04 6.779e-61 1.376e-49 1.730e-48
4.467e+03 2.375e-11 7.593e-04 7.606e-61 1.544e-49 1.941e-48
5.012e+03 2.117e-11 8.519e-04 8.533e-61 1.733e-49 2.177e-48
5.623e+03 1.886e-11 9.558e-04 9.574e-61 1.944e-49 2.443e-48
6.310e+03 1.681e-11 1.072e-03 1.074e-60 2.181e-49 2.741e-48
7.079e+03 1.498e-11 1.203e-03 1.205e-60 2.447e-49 3.075e-48
7.943e+03 1.335e-11 1.350e-03 1.352e-60 2.745e-49 3.450e-48
8.913e+03 1.190e-11 1.514e-03 1.517e-60 3.080e-49 3.870e-48
1.000e+04 1.060e-11 1.699e-03 1.702e-60 3.456e-49 4.342e-48
1.122e+04 9.450e-12 1.906e-03 1.909e-60 3.877e-49 4.872e-48
1.259e+04 8.422e-12 2.139e-03 2.142e-60 4.349e-49 5.466e-48
1.413e+04 7.505e-12 2.399e-03 2.403e-60 4.879e-49 6.132e-48
1.585e+04 6.688e-12 2.692e-03 2.696e-60 5.474e-49 6.879e-48
1.778e+04 5.960e-12 3.019e-03 3.025e-60 6.141e-49 7.717e-48
1.995e+04 5.311e-12 3.387e-03 3.393e-60 6.889e-49 8.657e-48
2.239e+04 4.732e-12 3.800e-03 3.806e-60 7.729e-49 9.712e-48
2.512e+04 4.217e-12 4.263e-03 4.270e-60 8.670e-49 1.089e-47
2.818e+04 3.006e-12 3.826e-03 3.832e-60 7.780e-49 9.777e-48
3.162e+04 2.678e-12 4.291e-03 4.299e-60 8.728e-49 1.097e-47
3.548e+04 2.386e-12 4.814e-03 4.822e-60 9.790e-49 1.230e-47
3.981e+04 2.126e-12 5.399e-03 5.408e-60 1.098e-48 1.380e-47
4.467e+04 1.894e-12 6.056e-03 6.066e-60 1.232e-48 1.548e-47
5.012e+04 1.688e-12 6.793e-03 6.804e-60 1.381e-48 1.736e-47
5.623e+04 1.504e-12 7.618e-03 7.631e-60 1.549e-48 1.947e-47
6.310e+04 1.340e-12 8.544e-03 8.559e-60 1.738e-48 2.184e-47
7.079e+04 1.193e-12 9.582e-03 9.598e-60 1.949e-48 2.449e-47
7.943e+04 1.063e-12 1.075e-02 1.076e-59 2.185e-48 2.746e-47
8.913e+04 9.468e-13 1.205e-02 1.207e-59 2.451e-48 3.080e-47
1.000e+05 8.433e-13 1.351e-02 1.353e-59 2.748e-48 3.453e-47
1.122e+05 7.510e-13 1.515e-02 1.517e-59 3.081e-48 3.872e-47
1.259e+05 6.688e-13 1.698e-02 1.701e-59 3.454e-48 4.340e-47
1.413e+05 5.955e-13 1.904e-02 1.907e-59 3.872e-48 4.866e-47
1.585e+05 5.303e-13 2.134e-02 2.138e-59 4.340e-48 5.454e-47
1.778e+05 4.721e-13 2.392e-02 2.396e-59 4.865e-48 6.113e-47
1.995e+05 4.203e-13 2.681e-02 2.685e-59 5.452e-48 6.851e-47
2.239e+05 3.741e-13 3.004e-02 3.009e-59 6.109e-48 7.677e-47
2.512e+05 3.329e-13 3.365e-02 3.371e-59 6.845e-48 8.601e-47
2.818e+05 2.962e-13 3.770e-02 3.777e-59 7.668e-48 9.636e-47
3.162e+05 1.977e-13 3.167e-02 3.173e-59 6.442e-48 8.095e-47
3.548e+05 1.758e-13 3.547e-02 3.553e-59 7.214e-48 9.065e-47
3.981e+05 1.564e-13 3.971e-02 3.978e-59 8.077e-48 1.015e-46
4.467e+05 1.391e-13 4.446e-02 4.453e-59 9.042e-48 1.136e-46
5.012e+05 1.236e-13 4.976e-02 4.984e-59 1.012e-47 1.272e-46
5.623e+05 1.099e-13 5.567e-02 5.577e-59 1.132e-47 1.423e-46
6.310e+05 9.764e-14 6.228e-02 6.238e-59 1.267e-47 1.592e-46
7.079e+05 8.673e-14 6.965e-02 6.976e-59 1.416e-47 1.780e-46
7.943e+05 7.702e-14 7.786e-02 7.799e-59 1.583e-47 1.990e-46
8.913e+05 6.837e-14 8.701e-02 8.716e-59 1.770e-47 2.224e-46
1.000e+06 6.067e-14 9.720e-02 9.736e-59 1.977e-47 2.484e-46
1.122e+06 5.381e-14 1.085e-01 1.087e-58 2.207e-47 2.774e-46
1.259e+06 4.771e-14 1.211e-01 1.213e-58 2.464e-47 3.096e-46
1.413e+06 4.227e-14 1.351e-01 1.354e-58 2.748e-47 3.454e-46
1.585e+06 3.744e-14 1.507e-01 1.509e-58 3.064e-47 3.851e-46
1.778e+06 3.314e-14 1.679e-01 1.682e-58 3.415e-47 4.291e-46
1.995e+06 2.931e-14 1.870e-01 1.873e-58 3.802e-47 4.778e-46
2.239e+06 2.591e-14 2.080e-01 2.084e-58 4.231e-47 5.317e-46
2.512e+06 1.526e-14 1.542e-01 1.545e-58 3.137e-47 3.941e-46
2.818e+06 1.346e-14 1.713e-01 1.716e-58 3.485e-47 4.379e-46
3.162e+06 1.187e-14 1.902e-01 1.905e-58 3.868e-47 4.860e-46
3.548e+06 1.046e-14 2.109e-01 2.112e-58 4.289e-47 5.390e-46
3.981e+06 9.199e-15 2.336e-01 2.340e-58 4.751e-47 5.970e-46
4.467e+06 0.000e+00 0.000e+00 0.000e+00 0.000e+00 0.000e+00
5.012e+06 0.000e+00 0.000e+00 0.000e+00 0.000e+00 0.000e+00
5.623e+06 0.000e+00 0.000e+00 0.000e+00 0.000e+00 0.000e+00
6.310e+06 0.000e+00 0.000e+00 0.000e+00 0.000e+00 0.000e+00
7.079e+06 0.000e+00 0.000e+00 0.000e+00 0.000e+00 0.000e+00
7.943e+06 0.000e+00 0.000e+00 0.000e+00 0.000e+00 0.000e+00
8.913e+06 0.000e+00 0.000e+00 0.000e+00 0.000e+00 0.000e+00
1.000e+07 0.000e+00 0.000e+00 0.000e+00 0.000e+00 0.000e+00
1.122e+07 0.000e+00 0.000e+00 0.000e+00 0.000e+00 0.000e+00
1.259e+07 0.000e+00 0.000e+00 0.000e+00 0.000e+00 0.000e+00
1.413e+07 0.000e+00 0.000e+00 0.000e+00 0.000e+00 0.000e+00
1.585e+07 0.000e+00 0.000e+00 0.000e+00 0.000e+00 0.000e+00
1.778e+07 0.000e+00 0.000e+00 0.000e+00 0.000e+00 0.000e+00
1.995e+07 0.000e+00 0.000e+00 0.000e+00 0.000e+00 0.000e+00
2.239e+07 0.000e+00 0.000e+00 0.000e+00 0.000e+00 0.000e+00
2.512e+07 0.000e+00 0.000e+00 0.000e+00 0.000e+00 0.000e+00
2.818e+07 0.000e+00 0.000e+00 0.000e+00 0.000e+00 0.000e+00
3.162e+07 0.000e+00 0.000e+00 0.000e+00 0.000e+00 0.000e+00
3.548e+07 0.000e+00 0.000e+00 0.000e+00 0.000e+00 0.000e+00
3.981e+07 0.000e+00 0.000e+00 0.000e+00 0.000e+00 0.000e+00
4.467e+07 0.000e+00 0.000e+00 0.000e+00 0.000e+00 0.000e+00
5.012e+07 0.000e+00 0.000e+00 0.000e+00 0.000e+00 0.000e+00
5.623e+07 0.000e+00 0.000e+00 0.000e+00 0.000e+00 0.000e+00
6.310e+07 0.000e+00 0.000e+00 0.000e+00 0.000e+00 0.000e+00
7.079e+07 0.000e+00 0.000e+00 0.000e+00 0.000e+00 0.000e+00
7.943e+07 3.573e-37 3.612e-21 3.618e-78 7.347e-67 9.232e-66
8.913e+07 1.914e-37 2.436e-21 2.440e-78 4.955e-67 6.226e-66
1.000e+08 0.000e+00 0.000e+00 0.000e+00 0.000e+00 0.000e+00
