1.000e-20 0.000e+00 0.000e+00 0.000e+00 0.000e+00 0.000e+00
1.122e-20 0.000e+00 0.000e+00 0.000e+00 0.000e+00 0.000e+00
1.259e-20 0.000e+00 0.000e+00 0.000e+00 0.000e+00 0.000e+00
1.413e-20 0.000e+00 0.000e+00 0.000e+00 0.000e+00 0.000e+00
1.585e-20 0.000e+00 0.000e+00 0.000e+00 0.000e+00 0.000e+00
1.778e-20 0.000e+00 0.000e+00 0.000e+00 0.000e+00 0.000e+00
1.995e-20 0.000e+00 0.000e+00 0.000e+00 0.000e+00 0.000e+00
2.239e-20 0.000e+00 0.000e+00 0.000e+00 0.000e+00 0.000e+00
2.512e-20 0.000e+00 0.000e+00 0.000e+00 0.000e+00 0.000e+00
2.818e-20 0.000e+00 0.000e+00 0.000e+00 0.000e+00 0.000e+00
3.162e-20 0.000e+00 0.000e+00 0.000e+00 0.000e+00 0.000e+00
3.548e-20 0.000e+00 0.000e+00 0.000e+00 0.000e+00 0.000e+00
3.981e-20 0.000e+00 0.000e+00 0.000e+00 0.000e+00 0.000e+00
4.467e-20 0.000e+00 0.000e+00 0.000e+00 0.000e+00 0.000e+00
5.012e-20 0.000e+00 0.000e+00 0.000e+00 0.000e+00 0.000e+00
5.623e-20 0.000e+00 0.000e+00 0.000e+00 0.000e+00 0.000e+00
6.310e-20 0.000e+00 0.000e+00 0.000e+00 0.000e+00 0.000e+00
7.079e-20 0.000e+00 0.000e+00 0.000e+00 0.000e+00 0.000e+00
7.943e-20 0.000e+00 0.000e+00 0.000e+00 0.000e+00 0.000e+00
8.913e-20 0.000e+00 0.000e+00 0.000e+00 0.000e+00 0.000e+00
1.000e-19 0.000e+00 0.000e+00 0.000e+00 0.000e+00 0.000e+00
1.122e-19 0.000e+00 0.000e+00 0.000e+00 0.000e+00 0.000e+00
1.259e-19 0.000e+00 0.000e+00 0.000e+00 0.000e+00 0.000e+00
1.413e-19 0.000e+00 0.000e+00 0.000e+00 0.000e+00 0.000e+00
1.585e-19 0.000e+00 0.000e+00 0.000e+00 0.000e+00 0.000e+00
1.778e-19 0.000e+00 0.000e+00 0.000e+00 0.000e+00 0.000e+00
1.995e-19 0.000e+00 0.000e+00 0.000e+00 0.000e+00 0.000e+00
2.239e-19 0.000e+00 0.000e+00 0.000e+00 0.000e+00 0.000e+00
2.512e-19 0.000e+00 0.000e+00 0.000e+00 0.000e+00 0.000e+00
2.818e-19 0.000e+00 0.000e+00 0.000e+00 0.000e+00 0.000e+00
3.162e-19 0.000e+00 0.000e+00 0.000e+00 0.000e+00 0.000e+00
3.548e-19 0.000e+00 0.000e+00 0.000e+00 0.000e+00 0.000e+00
3.981e-19 0.000e+00 0.000e+00 0.000e+00 0.000e+00 0.000e+00
4.467e-19 0.000e+00 0.000e+00 0.000e+00 0.000e+00 0.000e+00
5.012e-19 0.000e+00 0.000e+00 0.000e+00 0.000e+00 0.000e+00
5.623e-19 0.000e+00 0.000e+00 0.000e+00 0.000e+00 0.000e+00
6.310e-19 0.000e+00 0.000e+00 0.000e+00 0.000e+00 0.000e+00
7.079e-19 0.000e+00 0.000e+00 0.000e+00 0.000e+00 0.000e+00
7.943e-19 0.000e+00 0.000e+00 0.000e+00 0.000e+00 0.000e+00
8.913e-19 0.000e+00 0.000e+00 0.000e+00 0.000e+00 0.000e+00
1.000e-18 0.000e+00 0.000e+00 0.000e+00 0.000e+00 0.000e+00
1.122e-18 0.000e+00 0.000e+00 0.000e+00 0.000e+00 0.000e+00
1.259e-18 0.000e+00 0.000e+00 0.000e+00 0.000e+00 0.000e+00
1.413e-18 0.000e+00 0.000e+00 0.000e+00 0.000e+00 0.000e+00
1.585e-18 0.000e+00 0.000e+00 0.000e+00 0.000e+00 0.000e+00
1.778e-18 0.000e+00 0.000e+00 0.000e+00 0.000e+00 0.000e+00
1.995e-18 0.000e+00 0.000e+00 0.000e+00 0.000e+00 0.000e+00
2.239e-18 0.000e+00 0.000e+00 0.000e+00 0.000e+00 0.000e+00
2.512e-18 0.000e+00 0.000e+00 0.000e+00 0.000e+00 0.000e+00
2.818e-18 0.000e+00 0.000e+00 0.000e+00 0.000e+00 0.000e+00
3.162e-18 0.000e+00 0.000e+00 0.000e+00 0.000e+00 0.000e+00
3.548e-18 0.000e+00 0.000e+00 0.000e+00 0.000e+00 0.000e+00
3.981e-18 0.000e+00 0.000e+00 0.000e+00 0.000e+00 0.000e+00
4.467e-18 0.000e+00 0.000e+00 0.000e+00 0.000e+00 0.000e+00
5.012e-18 0.000e+00 0.000e+00 0.000e+00 0.000e+00 0.000e+00
5.623e-18 0.000e+00 0.000e+00 0.000e+00 0.000e+00 0.000e+00
6.310e-18 0.000e+00 0.000e+00 0.000e+00 0.000e+00 0.000e+00
7.079e-18 0.000e+00 0.000e+00 0.000e+00 0.000e+00 0.000e+00
7.943e-18 0.000e+00 0.000e+00 0.000e+00 0.000e+00 0.000e+00
8.913e-18 0.000e+00 0.000e+00 0.000e+00 0.000e+00 0.000e+00
1.000e-17 0.000e+00 0.000e+00 0.000e+00 0.000e+00 0.000e+00
1.122e-17 0.000e+00 0.000e+00 0.000e+00 0.000e+00 0.000e+00
1.259e-17 0.000e+00 0.000e+00 0.000e+00 0.000e+00 0.000e+00
1.413e-17 0.000e+00 0.000e+00 0.000e+00 0.000e+00 0.000e+00
1.585e-17 0.000e+00 0.000e+00 0.000e+00 0.000e+00 0.000e+00
1.778e-17 0.000e+00 0.000e+00 0.000e+00 0.000e+00 0.000e+00
1.995e-17 0.000e+00 0.000e+00 0.000e+00 0.000e+00 0.000e+00
2.239e-17 0.000e+00 0.000e+00 0.000e+00 0.000e+00 0.000e+00
2.512e-17 0.000e+00 0.000e+00 0.000e+00 0.000e+00 0.000e+00
2.818e-17 0.000e+00 0.000e+00 0.000e+00 0.000e+00 0.000e+00
3.162e-17 0.000e+00 0.000e+00 0.000e+00 0.000e+00 0.000e+00
3.548e-17 0.000e+00 0.000e+00 0.000e+00 0.000e+00 0.000e+00
3.981e-17 0.000e+00 0.000e+00 0.000e+00 0.000e+00 0.000e+00
4.467e-17 0.000e+00 0.000e+00 0.000e+00 0.000e+00 0.000e+00
5.012e-17 0.000e+00 0.000e+00 0.000e+00 0.000e+00 0.000e+00
5.623e-17 0.000e+00 0.000e+00 0.000e+00 0.000e+00 0.000e+00
6.310e-17 0.000e+00 0.000e+00 0.000e+00 0.000e+00 0.000e+00
7.079e-17 0.000e+00 0.000e+00 0.000e+00 0.000e+00 0.000e+00
7.943e-17 0.000e+00 0.000e+00 0.000e+00 0.000e+00 0.000e+00
8.913e-17 0.000e+00 0.000e+00 0.000e+00 0.000e+00 0.000e+00
1.000e-16 0.000e+00 0.000e+00 0.000e+00 0.000e+00 0.000e+00
1.122e-16 0.000e+00 0.000e+00 0.000e+00 0.000e+00 0.000e+00
1.259e-16 0.000e+00 0.000e+00 0.000e+00 0.000e+00 0.000e+00
1.413e-16 0.000e+00 0.000e+00 0.000e+00 0.000e+00 0.000e+00
1.585e-16 0.000e+00 0.000e+00 0.000e+00 0.000e+00 0.000e+00
1.778e-16 0.000e+00 0.000e+00 0.000e+00 0.000e+00 0.000e+00
1.995e-16 0.000e+00 0.000e+00 0.000e+00 0.000e+00 0.000e+00
2.239e-16 0.000e+00 0.000e+00 0.000e+00 0.000e+00 0.000e+00
2.512e-16 0.000e+00 0.000e+00 0.000e+00 0.000e+00 0.000e+00
2.818e-16 0.000e+00 0.000e+00 0.000e+00 0.000e+00 0.000e+00
3.162e-16 0.000e+00 0.000e+00 0.000e+00 0.000e+00 0.000e+00
3.548e-16 0.000e+00 0.000e+00 0.000e+00 0.000e+00 0.000e+00
3.981e-16 0.000e+00 0.000e+00 0.000e+00 0.000e+00 0.000e+00
4.467e-16 0.000e+00 0.000e+00 0.000e+00 0.000e+00 0.000e+00
5.012e-16 0.000e+00 0.000e+00 0.000e+00 0.000e+00 0.000e+00
5.623e-16 0.000e+00 0.000e+00 0.000e+00 0.000e+00 0.000e+00
6.310e-16 0.000e+00 0.000e+00 0.000e+00 0.000e+00 0.000e+00
7.079e-16 0.000e+00 0.000e+00 0.000e+00 0.000e+00 0.000e+00
7.943e-16 0.000e+00 0.000e+00 0.000e+00 0.000e+00 0.000e+00
8.913e-16 0.000e+00 0.000e+00 0.000e+00 0.000e+00 0.000e+00
1.000e-15 0.000e+00 0.000e+00 0.000e+00 0.000e+00 0.000e+00
1.122e-15 4.026e+51 8.120e+21 8.134e-36 5.351e-24 6.724e-23
1.259e-15 3.569e+51 9.062e+21 9.077e-36 5.971e-24 7.504e-23
1.413e-15 3.163e+51 1.011e+22 1.013e-35 6.663e-24 8.373e-23
1.585e-15 2.804e+51 1.128e+22 1.130e-35 7.435e-24 9.344e-23
1.778e-15 2.485e+51 1.259e+22 1.261e-35 8.297e-24 1.043e-22
1.995e-15 2.203e+51 1.405e+22 1.407e-35 9.257e-24 1.163e-22
2.239e-15 1.952e+51 1.567e+22 1.570e-35 1.033e-23 1.298e-22
2.512e-15 1.730e+51 1.749e+22 1.752e-35 1.152e-23 1.448e-22
2.818e-15 1.533e+51 1.951e+22 1.955e-35 1.286e-23 1.616e-22
3.162e-15 1.359e+51 2.177e+22 2.181e-35 1.434e-23 1.803e-22
3.548e-15 1.204e+51 2.429e+22 2.433e-35 1.600e-23 2.011e-22
3.981e-15 1.067e+51 2.709e+22 2.714e-35 1.785e-23 2.244e-22
4.467e-15 9.454e+50 3.022e+22 3.028e-35 1.992e-23 2.503e-22
5.012e-15 8.377e+50 3.371e+22 3.377e-35 2.222e-23 2.792e-22
5.623e-15 7.423e+50 3.761e+22 3.767e-35 2.478e-23 3.114e-22
6.310e-15 6.577e+50 4.195e+22 4.202e-35 2.764e-23 3.474e-22
7.079e-15 5.827e+50 4.679e+22 4.687e-35 3.083e-23 3.875e-22
7.943e-15 5.162e+50 5.219e+22 5.228e-35 3.439e-23 4.321e-22
8.913e-15 4.574e+50 5.821e+22 5.830e-35 3.835e-23 4.820e-22
1.000e-14 4.052e+50 6.492e+22 6.503e-35 4.278e-23 5.375e-22
1.122e-14 3.589e+50 7.240e+22 7.252e-35 4.771e-23 5.995e-22
1.259e-14 3.179e+50 8.074e+22 8.087e-35 5.320e-23 6.685e-22
1.413e-14 2.816e+50 9.003e+22 9.019e-35 5.933e-23 7.455e-22
1.585e-14 2.495e+50 1.004e+23 1.006e-34 6.616e-23 8.313e-22
1.778e-14 2.210e+50 1.119e+23 1.121e-34 7.377e-23 9.270e-22
1.995e-14 1.957e+50 1.248e+23 1.250e-34 8.225e-23 1.034e-21
2.239e-14 1.733e+50 1.392e+23 1.394e-34 9.171e-23 1.152e-21
2.512e-14 1.535e+50 1.552e+23 1.554e-34 1.023e-22 1.285e-21
2.818e-14 1.359e+50 1.730e+23 1.733e-34 1.140e-22 1.433e-21
3.162e-14 1.204e+50 1.929e+23 1.932e-34 1.271e-22 1.597e-21
3.548e-14 1.066e+50 2.150e+23 2.154e-34 1.417e-22 1.780e-21
3.981e-14 9.439e+49 2.397e+23 2.401e-34 1.579e-22 1.985e-21
4.467e-14 8.358e+49 2.672e+23 2.676e-34 1.761e-22 2.212e-21
5.012e-14 7.400e+49 2.978e+23 2.983e-34 1.962e-22 2.466e-21
5.623e-14 6.552e+49 3.319e+23 3.325e-34 2.187e-22 2.749e-21
6.310e-14 5.800e+49 3.700e+23 3.706e-34 2.438e-22 3.064e-21
7.079e-14 5.135e+49 4.123e+23 4.130e-34 2.717e-22 3.414e-21
7.943e-14 4.546e+49 4.595e+23 4.603e-34 3.028e-22 3.805e-21
8.913e-14 4.024e+49 5.121e+23 5.130e-34 3.375e-22 4.241e-21
1.000e-13 3.562e+49 5.707e+23 5.716e-34 3.760e-22 4.725e-21
1.122e-13 3.153e+49 6.359e+23 6.370e-34 4.190e-22 5.266e-21
1.259e-13 2.790e+49 7.085e+23 7.097e-34 4.669e-22 5.867e-21
1.413e-13 2.470e+49 7.894e+23 7.908e-34 5.202e-22 6.537e-21
1.585e-13 2.186e+49 8.796e+23 8.810e-34 5.796e-22 7.283e-21
1.778e-13 1.934e+49 9.799e+23 9.816e-34 6.457e-22 8.114e-21
1.995e-13 1.711e+49 1.092e+24 1.093e-33 7.193e-22 9.040e-21
2.239e-13 1.514e+49 1.216e+24 1.218e-33 8.013e-22 1.007e-20
2.512e-13 1.340e+49 1.355e+24 1.357e-33 8.926e-22 1.122e-20
2.818e-13 1.186e+49 1.509e+24 1.511e-33 9.942e-22 1.249e-20
3.162e-13 1.049e+49 1.680e+24 1.683e-33 1.107e-21 1.392e-20
3.548e-13 9.279e+48 1.872e+24 1.875e-33 1.233e-21 1.550e-20
3.981e-13 8.208e+48 2.084e+24 2.088e-33 1.374e-21 1.726e-20
4.467e-13 7.261e+48 2.321e+24 2.325e-33 1.530e-21 1.922e-20
5.012e-13 6.422e+48 2.585e+24 2.589e-33 1.703e-21 2.140e-20
5.623e-13 5.680e+48 2.878e+24 2.883e-33 1.896e-21 2.383e-20
6.310e-13 5.024e+48 3.204e+24 3.210e-33 2.112e-21 2.654e-20
7.079e-13 4.443e+48 3.568e+24 3.574e-33 2.351e-21 2.954e-20
7.943e-13 3.929e+48 3.972e+24 3.979e-33 2.617e-21 3.289e-20
8.913e-13 3.474e+48 4.421e+24 4.429e-33 2.914e-21 3.661e-20
1.000e-12 3.072e+48 4.922e+24 4.930e-33 3.243e-21 4.076e-20
1.122e-12 2.716e+48 5.478e+24 5.488e-33 3.610e-21 4.536e-20
1.259e-12 2.401e+48 6.097e+24 6.108e-33 4.018e-21 5.049e-20
1.413e-12 2.123e+48 6.786e+24 6.797e-33 4.472e-21 5.619e-20
1.585e-12 1.876e+48 7.552e+24 7.564e-33 4.976e-21 6.253e-20
1.778e-12 1.659e+48 8.403e+24 8.418e-33 5.537e-21 6.959e-20
1.995e-12 1.466e+48 9.350e+24 9.366e-33 6.162e-21 7.743e-20
2.239e-12 1.296e+48 1.040e+25 1.042e-32 6.855e-21 8.615e-20
2.512e-12 1.145e+48 1.157e+25 1.159e-32 7.627e-21 9.584e-20
2.818e-12 1.012e+48 1.288e+25 1.290e-32 8.485e-21 1.066e-19
3.162e-12 8.940e+47 1.432e+25 1.435e-32 9.438e-21 1.186e-19
3.548e-12 7.899e+47 1.593e+25 1.596e-32 1.050e-20 1.319e-19
3.981e-12 6.978e+47 1.772e+25 1.775e-32 1.168e-20 1.467e-19
4.467e-12 6.164e+47 1.971e+25 1.974e-32 1.299e-20 1.632e-19
5.012e-12 5.445e+47 2.191e+25 2.195e-32 1.444e-20 1.815e-19
5.623e-12 4.810e+47 2.437e+25 2.441e-32 1.606e-20 2.018e-19
6.310e-12 4.248e+47 2.709e+25 2.714e-32 1.785e-20 2.244e-19
7.079e-12 3.751e+47 3.012e+25 3.017e-32 1.985e-20 2.494e-19
7.943e-12 3.312e+47 3.349e+25 3.354e-32 2.207e-20 2.773e-19
8.913e-12 2.925e+47 3.722e+25 3.729e-32 2.453e-20 3.082e-19
1.000e-11 2.582e+47 4.137e+25 4.144e-32 2.726e-20 3.426e-19
1.122e-11 2.280e+47 4.598e+25 4.606e-32 3.030e-20 3.808e-19
1.259e-11 2.012e+47 5.110e+25 5.118e-32 3.367e-20 4.231e-19
1.413e-11 1.776e+47 5.678e+25 5.688e-32 3.742e-20 4.702e-19
1.585e-11 1.568e+47 6.309e+25 6.319e-32 4.157e-20 5.224e-19
1.778e-11 1.383e+47 7.009e+25 7.021e-32 4.618e-20 5.804e-19
1.995e-11 1.221e+47 7.786e+25 7.799e-32 5.131e-20 6.447e-19
2.239e-11 1.077e+47 8.648e+25 8.663e-32 5.699e-20 7.161e-19
2.512e-11 9.502e+46 9.605e+25 9.621e-32 6.329e-20 7.954e-19
2.818e-11 8.382e+46 1.067e+26 1.068e-31 7.029e-20 8.833e-19
3.162e-11 7.393e+46 1.184e+26 1.186e-31 7.805e-20 9.808e-19
3.548e-11 6.520e+46 1.315e+26 1.317e-31 8.666e-20 1.089e-18
3.981e-11 5.750e+46 1.460e+26 1.463e-31 9.621e-20 1.209e-18
4.467e-11 5.070e+46 1.621e+26 1.623e-31 1.068e-19 1.342e-18
5.012e-11 4.470e+46 1.799e+26 1.802e-31 1.185e-19 1.490e-18
5.623e-11 3.941e+46 1.996e+26 2.000e-31 1.316e-19 1.653e-18
6.310e-11 3.473e+46 2.215e+26 2.219e-31 1.460e-19 1.835e-18
7.079e-11 3.061e+46 2.458e+26 2.462e-31 1.620e-19 2.036e-18
7.943e-11 2.698e+46 2.727e+26 2.732e-31 1.797e-19 2.258e-18
8.913e-11 2.377e+46 3.025e+26 3.030e-31 1.994e-19 2.505e-18
1.000e-10 2.094e+46 3.356e+26 3.361e-31 2.211e-19 2.779e-18
1.122e-10 1.845e+46 3.721e+26 3.728e-31 2.452e-19 3.082e-18
1.259e-10 1.625e+46 4.127e+26 4.134e-31 2.719e-19 3.417e-18
1.413e-10 1.431e+46 4.576e+26 4.583e-31 3.015e-19 3.789e-18
1.585e-10 1.260e+46 5.072e+26 5.081e-31 3.343e-19 4.200e-18
1.778e-10 1.110e+46 5.623e+26 5.632e-31 3.705e-19 4.656e-18
1.995e-10 9.770e+45 6.232e+26 6.242e-31 4.106e-19 5.160e-18
2.239e-10 8.600e+45 6.906e+26 6.918e-31 4.551e-19 5.719e-18
2.512e-10 7.570e+45 7.652e+26 7.665e-31 5.042e-19 6.337e-18
2.818e-10 6.661e+45 8.478e+26 8.492e-31 5.586e-19 7.020e-18
3.162e-10 5.862e+45 9.391e+26 9.407e-31 6.188e-19 7.777e-18
3.548e-10 5.157e+45 1.040e+27 1.042e-30 6.854e-19 8.613e-18
3.981e-10 4.537e+45 1.152e+27 1.154e-30 7.591e-19 9.539e-18
4.467e-10 3.990e+45 1.276e+27 1.278e-30 8.406e-19 1.056e-17
5.012e-10 3.509e+45 1.412e+27 1.415e-30 9.306e-19 1.169e-17
5.623e-10 3.086e+45 1.563e+27 1.566e-30 1.030e-18 1.295e-17
6.310e-10 2.713e+45 1.731e+27 1.734e-30 1.140e-18 1.433e-17
7.079e-10 2.385e+45 1.915e+27 1.919e-30 1.262e-18 1.586e-17
7.943e-10 2.097e+45 2.120e+27 2.123e-30 1.397e-18 1.755e-17
8.913e-10 1.843e+45 2.345e+27 2.349e-30 1.545e-18 1.942e-17
1.000e-09 1.620e+45 2.595e+27 2.599e-30 1.710e-18 2.149e-17
1.122e-09 1.423e+45 2.871e+27 2.875e-30 1.892e-18 2.377e-17
1.259e-09 1.250e+45 3.175e+27 3.181e-30 2.092e-18 2.629e-17
1.413e-09 1.099e+45 3.512e+27 3.518e-30 2.314e-18 2.908e-17
1.585e-09 9.652e+44 3.884e+27 3.891e-30 2.560e-18 3.216e-17
1.778e-09 8.478e+44 4.296e+27 4.303e-30 2.831e-18 3.557e-17
1.995e-09 7.447e+44 4.750e+27 4.758e-30 3.130e-18 3.933e-17
2.239e-09 6.541e+44 5.253e+27 5.261e-30 3.461e-18 4.349e-17
2.512e-09 5.745e+44 5.808e+27 5.818e-30 3.827e-18 4.809e-17
2.818e-09 5.046e+44 6.422e+27 6.433e-30 4.232e-18 5.318e-17
3.162e-09 4.432e+44 7.100e+27 7.112e-30 4.679e-18 5.880e-17
3.548e-09 3.892e+44 7.851e+27 7.864e-30 5.173e-18 6.501e-17
3.981e-09 3.418e+44 8.680e+27 8.695e-30 5.720e-18 7.188e-17
4.467e-09 3.002e+44 9.598e+27 9.614e-30 6.324e-18 7.948e-17
5.012e-09 2.637e+44 1.061e+28 1.063e-29 6.993e-18 8.788e-17
5.623e-09 2.316e+44 1.173e+28 1.175e-29 7.733e-18 9.717e-17
6.310e-09 2.034e+44 1.298e+28 1.300e-29 8.551e-18 1.075e-16
7.079e-09 1.787e+44 1.435e+28 1.437e-29 9.456e-18 1.188e-16
7.943e-09 1.570e+44 1.587e+28 1.590e-29 1.046e-17 1.314e-16
8.913e-09 1.379e+44 1.755e+28 1.758e-29 1.156e-17 1.453e-16
1.000e-08 1.211e+44 1.941e+28 1.944e-29 1.279e-17 1.607e-16
1.122e-08 1.064e+44 2.146e+28 2.150e-29 1.414e-17 1.777e-16
1.259e-08 9.344e+43 2.373e+28 2.377e-29 1.564e-17 1.965e-16
1.413e-08 8.205e+43 2.623e+28 2.627e-29 1.728e-17 2.172e-16
1.585e-08 7.202e+43 2.899e+28 2.903e-29 1.910e-17 2.400e-16
1.778e-08 6.320e+43 3.202e+28 3.207e-29 2.110e-17 2.651e-16
1.995e-08 5.542e+43 3.535e+28 3.541e-29 2.329e-17 2.927e-16
2.239e-08 4.857e+43 3.900e+28 3.906e-29 2.570e-17 3.229e-16
2.512e-08 4.252e+43 4.298e+28 4.306e-29 2.832e-17 3.559e-16
2.818e-08 3.718e+43 4.732e+28 4.740e-29 3.118e-17 3.918e-16
3.162e-08 3.246e+43 5.201e+28 5.210e-29 3.427e-17 4.307e-16
3.548e-08 2.829e+43 5.707e+28 5.717e-29 3.761e-17 4.726e-16
3.981e-08 2.461e+43 6.249e+28 6.259e-29 4.118e-17 5.174e-16
4.467e-08 2.135e+43 6.824e+28 6.836e-29 4.497e-17 5.651e-16
5.012e-08 1.846e+43 7.431e+28 7.443e-29 4.897e-17 6.153e-16
5.623e-08 1.591e+43 8.063e+28 8.076e-29 5.313e-17 6.676e-16
6.310e-08 1.366e+43 8.712e+28 8.727e-29 5.741e-17 7.214e-16
7.079e-08 1.167e+43 9.369e+28 9.385e-29 6.174e-17 7.758e-16
7.943e-08 9.905e+42 1.001e+29 1.003e-28 6.598e-17 8.292e-16
8.913e-08 8.337e+42 1.061e+29 1.063e-28 6.992e-17 8.786e-16
1.000e-07 6.768e+42 1.084e+29 1.086e-28 7.145e-17 8.979e-16
1.122e-07 5.739e+42 1.158e+29 1.160e-28 7.628e-17 9.586e-16
1.259e-07 4.841e+42 1.229e+29 1.231e-28 8.100e-17 1.018e-15
1.413e-07 4.057e+42 1.297e+29 1.299e-28 8.546e-17 1.074e-15
1.585e-07 3.370e+42 1.356e+29 1.359e-28 8.937e-17 1.123e-15
1.778e-07 2.729e+42 1.382e+29 1.385e-28 9.110e-17 1.145e-15
1.995e-07 2.275e+42 1.451e+29 1.454e-28 9.563e-17 1.202e-15
2.239e-07 1.883e+42 1.512e+29 1.515e-28 9.963e-17 1.252e-15
2.512e-07 1.538e+42 1.554e+29 1.557e-28 1.024e-16 1.287e-15
2.818e-07 1.250e+42 1.590e+29 1.593e-28 1.048e-16 1.317e-15
3.162e-07 1.025e+42 1.642e+29 1.645e-28 1.082e-16 1.360e-15
3.548e-07 8.196e+41 1.653e+29 1.656e-28 1.089e-16 1.369e-15
3.981e-07 6.708e+41 1.703e+29 1.706e-28 1.122e-16 1.410e-15
4.467e-07 5.408e+41 1.729e+29 1.732e-28 1.139e-16 1.432e-15
5.012e-07 4.341e+41 1.747e+29 1.750e-28 1.151e-16 1.447e-15
5.623e-07 3.483e+41 1.764e+29 1.767e-28 1.163e-16 1.461e-15
6.310e-07 2.781e+41 1.774e+29 1.777e-28 1.169e-16 1.469e-15
7.079e-07 2.197e+41 1.764e+29 1.767e-28 1.162e-16 1.461e-15
7.943e-07 1.765e+41 1.785e+29 1.788e-28 1.176e-16 1.478e-15
8.913e-07 1.391e+41 1.770e+29 1.773e-28 1.166e-16 1.466e-15
1.000e-06 1.110e+41 1.779e+29 1.782e-28 1.172e-16 1.473e-15
1.122e-06 9.366e+40 1.889e+29 1.892e-28 1.245e-16 1.564e-15
1.259e-06 7.343e+40 1.865e+29 1.868e-28 1.229e-16 1.544e-15
1.413e-06 6.155e+40 1.968e+29 1.971e-28 1.297e-16 1.629e-15
1.585e-06 5.181e+40 2.085e+29 2.089e-28 1.374e-16 1.727e-15
1.778e-06 4.040e+40 2.047e+29 2.050e-28 1.349e-16 1.695e-15
1.995e-06 3.337e+40 2.128e+29 2.132e-28 1.402e-16 1.762e-15
2.239e-06 2.748e+40 2.206e+29 2.210e-28 1.454e-16 1.827e-15
2.512e-06 2.152e+40 2.175e+29 2.179e-28 1.434e-16 1.801e-15
2.818e-06 1.783e+40 2.269e+29 2.273e-28 1.495e-16 1.879e-15
3.162e-06 1.471e+40 2.357e+29 2.361e-28 1.553e-16 1.952e-15
3.548e-06 1.126e+40 2.272e+29 2.276e-28 1.497e-16 1.881e-15
3.981e-06 9.212e+39 2.339e+29 2.343e-28 1.541e-16 1.937e-15
4.467e-06 7.525e+39 2.406e+29 2.410e-28 1.585e-16 1.992e-15
5.012e-06 6.142e+39 2.472e+29 2.476e-28 1.629e-16 2.047e-15
5.623e-06 4.612e+39 2.337e+29 2.341e-28 1.540e-16 1.935e-15
6.310e-06 3.812e+39 2.431e+29 2.435e-28 1.602e-16 2.013e-15
7.079e-06 3.131e+39 2.514e+29 2.518e-28 1.657e-16 2.082e-15
7.943e-06 2.563e+39 2.591e+29 2.595e-28 1.707e-16 2.145e-15
8.913e-06 1.918e+39 2.441e+29 2.445e-28 1.608e-16 2.021e-15
1.000e-05 1.556e+39 2.493e+29 2.497e-28 1.643e-16 2.064e-15
1.122e-05 1.262e+39 2.545e+29 2.550e-28 1.677e-16 2.108e-15
1.259e-05 1.023e+39 2.597e+29 2.602e-28 1.712e-16 2.151e-15
1.413e-05 8.288e+38 2.649e+29 2.654e-28 1.746e-16 2.194e-15
1.585e-05 6.713e+38 2.702e+29 2.706e-28 1.780e-16 2.237e-15
1.778e-05 4.894e+38 2.479e+29 2.484e-28 1.634e-16 2.053e-15
1.995e-05 3.931e+38 2.507e+29 2.512e-28 1.652e-16 2.076e-15
2.239e-05 3.158e+38 2.535e+29 2.540e-28 1.671e-16 2.100e-15
2.512e-05 2.536e+38 2.564e+29 2.568e-28 1.689e-16 2.123e-15
2.818e-05 2.037e+38 2.592e+29 2.596e-28 1.708e-16 2.146e-15
3.162e-05 1.635e+38 2.620e+29 2.624e-28 1.726e-16 2.170e-15
3.548e-05 1.313e+38 2.648e+29 2.653e-28 1.745e-16 2.193e-15
3.981e-05 1.054e+38 2.676e+29 2.681e-28 1.764e-16 2.216e-15
4.467e-05 8.460e+37 2.704e+29 2.709e-28 1.782e-16 2.239e-15
5.012e-05 5.982e+37 2.407e+29 2.411e-28 1.586e-16 1.993e-15
5.623e-05 4.751e+37 2.407e+29 2.411e-28 1.586e-16 1.993e-15
6.310e-05 3.774e+37 2.407e+29 2.411e-28 1.586e-16 1.993e-15
7.079e-05 2.998e+37 2.407e+29 2.411e-28 1.586e-16 1.993e-15
7.943e-05 2.381e+37 2.407e+29 2.411e-28 1.586e-16 1.993e-15
8.913e-05 1.892e+37 2.407e+29 2.411e-28 1.586e-16 1.993e-15
1.000e-04 1.503e+37 2.407e+29 2.411e-28 1.586e-16 1.993e-15
1.122e-04 1.193e+37 2.407e+29 2.411e-28 1.586e-16 1.993e-15
1.259e-04 9.480e+36 2.407e+29 2.411e-28 1.586e-16 1.993e-15
1.413e-04 7.530e+36 2.407e+29 2.411e-28 1.586e-16 1.993e-15
1.585e-04 5.981e+36 2.407e+29 2.411e-28 1.586e-16 1.993e-15
1.778e-04 4.751e+36 2.407e+29 2.411e-28 1.586e-16 1.993e-15
1.995e-04 3.774e+36 2.407e+29 2.411e-28 1.586e-16 1.993e-15
2.239e-04 2.998e+36 2.407e+29 2.411e-28 1.586e-16 1.993e-15
2.512e-04 2.381e+36 2.407e+29 2.411e-28 1.586e-16 1.993e-15
2.818e-04 1.891e+36 2.407e+29 2.411e-28 1.586e-16 1.993e-15
3.162e-04 1.502e+36 2.407e+29 2.411e-28 1.586e-16 1.993e-15
3.548e-04 1.193e+36 2.407e+29 2.411e-28 1.586e-16 1.993e-15
3.981e-04 9.480e+35 2.407e+29 2.411e-28 1.586e-16 1.993e-15
4.467e-04 7.530e+35 2.407e+29 2.411e-28 1.586e-16 1.993e-15
5.012e-04 5.981e+35 2.407e+29 2.411e-28 1.586e-16 1.993e-15
5.623e-04 4.751e+35 2.407e+29 2.411e-28 1.586e-16 1.993e-15
6.310e-04 3.774e+35 2.407e+29 2.411e-28 1.586e-16 1.993e-15
7.079e-04 2.997e+35 2.407e+29 2.411e-28 1.586e-16 1.993e-15
7.943e-04 2.381e+35 2.407e+29 2.411e-28 1.586e-16 1.993e-15
8.913e-04 1.891e+35 2.407e+29 2.411e-28 1.586e-16 1.993e-15
1.000e-03 1.502e+35 2.407e+29 2.411e-28 1.586e-16 1.993e-15
1.122e-03 1.193e+35 2.407e+29 2.411e-28 1.586e-16 1.993e-15
1.259e-03 9.478e+34 2.407e+29 2.411e-28 1.586e-16 1.993e-15
1.413e-03 7.528e+34 2.407e+29 2.411e-28 1.586e-16 1.993e-15
1.585e-03 5.980e+34 2.407e+29 2.411e-28 1.586e-16 1.993e-15
1.778e-03 4.750e+34 2.406e+29 2.411e-28 1.586e-16 1.993e-15
1.995e-03 3.773e+34 2.406e+29 2.410e-28 1.586e-16 1.993e-15
2.239e-03 2.997e+34 2.406e+29 2.410e-28 1.586e-16 1.993e-15
2.512e-03 2.380e+34 2.406e+29 2.410e-28 1.586e-16 1.992e-15
2.818e-03 1.890e+34 2.406e+29 2.410e-28 1.585e-16 1.992e-15
3.162e-03 1.502e+34 2.406e+29 2.410e-28 1.585e-16 1.992e-15
3.548e-03 1.193e+34 2.406e+29 2.410e-28 1.585e-16 1.992e-15
3.981e-03 9.473e+33 2.405e+29 2.409e-28 1.585e-16 1.992e-15
4.467e-03 7.524e+33 2.405e+29 2.409e-28 1.585e-16 1.992e-15
5.012e-03 5.976e+33 2.405e+29 2.409e-28 1.585e-16 1.991e-15
5.623e-03 4.746e+33 2.405e+29 2.409e-28 1.585e-16 1.991e-15
6.310e-03 3.770e+33 2.404e+29 2.408e-28 1.584e-16 1.991e-15
7.079e-03 2.994e+33 2.404e+29 2.408e-28 1.584e-16 1.991e-15
7.943e-03 2.378e+33 2.404e+29 2.408e-28 1.584e-16 1.990e-15
8.913e-03 1.888e+33 2.403e+29 2.407e-28 1.584e-16 1.990e-15
1.000e-02 1.500e+33 2.403e+29 2.407e-28 1.583e-16 1.990e-15
1.122e-02 1.191e+33 2.402e+29 2.406e-28 1.583e-16 1.989e-15
1.259e-02 9.458e+32 2.402e+29 2.406e-28 1.583e-16 1.989e-15
1.413e-02 7.511e+32 2.401e+29 2.405e-28 1.582e-16 1.988e-15
1.585e-02 5.965e+32 2.400e+29 2.404e-28 1.582e-16 1.988e-15
1.778e-02 4.736e+32 2.400e+29 2.404e-28 1.581e-16 1.987e-15
1.995e-02 3.761e+32 2.399e+29 2.403e-28 1.581e-16 1.986e-15
2.239e-02 2.986e+32 2.398e+29 2.402e-28 1.580e-16 1.986e-15
2.512e-02 2.371e+32 2.397e+29 2.401e-28 1.579e-16 1.985e-15
2.818e-02 1.882e+32 2.396e+29 2.400e-28 1.579e-16 1.984e-15
3.162e-02 1.494e+32 2.394e+29 2.398e-28 1.578e-16 1.983e-15
3.548e-02 1.186e+32 2.393e+29 2.397e-28 1.577e-16 1.981e-15
3.981e-02 9.417e+31 2.391e+29 2.395e-28 1.576e-16 1.980e-15
4.467e-02 7.474e+31 2.389e+29 2.393e-28 1.575e-16 1.979e-15
5.012e-02 5.932e+31 2.387e+29 2.391e-28 1.573e-16 1.977e-15
5.623e-02 4.708e+31 2.385e+29 2.389e-28 1.572e-16 1.975e-15
6.310e-02 3.736e+31 2.383e+29 2.387e-28 1.570e-16 1.973e-15
7.079e-02 2.964e+31 2.380e+29 2.384e-28 1.568e-16 1.971e-15
7.943e-02 2.351e+31 2.377e+29 2.381e-28 1.566e-16 1.968e-15
8.913e-02 1.865e+31 2.374e+29 2.378e-28 1.564e-16 1.966e-15
1.000e-01 1.479e+31 2.370e+29 2.374e-28 1.562e-16 1.963e-15
1.122e-01 1.173e+31 2.366e+29 2.370e-28 1.559e-16 1.959e-15
1.259e-01 9.299e+30 2.361e+29 2.365e-28 1.556e-16 1.955e-15
1.413e-01 7.371e+30 2.356e+29 2.360e-28 1.553e-16 1.951e-15
1.585e-01 5.841e+30 2.351e+29 2.355e-28 1.549e-16 1.947e-15
1.778e-01 4.628e+30 2.345e+29 2.349e-28 1.545e-16 1.942e-15
1.995e-01 3.665e+30 2.338e+29 2.342e-28 1.541e-16 1.936e-15
2.239e-01 2.902e+30 2.330e+29 2.334e-28 1.536e-16 1.930e-15
2.512e-01 2.297e+30 2.322e+29 2.326e-28 1.530e-16 1.923e-15
2.818e-01 1.817e+30 2.313e+29 2.317e-28 1.524e-16 1.915e-15
3.162e-01 1.437e+30 2.303e+29 2.307e-28 1.517e-16 1.907e-15
3.548e-01 1.136e+30 2.292e+29 2.295e-28 1.510e-16 1.898e-15
3.981e-01 8.976e+29 2.279e+29 2.283e-28 1.502e-16 1.887e-15
4.467e-01 7.087e+29 2.266e+29 2.269e-28 1.493e-16 1.876e-15
5.012e-01 5.592e+29 2.250e+29 2.254e-28 1.483e-16 1.864e-15
5.623e-01 4.409e+29 2.234e+29 2.238e-28 1.472e-16 1.850e-15
6.310e-01 3.474e+29 2.216e+29 2.219e-28 1.460e-16 1.835e-15
7.079e-01 2.734e+29 2.195e+29 2.199e-28 1.447e-16 1.818e-15
7.943e-01 2.150e+29 2.173e+29 2.177e-28 1.432e-16 1.800e-15
8.913e-01 1.689e+29 2.149e+29 2.153e-28 1.416e-16 1.780e-15
1.000e+00 1.325e+29 2.122e+29 2.126e-28 1.399e-16 1.757e-15
1.122e+00 1.038e+29 2.093e+29 2.097e-28 1.379e-16 1.733e-15
1.259e+00 8.117e+28 2.061e+29 2.065e-28 1.358e-16 1.707e-15
1.413e+00 6.338e+28 2.026e+29 2.030e-28 1.335e-16 1.678e-15
1.585e+00 4.940e+28 1.988e+29 1.991e-28 1.310e-16 1.646e-15
1.778e+00 3.841e+28 1.946e+29 1.949e-28 1.282e-16 1.612e-15
1.995e+00 2.980e+28 1.901e+29 1.904e-28 1.253e-16 1.574e-15
2.239e+00 2.306e+28 1.851e+29 1.854e-28 1.220e-16 1.533e-15
2.512e+00 1.778e+28 1.798e+29 1.801e-28 1.185e-16 1.489e-15
2.818e+00 1.367e+28 1.740e+29 1.743e-28 1.146e-16 1.441e-15
3.162e+00 1.047e+28 1.677e+29 1.680e-28 1.105e-16 1.389e-15
3.548e+00 7.977e+27 1.609e+29 1.612e-28 1.060e-16 1.332e-15
3.981e+00 6.050e+27 1.536e+29 1.539e-28 1.012e-16 1.272e-15
4.467e+00 4.561e+27 1.458e+29 1.460e-28 9.607e-17 1.207e-15
5.012e+00 3.415e+27 1.374e+29 1.377e-28 9.056e-17 1.138e-15
5.623e+00 2.536e+27 1.285e+29 1.287e-28 8.468e-17 1.064e-15
6.310e+00 1.866e+27 1.190e+29 1.192e-28 7.843e-17 9.856e-16
7.079e+00 1.357e+27 1.090e+29 1.092e-28 7.182e-17 9.025e-16
7.943e+00 9.740e+26 9.846e+28 9.863e-29 6.488e-17 8.153e-16
8.913e+00 6.878e+26 8.753e+28 8.768e-29 5.768e-17 7.248e-16
1.000e+01 4.771e+26 7.644e+28 7.657e-29 5.037e-17 6.330e-16
1.122e+01 3.261e+26 6.578e+28 6.589e-29 4.335e-17 5.447e-16
1.259e+01 2.205e+26 5.598e+28 5.608e-29 3.689e-17 4.636e-16
1.413e+01 1.484e+26 4.746e+28 4.754e-29 3.127e-17 3.930e-16
1.585e+01 9.954e+25 4.006e+28 4.013e-29 2.640e-17 3.317e-16
1.778e+01 6.644e+25 3.366e+28 3.372e-29 2.218e-17 2.787e-16
1.995e+01 4.412e+25 2.814e+28 2.819e-29 1.855e-17 2.330e-16
2.239e+01 2.915e+25 2.341e+28 2.345e-29 1.542e-17 1.938e-16
2.512e+01 1.914e+25 1.935e+28 1.938e-29 1.275e-17 1.602e-16
2.818e+01 1.249e+25 1.590e+28 1.593e-29 1.048e-17 1.316e-16
3.162e+01 8.096e+24 1.297e+28 1.299e-29 8.548e-18 1.074e-16
3.548e+01 5.208e+24 1.050e+28 1.052e-29 6.922e-18 8.698e-17
3.981e+01 3.323e+24 8.437e+27 8.452e-30 5.560e-18 6.987e-17
4.467e+01 2.101e+24 6.717e+27 6.728e-30 4.426e-18 5.562e-17
5.012e+01 1.316e+24 5.295e+27 5.304e-30 3.489e-18 4.385e-17
5.623e+01 8.153e+23 4.131e+27 4.138e-30 2.722e-18 3.421e-17
6.310e+01 4.994e+23 3.185e+27 3.190e-30 2.099e-18 2.637e-17
7.079e+01 3.020e+23 2.425e+27 2.429e-30 1.598e-18 2.008e-17
7.943e+01 1.801e+23 1.821e+27 1.824e-30 1.200e-18 1.508e-17
8.913e+01 1.058e+23 1.346e+27 1.349e-30 8.871e-19 1.115e-17
1.000e+02 6.110e+22 9.789e+26 9.806e-31 6.450e-19 8.106e-18
1.122e+02 3.464e+22 6.987e+26 6.999e-31 4.604e-19 5.786e-18
1.259e+02 1.924e+22 4.885e+26 4.894e-31 3.219e-19 4.045e-18
1.413e+02 1.044e+22 3.338e+26 3.344e-31 2.200e-19 2.764e-18
1.585e+02 5.525e+21 2.223e+26 2.227e-31 1.465e-19 1.841e-18
1.778e+02 2.839e+21 1.438e+26 1.441e-31 9.477e-20 1.191e-18
1.995e+02 1.410e+21 8.994e+25 9.009e-32 5.926e-20 7.447e-19
2.239e+02 6.729e+20 5.404e+25 5.413e-32 3.561e-20 4.475e-19
2.512e+02 3.057e+20 3.091e+25 3.096e-32 2.037e-20 2.559e-19
2.818e+02 1.303e+20 1.658e+25 1.661e-32 1.093e-20 1.373e-19
3.162e+02 5.070e+19 8.123e+24 8.137e-33 5.353e-21 6.727e-20
3.548e+02 1.705e+19 3.440e+24 3.446e-33 2.267e-21 2.848e-20
3.981e+02 4.301e+18 1.092e+24 1.094e-33 7.196e-22 9.043e-21
4.467e+02 4.354e+17 1.392e+23 1.394e-34 9.172e-23 1.153e-21
5.012e+02 0.000e+00 0.000e+00 0.000e+00 0.000e+00 0.000e+00
5.623e+02 0.000e+00 0.000e+00 0.000e+00 0.000e+00 0.000e+00
6.310e+02 0.000e+00 0.000e+00 0.000e+00 0.000e+00 0.000e+00
7.079e+02 0.000e+00 0.000e+00 0.000e+00 0.000e+00 0.000e+00
7.943e+02 0.000e+00 0.000e+00 0.000e+00 0.000e+00 0.000e+00
8.913e+02 0.000e+00 0.000e+00 0.000e+00 0.000e+00 0.000e+00
1.000e+03 0.000e+00 0.000e+00 0.000e+00 0.000e+00 0.000e+00
1.122e+03 0.000e+00 0.000e+00 0.000e+00 0.000e+00 0.000e+00
1.259e+03 0.000e+00 0.000e+00 0.000e+00 0.000e+00 0.000e+00
1.413e+03 0.000e+00 0.000e+00 0.000e+00 0.000e+00 0.000e+00
1.585e+03 0.000e+00 0.000e+00 0.000e+00 0.000e+00 0.000e+00
1.778e+03 0.000e+00 0.000e+00 0.000e+00 0.000e+00 0.000e+00
1.995e+03 0.000e+00 0.000e+00 0.000e+00 0.000e+00 0.000e+00
2.239e+03 0.000e+00 0.000e+00 0.000e+00 0.000e+00 0.000e+00
2.512e+03 0.000e+00 0.000e+00 0.000e+00 0.000e+00 0.000e+00
2.818e+03 0.000e+00 0.000e+00 0.000e+00 0.000e+00 0.000e+00
3.162e+03 0.000e+00 0.000e+00 0.000e+00 0.000e+00 0.000e+00
3.548e+03 0.000e+00 0.000e+00 0.000e+00 0.000e+00 0.000e+00
3.981e+03 0.000e+00 0.000e+00 0.000e+00 0.000e+00 0.000e+00
4.467e+03 0.000e+00 0.000e+00 0.000e+00 0.000e+00 0.000e+00
5.012e+03 0.000e+00 0.000e+00 0.000e+00 0.000e+00 0.000e+00
5.623e+03 0.000e+00 0.000e+00 0.000e+00 0.000e+00 0.000e+00
6.310e+03 0.000e+00 0.000e+00 0.000e+00 0.000e+00 0.000e+00
7.079e+03 0.000e+00 0.000e+00 0.000e+00 0.000e+00 0.000e+00
7.943e+03 0.000e+00 0.000e+00 0.000e+00 0.000e+00 0.000e+00
8.913e+03 0.000e+00 0.000e+00 0.000e+00 0.000e+00 0.000e+00
1.000e+04 0.000e+00 0.000e+00 0.000e+00 0.000e+00 0.000e+00
1.122e+04 0.000e+00 0.000e+00 0.000e+00 0.000e+00 0.000e+00
1.259e+04 0.000e+00 0.000e+00 0.000e+00 0.000e+00 0.000e+00
1.413e+04 0.000e+00 0.000e+00 0.000e+00 0.000e+00 0.000e+00
1.585e+04 0.000e+00 0.000e+00 0.000e+00 0.000e+00 0.000e+00
1.778e+04 0.000e+00 0.000e+00 0.000e+00 0.000e+00 0.000e+00
1.995e+04 0.000e+00 0.000e+00 0.000e+00 0.000e+00 0.000e+00
2.239e+04 0.000e+00 0.000e+00 0.000e+00 0.000e+00 0.000e+00
2.512e+04 0.000e+00 0.000e+00 0.000e+00 0.000e+00 0.000e+00
2.818e+04 0.000e+00 0.000e+00 0.000e+00 0.000e+00 0.000e+00
3.162e+04 0.000e+00 0.000e+00 0.000e+00 0.000e+00 0.000e+00
3.548e+04 0.000e+00 0.000e+00 0.000e+00 0.000e+00 0.000e+00
3.981e+04 0.000e+00 0.000e+00 0.000e+00 0.000e+00 0.000e+00
4.467e+04 0.000e+00 0.000e+00 0.000e+00 0.000e+00 0.000e+00
5.012e+04 0.000e+00 0.000e+00 0.000e+00 0.000e+00 0.000e+00
5.623e+04 0.000e+00 0.000e+00 0.000e+00 0.000e+00 0.000e+00
6.310e+04 0.000e+00 0.000e+00 0.000e+00 0.000e+00 0.000e+00
7.079e+04 0.000e+00 0.000e+00 0.000e+00 0.000e+00 0.000e+00
7.943e+04 0.000e+00 0.000e+00 0.000e+00 0.000e+00 0.000e+00
8.913e+04 0.000e+00 0.000e+00 0.000e+00 0.000e+00 0.000e+00
1.000e+05 0.000e+00 0.000e+00 0.000e+00 0.000e+00 0.000e+00
1.122e+05 0.000e+00 0.000e+00 0.000e+00 0.000e+00 0.000e+00
1.259e+05 0.000e+00 0.000e+00 0.000e+00 0.000e+00 0.000e+00
1.413e+05 0.000e+00 0.000e+00 0.000e+00 0.000e+00 0.000e+00
1.585e+05 0.000e+00 0.000e+00 0.000e+00 0.000e+00 0.000e+00
1.778e+05 0.000e+00 0.000e+00 0.000e+00 0.000e+00 0.000e+00
1.995e+05 0.000e+00 0.000e+00 0.000e+00 0.000e+00 0.000e+00
2.239e+05 0.000e+00 0.000e+00 0.000e+00 0.000e+00 0.000e+00
2.512e+05 0.000e+00 0.000e+00 0.000e+00 0.000e+00 0.000e+00
2.818e+05 0.000e+00 0.000e+00 0.000e+00 0.000e+00 0.000e+00
3.162e+05 0.000e+00 0.000e+00 0.000e+00 0.000e+00 0.000e+00
3.548e+05 0.000e+00 0.000e+00 0.000e+00 0.000e+00 0.000e+00
3.981e+05 0.000e+00 0.000e+00 0.000e+00 0.000e+00 0.000e+00
4.467e+05 0.000e+00 0.000e+00 0.000e+00 0.000e+00 0.000e+00
5.012e+05 0.000e+00 0.000e+00 0.000e+00 0.000e+00 0.000e+00
5.623e+05 0.000e+00 0.000e+00 0.000e+00 0.000e+00 0.000e+00
6.310e+05 0.000e+00 0.000e+00 0.000e+00 0.000e+00 0.000e+00
7.079e+05 0.000e+00 0.000e+00 0.000e+00 0.000e+00 0.000e+00
7.943e+05 0.000e+00 0.000e+00 0.000e+00 0.000e+00 0.000e+00
8.913e+05 0.000e+00 0.000e+00 0.000e+00 0.000e+00 0.000e+00
1.000e+06 0.000e+00 0.000e+00 0.000e+00 0.000e+00 0.000e+00
1.122e+06 0.000e+00 0.000e+00 0.000e+00 0.000e+00 0.000e+00
1.259e+06 0.000e+00 0.000e+00 0.000e+00 0.000e+00 0.000e+00
1.413e+06 0.000e+00 0.000e+00 0.000e+00 0.000e+00 0.000e+00
1.585e+06 0.000e+00 0.000e+00 0.000e+00 0.000e+00 0.000e+00
1.778e+06 0.000e+00 0.000e+00 0.000e+00 0.000e+00 0.000e+00
1.995e+06 0.000e+00 0.000e+00 0.000e+00 0.000e+00 0.000e+00
2.239e+06 0.000e+00 0.000e+00 0.000e+00 0.000e+00 0.000e+00
2.512e+06 0.000e+00 0.000e+00 0.000e+00 0.000e+00 0.000e+00
2.818e+06 0.000e+00 0.000e+00 0.000e+00 0.000e+00 0.000e+00
3.162e+06 0.000e+00 0.000e+00 0.000e+00 0.000e+00 0.000e+00
3.548e+06 0.000e+00 0.000e+00 0.000e+00 0.000e+00 0.000e+00
3.981e+06 0.000e+00 0.000e+00 0.000e+00 0.000e+00 0.000e+00
4.467e+06 0.000e+00 0.000e+00 0.000e+00 0.000e+00 0.000e+00
5.012e+06 0.000e+00 0.000e+00 0.000e+00 0.000e+00 0.000e+00
5.623e+06 0.000e+00 0.000e+00 0.000e+00 0.000e+00 0.000e+00
6.310e+06 0.000e+00 0.000e+00 0.000e+00 0.000e+00 0.000e+00
7.079e+06 0.000e+00 0.000e+00 0.000e+00 0.000e+00 0.000e+00
7.943e+06 0.000e+00 0.000e+00 0.000e+00 0.000e+00 0.000e+00
8.913e+06 0.000e+00 0.000e+00 0.000e+00 0.000e+00 0.000e+00
1.000e+07 0.000e+00 0.000e+00 0.000e+00 0.000e+00 0.000e+00
1.122e+07 0.000e+00 0.000e+00 0.000e+00 0.000e+00 0.000e+00
1.259e+07 0.000e+00 0.000e+00 0.000e+00 0.000e+00 0.000e+00
1.413e+07 0.000e+00 0.000e+00 0.000e+00 0.000e+00 0.000e+00
1.585e+07 0.000e+00 0.000e+00 0.000e+00 0.000e+00 0.000e+00
1.778e+07 0.000e+00 0.000e+00 0.000e+00 0.000e+00 0.000e+00
1.995e+07 0.000e+00 0.000e+00 0.000e+00 0.000e+00 0.000e+00
2.239e+07 0.000e+00 0.000e+00 0.000e+00 0.000e+00 0.000e+00
2.512e+07 0.000e+00 0.000e+00 0.000e+00 0.000e+00 0.000e+00
2.818e+07 0.000e+00 0.000e+00 0.000e+00 0.000e+00 0.000e+00
3.162e+07 0.000e+00 0.000e+00 0.000e+00 0.000e+00 0.000e+00
3.548e+07 0.000e+00 0.000e+00 0.000e+00 0.000e+00 0.000e+00
3.981e+07 0.000e+00 0.000e+00 0.000e+00 0.000e+00 0.000e+00
4.467e+07 0.000e+00 0.000e+00 0.000e+00 0.000e+00 0.000e+00
5.012e+07 0.000e+00 0.000e+00 0.000e+00 0.000e+00 0.000e+00
5.623e+07 0.000e+00 0.000e+00 0.000e+00 0.000e+00 0.000e+00
6.310e+07 0.000e+00 0.000e+00 0.000e+00 0.000e+00 0.000e+00
7.079e+07 0.000e+00 0.000e+00 0.000e+00 0.000e+00 0.000e+00
7.943e+07 0.000e+00 0.000e+00 0.000e+00 0.000e+00 0.000e+00
8.913e+07 0.000e+00 0.000e+00 0.000e+00 0.000e+00 0.000e+00
1.000e+08 0.000e+00 0.000e+00 0.000e+00 0.000e+00 0.000e+00
