1.000e-20 2.142e+70 3.432e+30 3.438e-27 2.261e-15 2.842e-14
1.122e-20 1.802e+70 3.635e+30 3.641e-27 2.395e-15 3.010e-14
1.259e-20 1.516e+70 3.851e+30 3.857e-27 2.537e-15 3.189e-14
1.413e-20 1.276e+70 4.079e+30 4.086e-27 2.688e-15 3.377e-14
1.585e-20 1.074e+70 4.320e+30 4.328e-27 2.847e-15 3.578e-14
1.778e-20 9.033e+69 4.576e+30 4.584e-27 3.016e-15 3.790e-14
1.995e-20 7.600e+69 4.848e+30 4.856e-27 3.194e-15 4.014e-14
2.239e-20 6.395e+69 5.135e+30 5.143e-27 3.384e-15 4.252e-14
2.512e-20 5.380e+69 5.439e+30 5.448e-27 3.584e-15 4.504e-14
2.818e-20 4.527e+69 5.761e+30 5.771e-27 3.796e-15 4.771e-14
3.162e-20 3.809e+69 6.103e+30 6.113e-27 4.021e-15 5.053e-14
3.548e-20 3.205e+69 6.464e+30 6.475e-27 4.260e-15 5.353e-14
3.981e-20 2.697e+69 6.847e+30 6.859e-27 4.512e-15 5.670e-14
4.467e-20 2.269e+69 7.253e+30 7.265e-27 4.779e-15 6.006e-14
5.012e-20 1.909e+69 7.683e+30 7.696e-27 5.063e-15 6.362e-14
5.623e-20 1.606e+69 8.138e+30 8.152e-27 5.363e-15 6.739e-14
6.310e-20 1.351e+69 8.620e+30 8.635e-27 5.680e-15 7.138e-14
7.079e-20 1.137e+69 9.131e+30 9.147e-27 6.017e-15 7.561e-14
7.943e-20 9.568e+68 9.672e+30 9.689e-27 6.373e-15 8.009e-14
8.913e-20 8.050e+68 1.025e+31 1.026e-26 6.751e-15 8.484e-14
1.000e-19 6.773e+68 1.085e+31 1.087e-26 7.151e-15 8.986e-14
1.122e-19 5.699e+68 1.150e+31 1.151e-26 7.575e-15 9.519e-14
1.259e-19 4.795e+68 1.218e+31 1.220e-26 8.024e-15 1.008e-13
1.413e-19 4.035e+68 1.290e+31 1.292e-26 8.499e-15 1.068e-13
1.585e-19 3.395e+68 1.366e+31 1.369e-26 9.003e-15 1.131e-13
1.778e-19 2.856e+68 1.447e+31 1.450e-26 9.536e-15 1.198e-13
1.995e-19 2.403e+68 1.533e+31 1.536e-26 1.010e-14 1.269e-13
2.239e-19 2.022e+68 1.624e+31 1.627e-26 1.070e-14 1.345e-13
2.512e-19 1.701e+68 1.720e+31 1.723e-26 1.133e-14 1.424e-13
2.818e-19 1.432e+68 1.822e+31 1.825e-26 1.201e-14 1.509e-13
3.162e-19 1.205e+68 1.930e+31 1.933e-26 1.272e-14 1.598e-13
3.548e-19 1.013e+68 2.044e+31 2.048e-26 1.347e-14 1.693e-13
3.981e-19 8.527e+67 2.165e+31 2.169e-26 1.427e-14 1.793e-13
4.467e-19 7.175e+67 2.294e+31 2.298e-26 1.511e-14 1.899e-13
5.012e-19 6.037e+67 2.430e+31 2.434e-26 1.601e-14 2.012e-13
5.623e-19 5.079e+67 2.573e+31 2.578e-26 1.696e-14 2.131e-13
6.310e-19 4.274e+67 2.726e+31 2.731e-26 1.796e-14 2.257e-13
7.079e-19 3.596e+67 2.887e+31 2.892e-26 1.903e-14 2.391e-13
7.943e-19 3.026e+67 3.059e+31 3.064e-26 2.015e-14 2.533e-13
8.913e-19 2.546e+67 3.240e+31 3.245e-26 2.135e-14 2.683e-13
1.000e-18 2.142e+67 3.432e+31 3.438e-26 2.261e-14 2.842e-13
1.122e-18 1.802e+67 3.635e+31 3.641e-26 2.395e-14 3.010e-13
1.259e-18 1.516e+67 3.851e+31 3.857e-26 2.537e-14 3.188e-13
1.413e-18 1.276e+67 4.079e+31 4.086e-26 2.688e-14 3.377e-13
1.585e-18 1.074e+67 4.320e+31 4.328e-26 2.847e-14 3.578e-13
1.778e-18 9.033e+66 4.576e+31 4.584e-26 3.016e-14 3.790e-13
1.995e-18 7.600e+66 4.848e+31 4.856e-26 3.194e-14 4.014e-13
2.239e-18 6.395e+66 5.135e+31 5.143e-26 3.384e-14 4.252e-13
2.512e-18 5.380e+66 5.439e+31 5.448e-26 3.584e-14 4.504e-13
2.818e-18 4.527e+66 5.761e+31 5.771e-26 3.796e-14 4.771e-13
3.162e-18 3.809e+66 6.103e+31 6.113e-26 4.021e-14 5.053e-13
3.548e-18 3.205e+66 6.464e+31 6.475e-26 4.260e-14 5.353e-13
3.981e-18 2.697e+66 6.847e+31 6.859e-26 4.512e-14 5.670e-13
4.467e-18 2.269e+66 7.253e+31 7.265e-26 4.779e-14 6.006e-13
5.012e-18 1.909e+66 7.683e+31 7.696e-26 5.063e-14 6.362e-13
5.623e-18 1.606e+66 8.138e+31 8.152e-26 5.363e-14 6.739e-13
6.310e-18 1.351e+66 8.620e+31 8.635e-26 5.680e-14 7.138e-13
7.079e-18 1.137e+66 9.131e+31 9.146e-26 6.017e-14 7.561e-13
7.943e-18 9.568e+65 9.672e+31 9.688e-26 6.373e-14 8.009e-13
8.913e-18 8.050e+65 1.025e+32 1.026e-25 6.751e-14 8.484e-13
1.000e-17 6.773e+65 1.085e+32 1.087e-25 7.151e-14 8.986e-13
1.122e-17 5.699e+65 1.150e+32 1.151e-25 7.575e-14 9.519e-13
1.259e-17 4.795e+65 1.218e+32 1.220e-25 8.024e-14 1.008e-12
1.413e-17 4.035e+65 1.290e+32 1.292e-25 8.499e-14 1.068e-12
1.585e-17 3.395e+65 1.366e+32 1.369e-25 9.003e-14 1.131e-12
1.778e-17 2.856e+65 1.447e+32 1.450e-25 9.536e-14 1.198e-12
1.995e-17 2.403e+65 1.533e+32 1.535e-25 1.010e-13 1.269e-12
2.239e-17 2.022e+65 1.624e+32 1.626e-25 1.070e-13 1.345e-12
2.512e-17 1.701e+65 1.720e+32 1.723e-25 1.133e-13 1.424e-12
2.818e-17 1.432e+65 1.822e+32 1.825e-25 1.201e-13 1.509e-12
3.162e-17 1.204e+65 1.930e+32 1.933e-25 1.272e-13 1.598e-12
3.548e-17 1.013e+65 2.044e+32 2.048e-25 1.347e-13 1.693e-12
3.981e-17 8.527e+64 2.165e+32 2.169e-25 1.427e-13 1.793e-12
4.467e-17 7.175e+64 2.294e+32 2.297e-25 1.511e-13 1.899e-12
5.012e-17 6.037e+64 2.429e+32 2.434e-25 1.601e-13 2.012e-12
5.623e-17 5.079e+64 2.573e+32 2.578e-25 1.696e-13 2.131e-12
6.310e-17 4.274e+64 2.726e+32 2.731e-25 1.796e-13 2.257e-12
7.079e-17 3.596e+64 2.887e+32 2.892e-25 1.903e-13 2.391e-12
7.943e-17 3.025e+64 3.058e+32 3.064e-25 2.015e-13 2.533e-12
8.913e-17 2.546e+64 3.240e+32 3.245e-25 2.135e-13 2.683e-12
1.000e-16 2.142e+64 3.432e+32 3.437e-25 2.261e-13 2.842e-12
1.122e-16 1.802e+64 3.635e+32 3.641e-25 2.395e-13 3.010e-12
1.259e-16 1.516e+64 3.850e+32 3.857e-25 2.537e-13 3.188e-12
1.413e-16 1.276e+64 4.078e+32 4.085e-25 2.688e-13 3.377e-12
1.585e-16 1.073e+64 4.320e+32 4.327e-25 2.847e-13 3.577e-12
1.778e-16 9.032e+63 4.576e+32 4.584e-25 3.015e-13 3.789e-12
1.995e-16 7.599e+63 4.847e+32 4.855e-25 3.194e-13 4.014e-12
2.239e-16 6.394e+63 5.134e+32 5.143e-25 3.383e-13 4.252e-12
2.512e-16 5.380e+63 5.439e+32 5.448e-25 3.584e-13 4.504e-12
2.818e-16 4.527e+63 5.761e+32 5.771e-25 3.796e-13 4.770e-12
3.162e-16 3.809e+63 6.102e+32 6.113e-25 4.021e-13 5.053e-12
3.548e-16 3.205e+63 6.464e+32 6.475e-25 4.259e-13 5.352e-12
3.981e-16 2.696e+63 6.847e+32 6.858e-25 4.512e-13 5.669e-12
4.467e-16 2.269e+63 7.252e+32 7.265e-25 4.779e-13 6.005e-12
5.012e-16 1.909e+63 7.682e+32 7.695e-25 5.062e-13 6.361e-12
5.623e-16 1.606e+63 8.137e+32 8.151e-25 5.362e-13 6.738e-12
6.310e-16 1.351e+63 8.619e+32 8.634e-25 5.680e-13 7.137e-12
7.079e-16 1.137e+63 9.130e+32 9.145e-25 6.016e-13 7.560e-12
7.943e-16 9.566e+62 9.671e+32 9.687e-25 6.373e-13 8.008e-12
8.913e-16 8.049e+62 1.024e+33 1.026e-24 6.750e-13 8.482e-12
1.000e-15 6.772e+62 1.085e+33 1.087e-24 7.150e-13 8.985e-12
1.122e-15 5.698e+62 1.149e+33 1.151e-24 7.573e-13 9.517e-12
1.259e-15 4.794e+62 1.217e+33 1.219e-24 8.022e-13 1.008e-11
1.413e-15 4.034e+62 1.290e+33 1.292e-24 8.497e-13 1.068e-11
1.585e-15 3.394e+62 1.366e+33 1.368e-24 9.001e-13 1.131e-11
1.778e-15 2.856e+62 1.447e+33 1.449e-24 9.534e-13 1.198e-11
1.995e-15 2.403e+62 1.533e+33 1.535e-24 1.010e-12 1.269e-11
2.239e-15 2.022e+62 1.623e+33 1.626e-24 1.070e-12 1.344e-11
2.512e-15 1.701e+62 1.719e+33 1.722e-24 1.133e-12 1.424e-11
2.818e-15 1.431e+62 1.821e+33 1.824e-24 1.200e-12 1.508e-11
3.162e-15 1.204e+62 1.929e+33 1.932e-24 1.271e-12 1.597e-11
3.548e-15 1.013e+62 2.043e+33 2.047e-24 1.346e-12 1.692e-11
3.981e-15 8.524e+61 2.164e+33 2.168e-24 1.426e-12 1.792e-11
4.467e-15 7.172e+61 2.293e+33 2.296e-24 1.511e-12 1.898e-11
5.012e-15 6.034e+61 2.428e+33 2.432e-24 1.600e-12 2.011e-11
5.623e-15 5.077e+61 2.572e+33 2.576e-24 1.695e-12 2.130e-11
6.310e-15 4.271e+61 2.724e+33 2.729e-24 1.795e-12 2.256e-11
7.079e-15 3.594e+61 2.886e+33 2.891e-24 1.902e-12 2.390e-11
7.943e-15 3.024e+61 3.057e+33 3.062e-24 2.014e-12 2.531e-11
8.913e-15 2.544e+61 3.238e+33 3.243e-24 2.133e-12 2.681e-11
1.000e-14 2.140e+61 3.429e+33 3.435e-24 2.260e-12 2.840e-11
1.122e-14 1.801e+61 3.632e+33 3.638e-24 2.393e-12 3.008e-11
1.259e-14 1.515e+61 3.847e+33 3.854e-24 2.535e-12 3.186e-11
1.413e-14 1.275e+61 4.075e+33 4.082e-24 2.685e-12 3.374e-11
1.585e-14 1.072e+61 4.316e+33 4.323e-24 2.844e-12 3.574e-11
1.778e-14 9.023e+60 4.571e+33 4.579e-24 3.012e-12 3.785e-11
1.995e-14 7.591e+60 4.842e+33 4.850e-24 3.191e-12 4.009e-11
2.239e-14 6.386e+60 5.128e+33 5.137e-24 3.379e-12 4.246e-11
2.512e-14 5.373e+60 5.431e+33 5.441e-24 3.579e-12 4.498e-11
2.818e-14 4.520e+60 5.753e+33 5.762e-24 3.791e-12 4.764e-11
3.162e-14 3.803e+60 6.093e+33 6.103e-24 4.015e-12 5.045e-11
3.548e-14 3.199e+60 6.453e+33 6.464e-24 4.252e-12 5.344e-11
3.981e-14 2.692e+60 6.835e+33 6.846e-24 4.504e-12 5.659e-11
4.467e-14 2.264e+60 7.238e+33 7.251e-24 4.770e-12 5.994e-11
5.012e-14 1.905e+60 7.666e+33 7.679e-24 5.052e-12 6.348e-11
5.623e-14 1.602e+60 8.119e+33 8.133e-24 5.350e-12 6.723e-11
6.310e-14 1.348e+60 8.598e+33 8.613e-24 5.666e-12 7.120e-11
7.079e-14 1.134e+60 9.106e+33 9.121e-24 6.000e-12 7.540e-11
7.943e-14 9.539e+59 9.643e+33 9.660e-24 6.355e-12 7.985e-11
8.913e-14 8.024e+59 1.021e+34 1.023e-23 6.729e-12 8.456e-11
1.000e-13 6.750e+59 1.081e+34 1.083e-23 7.126e-12 8.955e-11
1.122e-13 5.678e+59 1.145e+34 1.147e-23 7.546e-12 9.483e-11
1.259e-13 4.776e+59 1.213e+34 1.215e-23 7.991e-12 1.004e-10
1.413e-13 4.017e+59 1.284e+34 1.286e-23 8.461e-12 1.063e-10
1.585e-13 3.378e+59 1.360e+34 1.362e-23 8.959e-12 1.126e-10
1.778e-13 2.841e+59 1.440e+34 1.442e-23 9.486e-12 1.192e-10
1.995e-13 2.390e+59 1.524e+34 1.527e-23 1.004e-11 1.262e-10
2.239e-13 2.010e+59 1.614e+34 1.616e-23 1.063e-11 1.336e-10
2.512e-13 1.690e+59 1.708e+34 1.711e-23 1.126e-11 1.415e-10
2.818e-13 1.421e+59 1.809e+34 1.812e-23 1.192e-11 1.498e-10
3.162e-13 1.195e+59 1.915e+34 1.918e-23 1.262e-11 1.585e-10
3.548e-13 1.005e+59 2.027e+34 2.030e-23 1.335e-11 1.678e-10
3.981e-13 8.448e+58 2.145e+34 2.149e-23 1.414e-11 1.776e-10
4.467e-13 7.102e+58 2.270e+34 2.274e-23 1.496e-11 1.880e-10
5.012e-13 5.970e+58 2.403e+34 2.407e-23 1.583e-11 1.990e-10
5.623e-13 5.018e+58 2.543e+34 2.547e-23 1.675e-11 2.105e-10
6.310e-13 4.218e+58 2.690e+34 2.695e-23 1.773e-11 2.228e-10
7.079e-13 3.545e+58 2.846e+34 2.851e-23 1.876e-11 2.357e-10
7.943e-13 2.979e+58 3.011e+34 3.016e-23 1.984e-11 2.494e-10
8.913e-13 2.503e+58 3.185e+34 3.191e-23 2.099e-11 2.638e-10
1.000e-12 2.103e+58 3.369e+34 3.375e-23 2.220e-11 2.790e-10
1.122e-12 1.766e+58 3.563e+34 3.569e-23 2.348e-11 2.950e-10
1.259e-12 1.484e+58 3.767e+34 3.774e-23 2.482e-11 3.119e-10
1.413e-12 1.246e+58 3.983e+34 3.989e-23 2.624e-11 3.298e-10
1.585e-12 1.046e+58 4.210e+34 4.217e-23 2.774e-11 3.486e-10
1.778e-12 8.780e+57 4.449e+34 4.456e-23 2.931e-11 3.684e-10
1.995e-12 7.369e+57 4.700e+34 4.708e-23 3.097e-11 3.892e-10
2.239e-12 6.183e+57 4.965e+34 4.973e-23 3.272e-11 4.111e-10
2.512e-12 5.187e+57 5.243e+34 5.252e-23 3.455e-11 4.342e-10
2.818e-12 4.350e+57 5.536e+34 5.545e-23 3.648e-11 4.584e-10
3.162e-12 3.647e+57 5.842e+34 5.852e-23 3.850e-11 4.838e-10
3.548e-12 3.056e+57 6.164e+34 6.175e-23 4.062e-11 5.105e-10
3.981e-12 2.560e+57 6.502e+34 6.513e-23 4.284e-11 5.384e-10
4.467e-12 2.144e+57 6.855e+34 6.866e-23 4.517e-11 5.676e-10
5.012e-12 1.795e+57 7.224e+34 7.236e-23 4.760e-11 5.982e-10
5.623e-12 1.502e+57 7.610e+34 7.622e-23 5.014e-11 6.301e-10
6.310e-12 1.256e+57 8.012e+34 8.025e-23 5.279e-11 6.634e-10
7.079e-12 1.050e+57 8.430e+34 8.445e-23 5.555e-11 6.981e-10
7.943e-12 8.770e+56 8.866e+34 8.881e-23 5.842e-11 7.341e-10
8.913e-12 7.321e+56 9.318e+34 9.333e-23 6.140e-11 7.716e-10
1.000e-11 6.108e+56 9.786e+34 9.802e-23 6.448e-11 8.103e-10
1.122e-11 5.091e+56 1.027e+35 1.029e-22 6.767e-11 8.504e-10
1.259e-11 4.241e+56 1.077e+35 1.079e-22 7.096e-11 8.917e-10
1.413e-11 3.529e+56 1.128e+35 1.130e-22 7.434e-11 9.341e-10
1.585e-11 2.934e+56 1.181e+35 1.183e-22 7.780e-11 9.777e-10
1.778e-11 2.436e+56 1.234e+35 1.237e-22 8.134e-11 1.022e-09
1.995e-11 2.021e+56 1.289e+35 1.291e-22 8.495e-11 1.068e-09
2.239e-11 1.675e+56 1.345e+35 1.347e-22 8.861e-11 1.114e-09
2.512e-11 1.386e+56 1.401e+35 1.403e-22 9.231e-11 1.160e-09
2.818e-11 1.145e+56 1.457e+35 1.460e-22 9.603e-11 1.207e-09
3.162e-11 9.447e+55 1.514e+35 1.516e-22 9.974e-11 1.253e-09
3.548e-11 7.782e+55 1.570e+35 1.572e-22 1.034e-10 1.300e-09
3.981e-11 6.400e+55 1.625e+35 1.628e-22 1.071e-10 1.346e-09
4.467e-11 5.254e+55 1.679e+35 1.682e-22 1.107e-10 1.391e-09
5.012e-11 4.304e+55 1.732e+35 1.735e-22 1.142e-10 1.434e-09
5.623e-11 3.520e+55 1.783e+35 1.786e-22 1.175e-10 1.477e-09
6.310e-11 2.872e+55 1.832e+35 1.835e-22 1.207e-10 1.517e-09
7.079e-11 2.338e+55 1.878e+35 1.881e-22 1.237e-10 1.555e-09
7.943e-11 1.900e+55 1.920e+35 1.924e-22 1.265e-10 1.590e-09
8.913e-11 1.540e+55 1.959e+35 1.963e-22 1.291e-10 1.623e-09
1.000e-10 1.245e+55 1.995e+35 1.998e-22 1.314e-10 1.652e-09
1.122e-10 1.004e+55 2.026e+35 2.029e-22 1.335e-10 1.677e-09
1.259e-10 8.083e+54 2.053e+35 2.056e-22 1.353e-10 1.700e-09
1.413e-10 6.490e+54 2.075e+35 2.078e-22 1.367e-10 1.718e-09
1.585e-10 5.200e+54 2.093e+35 2.096e-22 1.379e-10 1.733e-09
1.778e-10 4.157e+54 2.106e+35 2.110e-22 1.388e-10 1.744e-09
1.995e-10 3.317e+54 2.116e+35 2.119e-22 1.394e-10 1.752e-09
2.239e-10 2.642e+54 2.122e+35 2.125e-22 1.398e-10 1.757e-09
2.512e-10 2.101e+54 2.124e+35 2.127e-22 1.400e-10 1.759e-09
2.818e-10 1.668e+54 2.123e+35 2.127e-22 1.399e-10 1.758e-09
3.162e-10 1.323e+54 2.120e+35 2.123e-22 1.397e-10 1.755e-09
3.548e-10 1.048e+54 2.114e+35 2.118e-22 1.393e-10 1.751e-09
3.981e-10 8.299e+53 2.107e+35 2.111e-22 1.389e-10 1.745e-09
4.467e-10 6.566e+53 2.099e+35 2.102e-22 1.383e-10 1.738e-09
5.012e-10 5.192e+53 2.089e+35 2.093e-22 1.377e-10 1.730e-09
5.623e-10 4.103e+53 2.079e+35 2.082e-22 1.370e-10 1.722e-09
6.310e-10 3.242e+53 2.068e+35 2.071e-22 1.363e-10 1.712e-09
7.079e-10 2.561e+53 2.056e+35 2.060e-22 1.355e-10 1.703e-09
7.943e-10 2.022e+53 2.044e+35 2.047e-22 1.347e-10 1.692e-09
8.913e-10 1.596e+53 2.031e+35 2.034e-22 1.338e-10 1.682e-09
1.000e-09 1.259e+53 2.017e+35 2.021e-22 1.329e-10 1.671e-09
1.122e-09 9.932e+52 2.003e+35 2.007e-22 1.320e-10 1.659e-09
1.259e-09 7.832e+52 1.989e+35 1.992e-22 1.310e-10 1.647e-09
1.413e-09 6.173e+52 1.973e+35 1.977e-22 1.300e-10 1.634e-09
1.585e-09 4.864e+52 1.958e+35 1.961e-22 1.290e-10 1.621e-09
1.778e-09 3.831e+52 1.941e+35 1.944e-22 1.279e-10 1.607e-09
1.995e-09 3.016e+52 1.924e+35 1.927e-22 1.268e-10 1.593e-09
2.239e-09 2.374e+52 1.906e+35 1.909e-22 1.256e-10 1.578e-09
2.512e-09 1.867e+52 1.888e+35 1.891e-22 1.244e-10 1.563e-09
2.818e-09 1.468e+52 1.868e+35 1.871e-22 1.231e-10 1.547e-09
3.162e-09 1.154e+52 1.848e+35 1.852e-22 1.218e-10 1.531e-09
3.548e-09 9.061e+51 1.828e+35 1.831e-22 1.204e-10 1.513e-09
3.981e-09 7.113e+51 1.806e+35 1.809e-22 1.190e-10 1.496e-09
4.467e-09 5.581e+51 1.784e+35 1.787e-22 1.176e-10 1.477e-09
5.012e-09 4.376e+51 1.761e+35 1.764e-22 1.161e-10 1.458e-09
5.623e-09 3.429e+51 1.737e+35 1.740e-22 1.145e-10 1.439e-09
6.310e-09 2.686e+51 1.713e+35 1.716e-22 1.129e-10 1.418e-09
7.079e-09 2.102e+51 1.688e+35 1.691e-22 1.112e-10 1.398e-09
7.943e-09 1.644e+51 1.662e+35 1.665e-22 1.095e-10 1.376e-09
8.913e-09 1.285e+51 1.635e+35 1.638e-22 1.077e-10 1.354e-09
1.000e-08 1.003e+51 1.607e+35 1.610e-22 1.059e-10 1.331e-09
1.122e-08 7.829e+50 1.579e+35 1.582e-22 1.041e-10 1.308e-09
1.259e-08 6.105e+50 1.550e+35 1.553e-22 1.021e-10 1.284e-09
1.413e-08 4.756e+50 1.520e+35 1.523e-22 1.002e-10 1.259e-09
1.585e-08 3.702e+50 1.490e+35 1.492e-22 9.818e-11 1.234e-09
1.778e-08 2.879e+50 1.459e+35 1.461e-22 9.612e-11 1.208e-09
1.995e-08 2.237e+50 1.427e+35 1.429e-22 9.402e-11 1.181e-09
2.239e-08 1.736e+50 1.394e+35 1.397e-22 9.187e-11 1.155e-09
2.512e-08 1.346e+50 1.361e+35 1.363e-22 8.969e-11 1.127e-09
2.818e-08 1.043e+50 1.327e+35 1.330e-22 8.746e-11 1.099e-09
3.162e-08 8.070e+49 1.293e+35 1.295e-22 8.520e-11 1.071e-09
3.548e-08 6.237e+49 1.258e+35 1.260e-22 8.290e-11 1.042e-09
3.981e-08 4.815e+49 1.223e+35 1.225e-22 8.057e-11 1.012e-09
4.467e-08 3.713e+49 1.187e+35 1.189e-22 7.821e-11 9.828e-10
5.012e-08 2.859e+49 1.151e+35 1.153e-22 7.583e-11 9.528e-10
5.623e-08 2.199e+49 1.114e+35 1.116e-22 7.342e-11 9.226e-10
6.310e-08 1.689e+49 1.077e+35 1.079e-22 7.099e-11 8.921e-10
7.079e-08 1.295e+49 1.040e+35 1.042e-22 6.854e-11 8.614e-10
7.943e-08 9.921e+48 1.003e+35 1.005e-22 6.609e-11 8.305e-10
8.913e-08 7.587e+48 9.656e+34 9.672e-23 6.363e-11 7.995e-10
1.000e-07 5.793e+48 9.281e+34 9.297e-23 6.116e-11 7.685e-10
1.122e-07 4.416e+48 8.907e+34 8.922e-23 5.869e-11 7.375e-10
1.259e-07 3.360e+48 8.533e+34 8.548e-23 5.623e-11 7.066e-10
1.413e-07 2.553e+48 8.161e+34 8.175e-23 5.378e-11 6.758e-10
1.585e-07 1.936e+48 7.791e+34 7.804e-23 5.134e-11 6.452e-10
1.778e-07 1.465e+48 7.424e+34 7.437e-23 4.892e-11 6.148e-10
1.995e-07 1.107e+48 7.061e+34 7.073e-23 4.653e-11 5.847e-10
2.239e-07 8.346e+47 6.701e+34 6.713e-23 4.416e-11 5.549e-10
2.512e-07 6.279e+47 6.347e+34 6.358e-23 4.183e-11 5.256e-10
2.818e-07 4.714e+47 5.999e+34 6.009e-23 3.953e-11 4.967e-10
3.162e-07 3.531e+47 5.657e+34 5.666e-23 3.728e-11 4.684e-10
3.548e-07 2.638e+47 5.322e+34 5.331e-23 3.507e-11 4.407e-10
3.981e-07 1.967e+47 4.995e+34 5.003e-23 3.291e-11 4.136e-10
4.467e-07 1.463e+47 4.676e+34 4.684e-23 3.081e-11 3.872e-10
5.012e-07 1.085e+47 4.366e+34 4.373e-23 2.877e-11 3.615e-10
5.623e-07 8.025e+46 4.066e+34 4.073e-23 2.679e-11 3.367e-10
6.310e-07 5.919e+46 3.775e+34 3.782e-23 2.488e-11 3.126e-10
7.079e-07 4.353e+46 3.496e+34 3.502e-23 2.303e-11 2.895e-10
7.943e-07 3.192e+46 3.227e+34 3.232e-23 2.126e-11 2.672e-10
8.913e-07 2.333e+46 2.969e+34 2.974e-23 1.957e-11 2.459e-10
1.000e-06 1.700e+46 2.723e+34 2.728e-23 1.795e-11 2.255e-10
1.122e-06 1.234e+46 2.490e+34 2.494e-23 1.640e-11 2.061e-10
1.259e-06 8.930e+45 2.268e+34 2.271e-23 1.494e-11 1.878e-10
1.413e-06 6.437e+45 2.058e+34 2.061e-23 1.356e-11 1.704e-10
1.585e-06 4.623e+45 1.860e+34 1.864e-23 1.226e-11 1.541e-10
1.778e-06 3.307e+45 1.675e+34 1.678e-23 1.104e-11 1.387e-10
1.995e-06 2.355e+45 1.502e+34 1.505e-23 9.899e-12 1.244e-10
2.239e-06 1.670e+45 1.341e+34 1.344e-23 8.838e-12 1.111e-10
2.512e-06 1.179e+45 1.192e+34 1.194e-23 7.855e-12 9.871e-11
2.818e-06 8.286e+44 1.055e+34 1.056e-23 6.949e-12 8.732e-11
3.162e-06 5.793e+44 9.282e+33 9.298e-24 6.117e-12 7.686e-11
3.548e-06 4.030e+44 8.128e+33 8.142e-24 5.356e-12 6.731e-11
3.981e-06 2.788e+44 7.079e+33 7.091e-24 4.665e-12 5.862e-11
4.467e-06 1.917e+44 6.130e+33 6.140e-24 4.039e-12 5.076e-11
5.012e-06 1.311e+44 5.276e+33 5.285e-24 3.476e-12 4.369e-11
5.623e-06 8.905e+43 4.512e+33 4.520e-24 2.973e-12 3.736e-11
6.310e-06 6.009e+43 3.833e+33 3.839e-24 2.526e-12 3.174e-11
7.079e-06 4.026e+43 3.232e+33 3.238e-24 2.130e-12 2.677e-11
7.943e-06 2.676e+43 2.705e+33 2.710e-24 1.783e-12 2.240e-11
8.913e-06 1.765e+43 2.246e+33 2.250e-24 1.480e-12 1.860e-11
1.000e-05 1.154e+43 1.848e+33 1.851e-24 1.218e-12 1.530e-11
1.122e-05 7.469e+42 1.507e+33 1.509e-24 9.927e-13 1.247e-11
1.259e-05 4.787e+42 1.216e+33 1.218e-24 8.010e-13 1.007e-11
1.413e-05 3.034e+42 9.700e+32 9.716e-25 6.392e-13 8.032e-12
1.585e-05 1.900e+42 7.647e+32 7.660e-25 5.039e-13 6.332e-12
1.778e-05 1.174e+42 5.949e+32 5.959e-25 3.920e-13 4.926e-12
1.995e-05 7.151e+41 4.561e+32 4.569e-25 3.006e-13 3.777e-12
2.239e-05 4.286e+41 3.442e+32 3.447e-25 2.268e-13 2.850e-12
2.512e-05 2.523e+41 2.551e+32 2.555e-25 1.681e-13 2.112e-12
2.818e-05 1.457e+41 1.854e+32 1.857e-25 1.222e-13 1.535e-12
3.162e-05 8.226e+40 1.318e+32 1.320e-25 8.685e-14 1.091e-12
3.548e-05 4.533e+40 9.143e+31 9.158e-26 6.025e-14 7.571e-13
3.981e-05 2.430e+40 6.171e+31 6.181e-26 4.066e-14 5.110e-13
4.467e-05 1.264e+40 4.039e+31 4.046e-26 2.662e-14 3.345e-13
5.012e-05 6.348e+39 2.555e+31 2.559e-26 1.684e-14 2.116e-13
5.623e-05 3.069e+39 1.555e+31 1.558e-26 1.025e-14 1.288e-13
6.310e-05 1.421e+39 9.066e+30 9.082e-27 5.974e-15 7.508e-14
7.079e-05 6.274e+38 5.038e+30 5.046e-27 3.320e-15 4.171e-14
7.943e-05 2.624e+38 2.652e+30 2.657e-27 1.748e-15 2.196e-14
8.913e-05 1.033e+38 1.315e+30 1.317e-27 8.666e-16 1.089e-14
1.000e-04 3.806e+37 6.098e+29 6.108e-28 4.018e-16 5.049e-15
1.122e-04 1.301e+37 2.624e+29 2.628e-28 1.729e-16 2.173e-15
1.259e-04 4.090e+36 1.039e+29 1.040e-28 6.844e-17 8.601e-16
1.413e-04 1.172e+36 3.747e+28 3.753e-29 2.469e-17 3.103e-16
1.585e-04 3.028e+35 1.219e+28 1.221e-29 8.030e-18 1.009e-16
1.778e-04 6.960e+34 3.526e+27 3.532e-30 2.324e-18 2.920e-17
1.995e-04 1.403e+34 8.952e+26 8.967e-31 5.899e-19 7.413e-18
2.239e-04 2.427e+33 1.949e+26 1.952e-31 1.284e-19 1.614e-18
2.512e-04 3.557e+32 3.596e+25 3.602e-32 2.370e-20 2.978e-19
2.818e-04 3.999e+31 5.089e+24 5.098e-33 3.353e-21 4.214e-20
3.162e-04 3.887e+30 6.227e+23 6.237e-34 4.103e-22 5.156e-21
3.548e-04 0.000e+00 0.000e+00 0.000e+00 0.000e+00 0.000e+00
3.981e-04 0.000e+00 0.000e+00 0.000e+00 0.000e+00 0.000e+00
4.467e-04 0.000e+00 0.000e+00 0.000e+00 0.000e+00 0.000e+00
5.012e-04 0.000e+00 0.000e+00 0.000e+00 0.000e+00 0.000e+00
5.623e-04 0.000e+00 0.000e+00 0.000e+00 0.000e+00 0.000e+00
6.310e-04 0.000e+00 0.000e+00 0.000e+00 0.000e+00 0.000e+00
7.079e-04 0.000e+00 0.000e+00 0.000e+00 0.000e+00 0.000e+00
7.943e-04 0.000e+00 0.000e+00 0.000e+00 0.000e+00 0.000e+00
8.913e-04 0.000e+00 0.000e+00 0.000e+00 0.000e+00 0.000e+00
1.000e-03 0.000e+00 0.000e+00 0.000e+00 0.000e+00 0.000e+00
1.122e-03 0.000e+00 0.000e+00 0.000e+00 0.000e+00 0.000e+00
1.259e-03 0.000e+00 0.000e+00 0.000e+00 0.000e+00 0.000e+00
1.413e-03 0.000e+00 0.000e+00 0.000e+00 0.000e+00 0.000e+00
1.585e-03 0.000e+00 0.000e+00 0.000e+00 0.000e+00 0.000e+00
1.778e-03 0.000e+00 0.000e+00 0.000e+00 0.000e+00 0.000e+00
1.995e-03 0.000e+00 0.000e+00 0.000e+00 0.000e+00 0.000e+00
2.239e-03 0.000e+00 0.000e+00 0.000e+00 0.000e+00 0.000e+00
2.512e-03 0.000e+00 0.000e+00 0.000e+00 0.000e+00 0.000e+00
2.818e-03 0.000e+00 0.000e+00 0.000e+00 0.000e+00 0.000e+00
3.162e-03 0.000e+00 0.000e+00 0.000e+00 0.000e+00 0.000e+00
3.548e-03 0.000e+00 0.000e+00 0.000e+00 0.000e+00 0.000e+00
3.981e-03 0.000e+00 0.000e+00 0.000e+00 0.000e+00 0.000e+00
4.467e-03 0.000e+00 0.000e+00 0.000e+00 0.000e+00 0.000e+00
5.012e-03 0.000e+00 0.000e+00 0.000e+00 0.000e+00 0.000e+00
5.623e-03 0.000e+00 0.000e+00 0.000e+00 0.000e+00 0.000e+00
6.310e-03 0.000e+00 0.000e+00 0.000e+00 0.000e+00 0.000e+00
7.079e-03 0.000e+00 0.000e+00 0.000e+00 0.000e+00 0.000e+00
7.943e-03 0.000e+00 0.000e+00 0.000e+00 0.000e+00 0.000e+00
8.913e-03 0.000e+00 0.000e+00 0.000e+00 0.000e+00 0.000e+00
1.000e-02 0.000e+00 0.000e+00 0.000e+00 0.000e+00 0.000e+00
1.122e-02 0.000e+00 0.000e+00 0.000e+00 0.000e+00 0.000e+00
1.259e-02 0.000e+00 0.000e+00 0.000e+00 0.000e+00 0.000e+00
1.413e-02 0.000e+00 0.000e+00 0.000e+00 0.000e+00 0.000e+00
1.585e-02 0.000e+00 0.000e+00 0.000e+00 0.000e+00 0.000e+00
1.778e-02 0.000e+00 0.000e+00 0.000e+00 0.000e+00 0.000e+00
1.995e-02 0.000e+00 0.000e+00 0.000e+00 0.000e+00 0.000e+00
2.239e-02 0.000e+00 0.000e+00 0.000e+00 0.000e+00 0.000e+00
2.512e-02 0.000e+00 0.000e+00 0.000e+00 0.000e+00 0.000e+00
2.818e-02 0.000e+00 0.000e+00 0.000e+00 0.000e+00 0.000e+00
3.162e-02 0.000e+00 0.000e+00 0.000e+00 0.000e+00 0.000e+00
3.548e-02 0.000e+00 0.000e+00 0.000e+00 0.000e+00 0.000e+00
3.981e-02 0.000e+00 0.000e+00 0.000e+00 0.000e+00 0.000e+00
4.467e-02 0.000e+00 0.000e+00 0.000e+00 0.000e+00 0.000e+00
5.012e-02 0.000e+00 0.000e+00 0.000e+00 0.000e+00 0.000e+00
5.623e-02 0.000e+00 0.000e+00 0.000e+00 0.000e+00 0.000e+00
6.310e-02 0.000e+00 0.000e+00 0.000e+00 0.000e+00 0.000e+00
7.079e-02 0.000e+00 0.000e+00 0.000e+00 0.000e+00 0.000e+00
7.943e-02 0.000e+00 0.000e+00 0.000e+00 0.000e+00 0.000e+00
8.913e-02 0.000e+00 0.000e+00 0.000e+00 0.000e+00 0.000e+00
1.000e-01 0.000e+00 0.000e+00 0.000e+00 0.000e+00 0.000e+00
1.122e-01 0.000e+00 0.000e+00 0.000e+00 0.000e+00 0.000e+00
1.259e-01 0.000e+00 0.000e+00 0.000e+00 0.000e+00 0.000e+00
1.413e-01 0.000e+00 0.000e+00 0.000e+00 0.000e+00 0.000e+00
1.585e-01 0.000e+00 0.000e+00 0.000e+00 0.000e+00 0.000e+00
1.778e-01 0.000e+00 0.000e+00 0.000e+00 0.000e+00 0.000e+00
1.995e-01 0.000e+00 0.000e+00 0.000e+00 0.000e+00 0.000e+00
2.239e-01 0.000e+00 0.000e+00 0.000e+00 0.000e+00 0.000e+00
2.512e-01 0.000e+00 0.000e+00 0.000e+00 0.000e+00 0.000e+00
2.818e-01 0.000e+00 0.000e+00 0.000e+00 0.000e+00 0.000e+00
3.162e-01 0.000e+00 0.000e+00 0.000e+00 0.000e+00 0.000e+00
3.548e-01 0.000e+00 0.000e+00 0.000e+00 0.000e+00 0.000e+00
3.981e-01 0.000e+00 0.000e+00 0.000e+00 0.000e+00 0.000e+00
4.467e-01 0.000e+00 0.000e+00 0.000e+00 0.000e+00 0.000e+00
5.012e-01 0.000e+00 0.000e+00 0.000e+00 0.000e+00 0.000e+00
5.623e-01 0.000e+00 0.000e+00 0.000e+00 0.000e+00 0.000e+00
6.310e-01 0.000e+00 0.000e+00 0.000e+00 0.000e+00 0.000e+00
7.079e-01 0.000e+00 0.000e+00 0.000e+00 0.000e+00 0.000e+00
7.943e-01 0.000e+00 0.000e+00 0.000e+00 0.000e+00 0.000e+00
8.913e-01 0.000e+00 0.000e+00 0.000e+00 0.000e+00 0.000e+00
1.000e+00 0.000e+00 0.000e+00 0.000e+00 0.000e+00 0.000e+00
1.122e+00 0.000e+00 0.000e+00 0.000e+00 0.000e+00 0.000e+00
1.259e+00 0.000e+00 0.000e+00 0.000e+00 0.000e+00 0.000e+00
1.413e+00 0.000e+00 0.000e+00 0.000e+00 0.000e+00 0.000e+00
1.585e+00 0.000e+00 0.000e+00 0.000e+00 0.000e+00 0.000e+00
1.778e+00 0.000e+00 0.000e+00 0.000e+00 0.000e+00 0.000e+00
1.995e+00 0.000e+00 0.000e+00 0.000e+00 0.000e+00 0.000e+00
2.239e+00 0.000e+00 0.000e+00 0.000e+00 0.000e+00 0.000e+00
2.512e+00 0.000e+00 0.000e+00 0.000e+00 0.000e+00 0.000e+00
2.818e+00 0.000e+00 0.000e+00 0.000e+00 0.000e+00 0.000e+00
3.162e+00 0.000e+00 0.000e+00 0.000e+00 0.000e+00 0.000e+00
3.548e+00 0.000e+00 0.000e+00 0.000e+00 0.000e+00 0.000e+00
3.981e+00 0.000e+00 0.000e+00 0.000e+00 0.000e+00 0.000e+00
4.467e+00 0.000e+00 0.000e+00 0.000e+00 0.000e+00 0.000e+00
5.012e+00 0.000e+00 0.000e+00 0.000e+00 0.000e+00 0.000e+00
5.623e+00 0.000e+00 0.000e+00 0.000e+00 0.000e+00 0.000e+00
6.310e+00 0.000e+00 0.000e+00 0.000e+00 0.000e+00 0.000e+00
7.079e+00 0.000e+00 0.000e+00 0.000e+00 0.000e+00 0.000e+00
7.943e+00 0.000e+00 0.000e+00 0.000e+00 0.000e+00 0.000e+00
8.913e+00 0.000e+00 0.000e+00 0.000e+00 0.000e+00 0.000e+00
1.000e+01 0.000e+00 0.000e+00 0.000e+00 0.000e+00 0.000e+00
1.122e+01 0.000e+00 0.000e+00 0.000e+00 0.000e+00 0.000e+00
1.259e+01 0.000e+00 0.000e+00 0.000e+00 0.000e+00 0.000e+00
1.413e+01 0.000e+00 0.000e+00 0.000e+00 0.000e+00 0.000e+00
1.585e+01 0.000e+00 0.000e+00 0.000e+00 0.000e+00 0.000e+00
1.778e+01 0.000e+00 0.000e+00 0.000e+00 0.000e+00 0.000e+00
1.995e+01 0.000e+00 0.000e+00 0.000e+00 0.000e+00 0.000e+00
2.239e+01 0.000e+00 0.000e+00 0.000e+00 0.000e+00 0.000e+00
2.512e+01 0.000e+00 0.000e+00 0.000e+00 0.000e+00 0.000e+00
2.818e+01 0.000e+00 0.000e+00 0.000e+00 0.000e+00 0.000e+00
3.162e+01 0.000e+00 0.000e+00 0.000e+00 0.000e+00 0.000e+00
3.548e+01 0.000e+00 0.000e+00 0.000e+00 0.000e+00 0.000e+00
3.981e+01 0.000e+00 0.000e+00 0.000e+00 0.000e+00 0.000e+00
4.467e+01 0.000e+00 0.000e+00 0.000e+00 0.000e+00 0.000e+00
5.012e+01 0.000e+00 0.000e+00 0.000e+00 0.000e+00 0.000e+00
5.623e+01 0.000e+00 0.000e+00 0.000e+00 0.000e+00 0.000e+00
6.310e+01 0.000e+00 0.000e+00 0.000e+00 0.000e+00 0.000e+00
7.079e+01 0.000e+00 0.000e+00 0.000e+00 0.000e+00 0.000e+00
7.943e+01 0.000e+00 0.000e+00 0.000e+00 0.000e+00 0.000e+00
8.913e+01 0.000e+00 0.000e+00 0.000e+00 0.000e+00 0.000e+00
1.000e+02 0.000e+00 0.000e+00 0.000e+00 0.000e+00 0.000e+00
1.122e+02 0.000e+00 0.000e+00 0.000e+00 0.000e+00 0.000e+00
1.259e+02 0.000e+00 0.000e+00 0.000e+00 0.000e+00 0.000e+00
1.413e+02 0.000e+00 0.000e+00 0.000e+00 0.000e+00 0.000e+00
1.585e+02 0.000e+00 0.000e+00 0.000e+00 0.000e+00 0.000e+00
1.778e+02 0.000e+00 0.000e+00 0.000e+00 0.000e+00 0.000e+00
1.995e+02 0.000e+00 0.000e+00 0.000e+00 0.000e+00 0.000e+00
2.239e+02 0.000e+00 0.000e+00 0.000e+00 0.000e+00 0.000e+00
2.512e+02 0.000e+00 0.000e+00 0.000e+00 0.000e+00 0.000e+00
2.818e+02 0.000e+00 0.000e+00 0.000e+00 0.000e+00 0.000e+00
3.162e+02 0.000e+00 0.000e+00 0.000e+00 0.000e+00 0.000e+00
3.548e+02 0.000e+00 0.000e+00 0.000e+00 0.000e+00 0.000e+00
3.981e+02 0.000e+00 0.000e+00 0.000e+00 0.000e+00 0.000e+00
4.467e+02 0.000e+00 0.000e+00 0.000e+00 0.000e+00 0.000e+00
5.012e+02 0.000e+00 0.000e+00 0.000e+00 0.000e+00 0.000e+00
5.623e+02 0.000e+00 0.000e+00 0.000e+00 0.000e+00 0.000e+00
6.310e+02 0.000e+00 0.000e+00 0.000e+00 0.000e+00 0.000e+00
7.079e+02 0.000e+00 0.000e+00 0.000e+00 0.000e+00 0.000e+00
7.943e+02 0.000e+00 0.000e+00 0.000e+00 0.000e+00 0.000e+00
8.913e+02 0.000e+00 0.000e+00 0.000e+00 0.000e+00 0.000e+00
1.000e+03 0.000e+00 0.000e+00 0.000e+00 0.000e+00 0.000e+00
1.122e+03 0.000e+00 0.000e+00 0.000e+00 0.000e+00 0.000e+00
1.259e+03 0.000e+00 0.000e+00 0.000e+00 0.000e+00 0.000e+00
1.413e+03 0.000e+00 0.000e+00 0.000e+00 0.000e+00 0.000e+00
1.585e+03 0.000e+00 0.000e+00 0.000e+00 0.000e+00 0.000e+00
1.778e+03 0.000e+00 0.000e+00 0.000e+00 0.000e+00 0.000e+00
1.995e+03 0.000e+00 0.000e+00 0.000e+00 0.000e+00 0.000e+00
2.239e+03 0.000e+00 0.000e+00 0.000e+00 0.000e+00 0.000e+00
2.512e+03 0.000e+00 0.000e+00 0.000e+00 0.000e+00 0.000e+00
2.818e+03 0.000e+00 0.000e+00 0.000e+00 0.000e+00 0.000e+00
3.162e+03 0.000e+00 0.000e+00 0.000e+00 0.000e+00 0.000e+00
3.548e+03 0.000e+00 0.000e+00 0.000e+00 0.000e+00 0.000e+00
3.981e+03 0.000e+00 0.000e+00 0.000e+00 0.000e+00 0.000e+00
4.467e+03 0.000e+00 0.000e+00 0.000e+00 0.000e+00 0.000e+00
5.012e+03 0.000e+00 0.000e+00 0.000e+00 0.000e+00 0.000e+00
5.623e+03 0.000e+00 0.000e+00 0.000e+00 0.000e+00 0.000e+00
6.310e+03 0.000e+00 0.000e+00 0.000e+00 0.000e+00 0.000e+00
7.079e+03 0.000e+00 0.000e+00 0.000e+00 0.000e+00 0.000e+00
7.943e+03 0.000e+00 0.000e+00 0.000e+00 0.000e+00 0.000e+00
8.913e+03 0.000e+00 0.000e+00 0.000e+00 0.000e+00 0.000e+00
1.000e+04 0.000e+00 0.000e+00 0.000e+00 0.000e+00 0.000e+00
1.122e+04 0.000e+00 0.000e+00 0.000e+00 0.000e+00 0.000e+00
1.259e+04 0.000e+00 0.000e+00 0.000e+00 0.000e+00 0.000e+00
1.413e+04 0.000e+00 0.000e+00 0.000e+00 0.000e+00 0.000e+00
1.585e+04 0.000e+00 0.000e+00 0.000e+00 0.000e+00 0.000e+00
1.778e+04 0.000e+00 0.000e+00 0.000e+00 0.000e+00 0.000e+00
1.995e+04 0.000e+00 0.000e+00 0.000e+00 0.000e+00 0.000e+00
2.239e+04 0.000e+00 0.000e+00 0.000e+00 0.000e+00 0.000e+00
2.512e+04 0.000e+00 0.000e+00 0.000e+00 0.000e+00 0.000e+00
2.818e+04 0.000e+00 0.000e+00 0.000e+00 0.000e+00 0.000e+00
3.162e+04 0.000e+00 0.000e+00 0.000e+00 0.000e+00 0.000e+00
3.548e+04 0.000e+00 0.000e+00 0.000e+00 0.000e+00 0.000e+00
3.981e+04 0.000e+00 0.000e+00 0.000e+00 0.000e+00 0.000e+00
4.467e+04 0.000e+00 0.000e+00 0.000e+00 0.000e+00 0.000e+00
5.012e+04 0.000e+00 0.000e+00 0.000e+00 0.000e+00 0.000e+00
5.623e+04 0.000e+00 0.000e+00 0.000e+00 0.000e+00 0.000e+00
6.310e+04 0.000e+00 0.000e+00 0.000e+00 0.000e+00 0.000e+00
7.079e+04 0.000e+00 0.000e+00 0.000e+00 0.000e+00 0.000e+00
7.943e+04 0.000e+00 0.000e+00 0.000e+00 0.000e+00 0.000e+00
8.913e+04 0.000e+00 0.000e+00 0.000e+00 0.000e+00 0.000e+00
1.000e+05 0.000e+00 0.000e+00 0.000e+00 0.000e+00 0.000e+00
1.122e+05 0.000e+00 0.000e+00 0.000e+00 0.000e+00 0.000e+00
1.259e+05 0.000e+00 0.000e+00 0.000e+00 0.000e+00 0.000e+00
1.413e+05 0.000e+00 0.000e+00 0.000e+00 0.000e+00 0.000e+00
1.585e+05 0.000e+00 0.000e+00 0.000e+00 0.000e+00 0.000e+00
1.778e+05 0.000e+00 0.000e+00 0.000e+00 0.000e+00 0.000e+00
1.995e+05 0.000e+00 0.000e+00 0.000e+00 0.000e+00 0.000e+00
2.239e+05 0.000e+00 0.000e+00 0.000e+00 0.000e+00 0.000e+00
2.512e+05 0.000e+00 0.000e+00 0.000e+00 0.000e+00 0.000e+00
2.818e+05 0.000e+00 0.000e+00 0.000e+00 0.000e+00 0.000e+00
3.162e+05 0.000e+00 0.000e+00 0.000e+00 0.000e+00 0.000e+00
3.548e+05 0.000e+00 0.000e+00 0.000e+00 0.000e+00 0.000e+00
3.981e+05 0.000e+00 0.000e+00 0.000e+00 0.000e+00 0.000e+00
4.467e+05 0.000e+00 0.000e+00 0.000e+00 0.000e+00 0.000e+00
5.012e+05 0.000e+00 0.000e+00 0.000e+00 0.000e+00 0.000e+00
5.623e+05 0.000e+00 0.000e+00 0.000e+00 0.000e+00 0.000e+00
6.310e+05 0.000e+00 0.000e+00 0.000e+00 0.000e+00 0.000e+00
7.079e+05 0.000e+00 0.000e+00 0.000e+00 0.000e+00 0.000e+00
7.943e+05 0.000e+00 0.000e+00 0.000e+00 0.000e+00 0.000e+00
8.913e+05 0.000e+00 0.000e+00 0.000e+00 0.000e+00 0.000e+00
1.000e+06 0.000e+00 0.000e+00 0.000e+00 0.000e+00 0.000e+00
1.122e+06 0.000e+00 0.000e+00 0.000e+00 0.000e+00 0.000e+00
1.259e+06 0.000e+00 0.000e+00 0.000e+00 0.000e+00 0.000e+00
1.413e+06 0.000e+00 0.000e+00 0.000e+00 0.000e+00 0.000e+00
1.585e+06 0.000e+00 0.000e+00 0.000e+00 0.000e+00 0.000e+00
1.778e+06 0.000e+00 0.000e+00 0.000e+00 0.000e+00 0.000e+00
1.995e+06 0.000e+00 0.000e+00 0.000e+00 0.000e+00 0.000e+00
2.239e+06 0.000e+00 0.000e+00 0.000e+00 0.000e+00 0.000e+00
2.512e+06 0.000e+00 0.000e+00 0.000e+00 0.000e+00 0.000e+00
2.818e+06 0.000e+00 0.000e+00 0.000e+00 0.000e+00 0.000e+00
3.162e+06 0.000e+00 0.000e+00 0.000e+00 0.000e+00 0.000e+00
3.548e+06 0.000e+00 0.000e+00 0.000e+00 0.000e+00 0.000e+00
3.981e+06 0.000e+00 0.000e+00 0.000e+00 0.000e+00 0.000e+00
4.467e+06 0.000e+00 0.000e+00 0.000e+00 0.000e+00 0.000e+00
5.012e+06 0.000e+00 0.000e+00 0.000e+00 0.000e+00 0.000e+00
5.623e+06 0.000e+00 0.000e+00 0.000e+00 0.000e+00 0.000e+00
6.310e+06 0.000e+00 0.000e+00 0.000e+00 0.000e+00 0.000e+00
7.079e+06 0.000e+00 0.000e+00 0.000e+00 0.000e+00 0.000e+00
7.943e+06 0.000e+00 0.000e+00 0.000e+00 0.000e+00 0.000e+00
8.913e+06 0.000e+00 0.000e+00 0.000e+00 0.000e+00 0.000e+00
1.000e+07 0.000e+00 0.000e+00 0.000e+00 0.000e+00 0.000e+00
1.122e+07 0.000e+00 0.000e+00 0.000e+00 0.000e+00 0.000e+00
1.259e+07 0.000e+00 0.000e+00 0.000e+00 0.000e+00 0.000e+00
1.413e+07 0.000e+00 0.000e+00 0.000e+00 0.000e+00 0.000e+00
1.585e+07 0.000e+00 0.000e+00 0.000e+00 0.000e+00 0.000e+00
1.778e+07 0.000e+00 0.000e+00 0.000e+00 0.000e+00 0.000e+00
1.995e+07 0.000e+00 0.000e+00 0.000e+00 0.000e+00 0.000e+00
2.239e+07 0.000e+00 0.000e+00 0.000e+00 0.000e+00 0.000e+00
2.512e+07 0.000e+00 0.000e+00 0.000e+00 0.000e+00 0.000e+00
2.818e+07 0.000e+00 0.000e+00 0.000e+00 0.000e+00 0.000e+00
3.162e+07 0.000e+00 0.000e+00 0.000e+00 0.000e+00 0.000e+00
3.548e+07 0.000e+00 0.000e+00 0.000e+00 0.000e+00 0.000e+00
3.981e+07 0.000e+00 0.000e+00 0.000e+00 0.000e+00 0.000e+00
4.467e+07 0.000e+00 0.000e+00 0.000e+00 0.000e+00 0.000e+00
5.012e+07 0.000e+00 0.000e+00 0.000e+00 0.000e+00 0.000e+00
5.623e+07 0.000e+00 0.000e+00 0.000e+00 0.000e+00 0.000e+00
6.310e+07 0.000e+00 0.000e+00 0.000e+00 0.000e+00 0.000e+00
7.079e+07 0.000e+00 0.000e+00 0.000e+00 0.000e+00 0.000e+00
7.943e+07 0.000e+00 0.000e+00 0.000e+00 0.000e+00 0.000e+00
8.913e+07 0.000e+00 0.000e+00 0.000e+00 0.000e+00 0.000e+00
1.000e+08 0.000e+00 0.000e+00 0.000e+00 0.000e+00 0.000e+00
