1.000e-20 1.353e+25 2.168e-15 2.172e-72 1.429e-60 1.795e-59
1.122e-20 1.116e+25 2.250e-15 2.254e-72 1.483e-60 1.863e-59
1.259e-20 9.083e+24 2.306e-15 2.310e-72 1.520e-60 1.910e-59
1.413e-20 7.292e+24 2.331e-15 2.335e-72 1.536e-60 1.930e-59
1.585e-20 5.763e+24 2.319e-15 2.323e-72 1.528e-60 1.921e-59
1.778e-20 4.476e+24 2.268e-15 2.272e-72 1.494e-60 1.878e-59
1.995e-20 3.409e+24 2.175e-15 2.178e-72 1.433e-60 1.801e-59
2.239e-20 2.541e+24 2.040e-15 2.044e-72 1.345e-60 1.690e-59
2.512e-20 1.848e+24 1.868e-15 1.872e-72 1.231e-60 1.547e-59
2.818e-20 1.308e+24 1.665e-15 1.668e-72 1.097e-60 1.379e-59
3.162e-20 8.982e+23 1.439e-15 1.442e-72 9.483e-61 1.192e-59
3.548e-20 5.961e+23 1.202e-15 1.204e-72 7.922e-61 9.956e-60
3.981e-20 3.808e+23 9.669e-16 9.685e-73 6.371e-61 8.006e-60
4.467e-20 2.331e+23 7.451e-16 7.463e-73 4.910e-61 6.170e-60
5.012e-20 1.360e+23 5.474e-16 5.483e-73 3.607e-61 4.533e-60
5.623e-20 7.524e+22 3.812e-16 3.818e-73 2.512e-61 3.157e-60
6.310e-20 3.920e+22 2.500e-16 2.505e-73 1.648e-61 2.071e-60
7.079e-20 1.910e+22 1.534e-16 1.537e-73 1.011e-61 1.270e-60
7.943e-20 8.638e+21 8.733e-17 8.747e-74 5.754e-62 7.231e-61
8.913e-20 3.595e+21 4.575e-17 4.583e-74 3.015e-62 3.788e-61
1.000e-19 1.366e+21 2.189e-17 2.192e-74 1.442e-62 1.812e-61
1.122e-19 4.720e+20 9.521e-18 9.537e-75 6.274e-63 7.884e-62
1.259e-19 1.502e+20 3.814e-18 3.821e-75 2.513e-63 3.158e-62
1.413e-19 4.732e+19 1.513e-18 1.515e-75 9.968e-64 1.253e-62
1.585e-19 1.825e+19 7.343e-19 7.356e-76 4.839e-64 6.081e-63
1.778e-19 1.079e+19 5.467e-19 5.476e-76 3.602e-64 4.527e-63
1.995e-19 8.766e+18 5.591e-19 5.601e-76 3.684e-64 4.630e-63
2.239e-19 7.915e+18 6.356e-19 6.366e-76 4.188e-64 5.263e-63
2.512e-19 7.303e+18 7.383e-19 7.395e-76 4.865e-64 6.113e-63
2.818e-19 6.761e+18 8.604e-19 8.618e-76 5.670e-64 7.125e-63
3.162e-19 6.261e+18 1.003e-18 1.005e-75 6.610e-64 8.307e-63
3.548e-19 5.798e+18 1.170e-18 1.172e-75 7.707e-64 9.685e-63
3.981e-19 5.370e+18 1.364e-18 1.366e-75 8.986e-64 1.129e-62
4.467e-19 4.973e+18 1.590e-18 1.593e-75 1.048e-63 1.317e-62
5.012e-19 4.606e+18 1.854e-18 1.857e-75 1.221e-63 1.535e-62
5.623e-19 4.266e+18 2.161e-18 2.165e-75 1.424e-63 1.790e-62
6.310e-19 3.951e+18 2.520e-18 2.524e-75 1.660e-63 2.087e-62
7.079e-19 3.659e+18 2.938e-18 2.943e-75 1.936e-63 2.433e-62
7.943e-19 3.388e+18 3.425e-18 3.431e-75 2.257e-63 2.836e-62
8.913e-19 3.138e+18 3.994e-18 4.001e-75 2.632e-63 3.307e-62
1.000e-18 2.906e+18 4.656e-18 4.664e-75 3.068e-63 3.856e-62
1.122e-18 2.692e+18 5.429e-18 5.438e-75 3.577e-63 4.496e-62
1.259e-18 2.493e+18 6.330e-18 6.341e-75 4.171e-63 5.242e-62
1.413e-18 2.309e+18 7.380e-18 7.393e-75 4.863e-63 6.111e-62
1.585e-18 2.138e+18 8.605e-18 8.619e-75 5.670e-63 7.125e-62
1.778e-18 1.980e+18 1.003e-17 1.005e-74 6.611e-63 8.307e-62
1.995e-18 1.834e+18 1.170e-17 1.172e-74 7.708e-63 9.686e-62
2.239e-18 1.698e+18 1.364e-17 1.366e-74 8.987e-63 1.129e-61
2.512e-18 1.573e+18 1.590e-17 1.593e-74 1.048e-62 1.317e-61
2.818e-18 1.457e+18 1.854e-17 1.857e-74 1.222e-62 1.535e-61
3.162e-18 1.349e+18 2.161e-17 2.165e-74 1.424e-62 1.790e-61
3.548e-18 1.249e+18 2.520e-17 2.524e-74 1.661e-62 2.087e-61
3.981e-18 1.157e+18 2.938e-17 2.943e-74 1.936e-62 2.433e-61
4.467e-18 1.072e+18 3.426e-17 3.432e-74 2.257e-62 2.837e-61
5.012e-18 9.924e+17 3.994e-17 4.001e-74 2.632e-62 3.307e-61
5.623e-18 9.191e+17 4.657e-17 4.665e-74 3.069e-62 3.856e-61
6.310e-18 8.512e+17 5.429e-17 5.439e-74 3.578e-62 4.496e-61
7.079e-18 7.883e+17 6.330e-17 6.341e-74 4.171e-62 5.242e-61
7.943e-18 7.301e+17 7.381e-17 7.393e-74 4.863e-62 6.112e-61
8.913e-18 6.761e+17 8.605e-17 8.620e-74 5.670e-62 7.126e-61
1.000e-17 6.262e+17 1.003e-16 1.005e-73 6.611e-62 8.308e-61
1.122e-17 5.799e+17 1.170e-16 1.172e-73 7.708e-62 9.686e-61
1.259e-17 5.371e+17 1.364e-16 1.366e-73 8.987e-62 1.129e-60
1.413e-17 4.974e+17 1.590e-16 1.593e-73 1.048e-61 1.317e-60
1.585e-17 4.606e+17 1.854e-16 1.857e-73 1.222e-61 1.535e-60
1.778e-17 4.266e+17 2.161e-16 2.165e-73 1.424e-61 1.790e-60
1.995e-17 3.951e+17 2.520e-16 2.524e-73 1.661e-61 2.087e-60
2.239e-17 3.659e+17 2.938e-16 2.943e-73 1.936e-61 2.433e-60
2.512e-17 3.388e+17 3.425e-16 3.431e-73 2.257e-61 2.837e-60
2.818e-17 3.138e+17 3.994e-16 4.000e-73 2.632e-61 3.307e-60
3.162e-17 2.906e+17 4.656e-16 4.664e-73 3.068e-61 3.856e-60
3.548e-17 2.691e+17 5.429e-16 5.438e-73 3.577e-61 4.495e-60
3.981e-17 2.492e+17 6.329e-16 6.340e-73 4.171e-61 5.241e-60
4.467e-17 2.308e+17 7.379e-16 7.392e-73 4.862e-61 6.110e-60
5.012e-17 2.138e+17 8.603e-16 8.618e-73 5.669e-61 7.124e-60
5.623e-17 1.980e+17 1.003e-15 1.005e-72 6.609e-61 8.306e-60
6.310e-17 1.833e+17 1.169e-15 1.171e-72 7.706e-61 9.683e-60
7.079e-17 1.698e+17 1.363e-15 1.366e-72 8.984e-61 1.129e-59
7.943e-17 1.572e+17 1.589e-15 1.592e-72 1.047e-60 1.316e-59
8.913e-17 1.456e+17 1.853e-15 1.856e-72 1.221e-60 1.534e-59
1.000e-16 1.348e+17 2.160e-15 2.164e-72 1.424e-60 1.789e-59
1.122e-16 1.249e+17 2.519e-15 2.523e-72 1.660e-60 2.086e-59
1.259e-16 1.156e+17 2.936e-15 2.941e-72 1.935e-60 2.431e-59
1.413e-16 1.071e+17 3.423e-15 3.429e-72 2.256e-60 2.835e-59
1.585e-16 9.916e+16 3.991e-15 3.998e-72 2.630e-60 3.305e-59
1.778e-16 9.183e+16 4.653e-15 4.660e-72 3.066e-60 3.853e-59
1.995e-16 8.504e+16 5.424e-15 5.433e-72 3.574e-60 4.491e-59
2.239e-16 7.875e+16 6.323e-15 6.334e-72 4.167e-60 5.236e-59
2.512e-16 7.292e+16 7.372e-15 7.384e-72 4.858e-60 6.104e-59
2.818e-16 6.752e+16 8.594e-15 8.608e-72 5.663e-60 7.116e-59
3.162e-16 6.253e+16 1.002e-14 1.004e-71 6.601e-60 8.296e-59
3.548e-16 5.790e+16 1.168e-14 1.170e-71 7.696e-60 9.671e-59
3.981e-16 5.362e+16 1.361e-14 1.364e-71 8.971e-60 1.127e-58
4.467e-16 4.965e+16 1.587e-14 1.590e-71 1.046e-59 1.314e-58
5.012e-16 4.597e+16 1.850e-14 1.853e-71 1.219e-59 1.532e-58
5.623e-16 4.257e+16 2.157e-14 2.160e-71 1.421e-59 1.786e-58
6.310e-16 3.942e+16 2.514e-14 2.519e-71 1.657e-59 2.082e-58
7.079e-16 3.650e+16 2.931e-14 2.936e-71 1.931e-59 2.427e-58
7.943e-16 3.380e+16 3.417e-14 3.422e-71 2.251e-59 2.829e-58
8.913e-16 3.129e+16 3.983e-14 3.990e-71 2.624e-59 3.298e-58
1.000e-15 2.898e+16 4.643e-14 4.651e-71 3.059e-59 3.844e-58
1.122e-15 2.683e+16 5.412e-14 5.421e-71 3.566e-59 4.482e-58
1.259e-15 2.484e+16 6.309e-14 6.319e-71 4.157e-59 5.224e-58
1.413e-15 2.300e+16 7.354e-14 7.367e-71 4.846e-59 6.090e-58
1.585e-15 2.130e+16 8.572e-14 8.587e-71 5.649e-59 7.099e-58
1.778e-15 1.972e+16 9.993e-14 1.001e-70 6.585e-59 8.275e-58
1.995e-15 1.826e+16 1.165e-13 1.167e-70 7.676e-59 9.646e-58
2.239e-15 1.691e+16 1.358e-13 1.360e-70 8.947e-59 1.124e-57
2.512e-15 1.566e+16 1.583e-13 1.585e-70 1.043e-58 1.311e-57
2.818e-15 1.450e+16 1.845e-13 1.848e-70 1.216e-58 1.528e-57
3.162e-15 1.342e+16 2.151e-13 2.154e-70 1.417e-58 1.781e-57
3.548e-15 1.243e+16 2.507e-13 2.511e-70 1.652e-58 2.076e-57
3.981e-15 1.151e+16 2.922e-13 2.927e-70 1.926e-58 2.420e-57
4.467e-15 1.065e+16 3.406e-13 3.412e-70 2.244e-58 2.820e-57
5.012e-15 9.865e+15 3.970e-13 3.977e-70 2.616e-58 3.288e-57
5.623e-15 9.134e+15 4.628e-13 4.636e-70 3.050e-58 3.832e-57
6.310e-15 8.457e+15 5.394e-13 5.403e-70 3.555e-58 4.467e-57
7.079e-15 7.830e+15 6.288e-13 6.298e-70 4.143e-58 5.207e-57
7.943e-15 7.250e+15 7.329e-13 7.341e-70 4.830e-58 6.069e-57
8.913e-15 6.713e+15 8.543e-13 8.557e-70 5.629e-58 7.074e-57
1.000e-14 6.215e+15 9.957e-13 9.974e-70 6.562e-58 8.245e-57
1.122e-14 5.754e+15 1.161e-12 1.163e-69 7.648e-58 9.611e-57
1.259e-14 5.328e+15 1.353e-12 1.355e-69 8.915e-58 1.120e-56
1.413e-14 4.933e+15 1.577e-12 1.580e-69 1.039e-57 1.306e-56
1.585e-14 4.567e+15 1.838e-12 1.841e-69 1.211e-57 1.522e-56
1.778e-14 4.228e+15 2.142e-12 2.146e-69 1.412e-57 1.774e-56
1.995e-14 3.915e+15 2.497e-12 2.501e-69 1.645e-57 2.068e-56
2.239e-14 3.624e+15 2.910e-12 2.915e-69 1.918e-57 2.410e-56
2.512e-14 3.355e+15 3.392e-12 3.398e-69 2.235e-57 2.809e-56
2.818e-14 3.107e+15 3.954e-12 3.960e-69 2.605e-57 3.274e-56
3.162e-14 2.876e+15 4.608e-12 4.616e-69 3.036e-57 3.816e-56
3.548e-14 2.663e+15 5.371e-12 5.380e-69 3.539e-57 4.447e-56
3.981e-14 2.465e+15 6.260e-12 6.270e-69 4.125e-57 5.183e-56
4.467e-14 2.282e+15 7.296e-12 7.308e-69 4.808e-57 6.041e-56
5.012e-14 2.113e+15 8.503e-12 8.518e-69 5.603e-57 7.041e-56
5.623e-14 1.956e+15 9.910e-12 9.927e-69 6.531e-57 8.207e-56
6.310e-14 1.811e+15 1.155e-11 1.157e-68 7.611e-57 9.565e-56
7.079e-14 1.676e+15 1.346e-11 1.348e-68 8.871e-57 1.115e-55
7.943e-14 1.552e+15 1.569e-11 1.572e-68 1.034e-56 1.299e-55
8.913e-14 1.437e+15 1.829e-11 1.832e-68 1.205e-56 1.514e-55
1.000e-13 1.330e+15 2.131e-11 2.135e-68 1.404e-56 1.765e-55
1.122e-13 1.231e+15 2.484e-11 2.488e-68 1.637e-56 2.057e-55
1.259e-13 1.140e+15 2.895e-11 2.899e-68 1.907e-56 2.397e-55
1.413e-13 1.055e+15 3.373e-11 3.379e-68 2.223e-56 2.793e-55
1.585e-13 9.768e+14 3.931e-11 3.938e-68 2.591e-56 3.255e-55
1.778e-13 9.043e+14 4.582e-11 4.589e-68 3.019e-56 3.794e-55
1.995e-13 8.371e+14 5.339e-11 5.348e-68 3.518e-56 4.421e-55
2.239e-13 7.749e+14 6.222e-11 6.233e-68 4.100e-56 5.153e-55
2.512e-13 7.173e+14 7.251e-11 7.264e-68 4.778e-56 6.005e-55
2.818e-13 6.640e+14 8.450e-11 8.465e-68 5.568e-56 6.998e-55
3.162e-13 6.146e+14 9.848e-11 9.864e-68 6.489e-56 8.155e-55
3.548e-13 5.690e+14 1.148e-10 1.150e-67 7.562e-56 9.503e-55
3.981e-13 5.267e+14 1.337e-10 1.340e-67 8.812e-56 1.107e-54
4.467e-13 4.875e+14 1.558e-10 1.561e-67 1.027e-55 1.290e-54
5.012e-13 4.512e+14 1.816e-10 1.819e-67 1.197e-55 1.504e-54
5.623e-13 4.177e+14 2.116e-10 2.120e-67 1.394e-55 1.752e-54
6.310e-13 3.866e+14 2.466e-10 2.470e-67 1.625e-55 2.042e-54
7.079e-13 3.578e+14 2.873e-10 2.878e-67 1.894e-55 2.379e-54
7.943e-13 3.312e+14 3.348e-10 3.354e-67 2.206e-55 2.773e-54
8.913e-13 3.066e+14 3.902e-10 3.908e-67 2.571e-55 3.231e-54
1.000e-12 2.838e+14 4.546e-10 4.554e-67 2.996e-55 3.765e-54
1.122e-12 2.626e+14 5.297e-10 5.306e-67 3.491e-55 4.387e-54
1.259e-12 2.431e+14 6.173e-10 6.183e-67 4.067e-55 5.111e-54
1.413e-12 2.250e+14 7.192e-10 7.204e-67 4.739e-55 5.956e-54
1.585e-12 2.082e+14 8.380e-10 8.394e-67 5.522e-55 6.939e-54
1.778e-12 1.927e+14 9.764e-10 9.781e-67 6.434e-55 8.085e-54
1.995e-12 1.784e+14 1.138e-09 1.140e-66 7.497e-55 9.421e-54
2.239e-12 1.651e+14 1.326e-09 1.328e-66 8.735e-55 1.098e-53
2.512e-12 1.528e+14 1.544e-09 1.547e-66 1.018e-54 1.279e-53
2.818e-12 1.414e+14 1.799e-09 1.802e-66 1.186e-54 1.490e-53
3.162e-12 1.308e+14 2.096e-09 2.100e-66 1.381e-54 1.736e-53
3.548e-12 1.211e+14 2.442e-09 2.447e-66 1.609e-54 2.022e-53
3.981e-12 1.121e+14 2.845e-09 2.850e-66 1.875e-54 2.356e-53
4.467e-12 1.037e+14 3.315e-09 3.321e-66 2.184e-54 2.745e-53
5.012e-12 9.596e+13 3.862e-09 3.869e-66 2.545e-54 3.198e-53
5.623e-12 8.880e+13 4.499e-09 4.507e-66 2.965e-54 3.726e-53
6.310e-12 8.218e+13 5.242e-09 5.250e-66 3.454e-54 4.340e-53
7.079e-12 7.604e+13 6.106e-09 6.116e-66 4.024e-54 5.056e-53
7.943e-12 7.036e+13 7.113e-09 7.125e-66 4.687e-54 5.890e-53
8.913e-12 6.511e+13 8.286e-09 8.300e-66 5.460e-54 6.862e-53
1.000e-11 6.025e+13 9.653e-09 9.669e-66 6.361e-54 7.993e-53
1.122e-11 5.575e+13 1.124e-08 1.126e-65 7.409e-54 9.311e-53
1.259e-11 5.158e+13 1.310e-08 1.312e-65 8.631e-54 1.085e-52
1.413e-11 4.772e+13 1.526e-08 1.528e-65 1.005e-53 1.263e-52
1.585e-11 4.416e+13 1.777e-08 1.780e-65 1.171e-53 1.472e-52
1.778e-11 4.085e+13 2.070e-08 2.073e-65 1.364e-53 1.714e-52
1.995e-11 3.780e+13 2.411e-08 2.415e-65 1.589e-53 1.996e-52
2.239e-11 3.497e+13 2.808e-08 2.813e-65 1.850e-53 2.325e-52
2.512e-11 3.235e+13 3.271e-08 3.276e-65 2.155e-53 2.708e-52
2.818e-11 2.993e+13 3.809e-08 3.816e-65 2.510e-53 3.154e-52
3.162e-11 2.769e+13 4.437e-08 4.444e-65 2.924e-53 3.674e-52
3.548e-11 2.562e+13 5.167e-08 5.176e-65 3.405e-53 4.279e-52
3.981e-11 2.370e+13 6.018e-08 6.028e-65 3.965e-53 4.983e-52
4.467e-11 2.192e+13 7.008e-08 7.020e-65 4.618e-53 5.803e-52
5.012e-11 2.028e+13 8.161e-08 8.175e-65 5.378e-53 6.758e-52
5.623e-11 1.876e+13 9.504e-08 9.520e-65 6.263e-53 7.870e-52
6.310e-11 1.735e+13 1.107e-07 1.109e-64 7.293e-53 9.165e-52
7.079e-11 1.605e+13 1.289e-07 1.291e-64 8.492e-53 1.067e-51
7.943e-11 1.485e+13 1.501e-07 1.503e-64 9.889e-53 1.243e-51
8.913e-11 1.373e+13 1.747e-07 1.750e-64 1.151e-52 1.447e-51
1.000e-10 1.270e+13 2.035e-07 2.038e-64 1.341e-52 1.685e-51
1.122e-10 1.175e+13 2.369e-07 2.373e-64 1.561e-52 1.962e-51
1.259e-10 1.086e+13 2.758e-07 2.763e-64 1.818e-52 2.284e-51
1.413e-10 1.005e+13 3.212e-07 3.217e-64 2.116e-52 2.659e-51
1.585e-10 9.291e+12 3.739e-07 3.745e-64 2.464e-52 3.096e-51
1.778e-10 8.592e+12 4.353e-07 4.360e-64 2.868e-52 3.605e-51
1.995e-10 7.945e+12 5.068e-07 5.076e-64 3.339e-52 4.196e-51
2.239e-10 7.347e+12 5.900e-07 5.910e-64 3.888e-52 4.885e-51
2.512e-10 6.794e+12 6.868e-07 6.879e-64 4.526e-52 5.687e-51
2.818e-10 6.282e+12 7.994e-07 8.008e-64 5.268e-52 6.620e-51
3.162e-10 5.808e+12 9.306e-07 9.322e-64 6.132e-52 7.706e-51
3.548e-10 5.370e+12 1.083e-06 1.085e-63 7.138e-52 8.970e-51
3.981e-10 4.965e+12 1.261e-06 1.263e-63 8.308e-52 1.044e-50
4.467e-10 4.590e+12 1.467e-06 1.470e-63 9.670e-52 1.215e-50
5.012e-10 4.244e+12 1.708e-06 1.711e-63 1.125e-51 1.414e-50
5.623e-10 3.923e+12 1.988e-06 1.991e-63 1.310e-51 1.646e-50
6.310e-10 3.627e+12 2.313e-06 2.317e-63 1.524e-51 1.916e-50
7.079e-10 3.353e+12 2.692e-06 2.697e-63 1.774e-51 2.229e-50
7.943e-10 3.099e+12 3.133e-06 3.138e-63 2.064e-51 2.594e-50
8.913e-10 2.864e+12 3.645e-06 3.652e-63 2.402e-51 3.019e-50
1.000e-09 2.647e+12 4.242e-06 4.249e-63 2.795e-51 3.512e-50
1.122e-09 2.447e+12 4.935e-06 4.944e-63 3.252e-51 4.087e-50
1.259e-09 2.261e+12 5.742e-06 5.752e-63 3.784e-51 4.755e-50
1.413e-09 2.090e+12 6.681e-06 6.692e-63 4.403e-51 5.532e-50
1.585e-09 1.931e+12 7.773e-06 7.786e-63 5.122e-51 6.436e-50
1.778e-09 1.785e+12 9.042e-06 9.058e-63 5.958e-51 7.488e-50
1.995e-09 1.649e+12 1.052e-05 1.054e-62 6.931e-51 8.710e-50
2.239e-09 1.524e+12 1.224e-05 1.226e-62 8.063e-51 1.013e-49
2.512e-09 1.408e+12 1.423e-05 1.426e-62 9.378e-51 1.179e-49
2.818e-09 1.301e+12 1.655e-05 1.658e-62 1.091e-50 1.371e-49
3.162e-09 1.202e+12 1.925e-05 1.929e-62 1.269e-50 1.594e-49
3.548e-09 1.110e+12 2.239e-05 2.243e-62 1.475e-50 1.854e-49
3.981e-09 1.025e+12 2.604e-05 2.608e-62 1.716e-50 2.156e-49
4.467e-09 9.472e+11 3.028e-05 3.033e-62 1.995e-50 2.507e-49
5.012e-09 8.749e+11 3.521e-05 3.527e-62 2.320e-50 2.916e-49
5.623e-09 8.080e+11 4.094e-05 4.101e-62 2.698e-50 3.390e-49
6.310e-09 7.463e+11 4.760e-05 4.768e-62 3.137e-50 3.942e-49
7.079e-09 6.892e+11 5.534e-05 5.543e-62 3.647e-50 4.582e-49
7.943e-09 6.364e+11 6.433e-05 6.444e-62 4.239e-50 5.327e-49
8.913e-09 5.876e+11 7.478e-05 7.491e-62 4.928e-50 6.193e-49
1.000e-08 5.425e+11 8.693e-05 8.707e-62 5.728e-50 7.198e-49
1.122e-08 5.009e+11 1.010e-04 1.012e-61 6.658e-50 8.366e-49
1.259e-08 4.624e+11 1.174e-04 1.176e-61 7.738e-50 9.723e-49
1.413e-08 4.269e+11 1.365e-04 1.367e-61 8.992e-50 1.130e-48
1.585e-08 3.940e+11 1.586e-04 1.588e-61 1.045e-49 1.313e-48
1.778e-08 3.637e+11 1.843e-04 1.846e-61 1.214e-49 1.526e-48
1.995e-08 3.356e+11 2.141e-04 2.145e-61 1.411e-49 1.773e-48
2.239e-08 3.098e+11 2.487e-04 2.491e-61 1.639e-49 2.060e-48
2.512e-08 2.858e+11 2.889e-04 2.894e-61 1.904e-49 2.393e-48
2.818e-08 2.637e+11 3.356e-04 3.362e-61 2.212e-49 2.779e-48
3.162e-08 2.433e+11 3.899e-04 3.905e-61 2.569e-49 3.228e-48
3.548e-08 2.245e+11 4.528e-04 4.536e-61 2.984e-49 3.749e-48
3.981e-08 2.071e+11 5.258e-04 5.267e-61 3.465e-49 4.354e-48
4.467e-08 1.910e+11 6.106e-04 6.117e-61 4.024e-49 5.056e-48
5.012e-08 1.762e+11 7.090e-04 7.102e-61 4.672e-49 5.871e-48
5.623e-08 1.625e+11 8.232e-04 8.246e-61 5.424e-49 6.816e-48
6.310e-08 1.498e+11 9.556e-04 9.572e-61 6.297e-49 7.913e-48
7.079e-08 1.381e+11 1.109e-03 1.111e-60 7.310e-49 9.186e-48
7.943e-08 1.274e+11 1.288e-03 1.290e-60 8.484e-49 1.066e-47
8.913e-08 1.174e+11 1.494e-03 1.497e-60 9.847e-49 1.237e-47
1.000e-07 1.082e+11 1.734e-03 1.737e-60 1.143e-48 1.436e-47
1.122e-07 9.976e+10 2.012e-03 2.015e-60 1.326e-48 1.666e-47
1.259e-07 9.193e+10 2.334e-03 2.338e-60 1.538e-48 1.933e-47
1.413e-07 8.472e+10 2.708e-03 2.713e-60 1.785e-48 2.243e-47
1.585e-07 7.806e+10 3.141e-03 3.147e-60 2.070e-48 2.601e-47
1.778e-07 7.191e+10 3.644e-03 3.650e-60 2.401e-48 3.017e-47
1.995e-07 6.625e+10 4.225e-03 4.233e-60 2.784e-48 3.499e-47
2.239e-07 6.102e+10 4.900e-03 4.908e-60 3.229e-48 4.057e-47
2.512e-07 5.620e+10 5.681e-03 5.691e-60 3.744e-48 4.704e-47
2.818e-07 5.175e+10 6.586e-03 6.597e-60 4.340e-48 5.454e-47
3.162e-07 4.765e+10 7.634e-03 7.647e-60 5.031e-48 6.322e-47
3.548e-07 4.387e+10 8.848e-03 8.863e-60 5.831e-48 7.327e-47
3.981e-07 4.038e+10 1.025e-02 1.027e-59 6.757e-48 8.491e-47
4.467e-07 3.717e+10 1.188e-02 1.190e-59 7.829e-48 9.839e-47
5.012e-07 3.421e+10 1.377e-02 1.379e-59 9.071e-48 1.140e-46
5.623e-07 3.147e+10 1.595e-02 1.597e-59 1.051e-47 1.321e-46
6.310e-07 2.896e+10 1.847e-02 1.850e-59 1.217e-47 1.530e-46
7.079e-07 2.664e+10 2.139e-02 2.143e-59 1.410e-47 1.771e-46
7.943e-07 2.450e+10 2.477e-02 2.481e-59 1.632e-47 2.051e-46
8.913e-07 2.254e+10 2.868e-02 2.873e-59 1.890e-47 2.375e-46
1.000e-06 2.072e+10 3.320e-02 3.326e-59 2.188e-47 2.749e-46
1.122e-06 1.905e+10 3.843e-02 3.850e-59 2.532e-47 3.182e-46
1.259e-06 1.752e+10 4.448e-02 4.455e-59 2.931e-47 3.683e-46
1.413e-06 1.610e+10 5.147e-02 5.155e-59 3.391e-47 4.262e-46
1.585e-06 1.480e+10 5.955e-02 5.965e-59 3.924e-47 4.931e-46
1.778e-06 1.360e+10 6.888e-02 6.900e-59 4.539e-47 5.704e-46
1.995e-06 1.249e+10 7.967e-02 7.981e-59 5.250e-47 6.597e-46
2.239e-06 1.147e+10 9.214e-02 9.229e-59 6.072e-47 7.630e-46
2.512e-06 1.054e+10 1.065e-01 1.067e-58 7.020e-47 8.822e-46
2.818e-06 9.678e+09 1.232e-01 1.234e-58 8.116e-47 1.020e-45
3.162e-06 8.886e+09 1.424e-01 1.426e-58 9.382e-47 1.179e-45
3.548e-06 8.158e+09 1.645e-01 1.648e-58 1.084e-46 1.363e-45
3.981e-06 7.487e+09 1.901e-01 1.905e-58 1.253e-46 1.574e-45
4.467e-06 6.871e+09 2.197e-01 2.200e-58 1.447e-46 1.819e-45
5.012e-06 6.304e+09 2.537e-01 2.541e-58 1.672e-46 2.101e-45
5.623e-06 5.783e+09 2.930e-01 2.935e-58 1.931e-46 2.426e-45
6.310e-06 5.304e+09 3.383e-01 3.389e-58 2.229e-46 2.801e-45
7.079e-06 4.863e+09 3.905e-01 3.912e-58 2.573e-46 3.234e-45
7.943e-06 4.458e+09 4.507e-01 4.515e-58 2.970e-46 3.732e-45
8.913e-06 4.086e+09 5.200e-01 5.209e-58 3.427e-46 4.306e-45
1.000e-05 3.744e+09 5.999e-01 6.009e-58 3.953e-46 4.967e-45
1.122e-05 3.430e+09 6.918e-01 6.929e-58 4.558e-46 5.728e-45
1.259e-05 3.141e+09 7.975e-01 7.989e-58 5.255e-46 6.604e-45
1.413e-05 2.875e+09 9.192e-01 9.207e-58 6.057e-46 7.611e-45
1.585e-05 2.632e+09 1.059e+00 1.061e-57 6.979e-46 8.770e-45
1.778e-05 2.408e+09 1.220e+00 1.222e-57 8.038e-46 1.010e-44
1.995e-05 2.202e+09 1.405e+00 1.407e-57 9.256e-46 1.163e-44
2.239e-05 2.013e+09 1.617e+00 1.620e-57 1.065e-45 1.339e-44
2.512e-05 1.840e+09 1.860e+00 1.864e-57 1.226e-45 1.541e-44
2.818e-05 1.681e+09 2.140e+00 2.144e-57 1.410e-45 1.772e-44
3.162e-05 1.536e+09 2.461e+00 2.465e-57 1.621e-45 2.037e-44
3.548e-05 1.402e+09 2.828e+00 2.833e-57 1.864e-45 2.342e-44
3.981e-05 1.280e+09 3.249e+00 3.255e-57 2.141e-45 2.691e-44
4.467e-05 1.167e+09 3.732e+00 3.738e-57 2.459e-45 3.090e-44
5.012e-05 1.064e+09 4.284e+00 4.291e-57 2.823e-45 3.547e-44
5.623e-05 9.703e+08 4.916e+00 4.924e-57 3.239e-45 4.071e-44
6.310e-05 8.840e+08 5.639e+00 5.648e-57 3.716e-45 4.669e-44
7.079e-05 8.051e+08 6.465e+00 6.476e-57 4.260e-45 5.353e-44
7.943e-05 7.328e+08 7.408e+00 7.421e-57 4.882e-45 6.135e-44
8.913e-05 6.668e+08 8.486e+00 8.500e-57 5.592e-45 7.027e-44
1.000e-04 6.064e+08 9.715e+00 9.732e-57 6.402e-45 8.045e-44
1.122e-04 5.512e+08 1.112e+01 1.114e-56 7.326e-45 9.206e-44
1.259e-04 5.007e+08 1.271e+01 1.274e-56 8.378e-45 1.053e-43
1.413e-04 4.547e+08 1.453e+01 1.456e-56 9.578e-45 1.204e-43
1.585e-04 4.126e+08 1.661e+01 1.663e-56 1.094e-44 1.375e-43
1.778e-04 3.743e+08 1.896e+01 1.899e-56 1.250e-44 1.570e-43
1.995e-04 3.393e+08 2.164e+01 2.168e-56 1.426e-44 1.792e-43
2.239e-04 3.074e+08 2.468e+01 2.472e-56 1.626e-44 2.044e-43
2.512e-04 2.783e+08 2.813e+01 2.818e-56 1.854e-44 2.330e-43
2.818e-04 2.518e+08 3.205e+01 3.210e-56 2.112e-44 2.654e-43
3.162e-04 2.277e+08 3.648e+01 3.654e-56 2.404e-44 3.021e-43
3.548e-04 2.058e+08 4.150e+01 4.157e-56 2.735e-44 3.437e-43
3.981e-04 1.858e+08 4.718e+01 4.726e-56 3.109e-44 3.907e-43
4.467e-04 1.676e+08 5.359e+01 5.368e-56 3.531e-44 4.438e-43
5.012e-04 1.511e+08 6.083e+01 6.093e-56 4.008e-44 5.037e-43
5.623e-04 1.362e+08 6.898e+01 6.910e-56 4.546e-44 5.712e-43
6.310e-04 1.225e+08 7.816e+01 7.829e-56 5.150e-44 6.472e-43
7.079e-04 1.102e+08 8.847e+01 8.862e-56 5.830e-44 7.326e-43
7.943e-04 9.895e+07 1.000e+02 1.002e-55 6.592e-44 8.283e-43
8.913e-04 8.878e+07 1.130e+02 1.132e-55 7.445e-44 9.356e-43
1.000e-03 7.956e+07 1.275e+02 1.277e-55 8.399e-44 1.055e-42
1.122e-03 7.120e+07 1.436e+02 1.439e-55 9.464e-44 1.189e-42
1.259e-03 6.364e+07 1.616e+02 1.619e-55 1.065e-43 1.338e-42
1.413e-03 5.679e+07 1.816e+02 1.819e-55 1.196e-43 1.503e-42
1.585e-03 5.061e+07 2.037e+02 2.040e-55 1.342e-43 1.687e-42
1.778e-03 4.502e+07 2.281e+02 2.285e-55 1.503e-43 1.889e-42
1.995e-03 3.998e+07 2.550e+02 2.554e-55 1.680e-43 2.112e-42
2.239e-03 3.543e+07 2.845e+02 2.850e-55 1.875e-43 2.356e-42
2.512e-03 3.134e+07 3.169e+02 3.174e-55 2.088e-43 2.624e-42
2.818e-03 2.767e+07 3.521e+02 3.527e-55 2.320e-43 2.916e-42
3.162e-03 2.437e+07 3.904e+02 3.911e-55 2.573e-43 3.233e-42
3.548e-03 2.141e+07 4.318e+02 4.326e-55 2.846e-43 3.576e-42
3.981e-03 1.876e+07 4.764e+02 4.772e-55 3.139e-43 3.945e-42
4.467e-03 1.640e+07 5.242e+02 5.251e-55 3.454e-43 4.341e-42
5.012e-03 1.429e+07 5.751e+02 5.761e-55 3.790e-43 4.762e-42
5.623e-03 1.242e+07 6.291e+02 6.301e-55 4.145e-43 5.209e-42
6.310e-03 1.075e+07 6.858e+02 6.869e-55 4.519e-43 5.679e-42
7.079e-03 9.278e+06 7.450e+02 7.463e-55 4.909e-43 6.169e-42
7.943e-03 7.977e+06 8.064e+02 8.077e-55 5.314e-43 6.677e-42
8.913e-03 6.830e+06 8.693e+02 8.708e-55 5.728e-43 7.198e-42
1.000e-02 5.824e+06 9.332e+02 9.347e-55 6.149e-43 7.727e-42
1.122e-02 4.944e+06 9.972e+02 9.989e-55 6.571e-43 8.257e-42
1.259e-02 4.176e+06 1.060e+03 1.062e-54 6.988e-43 8.781e-42
1.413e-02 3.509e+06 1.122e+03 1.124e-54 7.392e-43 9.290e-42
1.585e-02 2.933e+06 1.180e+03 1.182e-54 7.777e-43 9.773e-42
1.778e-02 2.436e+06 1.234e+03 1.236e-54 8.133e-43 1.022e-41
1.995e-02 2.011e+06 1.282e+03 1.285e-54 8.451e-43 1.062e-41
2.239e-02 1.648e+06 1.323e+03 1.326e-54 8.720e-43 1.096e-41
2.512e-02 1.341e+06 1.355e+03 1.358e-54 8.932e-43 1.122e-41
2.818e-02 1.082e+06 1.377e+03 1.379e-54 9.075e-43 1.140e-41
3.162e-02 8.657e+05 1.387e+03 1.389e-54 9.139e-43 1.148e-41
3.548e-02 6.860e+05 1.384e+03 1.386e-54 9.117e-43 1.146e-41
3.981e-02 5.379e+05 1.366e+03 1.368e-54 9.001e-43 1.131e-41
4.467e-02 4.171e+05 1.333e+03 1.336e-54 8.786e-43 1.104e-41
5.012e-02 3.194e+05 1.285e+03 1.287e-54 8.470e-43 1.064e-41
5.623e-02 2.412e+05 1.222e+03 1.224e-54 8.052e-43 1.012e-41
6.310e-02 1.794e+05 1.144e+03 1.146e-54 7.540e-43 9.475e-42
7.079e-02 1.312e+05 1.053e+03 1.055e-54 6.941e-43 8.722e-42
7.943e-02 9.412e+04 9.515e+02 9.531e-55 6.270e-43 7.879e-42
8.913e-02 6.613e+04 8.416e+02 8.431e-55 5.546e-43 6.969e-42
1.000e-01 4.539e+04 7.272e+02 7.284e-55 4.792e-43 6.022e-42
1.122e-01 3.034e+04 6.121e+02 6.131e-55 4.033e-43 5.068e-42
1.259e-01 1.970e+04 5.003e+02 5.011e-55 3.297e-43 4.143e-42
1.413e-01 1.238e+04 3.957e+02 3.964e-55 2.608e-43 3.277e-42
1.585e-01 7.500e+03 3.018e+02 3.023e-55 1.989e-43 2.499e-42
1.778e-01 4.361e+03 2.210e+02 2.213e-55 1.456e-43 1.830e-42
1.995e-01 2.423e+03 1.546e+02 1.548e-55 1.018e-43 1.280e-42
2.239e-01 1.279e+03 1.027e+02 1.029e-55 6.768e-44 8.505e-43
2.512e-01 6.377e+02 6.446e+01 6.457e-56 4.248e-44 5.338e-43
2.818e-01 2.982e+02 3.795e+01 3.801e-56 2.500e-44 3.142e-43
3.162e-01 1.297e+02 2.079e+01 2.082e-56 1.370e-44 1.721e-43
3.548e-01 5.207e+01 1.050e+01 1.052e-56 6.921e-45 8.697e-44
3.981e-01 1.908e+01 4.846e+00 4.854e-57 3.193e-45 4.013e-44
4.467e-01 6.316e+00 2.019e+00 2.023e-57 1.331e-45 1.672e-44
5.012e-01 1.864e+00 7.500e-01 7.513e-58 4.942e-46 6.211e-45
5.623e-01 4.831e-01 2.448e-01 2.452e-58 1.613e-46 2.027e-45
6.310e-01 1.083e-01 6.905e-02 6.917e-59 4.550e-47 5.718e-46
7.079e-01 2.058e-02 1.653e-02 1.655e-59 1.089e-47 1.368e-46
7.943e-01 3.251e-03 3.287e-03 3.292e-60 2.166e-48 2.722e-47
8.913e-01 4.146e-04 5.277e-04 5.286e-61 3.477e-49 4.370e-48
1.000e+00 4.149e-05 6.648e-05 6.659e-62 4.381e-50 5.505e-49
1.122e+00 1.365e-06 2.753e-06 2.757e-63 1.814e-51 2.279e-50
1.259e+00 5.172e-15 1.313e-14 1.316e-71 8.655e-60 1.088e-58
1.413e+00 4.787e-15 1.530e-14 1.533e-71 1.008e-59 1.267e-58
1.585e+00 4.430e-15 1.783e-14 1.786e-71 1.175e-59 1.476e-58
1.778e+00 4.099e-15 2.077e-14 2.080e-71 1.369e-59 1.720e-58
1.995e+00 3.793e-15 2.419e-14 2.424e-71 1.594e-59 2.003e-58
2.239e+00 3.510e-15 2.818e-14 2.823e-71 1.857e-59 2.334e-58
2.512e+00 3.247e-15 3.282e-14 3.288e-71 2.163e-59 2.718e-58
2.818e+00 3.004e-15 3.823e-14 3.829e-71 2.519e-59 3.166e-58
3.162e+00 2.779e-15 4.452e-14 4.459e-71 2.934e-59 3.687e-58
3.548e+00 2.570e-15 5.184e-14 5.193e-71 3.416e-59 4.293e-58
3.981e+00 2.377e-15 6.036e-14 6.046e-71 3.977e-59 4.998e-58
4.467e+00 2.198e-15 7.027e-14 7.038e-71 4.630e-59 5.818e-58
5.012e+00 2.032e-15 8.179e-14 8.193e-71 5.390e-59 6.773e-58
5.623e+00 1.879e-15 9.520e-14 9.536e-71 6.273e-59 7.883e-58
6.310e+00 1.737e-15 1.108e-13 1.110e-70 7.300e-59 9.173e-58
7.079e+00 1.605e-15 1.289e-13 1.291e-70 8.494e-59 1.067e-57
7.943e+00 1.483e-15 1.499e-13 1.502e-70 9.881e-59 1.242e-57
8.913e+00 1.370e-15 1.744e-13 1.747e-70 1.149e-58 1.444e-57
1.000e+01 1.266e-15 2.028e-13 2.032e-70 1.336e-58 1.679e-57
1.122e+01 1.169e-15 2.358e-13 2.362e-70 1.554e-58 1.953e-57
1.259e+01 1.079e-15 2.741e-13 2.746e-70 1.806e-58 2.270e-57
1.413e+01 9.964e-16 3.185e-13 3.191e-70 2.099e-58 2.638e-57
1.585e+01 9.195e-16 3.701e-13 3.707e-70 2.438e-58 3.064e-57
1.778e+01 8.483e-16 4.298e-13 4.305e-70 2.832e-58 3.559e-57
1.995e+01 7.823e-16 4.990e-13 4.999e-70 3.288e-58 4.132e-57
2.239e+01 7.213e-16 5.792e-13 5.802e-70 3.816e-58 4.796e-57
2.512e+01 6.647e-16 6.720e-13 6.731e-70 4.428e-58 5.564e-57
2.818e+01 6.123e-16 7.793e-13 7.806e-70 5.135e-58 6.453e-57
3.162e+01 5.638e-16 9.033e-13 9.049e-70 5.953e-58 7.480e-57
3.548e+01 5.189e-16 1.047e-12 1.048e-69 6.897e-58 8.667e-57
3.981e+01 4.773e-16 1.212e-12 1.214e-69 7.987e-58 1.004e-56
4.467e+01 4.388e-16 1.403e-12 1.405e-69 9.243e-58 1.162e-56
5.012e+01 4.031e-16 1.622e-12 1.625e-69 1.069e-57 1.343e-56
5.623e+01 3.701e-16 1.875e-12 1.878e-69 1.236e-57 1.553e-56
6.310e+01 3.395e-16 2.166e-12 2.169e-69 1.427e-57 1.793e-56
7.079e+01 3.112e-16 2.499e-12 2.503e-69 1.647e-57 2.069e-56
7.943e+01 2.850e-16 2.881e-12 2.886e-69 1.898e-57 2.386e-56
8.913e+01 2.607e-16 3.318e-12 3.324e-69 2.187e-57 2.748e-56
1.000e+02 2.383e-16 3.818e-12 3.824e-69 2.516e-57 3.161e-56
1.122e+02 2.175e-16 4.387e-12 4.394e-69 2.891e-57 3.633e-56
1.259e+02 1.983e-16 5.034e-12 5.043e-69 3.317e-57 4.169e-56
1.413e+02 1.805e-16 5.769e-12 5.779e-69 3.802e-57 4.777e-56
1.585e+02 1.640e-16 6.601e-12 6.612e-69 4.350e-57 5.466e-56
1.778e+02 1.488e-16 7.539e-12 7.552e-69 4.968e-57 6.243e-56
1.995e+02 1.347e-16 8.595e-12 8.609e-69 5.664e-57 7.117e-56
2.239e+02 1.218e-16 9.777e-12 9.794e-69 6.443e-57 8.096e-56
2.512e+02 1.098e-16 1.110e-11 1.112e-68 7.312e-57 9.189e-56
2.818e+02 9.871e-17 1.256e-11 1.258e-68 8.278e-57 1.040e-55
3.162e+02 8.851e-17 1.418e-11 1.421e-68 9.345e-57 1.174e-55
3.548e+02 7.912e-17 1.596e-11 1.599e-68 1.052e-56 1.322e-55
3.981e+02 7.049e-17 1.790e-11 1.793e-68 1.179e-56 1.482e-55
4.467e+02 6.255e-17 2.000e-11 2.003e-68 1.318e-56 1.656e-55
5.012e+02 5.528e-17 2.225e-11 2.229e-68 1.466e-56 1.842e-55
5.623e+02 4.863e-17 2.464e-11 2.468e-68 1.623e-56 2.040e-55
6.310e+02 4.255e-17 2.714e-11 2.719e-68 1.789e-56 2.248e-55
7.079e+02 3.703e-17 2.973e-11 2.978e-68 1.959e-56 2.462e-55
7.943e+02 3.202e-17 3.237e-11 3.242e-68 2.133e-56 2.680e-55
8.913e+02 2.749e-17 3.499e-11 3.505e-68 2.306e-56 2.897e-55
1.000e+03 2.343e-17 3.753e-11 3.760e-68 2.473e-56 3.108e-55
1.122e+03 1.979e-17 3.992e-11 3.998e-68 2.630e-56 3.305e-55
1.259e+03 1.656e-17 4.205e-11 4.212e-68 2.771e-56 3.482e-55
1.413e+03 1.371e-17 4.383e-11 4.391e-68 2.888e-56 3.630e-55
1.585e+03 1.122e-17 4.516e-11 4.524e-68 2.976e-56 3.740e-55
1.778e+03 9.066e-18 4.593e-11 4.601e-68 3.027e-56 3.804e-55
1.995e+03 7.220e-18 4.605e-11 4.613e-68 3.035e-56 3.814e-55
2.239e+03 5.660e-18 4.545e-11 4.553e-68 2.995e-56 3.764e-55
2.512e+03 4.360e-18 4.408e-11 4.415e-68 2.904e-56 3.650e-55
2.818e+03 3.294e-18 4.192e-11 4.199e-68 2.763e-56 3.471e-55
3.162e+03 2.436e-18 3.903e-11 3.910e-68 2.572e-56 3.232e-55
3.548e+03 1.759e-18 3.549e-11 3.555e-68 2.338e-56 2.939e-55
3.981e+03 1.238e-18 3.143e-11 3.149e-68 2.071e-56 2.603e-55
4.467e+03 8.461e-19 2.705e-11 2.709e-68 1.782e-56 2.240e-55
5.012e+03 5.602e-19 2.255e-11 2.259e-68 1.486e-56 1.867e-55
5.623e+03 3.581e-19 1.814e-11 1.817e-68 1.196e-56 1.502e-55
6.310e+03 2.202e-19 1.404e-11 1.407e-68 9.254e-57 1.163e-55
7.079e+03 1.297e-19 1.041e-11 1.043e-68 6.861e-57 8.622e-56
7.943e+03 7.281e-20 7.361e-12 7.373e-69 4.850e-57 6.095e-56
8.913e+03 3.878e-20 4.936e-12 4.944e-69 3.252e-57 4.087e-56
1.000e+04 1.948e-20 3.121e-12 3.126e-69 2.057e-57 2.584e-56
1.122e+04 9.164e-21 1.848e-12 1.852e-69 1.218e-57 1.531e-56
1.259e+04 4.008e-21 1.018e-12 1.020e-69 6.707e-58 8.428e-57
1.413e+04 1.616e-21 5.165e-13 5.174e-70 3.404e-58 4.277e-57
1.585e+04 5.944e-22 2.392e-13 2.396e-70 1.576e-58 1.981e-57
1.778e+04 1.973e-22 9.997e-14 1.001e-70 6.588e-59 8.278e-58
1.995e+04 5.836e-23 3.723e-14 3.729e-71 2.453e-59 3.083e-58
2.239e+04 1.516e-23 1.217e-14 1.219e-71 8.022e-60 1.008e-58
2.512e+04 3.403e-24 3.440e-15 3.445e-72 2.267e-60 2.848e-59
2.818e+04 6.477e-25 8.243e-16 8.257e-73 5.431e-61 6.825e-60
3.162e+04 1.024e-25 1.641e-16 1.644e-73 1.081e-61 1.359e-60
3.548e+04 1.308e-26 2.637e-17 2.642e-74 1.738e-62 2.184e-61
3.981e+04 1.309e-27 3.324e-18 3.330e-75 2.190e-63 2.753e-62
4.467e+04 4.306e-29 1.376e-19 1.379e-76 9.070e-65 1.140e-63
5.012e+04 0.000e+00 0.000e+00 0.000e+00 0.000e+00 0.000e+00
5.623e+04 0.000e+00 0.000e+00 0.000e+00 0.000e+00 0.000e+00
6.310e+04 0.000e+00 0.000e+00 0.000e+00 0.000e+00 0.000e+00
7.079e+04 0.000e+00 0.000e+00 0.000e+00 0.000e+00 0.000e+00
7.943e+04 0.000e+00 0.000e+00 0.000e+00 0.000e+00 0.000e+00
8.913e+04 0.000e+00 0.000e+00 0.000e+00 0.000e+00 0.000e+00
1.000e+05 0.000e+00 0.000e+00 0.000e+00 0.000e+00 0.000e+00
1.122e+05 0.000e+00 0.000e+00 0.000e+00 0.000e+00 0.000e+00
1.259e+05 0.000e+00 0.000e+00 0.000e+00 0.000e+00 0.000e+00
1.413e+05 0.000e+00 0.000e+00 0.000e+00 0.000e+00 0.000e+00
1.585e+05 0.000e+00 0.000e+00 0.000e+00 0.000e+00 0.000e+00
1.778e+05 0.000e+00 0.000e+00 0.000e+00 0.000e+00 0.000e+00
1.995e+05 0.000e+00 0.000e+00 0.000e+00 0.000e+00 0.000e+00
2.239e+05 0.000e+00 0.000e+00 0.000e+00 0.000e+00 0.000e+00
2.512e+05 0.000e+00 0.000e+00 0.000e+00 0.000e+00 0.000e+00
2.818e+05 0.000e+00 0.000e+00 0.000e+00 0.000e+00 0.000e+00
3.162e+05 0.000e+00 0.000e+00 0.000e+00 0.000e+00 0.000e+00
3.548e+05 0.000e+00 0.000e+00 0.000e+00 0.000e+00 0.000e+00
3.981e+05 0.000e+00 0.000e+00 0.000e+00 0.000e+00 0.000e+00
4.467e+05 0.000e+00 0.000e+00 0.000e+00 0.000e+00 0.000e+00
5.012e+05 0.000e+00 0.000e+00 0.000e+00 0.000e+00 0.000e+00
5.623e+05 0.000e+00 0.000e+00 0.000e+00 0.000e+00 0.000e+00
6.310e+05 0.000e+00 0.000e+00 0.000e+00 0.000e+00 0.000e+00
7.079e+05 0.000e+00 0.000e+00 0.000e+00 0.000e+00 0.000e+00
7.943e+05 0.000e+00 0.000e+00 0.000e+00 0.000e+00 0.000e+00
8.913e+05 0.000e+00 0.000e+00 0.000e+00 0.000e+00 0.000e+00
1.000e+06 0.000e+00 0.000e+00 0.000e+00 0.000e+00 0.000e+00
1.122e+06 0.000e+00 0.000e+00 0.000e+00 0.000e+00 0.000e+00
1.259e+06 0.000e+00 0.000e+00 0.000e+00 0.000e+00 0.000e+00
1.413e+06 0.000e+00 0.000e+00 0.000e+00 0.000e+00 0.000e+00
1.585e+06 0.000e+00 0.000e+00 0.000e+00 0.000e+00 0.000e+00
1.778e+06 0.000e+00 0.000e+00 0.000e+00 0.000e+00 0.000e+00
1.995e+06 0.000e+00 0.000e+00 0.000e+00 0.000e+00 0.000e+00
2.239e+06 0.000e+00 0.000e+00 0.000e+00 0.000e+00 0.000e+00
2.512e+06 0.000e+00 0.000e+00 0.000e+00 0.000e+00 0.000e+00
2.818e+06 0.000e+00 0.000e+00 0.000e+00 0.000e+00 0.000e+00
3.162e+06 0.000e+00 0.000e+00 0.000e+00 0.000e+00 0.000e+00
3.548e+06 0.000e+00 0.000e+00 0.000e+00 0.000e+00 0.000e+00
3.981e+06 0.000e+00 0.000e+00 0.000e+00 0.000e+00 0.000e+00
4.467e+06 0.000e+00 0.000e+00 0.000e+00 0.000e+00 0.000e+00
5.012e+06 0.000e+00 0.000e+00 0.000e+00 0.000e+00 0.000e+00
5.623e+06 0.000e+00 0.000e+00 0.000e+00 0.000e+00 0.000e+00
6.310e+06 0.000e+00 0.000e+00 0.000e+00 0.000e+00 0.000e+00
7.079e+06 0.000e+00 0.000e+00 0.000e+00 0.000e+00 0.000e+00
7.943e+06 0.000e+00 0.000e+00 0.000e+00 0.000e+00 0.000e+00
8.913e+06 0.000e+00 0.000e+00 0.000e+00 0.000e+00 0.000e+00
1.000e+07 0.000e+00 0.000e+00 0.000e+00 0.000e+00 0.000e+00
1.122e+07 0.000e+00 0.000e+00 0.000e+00 0.000e+00 0.000e+00
1.259e+07 0.000e+00 0.000e+00 0.000e+00 0.000e+00 0.000e+00
1.413e+07 0.000e+00 0.000e+00 0.000e+00 0.000e+00 0.000e+00
1.585e+07 0.000e+00 0.000e+00 0.000e+00 0.000e+00 0.000e+00
1.778e+07 0.000e+00 0.000e+00 0.000e+00 0.000e+00 0.000e+00
1.995e+07 0.000e+00 0.000e+00 0.000e+00 0.000e+00 0.000e+00
2.239e+07 0.000e+00 0.000e+00 0.000e+00 0.000e+00 0.000e+00
2.512e+07 0.000e+00 0.000e+00 0.000e+00 0.000e+00 0.000e+00
2.818e+07 0.000e+00 0.000e+00 0.000e+00 0.000e+00 0.000e+00
3.162e+07 0.000e+00 0.000e+00 0.000e+00 0.000e+00 0.000e+00
3.548e+07 0.000e+00 0.000e+00 0.000e+00 0.000e+00 0.000e+00
3.981e+07 0.000e+00 0.000e+00 0.000e+00 0.000e+00 0.000e+00
4.467e+07 0.000e+00 0.000e+00 0.000e+00 0.000e+00 0.000e+00
5.012e+07 0.000e+00 0.000e+00 0.000e+00 0.000e+00 0.000e+00
5.623e+07 0.000e+00 0.000e+00 0.000e+00 0.000e+00 0.000e+00
6.310e+07 0.000e+00 0.000e+00 0.000e+00 0.000e+00 0.000e+00
7.079e+07 0.000e+00 0.000e+00 0.000e+00 0.000e+00 0.000e+00
7.943e+07 0.000e+00 0.000e+00 0.000e+00 0.000e+00 0.000e+00
8.913e+07 0.000e+00 0.000e+00 0.000e+00 0.000e+00 0.000e+00
1.000e+08 0.000e+00 0.000e+00 0.000e+00 0.000e+00 0.000e+00
