6.110e-07 3.215e+59 1.200e+47
6.856e-07 2.554e+59 1.200e+47
7.692e-07 2.028e+59 1.200e+47
8.631e-07 1.611e+59 1.200e+47
9.684e-07 1.280e+59 1.200e+47
1.087e-06 1.017e+59 1.200e+47
1.219e-06 8.075e+58 1.200e+47
1.368e-06 6.414e+58 1.200e+47
1.535e-06 5.095e+58 1.200e+47
1.722e-06 4.047e+58 1.200e+47
1.932e-06 3.215e+58 1.200e+47
2.168e-06 2.554e+58 1.200e+47
2.432e-06 2.028e+58 1.200e+47
2.729e-06 1.611e+58 1.200e+47
3.062e-06 1.280e+58 1.200e+47
3.436e-06 1.017e+58 1.200e+47
3.855e-06 8.075e+57 1.200e+47
4.326e-06 6.414e+57 1.200e+47
4.853e-06 5.095e+57 1.200e+47
5.446e-06 4.047e+57 1.200e+47
6.110e-06 3.215e+57 1.200e+47
6.856e-06 2.554e+57 1.200e+47
7.692e-06 2.028e+57 1.200e+47
8.631e-06 1.611e+57 1.200e+47
9.684e-06 1.280e+57 1.200e+47
1.087e-05 1.017e+57 1.200e+47
1.219e-05 8.075e+56 1.200e+47
1.368e-05 6.414e+56 1.200e+47
1.535e-05 5.095e+56 1.200e+47
1.722e-05 4.047e+56 1.200e+47
1.932e-05 3.215e+56 1.200e+47
2.168e-05 2.554e+56 1.200e+47
2.432e-05 2.028e+56 1.200e+47
2.729e-05 1.611e+56 1.200e+47
3.062e-05 1.280e+56 1.200e+47
3.436e-05 1.017e+56 1.200e+47
3.855e-05 8.075e+55 1.200e+47
4.326e-05 6.414e+55 1.200e+47
4.853e-05 5.095e+55 1.200e+47
5.446e-05 4.047e+55 1.200e+47
6.110e-05 3.215e+55 1.200e+47
6.856e-05 2.554e+55 1.200e+47
7.692e-05 2.028e+55 1.200e+47
8.631e-05 1.611e+55 1.200e+47
9.684e-05 1.280e+55 1.200e+47
1.087e-04 1.017e+55 1.200e+47
1.219e-04 8.075e+54 1.200e+47
1.368e-04 6.414e+54 1.200e+47
1.535e-04 5.095e+54 1.200e+47
1.722e-04 4.047e+54 1.200e+47
1.932e-04 3.215e+54 1.200e+47
2.168e-04 2.553e+54 1.200e+47
2.432e-04 2.028e+54 1.200e+47
2.729e-04 1.611e+54 1.200e+47
3.062e-04 1.280e+54 1.200e+47
3.436e-04 1.017e+54 1.200e+47
3.855e-04 8.075e+53 1.200e+47
4.326e-04 6.414e+53 1.200e+47
4.853e-04 5.095e+53 1.200e+47
5.446e-04 4.047e+53 1.200e+47
6.110e-04 3.214e+53 1.200e+47
6.856e-04 2.553e+53 1.200e+47
7.692e-04 2.028e+53 1.200e+47
8.631e-04 1.611e+53 1.200e+47
9.684e-04 1.280e+53 1.200e+47
1.087e-03 1.016e+53 1.200e+47
1.219e-03 8.074e+52 1.200e+47
1.368e-03 6.413e+52 1.200e+47
1.535e-03 5.094e+52 1.200e+47
1.722e-03 4.046e+52 1.200e+47
1.932e-03 3.214e+52 1.200e+47
2.168e-03 2.553e+52 1.200e+47
2.432e-03 2.028e+52 1.200e+47
2.729e-03 1.611e+52 1.200e+47
3.062e-03 1.279e+52 1.200e+47
3.436e-03 1.016e+52 1.200e+47
3.855e-03 8.072e+51 1.200e+47
4.326e-03 6.411e+51 1.200e+47
4.853e-03 5.092e+51 1.200e+47
5.446e-03 4.045e+51 1.199e+47
6.110e-03 3.213e+51 1.199e+47
6.856e-03 2.552e+51 1.199e+47
7.692e-03 2.027e+51 1.199e+47
8.631e-03 1.610e+51 1.199e+47
9.684e-03 1.279e+51 1.199e+47
1.087e-02 1.015e+51 1.199e+47
1.219e-02 8.065e+50 1.199e+47
1.368e-02 6.405e+50 1.198e+47
1.535e-02 5.087e+50 1.198e+47
1.722e-02 4.040e+50 1.198e+47
1.932e-02 3.208e+50 1.198e+47
2.168e-02 2.548e+50 1.198e+47
2.432e-02 2.023e+50 1.197e+47
2.729e-02 1.607e+50 1.197e+47
3.062e-02 1.276e+50 1.196e+47
3.436e-02 1.013e+50 1.196e+47
3.855e-02 8.044e+49 1.195e+47
4.326e-02 6.386e+49 1.195e+47
4.853e-02 5.070e+49 1.194e+47
5.446e-02 4.025e+49 1.194e+47
6.110e-02 3.195e+49 1.193e+47
6.856e-02 2.536e+49 1.192e+47
7.692e-02 2.013e+49 1.191e+47
8.631e-02 1.597e+49 1.190e+47
9.684e-02 1.267e+49 1.189e+47
1.087e-01 1.006e+49 1.187e+47
1.219e-01 7.977e+48 1.186e+47
1.368e-01 6.325e+48 1.184e+47
1.535e-01 5.016e+48 1.181e+47
1.722e-01 3.977e+48 1.179e+47
1.932e-01 3.152e+48 1.177e+47
2.168e-01 2.498e+48 1.174e+47
2.432e-01 1.979e+48 1.171e+47
2.729e-01 1.567e+48 1.167e+47
3.062e-01 1.241e+48 1.163e+47
3.436e-01 9.816e+47 1.159e+47
3.855e-01 7.764e+47 1.154e+47
4.326e-01 6.137e+47 1.148e+47
4.853e-01 4.848e+47 1.142e+47
5.446e-01 3.827e+47 1.135e+47
6.110e-01 3.019e+47 1.127e+47
6.856e-01 2.379e+47 1.118e+47
7.692e-01 1.873e+47 1.108e+47
8.631e-01 1.472e+47 1.097e+47
9.684e-01 1.156e+47 1.084e+47
1.087e+00 9.065e+46 1.070e+47
1.219e+00 7.095e+46 1.054e+47
1.368e+00 5.541e+46 1.037e+47
1.535e+00 4.318e+46 1.017e+47
1.722e+00 3.355e+46 9.949e+46
1.932e+00 2.599e+46 9.703e+46
2.168e+00 2.006e+46 9.427e+46
2.432e+00 1.541e+46 9.118e+46
2.729e+00 1.178e+46 8.775e+46
3.062e+00 8.949e+45 8.392e+46
3.436e+00 6.747e+45 7.966e+46
3.855e+00 5.041e+45 7.493e+46
4.326e+00 3.725e+45 6.969e+46
4.853e+00 2.714e+45 6.393e+46
5.446e+00 1.943e+45 5.763e+46
6.110e+00 1.361e+45 5.082e+46
6.856e+00 9.273e+44 4.358e+46
7.692e+00 6.103e+44 3.611e+46
8.631e+00 3.864e+44 2.878e+46
9.684e+00 2.358e+44 2.211e+46
1.087e+01 1.406e+44 1.660e+46
1.219e+01 8.598e+43 1.278e+46
1.368e+01 4.956e+43 9.274e+45
1.535e+01 2.800e+43 6.595e+45
1.722e+01 1.546e+43 4.586e+45
1.932e+01 8.332e+42 3.110e+45
2.168e+01 4.366e+42 2.052e+45
2.432e+01 2.219e+42 1.313e+45
2.729e+01 1.090e+42 8.117e+44
3.062e+01 5.152e+41 4.831e+44
3.436e+01 2.335e+41 2.756e+44
3.855e+01 1.009e+41 1.500e+44
4.326e+01 4.139e+40 7.744e+43
4.853e+01 1.600e+40 3.770e+43
5.446e+01 5.795e+39 1.719e+43
6.110e+01 1.950e+39 7.280e+42
6.856e+01 6.045e+38 2.841e+42
7.692e+01 1.710e+38 1.011e+42
8.631e+01 4.363e+37 3.250e+41
9.684e+01 9.925e+36 9.307e+40
1.087e+02 1.985e+36 2.344e+40
1.219e+02 3.438e+35 5.109e+39
1.368e+02 5.065e+34 9.476e+38
1.535e+02 6.226e+33 1.467e+38
1.722e+02 6.249e+32 1.853e+37
1.932e+02 4.995e+31 1.865e+36
2.168e+02 3.094e+30 1.454e+35
2.432e+02 1.440e+29 8.520e+33
2.729e+02 4.862e+27 3.622e+32
3.062e+02 1.146e+26 1.074e+31
3.436e+02 1.803e+24 2.128e+29
3.855e+02 1.804e+22 2.681e+27
4.326e+02 1.085e+20 2.030e+25
4.853e+02 2.777e+17 6.541e+22
