9.384e-04 0.000e+00 0.000e+00
1.053e-03 0.000e+00 0.000e+00
1.181e-03 0.000e+00 0.000e+00
1.325e-03 0.000e+00 0.000e+00
1.487e-03 0.000e+00 0.000e+00
1.669e-03 0.000e+00 0.000e+00
1.872e-03 0.000e+00 0.000e+00
2.101e-03 0.000e+00 0.000e+00
2.357e-03 0.000e+00 0.000e+00
2.645e-03 0.000e+00 0.000e+00
2.967e-03 0.000e+00 0.000e+00
3.329e-03 0.000e+00 0.000e+00
3.736e-03 0.000e+00 0.000e+00
4.192e-03 0.000e+00 0.000e+00
4.703e-03 0.000e+00 0.000e+00
5.277e-03 0.000e+00 0.000e+00
5.921e-03 0.000e+00 0.000e+00
6.643e-03 0.000e+00 0.000e+00
7.454e-03 0.000e+00 0.000e+00
8.363e-03 0.000e+00 0.000e+00
9.384e-03 0.000e+00 0.000e+00
1.053e-02 0.000e+00 0.000e+00
1.181e-02 0.000e+00 0.000e+00
1.325e-02 0.000e+00 0.000e+00
1.487e-02 0.000e+00 0.000e+00
1.669e-02 0.000e+00 0.000e+00
1.872e-02 0.000e+00 0.000e+00
2.101e-02 0.000e+00 0.000e+00
2.357e-02 0.000e+00 0.000e+00
2.645e-02 0.000e+00 0.000e+00
2.967e-02 0.000e+00 0.000e+00
3.329e-02 0.000e+00 0.000e+00
3.736e-02 0.000e+00 0.000e+00
4.192e-02 0.000e+00 0.000e+00
4.703e-02 0.000e+00 0.000e+00
5.277e-02 0.000e+00 0.000e+00
5.921e-02 0.000e+00 0.000e+00
6.643e-02 0.000e+00 0.000e+00
7.454e-02 0.000e+00 0.000e+00
8.363e-02 0.000e+00 0.000e+00
9.384e-02 0.000e+00 0.000e+00
1.053e-01 0.000e+00 0.000e+00
1.181e-01 0.000e+00 0.000e+00
1.325e-01 0.000e+00 0.000e+00
1.487e-01 0.000e+00 0.000e+00
1.669e-01 0.000e+00 0.000e+00
1.872e-01 0.000e+00 0.000e+00
2.101e-01 0.000e+00 0.000e+00
2.357e-01 0.000e+00 0.000e+00
2.645e-01 0.000e+00 0.000e+00
2.967e-01 0.000e+00 0.000e+00
3.329e-01 0.000e+00 0.000e+00
3.736e-01 0.000e+00 0.000e+00
4.192e-01 0.000e+00 0.000e+00
4.703e-01 0.000e+00 0.000e+00
5.277e-01 0.000e+00 0.000e+00
5.921e-01 0.000e+00 0.000e+00
6.643e-01 0.000e+00 0.000e+00
7.454e-01 0.000e+00 0.000e+00
8.363e-01 0.000e+00 0.000e+00
9.384e-01 0.000e+00 0.000e+00
1.053e+00 0.000e+00 0.000e+00
1.181e+00 0.000e+00 0.000e+00
1.325e+00 0.000e+00 0.000e+00
1.487e+00 0.000e+00 0.000e+00
1.669e+00 0.000e+00 0.000e+00
1.872e+00 0.000e+00 0.000e+00
2.101e+00 0.000e+00 0.000e+00
2.357e+00 0.000e+00 0.000e+00
2.645e+00 0.000e+00 0.000e+00
2.967e+00 0.000e+00 0.000e+00
3.329e+00 0.000e+00 0.000e+00
3.736e+00 0.000e+00 0.000e+00
4.192e+00 0.000e+00 0.000e+00
4.703e+00 0.000e+00 0.000e+00
5.277e+00 0.000e+00 0.000e+00
5.921e+00 0.000e+00 0.000e+00
6.643e+00 0.000e+00 0.000e+00
7.454e+00 0.000e+00 0.000e+00
8.363e+00 0.000e+00 0.000e+00
9.384e+00 0.000e+00 0.000e+00
1.053e+01 0.000e+00 0.000e+00
1.181e+01 0.000e+00 0.000e+00
1.325e+01 0.000e+00 0.000e+00
1.487e+01 0.000e+00 0.000e+00
1.669e+01 0.000e+00 0.000e+00
1.872e+01 0.000e+00 0.000e+00
2.101e+01 0.000e+00 0.000e+00
2.357e+01 0.000e+00 0.000e+00
2.645e+01 0.000e+00 0.000e+00
2.967e+01 0.000e+00 0.000e+00
3.329e+01 0.000e+00 0.000e+00
3.736e+01 0.000e+00 0.000e+00
4.192e+01 0.000e+00 0.000e+00
4.703e+01 0.000e+00 0.000e+00
5.277e+01 0.000e+00 0.000e+00
5.921e+01 0.000e+00 0.000e+00
6.643e+01 0.000e+00 0.000e+00
7.454e+01 0.000e+00 0.000e+00
8.363e+01 0.000e+00 0.000e+00
9.384e+01 0.000e+00 0.000e+00
1.053e+02 0.000e+00 0.000e+00
1.181e+02 0.000e+00 0.000e+00
1.325e+02 0.000e+00 0.000e+00
1.487e+02 0.000e+00 0.000e+00
1.669e+02 0.000e+00 0.000e+00
1.872e+02 0.000e+00 0.000e+00
2.101e+02 0.000e+00 0.000e+00
2.357e+02 0.000e+00 0.000e+00
2.645e+02 0.000e+00 0.000e+00
2.967e+02 0.000e+00 0.000e+00
3.329e+02 0.000e+00 0.000e+00
3.736e+02 0.000e+00 0.000e+00
4.192e+02 0.000e+00 0.000e+00
4.703e+02 0.000e+00 0.000e+00
5.277e+02 0.000e+00 0.000e+00
5.921e+02 0.000e+00 0.000e+00
6.643e+02 0.000e+00 0.000e+00
7.454e+02 0.000e+00 0.000e+00
8.363e+02 0.000e+00 0.000e+00
9.384e+02 0.000e+00 0.000e+00
