1.000e-20 0.000e+00 0.000e+00 0.000e+00 0.000e+00 0.000e+00
1.122e-20 0.000e+00 0.000e+00 0.000e+00 0.000e+00 0.000e+00
1.259e-20 0.000e+00 0.000e+00 0.000e+00 0.000e+00 0.000e+00
1.413e-20 0.000e+00 0.000e+00 0.000e+00 0.000e+00 0.000e+00
1.585e-20 0.000e+00 0.000e+00 0.000e+00 0.000e+00 0.000e+00
1.778e-20 0.000e+00 0.000e+00 0.000e+00 0.000e+00 0.000e+00
1.995e-20 0.000e+00 0.000e+00 0.000e+00 0.000e+00 0.000e+00
2.239e-20 0.000e+00 0.000e+00 0.000e+00 0.000e+00 0.000e+00
2.512e-20 0.000e+00 0.000e+00 0.000e+00 0.000e+00 0.000e+00
2.818e-20 0.000e+00 0.000e+00 0.000e+00 0.000e+00 0.000e+00
3.162e-20 0.000e+00 0.000e+00 0.000e+00 0.000e+00 0.000e+00
3.548e-20 0.000e+00 0.000e+00 0.000e+00 0.000e+00 0.000e+00
3.981e-20 0.000e+00 0.000e+00 0.000e+00 0.000e+00 0.000e+00
4.467e-20 0.000e+00 0.000e+00 0.000e+00 0.000e+00 0.000e+00
5.012e-20 0.000e+00 0.000e+00 0.000e+00 0.000e+00 0.000e+00
5.623e-20 0.000e+00 0.000e+00 0.000e+00 0.000e+00 0.000e+00
6.310e-20 0.000e+00 0.000e+00 0.000e+00 0.000e+00 0.000e+00
7.079e-20 0.000e+00 0.000e+00 0.000e+00 0.000e+00 0.000e+00
7.943e-20 0.000e+00 0.000e+00 0.000e+00 0.000e+00 0.000e+00
8.913e-20 0.000e+00 0.000e+00 0.000e+00 0.000e+00 0.000e+00
1.000e-19 0.000e+00 0.000e+00 0.000e+00 0.000e+00 0.000e+00
1.122e-19 0.000e+00 0.000e+00 0.000e+00 0.000e+00 0.000e+00
1.259e-19 0.000e+00 0.000e+00 0.000e+00 0.000e+00 0.000e+00
1.413e-19 0.000e+00 0.000e+00 0.000e+00 0.000e+00 0.000e+00
1.585e-19 0.000e+00 0.000e+00 0.000e+00 0.000e+00 0.000e+00
1.778e-19 0.000e+00 0.000e+00 0.000e+00 0.000e+00 0.000e+00
1.995e-19 0.000e+00 0.000e+00 0.000e+00 0.000e+00 0.000e+00
2.239e-19 0.000e+00 0.000e+00 0.000e+00 0.000e+00 0.000e+00
2.512e-19 0.000e+00 0.000e+00 0.000e+00 0.000e+00 0.000e+00
2.818e-19 0.000e+00 0.000e+00 0.000e+00 0.000e+00 0.000e+00
3.162e-19 0.000e+00 0.000e+00 0.000e+00 0.000e+00 0.000e+00
3.548e-19 0.000e+00 0.000e+00 0.000e+00 0.000e+00 0.000e+00
3.981e-19 0.000e+00 0.000e+00 0.000e+00 0.000e+00 0.000e+00
4.467e-19 0.000e+00 0.000e+00 0.000e+00 0.000e+00 0.000e+00
5.012e-19 0.000e+00 0.000e+00 0.000e+00 0.000e+00 0.000e+00
5.623e-19 0.000e+00 0.000e+00 0.000e+00 0.000e+00 0.000e+00
6.310e-19 0.000e+00 0.000e+00 0.000e+00 0.000e+00 0.000e+00
7.079e-19 0.000e+00 0.000e+00 0.000e+00 0.000e+00 0.000e+00
7.943e-19 0.000e+00 0.000e+00 0.000e+00 0.000e+00 0.000e+00
8.913e-19 0.000e+00 0.000e+00 0.000e+00 0.000e+00 0.000e+00
1.000e-18 0.000e+00 0.000e+00 0.000e+00 0.000e+00 0.000e+00
1.122e-18 0.000e+00 0.000e+00 0.000e+00 0.000e+00 0.000e+00
1.259e-18 0.000e+00 0.000e+00 0.000e+00 0.000e+00 0.000e+00
1.413e-18 0.000e+00 0.000e+00 0.000e+00 0.000e+00 0.000e+00
1.585e-18 0.000e+00 0.000e+00 0.000e+00 0.000e+00 0.000e+00
1.778e-18 0.000e+00 0.000e+00 0.000e+00 0.000e+00 0.000e+00
1.995e-18 0.000e+00 0.000e+00 0.000e+00 0.000e+00 0.000e+00
2.239e-18 0.000e+00 0.000e+00 0.000e+00 0.000e+00 0.000e+00
2.512e-18 0.000e+00 0.000e+00 0.000e+00 0.000e+00 0.000e+00
2.818e-18 0.000e+00 0.000e+00 0.000e+00 0.000e+00 0.000e+00
3.162e-18 0.000e+00 0.000e+00 0.000e+00 0.000e+00 0.000e+00
3.548e-18 0.000e+00 0.000e+00 0.000e+00 0.000e+00 0.000e+00
3.981e-18 0.000e+00 0.000e+00 0.000e+00 0.000e+00 0.000e+00
4.467e-18 0.000e+00 0.000e+00 0.000e+00 0.000e+00 0.000e+00
5.012e-18 0.000e+00 0.000e+00 0.000e+00 0.000e+00 0.000e+00
5.623e-18 0.000e+00 0.000e+00 0.000e+00 0.000e+00 0.000e+00
6.310e-18 0.000e+00 0.000e+00 0.000e+00 0.000e+00 0.000e+00
7.079e-18 0.000e+00 0.000e+00 0.000e+00 0.000e+00 0.000e+00
7.943e-18 0.000e+00 0.000e+00 0.000e+00 0.000e+00 0.000e+00
8.913e-18 0.000e+00 0.000e+00 0.000e+00 0.000e+00 0.000e+00
1.000e-17 0.000e+00 0.000e+00 0.000e+00 0.000e+00 0.000e+00
1.122e-17 0.000e+00 0.000e+00 0.000e+00 0.000e+00 0.000e+00
1.259e-17 0.000e+00 0.000e+00 0.000e+00 0.000e+00 0.000e+00
1.413e-17 0.000e+00 0.000e+00 0.000e+00 0.000e+00 0.000e+00
1.585e-17 0.000e+00 0.000e+00 0.000e+00 0.000e+00 0.000e+00
1.778e-17 0.000e+00 0.000e+00 0.000e+00 0.000e+00 0.000e+00
1.995e-17 0.000e+00 0.000e+00 0.000e+00 0.000e+00 0.000e+00
2.239e-17 0.000e+00 0.000e+00 0.000e+00 0.000e+00 0.000e+00
2.512e-17 0.000e+00 0.000e+00 0.000e+00 0.000e+00 0.000e+00
2.818e-17 0.000e+00 0.000e+00 0.000e+00 0.000e+00 0.000e+00
3.162e-17 0.000e+00 0.000e+00 0.000e+00 0.000e+00 0.000e+00
3.548e-17 0.000e+00 0.000e+00 0.000e+00 0.000e+00 0.000e+00
3.981e-17 0.000e+00 0.000e+00 0.000e+00 0.000e+00 0.000e+00
4.467e-17 0.000e+00 0.000e+00 0.000e+00 0.000e+00 0.000e+00
5.012e-17 0.000e+00 0.000e+00 0.000e+00 0.000e+00 0.000e+00
5.623e-17 0.000e+00 0.000e+00 0.000e+00 0.000e+00 0.000e+00
6.310e-17 0.000e+00 0.000e+00 0.000e+00 0.000e+00 0.000e+00
7.079e-17 0.000e+00 0.000e+00 0.000e+00 0.000e+00 0.000e+00
7.943e-17 0.000e+00 0.000e+00 0.000e+00 0.000e+00 0.000e+00
8.913e-17 0.000e+00 0.000e+00 0.000e+00 0.000e+00 0.000e+00
1.000e-16 0.000e+00 0.000e+00 0.000e+00 0.000e+00 0.000e+00
1.122e-16 0.000e+00 0.000e+00 0.000e+00 0.000e+00 0.000e+00
1.259e-16 0.000e+00 0.000e+00 0.000e+00 0.000e+00 0.000e+00
1.413e-16 0.000e+00 0.000e+00 0.000e+00 0.000e+00 0.000e+00
1.585e-16 0.000e+00 0.000e+00 0.000e+00 0.000e+00 0.000e+00
1.778e-16 0.000e+00 0.000e+00 0.000e+00 0.000e+00 0.000e+00
1.995e-16 0.000e+00 0.000e+00 0.000e+00 0.000e+00 0.000e+00
2.239e-16 0.000e+00 0.000e+00 0.000e+00 0.000e+00 0.000e+00
2.512e-16 0.000e+00 0.000e+00 0.000e+00 0.000e+00 0.000e+00
2.818e-16 0.000e+00 0.000e+00 0.000e+00 0.000e+00 0.000e+00
3.162e-16 0.000e+00 0.000e+00 0.000e+00 0.000e+00 0.000e+00
3.548e-16 0.000e+00 0.000e+00 0.000e+00 0.000e+00 0.000e+00
3.981e-16 0.000e+00 0.000e+00 0.000e+00 0.000e+00 0.000e+00
4.467e-16 0.000e+00 0.000e+00 0.000e+00 0.000e+00 0.000e+00
5.012e-16 0.000e+00 0.000e+00 0.000e+00 0.000e+00 0.000e+00
5.623e-16 0.000e+00 0.000e+00 0.000e+00 0.000e+00 0.000e+00
6.310e-16 0.000e+00 0.000e+00 0.000e+00 0.000e+00 0.000e+00
7.079e-16 0.000e+00 0.000e+00 0.000e+00 0.000e+00 0.000e+00
7.943e-16 0.000e+00 0.000e+00 0.000e+00 0.000e+00 0.000e+00
8.913e-16 0.000e+00 0.000e+00 0.000e+00 0.000e+00 0.000e+00
1.000e-15 0.000e+00 0.000e+00 0.000e+00 0.000e+00 0.000e+00
1.122e-15 1.309e+46 2.640e+16 2.645e-41 5.370e-30 6.748e-29
1.259e-15 1.167e+46 2.962e+16 2.967e-41 6.025e-30 7.571e-29
1.413e-15 1.040e+46 3.324e+16 3.330e-41 6.760e-30 8.495e-29
1.585e-15 9.267e+45 3.730e+16 3.736e-41 7.585e-30 9.532e-29
1.778e-15 8.259e+45 4.185e+16 4.192e-41 8.511e-30 1.069e-28
1.995e-15 7.361e+45 4.695e+16 4.703e-41 9.549e-30 1.200e-28
2.239e-15 6.561e+45 5.268e+16 5.277e-41 1.071e-29 1.346e-28
2.512e-15 5.847e+45 5.911e+16 5.921e-41 1.202e-29 1.511e-28
2.818e-15 5.211e+45 6.632e+16 6.643e-41 1.349e-29 1.695e-28
3.162e-15 4.645e+45 7.441e+16 7.454e-41 1.513e-29 1.902e-28
3.548e-15 4.139e+45 8.349e+16 8.364e-41 1.698e-29 2.134e-28
3.981e-15 3.689e+45 9.368e+16 9.384e-41 1.905e-29 2.394e-28
4.467e-15 3.288e+45 1.051e+17 1.053e-40 2.138e-29 2.686e-28
5.012e-15 2.931e+45 1.179e+17 1.181e-40 2.399e-29 3.014e-28
5.623e-15 2.612e+45 1.323e+17 1.326e-40 2.691e-29 3.382e-28
6.310e-15 2.328e+45 1.485e+17 1.487e-40 3.020e-29 3.795e-28
7.079e-15 2.075e+45 1.666e+17 1.669e-40 3.388e-29 4.258e-28
7.943e-15 1.849e+45 1.869e+17 1.872e-40 3.802e-29 4.777e-28
8.913e-15 1.648e+45 2.097e+17 2.101e-40 4.265e-29 5.360e-28
1.000e-14 1.469e+45 2.353e+17 2.357e-40 4.786e-29 6.014e-28
1.122e-14 1.309e+45 2.640e+17 2.645e-40 5.370e-29 6.748e-28
1.259e-14 1.167e+45 2.962e+17 2.967e-40 6.025e-29 7.571e-28
1.413e-14 1.040e+45 3.324e+17 3.330e-40 6.760e-29 8.495e-28
1.585e-14 9.267e+44 3.730e+17 3.736e-40 7.585e-29 9.532e-28
1.778e-14 8.259e+44 4.185e+17 4.192e-40 8.511e-29 1.069e-27
1.995e-14 7.361e+44 4.695e+17 4.703e-40 9.549e-29 1.200e-27
2.239e-14 6.561e+44 5.268e+17 5.277e-40 1.071e-28 1.346e-27
2.512e-14 5.847e+44 5.911e+17 5.921e-40 1.202e-28 1.511e-27
2.818e-14 5.211e+44 6.632e+17 6.643e-40 1.349e-28 1.695e-27
3.162e-14 4.645e+44 7.441e+17 7.454e-40 1.513e-28 1.902e-27
3.548e-14 4.139e+44 8.349e+17 8.364e-40 1.698e-28 2.134e-27
3.981e-14 3.689e+44 9.368e+17 9.384e-40 1.905e-28 2.394e-27
4.467e-14 3.288e+44 1.051e+18 1.053e-39 2.138e-28 2.686e-27
5.012e-14 2.931e+44 1.179e+18 1.181e-39 2.399e-28 3.014e-27
5.623e-14 2.612e+44 1.323e+18 1.326e-39 2.691e-28 3.382e-27
6.310e-14 2.328e+44 1.485e+18 1.487e-39 3.020e-28 3.795e-27
7.079e-14 2.075e+44 1.666e+18 1.669e-39 3.388e-28 4.258e-27
7.943e-14 1.849e+44 1.869e+18 1.872e-39 3.802e-28 4.777e-27
8.913e-14 1.648e+44 2.097e+18 2.101e-39 4.265e-28 5.360e-27
1.000e-13 1.469e+44 2.353e+18 2.357e-39 4.786e-28 6.014e-27
1.122e-13 1.309e+44 2.640e+18 2.645e-39 5.370e-28 6.748e-27
1.259e-13 1.167e+44 2.962e+18 2.967e-39 6.025e-28 7.571e-27
1.413e-13 1.040e+44 3.324e+18 3.330e-39 6.760e-28 8.495e-27
1.585e-13 9.267e+43 3.730e+18 3.736e-39 7.585e-28 9.532e-27
1.778e-13 8.259e+43 4.185e+18 4.192e-39 8.511e-28 1.069e-26
1.995e-13 7.361e+43 4.695e+18 4.703e-39 9.549e-28 1.200e-26
2.239e-13 6.561e+43 5.268e+18 5.277e-39 1.071e-27 1.346e-26
2.512e-13 5.847e+43 5.911e+18 5.921e-39 1.202e-27 1.511e-26
2.818e-13 5.211e+43 6.632e+18 6.643e-39 1.349e-27 1.695e-26
3.162e-13 4.645e+43 7.441e+18 7.454e-39 1.513e-27 1.902e-26
3.548e-13 4.139e+43 8.349e+18 8.364e-39 1.698e-27 2.134e-26
3.981e-13 3.689e+43 9.368e+18 9.384e-39 1.905e-27 2.394e-26
4.467e-13 3.288e+43 1.051e+19 1.053e-38 2.138e-27 2.686e-26
5.012e-13 2.931e+43 1.179e+19 1.181e-38 2.399e-27 3.014e-26
5.623e-13 2.612e+43 1.323e+19 1.326e-38 2.691e-27 3.382e-26
6.310e-13 2.328e+43 1.485e+19 1.487e-38 3.020e-27 3.795e-26
7.079e-13 2.075e+43 1.666e+19 1.669e-38 3.388e-27 4.258e-26
7.943e-13 1.849e+43 1.869e+19 1.872e-38 3.802e-27 4.777e-26
8.913e-13 1.648e+43 2.097e+19 2.101e-38 4.265e-27 5.360e-26
1.000e-12 1.469e+43 2.353e+19 2.357e-38 4.786e-27 6.014e-26
1.122e-12 1.309e+43 2.640e+19 2.645e-38 5.370e-27 6.748e-26
1.259e-12 1.167e+43 2.962e+19 2.967e-38 6.025e-27 7.571e-26
1.413e-12 1.040e+43 3.324e+19 3.330e-38 6.760e-27 8.495e-26
1.585e-12 9.267e+42 3.730e+19 3.736e-38 7.585e-27 9.532e-26
1.778e-12 8.259e+42 4.185e+19 4.192e-38 8.511e-27 1.069e-25
1.995e-12 7.361e+42 4.695e+19 4.703e-38 9.549e-27 1.200e-25
2.239e-12 6.561e+42 5.268e+19 5.277e-38 1.071e-26 1.346e-25
2.512e-12 5.847e+42 5.911e+19 5.921e-38 1.202e-26 1.511e-25
2.818e-12 5.211e+42 6.632e+19 6.643e-38 1.349e-26 1.695e-25
3.162e-12 4.645e+42 7.441e+19 7.454e-38 1.513e-26 1.902e-25
3.548e-12 4.139e+42 8.349e+19 8.364e-38 1.698e-26 2.134e-25
3.981e-12 3.689e+42 9.368e+19 9.384e-38 1.905e-26 2.394e-25
4.467e-12 3.288e+42 1.051e+20 1.053e-37 2.138e-26 2.686e-25
5.012e-12 2.931e+42 1.179e+20 1.181e-37 2.399e-26 3.014e-25
5.623e-12 2.612e+42 1.323e+20 1.326e-37 2.691e-26 3.382e-25
6.310e-12 2.328e+42 1.485e+20 1.487e-37 3.020e-26 3.795e-25
7.079e-12 2.075e+42 1.666e+20 1.669e-37 3.388e-26 4.258e-25
7.943e-12 1.849e+42 1.869e+20 1.872e-37 3.802e-26 4.777e-25
8.913e-12 1.648e+42 2.097e+20 2.101e-37 4.265e-26 5.360e-25
1.000e-11 1.469e+42 2.353e+20 2.357e-37 4.786e-26 6.014e-25
1.122e-11 1.309e+42 2.640e+20 2.645e-37 5.370e-26 6.748e-25
1.259e-11 1.167e+42 2.962e+20 2.967e-37 6.025e-26 7.571e-25
1.413e-11 1.040e+42 3.324e+20 3.330e-37 6.760e-26 8.495e-25
1.585e-11 9.267e+41 3.730e+20 3.736e-37 7.585e-26 9.532e-25
1.778e-11 8.259e+41 4.185e+20 4.192e-37 8.511e-26 1.069e-24
1.995e-11 7.361e+41 4.695e+20 4.703e-37 9.549e-26 1.200e-24
2.239e-11 6.561e+41 5.268e+20 5.277e-37 1.071e-25 1.346e-24
2.512e-11 5.847e+41 5.911e+20 5.921e-37 1.202e-25 1.511e-24
2.818e-11 5.211e+41 6.632e+20 6.643e-37 1.349e-25 1.695e-24
3.162e-11 4.645e+41 7.441e+20 7.454e-37 1.513e-25 1.902e-24
3.548e-11 4.139e+41 8.349e+20 8.364e-37 1.698e-25 2.134e-24
3.981e-11 3.689e+41 9.368e+20 9.384e-37 1.905e-25 2.394e-24
4.467e-11 3.288e+41 1.051e+21 1.053e-36 2.138e-25 2.686e-24
5.012e-11 2.931e+41 1.179e+21 1.181e-36 2.399e-25 3.014e-24
5.623e-11 2.612e+41 1.323e+21 1.326e-36 2.691e-25 3.382e-24
6.310e-11 2.328e+41 1.485e+21 1.487e-36 3.020e-25 3.795e-24
7.079e-11 2.075e+41 1.666e+21 1.669e-36 3.388e-25 4.258e-24
7.943e-11 1.849e+41 1.869e+21 1.872e-36 3.802e-25 4.777e-24
8.913e-11 1.648e+41 2.097e+21 2.101e-36 4.265e-25 5.360e-24
1.000e-10 1.469e+41 2.353e+21 2.357e-36 4.786e-25 6.014e-24
1.122e-10 1.309e+41 2.640e+21 2.645e-36 5.370e-25 6.748e-24
1.259e-10 1.167e+41 2.962e+21 2.967e-36 6.025e-25 7.571e-24
1.413e-10 1.040e+41 3.324e+21 3.330e-36 6.760e-25 8.495e-24
1.585e-10 9.267e+40 3.730e+21 3.736e-36 7.585e-25 9.532e-24
1.778e-10 8.259e+40 4.185e+21 4.192e-36 8.511e-25 1.069e-23
1.995e-10 7.361e+40 4.695e+21 4.703e-36 9.549e-25 1.200e-23
2.239e-10 6.561e+40 5.268e+21 5.277e-36 1.071e-24 1.346e-23
2.512e-10 5.847e+40 5.911e+21 5.921e-36 1.202e-24 1.511e-23
2.818e-10 5.211e+40 6.632e+21 6.643e-36 1.349e-24 1.695e-23
3.162e-10 4.645e+40 7.441e+21 7.454e-36 1.513e-24 1.902e-23
3.548e-10 4.139e+40 8.349e+21 8.364e-36 1.698e-24 2.134e-23
3.981e-10 3.689e+40 9.368e+21 9.384e-36 1.905e-24 2.394e-23
4.467e-10 3.288e+40 1.051e+22 1.053e-35 2.138e-24 2.686e-23
5.012e-10 2.931e+40 1.179e+22 1.181e-35 2.399e-24 3.014e-23
5.623e-10 2.612e+40 1.323e+22 1.326e-35 2.691e-24 3.382e-23
6.310e-10 2.328e+40 1.485e+22 1.487e-35 3.020e-24 3.795e-23
7.079e-10 2.075e+40 1.666e+22 1.669e-35 3.388e-24 4.258e-23
7.943e-10 1.849e+40 1.869e+22 1.872e-35 3.802e-24 4.777e-23
8.913e-10 1.648e+40 2.097e+22 2.101e-35 4.265e-24 5.360e-23
1.000e-09 1.469e+40 2.353e+22 2.357e-35 4.786e-24 6.014e-23
1.122e-09 1.309e+40 2.640e+22 2.645e-35 5.370e-24 6.748e-23
1.259e-09 1.167e+40 2.962e+22 2.967e-35 6.025e-24 7.571e-23
1.413e-09 1.040e+40 3.324e+22 3.330e-35 6.760e-24 8.495e-23
1.585e-09 9.267e+39 3.730e+22 3.736e-35 7.585e-24 9.532e-23
1.778e-09 8.259e+39 4.185e+22 4.192e-35 8.511e-24 1.069e-22
1.995e-09 7.361e+39 4.695e+22 4.703e-35 9.549e-24 1.200e-22
2.239e-09 6.561e+39 5.268e+22 5.277e-35 1.071e-23 1.346e-22
2.512e-09 5.847e+39 5.911e+22 5.921e-35 1.202e-23 1.511e-22
2.818e-09 5.211e+39 6.632e+22 6.643e-35 1.349e-23 1.695e-22
3.162e-09 4.645e+39 7.441e+22 7.454e-35 1.513e-23 1.902e-22
3.548e-09 4.139e+39 8.349e+22 8.364e-35 1.698e-23 2.134e-22
3.981e-09 3.689e+39 9.368e+22 9.384e-35 1.905e-23 2.394e-22
4.467e-09 3.288e+39 1.051e+23 1.053e-34 2.138e-23 2.686e-22
5.012e-09 2.931e+39 1.179e+23 1.181e-34 2.399e-23 3.014e-22
5.623e-09 2.612e+39 1.323e+23 1.326e-34 2.691e-23 3.382e-22
6.310e-09 2.328e+39 1.485e+23 1.487e-34 3.020e-23 3.795e-22
7.079e-09 2.075e+39 1.666e+23 1.669e-34 3.388e-23 4.258e-22
7.943e-09 1.849e+39 1.869e+23 1.872e-34 3.802e-23 4.777e-22
8.913e-09 1.648e+39 2.097e+23 2.101e-34 4.265e-23 5.360e-22
1.000e-08 1.469e+39 2.353e+23 2.357e-34 4.786e-23 6.014e-22
1.122e-08 1.309e+39 2.640e+23 2.645e-34 5.370e-23 6.748e-22
1.259e-08 1.167e+39 2.962e+23 2.967e-34 6.025e-23 7.571e-22
1.413e-08 1.040e+39 3.324e+23 3.330e-34 6.760e-23 8.495e-22
1.585e-08 9.267e+38 3.730e+23 3.736e-34 7.585e-23 9.532e-22
1.778e-08 8.259e+38 4.185e+23 4.192e-34 8.511e-23 1.069e-21
1.995e-08 7.361e+38 4.695e+23 4.703e-34 9.549e-23 1.200e-21
2.239e-08 6.561e+38 5.268e+23 5.277e-34 1.071e-22 1.346e-21
2.512e-08 5.847e+38 5.911e+23 5.921e-34 1.202e-22 1.511e-21
2.818e-08 5.211e+38 6.632e+23 6.643e-34 1.349e-22 1.695e-21
3.162e-08 4.645e+38 7.441e+23 7.454e-34 1.513e-22 1.902e-21
3.548e-08 4.139e+38 8.349e+23 8.364e-34 1.698e-22 2.134e-21
3.981e-08 3.689e+38 9.368e+23 9.384e-34 1.905e-22 2.394e-21
4.467e-08 3.288e+38 1.051e+24 1.053e-33 2.138e-22 2.686e-21
5.012e-08 2.931e+38 1.179e+24 1.181e-33 2.399e-22 3.014e-21
5.623e-08 2.612e+38 1.323e+24 1.326e-33 2.691e-22 3.382e-21
6.310e-08 2.328e+38 1.485e+24 1.487e-33 3.020e-22 3.795e-21
7.079e-08 2.075e+38 1.666e+24 1.669e-33 3.388e-22 4.258e-21
7.943e-08 1.849e+38 1.869e+24 1.872e-33 3.802e-22 4.777e-21
8.913e-08 1.648e+38 2.097e+24 2.101e-33 4.265e-22 5.360e-21
1.000e-07 1.469e+38 2.353e+24 2.357e-33 4.786e-22 6.014e-21
1.122e-07 1.309e+38 2.640e+24 2.645e-33 5.370e-22 6.748e-21
1.259e-07 1.167e+38 2.962e+24 2.967e-33 6.025e-22 7.571e-21
1.413e-07 1.040e+38 3.324e+24 3.330e-33 6.760e-22 8.495e-21
1.585e-07 9.267e+37 3.730e+24 3.736e-33 7.585e-22 9.532e-21
1.778e-07 8.259e+37 4.185e+24 4.192e-33 8.511e-22 1.069e-20
1.995e-07 7.361e+37 4.695e+24 4.703e-33 9.549e-22 1.200e-20
2.239e-07 6.561e+37 5.268e+24 5.277e-33 1.071e-21 1.346e-20
2.512e-07 5.847e+37 5.911e+24 5.921e-33 1.202e-21 1.511e-20
2.818e-07 5.211e+37 6.632e+24 6.643e-33 1.349e-21 1.695e-20
3.162e-07 4.645e+37 7.441e+24 7.454e-33 1.513e-21 1.902e-20
3.548e-07 4.139e+37 8.349e+24 8.364e-33 1.698e-21 2.134e-20
3.981e-07 3.689e+37 9.368e+24 9.384e-33 1.905e-21 2.394e-20
4.467e-07 3.288e+37 1.051e+25 1.053e-32 2.138e-21 2.686e-20
5.012e-07 2.931e+37 1.179e+25 1.181e-32 2.399e-21 3.014e-20
5.623e-07 2.612e+37 1.323e+25 1.326e-32 2.691e-21 3.382e-20
6.310e-07 2.328e+37 1.485e+25 1.487e-32 3.020e-21 3.795e-20
7.079e-07 2.075e+37 1.666e+25 1.669e-32 3.388e-21 4.258e-20
7.943e-07 1.849e+37 1.869e+25 1.872e-32 3.802e-21 4.777e-20
8.913e-07 1.648e+37 2.097e+25 2.101e-32 4.265e-21 5.360e-20
1.000e-06 1.469e+37 2.353e+25 2.357e-32 4.786e-21 6.014e-20
1.122e-06 1.309e+37 2.640e+25 2.645e-32 5.370e-21 6.748e-20
1.259e-06 1.167e+37 2.962e+25 2.967e-32 6.025e-21 7.571e-20
1.413e-06 1.040e+37 3.324e+25 3.330e-32 6.760e-21 8.495e-20
1.585e-06 9.267e+36 3.730e+25 3.736e-32 7.585e-21 9.532e-20
1.778e-06 8.259e+36 4.185e+25 4.192e-32 8.511e-21 1.069e-19
1.995e-06 7.361e+36 4.695e+25 4.703e-32 9.549e-21 1.200e-19
2.239e-06 6.561e+36 5.268e+25 5.277e-32 1.071e-20 1.346e-19
2.512e-06 5.847e+36 5.911e+25 5.921e-32 1.202e-20 1.511e-19
2.818e-06 5.211e+36 6.632e+25 6.643e-32 1.349e-20 1.695e-19
3.162e-06 4.645e+36 7.441e+25 7.454e-32 1.513e-20 1.902e-19
3.548e-06 4.139e+36 8.349e+25 8.364e-32 1.698e-20 2.134e-19
3.981e-06 3.689e+36 9.368e+25 9.384e-32 1.905e-20 2.394e-19
4.467e-06 3.288e+36 1.051e+26 1.053e-31 2.138e-20 2.686e-19
5.012e-06 2.930e+36 1.179e+26 1.181e-31 2.399e-20 3.014e-19
5.623e-06 2.612e+36 1.323e+26 1.326e-31 2.691e-20 3.382e-19
6.310e-06 2.328e+36 1.485e+26 1.487e-31 3.020e-20 3.795e-19
7.079e-06 2.075e+36 1.666e+26 1.669e-31 3.388e-20 4.258e-19
7.943e-06 1.849e+36 1.869e+26 1.872e-31 3.802e-20 4.777e-19
8.913e-06 1.648e+36 2.097e+26 2.101e-31 4.265e-20 5.360e-19
1.000e-05 1.469e+36 2.353e+26 2.357e-31 4.786e-20 6.014e-19
1.122e-05 1.309e+36 2.640e+26 2.645e-31 5.370e-20 6.748e-19
1.259e-05 1.167e+36 2.962e+26 2.967e-31 6.025e-20 7.571e-19
1.413e-05 1.040e+36 3.324e+26 3.330e-31 6.760e-20 8.495e-19
1.585e-05 9.267e+35 3.729e+26 3.736e-31 7.585e-20 9.532e-19
1.778e-05 8.259e+35 4.185e+26 4.192e-31 8.511e-20 1.069e-18
1.995e-05 7.361e+35 4.695e+26 4.703e-31 9.549e-20 1.200e-18
2.239e-05 6.560e+35 5.268e+26 5.277e-31 1.071e-19 1.346e-18
2.512e-05 5.847e+35 5.911e+26 5.921e-31 1.202e-19 1.511e-18
2.818e-05 5.211e+35 6.632e+26 6.643e-31 1.349e-19 1.695e-18
3.162e-05 4.644e+35 7.441e+26 7.454e-31 1.513e-19 1.902e-18
3.548e-05 4.139e+35 8.349e+26 8.363e-31 1.698e-19 2.134e-18
3.981e-05 3.689e+35 9.368e+26 9.384e-31 1.905e-19 2.394e-18
4.467e-05 3.288e+35 1.051e+27 1.053e-30 2.138e-19 2.686e-18
5.012e-05 2.930e+35 1.179e+27 1.181e-30 2.399e-19 3.014e-18
5.623e-05 2.612e+35 1.323e+27 1.325e-30 2.691e-19 3.382e-18
6.310e-05 2.328e+35 1.485e+27 1.487e-30 3.020e-19 3.794e-18
7.079e-05 2.074e+35 1.666e+27 1.669e-30 3.388e-19 4.257e-18
7.943e-05 1.849e+35 1.869e+27 1.872e-30 3.801e-19 4.777e-18
8.913e-05 1.648e+35 2.097e+27 2.101e-30 4.265e-19 5.360e-18
1.000e-04 1.469e+35 2.353e+27 2.357e-30 4.785e-19 6.014e-18
1.122e-04 1.309e+35 2.640e+27 2.644e-30 5.369e-19 6.747e-18
1.259e-04 1.166e+35 2.962e+27 2.967e-30 6.024e-19 7.570e-18
1.413e-04 1.040e+35 3.323e+27 3.329e-30 6.759e-19 8.494e-18
1.585e-04 9.265e+34 3.729e+27 3.735e-30 7.584e-19 9.530e-18
1.778e-04 8.258e+34 4.184e+27 4.191e-30 8.509e-19 1.069e-17
1.995e-04 7.360e+34 4.694e+27 4.702e-30 9.547e-19 1.200e-17
2.239e-04 6.559e+34 5.267e+27 5.276e-30 1.071e-18 1.346e-17
2.512e-04 5.846e+34 5.909e+27 5.919e-30 1.202e-18 1.510e-17
2.818e-04 5.210e+34 6.630e+27 6.641e-30 1.348e-18 1.695e-17
3.162e-04 4.643e+34 7.439e+27 7.451e-30 1.513e-18 1.901e-17
3.548e-04 4.138e+34 8.346e+27 8.360e-30 1.697e-18 2.133e-17
3.981e-04 3.688e+34 9.364e+27 9.380e-30 1.904e-18 2.393e-17
4.467e-04 3.286e+34 1.051e+28 1.052e-29 2.137e-18 2.685e-17
5.012e-04 2.929e+34 1.179e+28 1.181e-29 2.397e-18 3.013e-17
5.623e-04 2.610e+34 1.322e+28 1.325e-29 2.690e-18 3.380e-17
6.310e-04 2.326e+34 1.484e+28 1.486e-29 3.018e-18 3.792e-17
7.079e-04 2.073e+34 1.665e+28 1.667e-29 3.386e-18 4.254e-17
7.943e-04 1.847e+34 1.868e+28 1.871e-29 3.798e-18 4.773e-17
8.913e-04 1.646e+34 2.095e+28 2.099e-29 4.261e-18 5.355e-17
1.000e-03 1.467e+34 2.351e+28 2.355e-29 4.781e-18 6.008e-17
1.122e-03 1.307e+34 2.637e+28 2.642e-29 5.363e-18 6.740e-17
1.259e-03 1.165e+34 2.958e+28 2.963e-29 6.017e-18 7.561e-17
1.413e-03 1.038e+34 3.319e+28 3.324e-29 6.750e-18 8.482e-17
1.585e-03 9.251e+33 3.723e+28 3.729e-29 7.572e-18 9.515e-17
1.778e-03 8.243e+33 4.176e+28 4.184e-29 8.494e-18 1.067e-16
1.995e-03 7.345e+33 4.685e+28 4.693e-29 9.528e-18 1.197e-16
2.239e-03 6.545e+33 5.255e+28 5.264e-29 1.069e-17 1.343e-16
2.512e-03 5.831e+33 5.895e+28 5.905e-29 1.199e-17 1.507e-16
2.818e-03 5.195e+33 6.612e+28 6.623e-29 1.345e-17 1.690e-16
3.162e-03 4.628e+33 7.416e+28 7.428e-29 1.508e-17 1.895e-16
3.548e-03 4.123e+33 8.317e+28 8.331e-29 1.692e-17 2.126e-16
3.981e-03 3.673e+33 9.327e+28 9.343e-29 1.897e-17 2.384e-16
4.467e-03 3.272e+33 1.046e+29 1.048e-28 2.127e-17 2.673e-16
5.012e-03 2.914e+33 1.173e+29 1.175e-28 2.386e-17 2.998e-16
5.623e-03 2.596e+33 1.315e+29 1.317e-28 2.675e-17 3.361e-16
6.310e-03 2.312e+33 1.475e+29 1.477e-28 2.999e-17 3.769e-16
7.079e-03 2.059e+33 1.653e+29 1.656e-28 3.362e-17 4.225e-16
7.943e-03 1.833e+33 1.853e+29 1.856e-28 3.769e-17 4.736e-16
8.913e-03 1.632e+33 2.077e+29 2.080e-28 4.224e-17 5.308e-16
1.000e-02 1.453e+33 2.328e+29 2.332e-28 4.734e-17 5.949e-16
1.122e-02 1.293e+33 2.608e+29 2.613e-28 5.305e-17 6.666e-16
1.259e-02 1.151e+33 2.922e+29 2.927e-28 5.943e-17 7.468e-16
1.413e-02 1.024e+33 3.273e+29 3.279e-28 6.657e-17 8.366e-16
1.585e-02 9.109e+32 3.666e+29 3.672e-28 7.456e-17 9.369e-16
1.778e-02 8.101e+32 4.105e+29 4.112e-28 8.348e-17 1.049e-15
1.995e-02 7.203e+32 4.595e+29 4.602e-28 9.345e-17 1.174e-15
2.239e-02 6.403e+32 5.142e+29 5.151e-28 1.046e-16 1.314e-15
2.512e-02 5.690e+32 5.752e+29 5.762e-28 1.170e-16 1.470e-15
2.818e-02 5.055e+32 6.433e+29 6.444e-28 1.308e-16 1.644e-15
3.162e-02 4.489e+32 7.192e+29 7.204e-28 1.463e-16 1.838e-15
3.548e-02 3.984e+32 8.037e+29 8.050e-28 1.635e-16 2.054e-15
3.981e-02 3.535e+32 8.976e+29 8.992e-28 1.826e-16 2.294e-15
4.467e-02 3.135e+32 1.002e+30 1.004e-27 2.038e-16 2.561e-15
5.012e-02 2.778e+32 1.118e+30 1.120e-27 2.274e-16 2.857e-15
5.623e-02 2.460e+32 1.247e+30 1.249e-27 2.535e-16 3.186e-15
6.310e-02 2.177e+32 1.389e+30 1.391e-27 2.825e-16 3.549e-15
7.079e-02 1.925e+32 1.546e+30 1.549e-27 3.145e-16 3.952e-15
7.943e-02 1.701e+32 1.720e+30 1.723e-27 3.498e-16 4.395e-15
8.913e-02 1.502e+32 1.911e+30 1.914e-27 3.887e-16 4.884e-15
1.000e-01 1.324e+32 2.122e+30 2.125e-27 4.315e-16 5.422e-15
1.122e-01 1.166e+32 2.352e+30 2.356e-27 4.784e-16 6.012e-15
1.259e-01 1.026e+32 2.605e+30 2.610e-27 5.299e-16 6.659e-15
1.413e-01 9.014e+31 2.882e+30 2.886e-27 5.861e-16 7.365e-15
1.585e-01 7.908e+31 3.183e+30 3.188e-27 6.473e-16 8.134e-15
1.778e-01 6.927e+31 3.510e+30 3.516e-27 7.138e-16 8.970e-15
1.995e-01 6.059e+31 3.864e+30 3.871e-27 7.860e-16 9.877e-15
2.239e-01 5.290e+31 4.248e+30 4.255e-27 8.639e-16 1.086e-14
2.512e-01 4.611e+31 4.661e+30 4.669e-27 9.480e-16 1.191e-14
2.818e-01 4.012e+31 5.106e+30 5.114e-27 1.038e-15 1.305e-14
3.162e-01 3.484e+31 5.582e+30 5.591e-27 1.135e-15 1.427e-14
3.548e-01 3.020e+31 6.091e+30 6.101e-27 1.239e-15 1.557e-14
3.981e-01 2.611e+31 6.631e+30 6.642e-27 1.349e-15 1.695e-14
4.467e-01 2.252e+31 7.199e+30 7.211e-27 1.464e-15 1.840e-14
5.012e-01 1.935e+31 7.788e+30 7.801e-27 1.584e-15 1.990e-14
5.623e-01 1.655e+31 8.383e+30 8.397e-27 1.705e-15 2.143e-14
6.310e-01 1.404e+31 8.954e+30 8.969e-27 1.821e-15 2.288e-14
7.079e-01 1.176e+31 9.439e+30 9.455e-27 1.920e-15 2.412e-14
7.943e-01 9.623e+30 9.728e+30 9.745e-27 1.979e-15 2.486e-14
8.913e-01 7.555e+30 9.615e+30 9.631e-27 1.955e-15 2.457e-14
1.000e+00 5.448e+30 8.728e+30 8.743e-27 1.775e-15 2.231e-14
1.122e+00 3.583e+30 7.227e+30 7.239e-27 1.470e-15 1.847e-14
1.259e+00 2.355e+30 5.981e+30 5.991e-27 1.216e-15 1.529e-14
1.413e+00 1.547e+30 4.947e+30 4.955e-27 1.006e-15 1.264e-14
1.585e+00 1.016e+30 4.089e+30 4.096e-27 8.316e-16 1.045e-14
1.778e+00 6.666e+29 3.377e+30 3.383e-27 6.869e-16 8.631e-15
1.995e+00 4.370e+29 2.787e+30 2.792e-27 5.669e-16 7.123e-15
2.239e+00 2.862e+29 2.298e+30 2.302e-27 4.674e-16 5.874e-15
2.512e+00 1.873e+29 1.893e+30 1.896e-27 3.850e-16 4.838e-15
2.818e+00 1.224e+29 1.558e+30 1.560e-27 3.168e-16 3.981e-15
3.162e+00 7.989e+28 1.280e+30 1.282e-27 2.603e-16 3.271e-15
3.548e+00 5.207e+28 1.050e+30 1.052e-27 2.136e-16 2.684e-15
3.981e+00 3.389e+28 8.606e+29 8.621e-28 1.750e-16 2.200e-15
4.467e+00 2.202e+28 7.039e+29 7.051e-28 1.432e-16 1.799e-15
5.012e+00 1.428e+28 5.747e+29 5.757e-28 1.169e-16 1.469e-15
5.623e+00 9.241e+27 4.682e+29 4.690e-28 9.522e-17 1.197e-15
6.310e+00 5.966e+27 3.805e+29 3.812e-28 7.739e-17 9.726e-16
7.079e+00 3.842e+27 3.085e+29 3.090e-28 6.274e-17 7.885e-16
7.943e+00 2.467e+27 2.494e+29 2.498e-28 5.072e-17 6.374e-16
8.913e+00 1.579e+27 2.010e+29 2.013e-28 4.088e-17 5.137e-16
1.000e+01 1.008e+27 1.614e+29 1.617e-28 3.283e-17 4.126e-16
1.122e+01 6.405e+26 1.292e+29 1.294e-28 2.627e-17 3.302e-16
1.259e+01 4.055e+26 1.030e+29 1.031e-28 2.094e-17 2.632e-16
1.413e+01 2.556e+26 8.172e+28 8.186e-29 1.662e-17 2.089e-16
1.585e+01 1.604e+26 6.457e+28 6.468e-29 1.313e-17 1.650e-16
1.778e+01 1.002e+26 5.077e+28 5.086e-29 1.033e-17 1.298e-16
1.995e+01 6.229e+25 3.973e+28 3.980e-29 8.080e-18 1.015e-16
2.239e+01 3.852e+25 3.093e+28 3.098e-29 6.290e-18 7.904e-17
2.512e+01 2.370e+25 2.395e+28 2.399e-29 4.872e-18 6.122e-17
2.818e+01 1.451e+25 1.846e+28 1.849e-29 3.754e-18 4.718e-17
3.162e+01 8.838e+24 1.416e+28 1.418e-29 2.880e-18 3.619e-17
3.548e+01 5.362e+24 1.082e+28 1.083e-29 2.200e-18 2.764e-17
3.981e+01 3.242e+24 8.231e+27 8.245e-30 1.674e-18 2.104e-17
4.467e+01 1.955e+24 6.251e+27 6.261e-30 1.271e-18 1.598e-17
5.012e+01 1.179e+24 4.744e+27 4.752e-30 9.649e-19 1.213e-17
5.623e+01 7.123e+23 3.609e+27 3.615e-30 7.340e-19 9.224e-18
6.310e+01 4.236e+23 2.702e+27 2.707e-30 5.496e-19 6.906e-18
7.079e+01 2.516e+23 2.020e+27 2.024e-30 4.109e-19 5.163e-18
7.943e+01 1.491e+23 1.507e+27 1.510e-30 3.066e-19 3.853e-18
8.913e+01 8.819e+22 1.122e+27 1.124e-30 2.283e-19 2.869e-18
1.000e+02 5.201e+22 8.334e+26 8.348e-31 1.695e-19 2.130e-18
1.122e+02 3.058e+22 6.168e+26 6.179e-31 1.254e-19 1.576e-18
1.259e+02 1.791e+22 4.548e+26 4.556e-31 9.250e-20 1.162e-18
1.413e+02 1.045e+22 3.339e+26 3.345e-31 6.792e-20 8.535e-19
1.585e+02 6.062e+21 2.440e+26 2.444e-31 4.962e-20 6.236e-19
1.778e+02 3.498e+21 1.772e+26 1.776e-31 3.605e-20 4.530e-19
1.995e+02 2.006e+21 1.279e+26 1.282e-31 2.602e-20 3.270e-19
2.239e+02 1.142e+21 9.166e+25 9.182e-32 1.864e-20 2.343e-19
2.512e+02 6.441e+20 6.511e+25 6.522e-32 1.324e-20 1.664e-19
2.818e+02 3.597e+20 4.578e+25 4.586e-32 9.310e-21 1.170e-19
3.162e+02 1.985e+20 3.180e+25 3.185e-32 6.467e-21 8.127e-20
3.548e+02 1.079e+20 2.176e+25 2.180e-32 4.426e-21 5.562e-20
3.981e+02 5.758e+19 1.462e+25 1.465e-32 2.974e-21 3.737e-20
4.467e+02 3.000e+19 9.590e+24 9.607e-33 1.951e-21 2.451e-20
5.012e+02 1.514e+19 6.093e+24 6.103e-33 1.239e-21 1.557e-20
5.623e+02 7.306e+18 3.702e+24 3.708e-33 7.528e-22 9.461e-21
6.310e+02 3.299e+18 2.105e+24 2.108e-33 4.280e-22 5.379e-21
7.079e+02 1.339e+18 1.075e+24 1.077e-33 2.187e-22 2.748e-21
7.943e+02 4.468e+17 4.517e+23 4.524e-34 9.186e-23 1.154e-21
8.913e+02 9.375e+16 1.193e+23 1.195e-34 2.426e-23 3.049e-22
1.000e+03 0.000e+00 0.000e+00 0.000e+00 0.000e+00 0.000e+00
1.122e+03 0.000e+00 0.000e+00 0.000e+00 0.000e+00 0.000e+00
1.259e+03 0.000e+00 0.000e+00 0.000e+00 0.000e+00 0.000e+00
1.413e+03 0.000e+00 0.000e+00 0.000e+00 0.000e+00 0.000e+00
1.585e+03 0.000e+00 0.000e+00 0.000e+00 0.000e+00 0.000e+00
1.778e+03 0.000e+00 0.000e+00 0.000e+00 0.000e+00 0.000e+00
1.995e+03 0.000e+00 0.000e+00 0.000e+00 0.000e+00 0.000e+00
2.239e+03 0.000e+00 0.000e+00 0.000e+00 0.000e+00 0.000e+00
2.512e+03 0.000e+00 0.000e+00 0.000e+00 0.000e+00 0.000e+00
2.818e+03 0.000e+00 0.000e+00 0.000e+00 0.000e+00 0.000e+00
3.162e+03 0.000e+00 0.000e+00 0.000e+00 0.000e+00 0.000e+00
3.548e+03 0.000e+00 0.000e+00 0.000e+00 0.000e+00 0.000e+00
3.981e+03 0.000e+00 0.000e+00 0.000e+00 0.000e+00 0.000e+00
4.467e+03 0.000e+00 0.000e+00 0.000e+00 0.000e+00 0.000e+00
5.012e+03 0.000e+00 0.000e+00 0.000e+00 0.000e+00 0.000e+00
5.623e+03 0.000e+00 0.000e+00 0.000e+00 0.000e+00 0.000e+00
6.310e+03 0.000e+00 0.000e+00 0.000e+00 0.000e+00 0.000e+00
7.079e+03 0.000e+00 0.000e+00 0.000e+00 0.000e+00 0.000e+00
7.943e+03 0.000e+00 0.000e+00 0.000e+00 0.000e+00 0.000e+00
8.913e+03 0.000e+00 0.000e+00 0.000e+00 0.000e+00 0.000e+00
1.000e+04 0.000e+00 0.000e+00 0.000e+00 0.000e+00 0.000e+00
1.122e+04 0.000e+00 0.000e+00 0.000e+00 0.000e+00 0.000e+00
1.259e+04 0.000e+00 0.000e+00 0.000e+00 0.000e+00 0.000e+00
1.413e+04 0.000e+00 0.000e+00 0.000e+00 0.000e+00 0.000e+00
1.585e+04 0.000e+00 0.000e+00 0.000e+00 0.000e+00 0.000e+00
1.778e+04 0.000e+00 0.000e+00 0.000e+00 0.000e+00 0.000e+00
1.995e+04 0.000e+00 0.000e+00 0.000e+00 0.000e+00 0.000e+00
2.239e+04 0.000e+00 0.000e+00 0.000e+00 0.000e+00 0.000e+00
2.512e+04 0.000e+00 0.000e+00 0.000e+00 0.000e+00 0.000e+00
2.818e+04 0.000e+00 0.000e+00 0.000e+00 0.000e+00 0.000e+00
3.162e+04 0.000e+00 0.000e+00 0.000e+00 0.000e+00 0.000e+00
3.548e+04 0.000e+00 0.000e+00 0.000e+00 0.000e+00 0.000e+00
3.981e+04 0.000e+00 0.000e+00 0.000e+00 0.000e+00 0.000e+00
4.467e+04 0.000e+00 0.000e+00 0.000e+00 0.000e+00 0.000e+00
5.012e+04 0.000e+00 0.000e+00 0.000e+00 0.000e+00 0.000e+00
5.623e+04 0.000e+00 0.000e+00 0.000e+00 0.000e+00 0.000e+00
6.310e+04 0.000e+00 0.000e+00 0.000e+00 0.000e+00 0.000e+00
7.079e+04 0.000e+00 0.000e+00 0.000e+00 0.000e+00 0.000e+00
7.943e+04 0.000e+00 0.000e+00 0.000e+00 0.000e+00 0.000e+00
8.913e+04 0.000e+00 0.000e+00 0.000e+00 0.000e+00 0.000e+00
1.000e+05 0.000e+00 0.000e+00 0.000e+00 0.000e+00 0.000e+00
1.122e+05 0.000e+00 0.000e+00 0.000e+00 0.000e+00 0.000e+00
1.259e+05 0.000e+00 0.000e+00 0.000e+00 0.000e+00 0.000e+00
1.413e+05 0.000e+00 0.000e+00 0.000e+00 0.000e+00 0.000e+00
1.585e+05 0.000e+00 0.000e+00 0.000e+00 0.000e+00 0.000e+00
1.778e+05 0.000e+00 0.000e+00 0.000e+00 0.000e+00 0.000e+00
1.995e+05 0.000e+00 0.000e+00 0.000e+00 0.000e+00 0.000e+00
2.239e+05 0.000e+00 0.000e+00 0.000e+00 0.000e+00 0.000e+00
2.512e+05 0.000e+00 0.000e+00 0.000e+00 0.000e+00 0.000e+00
2.818e+05 0.000e+00 0.000e+00 0.000e+00 0.000e+00 0.000e+00
3.162e+05 0.000e+00 0.000e+00 0.000e+00 0.000e+00 0.000e+00
3.548e+05 0.000e+00 0.000e+00 0.000e+00 0.000e+00 0.000e+00
3.981e+05 0.000e+00 0.000e+00 0.000e+00 0.000e+00 0.000e+00
4.467e+05 0.000e+00 0.000e+00 0.000e+00 0.000e+00 0.000e+00
5.012e+05 0.000e+00 0.000e+00 0.000e+00 0.000e+00 0.000e+00
5.623e+05 0.000e+00 0.000e+00 0.000e+00 0.000e+00 0.000e+00
6.310e+05 0.000e+00 0.000e+00 0.000e+00 0.000e+00 0.000e+00
7.079e+05 0.000e+00 0.000e+00 0.000e+00 0.000e+00 0.000e+00
7.943e+05 0.000e+00 0.000e+00 0.000e+00 0.000e+00 0.000e+00
8.913e+05 0.000e+00 0.000e+00 0.000e+00 0.000e+00 0.000e+00
1.000e+06 0.000e+00 0.000e+00 0.000e+00 0.000e+00 0.000e+00
1.122e+06 0.000e+00 0.000e+00 0.000e+00 0.000e+00 0.000e+00
1.259e+06 0.000e+00 0.000e+00 0.000e+00 0.000e+00 0.000e+00
1.413e+06 0.000e+00 0.000e+00 0.000e+00 0.000e+00 0.000e+00
1.585e+06 0.000e+00 0.000e+00 0.000e+00 0.000e+00 0.000e+00
1.778e+06 0.000e+00 0.000e+00 0.000e+00 0.000e+00 0.000e+00
1.995e+06 0.000e+00 0.000e+00 0.000e+00 0.000e+00 0.000e+00
2.239e+06 0.000e+00 0.000e+00 0.000e+00 0.000e+00 0.000e+00
2.512e+06 0.000e+00 0.000e+00 0.000e+00 0.000e+00 0.000e+00
2.818e+06 0.000e+00 0.000e+00 0.000e+00 0.000e+00 0.000e+00
3.162e+06 0.000e+00 0.000e+00 0.000e+00 0.000e+00 0.000e+00
3.548e+06 0.000e+00 0.000e+00 0.000e+00 0.000e+00 0.000e+00
3.981e+06 0.000e+00 0.000e+00 0.000e+00 0.000e+00 0.000e+00
4.467e+06 0.000e+00 0.000e+00 0.000e+00 0.000e+00 0.000e+00
5.012e+06 0.000e+00 0.000e+00 0.000e+00 0.000e+00 0.000e+00
5.623e+06 0.000e+00 0.000e+00 0.000e+00 0.000e+00 0.000e+00
6.310e+06 0.000e+00 0.000e+00 0.000e+00 0.000e+00 0.000e+00
7.079e+06 0.000e+00 0.000e+00 0.000e+00 0.000e+00 0.000e+00
7.943e+06 0.000e+00 0.000e+00 0.000e+00 0.000e+00 0.000e+00
8.913e+06 0.000e+00 0.000e+00 0.000e+00 0.000e+00 0.000e+00
1.000e+07 0.000e+00 0.000e+00 0.000e+00 0.000e+00 0.000e+00
1.122e+07 0.000e+00 0.000e+00 0.000e+00 0.000e+00 0.000e+00
1.259e+07 0.000e+00 0.000e+00 0.000e+00 0.000e+00 0.000e+00
1.413e+07 0.000e+00 0.000e+00 0.000e+00 0.000e+00 0.000e+00
1.585e+07 0.000e+00 0.000e+00 0.000e+00 0.000e+00 0.000e+00
1.778e+07 0.000e+00 0.000e+00 0.000e+00 0.000e+00 0.000e+00
1.995e+07 0.000e+00 0.000e+00 0.000e+00 0.000e+00 0.000e+00
2.239e+07 0.000e+00 0.000e+00 0.000e+00 0.000e+00 0.000e+00
2.512e+07 0.000e+00 0.000e+00 0.000e+00 0.000e+00 0.000e+00
2.818e+07 0.000e+00 0.000e+00 0.000e+00 0.000e+00 0.000e+00
3.162e+07 0.000e+00 0.000e+00 0.000e+00 0.000e+00 0.000e+00
3.548e+07 0.000e+00 0.000e+00 0.000e+00 0.000e+00 0.000e+00
3.981e+07 0.000e+00 0.000e+00 0.000e+00 0.000e+00 0.000e+00
4.467e+07 0.000e+00 0.000e+00 0.000e+00 0.000e+00 0.000e+00
5.012e+07 0.000e+00 0.000e+00 0.000e+00 0.000e+00 0.000e+00
5.623e+07 0.000e+00 0.000e+00 0.000e+00 0.000e+00 0.000e+00
6.310e+07 0.000e+00 0.000e+00 0.000e+00 0.000e+00 0.000e+00
7.079e+07 0.000e+00 0.000e+00 0.000e+00 0.000e+00 0.000e+00
7.943e+07 0.000e+00 0.000e+00 0.000e+00 0.000e+00 0.000e+00
8.913e+07 0.000e+00 0.000e+00 0.000e+00 0.000e+00 0.000e+00
1.000e+08 0.000e+00 0.000e+00 0.000e+00 0.000e+00 0.000e+00
