1.000e-20 0.000e+00 0.000e+00 0.000e+00 0.000e+00 0.000e+00
1.122e-20 0.000e+00 0.000e+00 0.000e+00 0.000e+00 0.000e+00
1.259e-20 0.000e+00 0.000e+00 0.000e+00 0.000e+00 0.000e+00
1.413e-20 0.000e+00 0.000e+00 0.000e+00 0.000e+00 0.000e+00
1.585e-20 0.000e+00 0.000e+00 0.000e+00 0.000e+00 0.000e+00
1.778e-20 0.000e+00 0.000e+00 0.000e+00 0.000e+00 0.000e+00
1.995e-20 0.000e+00 0.000e+00 0.000e+00 0.000e+00 0.000e+00
2.239e-20 0.000e+00 0.000e+00 0.000e+00 0.000e+00 0.000e+00
2.512e-20 0.000e+00 0.000e+00 0.000e+00 0.000e+00 0.000e+00
2.818e-20 0.000e+00 0.000e+00 0.000e+00 0.000e+00 0.000e+00
3.162e-20 0.000e+00 0.000e+00 0.000e+00 0.000e+00 0.000e+00
3.548e-20 0.000e+00 0.000e+00 0.000e+00 0.000e+00 0.000e+00
3.981e-20 0.000e+00 0.000e+00 0.000e+00 0.000e+00 0.000e+00
4.467e-20 0.000e+00 0.000e+00 0.000e+00 0.000e+00 0.000e+00
5.012e-20 0.000e+00 0.000e+00 0.000e+00 0.000e+00 0.000e+00
5.623e-20 0.000e+00 0.000e+00 0.000e+00 0.000e+00 0.000e+00
6.310e-20 0.000e+00 0.000e+00 0.000e+00 0.000e+00 0.000e+00
7.079e-20 0.000e+00 0.000e+00 0.000e+00 0.000e+00 0.000e+00
7.943e-20 0.000e+00 0.000e+00 0.000e+00 0.000e+00 0.000e+00
8.913e-20 0.000e+00 0.000e+00 0.000e+00 0.000e+00 0.000e+00
1.000e-19 0.000e+00 0.000e+00 0.000e+00 0.000e+00 0.000e+00
1.122e-19 0.000e+00 0.000e+00 0.000e+00 0.000e+00 0.000e+00
1.259e-19 0.000e+00 0.000e+00 0.000e+00 0.000e+00 0.000e+00
1.413e-19 0.000e+00 0.000e+00 0.000e+00 0.000e+00 0.000e+00
1.585e-19 0.000e+00 0.000e+00 0.000e+00 0.000e+00 0.000e+00
1.778e-19 0.000e+00 0.000e+00 0.000e+00 0.000e+00 0.000e+00
1.995e-19 0.000e+00 0.000e+00 0.000e+00 0.000e+00 0.000e+00
2.239e-19 0.000e+00 0.000e+00 0.000e+00 0.000e+00 0.000e+00
2.512e-19 0.000e+00 0.000e+00 0.000e+00 0.000e+00 0.000e+00
2.818e-19 0.000e+00 0.000e+00 0.000e+00 0.000e+00 0.000e+00
3.162e-19 0.000e+00 0.000e+00 0.000e+00 0.000e+00 0.000e+00
3.548e-19 0.000e+00 0.000e+00 0.000e+00 0.000e+00 0.000e+00
3.981e-19 0.000e+00 0.000e+00 0.000e+00 0.000e+00 0.000e+00
4.467e-19 0.000e+00 0.000e+00 0.000e+00 0.000e+00 0.000e+00
5.012e-19 0.000e+00 0.000e+00 0.000e+00 0.000e+00 0.000e+00
5.623e-19 0.000e+00 0.000e+00 0.000e+00 0.000e+00 0.000e+00
6.310e-19 0.000e+00 0.000e+00 0.000e+00 0.000e+00 0.000e+00
7.079e-19 0.000e+00 0.000e+00 0.000e+00 0.000e+00 0.000e+00
7.943e-19 0.000e+00 0.000e+00 0.000e+00 0.000e+00 0.000e+00
8.913e-19 0.000e+00 0.000e+00 0.000e+00 0.000e+00 0.000e+00
1.000e-18 0.000e+00 0.000e+00 0.000e+00 0.000e+00 0.000e+00
1.122e-18 0.000e+00 0.000e+00 0.000e+00 0.000e+00 0.000e+00
1.259e-18 0.000e+00 0.000e+00 0.000e+00 0.000e+00 0.000e+00
1.413e-18 0.000e+00 0.000e+00 0.000e+00 0.000e+00 0.000e+00
1.585e-18 0.000e+00 0.000e+00 0.000e+00 0.000e+00 0.000e+00
1.778e-18 0.000e+00 0.000e+00 0.000e+00 0.000e+00 0.000e+00
1.995e-18 0.000e+00 0.000e+00 0.000e+00 0.000e+00 0.000e+00
2.239e-18 0.000e+00 0.000e+00 0.000e+00 0.000e+00 0.000e+00
2.512e-18 0.000e+00 0.000e+00 0.000e+00 0.000e+00 0.000e+00
2.818e-18 0.000e+00 0.000e+00 0.000e+00 0.000e+00 0.000e+00
3.162e-18 0.000e+00 0.000e+00 0.000e+00 0.000e+00 0.000e+00
3.548e-18 0.000e+00 0.000e+00 0.000e+00 0.000e+00 0.000e+00
3.981e-18 0.000e+00 0.000e+00 0.000e+00 0.000e+00 0.000e+00
4.467e-18 0.000e+00 0.000e+00 0.000e+00 0.000e+00 0.000e+00
5.012e-18 0.000e+00 0.000e+00 0.000e+00 0.000e+00 0.000e+00
5.623e-18 0.000e+00 0.000e+00 0.000e+00 0.000e+00 0.000e+00
6.310e-18 0.000e+00 0.000e+00 0.000e+00 0.000e+00 0.000e+00
7.079e-18 0.000e+00 0.000e+00 0.000e+00 0.000e+00 0.000e+00
7.943e-18 0.000e+00 0.000e+00 0.000e+00 0.000e+00 0.000e+00
8.913e-18 0.000e+00 0.000e+00 0.000e+00 0.000e+00 0.000e+00
1.000e-17 0.000e+00 0.000e+00 0.000e+00 0.000e+00 0.000e+00
1.122e-17 0.000e+00 0.000e+00 0.000e+00 0.000e+00 0.000e+00
1.259e-17 0.000e+00 0.000e+00 0.000e+00 0.000e+00 0.000e+00
1.413e-17 0.000e+00 0.000e+00 0.000e+00 0.000e+00 0.000e+00
1.585e-17 0.000e+00 0.000e+00 0.000e+00 0.000e+00 0.000e+00
1.778e-17 0.000e+00 0.000e+00 0.000e+00 0.000e+00 0.000e+00
1.995e-17 0.000e+00 0.000e+00 0.000e+00 0.000e+00 0.000e+00
2.239e-17 0.000e+00 0.000e+00 0.000e+00 0.000e+00 0.000e+00
2.512e-17 0.000e+00 0.000e+00 0.000e+00 0.000e+00 0.000e+00
2.818e-17 0.000e+00 0.000e+00 0.000e+00 0.000e+00 0.000e+00
3.162e-17 0.000e+00 0.000e+00 0.000e+00 0.000e+00 0.000e+00
3.548e-17 0.000e+00 0.000e+00 0.000e+00 0.000e+00 0.000e+00
3.981e-17 0.000e+00 0.000e+00 0.000e+00 0.000e+00 0.000e+00
4.467e-17 0.000e+00 0.000e+00 0.000e+00 0.000e+00 0.000e+00
5.012e-17 0.000e+00 0.000e+00 0.000e+00 0.000e+00 0.000e+00
5.623e-17 0.000e+00 0.000e+00 0.000e+00 0.000e+00 0.000e+00
6.310e-17 0.000e+00 0.000e+00 0.000e+00 0.000e+00 0.000e+00
7.079e-17 0.000e+00 0.000e+00 0.000e+00 0.000e+00 0.000e+00
7.943e-17 0.000e+00 0.000e+00 0.000e+00 0.000e+00 0.000e+00
8.913e-17 0.000e+00 0.000e+00 0.000e+00 0.000e+00 0.000e+00
1.000e-16 0.000e+00 0.000e+00 0.000e+00 0.000e+00 0.000e+00
1.122e-16 0.000e+00 0.000e+00 0.000e+00 0.000e+00 0.000e+00
1.259e-16 0.000e+00 0.000e+00 0.000e+00 0.000e+00 0.000e+00
1.413e-16 0.000e+00 0.000e+00 0.000e+00 0.000e+00 0.000e+00
1.585e-16 0.000e+00 0.000e+00 0.000e+00 0.000e+00 0.000e+00
1.778e-16 0.000e+00 0.000e+00 0.000e+00 0.000e+00 0.000e+00
1.995e-16 0.000e+00 0.000e+00 0.000e+00 0.000e+00 0.000e+00
2.239e-16 0.000e+00 0.000e+00 0.000e+00 0.000e+00 0.000e+00
2.512e-16 0.000e+00 0.000e+00 0.000e+00 0.000e+00 0.000e+00
2.818e-16 0.000e+00 0.000e+00 0.000e+00 0.000e+00 0.000e+00
3.162e-16 0.000e+00 0.000e+00 0.000e+00 0.000e+00 0.000e+00
3.548e-16 0.000e+00 0.000e+00 0.000e+00 0.000e+00 0.000e+00
3.981e-16 0.000e+00 0.000e+00 0.000e+00 0.000e+00 0.000e+00
4.467e-16 0.000e+00 0.000e+00 0.000e+00 0.000e+00 0.000e+00
5.012e-16 0.000e+00 0.000e+00 0.000e+00 0.000e+00 0.000e+00
5.623e-16 0.000e+00 0.000e+00 0.000e+00 0.000e+00 0.000e+00
6.310e-16 0.000e+00 0.000e+00 0.000e+00 0.000e+00 0.000e+00
7.079e-16 0.000e+00 0.000e+00 0.000e+00 0.000e+00 0.000e+00
7.943e-16 0.000e+00 0.000e+00 0.000e+00 0.000e+00 0.000e+00
8.913e-16 0.000e+00 0.000e+00 0.000e+00 0.000e+00 0.000e+00
1.000e-15 0.000e+00 0.000e+00 0.000e+00 0.000e+00 0.000e+00
1.122e-15 4.051e+52 8.170e+22 8.184e-35 5.384e-23 6.765e-22
1.259e-15 3.591e+52 9.117e+22 9.133e-35 6.008e-23 7.550e-22
1.413e-15 3.183e+52 1.017e+23 1.019e-34 6.704e-23 8.425e-22
1.585e-15 2.821e+52 1.135e+23 1.137e-34 7.481e-23 9.401e-22
1.778e-15 2.500e+52 1.267e+23 1.269e-34 8.348e-23 1.049e-21
1.995e-15 2.216e+52 1.413e+23 1.416e-34 9.314e-23 1.170e-21
2.239e-15 1.964e+52 1.577e+23 1.580e-34 1.039e-22 1.306e-21
2.512e-15 1.741e+52 1.760e+23 1.763e-34 1.159e-22 1.457e-21
2.818e-15 1.543e+52 1.963e+23 1.966e-34 1.294e-22 1.626e-21
3.162e-15 1.367e+52 2.190e+23 2.194e-34 1.443e-22 1.814e-21
3.548e-15 1.211e+52 2.443e+23 2.448e-34 1.610e-22 2.023e-21
3.981e-15 1.073e+52 2.726e+23 2.730e-34 1.796e-22 2.257e-21
4.467e-15 9.512e+51 3.041e+23 3.046e-34 2.004e-22 2.518e-21
5.012e-15 8.428e+51 3.392e+23 3.398e-34 2.235e-22 2.809e-21
5.623e-15 7.468e+51 3.784e+23 3.790e-34 2.493e-22 3.133e-21
6.310e-15 6.617e+51 4.220e+23 4.228e-34 2.781e-22 3.495e-21
7.079e-15 5.862e+51 4.707e+23 4.715e-34 3.102e-22 3.898e-21
7.943e-15 5.194e+51 5.250e+23 5.259e-34 3.460e-22 4.348e-21
8.913e-15 4.601e+51 5.856e+23 5.866e-34 3.859e-22 4.849e-21
1.000e-14 4.076e+51 6.531e+23 6.542e-34 4.304e-22 5.408e-21
1.122e-14 3.611e+51 7.283e+23 7.296e-34 4.799e-22 6.031e-21
1.259e-14 3.199e+51 8.122e+23 8.136e-34 5.352e-22 6.726e-21
1.413e-14 2.833e+51 9.058e+23 9.073e-34 5.969e-22 7.500e-21
1.585e-14 2.510e+51 1.010e+24 1.012e-33 6.656e-22 8.364e-21
1.778e-14 2.223e+51 1.126e+24 1.128e-33 7.421e-22 9.326e-21
1.995e-14 1.969e+51 1.256e+24 1.258e-33 8.275e-22 1.040e-20
2.239e-14 1.744e+51 1.400e+24 1.403e-33 9.226e-22 1.159e-20
2.512e-14 1.544e+51 1.561e+24 1.564e-33 1.029e-21 1.293e-20
2.818e-14 1.368e+51 1.740e+24 1.743e-33 1.147e-21 1.441e-20
3.162e-14 1.211e+51 1.940e+24 1.944e-33 1.279e-21 1.607e-20
3.548e-14 1.072e+51 2.163e+24 2.167e-33 1.425e-21 1.791e-20
3.981e-14 9.496e+50 2.411e+24 2.415e-33 1.589e-21 1.997e-20
4.467e-14 8.408e+50 2.688e+24 2.692e-33 1.771e-21 2.226e-20
5.012e-14 7.444e+50 2.996e+24 3.001e-33 1.974e-21 2.481e-20
5.623e-14 6.591e+50 3.339e+24 3.345e-33 2.200e-21 2.765e-20
6.310e-14 5.835e+50 3.722e+24 3.728e-33 2.452e-21 3.082e-20
7.079e-14 5.166e+50 4.148e+24 4.155e-33 2.733e-21 3.435e-20
7.943e-14 4.573e+50 4.623e+24 4.630e-33 3.046e-21 3.828e-20
8.913e-14 4.048e+50 5.151e+24 5.160e-33 3.395e-21 4.266e-20
1.000e-13 3.583e+50 5.741e+24 5.750e-33 3.783e-21 4.754e-20
1.122e-13 3.171e+50 6.397e+24 6.407e-33 4.215e-21 5.297e-20
1.259e-13 2.807e+50 7.127e+24 7.139e-33 4.697e-21 5.902e-20
1.413e-13 2.484e+50 7.941e+24 7.955e-33 5.233e-21 6.576e-20
1.585e-13 2.198e+50 8.848e+24 8.863e-33 5.830e-21 7.326e-20
1.778e-13 1.945e+50 9.857e+24 9.874e-33 6.495e-21 8.162e-20
1.995e-13 1.722e+50 1.098e+25 1.100e-32 7.236e-21 9.093e-20
2.239e-13 1.523e+50 1.223e+25 1.225e-32 8.060e-21 1.013e-19
2.512e-13 1.348e+50 1.363e+25 1.365e-32 8.979e-21 1.128e-19
2.818e-13 1.193e+50 1.518e+25 1.520e-32 1.000e-20 1.257e-19
3.162e-13 1.055e+50 1.690e+25 1.693e-32 1.114e-20 1.400e-19
3.548e-13 9.333e+49 1.883e+25 1.886e-32 1.241e-20 1.559e-19
3.981e-13 8.257e+49 2.097e+25 2.100e-32 1.382e-20 1.736e-19
4.467e-13 7.303e+49 2.335e+25 2.339e-32 1.538e-20 1.933e-19
5.012e-13 6.460e+49 2.600e+25 2.604e-32 1.713e-20 2.153e-19
5.623e-13 5.714e+49 2.895e+25 2.900e-32 1.908e-20 2.397e-19
6.310e-13 5.053e+49 3.223e+25 3.229e-32 2.124e-20 2.669e-19
7.079e-13 4.469e+49 3.588e+25 3.594e-32 2.365e-20 2.971e-19
7.943e-13 3.952e+49 3.995e+25 4.002e-32 2.632e-20 3.308e-19
8.913e-13 3.494e+49 4.447e+25 4.455e-32 2.930e-20 3.683e-19
1.000e-12 3.090e+49 4.950e+25 4.959e-32 3.262e-20 4.099e-19
1.122e-12 2.732e+49 5.510e+25 5.519e-32 3.631e-20 4.563e-19
1.259e-12 2.415e+49 6.132e+25 6.143e-32 4.041e-20 5.078e-19
1.413e-12 2.135e+49 6.825e+25 6.837e-32 4.497e-20 5.652e-19
1.585e-12 1.887e+49 7.595e+25 7.608e-32 5.005e-20 6.289e-19
1.778e-12 1.668e+49 8.452e+25 8.466e-32 5.569e-20 6.998e-19
1.995e-12 1.474e+49 9.404e+25 9.420e-32 6.197e-20 7.787e-19
2.239e-12 1.303e+49 1.046e+26 1.048e-31 6.895e-20 8.664e-19
2.512e-12 1.151e+49 1.164e+26 1.166e-31 7.671e-20 9.639e-19
2.818e-12 1.018e+49 1.295e+26 1.297e-31 8.533e-20 1.072e-18
3.162e-12 8.991e+48 1.440e+26 1.443e-31 9.492e-20 1.193e-18
3.548e-12 7.943e+48 1.602e+26 1.605e-31 1.056e-19 1.327e-18
3.981e-12 7.018e+48 1.782e+26 1.785e-31 1.174e-19 1.476e-18
4.467e-12 6.199e+48 1.982e+26 1.985e-31 1.306e-19 1.641e-18
5.012e-12 5.476e+48 2.204e+26 2.208e-31 1.452e-19 1.825e-18
5.623e-12 4.837e+48 2.451e+26 2.455e-31 1.615e-19 2.029e-18
6.310e-12 4.272e+48 2.725e+26 2.729e-31 1.795e-19 2.256e-18
7.079e-12 3.772e+48 3.029e+26 3.034e-31 1.996e-19 2.508e-18
7.943e-12 3.331e+48 3.367e+26 3.373e-31 2.219e-19 2.788e-18
8.913e-12 2.941e+48 3.743e+26 3.749e-31 2.467e-19 3.099e-18
1.000e-11 2.597e+48 4.160e+26 4.167e-31 2.741e-19 3.445e-18
1.122e-11 2.292e+48 4.624e+26 4.631e-31 3.047e-19 3.829e-18
1.259e-11 2.023e+48 5.138e+26 5.147e-31 3.386e-19 4.255e-18
1.413e-11 1.786e+48 5.709e+26 5.719e-31 3.762e-19 4.728e-18
1.585e-11 1.576e+48 6.343e+26 6.354e-31 4.180e-19 5.253e-18
1.778e-11 1.391e+48 7.047e+26 7.059e-31 4.644e-19 5.836e-18
1.995e-11 1.227e+48 7.829e+26 7.842e-31 5.159e-19 6.483e-18
2.239e-11 1.083e+48 8.696e+26 8.710e-31 5.730e-19 7.201e-18
2.512e-11 9.553e+47 9.658e+26 9.674e-31 6.364e-19 7.997e-18
2.818e-11 8.427e+47 1.073e+27 1.074e-30 7.067e-19 8.881e-18
3.162e-11 7.433e+47 1.191e+27 1.193e-30 7.848e-19 9.862e-18
3.548e-11 6.555e+47 1.322e+27 1.324e-30 8.713e-19 1.095e-17
3.981e-11 5.781e+47 1.468e+27 1.470e-30 9.673e-19 1.216e-17
4.467e-11 5.097e+47 1.629e+27 1.632e-30 1.074e-18 1.349e-17
5.012e-11 4.494e+47 1.809e+27 1.812e-30 1.192e-18 1.498e-17
5.623e-11 3.962e+47 2.007e+27 2.011e-30 1.323e-18 1.662e-17
6.310e-11 3.492e+47 2.227e+27 2.231e-30 1.468e-18 1.844e-17
7.079e-11 3.078e+47 2.471e+27 2.475e-30 1.628e-18 2.046e-17
7.943e-11 2.712e+47 2.742e+27 2.746e-30 1.807e-18 2.270e-17
8.913e-11 2.390e+47 3.041e+27 3.046e-30 2.004e-18 2.518e-17
1.000e-10 2.105e+47 3.373e+27 3.379e-30 2.223e-18 2.793e-17
1.122e-10 1.855e+47 3.741e+27 3.747e-30 2.465e-18 3.098e-17
1.259e-10 1.634e+47 4.148e+27 4.155e-30 2.734e-18 3.435e-17
1.413e-10 1.439e+47 4.599e+27 4.607e-30 3.031e-18 3.809e-17
1.585e-10 1.267e+47 5.099e+27 5.107e-30 3.360e-18 4.222e-17
1.778e-10 1.116e+47 5.652e+27 5.661e-30 3.724e-18 4.680e-17
1.995e-10 9.820e+46 6.264e+27 6.274e-30 4.128e-18 5.187e-17
2.239e-10 8.644e+46 6.941e+27 6.953e-30 4.574e-18 5.748e-17
2.512e-10 7.608e+46 7.691e+27 7.704e-30 5.068e-18 6.369e-17
2.818e-10 6.695e+46 8.521e+27 8.535e-30 5.615e-18 7.056e-17
3.162e-10 5.891e+46 9.439e+27 9.455e-30 6.220e-18 7.816e-17
3.548e-10 5.183e+46 1.045e+28 1.047e-29 6.889e-18 8.657e-17
3.981e-10 4.559e+46 1.158e+28 1.160e-29 7.629e-18 9.587e-17
4.467e-10 4.010e+46 1.282e+28 1.284e-29 8.447e-18 1.062e-16
5.012e-10 3.527e+46 1.419e+28 1.422e-29 9.352e-18 1.175e-16
5.623e-10 3.101e+46 1.571e+28 1.574e-29 1.035e-17 1.301e-16
6.310e-10 2.726e+46 1.739e+28 1.742e-29 1.146e-17 1.440e-16
7.079e-10 2.397e+46 1.925e+28 1.928e-29 1.268e-17 1.594e-16
7.943e-10 2.107e+46 2.130e+28 2.133e-29 1.403e-17 1.764e-16
8.913e-10 1.852e+46 2.357e+28 2.361e-29 1.553e-17 1.951e-16
1.000e-09 1.627e+46 2.607e+28 2.612e-29 1.718e-17 2.159e-16
1.122e-09 1.430e+46 2.884e+28 2.889e-29 1.900e-17 2.388e-16
1.259e-09 1.256e+46 3.190e+28 3.196e-29 2.102e-17 2.642e-16
1.413e-09 1.104e+46 3.528e+28 3.534e-29 2.325e-17 2.922e-16
1.585e-09 9.696e+45 3.902e+28 3.909e-29 2.571e-17 3.231e-16
1.778e-09 8.517e+45 4.315e+28 4.323e-29 2.844e-17 3.573e-16
1.995e-09 7.481e+45 4.772e+28 4.780e-29 3.144e-17 3.951e-16
2.239e-09 6.571e+45 5.276e+28 5.285e-29 3.477e-17 4.369e-16
2.512e-09 5.771e+45 5.834e+28 5.844e-29 3.844e-17 4.831e-16
2.818e-09 5.068e+45 6.450e+28 6.461e-29 4.250e-17 5.341e-16
3.162e-09 4.451e+45 7.131e+28 7.143e-29 4.699e-17 5.905e-16
3.548e-09 3.909e+45 7.884e+28 7.898e-29 5.195e-17 6.529e-16
3.981e-09 3.433e+45 8.717e+28 8.732e-29 5.744e-17 7.218e-16
4.467e-09 3.015e+45 9.638e+28 9.654e-29 6.351e-17 7.981e-16
5.012e-09 2.648e+45 1.066e+29 1.067e-28 7.022e-17 8.824e-16
5.623e-09 2.326e+45 1.178e+29 1.180e-28 7.764e-17 9.757e-16
6.310e-09 2.043e+45 1.303e+29 1.305e-28 8.585e-17 1.079e-15
7.079e-09 1.794e+45 1.441e+29 1.443e-28 9.493e-17 1.193e-15
7.943e-09 1.576e+45 1.593e+29 1.596e-28 1.050e-16 1.319e-15
8.913e-09 1.384e+45 1.762e+29 1.765e-28 1.161e-16 1.459e-15
1.000e-08 1.216e+45 1.948e+29 1.951e-28 1.284e-16 1.613e-15
1.122e-08 1.068e+45 2.154e+29 2.157e-28 1.419e-16 1.783e-15
1.259e-08 9.377e+44 2.381e+29 2.385e-28 1.569e-16 1.972e-15
1.413e-08 8.233e+44 2.632e+29 2.636e-28 1.734e-16 2.179e-15
1.585e-08 7.226e+44 2.908e+29 2.913e-28 1.916e-16 2.408e-15
1.778e-08 6.340e+44 3.212e+29 3.218e-28 2.117e-16 2.660e-15
1.995e-08 5.559e+44 3.546e+29 3.552e-28 2.337e-16 2.936e-15
2.239e-08 4.871e+44 3.911e+29 3.918e-28 2.577e-16 3.239e-15
2.512e-08 4.264e+44 4.310e+29 4.318e-28 2.840e-16 3.569e-15
2.818e-08 3.728e+44 4.744e+29 4.752e-28 3.126e-16 3.929e-15
3.162e-08 3.254e+44 5.214e+29 5.223e-28 3.436e-16 4.318e-15
3.548e-08 2.836e+44 5.720e+29 5.730e-28 3.769e-16 4.737e-15
3.981e-08 2.466e+44 6.261e+29 6.272e-28 4.126e-16 5.185e-15
4.467e-08 2.139e+44 6.836e+29 6.848e-28 4.505e-16 5.661e-15
5.012e-08 1.849e+44 7.442e+29 7.454e-28 4.904e-16 6.162e-15
5.623e-08 1.593e+44 8.072e+29 8.085e-28 5.319e-16 6.684e-15
6.310e-08 1.367e+44 8.718e+29 8.733e-28 5.745e-16 7.219e-15
7.079e-08 1.167e+44 9.369e+29 9.385e-28 6.174e-16 7.758e-15
7.943e-08 9.897e+43 1.001e+30 1.002e-27 6.593e-16 8.285e-15
8.913e-08 8.317e+43 1.058e+30 1.060e-27 6.975e-16 8.765e-15
1.000e-07 6.771e+43 1.085e+30 1.087e-27 7.148e-16 8.983e-15
1.122e-07 5.740e+43 1.158e+30 1.160e-27 7.629e-16 9.587e-15
1.259e-07 4.840e+43 1.229e+30 1.231e-27 8.098e-16 1.018e-14
1.413e-07 4.054e+43 1.296e+30 1.298e-27 8.539e-16 1.073e-14
1.585e-07 3.364e+43 1.354e+30 1.356e-27 8.920e-16 1.121e-14
1.778e-07 2.728e+43 1.382e+30 1.384e-27 9.107e-16 1.144e-14
1.995e-07 2.274e+43 1.450e+30 1.453e-27 9.556e-16 1.201e-14
2.239e-07 1.881e+43 1.510e+30 1.513e-27 9.951e-16 1.250e-14
2.512e-07 1.532e+43 1.549e+30 1.552e-27 1.021e-15 1.283e-14
2.818e-07 1.248e+43 1.589e+30 1.592e-27 1.047e-15 1.316e-14
3.162e-07 1.023e+43 1.639e+30 1.642e-27 1.080e-15 1.358e-14
3.548e-07 8.189e+42 1.652e+30 1.654e-27 1.088e-15 1.368e-14
3.981e-07 6.698e+42 1.701e+30 1.704e-27 1.121e-15 1.408e-14
4.467e-07 5.392e+42 1.724e+30 1.726e-27 1.136e-15 1.427e-14
5.012e-07 4.334e+42 1.744e+30 1.747e-27 1.149e-15 1.444e-14
5.623e-07 3.472e+42 1.759e+30 1.762e-27 1.159e-15 1.457e-14
6.310e-07 2.777e+42 1.771e+30 1.774e-27 1.167e-15 1.467e-14
7.079e-07 2.187e+42 1.756e+30 1.759e-27 1.157e-15 1.454e-14
7.943e-07 1.762e+42 1.782e+30 1.785e-27 1.174e-15 1.475e-14
8.913e-07 1.389e+42 1.768e+30 1.771e-27 1.165e-15 1.464e-14
1.000e-06 1.108e+42 1.775e+30 1.778e-27 1.169e-15 1.469e-14
1.122e-06 9.352e+41 1.886e+30 1.890e-27 1.243e-15 1.562e-14
1.259e-06 7.821e+41 1.986e+30 1.989e-27 1.309e-15 1.645e-14
1.413e-06 6.123e+41 1.957e+30 1.961e-27 1.290e-15 1.621e-14
1.585e-06 5.171e+41 2.081e+30 2.085e-27 1.371e-15 1.723e-14
1.778e-06 4.035e+41 2.044e+30 2.048e-27 1.347e-15 1.693e-14
1.995e-06 3.333e+41 2.126e+30 2.130e-27 1.401e-15 1.761e-14
2.239e-06 2.745e+41 2.205e+30 2.208e-27 1.453e-15 1.826e-14
2.512e-06 2.145e+41 2.168e+30 2.172e-27 1.429e-15 1.796e-14
2.818e-06 1.779e+41 2.264e+30 2.268e-27 1.492e-15 1.875e-14
3.162e-06 1.469e+41 2.353e+30 2.357e-27 1.550e-15 1.948e-14
3.548e-06 1.209e+41 2.439e+30 2.443e-27 1.607e-15 2.020e-14
3.981e-06 9.202e+40 2.337e+30 2.341e-27 1.540e-15 1.935e-14
4.467e-06 7.518e+40 2.403e+30 2.407e-27 1.584e-15 1.990e-14
5.012e-06 6.137e+40 2.470e+30 2.474e-27 1.627e-15 2.045e-14
5.623e-06 4.611e+40 2.336e+30 2.340e-27 1.540e-15 1.935e-14
6.310e-06 3.782e+40 2.412e+30 2.416e-27 1.590e-15 1.997e-14
7.079e-06 3.117e+40 2.503e+30 2.507e-27 1.649e-15 2.072e-14
7.943e-06 2.553e+40 2.581e+30 2.585e-27 1.701e-15 2.137e-14
8.913e-06 1.912e+40 2.433e+30 2.437e-27 1.603e-15 2.015e-14
1.000e-05 1.552e+40 2.486e+30 2.490e-27 1.638e-15 2.059e-14
1.122e-05 1.258e+40 2.538e+30 2.543e-27 1.673e-15 2.102e-14
1.259e-05 1.020e+40 2.591e+30 2.595e-27 1.707e-15 2.145e-14
1.413e-05 8.267e+39 2.643e+30 2.647e-27 1.742e-15 2.188e-14
1.585e-05 6.697e+39 2.695e+30 2.700e-27 1.776e-15 2.232e-14
1.778e-05 4.887e+39 2.476e+30 2.480e-27 1.632e-15 2.051e-14
1.995e-05 3.926e+39 2.504e+30 2.509e-27 1.650e-15 2.074e-14
2.239e-05 3.154e+39 2.533e+30 2.537e-27 1.669e-15 2.097e-14
2.512e-05 2.533e+39 2.561e+30 2.565e-27 1.687e-15 2.121e-14
2.818e-05 2.034e+39 2.589e+30 2.594e-27 1.706e-15 2.144e-14
3.162e-05 1.634e+39 2.617e+30 2.622e-27 1.725e-15 2.167e-14
3.548e-05 1.312e+39 2.646e+30 2.650e-27 1.743e-15 2.191e-14
3.981e-05 1.053e+39 2.674e+30 2.679e-27 1.762e-15 2.214e-14
4.467e-05 8.453e+38 2.702e+30 2.707e-27 1.781e-15 2.238e-14
5.012e-05 5.999e+38 2.414e+30 2.418e-27 1.591e-15 1.999e-14
5.623e-05 4.765e+38 2.414e+30 2.418e-27 1.591e-15 1.999e-14
6.310e-05 3.785e+38 2.414e+30 2.418e-27 1.591e-15 1.999e-14
7.079e-05 3.007e+38 2.414e+30 2.418e-27 1.591e-15 1.999e-14
7.943e-05 2.388e+38 2.414e+30 2.418e-27 1.591e-15 1.999e-14
8.913e-05 1.897e+38 2.414e+30 2.418e-27 1.591e-15 1.999e-14
1.000e-04 1.507e+38 2.414e+30 2.418e-27 1.591e-15 1.999e-14
1.122e-04 1.197e+38 2.414e+30 2.418e-27 1.591e-15 1.999e-14
1.259e-04 9.508e+37 2.414e+30 2.418e-27 1.591e-15 1.999e-14
1.413e-04 7.552e+37 2.414e+30 2.418e-27 1.591e-15 1.999e-14
1.585e-04 5.999e+37 2.414e+30 2.418e-27 1.591e-15 1.999e-14
1.778e-04 4.765e+37 2.414e+30 2.418e-27 1.591e-15 1.999e-14
1.995e-04 3.785e+37 2.414e+30 2.418e-27 1.591e-15 1.999e-14
2.239e-04 3.006e+37 2.414e+30 2.418e-27 1.591e-15 1.999e-14
2.512e-04 2.388e+37 2.414e+30 2.418e-27 1.591e-15 1.999e-14
2.818e-04 1.897e+37 2.414e+30 2.418e-27 1.591e-15 1.999e-14
3.162e-04 1.507e+37 2.414e+30 2.418e-27 1.591e-15 1.999e-14
3.548e-04 1.197e+37 2.414e+30 2.418e-27 1.591e-15 1.999e-14
3.981e-04 9.507e+36 2.414e+30 2.418e-27 1.591e-15 1.999e-14
4.467e-04 7.551e+36 2.414e+30 2.418e-27 1.591e-15 1.999e-14
5.012e-04 5.998e+36 2.414e+30 2.418e-27 1.591e-15 1.999e-14
5.623e-04 4.764e+36 2.414e+30 2.418e-27 1.591e-15 1.999e-14
6.310e-04 3.785e+36 2.414e+30 2.418e-27 1.591e-15 1.999e-14
7.079e-04 3.006e+36 2.414e+30 2.418e-27 1.591e-15 1.999e-14
7.943e-04 2.388e+36 2.414e+30 2.418e-27 1.591e-15 1.999e-14
8.913e-04 1.897e+36 2.414e+30 2.418e-27 1.591e-15 1.999e-14
1.000e-03 1.506e+36 2.414e+30 2.418e-27 1.590e-15 1.999e-14
1.122e-03 1.197e+36 2.414e+30 2.418e-27 1.590e-15 1.999e-14
1.259e-03 9.505e+35 2.413e+30 2.418e-27 1.590e-15 1.999e-14
1.413e-03 7.550e+35 2.413e+30 2.417e-27 1.590e-15 1.998e-14
1.585e-03 5.997e+35 2.413e+30 2.417e-27 1.590e-15 1.998e-14
1.778e-03 4.763e+35 2.413e+30 2.417e-27 1.590e-15 1.998e-14
1.995e-03 3.783e+35 2.413e+30 2.417e-27 1.590e-15 1.998e-14
2.239e-03 3.005e+35 2.413e+30 2.417e-27 1.590e-15 1.998e-14
2.512e-03 2.387e+35 2.413e+30 2.417e-27 1.590e-15 1.998e-14
2.818e-03 1.896e+35 2.413e+30 2.417e-27 1.590e-15 1.998e-14
3.162e-03 1.506e+35 2.412e+30 2.416e-27 1.590e-15 1.998e-14
3.548e-03 1.196e+35 2.412e+30 2.416e-27 1.589e-15 1.997e-14
3.981e-03 9.498e+34 2.412e+30 2.416e-27 1.589e-15 1.997e-14
4.467e-03 7.544e+34 2.412e+30 2.416e-27 1.589e-15 1.997e-14
5.012e-03 5.991e+34 2.411e+30 2.415e-27 1.589e-15 1.997e-14
5.623e-03 4.758e+34 2.411e+30 2.415e-27 1.589e-15 1.996e-14
6.310e-03 3.779e+34 2.411e+30 2.415e-27 1.588e-15 1.996e-14
7.079e-03 3.001e+34 2.410e+30 2.414e-27 1.588e-15 1.996e-14
7.943e-03 2.384e+34 2.410e+30 2.414e-27 1.588e-15 1.995e-14
8.913e-03 1.893e+34 2.409e+30 2.413e-27 1.587e-15 1.995e-14
1.000e-02 1.503e+34 2.408e+30 2.413e-27 1.587e-15 1.994e-14
1.122e-02 1.194e+34 2.408e+30 2.412e-27 1.587e-15 1.994e-14
1.259e-02 9.479e+33 2.407e+30 2.411e-27 1.586e-15 1.993e-14
1.413e-02 7.527e+33 2.406e+30 2.410e-27 1.586e-15 1.992e-14
1.585e-02 5.977e+33 2.405e+30 2.409e-27 1.585e-15 1.992e-14
1.778e-02 4.745e+33 2.404e+30 2.408e-27 1.584e-15 1.991e-14
1.995e-02 3.768e+33 2.403e+30 2.407e-27 1.584e-15 1.990e-14
2.239e-02 2.991e+33 2.402e+30 2.406e-27 1.583e-15 1.989e-14
2.512e-02 2.374e+33 2.400e+30 2.404e-27 1.582e-15 1.988e-14
2.818e-02 1.885e+33 2.399e+30 2.403e-27 1.581e-15 1.986e-14
3.162e-02 1.496e+33 2.397e+30 2.401e-27 1.580e-15 1.985e-14
3.548e-02 1.187e+33 2.395e+30 2.399e-27 1.578e-15 1.983e-14
3.981e-02 9.423e+32 2.393e+30 2.397e-27 1.577e-15 1.981e-14
4.467e-02 7.478e+32 2.390e+30 2.394e-27 1.575e-15 1.979e-14
5.012e-02 5.933e+32 2.388e+30 2.392e-27 1.573e-15 1.977e-14
5.623e-02 4.707e+32 2.385e+30 2.389e-27 1.571e-15 1.975e-14
6.310e-02 3.733e+32 2.381e+30 2.385e-27 1.569e-15 1.972e-14
7.079e-02 2.961e+32 2.378e+30 2.382e-27 1.567e-15 1.969e-14
7.943e-02 2.348e+32 2.374e+30 2.378e-27 1.564e-15 1.966e-14
8.913e-02 1.861e+32 2.369e+30 2.373e-27 1.561e-15 1.962e-14
1.000e-01 1.475e+32 2.364e+30 2.368e-27 1.558e-15 1.958e-14
1.122e-01 1.169e+32 2.358e+30 2.362e-27 1.554e-15 1.953e-14
1.259e-01 9.263e+31 2.352e+30 2.356e-27 1.550e-15 1.948e-14
1.413e-01 7.336e+31 2.345e+30 2.349e-27 1.545e-15 1.942e-14
1.585e-01 5.808e+31 2.338e+30 2.342e-27 1.540e-15 1.936e-14
1.778e-01 4.597e+31 2.329e+30 2.333e-27 1.535e-15 1.929e-14
1.995e-01 3.637e+31 2.320e+30 2.324e-27 1.529e-15 1.921e-14
2.239e-01 2.876e+31 2.309e+30 2.313e-27 1.522e-15 1.912e-14
2.512e-01 2.273e+31 2.298e+30 2.302e-27 1.514e-15 1.903e-14
2.818e-01 1.796e+31 2.285e+30 2.289e-27 1.506e-15 1.892e-14
3.162e-01 1.417e+31 2.271e+30 2.275e-27 1.497e-15 1.881e-14
3.548e-01 1.118e+31 2.256e+30 2.259e-27 1.486e-15 1.868e-14
3.981e-01 8.815e+30 2.238e+30 2.242e-27 1.475e-15 1.854e-14
4.467e-01 6.943e+30 2.220e+30 2.223e-27 1.463e-15 1.838e-14
5.012e-01 5.463e+30 2.199e+30 2.202e-27 1.449e-15 1.821e-14
5.623e-01 4.294e+30 2.176e+30 2.179e-27 1.434e-15 1.802e-14
6.310e-01 3.372e+30 2.151e+30 2.154e-27 1.417e-15 1.781e-14
7.079e-01 2.644e+30 2.123e+30 2.127e-27 1.399e-15 1.758e-14
7.943e-01 2.070e+30 2.093e+30 2.096e-27 1.379e-15 1.733e-14
8.913e-01 1.618e+30 2.059e+30 2.063e-27 1.357e-15 1.705e-14
1.000e+00 1.263e+30 2.023e+30 2.027e-27 1.333e-15 1.675e-14
1.122e+00 9.833e+29 1.983e+30 1.987e-27 1.307e-15 1.642e-14
1.259e+00 7.640e+29 1.940e+30 1.943e-27 1.278e-15 1.607e-14
1.413e+00 5.921e+29 1.893e+30 1.896e-27 1.247e-15 1.567e-14
1.585e+00 4.576e+29 1.842e+30 1.845e-27 1.214e-15 1.525e-14
1.778e+00 3.525e+29 1.786e+30 1.789e-27 1.177e-15 1.479e-14
1.995e+00 2.706e+29 1.726e+30 1.729e-27 1.137e-15 1.429e-14
2.239e+00 2.068e+29 1.661e+30 1.664e-27 1.094e-15 1.375e-14
2.512e+00 1.573e+29 1.591e+30 1.593e-27 1.048e-15 1.317e-14
2.818e+00 1.191e+29 1.515e+30 1.518e-27 9.985e-16 1.255e-14
3.162e+00 8.953e+28 1.434e+30 1.437e-27 9.452e-16 1.188e-14
3.548e+00 6.684e+28 1.348e+30 1.350e-27 8.884e-16 1.116e-14
3.981e+00 4.947e+28 1.256e+30 1.258e-27 8.278e-16 1.040e-14
4.467e+00 3.626e+28 1.159e+30 1.161e-27 7.638e-16 9.598e-15
5.012e+00 2.627e+28 1.057e+30 1.059e-27 6.966e-16 8.753e-15
5.623e+00 1.878e+28 9.513e+29 9.530e-28 6.269e-16 7.878e-15
6.310e+00 1.324e+28 8.444e+29 8.458e-28 5.564e-16 6.992e-15
7.079e+00 9.232e+27 7.413e+29 7.426e-28 4.885e-16 6.139e-15
7.943e+00 6.375e+27 6.445e+29 6.456e-28 4.247e-16 5.337e-15
8.913e+00 4.392e+27 5.590e+29 5.599e-28 3.683e-16 4.629e-15
1.000e+01 3.018e+27 4.836e+29 4.844e-28 3.187e-16 4.005e-15
1.122e+01 2.069e+27 4.173e+29 4.180e-28 2.750e-16 3.455e-15
1.259e+01 1.414e+27 3.590e+29 3.596e-28 2.365e-16 2.972e-15
1.413e+01 9.629e+26 3.078e+29 3.083e-28 2.028e-16 2.549e-15
1.585e+01 6.536e+26 2.630e+29 2.635e-28 1.733e-16 2.178e-15
1.778e+01 4.419e+26 2.239e+29 2.243e-28 1.475e-16 1.854e-15
1.995e+01 2.976e+26 1.898e+29 1.901e-28 1.251e-16 1.572e-15
2.239e+01 1.994e+26 1.601e+29 1.604e-28 1.055e-16 1.326e-15
2.512e+01 1.330e+26 1.344e+29 1.347e-28 8.859e-17 1.113e-15
2.818e+01 8.818e+25 1.122e+29 1.124e-28 7.395e-17 9.293e-16
3.162e+01 5.811e+25 9.311e+28 9.327e-29 6.136e-17 7.710e-16
3.548e+01 3.804e+25 7.673e+28 7.686e-29 5.056e-17 6.353e-16
3.981e+01 2.471e+25 6.275e+28 6.286e-29 4.135e-17 5.196e-16
4.467e+01 1.592e+25 5.090e+28 5.099e-29 3.354e-17 4.215e-16
5.012e+01 1.017e+25 4.091e+28 4.098e-29 2.696e-17 3.388e-16
5.623e+01 6.425e+24 3.255e+28 3.261e-29 2.145e-17 2.695e-16
6.310e+01 4.015e+24 2.561e+28 2.565e-29 1.688e-17 2.121e-16
7.079e+01 2.479e+24 1.990e+28 1.994e-29 1.312e-17 1.648e-16
7.943e+01 1.509e+24 1.526e+28 1.528e-29 1.006e-17 1.264e-16
8.913e+01 9.055e+23 1.152e+28 1.154e-29 7.594e-18 9.542e-17
1.000e+02 5.342e+23 8.559e+27 8.574e-30 5.640e-18 7.088e-17
1.122e+02 3.095e+23 6.242e+27 6.253e-30 4.113e-18 5.169e-17
1.259e+02 1.757e+23 4.462e+27 4.469e-30 2.940e-18 3.695e-17
1.413e+02 9.756e+22 3.119e+27 3.124e-30 2.055e-18 2.583e-17
1.585e+02 5.286e+22 2.127e+27 2.131e-30 1.402e-18 1.762e-17
1.778e+02 2.788e+22 1.413e+27 1.415e-30 9.308e-19 1.170e-17
1.995e+02 1.427e+22 9.105e+26 9.120e-31 6.000e-19 7.539e-18
2.239e+02 7.073e+21 5.679e+26 5.689e-31 3.742e-19 4.703e-18
2.512e+02 3.380e+21 3.417e+26 3.422e-31 2.251e-19 2.829e-18
2.818e+02 1.552e+21 1.975e+26 1.978e-31 1.301e-19 1.635e-18
3.162e+02 6.818e+20 1.092e+26 1.094e-31 7.198e-20 9.046e-19
3.548e+02 2.852e+20 5.753e+25 5.763e-32 3.791e-20 4.764e-19
3.981e+02 1.130e+20 2.869e+25 2.874e-32 1.891e-20 2.376e-19
4.467e+02 4.211e+19 1.346e+25 1.348e-32 8.870e-21 1.115e-19
5.012e+02 1.464e+19 5.892e+24 5.902e-33 3.883e-21 4.879e-20
5.623e+02 4.693e+18 2.378e+24 2.382e-33 1.567e-21 1.969e-20
6.310e+02 1.360e+18 8.673e+23 8.688e-34 5.715e-22 7.182e-21
7.079e+02 3.411e+17 2.739e+23 2.744e-34 1.805e-22 2.268e-21
7.943e+02 6.564e+16 6.635e+22 6.647e-35 4.372e-23 5.495e-22
8.913e+02 5.556e+15 7.071e+21 7.083e-36 4.660e-24 5.855e-23
1.000e+03 0.000e+00 0.000e+00 0.000e+00 0.000e+00 0.000e+00
1.122e+03 0.000e+00 0.000e+00 0.000e+00 0.000e+00 0.000e+00
1.259e+03 0.000e+00 0.000e+00 0.000e+00 0.000e+00 0.000e+00
1.413e+03 0.000e+00 0.000e+00 0.000e+00 0.000e+00 0.000e+00
1.585e+03 0.000e+00 0.000e+00 0.000e+00 0.000e+00 0.000e+00
1.778e+03 0.000e+00 0.000e+00 0.000e+00 0.000e+00 0.000e+00
1.995e+03 0.000e+00 0.000e+00 0.000e+00 0.000e+00 0.000e+00
2.239e+03 0.000e+00 0.000e+00 0.000e+00 0.000e+00 0.000e+00
2.512e+03 0.000e+00 0.000e+00 0.000e+00 0.000e+00 0.000e+00
2.818e+03 0.000e+00 0.000e+00 0.000e+00 0.000e+00 0.000e+00
3.162e+03 0.000e+00 0.000e+00 0.000e+00 0.000e+00 0.000e+00
3.548e+03 0.000e+00 0.000e+00 0.000e+00 0.000e+00 0.000e+00
3.981e+03 0.000e+00 0.000e+00 0.000e+00 0.000e+00 0.000e+00
4.467e+03 0.000e+00 0.000e+00 0.000e+00 0.000e+00 0.000e+00
5.012e+03 0.000e+00 0.000e+00 0.000e+00 0.000e+00 0.000e+00
5.623e+03 0.000e+00 0.000e+00 0.000e+00 0.000e+00 0.000e+00
6.310e+03 0.000e+00 0.000e+00 0.000e+00 0.000e+00 0.000e+00
7.079e+03 0.000e+00 0.000e+00 0.000e+00 0.000e+00 0.000e+00
7.943e+03 0.000e+00 0.000e+00 0.000e+00 0.000e+00 0.000e+00
8.913e+03 0.000e+00 0.000e+00 0.000e+00 0.000e+00 0.000e+00
1.000e+04 0.000e+00 0.000e+00 0.000e+00 0.000e+00 0.000e+00
1.122e+04 0.000e+00 0.000e+00 0.000e+00 0.000e+00 0.000e+00
1.259e+04 0.000e+00 0.000e+00 0.000e+00 0.000e+00 0.000e+00
1.413e+04 0.000e+00 0.000e+00 0.000e+00 0.000e+00 0.000e+00
1.585e+04 0.000e+00 0.000e+00 0.000e+00 0.000e+00 0.000e+00
1.778e+04 0.000e+00 0.000e+00 0.000e+00 0.000e+00 0.000e+00
1.995e+04 0.000e+00 0.000e+00 0.000e+00 0.000e+00 0.000e+00
2.239e+04 0.000e+00 0.000e+00 0.000e+00 0.000e+00 0.000e+00
2.512e+04 0.000e+00 0.000e+00 0.000e+00 0.000e+00 0.000e+00
2.818e+04 0.000e+00 0.000e+00 0.000e+00 0.000e+00 0.000e+00
3.162e+04 0.000e+00 0.000e+00 0.000e+00 0.000e+00 0.000e+00
3.548e+04 0.000e+00 0.000e+00 0.000e+00 0.000e+00 0.000e+00
3.981e+04 0.000e+00 0.000e+00 0.000e+00 0.000e+00 0.000e+00
4.467e+04 0.000e+00 0.000e+00 0.000e+00 0.000e+00 0.000e+00
5.012e+04 0.000e+00 0.000e+00 0.000e+00 0.000e+00 0.000e+00
5.623e+04 0.000e+00 0.000e+00 0.000e+00 0.000e+00 0.000e+00
6.310e+04 0.000e+00 0.000e+00 0.000e+00 0.000e+00 0.000e+00
7.079e+04 0.000e+00 0.000e+00 0.000e+00 0.000e+00 0.000e+00
7.943e+04 0.000e+00 0.000e+00 0.000e+00 0.000e+00 0.000e+00
8.913e+04 0.000e+00 0.000e+00 0.000e+00 0.000e+00 0.000e+00
1.000e+05 0.000e+00 0.000e+00 0.000e+00 0.000e+00 0.000e+00
1.122e+05 0.000e+00 0.000e+00 0.000e+00 0.000e+00 0.000e+00
1.259e+05 0.000e+00 0.000e+00 0.000e+00 0.000e+00 0.000e+00
1.413e+05 0.000e+00 0.000e+00 0.000e+00 0.000e+00 0.000e+00
1.585e+05 0.000e+00 0.000e+00 0.000e+00 0.000e+00 0.000e+00
1.778e+05 0.000e+00 0.000e+00 0.000e+00 0.000e+00 0.000e+00
1.995e+05 0.000e+00 0.000e+00 0.000e+00 0.000e+00 0.000e+00
2.239e+05 0.000e+00 0.000e+00 0.000e+00 0.000e+00 0.000e+00
2.512e+05 0.000e+00 0.000e+00 0.000e+00 0.000e+00 0.000e+00
2.818e+05 0.000e+00 0.000e+00 0.000e+00 0.000e+00 0.000e+00
3.162e+05 0.000e+00 0.000e+00 0.000e+00 0.000e+00 0.000e+00
3.548e+05 0.000e+00 0.000e+00 0.000e+00 0.000e+00 0.000e+00
3.981e+05 0.000e+00 0.000e+00 0.000e+00 0.000e+00 0.000e+00
4.467e+05 0.000e+00 0.000e+00 0.000e+00 0.000e+00 0.000e+00
5.012e+05 0.000e+00 0.000e+00 0.000e+00 0.000e+00 0.000e+00
5.623e+05 0.000e+00 0.000e+00 0.000e+00 0.000e+00 0.000e+00
6.310e+05 0.000e+00 0.000e+00 0.000e+00 0.000e+00 0.000e+00
7.079e+05 0.000e+00 0.000e+00 0.000e+00 0.000e+00 0.000e+00
7.943e+05 0.000e+00 0.000e+00 0.000e+00 0.000e+00 0.000e+00
8.913e+05 0.000e+00 0.000e+00 0.000e+00 0.000e+00 0.000e+00
1.000e+06 0.000e+00 0.000e+00 0.000e+00 0.000e+00 0.000e+00
1.122e+06 0.000e+00 0.000e+00 0.000e+00 0.000e+00 0.000e+00
1.259e+06 0.000e+00 0.000e+00 0.000e+00 0.000e+00 0.000e+00
1.413e+06 0.000e+00 0.000e+00 0.000e+00 0.000e+00 0.000e+00
1.585e+06 0.000e+00 0.000e+00 0.000e+00 0.000e+00 0.000e+00
1.778e+06 0.000e+00 0.000e+00 0.000e+00 0.000e+00 0.000e+00
1.995e+06 0.000e+00 0.000e+00 0.000e+00 0.000e+00 0.000e+00
2.239e+06 0.000e+00 0.000e+00 0.000e+00 0.000e+00 0.000e+00
2.512e+06 0.000e+00 0.000e+00 0.000e+00 0.000e+00 0.000e+00
2.818e+06 0.000e+00 0.000e+00 0.000e+00 0.000e+00 0.000e+00
3.162e+06 0.000e+00 0.000e+00 0.000e+00 0.000e+00 0.000e+00
3.548e+06 0.000e+00 0.000e+00 0.000e+00 0.000e+00 0.000e+00
3.981e+06 0.000e+00 0.000e+00 0.000e+00 0.000e+00 0.000e+00
4.467e+06 0.000e+00 0.000e+00 0.000e+00 0.000e+00 0.000e+00
5.012e+06 0.000e+00 0.000e+00 0.000e+00 0.000e+00 0.000e+00
5.623e+06 0.000e+00 0.000e+00 0.000e+00 0.000e+00 0.000e+00
6.310e+06 0.000e+00 0.000e+00 0.000e+00 0.000e+00 0.000e+00
7.079e+06 0.000e+00 0.000e+00 0.000e+00 0.000e+00 0.000e+00
7.943e+06 0.000e+00 0.000e+00 0.000e+00 0.000e+00 0.000e+00
8.913e+06 0.000e+00 0.000e+00 0.000e+00 0.000e+00 0.000e+00
1.000e+07 0.000e+00 0.000e+00 0.000e+00 0.000e+00 0.000e+00
1.122e+07 0.000e+00 0.000e+00 0.000e+00 0.000e+00 0.000e+00
1.259e+07 0.000e+00 0.000e+00 0.000e+00 0.000e+00 0.000e+00
1.413e+07 0.000e+00 0.000e+00 0.000e+00 0.000e+00 0.000e+00
1.585e+07 0.000e+00 0.000e+00 0.000e+00 0.000e+00 0.000e+00
1.778e+07 0.000e+00 0.000e+00 0.000e+00 0.000e+00 0.000e+00
1.995e+07 0.000e+00 0.000e+00 0.000e+00 0.000e+00 0.000e+00
2.239e+07 0.000e+00 0.000e+00 0.000e+00 0.000e+00 0.000e+00
2.512e+07 0.000e+00 0.000e+00 0.000e+00 0.000e+00 0.000e+00
2.818e+07 0.000e+00 0.000e+00 0.000e+00 0.000e+00 0.000e+00
3.162e+07 0.000e+00 0.000e+00 0.000e+00 0.000e+00 0.000e+00
3.548e+07 0.000e+00 0.000e+00 0.000e+00 0.000e+00 0.000e+00
3.981e+07 0.000e+00 0.000e+00 0.000e+00 0.000e+00 0.000e+00
4.467e+07 0.000e+00 0.000e+00 0.000e+00 0.000e+00 0.000e+00
5.012e+07 0.000e+00 0.000e+00 0.000e+00 0.000e+00 0.000e+00
5.623e+07 0.000e+00 0.000e+00 0.000e+00 0.000e+00 0.000e+00
6.310e+07 0.000e+00 0.000e+00 0.000e+00 0.000e+00 0.000e+00
7.079e+07 0.000e+00 0.000e+00 0.000e+00 0.000e+00 0.000e+00
7.943e+07 0.000e+00 0.000e+00 0.000e+00 0.000e+00 0.000e+00
8.913e+07 0.000e+00 0.000e+00 0.000e+00 0.000e+00 0.000e+00
1.000e+08 0.000e+00 0.000e+00 0.000e+00 0.000e+00 0.000e+00
