6.110e-07 2.815e+59 1.051e+47
6.856e-07 2.236e+59 1.051e+47
7.692e-07 1.776e+59 1.051e+47
8.631e-07 1.411e+59 1.051e+47
9.684e-07 1.121e+59 1.051e+47
1.087e-06 8.902e+58 1.051e+47
1.219e-06 7.071e+58 1.051e+47
1.368e-06 5.617e+58 1.051e+47
1.535e-06 4.462e+58 1.051e+47
1.722e-06 3.544e+58 1.051e+47
1.932e-06 2.815e+58 1.051e+47
2.168e-06 2.236e+58 1.051e+47
2.432e-06 1.776e+58 1.051e+47
2.729e-06 1.411e+58 1.051e+47
3.062e-06 1.121e+58 1.051e+47
3.436e-06 8.902e+57 1.051e+47
3.855e-06 7.071e+57 1.051e+47
4.326e-06 5.617e+57 1.051e+47
4.853e-06 4.462e+57 1.051e+47
5.446e-06 3.544e+57 1.051e+47
6.110e-06 2.815e+57 1.051e+47
6.856e-06 2.236e+57 1.051e+47
7.692e-06 1.776e+57 1.051e+47
8.631e-06 1.411e+57 1.051e+47
9.684e-06 1.121e+57 1.051e+47
1.087e-05 8.902e+56 1.051e+47
1.219e-05 7.071e+56 1.051e+47
1.368e-05 5.617e+56 1.051e+47
1.535e-05 4.462e+56 1.051e+47
1.722e-05 3.544e+56 1.051e+47
1.932e-05 2.815e+56 1.051e+47
2.168e-05 2.236e+56 1.051e+47
2.432e-05 1.776e+56 1.051e+47
2.729e-05 1.411e+56 1.051e+47
3.062e-05 1.121e+56 1.051e+47
3.436e-05 8.902e+55 1.051e+47
3.855e-05 7.071e+55 1.051e+47
4.326e-05 5.617e+55 1.051e+47
4.853e-05 4.462e+55 1.051e+47
5.446e-05 3.544e+55 1.051e+47
6.110e-05 2.815e+55 1.051e+47
6.856e-05 2.236e+55 1.051e+47
7.692e-05 1.776e+55 1.051e+47
8.631e-05 1.411e+55 1.051e+47
9.684e-05 1.121e+55 1.051e+47
1.087e-04 8.902e+54 1.051e+47
1.219e-04 7.071e+54 1.051e+47
1.368e-04 5.617e+54 1.051e+47
1.535e-04 4.462e+54 1.051e+47
1.722e-04 3.544e+54 1.051e+47
1.932e-04 2.815e+54 1.051e+47
2.168e-04 2.236e+54 1.051e+47
2.432e-04 1.776e+54 1.051e+47
2.729e-04 1.411e+54 1.051e+47
3.062e-04 1.121e+54 1.051e+47
3.436e-04 8.902e+53 1.051e+47
3.855e-04 7.071e+53 1.051e+47
4.326e-04 5.617e+53 1.051e+47
4.853e-04 4.462e+53 1.051e+47
5.446e-04 3.544e+53 1.051e+47
6.110e-04 2.815e+53 1.051e+47
6.856e-04 2.236e+53 1.051e+47
7.692e-04 1.776e+53 1.051e+47
8.631e-04 1.411e+53 1.051e+47
9.684e-04 1.121e+53 1.051e+47
1.087e-03 8.902e+52 1.051e+47
1.219e-03 7.071e+52 1.051e+47
1.368e-03 5.617e+52 1.051e+47
1.535e-03 4.462e+52 1.051e+47
1.722e-03 3.544e+52 1.051e+47
1.932e-03 2.815e+52 1.051e+47
2.168e-03 2.236e+52 1.051e+47
2.432e-03 1.776e+52 1.051e+47
2.729e-03 1.411e+52 1.051e+47
3.062e-03 1.121e+52 1.051e+47
3.436e-03 8.902e+51 1.051e+47
3.855e-03 7.071e+51 1.051e+47
4.326e-03 5.617e+51 1.051e+47
4.853e-03 4.461e+51 1.051e+47
5.446e-03 3.544e+51 1.051e+47
6.110e-03 2.815e+51 1.051e+47
6.856e-03 2.236e+51 1.051e+47
7.692e-03 1.776e+51 1.051e+47
8.631e-03 1.411e+51 1.051e+47
9.684e-03 1.121e+51 1.051e+47
1.087e-02 8.901e+50 1.051e+47
1.219e-02 7.070e+50 1.051e+47
1.368e-02 5.616e+50 1.051e+47
1.535e-02 4.461e+50 1.051e+47
1.722e-02 3.543e+50 1.051e+47
1.932e-02 2.815e+50 1.051e+47
2.168e-02 2.236e+50 1.051e+47
2.432e-02 1.776e+50 1.051e+47
2.729e-02 1.411e+50 1.051e+47
3.062e-02 1.120e+50 1.051e+47
3.436e-02 8.899e+49 1.051e+47
3.855e-02 7.069e+49 1.051e+47
4.326e-02 5.615e+49 1.050e+47
4.853e-02 4.460e+49 1.050e+47
5.446e-02 3.542e+49 1.050e+47
6.110e-02 2.813e+49 1.050e+47
6.856e-02 2.235e+49 1.050e+47
7.692e-02 1.775e+49 1.050e+47
8.631e-02 1.410e+49 1.050e+47
9.684e-02 1.120e+49 1.050e+47
1.087e-01 8.893e+48 1.050e+47
1.219e-01 7.063e+48 1.050e+47
1.368e-01 5.608e+48 1.049e+47
1.535e-01 4.454e+48 1.049e+47
1.722e-01 3.538e+48 1.049e+47
1.932e-01 2.809e+48 1.049e+47
2.168e-01 2.231e+48 1.049e+47
2.432e-01 1.772e+48 1.048e+47
2.729e-01 1.407e+48 1.048e+47
3.062e-01 1.117e+48 1.048e+47
3.436e-01 8.870e+47 1.047e+47
3.855e-01 7.043e+47 1.047e+47
4.326e-01 5.592e+47 1.046e+47
4.853e-01 4.439e+47 1.046e+47
5.446e-01 3.524e+47 1.045e+47
6.110e-01 2.797e+47 1.044e+47
6.856e-01 2.220e+47 1.043e+47
7.692e-01 1.762e+47 1.042e+47
8.631e-01 1.398e+47 1.041e+47
9.684e-01 1.109e+47 1.040e+47
1.087e+00 8.798e+46 1.039e+47
1.219e+00 6.978e+46 1.037e+47
1.368e+00 5.533e+46 1.035e+47
1.535e+00 4.386e+46 1.033e+47
1.722e+00 3.476e+46 1.031e+47
1.932e+00 2.754e+46 1.028e+47
2.168e+00 2.181e+46 1.025e+47
2.432e+00 1.726e+46 1.022e+47
2.729e+00 1.366e+46 1.017e+47
3.062e+00 1.080e+46 1.013e+47
3.436e+00 8.532e+45 1.007e+47
3.855e+00 6.734e+45 1.001e+47
4.326e+00 5.308e+45 9.931e+46
4.853e+00 4.177e+45 9.840e+46
5.446e+00 3.281e+45 9.729e+46
6.110e+00 2.570e+45 9.594e+46
6.856e+00 2.005e+45 9.424e+46
7.692e+00 1.556e+45 9.204e+46
8.631e+00 1.196e+45 8.909e+46
9.684e+00 9.048e+44 8.485e+46
1.087e+01 6.612e+44 7.805e+46
1.219e+01 4.690e+44 6.970e+46
1.368e+01 3.212e+44 6.009e+46
1.535e+01 2.193e+44 5.165e+46
1.722e+01 1.492e+44 4.425e+46
1.932e+01 1.012e+44 3.777e+46
2.168e+01 6.832e+43 3.211e+46
2.432e+01 4.594e+43 2.718e+46
2.729e+01 3.074e+43 2.290e+46
3.062e+01 2.046e+43 1.919e+46
3.436e+01 1.354e+43 1.599e+46
3.855e+01 8.905e+42 1.324e+46
4.326e+01 5.816e+42 1.088e+46
4.853e+01 3.769e+42 8.878e+45
5.446e+01 2.422e+42 7.183e+45
6.110e+01 1.542e+42 5.757e+45
6.856e+01 9.719e+41 4.568e+45
7.692e+01 6.056e+41 3.583e+45
8.631e+01 3.727e+41 2.776e+45
9.684e+01 2.263e+41 2.122e+45
1.087e+02 1.353e+41 1.597e+45
1.219e+02 7.953e+40 1.182e+45
1.368e+02 4.589e+40 8.587e+44
1.535e+02 2.595e+40 6.112e+44
1.722e+02 1.434e+40 4.252e+44
1.932e+02 7.727e+39 2.885e+44
2.168e+02 4.049e+39 1.903e+44
2.432e+02 2.057e+39 1.217e+44
2.729e+02 1.010e+39 7.520e+43
3.062e+02 4.768e+38 4.471e+43
3.436e+02 2.158e+38 2.548e+43
3.855e+02 9.313e+37 1.384e+43
4.326e+02 3.811e+37 7.130e+42
4.853e+02 1.469e+37 3.461e+42
5.446e+02 5.299e+36 1.571e+42
6.110e+02 1.770e+36 6.607e+41
6.856e+02 5.396e+35 2.536e+41
7.692e+02 1.458e+35 8.629e+40
8.631e+02 3.177e+34 2.367e+40
9.684e+02 2.742e+33 2.571e+39
