1.000e-20 0.000e+00 0.000e+00 0.000e+00 0.000e+00 0.000e+00
1.122e-20 0.000e+00 0.000e+00 0.000e+00 0.000e+00 0.000e+00
1.259e-20 0.000e+00 0.000e+00 0.000e+00 0.000e+00 0.000e+00
1.413e-20 0.000e+00 0.000e+00 0.000e+00 0.000e+00 0.000e+00
1.585e-20 0.000e+00 0.000e+00 0.000e+00 0.000e+00 0.000e+00
1.778e-20 0.000e+00 0.000e+00 0.000e+00 0.000e+00 0.000e+00
1.995e-20 0.000e+00 0.000e+00 0.000e+00 0.000e+00 0.000e+00
2.239e-20 0.000e+00 0.000e+00 0.000e+00 0.000e+00 0.000e+00
2.512e-20 0.000e+00 0.000e+00 0.000e+00 0.000e+00 0.000e+00
2.818e-20 0.000e+00 0.000e+00 0.000e+00 0.000e+00 0.000e+00
3.162e-20 0.000e+00 0.000e+00 0.000e+00 0.000e+00 0.000e+00
3.548e-20 0.000e+00 0.000e+00 0.000e+00 0.000e+00 0.000e+00
3.981e-20 0.000e+00 0.000e+00 0.000e+00 0.000e+00 0.000e+00
4.467e-20 0.000e+00 0.000e+00 0.000e+00 0.000e+00 0.000e+00
5.012e-20 0.000e+00 0.000e+00 0.000e+00 0.000e+00 0.000e+00
5.623e-20 0.000e+00 0.000e+00 0.000e+00 0.000e+00 0.000e+00
6.310e-20 0.000e+00 0.000e+00 0.000e+00 0.000e+00 0.000e+00
7.079e-20 0.000e+00 0.000e+00 0.000e+00 0.000e+00 0.000e+00
7.943e-20 0.000e+00 0.000e+00 0.000e+00 0.000e+00 0.000e+00
8.913e-20 0.000e+00 0.000e+00 0.000e+00 0.000e+00 0.000e+00
1.000e-19 0.000e+00 0.000e+00 0.000e+00 0.000e+00 0.000e+00
1.122e-19 0.000e+00 0.000e+00 0.000e+00 0.000e+00 0.000e+00
1.259e-19 0.000e+00 0.000e+00 0.000e+00 0.000e+00 0.000e+00
1.413e-19 0.000e+00 0.000e+00 0.000e+00 0.000e+00 0.000e+00
1.585e-19 0.000e+00 0.000e+00 0.000e+00 0.000e+00 0.000e+00
1.778e-19 0.000e+00 0.000e+00 0.000e+00 0.000e+00 0.000e+00
1.995e-19 0.000e+00 0.000e+00 0.000e+00 0.000e+00 0.000e+00
2.239e-19 0.000e+00 0.000e+00 0.000e+00 0.000e+00 0.000e+00
2.512e-19 0.000e+00 0.000e+00 0.000e+00 0.000e+00 0.000e+00
2.818e-19 0.000e+00 0.000e+00 0.000e+00 0.000e+00 0.000e+00
3.162e-19 0.000e+00 0.000e+00 0.000e+00 0.000e+00 0.000e+00
3.548e-19 0.000e+00 0.000e+00 0.000e+00 0.000e+00 0.000e+00
3.981e-19 0.000e+00 0.000e+00 0.000e+00 0.000e+00 0.000e+00
4.467e-19 0.000e+00 0.000e+00 0.000e+00 0.000e+00 0.000e+00
5.012e-19 0.000e+00 0.000e+00 0.000e+00 0.000e+00 0.000e+00
5.623e-19 0.000e+00 0.000e+00 0.000e+00 0.000e+00 0.000e+00
6.310e-19 0.000e+00 0.000e+00 0.000e+00 0.000e+00 0.000e+00
7.079e-19 0.000e+00 0.000e+00 0.000e+00 0.000e+00 0.000e+00
7.943e-19 0.000e+00 0.000e+00 0.000e+00 0.000e+00 0.000e+00
8.913e-19 0.000e+00 0.000e+00 0.000e+00 0.000e+00 0.000e+00
1.000e-18 0.000e+00 0.000e+00 0.000e+00 0.000e+00 0.000e+00
1.122e-18 0.000e+00 0.000e+00 0.000e+00 0.000e+00 0.000e+00
1.259e-18 0.000e+00 0.000e+00 0.000e+00 0.000e+00 0.000e+00
1.413e-18 0.000e+00 0.000e+00 0.000e+00 0.000e+00 0.000e+00
1.585e-18 0.000e+00 0.000e+00 0.000e+00 0.000e+00 0.000e+00
1.778e-18 0.000e+00 0.000e+00 0.000e+00 0.000e+00 0.000e+00
1.995e-18 0.000e+00 0.000e+00 0.000e+00 0.000e+00 0.000e+00
2.239e-18 0.000e+00 0.000e+00 0.000e+00 0.000e+00 0.000e+00
2.512e-18 0.000e+00 0.000e+00 0.000e+00 0.000e+00 0.000e+00
2.818e-18 0.000e+00 0.000e+00 0.000e+00 0.000e+00 0.000e+00
3.162e-18 0.000e+00 0.000e+00 0.000e+00 0.000e+00 0.000e+00
3.548e-18 0.000e+00 0.000e+00 0.000e+00 0.000e+00 0.000e+00
3.981e-18 0.000e+00 0.000e+00 0.000e+00 0.000e+00 0.000e+00
4.467e-18 0.000e+00 0.000e+00 0.000e+00 0.000e+00 0.000e+00
5.012e-18 0.000e+00 0.000e+00 0.000e+00 0.000e+00 0.000e+00
5.623e-18 0.000e+00 0.000e+00 0.000e+00 0.000e+00 0.000e+00
6.310e-18 0.000e+00 0.000e+00 0.000e+00 0.000e+00 0.000e+00
7.079e-18 0.000e+00 0.000e+00 0.000e+00 0.000e+00 0.000e+00
7.943e-18 0.000e+00 0.000e+00 0.000e+00 0.000e+00 0.000e+00
8.913e-18 0.000e+00 0.000e+00 0.000e+00 0.000e+00 0.000e+00
1.000e-17 0.000e+00 0.000e+00 0.000e+00 0.000e+00 0.000e+00
1.122e-17 0.000e+00 0.000e+00 0.000e+00 0.000e+00 0.000e+00
1.259e-17 0.000e+00 0.000e+00 0.000e+00 0.000e+00 0.000e+00
1.413e-17 0.000e+00 0.000e+00 0.000e+00 0.000e+00 0.000e+00
1.585e-17 0.000e+00 0.000e+00 0.000e+00 0.000e+00 0.000e+00
1.778e-17 0.000e+00 0.000e+00 0.000e+00 0.000e+00 0.000e+00
1.995e-17 0.000e+00 0.000e+00 0.000e+00 0.000e+00 0.000e+00
2.239e-17 0.000e+00 0.000e+00 0.000e+00 0.000e+00 0.000e+00
2.512e-17 0.000e+00 0.000e+00 0.000e+00 0.000e+00 0.000e+00
2.818e-17 0.000e+00 0.000e+00 0.000e+00 0.000e+00 0.000e+00
3.162e-17 0.000e+00 0.000e+00 0.000e+00 0.000e+00 0.000e+00
3.548e-17 0.000e+00 0.000e+00 0.000e+00 0.000e+00 0.000e+00
3.981e-17 0.000e+00 0.000e+00 0.000e+00 0.000e+00 0.000e+00
4.467e-17 0.000e+00 0.000e+00 0.000e+00 0.000e+00 0.000e+00
5.012e-17 0.000e+00 0.000e+00 0.000e+00 0.000e+00 0.000e+00
5.623e-17 0.000e+00 0.000e+00 0.000e+00 0.000e+00 0.000e+00
6.310e-17 0.000e+00 0.000e+00 0.000e+00 0.000e+00 0.000e+00
7.079e-17 0.000e+00 0.000e+00 0.000e+00 0.000e+00 0.000e+00
7.943e-17 0.000e+00 0.000e+00 0.000e+00 0.000e+00 0.000e+00
8.913e-17 0.000e+00 0.000e+00 0.000e+00 0.000e+00 0.000e+00
1.000e-16 0.000e+00 0.000e+00 0.000e+00 0.000e+00 0.000e+00
1.122e-16 0.000e+00 0.000e+00 0.000e+00 0.000e+00 0.000e+00
1.259e-16 0.000e+00 0.000e+00 0.000e+00 0.000e+00 0.000e+00
1.413e-16 0.000e+00 0.000e+00 0.000e+00 0.000e+00 0.000e+00
1.585e-16 0.000e+00 0.000e+00 0.000e+00 0.000e+00 0.000e+00
1.778e-16 0.000e+00 0.000e+00 0.000e+00 0.000e+00 0.000e+00
1.995e-16 0.000e+00 0.000e+00 0.000e+00 0.000e+00 0.000e+00
2.239e-16 0.000e+00 0.000e+00 0.000e+00 0.000e+00 0.000e+00
2.512e-16 0.000e+00 0.000e+00 0.000e+00 0.000e+00 0.000e+00
2.818e-16 0.000e+00 0.000e+00 0.000e+00 0.000e+00 0.000e+00
3.162e-16 0.000e+00 0.000e+00 0.000e+00 0.000e+00 0.000e+00
3.548e-16 0.000e+00 0.000e+00 0.000e+00 0.000e+00 0.000e+00
3.981e-16 0.000e+00 0.000e+00 0.000e+00 0.000e+00 0.000e+00
4.467e-16 0.000e+00 0.000e+00 0.000e+00 0.000e+00 0.000e+00
5.012e-16 0.000e+00 0.000e+00 0.000e+00 0.000e+00 0.000e+00
5.623e-16 0.000e+00 0.000e+00 0.000e+00 0.000e+00 0.000e+00
6.310e-16 0.000e+00 0.000e+00 0.000e+00 0.000e+00 0.000e+00
7.079e-16 0.000e+00 0.000e+00 0.000e+00 0.000e+00 0.000e+00
7.943e-16 0.000e+00 0.000e+00 0.000e+00 0.000e+00 0.000e+00
8.913e-16 0.000e+00 0.000e+00 0.000e+00 0.000e+00 0.000e+00
1.000e-15 0.000e+00 0.000e+00 0.000e+00 0.000e+00 0.000e+00
1.122e-15 0.000e+00 0.000e+00 0.000e+00 0.000e+00 0.000e+00
1.259e-15 0.000e+00 0.000e+00 0.000e+00 0.000e+00 0.000e+00
1.413e-15 0.000e+00 0.000e+00 0.000e+00 0.000e+00 0.000e+00
1.585e-15 0.000e+00 0.000e+00 0.000e+00 0.000e+00 0.000e+00
1.778e-15 0.000e+00 0.000e+00 0.000e+00 0.000e+00 0.000e+00
1.995e-15 0.000e+00 0.000e+00 0.000e+00 0.000e+00 0.000e+00
2.239e-15 0.000e+00 0.000e+00 0.000e+00 0.000e+00 0.000e+00
2.512e-15 0.000e+00 0.000e+00 0.000e+00 0.000e+00 0.000e+00
2.818e-15 0.000e+00 0.000e+00 0.000e+00 0.000e+00 0.000e+00
3.162e-15 0.000e+00 0.000e+00 0.000e+00 0.000e+00 0.000e+00
3.548e-15 0.000e+00 0.000e+00 0.000e+00 0.000e+00 0.000e+00
3.981e-15 0.000e+00 0.000e+00 0.000e+00 0.000e+00 0.000e+00
4.467e-15 0.000e+00 0.000e+00 0.000e+00 0.000e+00 0.000e+00
5.012e-15 0.000e+00 0.000e+00 0.000e+00 0.000e+00 0.000e+00
5.623e-15 0.000e+00 0.000e+00 0.000e+00 0.000e+00 0.000e+00
6.310e-15 0.000e+00 0.000e+00 0.000e+00 0.000e+00 0.000e+00
7.079e-15 0.000e+00 0.000e+00 0.000e+00 0.000e+00 0.000e+00
7.943e-15 0.000e+00 0.000e+00 0.000e+00 0.000e+00 0.000e+00
8.913e-15 0.000e+00 0.000e+00 0.000e+00 0.000e+00 0.000e+00
1.000e-14 0.000e+00 0.000e+00 0.000e+00 0.000e+00 0.000e+00
1.122e-14 0.000e+00 0.000e+00 0.000e+00 0.000e+00 0.000e+00
1.259e-14 0.000e+00 0.000e+00 0.000e+00 0.000e+00 0.000e+00
1.413e-14 0.000e+00 0.000e+00 0.000e+00 0.000e+00 0.000e+00
1.585e-14 0.000e+00 0.000e+00 0.000e+00 0.000e+00 0.000e+00
1.778e-14 0.000e+00 0.000e+00 0.000e+00 0.000e+00 0.000e+00
1.995e-14 0.000e+00 0.000e+00 0.000e+00 0.000e+00 0.000e+00
2.239e-14 0.000e+00 0.000e+00 0.000e+00 0.000e+00 0.000e+00
2.512e-14 0.000e+00 0.000e+00 0.000e+00 0.000e+00 0.000e+00
2.818e-14 0.000e+00 0.000e+00 0.000e+00 0.000e+00 0.000e+00
3.162e-14 0.000e+00 0.000e+00 0.000e+00 0.000e+00 0.000e+00
3.548e-14 0.000e+00 0.000e+00 0.000e+00 0.000e+00 0.000e+00
3.981e-14 0.000e+00 0.000e+00 0.000e+00 0.000e+00 0.000e+00
4.467e-14 0.000e+00 0.000e+00 0.000e+00 0.000e+00 0.000e+00
5.012e-14 0.000e+00 0.000e+00 0.000e+00 0.000e+00 0.000e+00
5.623e-14 0.000e+00 0.000e+00 0.000e+00 0.000e+00 0.000e+00
6.310e-14 0.000e+00 0.000e+00 0.000e+00 0.000e+00 0.000e+00
7.079e-14 0.000e+00 0.000e+00 0.000e+00 0.000e+00 0.000e+00
7.943e-14 0.000e+00 0.000e+00 0.000e+00 0.000e+00 0.000e+00
8.913e-14 0.000e+00 0.000e+00 0.000e+00 0.000e+00 0.000e+00
1.000e-13 0.000e+00 0.000e+00 0.000e+00 0.000e+00 0.000e+00
1.122e-13 0.000e+00 0.000e+00 0.000e+00 0.000e+00 0.000e+00
1.259e-13 0.000e+00 0.000e+00 0.000e+00 0.000e+00 0.000e+00
1.413e-13 0.000e+00 0.000e+00 0.000e+00 0.000e+00 0.000e+00
1.585e-13 0.000e+00 0.000e+00 0.000e+00 0.000e+00 0.000e+00
1.778e-13 0.000e+00 0.000e+00 0.000e+00 0.000e+00 0.000e+00
1.995e-13 0.000e+00 0.000e+00 0.000e+00 0.000e+00 0.000e+00
2.239e-13 0.000e+00 0.000e+00 0.000e+00 0.000e+00 0.000e+00
2.512e-13 0.000e+00 0.000e+00 0.000e+00 0.000e+00 0.000e+00
2.818e-13 0.000e+00 0.000e+00 0.000e+00 0.000e+00 0.000e+00
3.162e-13 0.000e+00 0.000e+00 0.000e+00 0.000e+00 0.000e+00
3.548e-13 0.000e+00 0.000e+00 0.000e+00 0.000e+00 0.000e+00
3.981e-13 0.000e+00 0.000e+00 0.000e+00 0.000e+00 0.000e+00
4.467e-13 0.000e+00 0.000e+00 0.000e+00 0.000e+00 0.000e+00
5.012e-13 0.000e+00 0.000e+00 0.000e+00 0.000e+00 0.000e+00
5.623e-13 0.000e+00 0.000e+00 0.000e+00 0.000e+00 0.000e+00
6.310e-13 0.000e+00 0.000e+00 0.000e+00 0.000e+00 0.000e+00
7.079e-13 0.000e+00 0.000e+00 0.000e+00 0.000e+00 0.000e+00
7.943e-13 0.000e+00 0.000e+00 0.000e+00 0.000e+00 0.000e+00
8.913e-13 0.000e+00 0.000e+00 0.000e+00 0.000e+00 0.000e+00
1.000e-12 0.000e+00 0.000e+00 0.000e+00 0.000e+00 0.000e+00
1.122e-12 inf inf inf inf inf
1.259e-12 inf inf inf inf inf
1.413e-12 inf inf inf inf inf
1.585e-12 inf inf inf inf inf
1.778e-12 inf inf inf inf inf
1.995e-12 inf inf inf inf inf
2.239e-12 inf inf inf inf inf
2.512e-12 inf inf inf inf inf
2.818e-12 inf inf inf inf inf
3.162e-12 inf inf inf inf inf
3.548e-12 inf inf inf inf inf
3.981e-12 inf inf inf inf inf
4.467e-12 inf inf inf inf inf
5.012e-12 inf inf inf inf inf
5.623e-12 inf inf inf inf inf
6.310e-12 inf inf inf inf inf
7.079e-12 inf inf inf inf inf
7.943e-12 inf inf inf inf inf
8.913e-12 inf inf inf inf inf
1.000e-11 inf inf inf inf inf
1.122e-11 inf inf inf inf inf
1.259e-11 inf inf inf inf inf
1.413e-11 inf inf inf inf inf
1.585e-11 inf inf inf inf inf
1.778e-11 inf inf inf inf inf
1.995e-11 inf inf inf inf inf
2.239e-11 inf inf inf inf inf
2.512e-11 inf inf inf inf inf
2.818e-11 inf inf inf inf inf
3.162e-11 inf inf inf inf inf
3.548e-11 inf inf inf inf inf
3.981e-11 inf inf inf inf inf
4.467e-11 inf inf inf inf inf
5.012e-11 inf inf inf inf inf
5.623e-11 inf inf inf inf inf
6.310e-11 inf inf inf inf inf
7.079e-11 inf inf inf inf inf
7.943e-11 inf inf inf inf inf
8.913e-11 inf inf inf inf inf
1.000e-10 inf inf inf inf inf
1.122e-10 inf inf inf inf inf
1.259e-10 inf inf inf inf inf
1.413e-10 inf inf inf inf inf
1.585e-10 inf inf inf inf inf
1.778e-10 inf inf inf inf inf
1.995e-10 inf inf inf inf inf
2.239e-10 inf inf inf inf inf
2.512e-10 inf inf inf inf inf
2.818e-10 inf inf inf inf inf
3.162e-10 inf inf inf inf inf
3.548e-10 9.554e+46 1.927e+28 1.930e-29 2.540e-17 1.596e-16
3.981e-10 8.038e+46 2.041e+28 2.045e-29 2.690e-17 1.690e-16
4.467e-10 6.763e+46 2.162e+28 2.166e-29 2.849e-17 1.790e-16
5.012e-10 5.691e+46 2.290e+28 2.294e-29 3.018e-17 1.896e-16
5.623e-10 4.788e+46 2.426e+28 2.430e-29 3.197e-17 2.009e-16
6.310e-10 4.029e+46 2.570e+28 2.574e-29 3.387e-17 2.128e-16
7.079e-10 3.390e+46 2.722e+28 2.727e-29 3.587e-17 2.254e-16
7.943e-10 2.852e+46 2.883e+28 2.888e-29 3.800e-17 2.387e-16
8.913e-10 2.400e+46 3.054e+28 3.059e-29 4.025e-17 2.529e-16
1.000e-09 2.019e+46 3.235e+28 3.240e-29 4.263e-17 2.679e-16
1.122e-09 1.699e+46 3.427e+28 3.432e-29 4.516e-17 2.838e-16
1.259e-09 1.429e+46 3.630e+28 3.636e-29 4.784e-17 3.006e-16
1.413e-09 1.203e+46 3.845e+28 3.851e-29 5.067e-17 3.184e-16
1.585e-09 1.012e+46 4.073e+28 4.079e-29 5.367e-17 3.372e-16
1.778e-09 8.514e+45 4.314e+28 4.321e-29 5.685e-17 3.572e-16
1.995e-09 7.164e+45 4.569e+28 4.577e-29 6.022e-17 3.784e-16
2.239e-09 6.028e+45 4.840e+28 4.848e-29 6.379e-17 4.008e-16
2.512e-09 5.072e+45 5.127e+28 5.136e-29 6.757e-17 4.246e-16
2.818e-09 4.267e+45 5.431e+28 5.440e-29 7.157e-17 4.497e-16
3.162e-09 3.590e+45 5.753e+28 5.762e-29 7.581e-17 4.764e-16
3.548e-09 3.021e+45 6.093e+28 6.104e-29 8.031e-17 5.046e-16
3.981e-09 2.542e+45 6.454e+28 6.465e-29 8.506e-17 5.345e-16
4.467e-09 2.139e+45 6.837e+28 6.848e-29 9.010e-17 5.661e-16
5.012e-09 1.799e+45 7.242e+28 7.254e-29 9.544e-17 5.997e-16
5.623e-09 1.514e+45 7.671e+28 7.684e-29 1.011e-16 6.352e-16
6.310e-09 1.274e+45 8.126e+28 8.139e-29 1.071e-16 6.729e-16
7.079e-09 1.072e+45 8.607e+28 8.622e-29 1.134e-16 7.127e-16
7.943e-09 9.019e+44 9.117e+28 9.132e-29 1.202e-16 7.549e-16
8.913e-09 7.588e+44 9.657e+28 9.674e-29 1.273e-16 7.997e-16
1.000e-08 6.385e+44 1.023e+29 1.025e-28 1.348e-16 8.471e-16
1.122e-08 5.372e+44 1.084e+29 1.085e-28 1.428e-16 8.972e-16
1.259e-08 4.520e+44 1.148e+29 1.150e-28 1.513e-16 9.504e-16
1.413e-08 3.803e+44 1.216e+29 1.218e-28 1.602e-16 1.007e-15
1.585e-08 3.200e+44 1.288e+29 1.290e-28 1.697e-16 1.066e-15
1.778e-08 2.692e+44 1.364e+29 1.366e-28 1.798e-16 1.130e-15
1.995e-08 2.265e+44 1.445e+29 1.447e-28 1.904e-16 1.196e-15
2.239e-08 1.906e+44 1.530e+29 1.533e-28 2.017e-16 1.267e-15
2.512e-08 1.604e+44 1.621e+29 1.624e-28 2.137e-16 1.342e-15
2.818e-08 1.349e+44 1.717e+29 1.720e-28 2.263e-16 1.422e-15
3.162e-08 1.135e+44 1.819e+29 1.822e-28 2.397e-16 1.506e-15
3.548e-08 9.552e+43 1.927e+29 1.930e-28 2.539e-16 1.595e-15
3.981e-08 8.037e+43 2.041e+29 2.044e-28 2.690e-16 1.690e-15
4.467e-08 6.762e+43 2.162e+29 2.165e-28 2.849e-16 1.790e-15
5.012e-08 5.690e+43 2.290e+29 2.294e-28 3.018e-16 1.896e-15
5.623e-08 4.787e+43 2.425e+29 2.430e-28 3.197e-16 2.008e-15
6.310e-08 4.028e+43 2.569e+29 2.574e-28 3.386e-16 2.127e-15
7.079e-08 3.389e+43 2.721e+29 2.726e-28 3.587e-16 2.253e-15
7.943e-08 2.851e+43 2.883e+29 2.887e-28 3.799e-16 2.387e-15
8.913e-08 2.399e+43 3.053e+29 3.059e-28 4.024e-16 2.528e-15
1.000e-07 2.019e+43 3.234e+29 3.240e-28 4.262e-16 2.678e-15
1.122e-07 1.698e+43 3.426e+29 3.432e-28 4.515e-16 2.837e-15
1.259e-07 1.429e+43 3.629e+29 3.635e-28 4.782e-16 3.005e-15
1.413e-07 1.202e+43 3.844e+29 3.850e-28 5.066e-16 3.183e-15
1.585e-07 1.012e+43 4.071e+29 4.078e-28 5.366e-16 3.371e-15
1.778e-07 8.512e+42 4.313e+29 4.320e-28 5.684e-16 3.571e-15
1.995e-07 7.162e+42 4.568e+29 4.576e-28 6.020e-16 3.783e-15
2.239e-07 6.026e+42 4.839e+29 4.847e-28 6.377e-16 4.007e-15
2.512e-07 5.070e+42 5.125e+29 5.134e-28 6.755e-16 4.244e-15
2.818e-07 4.266e+42 5.429e+29 5.438e-28 7.155e-16 4.495e-15
3.162e-07 3.589e+42 5.750e+29 5.760e-28 7.578e-16 4.762e-15
3.548e-07 3.020e+42 6.091e+29 6.101e-28 8.027e-16 5.044e-15
3.981e-07 2.541e+42 6.452e+29 6.462e-28 8.503e-16 5.342e-15
4.467e-07 2.138e+42 6.834e+29 6.845e-28 9.006e-16 5.659e-15
5.012e-07 1.799e+42 7.238e+29 7.251e-28 9.539e-16 5.994e-15
5.623e-07 1.513e+42 7.667e+29 7.680e-28 1.010e-15 6.349e-15
6.310e-07 1.273e+42 8.121e+29 8.135e-28 1.070e-15 6.725e-15
7.079e-07 1.071e+42 8.602e+29 8.616e-28 1.134e-15 7.123e-15
7.943e-07 9.013e+41 9.111e+29 9.127e-28 1.201e-15 7.545e-15
8.913e-07 7.583e+41 9.651e+29 9.667e-28 1.272e-15 7.991e-15
1.000e-06 6.380e+41 1.022e+30 1.024e-27 1.347e-15 8.464e-15
1.122e-06 5.368e+41 1.083e+30 1.085e-27 1.427e-15 8.966e-15
1.259e-06 4.516e+41 1.147e+30 1.149e-27 1.511e-15 9.496e-15
1.413e-06 3.800e+41 1.215e+30 1.217e-27 1.601e-15 1.006e-14
1.585e-06 3.197e+41 1.287e+30 1.289e-27 1.696e-15 1.065e-14
1.778e-06 2.690e+41 1.363e+30 1.365e-27 1.796e-15 1.128e-14
1.995e-06 2.263e+41 1.443e+30 1.446e-27 1.902e-15 1.195e-14
2.239e-06 1.904e+41 1.529e+30 1.531e-27 2.015e-15 1.266e-14
2.512e-06 1.602e+41 1.619e+30 1.622e-27 2.134e-15 1.341e-14
2.818e-06 1.348e+41 1.715e+30 1.718e-27 2.260e-15 1.420e-14
3.162e-06 1.134e+41 1.817e+30 1.820e-27 2.394e-15 1.504e-14
3.548e-06 9.539e+40 1.924e+30 1.927e-27 2.536e-15 1.593e-14
3.981e-06 8.026e+40 2.038e+30 2.041e-27 2.686e-15 1.688e-14
4.467e-06 6.752e+40 2.158e+30 2.162e-27 2.845e-15 1.787e-14
5.012e-06 5.681e+40 2.286e+30 2.290e-27 3.013e-15 1.893e-14
5.623e-06 4.779e+40 2.421e+30 2.425e-27 3.191e-15 2.005e-14
6.310e-06 4.021e+40 2.565e+30 2.569e-27 3.380e-15 2.124e-14
7.079e-06 3.383e+40 2.716e+30 2.721e-27 3.580e-15 2.249e-14
7.943e-06 2.846e+40 2.877e+30 2.882e-27 3.791e-15 2.382e-14
8.913e-06 2.394e+40 3.047e+30 3.052e-27 4.015e-15 2.523e-14
1.000e-05 2.014e+40 3.227e+30 3.232e-27 4.253e-15 2.672e-14
1.122e-05 1.694e+40 3.418e+30 3.423e-27 4.504e-15 2.830e-14
1.259e-05 1.425e+40 3.619e+30 3.626e-27 4.770e-15 2.997e-14
1.413e-05 1.199e+40 3.833e+30 3.840e-27 5.052e-15 3.174e-14
1.585e-05 1.009e+40 4.060e+30 4.067e-27 5.350e-15 3.362e-14
1.778e-05 8.486e+39 4.299e+30 4.307e-27 5.666e-15 3.560e-14
1.995e-05 7.139e+39 4.553e+30 4.561e-27 6.001e-15 3.770e-14
2.239e-05 6.005e+39 4.822e+30 4.830e-27 6.355e-15 3.993e-14
2.512e-05 5.052e+39 5.107e+30 5.115e-27 6.730e-15 4.229e-14
2.818e-05 4.249e+39 5.408e+30 5.417e-27 7.127e-15 4.478e-14
3.162e-05 3.574e+39 5.727e+30 5.737e-27 7.548e-15 4.742e-14
3.548e-05 3.007e+39 6.065e+30 6.075e-27 7.993e-15 5.022e-14
3.981e-05 2.529e+39 6.422e+30 6.433e-27 8.464e-15 5.318e-14
4.467e-05 2.127e+39 6.801e+30 6.812e-27 8.963e-15 5.631e-14
5.012e-05 1.789e+39 7.201e+30 7.214e-27 9.491e-15 5.963e-14
5.623e-05 1.505e+39 7.626e+30 7.639e-27 1.005e-14 6.315e-14
6.310e-05 1.266e+39 8.075e+30 8.088e-27 1.064e-14 6.686e-14
7.079e-05 1.065e+39 8.550e+30 8.564e-27 1.127e-14 7.080e-14
7.943e-05 8.955e+38 9.053e+30 9.068e-27 1.193e-14 7.496e-14
8.913e-05 7.532e+38 9.585e+30 9.601e-27 1.263e-14 7.937e-14
1.000e-04 6.334e+38 1.015e+31 1.017e-26 1.337e-14 8.404e-14
1.122e-04 5.327e+38 1.074e+31 1.076e-26 1.416e-14 8.897e-14
1.259e-04 4.480e+38 1.138e+31 1.140e-26 1.499e-14 9.420e-14
1.413e-04 3.767e+38 1.204e+31 1.206e-26 1.587e-14 9.973e-14
1.585e-04 3.168e+38 1.275e+31 1.277e-26 1.680e-14 1.056e-13
1.778e-04 2.664e+38 1.350e+31 1.352e-26 1.779e-14 1.118e-13
1.995e-04 2.240e+38 1.429e+31 1.431e-26 1.883e-14 1.183e-13
2.239e-04 1.884e+38 1.512e+31 1.515e-26 1.993e-14 1.252e-13
2.512e-04 1.584e+38 1.601e+31 1.604e-26 2.110e-14 1.326e-13
2.818e-04 1.331e+38 1.695e+31 1.697e-26 2.233e-14 1.403e-13
3.162e-04 1.119e+38 1.794e+31 1.797e-26 2.364e-14 1.485e-13
3.548e-04 9.411e+37 1.898e+31 1.901e-26 2.502e-14 1.572e-13
3.981e-04 7.911e+37 2.009e+31 2.012e-26 2.648e-14 1.664e-13
4.467e-04 6.650e+37 2.126e+31 2.130e-26 2.802e-14 1.760e-13
5.012e-04 5.590e+37 2.250e+31 2.253e-26 2.965e-14 1.863e-13
5.623e-04 4.698e+37 2.380e+31 2.384e-26 3.137e-14 1.971e-13
6.310e-04 3.949e+37 2.519e+31 2.523e-26 3.319e-14 2.086e-13
7.079e-04 3.319e+37 2.665e+31 2.669e-26 3.512e-14 2.207e-13
7.943e-04 2.789e+37 2.819e+31 2.824e-26 3.715e-14 2.334e-13
8.913e-04 2.343e+37 2.982e+31 2.987e-26 3.930e-14 2.469e-13
1.000e-03 1.969e+37 3.154e+31 3.160e-26 4.157e-14 2.612e-13
1.122e-03 1.654e+37 3.336e+31 3.342e-26 4.397e-14 2.763e-13
1.259e-03 1.390e+37 3.529e+31 3.535e-26 4.650e-14 2.922e-13
1.413e-03 1.167e+37 3.731e+31 3.738e-26 4.918e-14 3.090e-13
1.585e-03 9.804e+36 3.946e+31 3.952e-26 5.200e-14 3.267e-13
1.778e-03 8.234e+36 4.172e+31 4.179e-26 5.498e-14 3.454e-13
1.995e-03 6.914e+36 4.410e+31 4.418e-26 5.812e-14 3.652e-13
2.239e-03 5.805e+36 4.662e+31 4.670e-26 6.144e-14 3.860e-13
2.512e-03 4.874e+36 4.927e+31 4.935e-26 6.493e-14 4.080e-13
2.818e-03 4.091e+36 5.207e+31 5.216e-26 6.862e-14 4.312e-13
3.162e-03 3.434e+36 5.502e+31 5.511e-26 7.251e-14 4.556e-13
3.548e-03 2.882e+36 5.813e+31 5.822e-26 7.660e-14 4.813e-13
3.981e-03 2.418e+36 6.140e+31 6.150e-26 8.092e-14 5.084e-13
4.467e-03 2.029e+36 6.485e+31 6.496e-26 8.546e-14 5.370e-13
5.012e-03 1.702e+36 6.848e+31 6.860e-26 9.025e-14 5.671e-13
5.623e-03 1.427e+36 7.230e+31 7.242e-26 9.529e-14 5.987e-13
6.310e-03 1.197e+36 7.632e+31 7.645e-26 1.006e-13 6.320e-13
7.079e-03 1.003e+36 8.055e+31 8.069e-26 1.062e-13 6.670e-13
7.943e-03 8.408e+35 8.499e+31 8.514e-26 1.120e-13 7.038e-13
8.913e-03 7.045e+35 8.966e+31 8.982e-26 1.182e-13 7.425e-13
1.000e-02 5.903e+35 9.457e+31 9.473e-26 1.246e-13 7.831e-13
1.122e-02 4.944e+35 9.972e+31 9.989e-26 1.314e-13 8.257e-13
1.259e-02 4.140e+35 1.051e+32 1.053e-25 1.385e-13 8.705e-13
1.413e-02 3.466e+35 1.108e+32 1.110e-25 1.460e-13 9.174e-13
1.585e-02 2.900e+35 1.167e+32 1.169e-25 1.538e-13 9.666e-13
1.778e-02 2.427e+35 1.229e+32 1.232e-25 1.620e-13 1.018e-12
1.995e-02 2.030e+35 1.295e+32 1.297e-25 1.706e-13 1.072e-12
2.239e-02 1.697e+35 1.363e+32 1.365e-25 1.796e-13 1.128e-12
2.512e-02 1.418e+35 1.434e+32 1.436e-25 1.890e-13 1.187e-12
2.818e-02 1.185e+35 1.508e+32 1.511e-25 1.988e-13 1.249e-12
3.162e-02 9.897e+34 1.586e+32 1.588e-25 2.090e-13 1.313e-12
3.548e-02 8.263e+34 1.667e+32 1.669e-25 2.196e-13 1.380e-12
3.981e-02 6.895e+34 1.751e+32 1.754e-25 2.308e-13 1.450e-12
4.467e-02 5.752e+34 1.839e+32 1.842e-25 2.423e-13 1.523e-12
5.012e-02 4.795e+34 1.930e+32 1.933e-25 2.543e-13 1.598e-12
5.623e-02 3.996e+34 2.025e+32 2.028e-25 2.668e-13 1.677e-12
6.310e-02 3.328e+34 2.123e+32 2.126e-25 2.798e-13 1.758e-12
7.079e-02 2.771e+34 2.225e+32 2.229e-25 2.932e-13 1.842e-12
7.943e-02 2.305e+34 2.330e+32 2.334e-25 3.071e-13 1.930e-12
8.913e-02 1.917e+34 2.439e+32 2.443e-25 3.215e-13 2.020e-12
1.000e-01 1.593e+34 2.552e+32 2.556e-25 3.363e-13 2.113e-12
1.122e-01 1.323e+34 2.668e+32 2.672e-25 3.516e-13 2.209e-12
1.259e-01 1.098e+34 2.787e+32 2.792e-25 3.673e-13 2.308e-12
1.413e-01 9.103e+33 2.910e+32 2.915e-25 3.835e-13 2.410e-12
1.585e-01 7.544e+33 3.036e+32 3.041e-25 4.001e-13 2.514e-12
1.778e-01 6.247e+33 3.165e+32 3.170e-25 4.171e-13 2.621e-12
1.995e-01 5.169e+33 3.297e+32 3.302e-25 4.345e-13 2.730e-12
2.239e-01 4.273e+33 3.431e+32 3.437e-25 4.522e-13 2.841e-12
2.512e-01 3.530e+33 3.568e+32 3.574e-25 4.703e-13 2.955e-12
2.818e-01 2.913e+33 3.707e+32 3.714e-25 4.886e-13 3.070e-12
3.162e-01 2.402e+33 3.848e+32 3.855e-25 5.072e-13 3.187e-12
3.548e-01 1.979e+33 3.991e+32 3.997e-25 5.259e-13 3.305e-12
3.981e-01 1.628e+33 4.134e+32 4.141e-25 5.449e-13 3.423e-12
4.467e-01 1.338e+33 4.278e+32 4.286e-25 5.639e-13 3.543e-12
5.012e-01 1.099e+33 4.423e+32 4.430e-25 5.829e-13 3.662e-12
5.623e-01 9.014e+32 4.567e+32 4.575e-25 6.019e-13 3.782e-12
6.310e-01 7.384e+32 4.710e+32 4.718e-25 6.207e-13 3.900e-12
7.079e-01 6.042e+32 4.851e+32 4.860e-25 6.394e-13 4.017e-12
7.943e-01 4.937e+32 4.991e+32 4.999e-25 6.577e-13 4.133e-12
8.913e-01 4.028e+32 5.127e+32 5.135e-25 6.756e-13 4.245e-12
1.000e+00 3.282e+32 5.259e+32 5.268e-25 6.930e-13 4.355e-12
1.122e+00 2.670e+32 5.386e+32 5.395e-25 7.098e-13 4.460e-12
1.259e+00 2.169e+32 5.507e+32 5.516e-25 7.258e-13 4.560e-12
1.413e+00 1.758e+32 5.621e+32 5.630e-25 7.408e-13 4.654e-12
1.585e+00 1.423e+32 5.726e+32 5.736e-25 7.546e-13 4.741e-12
1.778e+00 1.149e+32 5.821e+32 5.831e-25 7.672e-13 4.820e-12
1.995e+00 9.257e+31 5.904e+32 5.914e-25 7.781e-13 4.889e-12
2.239e+00 7.440e+31 5.974e+32 5.984e-25 7.873e-13 4.947e-12
2.512e+00 5.963e+31 6.028e+32 6.038e-25 7.945e-13 4.992e-12
2.818e+00 4.765e+31 6.064e+32 6.074e-25 7.992e-13 5.021e-12
3.162e+00 3.794e+31 6.079e+32 6.089e-25 8.011e-13 5.034e-12
3.548e+00 3.009e+31 6.070e+32 6.080e-25 7.999e-13 5.026e-12
3.981e+00 2.376e+31 6.033e+32 6.043e-25 7.951e-13 4.996e-12
4.467e+00 1.866e+31 5.965e+32 5.975e-25 7.861e-13 4.939e-12
5.012e+00 1.456e+31 5.861e+32 5.871e-25 7.724e-13 4.853e-12
5.623e+00 1.128e+31 5.717e+32 5.727e-25 7.535e-13 4.734e-12
6.310e+00 8.666e+30 5.528e+32 5.537e-25 7.285e-13 4.577e-12
7.079e+00 6.583e+30 5.286e+32 5.295e-25 6.967e-13 4.377e-12
7.943e+00 4.934e+30 4.988e+32 4.997e-25 6.574e-13 4.131e-12
8.913e+00 3.641e+30 4.634e+32 4.641e-25 6.107e-13 3.837e-12
1.000e+01 2.644e+30 4.237e+32 4.244e-25 5.584e-13 3.508e-12
1.122e+01 1.899e+30 3.830e+32 3.837e-25 5.048e-13 3.172e-12
1.259e+01 1.359e+30 3.450e+32 3.456e-25 4.547e-13 2.857e-12
1.413e+01 9.690e+29 3.098e+32 3.103e-25 4.082e-13 2.565e-12
1.585e+01 6.893e+29 2.774e+32 2.779e-25 3.656e-13 2.297e-12
1.778e+01 4.894e+29 2.480e+32 2.484e-25 3.268e-13 2.053e-12
1.995e+01 3.470e+29 2.213e+32 2.217e-25 2.917e-13 1.833e-12
2.239e+01 2.456e+29 1.972e+32 1.976e-25 2.599e-13 1.633e-12
2.512e+01 1.736e+29 1.755e+32 1.758e-25 2.313e-13 1.453e-12
2.818e+01 1.224e+29 1.558e+32 1.560e-25 2.053e-13 1.290e-12
3.162e+01 8.606e+28 1.379e+32 1.381e-25 1.817e-13 1.142e-12
3.548e+01 6.027e+28 1.216e+32 1.218e-25 1.602e-13 1.007e-12
3.981e+01 4.201e+28 1.067e+32 1.069e-25 1.406e-13 8.834e-13
4.467e+01 2.913e+28 9.311e+31 9.327e-26 1.227e-13 7.710e-13
5.012e+01 2.007e+28 8.076e+31 8.090e-26 1.064e-13 6.688e-13
5.623e+01 1.373e+28 6.959e+31 6.971e-26 9.171e-14 5.762e-13
6.310e+01 9.334e+27 5.953e+31 5.964e-26 7.846e-14 4.930e-13
7.079e+01 6.296e+27 5.056e+31 5.064e-26 6.663e-14 4.187e-13
7.943e+01 4.215e+27 4.261e+31 4.268e-26 5.616e-14 3.529e-13
8.913e+01 2.800e+27 3.564e+31 3.570e-26 4.697e-14 2.951e-13
1.000e+02 1.846e+27 2.958e+31 2.963e-26 3.898e-14 2.449e-13
1.122e+02 1.207e+27 2.436e+31 2.440e-26 3.210e-14 2.017e-13
1.259e+02 7.836e+26 1.990e+31 1.993e-26 2.622e-14 1.648e-13
1.413e+02 5.045e+26 1.613e+31 1.616e-26 2.126e-14 1.336e-13
1.585e+02 3.223e+26 1.297e+31 1.299e-26 1.709e-14 1.074e-13
1.778e+02 2.042e+26 1.035e+31 1.036e-26 1.364e-14 8.568e-14
1.995e+02 1.283e+26 8.187e+30 8.200e-27 1.079e-14 6.779e-14
2.239e+02 8.000e+25 6.424e+30 6.435e-27 8.466e-15 5.319e-14
2.512e+02 4.944e+25 4.998e+30 5.006e-27 6.587e-15 4.139e-14
2.818e+02 3.029e+25 3.855e+30 3.861e-27 5.080e-15 3.192e-14
3.162e+02 1.839e+25 2.946e+30 2.951e-27 3.882e-15 2.439e-14
3.548e+02 1.106e+25 2.230e+30 2.234e-27 2.939e-15 1.847e-14
3.981e+02 6.584e+24 1.672e+30 1.675e-27 2.203e-15 1.384e-14
4.467e+02 3.880e+24 1.240e+30 1.242e-27 1.635e-15 1.027e-14
5.012e+02 2.261e+24 9.099e+29 9.115e-28 1.199e-15 7.535e-15
5.623e+02 1.302e+24 6.598e+29 6.609e-28 8.696e-16 5.464e-15
6.310e+02 7.407e+23 4.725e+29 4.733e-28 6.227e-16 3.912e-15
7.079e+02 4.157e+23 3.338e+29 3.344e-28 4.399e-16 2.764e-15
7.943e+02 2.299e+23 2.324e+29 2.328e-28 3.063e-16 1.925e-15
8.913e+02 1.252e+23 1.593e+29 1.596e-28 2.100e-16 1.319e-15
1.000e+03 6.700e+22 1.073e+29 1.075e-28 1.415e-16 8.888e-16
1.122e+03 3.519e+22 7.099e+28 7.111e-29 9.355e-17 5.878e-16
1.259e+03 1.811e+22 4.599e+28 4.607e-29 6.062e-17 3.809e-16
1.413e+03 9.114e+21 2.914e+28 2.918e-29 3.840e-17 2.413e-16
1.585e+03 4.472e+21 1.800e+28 1.803e-29 2.372e-17 1.490e-16
1.778e+03 2.134e+21 1.081e+28 1.083e-29 1.425e-17 8.953e-17
1.995e+03 9.864e+20 6.292e+27 6.302e-30 8.292e-18 5.210e-17
2.239e+03 4.395e+20 3.529e+27 3.535e-30 4.651e-18 2.922e-17
2.512e+03 1.874e+20 1.894e+27 1.897e-30 2.496e-18 1.568e-17
2.818e+03 7.554e+19 9.614e+26 9.630e-31 1.267e-18 7.961e-18
3.162e+03 2.820e+19 4.518e+26 4.525e-31 5.954e-19 3.741e-18
3.548e+03 9.298e+18 1.875e+26 1.879e-31 2.472e-19 1.553e-18
3.981e+03 2.374e+18 6.029e+25 6.039e-32 7.946e-20 4.992e-19
4.467e+03 2.312e+17 7.390e+24 7.402e-33 9.739e-21 6.119e-20
5.012e+03 0.000e+00 0.000e+00 0.000e+00 0.000e+00 0.000e+00
5.623e+03 0.000e+00 0.000e+00 0.000e+00 0.000e+00 0.000e+00
6.310e+03 0.000e+00 0.000e+00 0.000e+00 0.000e+00 0.000e+00
7.079e+03 0.000e+00 0.000e+00 0.000e+00 0.000e+00 0.000e+00
7.943e+03 0.000e+00 0.000e+00 0.000e+00 0.000e+00 0.000e+00
8.913e+03 0.000e+00 0.000e+00 0.000e+00 0.000e+00 0.000e+00
1.000e+04 0.000e+00 0.000e+00 0.000e+00 0.000e+00 0.000e+00
1.122e+04 0.000e+00 0.000e+00 0.000e+00 0.000e+00 0.000e+00
1.259e+04 0.000e+00 0.000e+00 0.000e+00 0.000e+00 0.000e+00
1.413e+04 0.000e+00 0.000e+00 0.000e+00 0.000e+00 0.000e+00
1.585e+04 0.000e+00 0.000e+00 0.000e+00 0.000e+00 0.000e+00
1.778e+04 0.000e+00 0.000e+00 0.000e+00 0.000e+00 0.000e+00
1.995e+04 0.000e+00 0.000e+00 0.000e+00 0.000e+00 0.000e+00
2.239e+04 0.000e+00 0.000e+00 0.000e+00 0.000e+00 0.000e+00
2.512e+04 0.000e+00 0.000e+00 0.000e+00 0.000e+00 0.000e+00
2.818e+04 0.000e+00 0.000e+00 0.000e+00 0.000e+00 0.000e+00
3.162e+04 0.000e+00 0.000e+00 0.000e+00 0.000e+00 0.000e+00
3.548e+04 0.000e+00 0.000e+00 0.000e+00 0.000e+00 0.000e+00
3.981e+04 0.000e+00 0.000e+00 0.000e+00 0.000e+00 0.000e+00
4.467e+04 0.000e+00 0.000e+00 0.000e+00 0.000e+00 0.000e+00
5.012e+04 0.000e+00 0.000e+00 0.000e+00 0.000e+00 0.000e+00
5.623e+04 0.000e+00 0.000e+00 0.000e+00 0.000e+00 0.000e+00
6.310e+04 0.000e+00 0.000e+00 0.000e+00 0.000e+00 0.000e+00
7.079e+04 0.000e+00 0.000e+00 0.000e+00 0.000e+00 0.000e+00
7.943e+04 0.000e+00 0.000e+00 0.000e+00 0.000e+00 0.000e+00
8.913e+04 0.000e+00 0.000e+00 0.000e+00 0.000e+00 0.000e+00
1.000e+05 0.000e+00 0.000e+00 0.000e+00 0.000e+00 0.000e+00
1.122e+05 0.000e+00 0.000e+00 0.000e+00 0.000e+00 0.000e+00
1.259e+05 0.000e+00 0.000e+00 0.000e+00 0.000e+00 0.000e+00
1.413e+05 0.000e+00 0.000e+00 0.000e+00 0.000e+00 0.000e+00
1.585e+05 0.000e+00 0.000e+00 0.000e+00 0.000e+00 0.000e+00
1.778e+05 0.000e+00 0.000e+00 0.000e+00 0.000e+00 0.000e+00
1.995e+05 0.000e+00 0.000e+00 0.000e+00 0.000e+00 0.000e+00
2.239e+05 0.000e+00 0.000e+00 0.000e+00 0.000e+00 0.000e+00
2.512e+05 0.000e+00 0.000e+00 0.000e+00 0.000e+00 0.000e+00
2.818e+05 0.000e+00 0.000e+00 0.000e+00 0.000e+00 0.000e+00
3.162e+05 0.000e+00 0.000e+00 0.000e+00 0.000e+00 0.000e+00
3.548e+05 0.000e+00 0.000e+00 0.000e+00 0.000e+00 0.000e+00
3.981e+05 0.000e+00 0.000e+00 0.000e+00 0.000e+00 0.000e+00
4.467e+05 0.000e+00 0.000e+00 0.000e+00 0.000e+00 0.000e+00
5.012e+05 0.000e+00 0.000e+00 0.000e+00 0.000e+00 0.000e+00
5.623e+05 0.000e+00 0.000e+00 0.000e+00 0.000e+00 0.000e+00
6.310e+05 0.000e+00 0.000e+00 0.000e+00 0.000e+00 0.000e+00
7.079e+05 0.000e+00 0.000e+00 0.000e+00 0.000e+00 0.000e+00
7.943e+05 0.000e+00 0.000e+00 0.000e+00 0.000e+00 0.000e+00
8.913e+05 0.000e+00 0.000e+00 0.000e+00 0.000e+00 0.000e+00
1.000e+06 0.000e+00 0.000e+00 0.000e+00 0.000e+00 0.000e+00
1.122e+06 0.000e+00 0.000e+00 0.000e+00 0.000e+00 0.000e+00
1.259e+06 0.000e+00 0.000e+00 0.000e+00 0.000e+00 0.000e+00
1.413e+06 0.000e+00 0.000e+00 0.000e+00 0.000e+00 0.000e+00
1.585e+06 0.000e+00 0.000e+00 0.000e+00 0.000e+00 0.000e+00
1.778e+06 0.000e+00 0.000e+00 0.000e+00 0.000e+00 0.000e+00
1.995e+06 0.000e+00 0.000e+00 0.000e+00 0.000e+00 0.000e+00
2.239e+06 0.000e+00 0.000e+00 0.000e+00 0.000e+00 0.000e+00
2.512e+06 0.000e+00 0.000e+00 0.000e+00 0.000e+00 0.000e+00
2.818e+06 0.000e+00 0.000e+00 0.000e+00 0.000e+00 0.000e+00
3.162e+06 0.000e+00 0.000e+00 0.000e+00 0.000e+00 0.000e+00
3.548e+06 0.000e+00 0.000e+00 0.000e+00 0.000e+00 0.000e+00
3.981e+06 0.000e+00 0.000e+00 0.000e+00 0.000e+00 0.000e+00
4.467e+06 0.000e+00 0.000e+00 0.000e+00 0.000e+00 0.000e+00
5.012e+06 0.000e+00 0.000e+00 0.000e+00 0.000e+00 0.000e+00
5.623e+06 0.000e+00 0.000e+00 0.000e+00 0.000e+00 0.000e+00
6.310e+06 0.000e+00 0.000e+00 0.000e+00 0.000e+00 0.000e+00
7.079e+06 0.000e+00 0.000e+00 0.000e+00 0.000e+00 0.000e+00
7.943e+06 0.000e+00 0.000e+00 0.000e+00 0.000e+00 0.000e+00
8.913e+06 0.000e+00 0.000e+00 0.000e+00 0.000e+00 0.000e+00
1.000e+07 0.000e+00 0.000e+00 0.000e+00 0.000e+00 0.000e+00
1.122e+07 0.000e+00 0.000e+00 0.000e+00 0.000e+00 0.000e+00
1.259e+07 0.000e+00 0.000e+00 0.000e+00 0.000e+00 0.000e+00
1.413e+07 0.000e+00 0.000e+00 0.000e+00 0.000e+00 0.000e+00
1.585e+07 0.000e+00 0.000e+00 0.000e+00 0.000e+00 0.000e+00
1.778e+07 0.000e+00 0.000e+00 0.000e+00 0.000e+00 0.000e+00
1.995e+07 0.000e+00 0.000e+00 0.000e+00 0.000e+00 0.000e+00
2.239e+07 0.000e+00 0.000e+00 0.000e+00 0.000e+00 0.000e+00
2.512e+07 0.000e+00 0.000e+00 0.000e+00 0.000e+00 0.000e+00
2.818e+07 0.000e+00 0.000e+00 0.000e+00 0.000e+00 0.000e+00
3.162e+07 0.000e+00 0.000e+00 0.000e+00 0.000e+00 0.000e+00
3.548e+07 0.000e+00 0.000e+00 0.000e+00 0.000e+00 0.000e+00
3.981e+07 0.000e+00 0.000e+00 0.000e+00 0.000e+00 0.000e+00
4.467e+07 0.000e+00 0.000e+00 0.000e+00 0.000e+00 0.000e+00
5.012e+07 0.000e+00 0.000e+00 0.000e+00 0.000e+00 0.000e+00
5.623e+07 0.000e+00 0.000e+00 0.000e+00 0.000e+00 0.000e+00
6.310e+07 0.000e+00 0.000e+00 0.000e+00 0.000e+00 0.000e+00
7.079e+07 0.000e+00 0.000e+00 0.000e+00 0.000e+00 0.000e+00
7.943e+07 0.000e+00 0.000e+00 0.000e+00 0.000e+00 0.000e+00
8.913e+07 0.000e+00 0.000e+00 0.000e+00 0.000e+00 0.000e+00
1.000e+08 0.000e+00 0.000e+00 0.000e+00 0.000e+00 0.000e+00
