1.000e-20 6.773e+71 1.085e+32 1.087e-25 7.151e-14 8.986e-13
1.122e-20 5.699e+71 1.150e+32 1.151e-25 7.575e-14 9.519e-13
1.259e-20 4.795e+71 1.218e+32 1.220e-25 8.024e-14 1.008e-12
1.413e-20 4.035e+71 1.290e+32 1.292e-25 8.499e-14 1.068e-12
1.585e-20 3.395e+71 1.366e+32 1.369e-25 9.003e-14 1.131e-12
1.778e-20 2.856e+71 1.447e+32 1.450e-25 9.536e-14 1.198e-12
1.995e-20 2.403e+71 1.533e+32 1.536e-25 1.010e-13 1.269e-12
2.239e-20 2.022e+71 1.624e+32 1.627e-25 1.070e-13 1.345e-12
2.512e-20 1.701e+71 1.720e+32 1.723e-25 1.133e-13 1.424e-12
2.818e-20 1.432e+71 1.822e+32 1.825e-25 1.201e-13 1.509e-12
3.162e-20 1.205e+71 1.930e+32 1.933e-25 1.272e-13 1.598e-12
3.548e-20 1.013e+71 2.044e+32 2.048e-25 1.347e-13 1.693e-12
3.981e-20 8.527e+70 2.165e+32 2.169e-25 1.427e-13 1.793e-12
4.467e-20 7.175e+70 2.294e+32 2.298e-25 1.511e-13 1.899e-12
5.012e-20 6.037e+70 2.430e+32 2.434e-25 1.601e-13 2.012e-12
5.623e-20 5.079e+70 2.573e+32 2.578e-25 1.696e-13 2.131e-12
6.310e-20 4.274e+70 2.726e+32 2.731e-25 1.796e-13 2.257e-12
7.079e-20 3.596e+70 2.887e+32 2.892e-25 1.903e-13 2.391e-12
7.943e-20 3.026e+70 3.059e+32 3.064e-25 2.015e-13 2.533e-12
8.913e-20 2.546e+70 3.240e+32 3.245e-25 2.135e-13 2.683e-12
1.000e-19 2.142e+70 3.432e+32 3.438e-25 2.261e-13 2.842e-12
1.122e-19 1.802e+70 3.635e+32 3.641e-25 2.395e-13 3.010e-12
1.259e-19 1.516e+70 3.851e+32 3.857e-25 2.537e-13 3.188e-12
1.413e-19 1.276e+70 4.079e+32 4.086e-25 2.688e-13 3.377e-12
1.585e-19 1.074e+70 4.320e+32 4.328e-25 2.847e-13 3.578e-12
1.778e-19 9.032e+69 4.576e+32 4.584e-25 3.016e-13 3.790e-12
1.995e-19 7.600e+69 4.847e+32 4.856e-25 3.194e-13 4.014e-12
2.239e-19 6.394e+69 5.135e+32 5.143e-25 3.384e-13 4.252e-12
2.512e-19 5.380e+69 5.439e+32 5.448e-25 3.584e-13 4.504e-12
2.818e-19 4.527e+69 5.761e+32 5.771e-25 3.796e-13 4.771e-12
3.162e-19 3.809e+69 6.103e+32 6.113e-25 4.021e-13 5.053e-12
3.548e-19 3.205e+69 6.464e+32 6.475e-25 4.260e-13 5.353e-12
3.981e-19 2.697e+69 6.847e+32 6.859e-25 4.512e-13 5.670e-12
4.467e-19 2.269e+69 7.253e+32 7.265e-25 4.779e-13 6.006e-12
5.012e-19 1.909e+69 7.683e+32 7.696e-25 5.063e-13 6.362e-12
5.623e-19 1.606e+69 8.138e+32 8.152e-25 5.362e-13 6.739e-12
6.310e-19 1.351e+69 8.620e+32 8.635e-25 5.680e-13 7.138e-12
7.079e-19 1.137e+69 9.131e+32 9.146e-25 6.017e-13 7.561e-12
7.943e-19 9.567e+68 9.672e+32 9.688e-25 6.373e-13 8.009e-12
8.913e-19 8.050e+68 1.024e+33 1.026e-24 6.751e-13 8.483e-12
1.000e-18 6.773e+68 1.085e+33 1.087e-24 7.151e-13 8.986e-12
1.122e-18 5.699e+68 1.149e+33 1.151e-24 7.575e-13 9.518e-12
1.259e-18 4.795e+68 1.218e+33 1.220e-24 8.023e-13 1.008e-11
1.413e-18 4.034e+68 1.290e+33 1.292e-24 8.499e-13 1.068e-11
1.585e-18 3.395e+68 1.366e+33 1.368e-24 9.002e-13 1.131e-11
1.778e-18 2.856e+68 1.447e+33 1.450e-24 9.536e-13 1.198e-11
1.995e-18 2.403e+68 1.533e+33 1.535e-24 1.010e-12 1.269e-11
2.239e-18 2.022e+68 1.624e+33 1.626e-24 1.070e-12 1.344e-11
2.512e-18 1.701e+68 1.720e+33 1.723e-24 1.133e-12 1.424e-11
2.818e-18 1.431e+68 1.822e+33 1.825e-24 1.200e-12 1.508e-11
3.162e-18 1.204e+68 1.930e+33 1.933e-24 1.272e-12 1.598e-11
3.548e-18 1.013e+68 2.044e+33 2.047e-24 1.347e-12 1.693e-11
3.981e-18 8.526e+67 2.165e+33 2.169e-24 1.427e-12 1.793e-11
4.467e-18 7.174e+67 2.293e+33 2.297e-24 1.511e-12 1.899e-11
5.012e-18 6.036e+67 2.429e+33 2.433e-24 1.601e-12 2.011e-11
5.623e-18 5.078e+67 2.573e+33 2.577e-24 1.696e-12 2.131e-11
6.310e-18 4.273e+67 2.725e+33 2.730e-24 1.796e-12 2.257e-11
7.079e-18 3.595e+67 2.887e+33 2.892e-24 1.902e-12 2.391e-11
7.943e-18 3.025e+67 3.058e+33 3.063e-24 2.015e-12 2.532e-11
8.913e-18 2.545e+67 3.239e+33 3.244e-24 2.134e-12 2.682e-11
1.000e-17 2.141e+67 3.431e+33 3.437e-24 2.261e-12 2.841e-11
1.122e-17 1.802e+67 3.634e+33 3.640e-24 2.395e-12 3.009e-11
1.259e-17 1.516e+67 3.849e+33 3.856e-24 2.536e-12 3.187e-11
1.413e-17 1.275e+67 4.077e+33 4.084e-24 2.687e-12 3.376e-11
1.585e-17 1.073e+67 4.319e+33 4.326e-24 2.846e-12 3.576e-11
1.778e-17 9.029e+66 4.574e+33 4.582e-24 3.014e-12 3.788e-11
1.995e-17 7.596e+66 4.845e+33 4.853e-24 3.193e-12 4.012e-11
2.239e-17 6.391e+66 5.132e+33 5.141e-24 3.382e-12 4.250e-11
2.512e-17 5.377e+66 5.436e+33 5.445e-24 3.582e-12 4.501e-11
2.818e-17 4.524e+66 5.758e+33 5.768e-24 3.794e-12 4.768e-11
3.162e-17 3.806e+66 6.099e+33 6.109e-24 4.019e-12 5.050e-11
3.548e-17 3.203e+66 6.460e+33 6.470e-24 4.257e-12 5.349e-11
3.981e-17 2.694e+66 6.842e+33 6.853e-24 4.508e-12 5.666e-11
4.467e-17 2.267e+66 7.247e+33 7.259e-24 4.775e-12 6.001e-11
5.012e-17 1.907e+66 7.675e+33 7.688e-24 5.058e-12 6.356e-11
5.623e-17 1.605e+66 8.130e+33 8.143e-24 5.357e-12 6.732e-11
6.310e-17 1.350e+66 8.610e+33 8.625e-24 5.674e-12 7.130e-11
7.079e-17 1.136e+66 9.120e+33 9.135e-24 6.009e-12 7.552e-11
7.943e-17 9.555e+65 9.659e+33 9.675e-24 6.365e-12 7.998e-11
8.913e-17 8.038e+65 1.023e+34 1.025e-23 6.741e-12 8.471e-11
1.000e-16 6.762e+65 1.083e+34 1.085e-23 7.139e-12 8.972e-11
1.122e-16 5.689e+65 1.147e+34 1.149e-23 7.561e-12 9.502e-11
1.259e-16 4.786e+65 1.215e+34 1.217e-23 8.008e-12 1.006e-10
1.413e-16 4.026e+65 1.287e+34 1.289e-23 8.481e-12 1.066e-10
1.585e-16 3.387e+65 1.363e+34 1.365e-23 8.981e-12 1.129e-10
1.778e-16 2.849e+65 1.443e+34 1.446e-23 9.511e-12 1.195e-10
1.995e-16 2.396e+65 1.528e+34 1.531e-23 1.007e-11 1.266e-10
2.239e-16 2.016e+65 1.619e+34 1.621e-23 1.067e-11 1.340e-10
2.512e-16 1.695e+65 1.714e+34 1.717e-23 1.129e-11 1.419e-10
2.818e-16 1.426e+65 1.815e+34 1.818e-23 1.196e-11 1.503e-10
3.162e-16 1.199e+65 1.922e+34 1.925e-23 1.266e-11 1.591e-10
3.548e-16 1.009e+65 2.035e+34 2.038e-23 1.341e-11 1.685e-10
3.981e-16 8.484e+64 2.154e+34 2.158e-23 1.420e-11 1.784e-10
4.467e-16 7.135e+64 2.281e+34 2.285e-23 1.503e-11 1.889e-10
5.012e-16 6.000e+64 2.415e+34 2.419e-23 1.591e-11 1.999e-10
5.623e-16 5.045e+64 2.556e+34 2.560e-23 1.684e-11 2.117e-10
6.310e-16 4.242e+64 2.706e+34 2.710e-23 1.783e-11 2.241e-10
7.079e-16 3.567e+64 2.864e+34 2.869e-23 1.887e-11 2.372e-10
7.943e-16 2.998e+64 3.031e+34 3.036e-23 1.997e-11 2.510e-10
8.913e-16 2.521e+64 3.208e+34 3.213e-23 2.114e-11 2.656e-10
1.000e-15 2.119e+64 3.395e+34 3.400e-23 2.237e-11 2.811e-10
1.122e-15 1.781e+64 3.592e+34 3.598e-23 2.367e-11 2.974e-10
1.259e-15 1.497e+64 3.800e+34 3.807e-23 2.504e-11 3.147e-10
1.413e-15 1.258e+64 4.020e+34 4.027e-23 2.649e-11 3.329e-10
1.585e-15 1.057e+64 4.252e+34 4.259e-23 2.802e-11 3.521e-10
1.778e-15 8.876e+63 4.497e+34 4.505e-23 2.963e-11 3.724e-10
1.995e-15 7.455e+63 4.755e+34 4.763e-23 3.133e-11 3.938e-10
2.239e-15 6.261e+63 5.027e+34 5.036e-23 3.313e-11 4.163e-10
2.512e-15 5.257e+63 5.314e+34 5.323e-23 3.502e-11 4.400e-10
2.818e-15 4.413e+63 5.616e+34 5.626e-23 3.701e-11 4.650e-10
3.162e-15 3.704e+63 5.934e+34 5.944e-23 3.910e-11 4.914e-10
3.548e-15 3.108e+63 6.268e+34 6.279e-23 4.130e-11 5.190e-10
3.981e-15 2.607e+63 6.619e+34 6.631e-23 4.362e-11 5.481e-10
4.467e-15 2.186e+63 6.988e+34 7.000e-23 4.605e-11 5.787e-10
5.012e-15 1.833e+63 7.375e+34 7.388e-23 4.860e-11 6.107e-10
5.623e-15 1.536e+63 7.781e+34 7.794e-23 5.127e-11 6.443e-10
6.310e-15 1.286e+63 8.206e+34 8.220e-23 5.407e-11 6.795e-10
7.079e-15 1.077e+63 8.650e+34 8.665e-23 5.700e-11 7.163e-10
7.943e-15 9.016e+62 9.114e+34 9.130e-23 6.006e-11 7.547e-10
8.913e-15 7.542e+62 9.598e+34 9.615e-23 6.325e-11 7.948e-10
1.000e-14 6.306e+62 1.010e+35 1.012e-22 6.657e-11 8.366e-10
1.122e-14 5.269e+62 1.063e+35 1.065e-22 7.003e-11 8.800e-10
1.259e-14 4.399e+62 1.117e+35 1.119e-22 7.361e-11 9.251e-10
1.413e-14 3.671e+62 1.174e+35 1.175e-22 7.733e-11 9.717e-10
1.585e-14 3.061e+62 1.232e+35 1.234e-22 8.117e-11 1.020e-09
1.778e-14 2.550e+62 1.292e+35 1.294e-22 8.512e-11 1.070e-09
1.995e-14 2.122e+62 1.354e+35 1.356e-22 8.919e-11 1.121e-09
2.239e-14 1.764e+62 1.417e+35 1.419e-22 9.336e-11 1.173e-09
2.512e-14 1.465e+62 1.481e+35 1.484e-22 9.762e-11 1.227e-09
2.818e-14 1.216e+62 1.547e+35 1.550e-22 1.020e-10 1.281e-09
3.162e-14 1.007e+62 1.614e+35 1.617e-22 1.063e-10 1.336e-09
3.548e-14 8.334e+61 1.681e+35 1.684e-22 1.108e-10 1.392e-09
3.981e-14 6.886e+61 1.749e+35 1.752e-22 1.152e-10 1.448e-09
4.467e-14 5.681e+61 1.816e+35 1.819e-22 1.197e-10 1.504e-09
5.012e-14 4.679e+61 1.883e+35 1.886e-22 1.241e-10 1.559e-09
5.623e-14 3.846e+61 1.949e+35 1.952e-22 1.284e-10 1.614e-09
6.310e-14 3.156e+61 2.013e+35 2.017e-22 1.327e-10 1.667e-09
7.079e-14 2.585e+61 2.076e+35 2.079e-22 1.368e-10 1.719e-09
7.943e-14 2.113e+61 2.136e+35 2.140e-22 1.407e-10 1.769e-09
8.913e-14 1.723e+61 2.193e+35 2.197e-22 1.445e-10 1.816e-09
1.000e-13 1.402e+61 2.247e+35 2.251e-22 1.481e-10 1.861e-09
1.122e-13 1.139e+61 2.297e+35 2.301e-22 1.513e-10 1.902e-09
1.259e-13 9.225e+60 2.343e+35 2.346e-22 1.544e-10 1.940e-09
1.413e-13 7.457e+60 2.384e+35 2.388e-22 1.571e-10 1.974e-09
1.585e-13 6.014e+60 2.420e+35 2.424e-22 1.595e-10 2.004e-09
1.778e-13 4.839e+60 2.452e+35 2.456e-22 1.616e-10 2.030e-09
1.995e-13 3.886e+60 2.479e+35 2.483e-22 1.633e-10 2.053e-09
2.239e-13 3.115e+60 2.501e+35 2.505e-22 1.648e-10 2.071e-09
2.512e-13 2.492e+60 2.519e+35 2.523e-22 1.660e-10 2.086e-09
2.818e-13 1.991e+60 2.533e+35 2.538e-22 1.669e-10 2.098e-09
3.162e-13 1.588e+60 2.544e+35 2.548e-22 1.676e-10 2.107e-09
3.548e-13 1.265e+60 2.552e+35 2.556e-22 1.681e-10 2.113e-09
3.981e-13 1.007e+60 2.557e+35 2.561e-22 1.685e-10 2.117e-09
4.467e-13 8.009e+59 2.560e+35 2.565e-22 1.687e-10 2.120e-09
5.012e-13 6.367e+59 2.562e+35 2.567e-22 1.689e-10 2.122e-09
5.623e-13 5.060e+59 2.563e+35 2.568e-22 1.689e-10 2.123e-09
6.310e-13 4.020e+59 2.564e+35 2.568e-22 1.690e-10 2.123e-09
7.079e-13 3.193e+59 2.564e+35 2.568e-22 1.690e-10 2.123e-09
7.943e-13 2.536e+59 2.564e+35 2.568e-22 1.689e-10 2.123e-09
8.913e-13 2.014e+59 2.563e+35 2.568e-22 1.689e-10 2.123e-09
1.000e-12 1.600e+59 2.563e+35 2.567e-22 1.689e-10 2.122e-09
1.122e-12 1.270e+59 2.562e+35 2.567e-22 1.688e-10 2.122e-09
1.259e-12 1.009e+59 2.562e+35 2.566e-22 1.688e-10 2.121e-09
1.413e-12 8.012e+58 2.561e+35 2.565e-22 1.688e-10 2.121e-09
1.585e-12 6.362e+58 2.560e+35 2.565e-22 1.687e-10 2.120e-09
1.778e-12 5.052e+58 2.560e+35 2.564e-22 1.687e-10 2.120e-09
1.995e-12 4.012e+58 2.559e+35 2.563e-22 1.686e-10 2.119e-09
2.239e-12 3.186e+58 2.558e+35 2.563e-22 1.686e-10 2.119e-09
2.512e-12 2.530e+58 2.558e+35 2.562e-22 1.685e-10 2.118e-09
2.818e-12 2.009e+58 2.557e+35 2.561e-22 1.685e-10 2.117e-09
3.162e-12 1.595e+58 2.556e+35 2.560e-22 1.684e-10 2.117e-09
3.548e-12 1.267e+58 2.555e+35 2.559e-22 1.684e-10 2.116e-09
3.981e-12 1.006e+58 2.554e+35 2.559e-22 1.683e-10 2.115e-09
4.467e-12 7.987e+57 2.553e+35 2.558e-22 1.682e-10 2.114e-09
5.012e-12 6.342e+57 2.552e+35 2.557e-22 1.682e-10 2.113e-09
5.623e-12 5.035e+57 2.551e+35 2.556e-22 1.681e-10 2.113e-09
6.310e-12 3.998e+57 2.550e+35 2.554e-22 1.680e-10 2.112e-09
7.079e-12 3.174e+57 2.549e+35 2.553e-22 1.680e-10 2.111e-09
7.943e-12 2.520e+57 2.548e+35 2.552e-22 1.679e-10 2.110e-09
8.913e-12 2.001e+57 2.546e+35 2.551e-22 1.678e-10 2.109e-09
1.000e-11 1.588e+57 2.545e+35 2.549e-22 1.677e-10 2.107e-09
1.122e-11 1.261e+57 2.544e+35 2.548e-22 1.676e-10 2.106e-09
1.259e-11 1.001e+57 2.542e+35 2.546e-22 1.675e-10 2.105e-09
1.413e-11 7.947e+56 2.541e+35 2.545e-22 1.674e-10 2.104e-09
1.585e-11 6.309e+56 2.539e+35 2.543e-22 1.673e-10 2.102e-09
1.778e-11 5.008e+56 2.537e+35 2.542e-22 1.672e-10 2.101e-09
1.995e-11 3.975e+56 2.535e+35 2.540e-22 1.671e-10 2.099e-09
2.239e-11 3.155e+56 2.534e+35 2.538e-22 1.669e-10 2.098e-09
2.512e-11 2.504e+56 2.532e+35 2.536e-22 1.668e-10 2.096e-09
2.818e-11 1.988e+56 2.529e+35 2.534e-22 1.667e-10 2.095e-09
3.162e-11 1.577e+56 2.527e+35 2.532e-22 1.665e-10 2.093e-09
3.548e-11 1.252e+56 2.525e+35 2.529e-22 1.664e-10 2.091e-09
3.981e-11 9.935e+55 2.523e+35 2.527e-22 1.662e-10 2.089e-09
4.467e-11 7.884e+55 2.520e+35 2.524e-22 1.661e-10 2.087e-09
5.012e-11 6.256e+55 2.518e+35 2.522e-22 1.659e-10 2.085e-09
5.623e-11 4.964e+55 2.515e+35 2.519e-22 1.657e-10 2.082e-09
6.310e-11 3.938e+55 2.512e+35 2.516e-22 1.655e-10 2.080e-09
7.079e-11 3.125e+55 2.509e+35 2.513e-22 1.653e-10 2.078e-09
7.943e-11 2.479e+55 2.506e+35 2.510e-22 1.651e-10 2.075e-09
8.913e-11 1.966e+55 2.503e+35 2.507e-22 1.649e-10 2.072e-09
1.000e-10 1.560e+55 2.499e+35 2.503e-22 1.647e-10 2.070e-09
1.122e-10 1.237e+55 2.496e+35 2.500e-22 1.645e-10 2.067e-09
1.259e-10 9.813e+54 2.492e+35 2.496e-22 1.642e-10 2.063e-09
1.413e-10 7.783e+54 2.488e+35 2.492e-22 1.639e-10 2.060e-09
1.585e-10 6.172e+54 2.484e+35 2.488e-22 1.637e-10 2.057e-09
1.778e-10 4.894e+54 2.480e+35 2.484e-22 1.634e-10 2.053e-09
1.995e-10 3.881e+54 2.475e+35 2.479e-22 1.631e-10 2.050e-09
2.239e-10 3.077e+54 2.471e+35 2.475e-22 1.628e-10 2.046e-09
2.512e-10 2.439e+54 2.466e+35 2.470e-22 1.625e-10 2.042e-09
2.818e-10 1.933e+54 2.461e+35 2.465e-22 1.621e-10 2.038e-09
3.162e-10 1.532e+54 2.455e+35 2.459e-22 1.618e-10 2.033e-09
3.548e-10 1.215e+54 2.450e+35 2.454e-22 1.614e-10 2.029e-09
3.981e-10 9.625e+53 2.444e+35 2.448e-22 1.610e-10 2.024e-09
4.467e-10 7.626e+53 2.438e+35 2.442e-22 1.606e-10 2.019e-09
5.012e-10 6.042e+53 2.432e+35 2.436e-22 1.602e-10 2.014e-09
5.623e-10 4.786e+53 2.425e+35 2.429e-22 1.598e-10 2.008e-09
6.310e-10 3.791e+53 2.418e+35 2.422e-22 1.593e-10 2.002e-09
7.079e-10 3.003e+53 2.411e+35 2.415e-22 1.589e-10 1.997e-09
7.943e-10 2.378e+53 2.404e+35 2.408e-22 1.584e-10 1.990e-09
8.913e-10 1.883e+53 2.396e+35 2.400e-22 1.579e-10 1.984e-09
1.000e-09 1.490e+53 2.388e+35 2.392e-22 1.573e-10 1.977e-09
1.122e-09 1.180e+53 2.379e+35 2.383e-22 1.568e-10 1.970e-09
1.259e-09 9.336e+52 2.371e+35 2.375e-22 1.562e-10 1.963e-09
1.413e-09 7.387e+52 2.361e+35 2.365e-22 1.556e-10 1.955e-09
1.585e-09 5.844e+52 2.352e+35 2.356e-22 1.550e-10 1.948e-09
1.778e-09 4.623e+52 2.342e+35 2.346e-22 1.543e-10 1.939e-09
1.995e-09 3.656e+52 2.332e+35 2.336e-22 1.537e-10 1.931e-09
2.239e-09 2.891e+52 2.321e+35 2.325e-22 1.529e-10 1.922e-09
2.512e-09 2.285e+52 2.310e+35 2.314e-22 1.522e-10 1.913e-09
2.818e-09 1.806e+52 2.298e+35 2.302e-22 1.515e-10 1.903e-09
3.162e-09 1.427e+52 2.286e+35 2.290e-22 1.507e-10 1.893e-09
3.548e-09 1.127e+52 2.274e+35 2.278e-22 1.498e-10 1.883e-09
3.981e-09 8.904e+51 2.261e+35 2.265e-22 1.490e-10 1.872e-09
4.467e-09 7.031e+51 2.248e+35 2.251e-22 1.481e-10 1.861e-09
5.012e-09 5.550e+51 2.234e+35 2.237e-22 1.472e-10 1.850e-09
5.623e-09 4.380e+51 2.219e+35 2.223e-22 1.462e-10 1.838e-09
6.310e-09 3.456e+51 2.204e+35 2.208e-22 1.452e-10 1.825e-09
7.079e-09 2.726e+51 2.189e+35 2.192e-22 1.442e-10 1.812e-09
7.943e-09 2.149e+51 2.173e+35 2.176e-22 1.432e-10 1.799e-09
8.913e-09 1.694e+51 2.156e+35 2.160e-22 1.421e-10 1.785e-09
1.000e-08 1.335e+51 2.139e+35 2.142e-22 1.409e-10 1.771e-09
1.122e-08 1.052e+51 2.121e+35 2.125e-22 1.398e-10 1.756e-09
1.259e-08 8.280e+50 2.103e+35 2.106e-22 1.385e-10 1.741e-09
1.413e-08 6.517e+50 2.083e+35 2.087e-22 1.373e-10 1.725e-09
1.585e-08 5.128e+50 2.064e+35 2.067e-22 1.360e-10 1.709e-09
1.778e-08 4.033e+50 2.043e+35 2.047e-22 1.347e-10 1.692e-09
1.995e-08 3.171e+50 2.023e+35 2.026e-22 1.333e-10 1.675e-09
2.239e-08 2.492e+50 2.001e+35 2.004e-22 1.319e-10 1.657e-09
2.512e-08 1.957e+50 1.979e+35 1.982e-22 1.304e-10 1.638e-09
2.818e-08 1.537e+50 1.956e+35 1.959e-22 1.289e-10 1.619e-09
3.162e-08 1.206e+50 1.932e+35 1.935e-22 1.273e-10 1.600e-09
3.548e-08 9.458e+49 1.908e+35 1.911e-22 1.257e-10 1.580e-09
3.981e-08 7.414e+49 1.883e+35 1.886e-22 1.241e-10 1.559e-09
4.467e-08 5.809e+49 1.857e+35 1.860e-22 1.224e-10 1.538e-09
5.012e-08 4.548e+49 1.830e+35 1.834e-22 1.206e-10 1.516e-09
5.623e-08 3.559e+49 1.803e+35 1.806e-22 1.188e-10 1.493e-09
6.310e-08 2.784e+49 1.776e+35 1.779e-22 1.170e-10 1.470e-09
7.079e-08 2.176e+49 1.747e+35 1.750e-22 1.151e-10 1.447e-09
7.943e-08 1.699e+49 1.718e+35 1.721e-22 1.132e-10 1.422e-09
8.913e-08 1.326e+49 1.688e+35 1.691e-22 1.112e-10 1.398e-09
1.000e-07 1.034e+49 1.657e+35 1.660e-22 1.092e-10 1.372e-09
1.122e-07 8.062e+48 1.626e+35 1.629e-22 1.072e-10 1.347e-09
1.259e-07 6.278e+48 1.594e+35 1.597e-22 1.051e-10 1.320e-09
1.413e-07 4.885e+48 1.562e+35 1.564e-22 1.029e-10 1.293e-09
1.585e-07 3.798e+48 1.529e+35 1.531e-22 1.007e-10 1.266e-09
1.778e-07 2.950e+48 1.495e+35 1.497e-22 9.850e-11 1.238e-09
1.995e-07 2.290e+48 1.460e+35 1.463e-22 9.624e-11 1.209e-09
2.239e-07 1.775e+48 1.426e+35 1.428e-22 9.394e-11 1.181e-09
2.512e-07 1.375e+48 1.390e+35 1.393e-22 9.161e-11 1.151e-09
2.818e-07 1.064e+48 1.354e+35 1.357e-22 8.924e-11 1.121e-09
3.162e-07 8.226e+47 1.318e+35 1.320e-22 8.685e-11 1.091e-09
3.548e-07 6.352e+47 1.281e+35 1.283e-22 8.442e-11 1.061e-09
3.981e-07 4.899e+47 1.244e+35 1.246e-22 8.198e-11 1.030e-09
4.467e-07 3.774e+47 1.207e+35 1.209e-22 7.950e-11 9.991e-10
5.012e-07 2.904e+47 1.169e+35 1.171e-22 7.701e-11 9.678e-10
5.623e-07 2.232e+47 1.131e+35 1.133e-22 7.450e-11 9.362e-10
6.310e-07 1.713e+47 1.092e+35 1.094e-22 7.198e-11 9.046e-10
7.079e-07 1.313e+47 1.054e+35 1.056e-22 6.945e-11 8.728e-10
7.943e-07 1.005e+47 1.015e+35 1.017e-22 6.692e-11 8.409e-10
8.913e-07 7.676e+46 9.769e+34 9.786e-23 6.438e-11 8.090e-10
1.000e-06 5.857e+46 9.384e+34 9.400e-23 6.184e-11 7.771e-10
1.122e-06 4.462e+46 9.000e+34 9.015e-23 5.931e-11 7.453e-10
1.259e-06 3.394e+46 8.618e+34 8.632e-23 5.679e-11 7.136e-10
1.413e-06 2.577e+46 8.237e+34 8.251e-23 5.428e-11 6.821e-10
1.585e-06 1.953e+46 7.859e+34 7.873e-23 5.179e-11 6.508e-10
1.778e-06 1.477e+46 7.485e+34 7.498e-23 4.932e-11 6.198e-10
1.995e-06 1.116e+46 7.115e+34 7.127e-23 4.689e-11 5.892e-10
2.239e-06 8.406e+45 6.750e+34 6.762e-23 4.448e-11 5.590e-10
2.512e-06 6.322e+45 6.391e+34 6.401e-23 4.211e-11 5.292e-10
2.818e-06 4.744e+45 6.037e+34 6.048e-23 3.978e-11 4.999e-10
3.162e-06 3.552e+45 5.691e+34 5.700e-23 3.750e-11 4.712e-10
3.548e-06 2.653e+45 5.352e+34 5.361e-23 3.527e-11 4.432e-10
3.981e-06 1.977e+45 5.021e+34 5.030e-23 3.309e-11 4.158e-10
4.467e-06 1.470e+45 4.699e+34 4.707e-23 3.096e-11 3.891e-10
5.012e-06 1.090e+45 4.386e+34 4.394e-23 2.890e-11 3.632e-10
5.623e-06 8.059e+44 4.083e+34 4.090e-23 2.691e-11 3.381e-10
6.310e-06 5.943e+44 3.791e+34 3.797e-23 2.498e-11 3.139e-10
7.079e-06 4.370e+44 3.509e+34 3.515e-23 2.312e-11 2.906e-10
7.943e-06 3.203e+44 3.238e+34 3.244e-23 2.134e-11 2.682e-10
8.913e-06 2.341e+44 2.979e+34 2.984e-23 1.963e-11 2.467e-10
1.000e-05 1.705e+44 2.732e+34 2.737e-23 1.800e-11 2.262e-10
1.122e-05 1.238e+44 2.497e+34 2.501e-23 1.645e-11 2.068e-10
1.259e-05 8.955e+43 2.274e+34 2.278e-23 1.498e-11 1.883e-10
1.413e-05 6.454e+43 2.063e+34 2.067e-23 1.360e-11 1.708e-10
1.585e-05 4.634e+43 1.865e+34 1.868e-23 1.229e-11 1.544e-10
1.778e-05 3.314e+43 1.679e+34 1.682e-23 1.106e-11 1.390e-10
1.995e-05 2.360e+43 1.505e+34 1.508e-23 9.920e-12 1.247e-10
2.239e-05 1.674e+43 1.344e+34 1.346e-23 8.856e-12 1.113e-10
2.512e-05 1.181e+43 1.194e+34 1.196e-23 7.870e-12 9.890e-11
2.818e-05 8.300e+42 1.056e+34 1.058e-23 6.961e-12 8.747e-11
3.162e-05 5.803e+42 9.297e+33 9.313e-24 6.126e-12 7.699e-11
3.548e-05 4.036e+42 8.140e+33 8.154e-24 5.364e-12 6.741e-11
3.981e-05 2.792e+42 7.089e+33 7.101e-24 4.671e-12 5.870e-11
4.467e-05 1.920e+42 6.138e+33 6.148e-24 4.045e-12 5.082e-11
5.012e-05 1.313e+42 5.282e+33 5.291e-24 3.481e-12 4.374e-11
5.623e-05 8.916e+41 4.517e+33 4.525e-24 2.977e-12 3.741e-11
6.310e-05 6.016e+41 3.837e+33 3.843e-24 2.528e-12 3.177e-11
7.079e-05 4.030e+41 3.236e+33 3.241e-24 2.132e-12 2.679e-11
7.943e-05 2.679e+41 2.708e+33 2.713e-24 1.784e-12 2.242e-11
8.913e-05 1.766e+41 2.248e+33 2.252e-24 1.481e-12 1.861e-11
1.000e-04 1.154e+41 1.850e+33 1.853e-24 1.219e-12 1.532e-11
1.122e-04 7.475e+40 1.508e+33 1.510e-24 9.935e-13 1.248e-11
1.259e-04 4.791e+40 1.216e+33 1.219e-24 8.016e-13 1.007e-11
1.413e-04 3.036e+40 9.706e+32 9.723e-25 6.396e-13 8.038e-12
1.585e-04 1.901e+40 7.652e+32 7.665e-25 5.042e-13 6.336e-12
1.778e-04 1.175e+40 5.953e+32 5.963e-25 3.923e-13 4.929e-12
1.995e-04 7.156e+39 4.564e+32 4.572e-25 3.008e-13 3.779e-12
2.239e-04 4.288e+39 3.444e+32 3.449e-25 2.269e-13 2.852e-12
2.512e-04 2.525e+39 2.552e+32 2.557e-25 1.682e-13 2.114e-12
2.818e-04 1.457e+39 1.855e+32 1.858e-25 1.222e-13 1.536e-12
3.162e-04 8.230e+38 1.319e+32 1.321e-25 8.689e-14 1.092e-12
3.548e-04 4.535e+38 9.147e+31 9.163e-26 6.028e-14 7.574e-13
3.981e-04 2.431e+38 6.174e+31 6.184e-26 4.068e-14 5.112e-13
4.467e-04 1.264e+38 4.041e+31 4.048e-26 2.663e-14 3.346e-13
5.012e-04 6.351e+37 2.556e+31 2.560e-26 1.684e-14 2.116e-13
5.623e-04 3.070e+37 1.556e+31 1.558e-26 1.025e-14 1.288e-13
6.310e-04 1.422e+37 9.070e+30 9.085e-27 5.977e-15 7.511e-14
7.079e-04 6.276e+36 5.039e+30 5.048e-27 3.321e-15 4.173e-14
7.943e-04 2.625e+36 2.653e+30 2.658e-27 1.748e-15 2.197e-14
8.913e-04 1.034e+36 1.316e+30 1.318e-27 8.669e-16 1.089e-14
1.000e-03 3.807e+35 6.100e+29 6.110e-28 4.019e-16 5.051e-15
1.122e-03 1.301e+35 2.624e+29 2.629e-28 1.729e-16 2.173e-15
1.259e-03 4.092e+34 1.039e+29 1.041e-28 6.847e-17 8.604e-16
1.413e-03 1.172e+34 3.748e+28 3.755e-29 2.470e-17 3.104e-16
1.585e-03 3.029e+33 1.219e+28 1.221e-29 8.033e-18 1.009e-16
1.778e-03 6.962e+32 3.527e+27 3.533e-30 2.324e-18 2.921e-17
1.995e-03 1.404e+32 8.955e+26 8.970e-31 5.901e-19 7.415e-18
2.239e-03 2.428e+31 1.950e+26 1.953e-31 1.285e-19 1.615e-18
2.512e-03 3.558e+30 3.597e+25 3.603e-32 2.370e-20 2.979e-19
2.818e-03 4.000e+29 5.090e+24 5.099e-33 3.354e-21 4.215e-20
3.162e-03 3.888e+28 6.229e+23 6.239e-34 4.104e-22 5.158e-21
3.548e-03 0.000e+00 0.000e+00 0.000e+00 0.000e+00 0.000e+00
3.981e-03 0.000e+00 0.000e+00 0.000e+00 0.000e+00 0.000e+00
4.467e-03 0.000e+00 0.000e+00 0.000e+00 0.000e+00 0.000e+00
5.012e-03 0.000e+00 0.000e+00 0.000e+00 0.000e+00 0.000e+00
5.623e-03 0.000e+00 0.000e+00 0.000e+00 0.000e+00 0.000e+00
6.310e-03 0.000e+00 0.000e+00 0.000e+00 0.000e+00 0.000e+00
7.079e-03 0.000e+00 0.000e+00 0.000e+00 0.000e+00 0.000e+00
7.943e-03 0.000e+00 0.000e+00 0.000e+00 0.000e+00 0.000e+00
8.913e-03 0.000e+00 0.000e+00 0.000e+00 0.000e+00 0.000e+00
1.000e-02 0.000e+00 0.000e+00 0.000e+00 0.000e+00 0.000e+00
1.122e-02 0.000e+00 0.000e+00 0.000e+00 0.000e+00 0.000e+00
1.259e-02 0.000e+00 0.000e+00 0.000e+00 0.000e+00 0.000e+00
1.413e-02 0.000e+00 0.000e+00 0.000e+00 0.000e+00 0.000e+00
1.585e-02 0.000e+00 0.000e+00 0.000e+00 0.000e+00 0.000e+00
1.778e-02 0.000e+00 0.000e+00 0.000e+00 0.000e+00 0.000e+00
1.995e-02 0.000e+00 0.000e+00 0.000e+00 0.000e+00 0.000e+00
2.239e-02 0.000e+00 0.000e+00 0.000e+00 0.000e+00 0.000e+00
2.512e-02 0.000e+00 0.000e+00 0.000e+00 0.000e+00 0.000e+00
2.818e-02 0.000e+00 0.000e+00 0.000e+00 0.000e+00 0.000e+00
3.162e-02 0.000e+00 0.000e+00 0.000e+00 0.000e+00 0.000e+00
3.548e-02 0.000e+00 0.000e+00 0.000e+00 0.000e+00 0.000e+00
3.981e-02 0.000e+00 0.000e+00 0.000e+00 0.000e+00 0.000e+00
4.467e-02 0.000e+00 0.000e+00 0.000e+00 0.000e+00 0.000e+00
5.012e-02 0.000e+00 0.000e+00 0.000e+00 0.000e+00 0.000e+00
5.623e-02 0.000e+00 0.000e+00 0.000e+00 0.000e+00 0.000e+00
6.310e-02 0.000e+00 0.000e+00 0.000e+00 0.000e+00 0.000e+00
7.079e-02 0.000e+00 0.000e+00 0.000e+00 0.000e+00 0.000e+00
7.943e-02 0.000e+00 0.000e+00 0.000e+00 0.000e+00 0.000e+00
8.913e-02 0.000e+00 0.000e+00 0.000e+00 0.000e+00 0.000e+00
1.000e-01 0.000e+00 0.000e+00 0.000e+00 0.000e+00 0.000e+00
1.122e-01 0.000e+00 0.000e+00 0.000e+00 0.000e+00 0.000e+00
1.259e-01 0.000e+00 0.000e+00 0.000e+00 0.000e+00 0.000e+00
1.413e-01 0.000e+00 0.000e+00 0.000e+00 0.000e+00 0.000e+00
1.585e-01 0.000e+00 0.000e+00 0.000e+00 0.000e+00 0.000e+00
1.778e-01 0.000e+00 0.000e+00 0.000e+00 0.000e+00 0.000e+00
1.995e-01 0.000e+00 0.000e+00 0.000e+00 0.000e+00 0.000e+00
2.239e-01 0.000e+00 0.000e+00 0.000e+00 0.000e+00 0.000e+00
2.512e-01 0.000e+00 0.000e+00 0.000e+00 0.000e+00 0.000e+00
2.818e-01 0.000e+00 0.000e+00 0.000e+00 0.000e+00 0.000e+00
3.162e-01 0.000e+00 0.000e+00 0.000e+00 0.000e+00 0.000e+00
3.548e-01 0.000e+00 0.000e+00 0.000e+00 0.000e+00 0.000e+00
3.981e-01 0.000e+00 0.000e+00 0.000e+00 0.000e+00 0.000e+00
4.467e-01 0.000e+00 0.000e+00 0.000e+00 0.000e+00 0.000e+00
5.012e-01 0.000e+00 0.000e+00 0.000e+00 0.000e+00 0.000e+00
5.623e-01 0.000e+00 0.000e+00 0.000e+00 0.000e+00 0.000e+00
6.310e-01 0.000e+00 0.000e+00 0.000e+00 0.000e+00 0.000e+00
7.079e-01 0.000e+00 0.000e+00 0.000e+00 0.000e+00 0.000e+00
7.943e-01 0.000e+00 0.000e+00 0.000e+00 0.000e+00 0.000e+00
8.913e-01 0.000e+00 0.000e+00 0.000e+00 0.000e+00 0.000e+00
1.000e+00 0.000e+00 0.000e+00 0.000e+00 0.000e+00 0.000e+00
1.122e+00 0.000e+00 0.000e+00 0.000e+00 0.000e+00 0.000e+00
1.259e+00 0.000e+00 0.000e+00 0.000e+00 0.000e+00 0.000e+00
1.413e+00 0.000e+00 0.000e+00 0.000e+00 0.000e+00 0.000e+00
1.585e+00 0.000e+00 0.000e+00 0.000e+00 0.000e+00 0.000e+00
1.778e+00 0.000e+00 0.000e+00 0.000e+00 0.000e+00 0.000e+00
1.995e+00 0.000e+00 0.000e+00 0.000e+00 0.000e+00 0.000e+00
2.239e+00 0.000e+00 0.000e+00 0.000e+00 0.000e+00 0.000e+00
2.512e+00 0.000e+00 0.000e+00 0.000e+00 0.000e+00 0.000e+00
2.818e+00 0.000e+00 0.000e+00 0.000e+00 0.000e+00 0.000e+00
3.162e+00 0.000e+00 0.000e+00 0.000e+00 0.000e+00 0.000e+00
3.548e+00 0.000e+00 0.000e+00 0.000e+00 0.000e+00 0.000e+00
3.981e+00 0.000e+00 0.000e+00 0.000e+00 0.000e+00 0.000e+00
4.467e+00 0.000e+00 0.000e+00 0.000e+00 0.000e+00 0.000e+00
5.012e+00 0.000e+00 0.000e+00 0.000e+00 0.000e+00 0.000e+00
5.623e+00 0.000e+00 0.000e+00 0.000e+00 0.000e+00 0.000e+00
6.310e+00 0.000e+00 0.000e+00 0.000e+00 0.000e+00 0.000e+00
7.079e+00 0.000e+00 0.000e+00 0.000e+00 0.000e+00 0.000e+00
7.943e+00 0.000e+00 0.000e+00 0.000e+00 0.000e+00 0.000e+00
8.913e+00 0.000e+00 0.000e+00 0.000e+00 0.000e+00 0.000e+00
1.000e+01 0.000e+00 0.000e+00 0.000e+00 0.000e+00 0.000e+00
1.122e+01 0.000e+00 0.000e+00 0.000e+00 0.000e+00 0.000e+00
1.259e+01 0.000e+00 0.000e+00 0.000e+00 0.000e+00 0.000e+00
1.413e+01 0.000e+00 0.000e+00 0.000e+00 0.000e+00 0.000e+00
1.585e+01 0.000e+00 0.000e+00 0.000e+00 0.000e+00 0.000e+00
1.778e+01 0.000e+00 0.000e+00 0.000e+00 0.000e+00 0.000e+00
1.995e+01 0.000e+00 0.000e+00 0.000e+00 0.000e+00 0.000e+00
2.239e+01 0.000e+00 0.000e+00 0.000e+00 0.000e+00 0.000e+00
2.512e+01 0.000e+00 0.000e+00 0.000e+00 0.000e+00 0.000e+00
2.818e+01 0.000e+00 0.000e+00 0.000e+00 0.000e+00 0.000e+00
3.162e+01 0.000e+00 0.000e+00 0.000e+00 0.000e+00 0.000e+00
3.548e+01 0.000e+00 0.000e+00 0.000e+00 0.000e+00 0.000e+00
3.981e+01 0.000e+00 0.000e+00 0.000e+00 0.000e+00 0.000e+00
4.467e+01 0.000e+00 0.000e+00 0.000e+00 0.000e+00 0.000e+00
5.012e+01 0.000e+00 0.000e+00 0.000e+00 0.000e+00 0.000e+00
5.623e+01 0.000e+00 0.000e+00 0.000e+00 0.000e+00 0.000e+00
6.310e+01 0.000e+00 0.000e+00 0.000e+00 0.000e+00 0.000e+00
7.079e+01 0.000e+00 0.000e+00 0.000e+00 0.000e+00 0.000e+00
7.943e+01 0.000e+00 0.000e+00 0.000e+00 0.000e+00 0.000e+00
8.913e+01 0.000e+00 0.000e+00 0.000e+00 0.000e+00 0.000e+00
1.000e+02 0.000e+00 0.000e+00 0.000e+00 0.000e+00 0.000e+00
1.122e+02 0.000e+00 0.000e+00 0.000e+00 0.000e+00 0.000e+00
1.259e+02 0.000e+00 0.000e+00 0.000e+00 0.000e+00 0.000e+00
1.413e+02 0.000e+00 0.000e+00 0.000e+00 0.000e+00 0.000e+00
1.585e+02 0.000e+00 0.000e+00 0.000e+00 0.000e+00 0.000e+00
1.778e+02 0.000e+00 0.000e+00 0.000e+00 0.000e+00 0.000e+00
1.995e+02 0.000e+00 0.000e+00 0.000e+00 0.000e+00 0.000e+00
2.239e+02 0.000e+00 0.000e+00 0.000e+00 0.000e+00 0.000e+00
2.512e+02 0.000e+00 0.000e+00 0.000e+00 0.000e+00 0.000e+00
2.818e+02 0.000e+00 0.000e+00 0.000e+00 0.000e+00 0.000e+00
3.162e+02 0.000e+00 0.000e+00 0.000e+00 0.000e+00 0.000e+00
3.548e+02 0.000e+00 0.000e+00 0.000e+00 0.000e+00 0.000e+00
3.981e+02 0.000e+00 0.000e+00 0.000e+00 0.000e+00 0.000e+00
4.467e+02 0.000e+00 0.000e+00 0.000e+00 0.000e+00 0.000e+00
5.012e+02 0.000e+00 0.000e+00 0.000e+00 0.000e+00 0.000e+00
5.623e+02 0.000e+00 0.000e+00 0.000e+00 0.000e+00 0.000e+00
6.310e+02 0.000e+00 0.000e+00 0.000e+00 0.000e+00 0.000e+00
7.079e+02 0.000e+00 0.000e+00 0.000e+00 0.000e+00 0.000e+00
7.943e+02 0.000e+00 0.000e+00 0.000e+00 0.000e+00 0.000e+00
8.913e+02 0.000e+00 0.000e+00 0.000e+00 0.000e+00 0.000e+00
1.000e+03 0.000e+00 0.000e+00 0.000e+00 0.000e+00 0.000e+00
1.122e+03 0.000e+00 0.000e+00 0.000e+00 0.000e+00 0.000e+00
1.259e+03 0.000e+00 0.000e+00 0.000e+00 0.000e+00 0.000e+00
1.413e+03 0.000e+00 0.000e+00 0.000e+00 0.000e+00 0.000e+00
1.585e+03 0.000e+00 0.000e+00 0.000e+00 0.000e+00 0.000e+00
1.778e+03 0.000e+00 0.000e+00 0.000e+00 0.000e+00 0.000e+00
1.995e+03 0.000e+00 0.000e+00 0.000e+00 0.000e+00 0.000e+00
2.239e+03 0.000e+00 0.000e+00 0.000e+00 0.000e+00 0.000e+00
2.512e+03 0.000e+00 0.000e+00 0.000e+00 0.000e+00 0.000e+00
2.818e+03 0.000e+00 0.000e+00 0.000e+00 0.000e+00 0.000e+00
3.162e+03 0.000e+00 0.000e+00 0.000e+00 0.000e+00 0.000e+00
3.548e+03 0.000e+00 0.000e+00 0.000e+00 0.000e+00 0.000e+00
3.981e+03 0.000e+00 0.000e+00 0.000e+00 0.000e+00 0.000e+00
4.467e+03 0.000e+00 0.000e+00 0.000e+00 0.000e+00 0.000e+00
5.012e+03 0.000e+00 0.000e+00 0.000e+00 0.000e+00 0.000e+00
5.623e+03 0.000e+00 0.000e+00 0.000e+00 0.000e+00 0.000e+00
6.310e+03 0.000e+00 0.000e+00 0.000e+00 0.000e+00 0.000e+00
7.079e+03 0.000e+00 0.000e+00 0.000e+00 0.000e+00 0.000e+00
7.943e+03 0.000e+00 0.000e+00 0.000e+00 0.000e+00 0.000e+00
8.913e+03 0.000e+00 0.000e+00 0.000e+00 0.000e+00 0.000e+00
1.000e+04 0.000e+00 0.000e+00 0.000e+00 0.000e+00 0.000e+00
1.122e+04 0.000e+00 0.000e+00 0.000e+00 0.000e+00 0.000e+00
1.259e+04 0.000e+00 0.000e+00 0.000e+00 0.000e+00 0.000e+00
1.413e+04 0.000e+00 0.000e+00 0.000e+00 0.000e+00 0.000e+00
1.585e+04 0.000e+00 0.000e+00 0.000e+00 0.000e+00 0.000e+00
1.778e+04 0.000e+00 0.000e+00 0.000e+00 0.000e+00 0.000e+00
1.995e+04 0.000e+00 0.000e+00 0.000e+00 0.000e+00 0.000e+00
2.239e+04 0.000e+00 0.000e+00 0.000e+00 0.000e+00 0.000e+00
2.512e+04 0.000e+00 0.000e+00 0.000e+00 0.000e+00 0.000e+00
2.818e+04 0.000e+00 0.000e+00 0.000e+00 0.000e+00 0.000e+00
3.162e+04 0.000e+00 0.000e+00 0.000e+00 0.000e+00 0.000e+00
3.548e+04 0.000e+00 0.000e+00 0.000e+00 0.000e+00 0.000e+00
3.981e+04 0.000e+00 0.000e+00 0.000e+00 0.000e+00 0.000e+00
4.467e+04 0.000e+00 0.000e+00 0.000e+00 0.000e+00 0.000e+00
5.012e+04 0.000e+00 0.000e+00 0.000e+00 0.000e+00 0.000e+00
5.623e+04 0.000e+00 0.000e+00 0.000e+00 0.000e+00 0.000e+00
6.310e+04 0.000e+00 0.000e+00 0.000e+00 0.000e+00 0.000e+00
7.079e+04 0.000e+00 0.000e+00 0.000e+00 0.000e+00 0.000e+00
7.943e+04 0.000e+00 0.000e+00 0.000e+00 0.000e+00 0.000e+00
8.913e+04 0.000e+00 0.000e+00 0.000e+00 0.000e+00 0.000e+00
1.000e+05 0.000e+00 0.000e+00 0.000e+00 0.000e+00 0.000e+00
1.122e+05 0.000e+00 0.000e+00 0.000e+00 0.000e+00 0.000e+00
1.259e+05 0.000e+00 0.000e+00 0.000e+00 0.000e+00 0.000e+00
1.413e+05 0.000e+00 0.000e+00 0.000e+00 0.000e+00 0.000e+00
1.585e+05 0.000e+00 0.000e+00 0.000e+00 0.000e+00 0.000e+00
1.778e+05 0.000e+00 0.000e+00 0.000e+00 0.000e+00 0.000e+00
1.995e+05 0.000e+00 0.000e+00 0.000e+00 0.000e+00 0.000e+00
2.239e+05 0.000e+00 0.000e+00 0.000e+00 0.000e+00 0.000e+00
2.512e+05 0.000e+00 0.000e+00 0.000e+00 0.000e+00 0.000e+00
2.818e+05 0.000e+00 0.000e+00 0.000e+00 0.000e+00 0.000e+00
3.162e+05 0.000e+00 0.000e+00 0.000e+00 0.000e+00 0.000e+00
3.548e+05 0.000e+00 0.000e+00 0.000e+00 0.000e+00 0.000e+00
3.981e+05 0.000e+00 0.000e+00 0.000e+00 0.000e+00 0.000e+00
4.467e+05 0.000e+00 0.000e+00 0.000e+00 0.000e+00 0.000e+00
5.012e+05 0.000e+00 0.000e+00 0.000e+00 0.000e+00 0.000e+00
5.623e+05 0.000e+00 0.000e+00 0.000e+00 0.000e+00 0.000e+00
6.310e+05 0.000e+00 0.000e+00 0.000e+00 0.000e+00 0.000e+00
7.079e+05 0.000e+00 0.000e+00 0.000e+00 0.000e+00 0.000e+00
7.943e+05 0.000e+00 0.000e+00 0.000e+00 0.000e+00 0.000e+00
8.913e+05 0.000e+00 0.000e+00 0.000e+00 0.000e+00 0.000e+00
1.000e+06 0.000e+00 0.000e+00 0.000e+00 0.000e+00 0.000e+00
1.122e+06 0.000e+00 0.000e+00 0.000e+00 0.000e+00 0.000e+00
1.259e+06 0.000e+00 0.000e+00 0.000e+00 0.000e+00 0.000e+00
1.413e+06 0.000e+00 0.000e+00 0.000e+00 0.000e+00 0.000e+00
1.585e+06 0.000e+00 0.000e+00 0.000e+00 0.000e+00 0.000e+00
1.778e+06 0.000e+00 0.000e+00 0.000e+00 0.000e+00 0.000e+00
1.995e+06 0.000e+00 0.000e+00 0.000e+00 0.000e+00 0.000e+00
2.239e+06 0.000e+00 0.000e+00 0.000e+00 0.000e+00 0.000e+00
2.512e+06 0.000e+00 0.000e+00 0.000e+00 0.000e+00 0.000e+00
2.818e+06 0.000e+00 0.000e+00 0.000e+00 0.000e+00 0.000e+00
3.162e+06 0.000e+00 0.000e+00 0.000e+00 0.000e+00 0.000e+00
3.548e+06 0.000e+00 0.000e+00 0.000e+00 0.000e+00 0.000e+00
3.981e+06 0.000e+00 0.000e+00 0.000e+00 0.000e+00 0.000e+00
4.467e+06 0.000e+00 0.000e+00 0.000e+00 0.000e+00 0.000e+00
5.012e+06 0.000e+00 0.000e+00 0.000e+00 0.000e+00 0.000e+00
5.623e+06 0.000e+00 0.000e+00 0.000e+00 0.000e+00 0.000e+00
6.310e+06 0.000e+00 0.000e+00 0.000e+00 0.000e+00 0.000e+00
7.079e+06 0.000e+00 0.000e+00 0.000e+00 0.000e+00 0.000e+00
7.943e+06 0.000e+00 0.000e+00 0.000e+00 0.000e+00 0.000e+00
8.913e+06 0.000e+00 0.000e+00 0.000e+00 0.000e+00 0.000e+00
1.000e+07 0.000e+00 0.000e+00 0.000e+00 0.000e+00 0.000e+00
1.122e+07 0.000e+00 0.000e+00 0.000e+00 0.000e+00 0.000e+00
1.259e+07 0.000e+00 0.000e+00 0.000e+00 0.000e+00 0.000e+00
1.413e+07 0.000e+00 0.000e+00 0.000e+00 0.000e+00 0.000e+00
1.585e+07 0.000e+00 0.000e+00 0.000e+00 0.000e+00 0.000e+00
1.778e+07 0.000e+00 0.000e+00 0.000e+00 0.000e+00 0.000e+00
1.995e+07 0.000e+00 0.000e+00 0.000e+00 0.000e+00 0.000e+00
2.239e+07 0.000e+00 0.000e+00 0.000e+00 0.000e+00 0.000e+00
2.512e+07 0.000e+00 0.000e+00 0.000e+00 0.000e+00 0.000e+00
2.818e+07 0.000e+00 0.000e+00 0.000e+00 0.000e+00 0.000e+00
3.162e+07 0.000e+00 0.000e+00 0.000e+00 0.000e+00 0.000e+00
3.548e+07 0.000e+00 0.000e+00 0.000e+00 0.000e+00 0.000e+00
3.981e+07 0.000e+00 0.000e+00 0.000e+00 0.000e+00 0.000e+00
4.467e+07 0.000e+00 0.000e+00 0.000e+00 0.000e+00 0.000e+00
5.012e+07 0.000e+00 0.000e+00 0.000e+00 0.000e+00 0.000e+00
5.623e+07 0.000e+00 0.000e+00 0.000e+00 0.000e+00 0.000e+00
6.310e+07 0.000e+00 0.000e+00 0.000e+00 0.000e+00 0.000e+00
7.079e+07 0.000e+00 0.000e+00 0.000e+00 0.000e+00 0.000e+00
7.943e+07 0.000e+00 0.000e+00 0.000e+00 0.000e+00 0.000e+00
8.913e+07 0.000e+00 0.000e+00 0.000e+00 0.000e+00 0.000e+00
1.000e+08 0.000e+00 0.000e+00 0.000e+00 0.000e+00 0.000e+00
