5.800e-07 0.000e+00 0.000e+00
6.508e-07 5.225e+35 2.213e+23
7.302e-07 6.545e+35 3.489e+23
8.193e-07 8.202e+35 5.505e+23
9.192e-07 1.028e+36 8.690e+23
1.031e-06 1.290e+36 1.372e+24
1.157e-06 1.619e+36 2.168e+24
1.298e-06 2.032e+36 3.426e+24
1.457e-06 2.552e+36 5.416e+24
1.635e-06 3.205e+36 8.563e+24
1.834e-06 4.026e+36 1.354e+25
2.058e-06 5.060e+36 2.143e+25
2.309e-06 6.359e+36 3.390e+25
2.591e-06 7.993e+36 5.365e+25
2.907e-06 9.941e+36 8.400e+25
3.262e-06 1.252e+37 1.331e+26
3.659e-06 1.576e+37 2.110e+26
4.106e-06 1.984e+37 3.344e+26
4.607e-06 2.497e+37 5.300e+26
5.169e-06 3.144e+37 8.400e+26
5.800e-06 3.958e+37 1.331e+27
6.508e-06 4.982e+37 2.110e+27
7.302e-06 6.272e+37 3.344e+27
8.193e-06 7.896e+37 5.300e+27
9.192e-06 9.941e+37 8.400e+27
1.031e-05 1.252e+38 1.331e+28
1.157e-05 1.576e+38 2.110e+28
1.298e-05 1.984e+38 3.344e+28
1.457e-05 2.497e+38 5.300e+28
1.635e-05 3.144e+38 8.400e+28
1.834e-05 3.958e+38 1.331e+29
2.058e-05 4.982e+38 2.110e+29
2.309e-05 6.272e+38 3.344e+29
2.591e-05 7.896e+38 5.300e+29
2.907e-05 9.941e+38 8.400e+29
3.262e-05 1.252e+39 1.331e+30
3.659e-05 1.576e+39 2.110e+30
4.106e-05 1.984e+39 3.344e+30
4.607e-05 2.497e+39 5.300e+30
5.169e-05 3.144e+39 8.400e+30
5.800e-05 3.958e+39 1.331e+31
6.508e-05 4.982e+39 2.110e+31
7.302e-05 6.272e+39 3.344e+31
8.193e-05 7.896e+39 5.300e+31
9.192e-05 9.941e+39 8.400e+31
1.031e-04 1.251e+40 1.331e+32
1.157e-04 1.576e+40 2.110e+32
1.298e-04 1.983e+40 3.344e+32
1.457e-04 2.497e+40 5.300e+32
1.635e-04 3.144e+40 8.400e+32
1.834e-04 3.958e+40 1.331e+33
2.058e-04 4.982e+40 2.110e+33
2.309e-04 6.272e+40 3.344e+33
2.591e-04 7.896e+40 5.300e+33
2.907e-04 9.941e+40 8.400e+33
3.262e-04 1.251e+41 1.331e+34
3.659e-04 1.575e+41 2.110e+34
4.106e-04 1.983e+41 3.344e+34
4.607e-04 2.497e+41 5.300e+34
5.169e-04 3.143e+41 8.399e+34
5.800e-04 3.957e+41 1.331e+35
6.508e-04 4.982e+41 2.110e+35
7.302e-04 6.272e+41 3.344e+35
8.193e-04 7.896e+41 5.300e+35
9.192e-04 9.940e+41 8.399e+35
1.031e-03 1.251e+42 1.331e+36
1.157e-03 1.575e+42 2.110e+36
1.298e-03 1.983e+42 3.344e+36
1.457e-03 2.497e+42 5.299e+36
1.635e-03 3.143e+42 8.399e+36
1.834e-03 3.957e+42 1.331e+37
2.058e-03 4.981e+42 2.110e+37
2.309e-03 6.271e+42 3.343e+37
2.591e-03 7.894e+42 5.299e+37
2.907e-03 9.938e+42 8.397e+37
3.262e-03 1.251e+43 1.331e+38
3.659e-03 1.575e+43 2.109e+38
4.106e-03 1.983e+43 3.343e+38
4.607e-03 2.496e+43 5.298e+38
5.169e-03 3.142e+43 8.396e+38
5.800e-03 3.955e+43 1.331e+39
6.508e-03 4.979e+43 2.109e+39
7.302e-03 6.268e+43 3.342e+39
8.193e-03 7.890e+43 5.296e+39
9.192e-03 9.932e+43 8.392e+39
1.031e-02 1.250e+44 1.330e+40
1.157e-02 1.574e+44 2.108e+40
1.298e-02 1.981e+44 3.340e+40
1.457e-02 2.493e+44 5.292e+40
1.635e-02 3.139e+44 8.386e+40
1.834e-02 3.950e+44 1.329e+41
2.058e-02 4.972e+44 2.106e+41
2.309e-02 6.258e+44 3.336e+41
2.591e-02 7.876e+44 5.286e+41
2.907e-02 9.912e+44 8.376e+41
3.262e-02 1.247e+45 1.327e+42
3.659e-02 1.570e+45 2.102e+42
4.106e-02 1.975e+45 3.330e+42
4.607e-02 2.486e+45 5.276e+42
5.169e-02 3.127e+45 8.357e+42
5.800e-02 3.935e+45 1.324e+43
6.508e-02 4.950e+45 2.096e+43
7.302e-02 6.227e+45 3.320e+43
8.193e-02 7.832e+45 5.257e+43
9.192e-02 9.850e+45 8.323e+43
1.031e-01 1.239e+46 1.318e+44
1.157e-01 1.557e+46 2.086e+44
1.298e-01 1.958e+46 3.301e+44
1.457e-01 2.461e+46 5.223e+44
1.635e-01 3.093e+46 8.264e+44
1.834e-01 3.886e+46 1.307e+45
2.058e-01 4.881e+46 2.067e+45
2.309e-01 6.129e+46 3.268e+45
2.591e-01 7.695e+46 5.164e+45
2.907e-01 9.656e+46 8.159e+45
3.262e-01 1.211e+47 1.289e+46
3.659e-01 1.519e+47 2.034e+46
4.106e-01 1.949e+47 3.285e+46
4.607e-01 2.448e+47 5.195e+46
5.169e-01 3.074e+47 8.213e+46
5.800e-01 3.858e+47 1.298e+47
6.508e-01 4.842e+47 2.051e+47
7.302e-01 6.073e+47 3.238e+47
8.193e-01 7.614e+47 5.110e+47
9.192e-01 9.540e+47 8.061e+47
1.031e+00 9.955e+47 1.059e+48
1.157e+00 7.805e+47 1.045e+48
1.298e+00 6.109e+47 1.030e+48
1.457e+00 4.773e+47 1.013e+48
1.635e+00 3.721e+47 9.943e+47
1.834e+00 2.894e+47 9.736e+47
2.058e+00 2.245e+47 9.507e+47
2.309e+00 1.736e+47 9.255e+47
2.591e+00 1.338e+47 8.979e+47
2.907e+00 1.027e+47 8.676e+47
3.262e+00 7.845e+46 8.345e+47
3.659e+00 5.963e+46 7.986e+47
4.106e+00 4.506e+46 7.597e+47
4.607e+00 3.381e+46 7.176e+47
5.169e+00 2.518e+46 6.728e+47
5.800e+00 1.858e+46 6.250e+47
6.508e+00 1.357e+46 5.746e+47
7.302e+00 9.789e+45 5.219e+47
8.193e+00 6.964e+45 4.674e+47
9.192e+00 4.873e+45 4.118e+47
1.031e+01 3.346e+45 3.559e+47
1.157e+01 2.247e+45 3.009e+47
1.298e+01 1.470e+45 2.479e+47
1.457e+01 9.335e+44 1.981e+47
1.635e+01 5.726e+44 1.530e+47
1.834e+01 3.378e+44 1.136e+47
2.058e+01 1.908e+44 8.081e+46
2.309e+01 1.029e+44 5.487e+46
2.591e+01 5.293e+43 3.552e+46
2.907e+01 2.597e+43 2.194e+46
3.262e+01 1.217e+43 1.294e+46
3.659e+01 5.447e+42 7.294e+45
4.106e+01 2.318e+42 3.907e+45
4.607e+01 9.328e+41 1.980e+45
5.169e+01 3.528e+41 9.427e+44
5.800e+01 1.370e+41 4.609e+44
6.508e+01 4.506e+40 1.908e+44
7.302e+01 1.359e+40 7.244e+43
8.193e+01 3.718e+39 2.495e+43
9.192e+01 9.123e+38 7.709e+42
1.031e+02 1.981e+38 2.107e+42
1.157e+02 3.751e+37 5.023e+41
1.298e+02 6.090e+36 1.027e+41
1.457e+02 8.323e+35 1.767e+40
1.635e+02 9.375e+34 2.505e+39
1.834e+02 8.501e+33 2.860e+38
2.058e+02 6.046e+32 2.560e+37
2.309e+02 3.273e+31 1.745e+36
2.591e+02 1.306e+30 8.763e+34
2.907e+02 3.696e+28 3.123e+33
3.262e+02 7.125e+26 7.580e+31
3.659e+02 8.925e+24 1.195e+30
4.106e+02 6.893e+22 1.162e+28
4.607e+02 3.095e+20 6.568e+25
5.169e+02 7.561e+17 2.020e+23
5.800e+02 9.334e+14 3.140e+20
6.508e+02 5.356e+11 2.268e+17
7.302e+02 1.301e+08 6.937e+13
8.193e+02 1.205e+04 8.085e+09
9.192e+02 3.774e-01 3.189e+05
