6.091e-07 2.833e+60 1.051e+48
6.834e-07 2.250e+60 1.051e+48
7.668e-07 1.788e+60 1.051e+48
8.603e-07 1.420e+60 1.051e+48
9.653e-07 1.128e+60 1.051e+48
1.083e-06 8.959e+59 1.051e+48
1.215e-06 7.116e+59 1.051e+48
1.364e-06 5.653e+59 1.051e+48
1.530e-06 4.490e+59 1.051e+48
1.717e-06 3.567e+59 1.051e+48
1.926e-06 2.833e+59 1.051e+48
2.161e-06 2.250e+59 1.051e+48
2.425e-06 1.788e+59 1.051e+48
2.721e-06 1.420e+59 1.051e+48
3.053e-06 1.128e+59 1.051e+48
3.425e-06 8.959e+58 1.051e+48
3.843e-06 7.116e+58 1.051e+48
4.312e-06 5.653e+58 1.051e+48
4.838e-06 4.490e+58 1.051e+48
5.428e-06 3.567e+58 1.051e+48
6.091e-06 2.833e+58 1.051e+48
6.834e-06 2.250e+58 1.051e+48
7.668e-06 1.788e+58 1.051e+48
8.603e-06 1.420e+58 1.051e+48
9.653e-06 1.128e+58 1.051e+48
1.083e-05 8.959e+57 1.051e+48
1.215e-05 7.116e+57 1.051e+48
1.364e-05 5.653e+57 1.051e+48
1.530e-05 4.490e+57 1.051e+48
1.717e-05 3.567e+57 1.051e+48
1.926e-05 2.833e+57 1.051e+48
2.161e-05 2.250e+57 1.051e+48
2.425e-05 1.788e+57 1.051e+48
2.721e-05 1.420e+57 1.051e+48
3.053e-05 1.128e+57 1.051e+48
3.425e-05 8.959e+56 1.051e+48
3.843e-05 7.116e+56 1.051e+48
4.312e-05 5.653e+56 1.051e+48
4.838e-05 4.490e+56 1.051e+48
5.428e-05 3.567e+56 1.051e+48
6.091e-05 2.833e+56 1.051e+48
6.834e-05 2.250e+56 1.051e+48
7.668e-05 1.788e+56 1.051e+48
8.603e-05 1.420e+56 1.051e+48
9.653e-05 1.128e+56 1.051e+48
1.083e-04 8.959e+55 1.051e+48
1.215e-04 7.116e+55 1.051e+48
1.364e-04 5.653e+55 1.051e+48
1.530e-04 4.490e+55 1.051e+48
1.717e-04 3.567e+55 1.051e+48
1.926e-04 2.833e+55 1.051e+48
2.161e-04 2.250e+55 1.051e+48
2.425e-04 1.788e+55 1.051e+48
2.721e-04 1.420e+55 1.051e+48
3.053e-04 1.128e+55 1.051e+48
3.425e-04 8.959e+54 1.051e+48
3.843e-04 7.116e+54 1.051e+48
4.312e-04 5.653e+54 1.051e+48
4.838e-04 4.490e+54 1.051e+48
5.428e-04 3.567e+54 1.051e+48
6.091e-04 2.833e+54 1.051e+48
6.834e-04 2.250e+54 1.051e+48
7.668e-04 1.788e+54 1.051e+48
8.603e-04 1.420e+54 1.051e+48
9.653e-04 1.128e+54 1.051e+48
1.083e-03 8.959e+53 1.051e+48
1.215e-03 7.116e+53 1.051e+48
1.364e-03 5.653e+53 1.051e+48
1.530e-03 4.490e+53 1.051e+48
1.717e-03 3.567e+53 1.051e+48
1.926e-03 2.833e+53 1.051e+48
2.161e-03 2.250e+53 1.051e+48
2.425e-03 1.788e+53 1.051e+48
2.721e-03 1.420e+53 1.051e+48
3.053e-03 1.128e+53 1.051e+48
3.425e-03 8.959e+52 1.051e+48
3.843e-03 7.116e+52 1.051e+48
4.312e-03 5.652e+52 1.051e+48
4.838e-03 4.490e+52 1.051e+48
5.428e-03 3.566e+52 1.051e+48
6.091e-03 2.833e+52 1.051e+48
6.834e-03 2.250e+52 1.051e+48
7.668e-03 1.787e+52 1.051e+48
8.603e-03 1.420e+52 1.051e+48
9.653e-03 1.128e+52 1.051e+48
1.083e-02 8.958e+51 1.051e+48
1.215e-02 7.115e+51 1.051e+48
1.364e-02 5.652e+51 1.051e+48
1.530e-02 4.489e+51 1.051e+48
1.717e-02 3.566e+51 1.051e+48
1.926e-02 2.833e+51 1.051e+48
2.161e-02 2.250e+51 1.051e+48
2.425e-02 1.787e+51 1.051e+48
2.721e-02 1.420e+51 1.051e+48
3.053e-02 1.128e+51 1.051e+48
3.425e-02 8.956e+50 1.051e+48
3.843e-02 7.114e+50 1.051e+48
4.312e-02 5.650e+50 1.050e+48
4.838e-02 4.488e+50 1.050e+48
5.428e-02 3.565e+50 1.050e+48
6.091e-02 2.831e+50 1.050e+48
6.834e-02 2.248e+50 1.050e+48
7.668e-02 1.786e+50 1.050e+48
8.603e-02 1.419e+50 1.050e+48
9.653e-02 1.127e+50 1.050e+48
1.083e-01 8.949e+49 1.050e+48
1.215e-01 7.107e+49 1.050e+48
1.364e-01 5.644e+49 1.049e+48
1.530e-01 4.482e+49 1.049e+48
1.717e-01 3.560e+49 1.049e+48
1.926e-01 2.827e+49 1.049e+48
2.161e-01 2.245e+49 1.048e+48
2.425e-01 1.783e+49 1.048e+48
2.721e-01 1.415e+49 1.048e+48
3.053e-01 1.124e+49 1.047e+48
3.425e-01 8.923e+48 1.047e+48
3.843e-01 7.084e+48 1.046e+48
4.312e-01 5.623e+48 1.045e+48
4.838e-01 4.464e+48 1.045e+48
5.428e-01 3.543e+48 1.044e+48
6.091e-01 2.811e+48 1.043e+48
6.834e-01 2.230e+48 1.042e+48
7.668e-01 1.770e+48 1.040e+48
8.603e-01 1.403e+48 1.039e+48
9.653e-01 1.113e+48 1.037e+48
1.083e+00 8.824e+47 1.035e+48
1.215e+00 6.993e+47 1.033e+48
1.364e+00 5.541e+47 1.030e+48
1.530e+00 4.388e+47 1.027e+48
1.717e+00 3.473e+47 1.023e+48
1.926e+00 2.748e+47 1.019e+48
2.161e+00 2.172e+47 1.014e+48
2.425e+00 1.716e+47 1.009e+48
2.721e+00 1.353e+47 1.002e+48
3.053e+00 1.066e+47 9.935e+47
3.425e+00 8.382e+46 9.833e+47
3.843e+00 6.572e+46 9.706e+47
4.312e+00 5.133e+46 9.544e+47
4.838e+00 3.986e+46 9.330e+47
5.428e+00 3.067e+46 9.037e+47
6.091e+00 2.323e+46 8.616e+47
6.834e+00 1.709e+46 7.980e+47
7.668e+00 1.235e+46 7.259e+47
8.603e+00 8.599e+45 6.365e+47
9.653e+00 5.979e+45 5.571e+47
1.083e+01 4.150e+45 4.868e+47
1.215e+01 2.874e+45 4.245e+47
1.364e+01 1.986e+45 3.693e+47
1.530e+01 1.370e+45 3.206e+47
1.717e+01 9.419e+44 2.776e+47
1.926e+01 6.460e+44 2.396e+47
2.161e+01 4.416e+44 2.062e+47
2.425e+01 3.009e+44 1.769e+47
2.721e+01 2.042e+44 1.511e+47
3.053e+01 1.380e+44 1.286e+47
3.425e+01 9.280e+43 1.089e+47
3.843e+01 6.208e+43 9.168e+46
4.312e+01 4.128e+43 7.675e+46
4.838e+01 2.727e+43 6.382e+46
5.428e+01 1.787e+43 5.267e+46
6.091e+01 1.162e+43 4.310e+46
6.834e+01 7.479e+42 3.493e+46
7.668e+01 4.764e+42 2.801e+46
8.603e+01 2.998e+42 2.219e+46
9.653e+01 1.861e+42 1.734e+46
1.083e+02 1.138e+42 1.335e+46
1.215e+02 6.843e+41 1.011e+46
1.364e+02 4.038e+41 7.507e+45
1.530e+02 2.333e+41 5.460e+45
1.717e+02 1.317e+41 3.880e+45
1.926e+02 7.241e+40 2.686e+45
2.161e+02 3.869e+40 1.807e+45
2.425e+02 2.002e+40 1.177e+45
2.721e+02 9.997e+39 7.400e+44
3.053e+02 4.799e+39 4.472e+44
3.425e+02 2.205e+39 2.587e+44
3.843e+02 9.652e+38 1.425e+44
4.312e+02 4.002e+38 7.440e+43
4.838e+02 1.562e+38 3.656e+43
5.428e+02 5.695e+37 1.678e+43
6.091e+02 1.922e+37 7.131e+42
6.834e+02 5.921e+36 2.765e+42
7.668e+02 1.617e+36 9.507e+41
8.603e+02 3.574e+35 2.646e+41
9.653e+02 3.332e+34 3.105e+40
