1.000e-20 2.464e+23 3.948e-17 3.955e-74 2.601e-62 3.269e-61
1.122e-20 2.087e+23 4.210e-17 4.217e-74 2.774e-62 3.486e-61
1.259e-20 1.753e+23 4.452e-17 4.459e-74 2.933e-62 3.686e-61
1.413e-20 1.459e+23 4.665e-17 4.673e-74 3.074e-62 3.863e-61
1.585e-20 1.202e+23 4.839e-17 4.847e-74 3.188e-62 4.007e-61
1.778e-20 9.795e+22 4.963e-17 4.971e-74 3.270e-62 4.110e-61
1.995e-20 7.882e+22 5.028e-17 5.036e-74 3.313e-62 4.163e-61
2.239e-20 6.256e+22 5.023e-17 5.032e-74 3.310e-62 4.160e-61
2.512e-20 4.890e+22 4.944e-17 4.952e-74 3.258e-62 4.094e-61
2.818e-20 3.759e+22 4.783e-17 4.791e-74 3.152e-62 3.961e-61
3.162e-20 2.835e+22 4.542e-17 4.550e-74 2.993e-62 3.761e-61
3.548e-20 2.094e+22 4.225e-17 4.232e-74 2.784e-62 3.498e-61
3.981e-20 1.512e+22 3.839e-17 3.846e-74 2.530e-62 3.179e-61
4.467e-20 1.064e+22 3.401e-17 3.406e-74 2.241e-62 2.816e-61
5.012e-20 7.274e+21 2.928e-17 2.933e-74 1.929e-62 2.424e-61
5.623e-20 4.820e+21 2.442e-17 2.446e-74 1.609e-62 2.022e-61
6.310e-20 3.084e+21 1.967e-17 1.971e-74 1.296e-62 1.629e-61
7.079e-20 1.900e+21 1.526e-17 1.528e-74 1.005e-62 1.263e-61
7.943e-20 1.123e+21 1.135e-17 1.137e-74 7.480e-63 9.399e-62
8.913e-20 6.354e+20 8.086e-18 8.100e-75 5.329e-63 6.696e-62
1.000e-19 3.444e+20 5.518e-18 5.528e-75 3.636e-63 4.569e-62
1.122e-19 1.800e+20 3.631e-18 3.638e-75 2.393e-63 3.007e-62
1.259e-19 9.262e+19 2.352e-18 2.356e-75 1.550e-63 1.947e-62
1.413e-19 4.901e+19 1.567e-18 1.569e-75 1.032e-63 1.297e-62
1.585e-19 2.858e+19 1.150e-18 1.152e-75 7.580e-64 9.525e-63
1.778e-19 1.946e+19 9.859e-19 9.876e-76 6.497e-64 8.164e-63
1.995e-19 1.538e+19 9.812e-19 9.828e-76 6.466e-64 8.125e-63
2.239e-19 1.336e+19 1.073e-18 1.075e-75 7.070e-64 8.884e-63
2.512e-19 1.211e+19 1.225e-18 1.227e-75 8.069e-64 1.014e-62
2.818e-19 1.115e+19 1.419e-18 1.422e-75 9.352e-64 1.175e-62
3.162e-19 1.031e+19 1.652e-18 1.655e-75 1.089e-63 1.368e-62
3.548e-19 9.549e+18 1.926e-18 1.929e-75 1.269e-63 1.595e-62
3.981e-19 8.843e+18 2.245e-18 2.249e-75 1.480e-63 1.859e-62
4.467e-19 8.190e+18 2.618e-18 2.622e-75 1.725e-63 2.168e-62
5.012e-19 7.585e+18 3.052e-18 3.058e-75 2.011e-63 2.528e-62
5.623e-19 7.024e+18 3.559e-18 3.565e-75 2.345e-63 2.947e-62
6.310e-19 6.505e+18 4.149e-18 4.156e-75 2.734e-63 3.436e-62
7.079e-19 6.025e+18 4.838e-18 4.846e-75 3.188e-63 4.006e-62
7.943e-19 5.580e+18 5.640e-18 5.650e-75 3.717e-63 4.671e-62
8.913e-19 5.167e+18 6.576e-18 6.587e-75 4.334e-63 5.446e-62
1.000e-18 4.786e+18 7.667e-18 7.680e-75 5.053e-63 6.349e-62
1.122e-18 4.432e+18 8.940e-18 8.955e-75 5.891e-63 7.403e-62
1.259e-18 4.105e+18 1.042e-17 1.044e-74 6.868e-63 8.631e-62
1.413e-18 3.801e+18 1.215e-17 1.217e-74 8.008e-63 1.006e-61
1.585e-18 3.521e+18 1.417e-17 1.419e-74 9.336e-63 1.173e-61
1.778e-18 3.260e+18 1.652e-17 1.655e-74 1.089e-62 1.368e-61
1.995e-18 3.020e+18 1.926e-17 1.929e-74 1.269e-62 1.595e-61
2.239e-18 2.796e+18 2.246e-17 2.249e-74 1.480e-62 1.859e-61
2.512e-18 2.590e+18 2.618e-17 2.623e-74 1.725e-62 2.168e-61
2.818e-18 2.398e+18 3.052e-17 3.058e-74 2.011e-62 2.528e-61
3.162e-18 2.221e+18 3.559e-17 3.565e-74 2.345e-62 2.947e-61
3.548e-18 2.057e+18 4.149e-17 4.156e-74 2.734e-62 3.436e-61
3.981e-18 1.905e+18 4.838e-17 4.846e-74 3.188e-62 4.006e-61
4.467e-18 1.764e+18 5.640e-17 5.650e-74 3.717e-62 4.671e-61
5.012e-18 1.634e+18 6.576e-17 6.587e-74 4.333e-62 5.445e-61
5.623e-18 1.513e+18 7.667e-17 7.680e-74 5.052e-62 6.349e-61
6.310e-18 1.401e+18 8.939e-17 8.954e-74 5.890e-62 7.402e-61
7.079e-18 1.298e+18 1.042e-16 1.044e-73 6.867e-62 8.630e-61
7.943e-18 1.202e+18 1.215e-16 1.217e-73 8.007e-62 1.006e-60
8.913e-18 1.113e+18 1.417e-16 1.419e-73 9.335e-62 1.173e-60
1.000e-17 1.031e+18 1.652e-16 1.654e-73 1.088e-61 1.368e-60
1.122e-17 9.547e+17 1.926e-16 1.929e-73 1.269e-61 1.595e-60
1.259e-17 8.841e+17 2.245e-16 2.249e-73 1.479e-61 1.859e-60
1.413e-17 8.187e+17 2.617e-16 2.622e-73 1.725e-61 2.167e-60
1.585e-17 7.582e+17 3.051e-16 3.057e-73 2.011e-61 2.527e-60
1.778e-17 7.022e+17 3.558e-16 3.564e-73 2.344e-61 2.946e-60
1.995e-17 6.503e+17 4.148e-16 4.155e-73 2.733e-61 3.435e-60
2.239e-17 6.022e+17 4.836e-16 4.844e-73 3.186e-61 4.004e-60
2.512e-17 5.577e+17 5.637e-16 5.647e-73 3.715e-61 4.668e-60
2.818e-17 5.164e+17 6.572e-16 6.584e-73 4.331e-61 5.442e-60
3.162e-17 4.782e+17 7.662e-16 7.675e-73 5.049e-61 6.345e-60
3.548e-17 4.429e+17 8.933e-16 8.948e-73 5.886e-61 7.397e-60
3.981e-17 4.101e+17 1.041e-15 1.043e-72 6.863e-61 8.624e-60
4.467e-17 3.798e+17 1.214e-15 1.216e-72 8.000e-61 1.005e-59
5.012e-17 3.517e+17 1.415e-15 1.418e-72 9.327e-61 1.172e-59
5.623e-17 3.257e+17 1.650e-15 1.653e-72 1.087e-60 1.366e-59
6.310e-17 3.016e+17 1.924e-15 1.927e-72 1.268e-60 1.593e-59
7.079e-17 2.793e+17 2.243e-15 2.246e-72 1.478e-60 1.857e-59
7.943e-17 2.586e+17 2.614e-15 2.619e-72 1.723e-60 2.165e-59
8.913e-17 2.395e+17 3.048e-15 3.053e-72 2.008e-60 2.524e-59
1.000e-16 2.218e+17 3.553e-15 3.559e-72 2.341e-60 2.942e-59
1.122e-16 2.054e+17 4.142e-15 4.149e-72 2.729e-60 3.430e-59
1.259e-16 1.902e+17 4.829e-15 4.837e-72 3.182e-60 3.998e-59
1.413e-16 1.761e+17 5.629e-15 5.638e-72 3.709e-60 4.661e-59
1.585e-16 1.630e+17 6.562e-15 6.573e-72 4.324e-60 5.434e-59
1.778e-16 1.510e+17 7.649e-15 7.662e-72 5.041e-60 6.334e-59
1.995e-16 1.398e+17 8.917e-15 8.932e-72 5.876e-60 7.384e-59
2.239e-16 1.295e+17 1.040e-14 1.041e-71 6.850e-60 8.608e-59
2.512e-16 1.199e+17 1.212e-14 1.214e-71 7.985e-60 1.003e-58
2.818e-16 1.110e+17 1.413e-14 1.415e-71 9.308e-60 1.170e-58
3.162e-16 1.028e+17 1.647e-14 1.649e-71 1.085e-59 1.364e-58
3.548e-16 9.517e+16 1.920e-14 1.923e-71 1.265e-59 1.590e-58
3.981e-16 8.812e+16 2.238e-14 2.241e-71 1.475e-59 1.853e-58
4.467e-16 8.160e+16 2.608e-14 2.613e-71 1.719e-59 2.160e-58
5.012e-16 7.556e+16 3.041e-14 3.046e-71 2.004e-59 2.518e-58
5.623e-16 6.996e+16 3.545e-14 3.551e-71 2.336e-59 2.935e-58
6.310e-16 6.478e+16 4.132e-14 4.139e-71 2.723e-59 3.421e-58
7.079e-16 5.998e+16 4.816e-14 4.825e-71 3.174e-59 3.988e-58
7.943e-16 5.554e+16 5.615e-14 5.624e-71 3.700e-59 4.649e-58
8.913e-16 5.143e+16 6.545e-14 6.556e-71 4.313e-59 5.420e-58
1.000e-15 4.762e+16 7.629e-14 7.642e-71 5.027e-59 6.317e-58
1.122e-15 4.409e+16 8.893e-14 8.908e-71 5.860e-59 7.364e-58
1.259e-15 4.082e+16 1.037e-13 1.038e-70 6.831e-59 8.584e-58
1.413e-15 3.780e+16 1.208e-13 1.210e-70 7.963e-59 1.001e-57
1.585e-15 3.500e+16 1.409e-13 1.411e-70 9.282e-59 1.166e-57
1.778e-15 3.241e+16 1.642e-13 1.645e-70 1.082e-58 1.360e-57
1.995e-15 3.001e+16 1.914e-13 1.917e-70 1.261e-58 1.585e-57
2.239e-15 2.778e+16 2.231e-13 2.235e-70 1.470e-58 1.847e-57
2.512e-15 2.572e+16 2.600e-13 2.605e-70 1.714e-58 2.153e-57
2.818e-15 2.382e+16 3.031e-13 3.036e-70 1.997e-58 2.510e-57
3.162e-15 2.205e+16 3.533e-13 3.539e-70 2.328e-58 2.926e-57
3.548e-15 2.042e+16 4.118e-13 4.125e-70 2.714e-58 3.410e-57
3.981e-15 1.890e+16 4.800e-13 4.808e-70 3.163e-58 3.975e-57
4.467e-15 1.750e+16 5.595e-13 5.605e-70 3.687e-58 4.633e-57
5.012e-15 1.621e+16 6.522e-13 6.533e-70 4.298e-58 5.401e-57
5.623e-15 1.500e+16 7.602e-13 7.615e-70 5.009e-58 6.295e-57
6.310e-15 1.389e+16 8.861e-13 8.876e-70 5.839e-58 7.337e-57
7.079e-15 1.286e+16 1.033e-12 1.035e-69 6.806e-58 8.552e-57
7.943e-15 1.191e+16 1.204e-12 1.206e-69 7.933e-58 9.968e-57
8.913e-15 1.103e+16 1.403e-12 1.405e-69 9.246e-58 1.162e-56
1.000e-14 1.021e+16 1.635e-12 1.638e-69 1.078e-57 1.354e-56
1.122e-14 9.450e+15 1.906e-12 1.909e-69 1.256e-57 1.578e-56
1.259e-14 8.750e+15 2.222e-12 2.226e-69 1.464e-57 1.840e-56
1.413e-14 8.101e+15 2.590e-12 2.594e-69 1.706e-57 2.144e-56
1.585e-14 7.500e+15 3.018e-12 3.023e-69 1.989e-57 2.499e-56
1.778e-14 6.943e+15 3.518e-12 3.524e-69 2.318e-57 2.913e-56
1.995e-14 6.428e+15 4.100e-12 4.107e-69 2.702e-57 3.395e-56
2.239e-14 5.951e+15 4.779e-12 4.787e-69 3.149e-57 3.957e-56
2.512e-14 5.510e+15 5.570e-12 5.579e-69 3.670e-57 4.612e-56
2.818e-14 5.101e+15 6.491e-12 6.502e-69 4.278e-57 5.375e-56
3.162e-14 4.722e+15 7.566e-12 7.579e-69 4.985e-57 6.265e-56
3.548e-14 4.372e+15 8.818e-12 8.833e-69 5.810e-57 7.302e-56
3.981e-14 4.047e+15 1.028e-11 1.029e-68 6.772e-57 8.510e-56
4.467e-14 3.747e+15 1.198e-11 1.200e-68 7.892e-57 9.918e-56
5.012e-14 3.468e+15 1.396e-11 1.398e-68 9.198e-57 1.156e-55
5.623e-14 3.211e+15 1.627e-11 1.630e-68 1.072e-56 1.347e-55
6.310e-14 2.973e+15 1.896e-11 1.899e-68 1.249e-56 1.570e-55
7.079e-14 2.752e+15 2.210e-11 2.213e-68 1.456e-56 1.830e-55
7.943e-14 2.547e+15 2.575e-11 2.580e-68 1.697e-56 2.132e-55
8.913e-14 2.358e+15 3.001e-11 3.006e-68 1.978e-56 2.485e-55
1.000e-13 2.183e+15 3.497e-11 3.503e-68 2.305e-56 2.896e-55
1.122e-13 2.021e+15 4.076e-11 4.083e-68 2.686e-56 3.375e-55
1.259e-13 1.871e+15 4.750e-11 4.758e-68 3.130e-56 3.933e-55
1.413e-13 1.732e+15 5.535e-11 5.545e-68 3.648e-56 4.584e-55
1.585e-13 1.603e+15 6.451e-11 6.462e-68 4.251e-56 5.342e-55
1.778e-13 1.484e+15 7.517e-11 7.530e-68 4.954e-56 6.225e-55
1.995e-13 1.373e+15 8.760e-11 8.775e-68 5.773e-56 7.254e-55
2.239e-13 1.271e+15 1.021e-10 1.023e-67 6.727e-56 8.453e-55
2.512e-13 1.177e+15 1.190e-10 1.192e-67 7.839e-56 9.851e-55
2.818e-13 1.089e+15 1.386e-10 1.389e-67 9.135e-56 1.148e-54
3.162e-13 1.008e+15 1.615e-10 1.618e-67 1.064e-55 1.338e-54
3.548e-13 9.332e+14 1.882e-10 1.886e-67 1.240e-55 1.559e-54
3.981e-13 8.638e+14 2.193e-10 2.197e-67 1.445e-55 1.816e-54
4.467e-13 7.995e+14 2.556e-10 2.560e-67 1.684e-55 2.116e-54
5.012e-13 7.400e+14 2.978e-10 2.983e-67 1.963e-55 2.466e-54
5.623e-13 6.849e+14 3.470e-10 3.476e-67 2.287e-55 2.874e-54
6.310e-13 6.340e+14 4.044e-10 4.050e-67 2.665e-55 3.348e-54
7.079e-13 5.868e+14 4.712e-10 4.720e-67 3.105e-55 3.902e-54
7.943e-13 5.431e+14 5.490e-10 5.499e-67 3.618e-55 4.546e-54
8.913e-13 5.026e+14 6.397e-10 6.407e-67 4.215e-55 5.297e-54
1.000e-12 4.652e+14 7.453e-10 7.466e-67 4.911e-55 6.172e-54
1.122e-12 4.305e+14 8.684e-10 8.698e-67 5.722e-55 7.191e-54
1.259e-12 3.984e+14 1.012e-09 1.013e-66 6.667e-55 8.378e-54
1.413e-12 3.687e+14 1.179e-09 1.181e-66 7.768e-55 9.761e-54
1.585e-12 3.413e+14 1.373e-09 1.376e-66 9.050e-55 1.137e-53
1.778e-12 3.158e+14 1.600e-09 1.603e-66 1.054e-54 1.325e-53
1.995e-12 2.923e+14 1.864e-09 1.867e-66 1.228e-54 1.544e-53
2.239e-12 2.705e+14 2.172e-09 2.176e-66 1.431e-54 1.798e-53
2.512e-12 2.503e+14 2.530e-09 2.535e-66 1.667e-54 2.095e-53
2.818e-12 2.316e+14 2.948e-09 2.953e-66 1.942e-54 2.441e-53
3.162e-12 2.143e+14 3.434e-09 3.440e-66 2.263e-54 2.844e-53
3.548e-12 1.983e+14 4.001e-09 4.007e-66 2.636e-54 3.313e-53
3.981e-12 1.835e+14 4.660e-09 4.668e-66 3.071e-54 3.859e-53
4.467e-12 1.698e+14 5.429e-09 5.438e-66 3.578e-54 4.496e-53
5.012e-12 1.571e+14 6.324e-09 6.335e-66 4.167e-54 5.237e-53
5.623e-12 1.454e+14 7.367e-09 7.380e-66 4.855e-54 6.100e-53
6.310e-12 1.345e+14 8.582e-09 8.596e-66 5.655e-54 7.106e-53
7.079e-12 1.245e+14 9.996e-09 1.001e-65 6.587e-54 8.278e-53
7.943e-12 1.152e+14 1.164e-08 1.166e-65 7.673e-54 9.642e-53
8.913e-12 1.066e+14 1.356e-08 1.359e-65 8.937e-54 1.123e-52
1.000e-11 9.860e+13 1.580e-08 1.582e-65 1.041e-53 1.308e-52
1.122e-11 9.122e+13 1.840e-08 1.843e-65 1.212e-53 1.524e-52
1.259e-11 8.440e+13 2.143e-08 2.147e-65 1.412e-53 1.775e-52
1.413e-11 7.808e+13 2.496e-08 2.500e-65 1.645e-53 2.067e-52
1.585e-11 7.224e+13 2.907e-08 2.912e-65 1.916e-53 2.407e-52
1.778e-11 6.683e+13 3.386e-08 3.392e-65 2.231e-53 2.804e-52
1.995e-11 6.182e+13 3.943e-08 3.950e-65 2.598e-53 3.265e-52
2.239e-11 5.719e+13 4.592e-08 4.600e-65 3.026e-53 3.803e-52
2.512e-11 5.290e+13 5.348e-08 5.357e-65 3.524e-53 4.429e-52
2.818e-11 4.894e+13 6.228e-08 6.239e-65 4.104e-53 5.157e-52
3.162e-11 4.527e+13 7.253e-08 7.265e-65 4.779e-53 6.006e-52
3.548e-11 4.187e+13 8.446e-08 8.460e-65 5.565e-53 6.994e-52
3.981e-11 3.873e+13 9.835e-08 9.851e-65 6.481e-53 8.144e-52
4.467e-11 3.582e+13 1.145e-07 1.147e-64 7.546e-53 9.483e-52
5.012e-11 3.313e+13 1.333e-07 1.336e-64 8.787e-53 1.104e-51
5.623e-11 3.064e+13 1.553e-07 1.555e-64 1.023e-52 1.286e-51
6.310e-11 2.834e+13 1.808e-07 1.811e-64 1.191e-52 1.497e-51
7.079e-11 2.621e+13 2.105e-07 2.108e-64 1.387e-52 1.743e-51
7.943e-11 2.424e+13 2.451e-07 2.455e-64 1.615e-52 2.029e-51
8.913e-11 2.242e+13 2.853e-07 2.858e-64 1.880e-52 2.362e-51
1.000e-10 2.073e+13 3.321e-07 3.327e-64 2.189e-52 2.750e-51
1.122e-10 1.917e+13 3.867e-07 3.873e-64 2.548e-52 3.202e-51
1.259e-10 1.773e+13 4.501e-07 4.509e-64 2.966e-52 3.727e-51
1.413e-10 1.639e+13 5.240e-07 5.249e-64 3.453e-52 4.339e-51
1.585e-10 1.516e+13 6.100e-07 6.110e-64 4.019e-52 5.051e-51
1.778e-10 1.401e+13 7.100e-07 7.112e-64 4.679e-52 5.879e-51
1.995e-10 1.296e+13 8.264e-07 8.278e-64 5.446e-52 6.843e-51
2.239e-10 1.198e+13 9.619e-07 9.636e-64 6.339e-52 7.965e-51
2.512e-10 1.107e+13 1.120e-06 1.121e-63 7.377e-52 9.271e-51
2.818e-10 1.024e+13 1.303e-06 1.305e-63 8.586e-52 1.079e-50
3.162e-10 9.465e+12 1.516e-06 1.519e-63 9.993e-52 1.256e-50
3.548e-10 8.750e+12 1.765e-06 1.768e-63 1.163e-51 1.461e-50
3.981e-10 8.088e+12 2.054e-06 2.057e-63 1.353e-51 1.701e-50
4.467e-10 7.476e+12 2.390e-06 2.394e-63 1.575e-51 1.979e-50
5.012e-10 6.910e+12 2.781e-06 2.786e-63 1.832e-51 2.303e-50
5.623e-10 6.387e+12 3.236e-06 3.241e-63 2.132e-51 2.679e-50
6.310e-10 5.903e+12 3.765e-06 3.771e-63 2.481e-51 3.118e-50
7.079e-10 5.455e+12 4.380e-06 4.388e-63 2.886e-51 3.627e-50
7.943e-10 5.041e+12 5.096e-06 5.105e-63 3.358e-51 4.220e-50
8.913e-10 4.659e+12 5.929e-06 5.939e-63 3.907e-51 4.909e-50
1.000e-09 4.305e+12 6.897e-06 6.909e-63 4.545e-51 5.711e-50
1.122e-09 3.978e+12 8.023e-06 8.037e-63 5.287e-51 6.644e-50
1.259e-09 3.675e+12 9.332e-06 9.348e-63 6.150e-51 7.728e-50
1.413e-09 3.396e+12 1.086e-05 1.087e-62 7.153e-51 8.989e-50
1.585e-09 3.137e+12 1.263e-05 1.265e-62 8.320e-51 1.045e-49
1.778e-09 2.898e+12 1.468e-05 1.471e-62 9.676e-51 1.216e-49
1.995e-09 2.677e+12 1.708e-05 1.711e-62 1.125e-50 1.414e-49
2.239e-09 2.473e+12 1.986e-05 1.989e-62 1.309e-50 1.644e-49
2.512e-09 2.284e+12 2.309e-05 2.313e-62 1.522e-50 1.912e-49
2.818e-09 2.110e+12 2.685e-05 2.690e-62 1.769e-50 2.223e-49
3.162e-09 1.949e+12 3.122e-05 3.127e-62 2.057e-50 2.585e-49
3.548e-09 1.799e+12 3.630e-05 3.636e-62 2.392e-50 3.006e-49
3.981e-09 1.662e+12 4.220e-05 4.227e-62 2.781e-50 3.494e-49
4.467e-09 1.534e+12 4.905e-05 4.914e-62 3.232e-50 4.062e-49
5.012e-09 1.417e+12 5.702e-05 5.711e-62 3.757e-50 4.722e-49
5.623e-09 1.308e+12 6.627e-05 6.639e-62 4.367e-50 5.488e-49
6.310e-09 1.208e+12 7.703e-05 7.716e-62 5.076e-50 6.378e-49
7.079e-09 1.115e+12 8.952e-05 8.967e-62 5.899e-50 7.413e-49
7.943e-09 1.029e+12 1.040e-04 1.042e-61 6.855e-50 8.614e-49
8.913e-09 9.498e+11 1.209e-04 1.211e-61 7.966e-50 1.001e-48
1.000e-08 8.767e+11 1.405e-04 1.407e-61 9.255e-50 1.163e-48
1.122e-08 8.090e+11 1.632e-04 1.635e-61 1.075e-49 1.351e-48
1.259e-08 7.466e+11 1.896e-04 1.899e-61 1.249e-49 1.570e-48
1.413e-08 6.889e+11 2.202e-04 2.206e-61 1.451e-49 1.824e-48
1.585e-08 6.356e+11 2.558e-04 2.562e-61 1.686e-49 2.118e-48
1.778e-08 5.864e+11 2.971e-04 2.976e-61 1.958e-49 2.460e-48
1.995e-08 5.410e+11 3.450e-04 3.456e-61 2.274e-49 2.857e-48
2.239e-08 4.990e+11 4.007e-04 4.014e-61 2.640e-49 3.318e-48
2.512e-08 4.602e+11 4.653e-04 4.660e-61 3.066e-49 3.853e-48
2.818e-08 4.245e+11 5.402e-04 5.411e-61 3.560e-49 4.473e-48
3.162e-08 3.914e+11 6.271e-04 6.282e-61 4.133e-49 5.193e-48
3.548e-08 3.609e+11 7.280e-04 7.292e-61 4.797e-49 6.028e-48
3.981e-08 3.328e+11 8.450e-04 8.464e-61 5.568e-49 6.997e-48
4.467e-08 3.068e+11 9.807e-04 9.824e-61 6.462e-49 8.121e-48
5.012e-08 2.828e+11 1.138e-03 1.140e-60 7.499e-49 9.424e-48
5.623e-08 2.606e+11 1.321e-03 1.323e-60 8.702e-49 1.094e-47
6.310e-08 2.402e+11 1.532e-03 1.535e-60 1.010e-48 1.269e-47
7.079e-08 2.214e+11 1.778e-03 1.781e-60 1.171e-48 1.472e-47
7.943e-08 2.040e+11 2.062e-03 2.065e-60 1.359e-48 1.707e-47
8.913e-08 1.879e+11 2.391e-03 2.396e-60 1.576e-48 1.980e-47
1.000e-07 1.731e+11 2.773e-03 2.778e-60 1.828e-48 2.297e-47
1.122e-07 1.594e+11 3.216e-03 3.221e-60 2.119e-48 2.663e-47
1.259e-07 1.468e+11 3.729e-03 3.735e-60 2.457e-48 3.088e-47
1.413e-07 1.352e+11 4.323e-03 4.330e-60 2.848e-48 3.580e-47
1.585e-07 1.245e+11 5.011e-03 5.019e-60 3.302e-48 4.149e-47
1.778e-07 1.146e+11 5.807e-03 5.817e-60 3.827e-48 4.809e-47
1.995e-07 1.055e+11 6.730e-03 6.741e-60 4.435e-48 5.573e-47
2.239e-07 9.711e+10 7.798e-03 7.811e-60 5.138e-48 6.457e-47
2.512e-07 8.937e+10 9.034e-03 9.049e-60 5.953e-48 7.481e-47
2.818e-07 8.223e+10 1.046e-02 1.048e-59 6.896e-48 8.666e-47
3.162e-07 7.565e+10 1.212e-02 1.214e-59 7.987e-48 1.004e-46
3.548e-07 6.959e+10 1.404e-02 1.406e-59 9.249e-48 1.162e-46
3.981e-07 6.400e+10 1.625e-02 1.628e-59 1.071e-47 1.346e-46
4.467e-07 5.886e+10 1.882e-02 1.885e-59 1.240e-47 1.558e-46
5.012e-07 5.412e+10 2.178e-02 2.182e-59 1.435e-47 1.803e-46
5.623e-07 4.975e+10 2.521e-02 2.525e-59 1.661e-47 2.087e-46
6.310e-07 4.573e+10 2.917e-02 2.922e-59 1.922e-47 2.415e-46
7.079e-07 4.203e+10 3.375e-02 3.381e-59 2.224e-47 2.795e-46
7.943e-07 3.862e+10 3.904e-02 3.911e-59 2.573e-47 3.233e-46
8.913e-07 3.548e+10 4.516e-02 4.523e-59 2.976e-47 3.739e-46
1.000e-06 3.259e+10 5.222e-02 5.231e-59 3.441e-47 4.324e-46
1.122e-06 2.993e+10 6.038e-02 6.048e-59 3.979e-47 5.000e-46
1.259e-06 2.749e+10 6.980e-02 6.992e-59 4.600e-47 5.780e-46
1.413e-06 2.524e+10 8.068e-02 8.082e-59 5.317e-47 6.681e-46
1.585e-06 2.317e+10 9.324e-02 9.340e-59 6.144e-47 7.721e-46
1.778e-06 2.126e+10 1.077e-01 1.079e-58 7.099e-47 8.921e-46
1.995e-06 1.951e+10 1.245e-01 1.247e-58 8.201e-47 1.031e-45
2.239e-06 1.790e+10 1.438e-01 1.440e-58 9.473e-47 1.190e-45
2.512e-06 1.642e+10 1.660e-01 1.663e-58 1.094e-46 1.375e-45
2.818e-06 1.506e+10 1.917e-01 1.920e-58 1.263e-46 1.587e-45
3.162e-06 1.381e+10 2.213e-01 2.216e-58 1.458e-46 1.832e-45
3.548e-06 1.266e+10 2.554e-01 2.558e-58 1.683e-46 2.114e-45
3.981e-06 1.160e+10 2.946e-01 2.951e-58 1.942e-46 2.440e-45
4.467e-06 1.063e+10 3.399e-01 3.405e-58 2.240e-46 2.815e-45
5.012e-06 9.740e+09 3.920e-01 3.927e-58 2.583e-46 3.246e-45
5.623e-06 8.921e+09 4.520e-01 4.527e-58 2.978e-46 3.743e-45
6.310e-06 8.168e+09 5.210e-01 5.219e-58 3.433e-46 4.314e-45
7.079e-06 7.477e+09 6.004e-01 6.014e-58 3.956e-46 4.972e-45
7.943e-06 6.842e+09 6.917e-01 6.929e-58 4.558e-46 5.728e-45
8.913e-06 6.259e+09 7.966e-01 7.980e-58 5.249e-46 6.596e-45
1.000e-05 5.724e+09 9.171e-01 9.187e-58 6.044e-46 7.595e-45
1.122e-05 5.233e+09 1.056e+00 1.057e-57 6.956e-46 8.741e-45
1.259e-05 4.783e+09 1.214e+00 1.216e-57 8.003e-46 1.006e-44
1.413e-05 4.369e+09 1.397e+00 1.399e-57 9.204e-46 1.157e-44
1.585e-05 3.990e+09 1.606e+00 1.608e-57 1.058e-45 1.330e-44
1.778e-05 3.642e+09 1.845e+00 1.848e-57 1.216e-45 1.528e-44
1.995e-05 3.323e+09 2.120e+00 2.123e-57 1.397e-45 1.755e-44
2.239e-05 3.031e+09 2.434e+00 2.438e-57 1.604e-45 2.015e-44
2.512e-05 2.763e+09 2.793e+00 2.798e-57 1.841e-45 2.313e-44
2.818e-05 2.518e+09 3.204e+00 3.210e-57 2.112e-45 2.653e-44
3.162e-05 2.293e+09 3.674e+00 3.680e-57 2.421e-45 3.043e-44
3.548e-05 2.088e+09 4.211e+00 4.218e-57 2.775e-45 3.487e-44
3.981e-05 1.900e+09 4.824e+00 4.832e-57 3.179e-45 3.994e-44
4.467e-05 1.728e+09 5.523e+00 5.532e-57 3.639e-45 4.573e-44
5.012e-05 1.570e+09 6.319e+00 6.330e-57 4.164e-45 5.233e-44
5.623e-05 1.426e+09 7.227e+00 7.240e-57 4.763e-45 5.985e-44
6.310e-05 1.295e+09 8.261e+00 8.275e-57 5.444e-45 6.841e-44
7.079e-05 1.175e+09 9.437e+00 9.453e-57 6.219e-45 7.814e-44
7.943e-05 1.066e+09 1.077e+01 1.079e-56 7.099e-45 8.921e-44
8.913e-05 9.659e+08 1.229e+01 1.231e-56 8.100e-45 1.018e-43
1.000e-04 8.748e+08 1.402e+01 1.404e-56 9.236e-45 1.161e-43
1.122e-04 7.918e+08 1.597e+01 1.600e-56 1.052e-44 1.323e-43
1.259e-04 7.162e+08 1.819e+01 1.822e-56 1.198e-44 1.506e-43
1.413e-04 6.473e+08 2.069e+01 2.073e-56 1.364e-44 1.714e-43
1.585e-04 5.847e+08 2.353e+01 2.357e-56 1.551e-44 1.948e-43
1.778e-04 5.277e+08 2.674e+01 2.678e-56 1.762e-44 2.214e-43
1.995e-04 4.759e+08 3.035e+01 3.041e-56 2.000e-44 2.513e-43
2.239e-04 4.288e+08 3.443e+01 3.449e-56 2.269e-44 2.851e-43
2.512e-04 3.861e+08 3.903e+01 3.909e-56 2.572e-44 3.232e-43
2.818e-04 3.473e+08 4.420e+01 4.427e-56 2.912e-44 3.660e-43
3.162e-04 3.121e+08 5.000e+01 5.009e-56 3.295e-44 4.141e-43
3.548e-04 2.802e+08 5.652e+01 5.661e-56 3.724e-44 4.680e-43
3.981e-04 2.513e+08 6.381e+01 6.392e-56 4.205e-44 5.284e-43
4.467e-04 2.251e+08 7.197e+01 7.209e-56 4.743e-44 5.960e-43
5.012e-04 2.015e+08 8.108e+01 8.121e-56 5.343e-44 6.714e-43
5.623e-04 1.800e+08 9.122e+01 9.137e-56 6.011e-44 7.554e-43
6.310e-04 1.607e+08 1.025e+02 1.027e-55 6.754e-44 8.487e-43
7.079e-04 1.432e+08 1.150e+02 1.152e-55 7.577e-44 9.522e-43
7.943e-04 1.274e+08 1.288e+02 1.290e-55 8.488e-44 1.067e-42
8.913e-04 1.132e+08 1.441e+02 1.443e-55 9.492e-44 1.193e-42
1.000e-03 1.004e+08 1.608e+02 1.611e-55 1.060e-43 1.332e-42
1.122e-03 8.882e+07 1.792e+02 1.795e-55 1.181e-43 1.484e-42
1.259e-03 7.844e+07 1.992e+02 1.995e-55 1.313e-43 1.649e-42
1.413e-03 6.912e+07 2.210e+02 2.213e-55 1.456e-43 1.830e-42
1.585e-03 6.076e+07 2.445e+02 2.449e-55 1.611e-43 2.025e-42
1.778e-03 5.327e+07 2.699e+02 2.704e-55 1.778e-43 2.235e-42
1.995e-03 4.658e+07 2.971e+02 2.976e-55 1.958e-43 2.460e-42
2.239e-03 4.060e+07 3.260e+02 3.266e-55 2.148e-43 2.700e-42
2.512e-03 3.528e+07 3.567e+02 3.573e-55 2.350e-43 2.954e-42
2.818e-03 3.056e+07 3.889e+02 3.895e-55 2.563e-43 3.220e-42
3.162e-03 2.637e+07 4.224e+02 4.231e-55 2.784e-43 3.498e-42
3.548e-03 2.266e+07 4.571e+02 4.579e-55 3.012e-43 3.785e-42
3.981e-03 1.940e+07 4.925e+02 4.933e-55 3.245e-43 4.078e-42
4.467e-03 1.652e+07 5.283e+02 5.292e-55 3.481e-43 4.374e-42
5.012e-03 1.401e+07 5.639e+02 5.648e-55 3.716e-43 4.669e-42
5.623e-03 1.182e+07 5.987e+02 5.997e-55 3.945e-43 4.958e-42
6.310e-03 9.910e+06 6.321e+02 6.332e-55 4.165e-43 5.234e-42
7.079e-03 8.260e+06 6.633e+02 6.644e-55 4.371e-43 5.492e-42
7.943e-03 6.839e+06 6.914e+02 6.925e-55 4.556e-43 5.725e-42
8.913e-03 5.622e+06 7.155e+02 7.168e-55 4.715e-43 5.925e-42
1.000e-02 4.587e+06 7.348e+02 7.361e-55 4.842e-43 6.085e-42
1.122e-02 3.710e+06 7.483e+02 7.496e-55 4.931e-43 6.197e-42
1.259e-02 2.974e+06 7.552e+02 7.565e-55 4.976e-43 6.253e-42
1.413e-02 2.361e+06 7.546e+02 7.559e-55 4.972e-43 6.249e-42
1.585e-02 1.854e+06 7.460e+02 7.472e-55 4.915e-43 6.177e-42
1.778e-02 1.439e+06 7.288e+02 7.301e-55 4.803e-43 6.035e-42
1.995e-02 1.102e+06 7.031e+02 7.043e-55 4.633e-43 5.822e-42
2.239e-02 8.330e+05 6.689e+02 6.700e-55 4.408e-43 5.539e-42
2.512e-02 6.200e+05 6.268e+02 6.278e-55 4.130e-43 5.190e-42
2.818e-02 4.538e+05 5.776e+02 5.786e-55 3.806e-43 4.783e-42
3.162e-02 3.262e+05 5.226e+02 5.235e-55 3.444e-43 4.328e-42
3.548e-02 2.298e+05 4.635e+02 4.643e-55 3.054e-43 3.838e-42
3.981e-02 1.583e+05 4.020e+02 4.027e-55 2.649e-43 3.329e-42
4.467e-02 1.064e+05 3.402e+02 3.407e-55 2.242e-43 2.817e-42
5.012e-02 6.960e+04 2.801e+02 2.806e-55 1.846e-43 2.320e-42
5.623e-02 4.416e+04 2.238e+02 2.241e-55 1.474e-43 1.853e-42
6.310e-02 2.709e+04 1.728e+02 1.731e-55 1.138e-43 1.431e-42
7.079e-02 1.599e+04 1.284e+02 1.286e-55 8.463e-44 1.063e-42
7.943e-02 9.051e+03 9.149e+01 9.165e-56 6.029e-44 7.576e-43
8.913e-02 4.883e+03 6.214e+01 6.225e-56 4.095e-44 5.146e-43
1.000e-01 2.497e+03 4.000e+01 4.007e-56 2.636e-44 3.312e-43
1.122e-01 1.202e+03 2.424e+01 2.428e-56 1.597e-44 2.007e-43
1.259e-01 5.406e+02 1.373e+01 1.375e-56 9.046e-45 1.137e-43
1.413e-01 2.253e+02 7.203e+00 7.215e-57 4.746e-45 5.964e-44
1.585e-01 8.618e+01 3.468e+00 3.474e-57 2.285e-45 2.872e-44
1.778e-01 2.993e+01 1.516e+00 1.519e-57 9.992e-46 1.256e-44
1.995e-01 9.322e+00 5.946e-01 5.956e-58 3.918e-46 4.924e-45
2.239e-01 2.569e+00 2.063e-01 2.066e-58 1.359e-46 1.708e-45
2.512e-01 6.166e-01 6.234e-02 6.244e-59 4.108e-47 5.162e-46
2.818e-01 1.267e-01 1.612e-02 1.615e-59 1.063e-47 1.335e-46
3.162e-01 2.185e-02 3.500e-03 3.506e-60 2.306e-48 2.898e-47
3.548e-01 3.089e-03 6.231e-04 6.241e-61 4.106e-49 5.159e-48
3.981e-01 3.469e-04 8.809e-05 8.824e-62 5.805e-50 7.294e-49
4.467e-01 2.803e-05 8.959e-06 8.975e-63 5.904e-51 7.419e-50
5.012e-01 4.421e-13 1.779e-13 1.782e-70 1.172e-58 1.473e-57
5.623e-01 4.093e-13 2.073e-13 2.077e-70 1.366e-58 1.717e-57
6.310e-01 3.788e-13 2.416e-13 2.420e-70 1.592e-58 2.001e-57
7.079e-01 3.507e-13 2.816e-13 2.821e-70 1.855e-58 2.332e-57
7.943e-01 3.246e-13 3.281e-13 3.287e-70 2.162e-58 2.717e-57
8.913e-01 3.004e-13 3.823e-13 3.830e-70 2.519e-58 3.166e-57
1.000e+00 2.780e-13 4.455e-13 4.462e-70 2.935e-58 3.689e-57
1.122e+00 2.573e-13 5.190e-13 5.199e-70 3.420e-58 4.298e-57
1.259e+00 2.381e-13 6.046e-13 6.057e-70 3.984e-58 5.007e-57
1.413e+00 2.203e-13 7.044e-13 7.056e-70 4.641e-58 5.833e-57
1.585e+00 2.039e-13 8.205e-13 8.219e-70 5.407e-58 6.794e-57
1.778e+00 1.886e-13 9.557e-13 9.573e-70 6.298e-58 7.914e-57
1.995e+00 1.745e-13 1.113e-12 1.115e-69 7.335e-58 9.217e-57
2.239e+00 1.614e-13 1.296e-12 1.299e-69 8.542e-58 1.073e-56
2.512e+00 1.493e-13 1.510e-12 1.512e-69 9.947e-58 1.250e-56
2.818e+00 1.381e-13 1.758e-12 1.761e-69 1.158e-57 1.455e-56
3.162e+00 1.277e-13 2.046e-12 2.050e-69 1.348e-57 1.695e-56
3.548e+00 1.181e-13 2.382e-12 2.386e-69 1.570e-57 1.973e-56
3.981e+00 1.092e-13 2.773e-12 2.778e-69 1.827e-57 2.296e-56
4.467e+00 1.009e-13 3.227e-12 3.233e-69 2.127e-57 2.672e-56
5.012e+00 9.331e-14 3.755e-12 3.762e-69 2.475e-57 3.110e-56
5.623e+00 8.623e-14 4.369e-12 4.377e-69 2.879e-57 3.618e-56
6.310e+00 7.968e-14 5.082e-12 5.091e-69 3.349e-57 4.209e-56
7.079e+00 7.361e-14 5.911e-12 5.921e-69 3.895e-57 4.895e-56
7.943e+00 6.799e-14 6.874e-12 6.885e-69 4.529e-57 5.692e-56
8.913e+00 6.279e-14 7.991e-12 8.005e-69 5.266e-57 6.617e-56
1.000e+01 5.797e-14 9.288e-12 9.304e-69 6.120e-57 7.691e-56
1.122e+01 5.351e-14 1.079e-11 1.081e-68 7.112e-57 8.937e-56
1.259e+01 4.938e-14 1.254e-11 1.256e-68 8.262e-57 1.038e-55
1.413e+01 4.555e-14 1.456e-11 1.459e-68 9.595e-57 1.206e-55
1.585e+01 4.201e-14 1.691e-11 1.693e-68 1.114e-56 1.400e-55
1.778e+01 3.873e-14 1.962e-11 1.965e-68 1.293e-56 1.625e-55
1.995e+01 3.569e-14 2.276e-11 2.280e-68 1.500e-56 1.885e-55
2.239e+01 3.288e-14 2.640e-11 2.644e-68 1.740e-56 2.186e-55
2.512e+01 3.027e-14 3.060e-11 3.066e-68 2.017e-56 2.534e-55
2.818e+01 2.786e-14 3.546e-11 3.552e-68 2.337e-56 2.936e-55
3.162e+01 2.563e-14 4.107e-11 4.114e-68 2.706e-56 3.401e-55
3.548e+01 2.357e-14 4.754e-11 4.762e-68 3.133e-56 3.937e-55
3.981e+01 2.166e-14 5.500e-11 5.509e-68 3.624e-56 4.554e-55
4.467e+01 1.989e-14 6.359e-11 6.370e-68 4.190e-56 5.266e-55
5.012e+01 1.826e-14 7.348e-11 7.360e-68 4.842e-56 6.084e-55
5.623e+01 1.675e-14 8.484e-11 8.499e-68 5.591e-56 7.026e-55
6.310e+01 1.535e-14 9.790e-11 9.807e-68 6.451e-56 8.107e-55
7.079e+01 1.406e-14 1.129e-10 1.131e-67 7.438e-56 9.347e-55
7.943e+01 1.286e-14 1.300e-10 1.303e-67 8.569e-56 1.077e-54
8.913e+01 1.176e-14 1.497e-10 1.499e-67 9.863e-56 1.239e-54
1.000e+02 1.074e-14 1.721e-10 1.724e-67 1.134e-55 1.425e-54
1.122e+02 9.805e-15 1.978e-10 1.981e-67 1.303e-55 1.638e-54
1.259e+02 8.939e-15 2.270e-10 2.274e-67 1.496e-55 1.880e-54
1.413e+02 8.140e-15 2.602e-10 2.607e-67 1.715e-55 2.155e-54
1.585e+02 7.405e-15 2.980e-10 2.985e-67 1.964e-55 2.468e-54
1.778e+02 6.727e-15 3.408e-10 3.414e-67 2.246e-55 2.822e-54
1.995e+02 6.104e-15 3.893e-10 3.900e-67 2.566e-55 3.224e-54
2.239e+02 5.531e-15 4.441e-10 4.449e-67 2.927e-55 3.678e-54
2.512e+02 5.005e-15 5.059e-10 5.068e-67 3.334e-55 4.189e-54
2.818e+02 4.521e-15 5.754e-10 5.764e-67 3.792e-55 4.765e-54
3.162e+02 4.078e-15 6.533e-10 6.545e-67 4.305e-55 5.410e-54
3.548e+02 3.671e-15 7.405e-10 7.418e-67 4.880e-55 6.132e-54
3.981e+02 3.299e-15 8.378e-10 8.392e-67 5.521e-55 6.937e-54
4.467e+02 2.959e-15 9.459e-10 9.475e-67 6.233e-55 7.833e-54
5.012e+02 2.648e-15 1.066e-09 1.067e-66 7.022e-55 8.824e-54
5.623e+02 2.364e-15 1.198e-09 1.200e-66 7.893e-55 9.918e-54
6.310e+02 2.105e-15 1.343e-09 1.345e-66 8.849e-55 1.112e-53
7.079e+02 1.870e-15 1.502e-09 1.504e-66 9.894e-55 1.243e-53
7.943e+02 1.656e-15 1.674e-09 1.677e-66 1.103e-54 1.386e-53
8.913e+02 1.462e-15 1.861e-09 1.864e-66 1.226e-54 1.541e-53
1.000e+03 1.286e-15 2.061e-09 2.065e-66 1.358e-54 1.707e-53
1.122e+03 1.128e-15 2.275e-09 2.279e-66 1.499e-54 1.884e-53
1.259e+03 9.850e-16 2.501e-09 2.505e-66 1.648e-54 2.071e-53
1.413e+03 8.565e-16 2.738e-09 2.743e-66 1.804e-54 2.267e-53
1.585e+03 7.415e-16 2.984e-09 2.989e-66 1.966e-54 2.471e-53
1.778e+03 6.387e-16 3.236e-09 3.241e-66 2.132e-54 2.679e-53
1.995e+03 5.472e-16 3.490e-09 3.496e-66 2.300e-54 2.890e-53
2.239e+03 4.660e-16 3.742e-09 3.749e-66 2.466e-54 3.099e-53
2.512e+03 3.944e-16 3.987e-09 3.994e-66 2.627e-54 3.302e-53
2.818e+03 3.315e-16 4.219e-09 4.226e-66 2.780e-54 3.494e-53
3.162e+03 2.765e-16 4.431e-09 4.438e-66 2.920e-54 3.669e-53
3.548e+03 2.288e-16 4.615e-09 4.623e-66 3.041e-54 3.822e-53
3.981e+03 1.876e-16 4.764e-09 4.772e-66 3.139e-54 3.945e-53
4.467e+03 1.523e-16 4.870e-09 4.878e-66 3.209e-54 4.032e-53
5.012e+03 1.224e-16 4.925e-09 4.933e-66 3.245e-54 4.078e-53
5.623e+03 9.714e-17 4.922e-09 4.930e-66 3.243e-54 4.075e-53
6.310e+03 7.612e-17 4.855e-09 4.864e-66 3.199e-54 4.021e-53
7.079e+03 5.881e-17 4.722e-09 4.730e-66 3.112e-54 3.910e-53
7.943e+03 4.473e-17 4.521e-09 4.529e-66 2.979e-54 3.744e-53
8.913e+03 3.343e-17 4.255e-09 4.262e-66 2.804e-54 3.523e-53
1.000e+04 2.452e-17 3.929e-09 3.935e-66 2.589e-54 3.253e-53
1.122e+04 1.761e-17 3.552e-09 3.558e-66 2.340e-54 2.941e-53
1.259e+04 1.235e-17 3.137e-09 3.142e-66 2.067e-54 2.598e-53
1.413e+04 8.446e-18 2.700e-09 2.705e-66 1.779e-54 2.236e-53
1.585e+04 5.611e-18 2.258e-09 2.262e-66 1.488e-54 1.870e-53
1.778e+04 3.611e-18 1.830e-09 1.833e-66 1.206e-54 1.515e-53
1.995e+04 2.243e-18 1.431e-09 1.433e-66 9.427e-55 1.185e-53
2.239e+04 1.339e-18 1.076e-09 1.077e-66 7.087e-55 8.906e-54
2.512e+04 7.654e-19 7.738e-10 7.751e-67 5.099e-55 6.407e-54
2.818e+04 4.165e-19 5.300e-10 5.309e-67 3.492e-55 4.389e-54
3.162e+04 2.145e-19 3.437e-10 3.442e-67 2.265e-55 2.846e-54
3.548e+04 1.039e-19 2.096e-10 2.099e-67 1.381e-55 1.735e-54
3.981e+04 4.699e-20 1.193e-10 1.195e-67 7.862e-56 9.880e-55
4.467e+04 1.967e-20 6.289e-11 6.299e-68 4.144e-56 5.207e-55
5.012e+04 7.553e-21 3.040e-11 3.045e-68 2.003e-56 2.517e-55
5.623e+04 2.632e-21 1.333e-11 1.336e-68 8.786e-57 1.104e-55
6.310e+04 8.219e-22 5.242e-12 5.251e-69 3.455e-57 4.341e-56
7.079e+04 2.270e-22 1.823e-12 1.826e-69 1.201e-57 1.509e-56
7.943e+04 5.459e-23 5.518e-13 5.528e-70 3.636e-58 4.570e-57
8.913e+04 1.123e-23 1.429e-13 1.432e-70 9.419e-59 1.184e-57
1.000e+05 1.939e-24 3.106e-14 3.111e-71 2.047e-59 2.572e-58
1.122e+05 2.744e-25 5.534e-15 5.543e-72 3.647e-60 4.582e-59
1.259e+05 3.085e-26 7.832e-16 7.846e-73 5.161e-61 6.486e-60
1.413e+05 2.492e-27 7.966e-17 7.980e-74 5.249e-62 6.597e-61
1.585e+05 0.000e+00 0.000e+00 0.000e+00 0.000e+00 0.000e+00
1.778e+05 0.000e+00 0.000e+00 0.000e+00 0.000e+00 0.000e+00
1.995e+05 0.000e+00 0.000e+00 0.000e+00 0.000e+00 0.000e+00
2.239e+05 0.000e+00 0.000e+00 0.000e+00 0.000e+00 0.000e+00
2.512e+05 0.000e+00 0.000e+00 0.000e+00 0.000e+00 0.000e+00
2.818e+05 0.000e+00 0.000e+00 0.000e+00 0.000e+00 0.000e+00
3.162e+05 0.000e+00 0.000e+00 0.000e+00 0.000e+00 0.000e+00
3.548e+05 0.000e+00 0.000e+00 0.000e+00 0.000e+00 0.000e+00
3.981e+05 0.000e+00 0.000e+00 0.000e+00 0.000e+00 0.000e+00
4.467e+05 0.000e+00 0.000e+00 0.000e+00 0.000e+00 0.000e+00
5.012e+05 0.000e+00 0.000e+00 0.000e+00 0.000e+00 0.000e+00
5.623e+05 0.000e+00 0.000e+00 0.000e+00 0.000e+00 0.000e+00
6.310e+05 0.000e+00 0.000e+00 0.000e+00 0.000e+00 0.000e+00
7.079e+05 0.000e+00 0.000e+00 0.000e+00 0.000e+00 0.000e+00
7.943e+05 0.000e+00 0.000e+00 0.000e+00 0.000e+00 0.000e+00
8.913e+05 0.000e+00 0.000e+00 0.000e+00 0.000e+00 0.000e+00
1.000e+06 0.000e+00 0.000e+00 0.000e+00 0.000e+00 0.000e+00
1.122e+06 0.000e+00 0.000e+00 0.000e+00 0.000e+00 0.000e+00
1.259e+06 0.000e+00 0.000e+00 0.000e+00 0.000e+00 0.000e+00
1.413e+06 0.000e+00 0.000e+00 0.000e+00 0.000e+00 0.000e+00
1.585e+06 0.000e+00 0.000e+00 0.000e+00 0.000e+00 0.000e+00
1.778e+06 0.000e+00 0.000e+00 0.000e+00 0.000e+00 0.000e+00
1.995e+06 0.000e+00 0.000e+00 0.000e+00 0.000e+00 0.000e+00
2.239e+06 0.000e+00 0.000e+00 0.000e+00 0.000e+00 0.000e+00
2.512e+06 0.000e+00 0.000e+00 0.000e+00 0.000e+00 0.000e+00
2.818e+06 0.000e+00 0.000e+00 0.000e+00 0.000e+00 0.000e+00
3.162e+06 0.000e+00 0.000e+00 0.000e+00 0.000e+00 0.000e+00
3.548e+06 0.000e+00 0.000e+00 0.000e+00 0.000e+00 0.000e+00
3.981e+06 0.000e+00 0.000e+00 0.000e+00 0.000e+00 0.000e+00
4.467e+06 0.000e+00 0.000e+00 0.000e+00 0.000e+00 0.000e+00
5.012e+06 0.000e+00 0.000e+00 0.000e+00 0.000e+00 0.000e+00
5.623e+06 0.000e+00 0.000e+00 0.000e+00 0.000e+00 0.000e+00
6.310e+06 0.000e+00 0.000e+00 0.000e+00 0.000e+00 0.000e+00
7.079e+06 0.000e+00 0.000e+00 0.000e+00 0.000e+00 0.000e+00
7.943e+06 0.000e+00 0.000e+00 0.000e+00 0.000e+00 0.000e+00
8.913e+06 0.000e+00 0.000e+00 0.000e+00 0.000e+00 0.000e+00
1.000e+07 0.000e+00 0.000e+00 0.000e+00 0.000e+00 0.000e+00
1.122e+07 0.000e+00 0.000e+00 0.000e+00 0.000e+00 0.000e+00
1.259e+07 0.000e+00 0.000e+00 0.000e+00 0.000e+00 0.000e+00
1.413e+07 0.000e+00 0.000e+00 0.000e+00 0.000e+00 0.000e+00
1.585e+07 0.000e+00 0.000e+00 0.000e+00 0.000e+00 0.000e+00
1.778e+07 0.000e+00 0.000e+00 0.000e+00 0.000e+00 0.000e+00
1.995e+07 0.000e+00 0.000e+00 0.000e+00 0.000e+00 0.000e+00
2.239e+07 0.000e+00 0.000e+00 0.000e+00 0.000e+00 0.000e+00
2.512e+07 0.000e+00 0.000e+00 0.000e+00 0.000e+00 0.000e+00
2.818e+07 0.000e+00 0.000e+00 0.000e+00 0.000e+00 0.000e+00
3.162e+07 0.000e+00 0.000e+00 0.000e+00 0.000e+00 0.000e+00
3.548e+07 0.000e+00 0.000e+00 0.000e+00 0.000e+00 0.000e+00
3.981e+07 0.000e+00 0.000e+00 0.000e+00 0.000e+00 0.000e+00
4.467e+07 0.000e+00 0.000e+00 0.000e+00 0.000e+00 0.000e+00
5.012e+07 0.000e+00 0.000e+00 0.000e+00 0.000e+00 0.000e+00
5.623e+07 0.000e+00 0.000e+00 0.000e+00 0.000e+00 0.000e+00
6.310e+07 0.000e+00 0.000e+00 0.000e+00 0.000e+00 0.000e+00
7.079e+07 0.000e+00 0.000e+00 0.000e+00 0.000e+00 0.000e+00
7.943e+07 0.000e+00 0.000e+00 0.000e+00 0.000e+00 0.000e+00
8.913e+07 0.000e+00 0.000e+00 0.000e+00 0.000e+00 0.000e+00
1.000e+08 0.000e+00 0.000e+00 0.000e+00 0.000e+00 0.000e+00
