1.000e-20 0.000e+00 0.000e+00 0.000e+00 0.000e+00 0.000e+00
1.122e-20 0.000e+00 0.000e+00 0.000e+00 0.000e+00 0.000e+00
1.259e-20 0.000e+00 0.000e+00 0.000e+00 0.000e+00 0.000e+00
1.413e-20 0.000e+00 0.000e+00 0.000e+00 0.000e+00 0.000e+00
1.585e-20 0.000e+00 0.000e+00 0.000e+00 0.000e+00 0.000e+00
1.778e-20 0.000e+00 0.000e+00 0.000e+00 0.000e+00 0.000e+00
1.995e-20 0.000e+00 0.000e+00 0.000e+00 0.000e+00 0.000e+00
2.239e-20 0.000e+00 0.000e+00 0.000e+00 0.000e+00 0.000e+00
2.512e-20 0.000e+00 0.000e+00 0.000e+00 0.000e+00 0.000e+00
2.818e-20 0.000e+00 0.000e+00 0.000e+00 0.000e+00 0.000e+00
3.162e-20 0.000e+00 0.000e+00 0.000e+00 0.000e+00 0.000e+00
3.548e-20 0.000e+00 0.000e+00 0.000e+00 0.000e+00 0.000e+00
3.981e-20 0.000e+00 0.000e+00 0.000e+00 0.000e+00 0.000e+00
4.467e-20 0.000e+00 0.000e+00 0.000e+00 0.000e+00 0.000e+00
5.012e-20 0.000e+00 0.000e+00 0.000e+00 0.000e+00 0.000e+00
5.623e-20 0.000e+00 0.000e+00 0.000e+00 0.000e+00 0.000e+00
6.310e-20 0.000e+00 0.000e+00 0.000e+00 0.000e+00 0.000e+00
7.079e-20 0.000e+00 0.000e+00 0.000e+00 0.000e+00 0.000e+00
7.943e-20 0.000e+00 0.000e+00 0.000e+00 0.000e+00 0.000e+00
8.913e-20 0.000e+00 0.000e+00 0.000e+00 0.000e+00 0.000e+00
1.000e-19 0.000e+00 0.000e+00 0.000e+00 0.000e+00 0.000e+00
1.122e-19 0.000e+00 0.000e+00 0.000e+00 0.000e+00 0.000e+00
1.259e-19 0.000e+00 0.000e+00 0.000e+00 0.000e+00 0.000e+00
1.413e-19 0.000e+00 0.000e+00 0.000e+00 0.000e+00 0.000e+00
1.585e-19 0.000e+00 0.000e+00 0.000e+00 0.000e+00 0.000e+00
1.778e-19 0.000e+00 0.000e+00 0.000e+00 0.000e+00 0.000e+00
1.995e-19 0.000e+00 0.000e+00 0.000e+00 0.000e+00 0.000e+00
2.239e-19 0.000e+00 0.000e+00 0.000e+00 0.000e+00 0.000e+00
2.512e-19 0.000e+00 0.000e+00 0.000e+00 0.000e+00 0.000e+00
2.818e-19 0.000e+00 0.000e+00 0.000e+00 0.000e+00 0.000e+00
3.162e-19 0.000e+00 0.000e+00 0.000e+00 0.000e+00 0.000e+00
3.548e-19 0.000e+00 0.000e+00 0.000e+00 0.000e+00 0.000e+00
3.981e-19 0.000e+00 0.000e+00 0.000e+00 0.000e+00 0.000e+00
4.467e-19 0.000e+00 0.000e+00 0.000e+00 0.000e+00 0.000e+00
5.012e-19 0.000e+00 0.000e+00 0.000e+00 0.000e+00 0.000e+00
5.623e-19 0.000e+00 0.000e+00 0.000e+00 0.000e+00 0.000e+00
6.310e-19 0.000e+00 0.000e+00 0.000e+00 0.000e+00 0.000e+00
7.079e-19 0.000e+00 0.000e+00 0.000e+00 0.000e+00 0.000e+00
7.943e-19 0.000e+00 0.000e+00 0.000e+00 0.000e+00 0.000e+00
8.913e-19 0.000e+00 0.000e+00 0.000e+00 0.000e+00 0.000e+00
1.000e-18 0.000e+00 0.000e+00 0.000e+00 0.000e+00 0.000e+00
1.122e-18 0.000e+00 0.000e+00 0.000e+00 0.000e+00 0.000e+00
1.259e-18 0.000e+00 0.000e+00 0.000e+00 0.000e+00 0.000e+00
1.413e-18 0.000e+00 0.000e+00 0.000e+00 0.000e+00 0.000e+00
1.585e-18 0.000e+00 0.000e+00 0.000e+00 0.000e+00 0.000e+00
1.778e-18 0.000e+00 0.000e+00 0.000e+00 0.000e+00 0.000e+00
1.995e-18 0.000e+00 0.000e+00 0.000e+00 0.000e+00 0.000e+00
2.239e-18 0.000e+00 0.000e+00 0.000e+00 0.000e+00 0.000e+00
2.512e-18 0.000e+00 0.000e+00 0.000e+00 0.000e+00 0.000e+00
2.818e-18 0.000e+00 0.000e+00 0.000e+00 0.000e+00 0.000e+00
3.162e-18 0.000e+00 0.000e+00 0.000e+00 0.000e+00 0.000e+00
3.548e-18 0.000e+00 0.000e+00 0.000e+00 0.000e+00 0.000e+00
3.981e-18 0.000e+00 0.000e+00 0.000e+00 0.000e+00 0.000e+00
4.467e-18 0.000e+00 0.000e+00 0.000e+00 0.000e+00 0.000e+00
5.012e-18 0.000e+00 0.000e+00 0.000e+00 0.000e+00 0.000e+00
5.623e-18 0.000e+00 0.000e+00 0.000e+00 0.000e+00 0.000e+00
6.310e-18 0.000e+00 0.000e+00 0.000e+00 0.000e+00 0.000e+00
7.079e-18 0.000e+00 0.000e+00 0.000e+00 0.000e+00 0.000e+00
7.943e-18 0.000e+00 0.000e+00 0.000e+00 0.000e+00 0.000e+00
8.913e-18 0.000e+00 0.000e+00 0.000e+00 0.000e+00 0.000e+00
1.000e-17 0.000e+00 0.000e+00 0.000e+00 0.000e+00 0.000e+00
1.122e-17 0.000e+00 0.000e+00 0.000e+00 0.000e+00 0.000e+00
1.259e-17 0.000e+00 0.000e+00 0.000e+00 0.000e+00 0.000e+00
1.413e-17 0.000e+00 0.000e+00 0.000e+00 0.000e+00 0.000e+00
1.585e-17 0.000e+00 0.000e+00 0.000e+00 0.000e+00 0.000e+00
1.778e-17 0.000e+00 0.000e+00 0.000e+00 0.000e+00 0.000e+00
1.995e-17 0.000e+00 0.000e+00 0.000e+00 0.000e+00 0.000e+00
2.239e-17 0.000e+00 0.000e+00 0.000e+00 0.000e+00 0.000e+00
2.512e-17 0.000e+00 0.000e+00 0.000e+00 0.000e+00 0.000e+00
2.818e-17 0.000e+00 0.000e+00 0.000e+00 0.000e+00 0.000e+00
3.162e-17 0.000e+00 0.000e+00 0.000e+00 0.000e+00 0.000e+00
3.548e-17 0.000e+00 0.000e+00 0.000e+00 0.000e+00 0.000e+00
3.981e-17 0.000e+00 0.000e+00 0.000e+00 0.000e+00 0.000e+00
4.467e-17 0.000e+00 0.000e+00 0.000e+00 0.000e+00 0.000e+00
5.012e-17 0.000e+00 0.000e+00 0.000e+00 0.000e+00 0.000e+00
5.623e-17 0.000e+00 0.000e+00 0.000e+00 0.000e+00 0.000e+00
6.310e-17 0.000e+00 0.000e+00 0.000e+00 0.000e+00 0.000e+00
7.079e-17 0.000e+00 0.000e+00 0.000e+00 0.000e+00 0.000e+00
7.943e-17 0.000e+00 0.000e+00 0.000e+00 0.000e+00 0.000e+00
8.913e-17 0.000e+00 0.000e+00 0.000e+00 0.000e+00 0.000e+00
1.000e-16 0.000e+00 0.000e+00 0.000e+00 0.000e+00 0.000e+00
1.122e-16 0.000e+00 0.000e+00 0.000e+00 0.000e+00 0.000e+00
1.259e-16 0.000e+00 0.000e+00 0.000e+00 0.000e+00 0.000e+00
1.413e-16 0.000e+00 0.000e+00 0.000e+00 0.000e+00 0.000e+00
1.585e-16 0.000e+00 0.000e+00 0.000e+00 0.000e+00 0.000e+00
1.778e-16 0.000e+00 0.000e+00 0.000e+00 0.000e+00 0.000e+00
1.995e-16 0.000e+00 0.000e+00 0.000e+00 0.000e+00 0.000e+00
2.239e-16 0.000e+00 0.000e+00 0.000e+00 0.000e+00 0.000e+00
2.512e-16 0.000e+00 0.000e+00 0.000e+00 0.000e+00 0.000e+00
2.818e-16 0.000e+00 0.000e+00 0.000e+00 0.000e+00 0.000e+00
3.162e-16 0.000e+00 0.000e+00 0.000e+00 0.000e+00 0.000e+00
3.548e-16 0.000e+00 0.000e+00 0.000e+00 0.000e+00 0.000e+00
3.981e-16 0.000e+00 0.000e+00 0.000e+00 0.000e+00 0.000e+00
4.467e-16 0.000e+00 0.000e+00 0.000e+00 0.000e+00 0.000e+00
5.012e-16 0.000e+00 0.000e+00 0.000e+00 0.000e+00 0.000e+00
5.623e-16 0.000e+00 0.000e+00 0.000e+00 0.000e+00 0.000e+00
6.310e-16 0.000e+00 0.000e+00 0.000e+00 0.000e+00 0.000e+00
7.079e-16 0.000e+00 0.000e+00 0.000e+00 0.000e+00 0.000e+00
7.943e-16 0.000e+00 0.000e+00 0.000e+00 0.000e+00 0.000e+00
8.913e-16 0.000e+00 0.000e+00 0.000e+00 0.000e+00 0.000e+00
1.000e-15 0.000e+00 0.000e+00 0.000e+00 0.000e+00 0.000e+00
1.122e-15 0.000e+00 0.000e+00 0.000e+00 0.000e+00 0.000e+00
1.259e-15 0.000e+00 0.000e+00 0.000e+00 0.000e+00 0.000e+00
1.413e-15 0.000e+00 0.000e+00 0.000e+00 0.000e+00 0.000e+00
1.585e-15 0.000e+00 0.000e+00 0.000e+00 0.000e+00 0.000e+00
1.778e-15 0.000e+00 0.000e+00 0.000e+00 0.000e+00 0.000e+00
1.995e-15 0.000e+00 0.000e+00 0.000e+00 0.000e+00 0.000e+00
2.239e-15 0.000e+00 0.000e+00 0.000e+00 0.000e+00 0.000e+00
2.512e-15 0.000e+00 0.000e+00 0.000e+00 0.000e+00 0.000e+00
2.818e-15 0.000e+00 0.000e+00 0.000e+00 0.000e+00 0.000e+00
3.162e-15 0.000e+00 0.000e+00 0.000e+00 0.000e+00 0.000e+00
3.548e-15 0.000e+00 0.000e+00 0.000e+00 0.000e+00 0.000e+00
3.981e-15 0.000e+00 0.000e+00 0.000e+00 0.000e+00 0.000e+00
4.467e-15 0.000e+00 0.000e+00 0.000e+00 0.000e+00 0.000e+00
5.012e-15 0.000e+00 0.000e+00 0.000e+00 0.000e+00 0.000e+00
5.623e-15 0.000e+00 0.000e+00 0.000e+00 0.000e+00 0.000e+00
6.310e-15 0.000e+00 0.000e+00 0.000e+00 0.000e+00 0.000e+00
7.079e-15 0.000e+00 0.000e+00 0.000e+00 0.000e+00 0.000e+00
7.943e-15 0.000e+00 0.000e+00 0.000e+00 0.000e+00 0.000e+00
8.913e-15 0.000e+00 0.000e+00 0.000e+00 0.000e+00 0.000e+00
1.000e-14 0.000e+00 0.000e+00 0.000e+00 0.000e+00 0.000e+00
1.122e-14 0.000e+00 0.000e+00 0.000e+00 0.000e+00 0.000e+00
1.259e-14 0.000e+00 0.000e+00 0.000e+00 0.000e+00 0.000e+00
1.413e-14 0.000e+00 0.000e+00 0.000e+00 0.000e+00 0.000e+00
1.585e-14 0.000e+00 0.000e+00 0.000e+00 0.000e+00 0.000e+00
1.778e-14 0.000e+00 0.000e+00 0.000e+00 0.000e+00 0.000e+00
1.995e-14 0.000e+00 0.000e+00 0.000e+00 0.000e+00 0.000e+00
2.239e-14 0.000e+00 0.000e+00 0.000e+00 0.000e+00 0.000e+00
2.512e-14 0.000e+00 0.000e+00 0.000e+00 0.000e+00 0.000e+00
2.818e-14 0.000e+00 0.000e+00 0.000e+00 0.000e+00 0.000e+00
3.162e-14 0.000e+00 0.000e+00 0.000e+00 0.000e+00 0.000e+00
3.548e-14 0.000e+00 0.000e+00 0.000e+00 0.000e+00 0.000e+00
3.981e-14 0.000e+00 0.000e+00 0.000e+00 0.000e+00 0.000e+00
4.467e-14 0.000e+00 0.000e+00 0.000e+00 0.000e+00 0.000e+00
5.012e-14 0.000e+00 0.000e+00 0.000e+00 0.000e+00 0.000e+00
5.623e-14 0.000e+00 0.000e+00 0.000e+00 0.000e+00 0.000e+00
6.310e-14 0.000e+00 0.000e+00 0.000e+00 0.000e+00 0.000e+00
7.079e-14 0.000e+00 0.000e+00 0.000e+00 0.000e+00 0.000e+00
7.943e-14 0.000e+00 0.000e+00 0.000e+00 0.000e+00 0.000e+00
8.913e-14 0.000e+00 0.000e+00 0.000e+00 0.000e+00 0.000e+00
1.000e-13 0.000e+00 0.000e+00 0.000e+00 0.000e+00 0.000e+00
1.122e-13 0.000e+00 0.000e+00 0.000e+00 0.000e+00 0.000e+00
1.259e-13 0.000e+00 0.000e+00 0.000e+00 0.000e+00 0.000e+00
1.413e-13 0.000e+00 0.000e+00 0.000e+00 0.000e+00 0.000e+00
1.585e-13 0.000e+00 0.000e+00 0.000e+00 0.000e+00 0.000e+00
1.778e-13 0.000e+00 0.000e+00 0.000e+00 0.000e+00 0.000e+00
1.995e-13 0.000e+00 0.000e+00 0.000e+00 0.000e+00 0.000e+00
2.239e-13 0.000e+00 0.000e+00 0.000e+00 0.000e+00 0.000e+00
2.512e-13 0.000e+00 0.000e+00 0.000e+00 0.000e+00 0.000e+00
2.818e-13 0.000e+00 0.000e+00 0.000e+00 0.000e+00 0.000e+00
3.162e-13 0.000e+00 0.000e+00 0.000e+00 0.000e+00 0.000e+00
3.548e-13 0.000e+00 0.000e+00 0.000e+00 0.000e+00 0.000e+00
3.981e-13 0.000e+00 0.000e+00 0.000e+00 0.000e+00 0.000e+00
4.467e-13 0.000e+00 0.000e+00 0.000e+00 0.000e+00 0.000e+00
5.012e-13 0.000e+00 0.000e+00 0.000e+00 0.000e+00 0.000e+00
5.623e-13 0.000e+00 0.000e+00 0.000e+00 0.000e+00 0.000e+00
6.310e-13 0.000e+00 0.000e+00 0.000e+00 0.000e+00 0.000e+00
7.079e-13 0.000e+00 0.000e+00 0.000e+00 0.000e+00 0.000e+00
7.943e-13 0.000e+00 0.000e+00 0.000e+00 0.000e+00 0.000e+00
8.913e-13 0.000e+00 0.000e+00 0.000e+00 0.000e+00 0.000e+00
1.000e-12 0.000e+00 0.000e+00 0.000e+00 0.000e+00 0.000e+00
1.122e-12 inf inf inf inf inf
1.259e-12 inf inf inf inf inf
1.413e-12 inf inf inf inf inf
1.585e-12 inf inf inf inf inf
1.778e-12 inf inf inf inf inf
1.995e-12 inf inf inf inf inf
2.239e-12 inf inf inf inf inf
2.512e-12 inf inf inf inf inf
2.818e-12 inf inf inf inf inf
3.162e-12 inf inf inf inf inf
3.548e-12 1.429e+50 2.883e+27 2.888e-30 3.800e-18 2.387e-17
3.981e-12 1.203e+50 3.054e+27 3.059e-30 4.025e-18 2.529e-17
4.467e-12 1.012e+50 3.235e+27 3.240e-30 4.263e-18 2.679e-17
5.012e-12 8.514e+49 3.426e+27 3.432e-30 4.516e-18 2.837e-17
5.623e-12 7.164e+49 3.629e+27 3.636e-30 4.783e-18 3.005e-17
6.310e-12 6.027e+49 3.845e+27 3.851e-30 5.067e-18 3.184e-17
7.079e-12 5.071e+49 4.072e+27 4.079e-30 5.367e-18 3.372e-17
7.943e-12 4.267e+49 4.314e+27 4.321e-30 5.685e-18 3.572e-17
8.913e-12 3.590e+49 4.569e+27 4.577e-30 6.022e-18 3.784e-17
1.000e-11 3.021e+49 4.840e+27 4.848e-30 6.379e-18 4.008e-17
1.122e-11 2.542e+49 5.127e+27 5.135e-30 6.757e-18 4.245e-17
1.259e-11 2.139e+49 5.431e+27 5.440e-30 7.157e-18 4.497e-17
1.413e-11 1.799e+49 5.752e+27 5.762e-30 7.581e-18 4.763e-17
1.585e-11 1.514e+49 6.093e+27 6.104e-30 8.030e-18 5.046e-17
1.778e-11 1.274e+49 6.454e+27 6.465e-30 8.506e-18 5.345e-17
1.995e-11 1.072e+49 6.837e+27 6.848e-30 9.010e-18 5.661e-17
2.239e-11 9.018e+48 7.242e+27 7.254e-30 9.544e-18 5.997e-17
2.512e-11 7.588e+48 7.671e+27 7.684e-30 1.011e-17 6.352e-17
2.818e-11 6.385e+48 8.125e+27 8.139e-30 1.071e-17 6.728e-17
3.162e-11 5.372e+48 8.607e+27 8.621e-30 1.134e-17 7.127e-17
3.548e-11 4.520e+48 9.117e+27 9.132e-30 1.202e-17 7.549e-17
3.981e-11 3.803e+48 9.657e+27 9.673e-30 1.273e-17 7.997e-17
4.467e-11 3.200e+48 1.023e+28 1.025e-29 1.348e-17 8.470e-17
5.012e-11 2.692e+48 1.084e+28 1.085e-29 1.428e-17 8.972e-17
5.623e-11 2.265e+48 1.148e+28 1.150e-29 1.513e-17 9.504e-17
6.310e-11 1.906e+48 1.216e+28 1.218e-29 1.602e-17 1.007e-16
7.079e-11 1.604e+48 1.288e+28 1.290e-29 1.697e-17 1.066e-16
7.943e-11 1.349e+48 1.364e+28 1.366e-29 1.798e-17 1.130e-16
8.913e-11 1.135e+48 1.445e+28 1.447e-29 1.904e-17 1.196e-16
1.000e-10 9.553e+47 1.530e+28 1.533e-29 2.017e-17 1.267e-16
1.122e-10 8.037e+47 1.621e+28 1.624e-29 2.137e-17 1.342e-16
1.259e-10 6.763e+47 1.717e+28 1.720e-29 2.263e-17 1.422e-16
1.413e-10 5.690e+47 1.819e+28 1.822e-29 2.397e-17 1.506e-16
1.585e-10 4.788e+47 1.927e+28 1.930e-29 2.539e-17 1.595e-16
1.778e-10 4.028e+47 2.041e+28 2.044e-29 2.690e-17 1.690e-16
1.995e-10 3.389e+47 2.162e+28 2.166e-29 2.849e-17 1.790e-16
2.239e-10 2.852e+47 2.290e+28 2.294e-29 3.018e-17 1.896e-16
2.512e-10 2.399e+47 2.426e+28 2.430e-29 3.197e-17 2.009e-16
2.818e-10 2.019e+47 2.569e+28 2.574e-29 3.386e-17 2.128e-16
3.162e-10 1.699e+47 2.722e+28 2.726e-29 3.587e-17 2.254e-16
3.548e-10 1.429e+47 2.883e+28 2.888e-29 3.799e-17 2.387e-16
3.981e-10 1.203e+47 3.054e+28 3.059e-29 4.024e-17 2.529e-16
4.467e-10 1.012e+47 3.235e+28 3.240e-29 4.263e-17 2.678e-16
5.012e-10 8.513e+46 3.426e+28 3.432e-29 4.515e-17 2.837e-16
5.623e-10 7.163e+46 3.629e+28 3.635e-29 4.783e-17 3.005e-16
6.310e-10 6.027e+46 3.844e+28 3.851e-29 5.066e-17 3.183e-16
7.079e-10 5.071e+46 4.072e+28 4.079e-29 5.366e-17 3.372e-16
7.943e-10 4.267e+46 4.313e+28 4.321e-29 5.684e-17 3.572e-16
8.913e-10 3.590e+46 4.569e+28 4.576e-29 6.021e-17 3.783e-16
1.000e-09 3.021e+46 4.839e+28 4.848e-29 6.378e-17 4.007e-16
1.122e-09 2.541e+46 5.126e+28 5.135e-29 6.756e-17 4.245e-16
1.259e-09 2.138e+46 5.430e+28 5.439e-29 7.156e-17 4.496e-16
1.413e-09 1.799e+46 5.752e+28 5.761e-29 7.580e-17 4.763e-16
1.585e-09 1.514e+46 6.092e+28 6.103e-29 8.029e-17 5.045e-16
1.778e-09 1.274e+46 6.453e+28 6.464e-29 8.505e-17 5.344e-16
1.995e-09 1.072e+46 6.835e+28 6.847e-29 9.009e-17 5.660e-16
2.239e-09 9.017e+45 7.240e+28 7.253e-29 9.542e-17 5.996e-16
2.512e-09 7.587e+45 7.669e+28 7.682e-29 1.011e-16 6.351e-16
2.818e-09 6.383e+45 8.124e+28 8.137e-29 1.071e-16 6.727e-16
3.162e-09 5.371e+45 8.605e+28 8.620e-29 1.134e-16 7.125e-16
3.548e-09 4.519e+45 9.115e+28 9.130e-29 1.201e-16 7.548e-16
3.981e-09 3.802e+45 9.655e+28 9.671e-29 1.272e-16 7.995e-16
4.467e-09 3.199e+45 1.023e+29 1.024e-28 1.348e-16 8.468e-16
5.012e-09 2.692e+45 1.083e+29 1.085e-28 1.428e-16 8.970e-16
5.623e-09 2.265e+45 1.147e+29 1.149e-28 1.512e-16 9.501e-16
6.310e-09 1.905e+45 1.215e+29 1.217e-28 1.602e-16 1.006e-15
7.079e-09 1.603e+45 1.287e+29 1.290e-28 1.697e-16 1.066e-15
7.943e-09 1.349e+45 1.364e+29 1.366e-28 1.797e-16 1.129e-15
8.913e-09 1.135e+45 1.444e+29 1.447e-28 1.904e-16 1.196e-15
1.000e-08 9.549e+44 1.530e+29 1.533e-28 2.016e-16 1.267e-15
1.122e-08 8.034e+44 1.621e+29 1.623e-28 2.136e-16 1.342e-15
1.259e-08 6.760e+44 1.717e+29 1.719e-28 2.262e-16 1.421e-15
1.413e-08 5.688e+44 1.818e+29 1.821e-28 2.396e-16 1.506e-15
1.585e-08 4.785e+44 1.926e+29 1.929e-28 2.538e-16 1.595e-15
1.778e-08 4.026e+44 2.040e+29 2.043e-28 2.688e-16 1.689e-15
1.995e-08 3.388e+44 2.161e+29 2.164e-28 2.848e-16 1.789e-15
2.239e-08 2.850e+44 2.289e+29 2.293e-28 3.016e-16 1.895e-15
2.512e-08 2.398e+44 2.424e+29 2.428e-28 3.195e-16 2.007e-15
2.818e-08 2.018e+44 2.568e+29 2.572e-28 3.384e-16 2.126e-15
3.162e-08 1.698e+44 2.720e+29 2.724e-28 3.584e-16 2.252e-15
3.548e-08 1.428e+44 2.881e+29 2.886e-28 3.797e-16 2.385e-15
3.981e-08 1.202e+44 3.051e+29 3.057e-28 4.021e-16 2.527e-15
4.467e-08 1.011e+44 3.232e+29 3.237e-28 4.259e-16 2.676e-15
5.012e-08 8.506e+43 3.423e+29 3.429e-28 4.512e-16 2.835e-15
5.623e-08 7.157e+43 3.626e+29 3.632e-28 4.779e-16 3.003e-15
6.310e-08 6.021e+43 3.841e+29 3.847e-28 5.062e-16 3.180e-15
7.079e-08 5.066e+43 4.068e+29 4.075e-28 5.361e-16 3.368e-15
7.943e-08 4.262e+43 4.309e+29 4.316e-28 5.678e-16 3.568e-15
8.913e-08 3.586e+43 4.564e+29 4.571e-28 6.014e-16 3.779e-15
1.000e-07 3.017e+43 4.834e+29 4.842e-28 6.370e-16 4.003e-15
1.122e-07 2.538e+43 5.120e+29 5.128e-28 6.747e-16 4.239e-15
1.259e-07 2.135e+43 5.423e+29 5.432e-28 7.147e-16 4.490e-15
1.413e-07 1.797e+43 5.743e+29 5.753e-28 7.569e-16 4.756e-15
1.585e-07 1.512e+43 6.083e+29 6.094e-28 8.017e-16 5.037e-15
1.778e-07 1.272e+43 6.443e+29 6.454e-28 8.491e-16 5.335e-15
1.995e-07 1.070e+43 6.824e+29 6.836e-28 8.994e-16 5.651e-15
2.239e-07 9.001e+42 7.228e+29 7.240e-28 9.525e-16 5.985e-15
2.512e-07 7.572e+42 7.655e+29 7.668e-28 1.009e-15 6.339e-15
2.818e-07 6.371e+42 8.108e+29 8.121e-28 1.069e-15 6.714e-15
3.162e-07 5.359e+42 8.587e+29 8.601e-28 1.132e-15 7.111e-15
3.548e-07 4.509e+42 9.094e+29 9.110e-28 1.199e-15 7.531e-15
3.981e-07 3.793e+42 9.632e+29 9.648e-28 1.269e-15 7.976e-15
4.467e-07 3.191e+42 1.020e+30 1.022e-27 1.344e-15 8.447e-15
5.012e-07 2.684e+42 1.080e+30 1.082e-27 1.424e-15 8.946e-15
5.623e-07 2.258e+42 1.144e+30 1.146e-27 1.508e-15 9.475e-15
6.310e-07 1.900e+42 1.212e+30 1.214e-27 1.597e-15 1.003e-14
7.079e-07 1.598e+42 1.283e+30 1.285e-27 1.691e-15 1.063e-14
7.943e-07 1.344e+42 1.359e+30 1.361e-27 1.791e-15 1.125e-14
8.913e-07 1.131e+42 1.439e+30 1.442e-27 1.897e-15 1.192e-14
1.000e-06 9.513e+41 1.524e+30 1.527e-27 2.009e-15 1.262e-14
1.122e-06 8.003e+41 1.614e+30 1.617e-27 2.127e-15 1.337e-14
1.259e-06 6.732e+41 1.709e+30 1.712e-27 2.253e-15 1.415e-14
1.413e-06 5.662e+41 1.810e+30 1.813e-27 2.386e-15 1.499e-14
1.585e-06 4.763e+41 1.917e+30 1.920e-27 2.526e-15 1.587e-14
1.778e-06 4.006e+41 2.030e+30 2.033e-27 2.675e-15 1.681e-14
1.995e-06 3.370e+41 2.149e+30 2.153e-27 2.833e-15 1.780e-14
2.239e-06 2.834e+41 2.276e+30 2.280e-27 2.999e-15 1.885e-14
2.512e-06 2.384e+41 2.410e+30 2.414e-27 3.176e-15 1.996e-14
2.818e-06 2.005e+41 2.552e+30 2.556e-27 3.363e-15 2.113e-14
3.162e-06 1.686e+41 2.702e+30 2.706e-27 3.561e-15 2.237e-14
3.548e-06 1.418e+41 2.861e+30 2.865e-27 3.770e-15 2.369e-14
3.981e-06 1.193e+41 3.029e+30 3.034e-27 3.992e-15 2.508e-14
4.467e-06 1.003e+41 3.207e+30 3.212e-27 4.226e-15 2.655e-14
5.012e-06 8.435e+40 3.395e+30 3.401e-27 4.474e-15 2.811e-14
5.623e-06 7.094e+40 3.594e+30 3.600e-27 4.737e-15 2.976e-14
6.310e-06 5.965e+40 3.805e+30 3.811e-27 5.014e-15 3.151e-14
7.079e-06 5.016e+40 4.028e+30 4.034e-27 5.308e-15 3.335e-14
7.943e-06 4.218e+40 4.264e+30 4.271e-27 5.619e-15 3.530e-14
8.913e-06 3.546e+40 4.513e+30 4.521e-27 5.948e-15 3.737e-14
1.000e-05 2.982e+40 4.777e+30 4.785e-27 6.296e-15 3.956e-14
1.122e-05 2.507e+40 5.056e+30 5.065e-27 6.663e-15 4.187e-14
1.259e-05 2.107e+40 5.351e+30 5.360e-27 7.052e-15 4.431e-14
1.413e-05 1.772e+40 5.663e+30 5.673e-27 7.464e-15 4.690e-14
1.585e-05 1.489e+40 5.993e+30 6.004e-27 7.899e-15 4.963e-14
1.778e-05 1.252e+40 6.342e+30 6.353e-27 8.359e-15 5.252e-14
1.995e-05 1.052e+40 6.711e+30 6.723e-27 8.845e-15 5.557e-14
2.239e-05 8.843e+39 7.101e+30 7.113e-27 9.359e-15 5.880e-14
2.512e-05 7.432e+39 7.513e+30 7.526e-27 9.902e-15 6.221e-14
2.818e-05 6.246e+39 7.949e+30 7.962e-27 1.048e-14 6.582e-14
3.162e-05 5.248e+39 8.409e+30 8.423e-27 1.108e-14 6.963e-14
3.548e-05 4.410e+39 8.895e+30 8.910e-27 1.172e-14 7.365e-14
3.981e-05 3.705e+39 9.408e+30 9.424e-27 1.240e-14 7.791e-14
4.467e-05 3.113e+39 9.950e+30 9.967e-27 1.311e-14 8.239e-14
5.012e-05 2.615e+39 1.052e+31 1.054e-26 1.387e-14 8.713e-14
5.623e-05 2.196e+39 1.113e+31 1.115e-26 1.466e-14 9.214e-14
6.310e-05 1.844e+39 1.176e+31 1.178e-26 1.550e-14 9.742e-14
7.079e-05 1.549e+39 1.244e+31 1.246e-26 1.639e-14 1.030e-13
7.943e-05 1.301e+39 1.315e+31 1.317e-26 1.733e-14 1.089e-13
8.913e-05 1.092e+39 1.390e+31 1.392e-26 1.831e-14 1.151e-13
1.000e-04 9.166e+38 1.469e+31 1.471e-26 1.935e-14 1.216e-13
1.122e-04 7.694e+38 1.552e+31 1.554e-26 2.045e-14 1.285e-13
1.259e-04 6.457e+38 1.640e+31 1.642e-26 2.161e-14 1.358e-13
1.413e-04 5.418e+38 1.732e+31 1.735e-26 2.283e-14 1.434e-13
1.585e-04 4.545e+38 1.829e+31 1.832e-26 2.411e-14 1.515e-13
1.778e-04 3.813e+38 1.932e+31 1.935e-26 2.546e-14 1.600e-13
1.995e-04 3.198e+38 2.040e+31 2.043e-26 2.688e-14 1.689e-13
2.239e-04 2.681e+38 2.153e+31 2.157e-26 2.838e-14 1.783e-13
2.512e-04 2.248e+38 2.272e+31 2.276e-26 2.995e-14 1.882e-13
2.818e-04 1.884e+38 2.398e+31 2.402e-26 3.160e-14 1.986e-13
3.162e-04 1.579e+38 2.530e+31 2.534e-26 3.334e-14 2.095e-13
3.548e-04 1.323e+38 2.668e+31 2.672e-26 3.516e-14 2.209e-13
3.981e-04 1.108e+38 2.813e+31 2.818e-26 3.708e-14 2.330e-13
4.467e-04 9.277e+37 2.966e+31 2.971e-26 3.908e-14 2.456e-13
5.012e-04 7.766e+37 3.125e+31 3.131e-26 4.119e-14 2.588e-13
5.623e-04 6.499e+37 3.293e+31 3.298e-26 4.339e-14 2.727e-13
6.310e-04 5.437e+37 3.468e+31 3.474e-26 4.570e-14 2.872e-13
7.079e-04 4.547e+37 3.651e+31 3.657e-26 4.812e-14 3.023e-13
7.943e-04 3.801e+37 3.843e+31 3.849e-26 5.064e-14 3.182e-13
8.913e-04 3.177e+37 4.043e+31 4.050e-26 5.328e-14 3.348e-13
1.000e-03 2.654e+37 4.252e+31 4.259e-26 5.604e-14 3.521e-13
1.122e-03 2.216e+37 4.470e+31 4.477e-26 5.891e-14 3.701e-13
1.259e-03 1.850e+37 4.697e+31 4.705e-26 6.190e-14 3.889e-13
1.413e-03 1.543e+37 4.933e+31 4.941e-26 6.501e-14 4.085e-13
1.585e-03 1.287e+37 5.178e+31 5.187e-26 6.824e-14 4.288e-13
1.778e-03 1.072e+37 5.433e+31 5.442e-26 7.160e-14 4.499e-13
1.995e-03 8.932e+36 5.697e+31 5.707e-26 7.508e-14 4.718e-13
2.239e-03 7.435e+36 5.971e+31 5.981e-26 7.869e-14 4.944e-13
2.512e-03 6.186e+36 6.253e+31 6.264e-26 8.241e-14 5.178e-13
2.818e-03 5.143e+36 6.545e+31 6.556e-26 8.626e-14 5.420e-13
3.162e-03 4.273e+36 6.846e+31 6.857e-26 9.022e-14 5.669e-13
3.548e-03 3.547e+36 7.155e+31 7.167e-26 9.430e-14 5.925e-13
3.981e-03 2.943e+36 7.472e+31 7.485e-26 9.848e-14 6.188e-13
4.467e-03 2.439e+36 7.797e+31 7.811e-26 1.028e-13 6.457e-13
5.012e-03 2.020e+36 8.129e+31 8.143e-26 1.071e-13 6.732e-13
5.623e-03 1.671e+36 8.468e+31 8.482e-26 1.116e-13 7.012e-13
6.310e-03 1.382e+36 8.812e+31 8.827e-26 1.161e-13 7.297e-13
7.079e-03 1.141e+36 9.161e+31 9.176e-26 1.207e-13 7.586e-13
7.943e-03 9.410e+35 9.513e+31 9.529e-26 1.254e-13 7.877e-13
8.913e-03 7.753e+35 9.867e+31 9.884e-26 1.300e-13 8.171e-13
1.000e-02 6.380e+35 1.022e+32 1.024e-25 1.347e-13 8.465e-13
1.122e-02 5.244e+35 1.058e+32 1.059e-25 1.394e-13 8.758e-13
1.259e-02 4.304e+35 1.093e+32 1.095e-25 1.440e-13 9.050e-13
1.413e-02 3.527e+35 1.128e+32 1.130e-25 1.486e-13 9.337e-13
1.585e-02 2.886e+35 1.162e+32 1.164e-25 1.531e-13 9.619e-13
1.778e-02 2.358e+35 1.195e+32 1.197e-25 1.575e-13 9.894e-13
1.995e-02 1.923e+35 1.227e+32 1.229e-25 1.617e-13 1.016e-12
2.239e-02 1.566e+35 1.257e+32 1.259e-25 1.657e-13 1.041e-12
2.512e-02 1.272e+35 1.286e+32 1.288e-25 1.695e-13 1.065e-12
2.818e-02 1.032e+35 1.313e+32 1.315e-25 1.730e-13 1.087e-12
3.162e-02 8.347e+34 1.337e+32 1.340e-25 1.762e-13 1.107e-12
3.548e-02 6.738e+34 1.359e+32 1.361e-25 1.791e-13 1.125e-12
3.981e-02 5.426e+34 1.378e+32 1.380e-25 1.816e-13 1.141e-12
4.467e-02 4.358e+34 1.393e+32 1.395e-25 1.836e-13 1.154e-12
5.012e-02 3.490e+34 1.405e+32 1.407e-25 1.851e-13 1.163e-12
5.623e-02 2.788e+34 1.412e+32 1.415e-25 1.861e-13 1.169e-12
6.310e-02 2.219e+34 1.415e+32 1.418e-25 1.865e-13 1.172e-12
7.079e-02 1.761e+34 1.414e+32 1.416e-25 1.863e-13 1.171e-12
7.943e-02 1.392e+34 1.407e+32 1.410e-25 1.855e-13 1.165e-12
8.913e-02 1.097e+34 1.396e+32 1.398e-25 1.839e-13 1.156e-12
1.000e-01 8.602e+33 1.378e+32 1.381e-25 1.816e-13 1.141e-12
1.122e-01 6.719e+33 1.355e+32 1.358e-25 1.786e-13 1.122e-12
1.259e-01 5.224e+33 1.327e+32 1.329e-25 1.748e-13 1.098e-12
1.413e-01 4.042e+33 1.292e+32 1.294e-25 1.703e-13 1.070e-12
1.585e-01 3.111e+33 1.252e+32 1.254e-25 1.650e-13 1.037e-12
1.778e-01 2.380e+33 1.206e+32 1.208e-25 1.589e-13 9.987e-13
1.995e-01 1.811e+33 1.155e+32 1.157e-25 1.522e-13 9.563e-13
2.239e-01 1.368e+33 1.099e+32 1.100e-25 1.448e-13 9.097e-13
2.512e-01 1.027e+33 1.038e+32 1.040e-25 1.368e-13 8.594e-13
2.818e-01 7.645e+32 9.730e+31 9.746e-26 1.282e-13 8.057e-13
3.162e-01 5.647e+32 9.047e+31 9.063e-26 1.192e-13 7.492e-13
3.548e-01 4.134e+32 8.338e+31 8.353e-26 1.099e-13 6.905e-13
3.981e-01 2.998e+32 7.612e+31 7.625e-26 1.003e-13 6.303e-13
4.467e-01 2.151e+32 6.876e+31 6.888e-26 9.063e-14 5.694e-13
5.012e-01 1.526e+32 6.142e+31 6.153e-26 8.095e-14 5.086e-13
5.623e-01 1.070e+32 5.419e+31 5.428e-26 7.142e-14 4.487e-13
6.310e-01 7.395e+31 4.717e+31 4.725e-26 6.216e-14 3.906e-13
7.079e-01 5.038e+31 4.046e+31 4.052e-26 5.332e-14 3.350e-13
7.943e-01 3.377e+31 3.414e+31 3.420e-26 4.499e-14 2.827e-13
8.913e-01 2.224e+31 2.830e+31 2.835e-26 3.730e-14 2.344e-13
1.000e+00 1.436e+31 2.301e+31 2.304e-26 3.032e-14 1.905e-13
1.122e+00 9.072e+30 1.830e+31 1.833e-26 2.412e-14 1.515e-13
1.259e+00 5.597e+30 1.421e+31 1.424e-26 1.873e-14 1.177e-13
1.413e+00 3.362e+30 1.075e+31 1.077e-26 1.417e-14 8.901e-14
1.585e+00 1.962e+30 7.895e+30 7.908e-27 1.040e-14 6.538e-14
1.778e+00 1.108e+30 5.614e+30 5.624e-27 7.399e-15 4.649e-14
1.995e+00 6.040e+29 3.853e+30 3.859e-27 5.077e-15 3.190e-14
2.239e+00 3.166e+29 2.543e+30 2.547e-27 3.351e-15 2.105e-14
2.512e+00 1.591e+29 1.608e+30 1.611e-27 2.120e-15 1.332e-14
2.818e+00 7.632e+28 9.713e+29 9.730e-28 1.280e-15 8.043e-15
3.162e+00 3.484e+28 5.582e+29 5.591e-28 7.356e-16 4.622e-15
3.548e+00 1.508e+28 3.042e+29 3.047e-28 4.009e-16 2.519e-15
3.981e+00 6.175e+27 1.568e+29 1.571e-28 2.066e-16 1.298e-15
4.467e+00 2.384e+27 7.621e+28 7.634e-29 1.004e-16 6.311e-16
5.012e+00 8.642e+26 3.478e+28 3.484e-29 4.584e-17 2.880e-16
5.623e+00 2.922e+26 1.480e+28 1.483e-29 1.951e-17 1.226e-16
6.310e+00 9.123e+25 5.819e+27 5.829e-30 7.669e-18 4.819e-17
7.079e+00 2.602e+25 2.089e+27 2.093e-30 2.753e-18 1.730e-17
7.943e+00 6.721e+24 6.795e+26 6.806e-31 8.955e-19 5.626e-18
8.913e+00 1.586e+24 2.019e+26 2.022e-31 2.660e-19 1.672e-18
1.000e+01 3.476e+23 5.569e+25 5.578e-32 7.339e-20 4.611e-19
1.122e+01 6.139e+22 1.238e+25 1.240e-32 1.632e-20 1.025e-19
1.259e+01 9.391e+21 2.385e+24 2.389e-33 3.143e-21 1.975e-20
1.413e+01 1.253e+21 4.004e+23 4.011e-34 5.277e-22 3.316e-21
1.585e+01 1.439e+20 5.792e+22 5.802e-35 7.634e-23 4.796e-22
1.778e+01 1.383e+19 7.006e+21 7.018e-36 9.233e-24 5.802e-23
1.995e+01 1.062e+18 6.774e+20 6.785e-37 8.927e-25 5.609e-24
2.239e+01 6.192e+16 4.972e+19 4.981e-38 6.553e-26 4.117e-25
2.512e+01 2.604e+15 2.632e+18 2.637e-39 3.469e-27 2.180e-26
2.818e+01 7.518e+13 9.568e+16 9.584e-41 1.261e-28 7.923e-28
3.162e+01 1.418e+12 2.273e+15 2.276e-42 2.995e-30 1.882e-29
3.548e+01 1.662e+10 3.352e+13 3.357e-44 4.417e-32 2.775e-31
3.981e+01 1.144e+08 2.904e+11 2.909e-46 3.827e-34 2.405e-33
4.467e+01 4.351e+05 1.391e+09 1.393e-48 1.833e-36 1.152e-35
5.012e+01 8.549e+02 3.441e+06 3.446e-51 4.534e-39 2.849e-38
5.623e+01 8.035e-01 4.071e+03 4.078e-54 5.365e-42 3.371e-41
6.310e+01 3.315e-04 2.114e+00 2.118e-57 2.786e-45 1.751e-44
7.079e+01 5.447e-08 4.374e-04 4.381e-61 5.764e-49 3.622e-48
7.943e+01 3.196e-12 3.231e-08 3.237e-65 4.258e-53 2.676e-52
8.913e+01 5.922e-17 7.537e-13 7.550e-70 9.933e-58 6.241e-57
1.000e+02 3.017e-22 4.833e-18 4.841e-75 6.370e-63 4.002e-62
1.122e+02 3.614e-28 7.290e-24 7.303e-81 9.608e-69 6.037e-68
1.259e+02 8.550e-35 2.171e-30 2.175e-87 2.861e-75 1.798e-74
1.413e+02 3.279e-42 1.048e-37 1.050e-94 1.381e-82 8.680e-82
1.585e+02 1.634e-50 6.577e-46 6.588e-103 8.668e-91 5.446e-90
1.778e+02 8.257e-60 4.184e-55 4.191e-112 5.514e-100 3.464e-99
1.995e+02 3.200e-70 2.041e-65 2.045e-122 2.690e-110 1.690e-109
2.239e+02 6.958e-82 5.588e-77 5.597e-134 7.364e-122 4.627e-121
2.512e+02 5.975e-95 6.040e-90 6.051e-147 7.961e-135 5.002e-134
2.818e+02 1.367e-109 1.739e-104 1.742e-161 2.292e-149 1.440e-148
3.162e+02 5.354e-126 8.578e-121 8.592e-178 1.130e-165 7.103e-165
3.548e+02 2.188e-144 4.413e-139 4.420e-196 5.815e-184 3.654e-183
3.981e+02 5.348e-165 1.358e-159 1.360e-216 1.790e-204 1.124e-203
4.467e+02 4.190e-188 1.339e-182 1.342e-239 1.765e-227 1.109e-226
5.012e+02 0.000e+00 0.000e+00 0.000e+00 0.000e+00 0.000e+00
5.623e+02 0.000e+00 0.000e+00 0.000e+00 0.000e+00 0.000e+00
6.310e+02 0.000e+00 0.000e+00 0.000e+00 0.000e+00 0.000e+00
7.079e+02 0.000e+00 0.000e+00 0.000e+00 0.000e+00 0.000e+00
7.943e+02 0.000e+00 0.000e+00 0.000e+00 0.000e+00 0.000e+00
8.913e+02 0.000e+00 0.000e+00 0.000e+00 0.000e+00 0.000e+00
1.000e+03 0.000e+00 0.000e+00 0.000e+00 0.000e+00 0.000e+00
1.122e+03 0.000e+00 0.000e+00 0.000e+00 0.000e+00 0.000e+00
1.259e+03 0.000e+00 0.000e+00 0.000e+00 0.000e+00 0.000e+00
1.413e+03 0.000e+00 0.000e+00 0.000e+00 0.000e+00 0.000e+00
1.585e+03 0.000e+00 0.000e+00 0.000e+00 0.000e+00 0.000e+00
1.778e+03 0.000e+00 0.000e+00 0.000e+00 0.000e+00 0.000e+00
1.995e+03 0.000e+00 0.000e+00 0.000e+00 0.000e+00 0.000e+00
2.239e+03 0.000e+00 0.000e+00 0.000e+00 0.000e+00 0.000e+00
2.512e+03 0.000e+00 0.000e+00 0.000e+00 0.000e+00 0.000e+00
2.818e+03 0.000e+00 0.000e+00 0.000e+00 0.000e+00 0.000e+00
3.162e+03 0.000e+00 0.000e+00 0.000e+00 0.000e+00 0.000e+00
3.548e+03 0.000e+00 0.000e+00 0.000e+00 0.000e+00 0.000e+00
3.981e+03 0.000e+00 0.000e+00 0.000e+00 0.000e+00 0.000e+00
4.467e+03 0.000e+00 0.000e+00 0.000e+00 0.000e+00 0.000e+00
5.012e+03 0.000e+00 0.000e+00 0.000e+00 0.000e+00 0.000e+00
5.623e+03 0.000e+00 0.000e+00 0.000e+00 0.000e+00 0.000e+00
6.310e+03 0.000e+00 0.000e+00 0.000e+00 0.000e+00 0.000e+00
7.079e+03 0.000e+00 0.000e+00 0.000e+00 0.000e+00 0.000e+00
7.943e+03 0.000e+00 0.000e+00 0.000e+00 0.000e+00 0.000e+00
8.913e+03 0.000e+00 0.000e+00 0.000e+00 0.000e+00 0.000e+00
1.000e+04 0.000e+00 0.000e+00 0.000e+00 0.000e+00 0.000e+00
1.122e+04 0.000e+00 0.000e+00 0.000e+00 0.000e+00 0.000e+00
1.259e+04 0.000e+00 0.000e+00 0.000e+00 0.000e+00 0.000e+00
1.413e+04 0.000e+00 0.000e+00 0.000e+00 0.000e+00 0.000e+00
1.585e+04 0.000e+00 0.000e+00 0.000e+00 0.000e+00 0.000e+00
1.778e+04 0.000e+00 0.000e+00 0.000e+00 0.000e+00 0.000e+00
1.995e+04 0.000e+00 0.000e+00 0.000e+00 0.000e+00 0.000e+00
2.239e+04 0.000e+00 0.000e+00 0.000e+00 0.000e+00 0.000e+00
2.512e+04 0.000e+00 0.000e+00 0.000e+00 0.000e+00 0.000e+00
2.818e+04 0.000e+00 0.000e+00 0.000e+00 0.000e+00 0.000e+00
3.162e+04 0.000e+00 0.000e+00 0.000e+00 0.000e+00 0.000e+00
3.548e+04 0.000e+00 0.000e+00 0.000e+00 0.000e+00 0.000e+00
3.981e+04 0.000e+00 0.000e+00 0.000e+00 0.000e+00 0.000e+00
4.467e+04 0.000e+00 0.000e+00 0.000e+00 0.000e+00 0.000e+00
5.012e+04 0.000e+00 0.000e+00 0.000e+00 0.000e+00 0.000e+00
5.623e+04 0.000e+00 0.000e+00 0.000e+00 0.000e+00 0.000e+00
6.310e+04 0.000e+00 0.000e+00 0.000e+00 0.000e+00 0.000e+00
7.079e+04 0.000e+00 0.000e+00 0.000e+00 0.000e+00 0.000e+00
7.943e+04 0.000e+00 0.000e+00 0.000e+00 0.000e+00 0.000e+00
8.913e+04 0.000e+00 0.000e+00 0.000e+00 0.000e+00 0.000e+00
1.000e+05 0.000e+00 0.000e+00 0.000e+00 0.000e+00 0.000e+00
1.122e+05 0.000e+00 0.000e+00 0.000e+00 0.000e+00 0.000e+00
1.259e+05 0.000e+00 0.000e+00 0.000e+00 0.000e+00 0.000e+00
1.413e+05 0.000e+00 0.000e+00 0.000e+00 0.000e+00 0.000e+00
1.585e+05 0.000e+00 0.000e+00 0.000e+00 0.000e+00 0.000e+00
1.778e+05 0.000e+00 0.000e+00 0.000e+00 0.000e+00 0.000e+00
1.995e+05 0.000e+00 0.000e+00 0.000e+00 0.000e+00 0.000e+00
2.239e+05 0.000e+00 0.000e+00 0.000e+00 0.000e+00 0.000e+00
2.512e+05 0.000e+00 0.000e+00 0.000e+00 0.000e+00 0.000e+00
2.818e+05 0.000e+00 0.000e+00 0.000e+00 0.000e+00 0.000e+00
3.162e+05 0.000e+00 0.000e+00 0.000e+00 0.000e+00 0.000e+00
3.548e+05 0.000e+00 0.000e+00 0.000e+00 0.000e+00 0.000e+00
3.981e+05 0.000e+00 0.000e+00 0.000e+00 0.000e+00 0.000e+00
4.467e+05 0.000e+00 0.000e+00 0.000e+00 0.000e+00 0.000e+00
5.012e+05 0.000e+00 0.000e+00 0.000e+00 0.000e+00 0.000e+00
5.623e+05 0.000e+00 0.000e+00 0.000e+00 0.000e+00 0.000e+00
6.310e+05 0.000e+00 0.000e+00 0.000e+00 0.000e+00 0.000e+00
7.079e+05 0.000e+00 0.000e+00 0.000e+00 0.000e+00 0.000e+00
7.943e+05 0.000e+00 0.000e+00 0.000e+00 0.000e+00 0.000e+00
8.913e+05 0.000e+00 0.000e+00 0.000e+00 0.000e+00 0.000e+00
1.000e+06 0.000e+00 0.000e+00 0.000e+00 0.000e+00 0.000e+00
1.122e+06 0.000e+00 0.000e+00 0.000e+00 0.000e+00 0.000e+00
1.259e+06 0.000e+00 0.000e+00 0.000e+00 0.000e+00 0.000e+00
1.413e+06 0.000e+00 0.000e+00 0.000e+00 0.000e+00 0.000e+00
1.585e+06 0.000e+00 0.000e+00 0.000e+00 0.000e+00 0.000e+00
1.778e+06 0.000e+00 0.000e+00 0.000e+00 0.000e+00 0.000e+00
1.995e+06 0.000e+00 0.000e+00 0.000e+00 0.000e+00 0.000e+00
2.239e+06 0.000e+00 0.000e+00 0.000e+00 0.000e+00 0.000e+00
2.512e+06 0.000e+00 0.000e+00 0.000e+00 0.000e+00 0.000e+00
2.818e+06 0.000e+00 0.000e+00 0.000e+00 0.000e+00 0.000e+00
3.162e+06 0.000e+00 0.000e+00 0.000e+00 0.000e+00 0.000e+00
3.548e+06 0.000e+00 0.000e+00 0.000e+00 0.000e+00 0.000e+00
3.981e+06 0.000e+00 0.000e+00 0.000e+00 0.000e+00 0.000e+00
4.467e+06 0.000e+00 0.000e+00 0.000e+00 0.000e+00 0.000e+00
5.012e+06 0.000e+00 0.000e+00 0.000e+00 0.000e+00 0.000e+00
5.623e+06 0.000e+00 0.000e+00 0.000e+00 0.000e+00 0.000e+00
6.310e+06 0.000e+00 0.000e+00 0.000e+00 0.000e+00 0.000e+00
7.079e+06 0.000e+00 0.000e+00 0.000e+00 0.000e+00 0.000e+00
7.943e+06 0.000e+00 0.000e+00 0.000e+00 0.000e+00 0.000e+00
8.913e+06 0.000e+00 0.000e+00 0.000e+00 0.000e+00 0.000e+00
1.000e+07 0.000e+00 0.000e+00 0.000e+00 0.000e+00 0.000e+00
1.122e+07 0.000e+00 0.000e+00 0.000e+00 0.000e+00 0.000e+00
1.259e+07 0.000e+00 0.000e+00 0.000e+00 0.000e+00 0.000e+00
1.413e+07 0.000e+00 0.000e+00 0.000e+00 0.000e+00 0.000e+00
1.585e+07 0.000e+00 0.000e+00 0.000e+00 0.000e+00 0.000e+00
1.778e+07 0.000e+00 0.000e+00 0.000e+00 0.000e+00 0.000e+00
1.995e+07 0.000e+00 0.000e+00 0.000e+00 0.000e+00 0.000e+00
2.239e+07 0.000e+00 0.000e+00 0.000e+00 0.000e+00 0.000e+00
2.512e+07 0.000e+00 0.000e+00 0.000e+00 0.000e+00 0.000e+00
2.818e+07 0.000e+00 0.000e+00 0.000e+00 0.000e+00 0.000e+00
3.162e+07 0.000e+00 0.000e+00 0.000e+00 0.000e+00 0.000e+00
3.548e+07 0.000e+00 0.000e+00 0.000e+00 0.000e+00 0.000e+00
3.981e+07 0.000e+00 0.000e+00 0.000e+00 0.000e+00 0.000e+00
4.467e+07 0.000e+00 0.000e+00 0.000e+00 0.000e+00 0.000e+00
5.012e+07 0.000e+00 0.000e+00 0.000e+00 0.000e+00 0.000e+00
5.623e+07 0.000e+00 0.000e+00 0.000e+00 0.000e+00 0.000e+00
6.310e+07 0.000e+00 0.000e+00 0.000e+00 0.000e+00 0.000e+00
7.079e+07 0.000e+00 0.000e+00 0.000e+00 0.000e+00 0.000e+00
7.943e+07 0.000e+00 0.000e+00 0.000e+00 0.000e+00 0.000e+00
8.913e+07 0.000e+00 0.000e+00 0.000e+00 0.000e+00 0.000e+00
1.000e+08 0.000e+00 0.000e+00 0.000e+00 0.000e+00 0.000e+00
