1.000e-20 0.000e+00 0.000e+00 0.000e+00 0.000e+00 0.000e+00
1.122e-20 0.000e+00 0.000e+00 0.000e+00 0.000e+00 0.000e+00
1.259e-20 0.000e+00 0.000e+00 0.000e+00 0.000e+00 0.000e+00
1.413e-20 0.000e+00 0.000e+00 0.000e+00 0.000e+00 0.000e+00
1.585e-20 0.000e+00 0.000e+00 0.000e+00 0.000e+00 0.000e+00
1.778e-20 0.000e+00 0.000e+00 0.000e+00 0.000e+00 0.000e+00
1.995e-20 0.000e+00 0.000e+00 0.000e+00 0.000e+00 0.000e+00
2.239e-20 0.000e+00 0.000e+00 0.000e+00 0.000e+00 0.000e+00
2.512e-20 0.000e+00 0.000e+00 0.000e+00 0.000e+00 0.000e+00
2.818e-20 0.000e+00 0.000e+00 0.000e+00 0.000e+00 0.000e+00
3.162e-20 0.000e+00 0.000e+00 0.000e+00 0.000e+00 0.000e+00
3.548e-20 0.000e+00 0.000e+00 0.000e+00 0.000e+00 0.000e+00
3.981e-20 0.000e+00 0.000e+00 0.000e+00 0.000e+00 0.000e+00
4.467e-20 0.000e+00 0.000e+00 0.000e+00 0.000e+00 0.000e+00
5.012e-20 0.000e+00 0.000e+00 0.000e+00 0.000e+00 0.000e+00
5.623e-20 0.000e+00 0.000e+00 0.000e+00 0.000e+00 0.000e+00
6.310e-20 0.000e+00 0.000e+00 0.000e+00 0.000e+00 0.000e+00
7.079e-20 0.000e+00 0.000e+00 0.000e+00 0.000e+00 0.000e+00
7.943e-20 0.000e+00 0.000e+00 0.000e+00 0.000e+00 0.000e+00
8.913e-20 0.000e+00 0.000e+00 0.000e+00 0.000e+00 0.000e+00
1.000e-19 0.000e+00 0.000e+00 0.000e+00 0.000e+00 0.000e+00
1.122e-19 0.000e+00 0.000e+00 0.000e+00 0.000e+00 0.000e+00
1.259e-19 0.000e+00 0.000e+00 0.000e+00 0.000e+00 0.000e+00
1.413e-19 0.000e+00 0.000e+00 0.000e+00 0.000e+00 0.000e+00
1.585e-19 0.000e+00 0.000e+00 0.000e+00 0.000e+00 0.000e+00
1.778e-19 0.000e+00 0.000e+00 0.000e+00 0.000e+00 0.000e+00
1.995e-19 0.000e+00 0.000e+00 0.000e+00 0.000e+00 0.000e+00
2.239e-19 0.000e+00 0.000e+00 0.000e+00 0.000e+00 0.000e+00
2.512e-19 0.000e+00 0.000e+00 0.000e+00 0.000e+00 0.000e+00
2.818e-19 0.000e+00 0.000e+00 0.000e+00 0.000e+00 0.000e+00
3.162e-19 0.000e+00 0.000e+00 0.000e+00 0.000e+00 0.000e+00
3.548e-19 0.000e+00 0.000e+00 0.000e+00 0.000e+00 0.000e+00
3.981e-19 0.000e+00 0.000e+00 0.000e+00 0.000e+00 0.000e+00
4.467e-19 0.000e+00 0.000e+00 0.000e+00 0.000e+00 0.000e+00
5.012e-19 0.000e+00 0.000e+00 0.000e+00 0.000e+00 0.000e+00
5.623e-19 0.000e+00 0.000e+00 0.000e+00 0.000e+00 0.000e+00
6.310e-19 0.000e+00 0.000e+00 0.000e+00 0.000e+00 0.000e+00
7.079e-19 0.000e+00 0.000e+00 0.000e+00 0.000e+00 0.000e+00
7.943e-19 0.000e+00 0.000e+00 0.000e+00 0.000e+00 0.000e+00
8.913e-19 0.000e+00 0.000e+00 0.000e+00 0.000e+00 0.000e+00
1.000e-18 0.000e+00 0.000e+00 0.000e+00 0.000e+00 0.000e+00
1.122e-18 0.000e+00 0.000e+00 0.000e+00 0.000e+00 0.000e+00
1.259e-18 0.000e+00 0.000e+00 0.000e+00 0.000e+00 0.000e+00
1.413e-18 0.000e+00 0.000e+00 0.000e+00 0.000e+00 0.000e+00
1.585e-18 0.000e+00 0.000e+00 0.000e+00 0.000e+00 0.000e+00
1.778e-18 0.000e+00 0.000e+00 0.000e+00 0.000e+00 0.000e+00
1.995e-18 0.000e+00 0.000e+00 0.000e+00 0.000e+00 0.000e+00
2.239e-18 0.000e+00 0.000e+00 0.000e+00 0.000e+00 0.000e+00
2.512e-18 0.000e+00 0.000e+00 0.000e+00 0.000e+00 0.000e+00
2.818e-18 0.000e+00 0.000e+00 0.000e+00 0.000e+00 0.000e+00
3.162e-18 0.000e+00 0.000e+00 0.000e+00 0.000e+00 0.000e+00
3.548e-18 0.000e+00 0.000e+00 0.000e+00 0.000e+00 0.000e+00
3.981e-18 0.000e+00 0.000e+00 0.000e+00 0.000e+00 0.000e+00
4.467e-18 0.000e+00 0.000e+00 0.000e+00 0.000e+00 0.000e+00
5.012e-18 0.000e+00 0.000e+00 0.000e+00 0.000e+00 0.000e+00
5.623e-18 0.000e+00 0.000e+00 0.000e+00 0.000e+00 0.000e+00
6.310e-18 0.000e+00 0.000e+00 0.000e+00 0.000e+00 0.000e+00
7.079e-18 0.000e+00 0.000e+00 0.000e+00 0.000e+00 0.000e+00
7.943e-18 0.000e+00 0.000e+00 0.000e+00 0.000e+00 0.000e+00
8.913e-18 0.000e+00 0.000e+00 0.000e+00 0.000e+00 0.000e+00
1.000e-17 0.000e+00 0.000e+00 0.000e+00 0.000e+00 0.000e+00
1.122e-17 0.000e+00 0.000e+00 0.000e+00 0.000e+00 0.000e+00
1.259e-17 0.000e+00 0.000e+00 0.000e+00 0.000e+00 0.000e+00
1.413e-17 0.000e+00 0.000e+00 0.000e+00 0.000e+00 0.000e+00
1.585e-17 0.000e+00 0.000e+00 0.000e+00 0.000e+00 0.000e+00
1.778e-17 0.000e+00 0.000e+00 0.000e+00 0.000e+00 0.000e+00
1.995e-17 0.000e+00 0.000e+00 0.000e+00 0.000e+00 0.000e+00
2.239e-17 0.000e+00 0.000e+00 0.000e+00 0.000e+00 0.000e+00
2.512e-17 0.000e+00 0.000e+00 0.000e+00 0.000e+00 0.000e+00
2.818e-17 0.000e+00 0.000e+00 0.000e+00 0.000e+00 0.000e+00
3.162e-17 0.000e+00 0.000e+00 0.000e+00 0.000e+00 0.000e+00
3.548e-17 0.000e+00 0.000e+00 0.000e+00 0.000e+00 0.000e+00
3.981e-17 0.000e+00 0.000e+00 0.000e+00 0.000e+00 0.000e+00
4.467e-17 0.000e+00 0.000e+00 0.000e+00 0.000e+00 0.000e+00
5.012e-17 0.000e+00 0.000e+00 0.000e+00 0.000e+00 0.000e+00
5.623e-17 0.000e+00 0.000e+00 0.000e+00 0.000e+00 0.000e+00
6.310e-17 0.000e+00 0.000e+00 0.000e+00 0.000e+00 0.000e+00
7.079e-17 0.000e+00 0.000e+00 0.000e+00 0.000e+00 0.000e+00
7.943e-17 0.000e+00 0.000e+00 0.000e+00 0.000e+00 0.000e+00
8.913e-17 0.000e+00 0.000e+00 0.000e+00 0.000e+00 0.000e+00
1.000e-16 0.000e+00 0.000e+00 0.000e+00 0.000e+00 0.000e+00
1.122e-16 0.000e+00 0.000e+00 0.000e+00 0.000e+00 0.000e+00
1.259e-16 0.000e+00 0.000e+00 0.000e+00 0.000e+00 0.000e+00
1.413e-16 0.000e+00 0.000e+00 0.000e+00 0.000e+00 0.000e+00
1.585e-16 0.000e+00 0.000e+00 0.000e+00 0.000e+00 0.000e+00
1.778e-16 0.000e+00 0.000e+00 0.000e+00 0.000e+00 0.000e+00
1.995e-16 0.000e+00 0.000e+00 0.000e+00 0.000e+00 0.000e+00
2.239e-16 0.000e+00 0.000e+00 0.000e+00 0.000e+00 0.000e+00
2.512e-16 0.000e+00 0.000e+00 0.000e+00 0.000e+00 0.000e+00
2.818e-16 0.000e+00 0.000e+00 0.000e+00 0.000e+00 0.000e+00
3.162e-16 0.000e+00 0.000e+00 0.000e+00 0.000e+00 0.000e+00
3.548e-16 0.000e+00 0.000e+00 0.000e+00 0.000e+00 0.000e+00
3.981e-16 0.000e+00 0.000e+00 0.000e+00 0.000e+00 0.000e+00
4.467e-16 0.000e+00 0.000e+00 0.000e+00 0.000e+00 0.000e+00
5.012e-16 0.000e+00 0.000e+00 0.000e+00 0.000e+00 0.000e+00
5.623e-16 0.000e+00 0.000e+00 0.000e+00 0.000e+00 0.000e+00
6.310e-16 0.000e+00 0.000e+00 0.000e+00 0.000e+00 0.000e+00
7.079e-16 0.000e+00 0.000e+00 0.000e+00 0.000e+00 0.000e+00
7.943e-16 0.000e+00 0.000e+00 0.000e+00 0.000e+00 0.000e+00
8.913e-16 0.000e+00 0.000e+00 0.000e+00 0.000e+00 0.000e+00
1.000e-15 0.000e+00 0.000e+00 0.000e+00 0.000e+00 0.000e+00
1.122e-15 4.597e+51 9.272e+21 9.288e-36 6.110e-24 7.678e-23
1.259e-15 4.075e+51 1.035e+22 1.036e-35 6.818e-24 8.568e-23
1.413e-15 3.612e+51 1.155e+22 1.157e-35 7.609e-24 9.561e-23
1.585e-15 3.201e+51 1.288e+22 1.291e-35 8.490e-24 1.067e-22
1.778e-15 2.838e+51 1.438e+22 1.440e-35 9.474e-24 1.190e-22
1.995e-15 2.515e+51 1.604e+22 1.607e-35 1.057e-23 1.328e-22
2.239e-15 2.229e+51 1.790e+22 1.793e-35 1.179e-23 1.482e-22
2.512e-15 1.975e+51 1.997e+22 2.000e-35 1.316e-23 1.654e-22
2.818e-15 1.751e+51 2.228e+22 2.232e-35 1.468e-23 1.845e-22
3.162e-15 1.551e+51 2.486e+22 2.490e-35 1.638e-23 2.058e-22
3.548e-15 1.375e+51 2.773e+22 2.778e-35 1.827e-23 2.296e-22
3.981e-15 1.218e+51 3.094e+22 3.099e-35 2.039e-23 2.562e-22
4.467e-15 1.080e+51 3.451e+22 3.457e-35 2.274e-23 2.858e-22
5.012e-15 9.566e+50 3.850e+22 3.856e-35 2.537e-23 3.188e-22
5.623e-15 8.476e+50 4.294e+22 4.302e-35 2.830e-23 3.556e-22
6.310e-15 7.510e+50 4.790e+22 4.798e-35 3.156e-23 3.966e-22
7.079e-15 6.654e+50 5.343e+22 5.352e-35 3.521e-23 4.424e-22
7.943e-15 5.895e+50 5.959e+22 5.969e-35 3.927e-23 4.935e-22
8.913e-15 5.222e+50 6.646e+22 6.658e-35 4.380e-23 5.504e-22
1.000e-14 4.626e+50 7.412e+22 7.425e-35 4.884e-23 6.138e-22
1.122e-14 4.098e+50 8.267e+22 8.281e-35 5.447e-23 6.845e-22
1.259e-14 3.630e+50 9.219e+22 9.234e-35 6.075e-23 7.634e-22
1.413e-14 3.216e+50 1.028e+23 1.030e-34 6.774e-23 8.513e-22
1.585e-14 2.849e+50 1.146e+23 1.148e-34 7.554e-23 9.493e-22
1.778e-14 2.523e+50 1.278e+23 1.280e-34 8.423e-23 1.059e-21
1.995e-14 2.235e+50 1.425e+23 1.428e-34 9.392e-23 1.180e-21
2.239e-14 1.979e+50 1.589e+23 1.592e-34 1.047e-22 1.316e-21
2.512e-14 1.753e+50 1.772e+23 1.775e-34 1.168e-22 1.467e-21
2.818e-14 1.552e+50 1.975e+23 1.979e-34 1.302e-22 1.636e-21
3.162e-14 1.375e+50 2.202e+23 2.206e-34 1.451e-22 1.824e-21
3.548e-14 1.217e+50 2.455e+23 2.459e-34 1.618e-22 2.033e-21
3.981e-14 1.078e+50 2.737e+23 2.741e-34 1.803e-22 2.266e-21
4.467e-14 9.543e+49 3.051e+23 3.056e-34 2.010e-22 2.526e-21
5.012e-14 8.450e+49 3.401e+23 3.406e-34 2.241e-22 2.816e-21
5.623e-14 7.481e+49 3.790e+23 3.797e-34 2.498e-22 3.139e-21
6.310e-14 6.623e+49 4.225e+23 4.232e-34 2.784e-22 3.498e-21
7.079e-14 5.863e+49 4.708e+23 4.716e-34 3.103e-22 3.899e-21
7.943e-14 5.191e+49 5.247e+23 5.256e-34 3.458e-22 4.345e-21
8.913e-14 4.595e+49 5.847e+23 5.857e-34 3.853e-22 4.842e-21
1.000e-13 4.067e+49 6.516e+23 6.527e-34 4.294e-22 5.396e-21
1.122e-13 3.600e+49 7.261e+23 7.273e-34 4.785e-22 6.013e-21
1.259e-13 3.186e+49 8.091e+23 8.104e-34 5.331e-22 6.700e-21
1.413e-13 2.820e+49 9.014e+23 9.030e-34 5.940e-22 7.465e-21
1.585e-13 2.496e+49 1.004e+24 1.006e-33 6.618e-22 8.317e-21
1.778e-13 2.208e+49 1.119e+24 1.121e-33 7.373e-22 9.265e-21
1.995e-13 1.954e+49 1.246e+24 1.249e-33 8.214e-22 1.032e-20
2.239e-13 1.729e+49 1.389e+24 1.391e-33 9.150e-22 1.150e-20
2.512e-13 1.530e+49 1.547e+24 1.549e-33 1.019e-21 1.281e-20
2.818e-13 1.354e+49 1.723e+24 1.726e-33 1.135e-21 1.427e-20
3.162e-13 1.198e+49 1.919e+24 1.922e-33 1.264e-21 1.589e-20
3.548e-13 1.060e+49 2.137e+24 2.141e-33 1.408e-21 1.770e-20
3.981e-13 9.373e+48 2.380e+24 2.384e-33 1.568e-21 1.971e-20
4.467e-13 8.291e+48 2.650e+24 2.655e-33 1.747e-21 2.195e-20
5.012e-13 7.334e+48 2.951e+24 2.956e-33 1.945e-21 2.444e-20
5.623e-13 6.486e+48 3.286e+24 3.292e-33 2.166e-21 2.721e-20
6.310e-13 5.737e+48 3.659e+24 3.665e-33 2.411e-21 3.030e-20
7.079e-13 5.073e+48 4.074e+24 4.081e-33 2.684e-21 3.373e-20
7.943e-13 4.486e+48 4.535e+24 4.543e-33 2.989e-21 3.756e-20
8.913e-13 3.967e+48 5.049e+24 5.057e-33 3.327e-21 4.181e-20
1.000e-12 3.508e+48 5.620e+24 5.629e-33 3.703e-21 4.654e-20
1.122e-12 3.101e+48 6.255e+24 6.266e-33 4.122e-21 5.180e-20
1.259e-12 2.742e+48 6.962e+24 6.974e-33 4.588e-21 5.765e-20
1.413e-12 2.424e+48 7.749e+24 7.762e-33 5.106e-21 6.416e-20
1.585e-12 2.143e+48 8.623e+24 8.638e-33 5.682e-21 7.140e-20
1.778e-12 1.894e+48 9.595e+24 9.612e-33 6.323e-21 7.946e-20
1.995e-12 1.674e+48 1.068e+25 1.069e-32 7.036e-21 8.841e-20
2.239e-12 1.479e+48 1.188e+25 1.190e-32 7.828e-21 9.837e-20
2.512e-12 1.307e+48 1.322e+25 1.324e-32 8.709e-21 1.094e-19
2.818e-12 1.155e+48 1.470e+25 1.473e-32 9.688e-21 1.217e-19
3.162e-12 1.021e+48 1.636e+25 1.638e-32 1.078e-20 1.354e-19
3.548e-12 9.019e+47 1.819e+25 1.822e-32 1.199e-20 1.506e-19
3.981e-12 7.968e+47 2.023e+25 2.027e-32 1.333e-20 1.675e-19
4.467e-12 7.039e+47 2.250e+25 2.254e-32 1.483e-20 1.863e-19
5.012e-12 6.218e+47 2.502e+25 2.507e-32 1.649e-20 2.072e-19
5.623e-12 5.492e+47 2.782e+25 2.787e-32 1.834e-20 2.304e-19
6.310e-12 4.850e+47 3.094e+25 3.099e-32 2.039e-20 2.562e-19
7.079e-12 4.283e+47 3.440e+25 3.445e-32 2.266e-20 2.848e-19
7.943e-12 3.782e+47 3.824e+25 3.830e-32 2.520e-20 3.166e-19
8.913e-12 3.340e+47 4.250e+25 4.257e-32 2.801e-20 3.520e-19
1.000e-11 2.949e+47 4.724e+25 4.732e-32 3.113e-20 3.912e-19
1.122e-11 2.603e+47 5.250e+25 5.259e-32 3.460e-20 4.348e-19
1.259e-11 2.298e+47 5.835e+25 5.845e-32 3.845e-20 4.832e-19
1.413e-11 2.028e+47 6.483e+25 6.494e-32 4.272e-20 5.369e-19
1.585e-11 1.790e+47 7.204e+25 7.216e-32 4.747e-20 5.965e-19
1.778e-11 1.580e+47 8.003e+25 8.017e-32 5.274e-20 6.627e-19
1.995e-11 1.394e+47 8.890e+25 8.905e-32 5.858e-20 7.362e-19
2.239e-11 1.230e+47 9.875e+25 9.892e-32 6.507e-20 8.177e-19
2.512e-11 1.085e+47 1.097e+26 1.099e-31 7.227e-20 9.082e-19
2.818e-11 9.571e+46 1.218e+26 1.220e-31 8.026e-20 1.009e-18
3.162e-11 8.442e+46 1.353e+26 1.355e-31 8.912e-20 1.120e-18
3.548e-11 7.445e+46 1.502e+26 1.504e-31 9.896e-20 1.244e-18
3.981e-11 6.565e+46 1.667e+26 1.670e-31 1.099e-19 1.381e-18
4.467e-11 5.789e+46 1.851e+26 1.854e-31 1.220e-19 1.532e-18
5.012e-11 5.104e+46 2.054e+26 2.058e-31 1.354e-19 1.701e-18
5.623e-11 4.500e+46 2.280e+26 2.284e-31 1.502e-19 1.888e-18
6.310e-11 3.966e+46 2.530e+26 2.534e-31 1.667e-19 2.095e-18
7.079e-11 3.496e+46 2.807e+26 2.812e-31 1.850e-19 2.324e-18
7.943e-11 3.081e+46 3.114e+26 3.119e-31 2.052e-19 2.579e-18
8.913e-11 2.714e+46 3.455e+26 3.460e-31 2.276e-19 2.861e-18
1.000e-10 2.392e+46 3.832e+26 3.838e-31 2.525e-19 3.173e-18
1.122e-10 2.107e+46 4.249e+26 4.257e-31 2.800e-19 3.519e-18
1.259e-10 1.856e+46 4.712e+26 4.720e-31 3.105e-19 3.902e-18
1.413e-10 1.634e+46 5.225e+26 5.233e-31 3.443e-19 4.326e-18
1.585e-10 1.439e+46 5.792e+26 5.802e-31 3.817e-19 4.796e-18
1.778e-10 1.267e+46 6.420e+26 6.431e-31 4.231e-19 5.316e-18
1.995e-10 1.116e+46 7.116e+26 7.128e-31 4.689e-19 5.892e-18
2.239e-10 9.820e+45 7.886e+26 7.899e-31 5.196e-19 6.530e-18
2.512e-10 8.643e+45 8.738e+26 8.752e-31 5.758e-19 7.235e-18
2.818e-10 7.606e+45 9.680e+26 9.697e-31 6.379e-19 8.016e-18
3.162e-10 6.693e+45 1.072e+27 1.074e-30 7.066e-19 8.880e-18
3.548e-10 5.889e+45 1.188e+27 1.190e-30 7.827e-19 9.835e-18
3.981e-10 5.180e+45 1.315e+27 1.318e-30 8.668e-19 1.089e-17
4.467e-10 4.556e+45 1.457e+27 1.459e-30 9.598e-19 1.206e-17
5.012e-10 4.007e+45 1.613e+27 1.615e-30 1.063e-18 1.335e-17
5.623e-10 3.524e+45 1.785e+27 1.788e-30 1.176e-18 1.478e-17
6.310e-10 3.098e+45 1.976e+27 1.979e-30 1.302e-18 1.636e-17
7.079e-10 2.724e+45 2.187e+27 2.191e-30 1.441e-18 1.811e-17
7.943e-10 2.394e+45 2.420e+27 2.424e-30 1.595e-18 2.004e-17
8.913e-10 2.104e+45 2.678e+27 2.683e-30 1.765e-18 2.218e-17
1.000e-09 1.849e+45 2.963e+27 2.968e-30 1.952e-18 2.453e-17
1.122e-09 1.625e+45 3.278e+27 3.283e-30 2.160e-18 2.714e-17
1.259e-09 1.428e+45 3.626e+27 3.632e-30 2.389e-18 3.002e-17
1.413e-09 1.254e+45 4.010e+27 4.017e-30 2.643e-18 3.321e-17
1.585e-09 1.102e+45 4.435e+27 4.443e-30 2.923e-18 3.673e-17
1.778e-09 9.681e+44 4.905e+27 4.913e-30 3.232e-18 4.062e-17
1.995e-09 8.504e+44 5.424e+27 5.433e-30 3.574e-18 4.491e-17
2.239e-09 7.469e+44 5.998e+27 6.008e-30 3.952e-18 4.966e-17
2.512e-09 6.560e+44 6.632e+27 6.643e-30 4.370e-18 5.492e-17
2.818e-09 5.762e+44 7.333e+27 7.345e-30 4.832e-18 6.072e-17
3.162e-09 5.060e+44 8.108e+27 8.121e-30 5.343e-18 6.714e-17
3.548e-09 4.444e+44 8.964e+27 8.979e-30 5.907e-18 7.423e-17
3.981e-09 3.903e+44 9.912e+27 9.928e-30 6.531e-18 8.208e-17
4.467e-09 3.428e+44 1.096e+28 1.098e-29 7.222e-18 9.075e-17
5.012e-09 3.011e+44 1.212e+28 1.214e-29 7.985e-18 1.003e-16
5.623e-09 2.645e+44 1.340e+28 1.342e-29 8.830e-18 1.110e-16
6.310e-09 2.323e+44 1.482e+28 1.484e-29 9.764e-18 1.227e-16
7.079e-09 2.041e+44 1.639e+28 1.641e-29 1.080e-17 1.357e-16
7.943e-09 1.793e+44 1.812e+28 1.815e-29 1.194e-17 1.501e-16
8.913e-09 1.575e+44 2.004e+28 2.007e-29 1.320e-17 1.659e-16
1.000e-08 1.383e+44 2.216e+28 2.220e-29 1.460e-17 1.835e-16
1.122e-08 1.215e+44 2.450e+28 2.455e-29 1.615e-17 2.029e-16
1.259e-08 1.067e+44 2.709e+28 2.714e-29 1.785e-17 2.244e-16
1.413e-08 9.369e+43 2.995e+28 3.000e-29 1.974e-17 2.480e-16
1.585e-08 8.224e+43 3.310e+28 3.315e-29 2.181e-17 2.741e-16
1.778e-08 7.216e+43 3.656e+28 3.662e-29 2.409e-17 3.028e-16
1.995e-08 6.328e+43 4.036e+28 4.043e-29 2.660e-17 3.342e-16
2.239e-08 5.546e+43 4.453e+28 4.461e-29 2.934e-17 3.687e-16
2.512e-08 4.855e+43 4.908e+28 4.916e-29 3.234e-17 4.064e-16
2.818e-08 4.245e+43 5.403e+28 5.412e-29 3.560e-17 4.474e-16
3.162e-08 3.707e+43 5.939e+28 5.949e-29 3.914e-17 4.918e-16
3.548e-08 3.231e+43 6.517e+28 6.528e-29 4.294e-17 5.396e-16
3.981e-08 2.810e+43 7.135e+28 7.147e-29 4.702e-17 5.908e-16
4.467e-08 2.438e+43 7.792e+28 7.806e-29 5.135e-17 6.453e-16
5.012e-08 2.108e+43 8.485e+28 8.499e-29 5.591e-17 7.026e-16
5.623e-08 1.817e+43 9.206e+28 9.222e-29 6.067e-17 7.624e-16
6.310e-08 1.560e+43 9.948e+28 9.965e-29 6.556e-17 8.238e-16
7.079e-08 1.332e+43 1.070e+29 1.072e-28 7.049e-17 8.858e-16
7.943e-08 1.131e+43 1.143e+29 1.145e-28 7.534e-17 9.468e-16
8.913e-08 9.520e+42 1.212e+29 1.214e-28 7.984e-17 1.003e-15
1.000e-07 7.728e+42 1.238e+29 1.240e-28 8.158e-17 1.025e-15
1.122e-07 6.553e+42 1.322e+29 1.324e-28 8.710e-17 1.095e-15
1.259e-07 5.527e+42 1.404e+29 1.406e-28 9.249e-17 1.162e-15
1.413e-07 4.632e+42 1.481e+29 1.483e-28 9.758e-17 1.226e-15
1.585e-07 3.848e+42 1.549e+29 1.551e-28 1.021e-16 1.282e-15
1.778e-07 3.116e+42 1.579e+29 1.581e-28 1.040e-16 1.307e-15
1.995e-07 2.598e+42 1.657e+29 1.660e-28 1.092e-16 1.372e-15
2.239e-07 2.150e+42 1.726e+29 1.729e-28 1.138e-16 1.430e-15
2.512e-07 1.756e+42 1.775e+29 1.778e-28 1.170e-16 1.470e-15
2.818e-07 1.427e+42 1.816e+29 1.819e-28 1.197e-16 1.504e-15
3.162e-07 1.170e+42 1.875e+29 1.878e-28 1.235e-16 1.553e-15
3.548e-07 9.359e+41 1.888e+29 1.891e-28 1.244e-16 1.563e-15
3.981e-07 7.659e+41 1.945e+29 1.948e-28 1.282e-16 1.611e-15
4.467e-07 6.175e+41 1.974e+29 1.977e-28 1.301e-16 1.635e-15
5.012e-07 4.956e+41 1.995e+29 1.998e-28 1.314e-16 1.652e-15
5.623e-07 3.977e+41 2.015e+29 2.018e-28 1.328e-16 1.668e-15
6.310e-07 3.175e+41 2.025e+29 2.029e-28 1.335e-16 1.677e-15
7.079e-07 2.508e+41 2.014e+29 2.017e-28 1.327e-16 1.668e-15
7.943e-07 2.016e+41 2.038e+29 2.041e-28 1.343e-16 1.688e-15
8.913e-07 1.588e+41 2.021e+29 2.025e-28 1.332e-16 1.674e-15
1.000e-06 1.268e+41 2.031e+29 2.035e-28 1.339e-16 1.682e-15
1.122e-06 1.069e+41 2.157e+29 2.161e-28 1.421e-16 1.786e-15
1.259e-06 8.385e+40 2.129e+29 2.133e-28 1.403e-16 1.763e-15
1.413e-06 7.029e+40 2.247e+29 2.251e-28 1.481e-16 1.861e-15
1.585e-06 5.916e+40 2.381e+29 2.385e-28 1.569e-16 1.971e-15
1.778e-06 4.613e+40 2.337e+29 2.341e-28 1.540e-16 1.935e-15
1.995e-06 3.810e+40 2.430e+29 2.434e-28 1.601e-16 2.012e-15
2.239e-06 3.137e+40 2.519e+29 2.524e-28 1.660e-16 2.086e-15
2.512e-06 2.457e+40 2.484e+29 2.488e-28 1.637e-16 2.057e-15
2.818e-06 2.036e+40 2.591e+29 2.596e-28 1.708e-16 2.146e-15
3.162e-06 1.680e+40 2.692e+29 2.696e-28 1.774e-16 2.229e-15
3.548e-06 1.286e+40 2.594e+29 2.599e-28 1.710e-16 2.148e-15
3.981e-06 1.052e+40 2.671e+29 2.675e-28 1.760e-16 2.212e-15
4.467e-06 8.593e+39 2.747e+29 2.751e-28 1.810e-16 2.275e-15
5.012e-06 7.013e+39 2.822e+29 2.827e-28 1.860e-16 2.337e-15
5.623e-06 5.266e+39 2.668e+29 2.673e-28 1.758e-16 2.210e-15
6.310e-06 4.352e+39 2.776e+29 2.781e-28 1.829e-16 2.299e-15
7.079e-06 3.575e+39 2.871e+29 2.876e-28 1.892e-16 2.377e-15
7.943e-06 2.926e+39 2.958e+29 2.963e-28 1.949e-16 2.450e-15
8.913e-06 2.190e+39 2.787e+29 2.792e-28 1.836e-16 2.308e-15
1.000e-05 1.777e+39 2.847e+29 2.852e-28 1.876e-16 2.357e-15
1.122e-05 1.441e+39 2.906e+29 2.911e-28 1.915e-16 2.407e-15
1.259e-05 1.168e+39 2.966e+29 2.971e-28 1.954e-16 2.456e-15
1.413e-05 9.463e+38 3.025e+29 3.030e-28 1.994e-16 2.505e-15
1.585e-05 7.665e+38 3.085e+29 3.090e-28 2.033e-16 2.554e-15
1.778e-05 5.588e+38 2.831e+29 2.836e-28 1.865e-16 2.344e-15
1.995e-05 4.489e+38 2.863e+29 2.868e-28 1.887e-16 2.371e-15
2.239e-05 3.605e+38 2.895e+29 2.900e-28 1.908e-16 2.397e-15
2.512e-05 2.896e+38 2.927e+29 2.932e-28 1.929e-16 2.424e-15
2.818e-05 2.325e+38 2.959e+29 2.964e-28 1.950e-16 2.451e-15
3.162e-05 1.867e+38 2.992e+29 2.997e-28 1.971e-16 2.477e-15
3.548e-05 1.499e+38 3.024e+29 3.029e-28 1.992e-16 2.504e-15
3.981e-05 1.203e+38 3.056e+29 3.061e-28 2.014e-16 2.530e-15
4.467e-05 9.659e+37 3.088e+29 3.093e-28 2.035e-16 2.557e-15
5.012e-05 6.830e+37 2.749e+29 2.753e-28 1.811e-16 2.276e-15
5.623e-05 5.425e+37 2.749e+29 2.753e-28 1.811e-16 2.276e-15
6.310e-05 4.309e+37 2.749e+29 2.753e-28 1.811e-16 2.276e-15
7.079e-05 3.423e+37 2.749e+29 2.753e-28 1.811e-16 2.276e-15
7.943e-05 2.719e+37 2.748e+29 2.753e-28 1.811e-16 2.276e-15
8.913e-05 2.160e+37 2.748e+29 2.753e-28 1.811e-16 2.276e-15
1.000e-04 1.715e+37 2.748e+29 2.753e-28 1.811e-16 2.276e-15
1.122e-04 1.363e+37 2.748e+29 2.753e-28 1.811e-16 2.276e-15
1.259e-04 1.082e+37 2.748e+29 2.753e-28 1.811e-16 2.276e-15
1.413e-04 8.597e+36 2.748e+29 2.753e-28 1.811e-16 2.276e-15
1.585e-04 6.829e+36 2.748e+29 2.753e-28 1.811e-16 2.276e-15
1.778e-04 5.424e+36 2.748e+29 2.753e-28 1.811e-16 2.276e-15
1.995e-04 4.308e+36 2.748e+29 2.753e-28 1.811e-16 2.276e-15
2.239e-04 3.422e+36 2.748e+29 2.753e-28 1.811e-16 2.275e-15
2.512e-04 2.718e+36 2.748e+29 2.752e-28 1.811e-16 2.275e-15
2.818e-04 2.159e+36 2.748e+29 2.752e-28 1.811e-16 2.275e-15
3.162e-04 1.715e+36 2.748e+29 2.752e-28 1.811e-16 2.275e-15
3.548e-04 1.362e+36 2.747e+29 2.752e-28 1.810e-16 2.275e-15
3.981e-04 1.082e+36 2.747e+29 2.752e-28 1.810e-16 2.275e-15
4.467e-04 8.593e+35 2.747e+29 2.752e-28 1.810e-16 2.275e-15
5.012e-04 6.825e+35 2.747e+29 2.752e-28 1.810e-16 2.275e-15
5.623e-04 5.421e+35 2.747e+29 2.751e-28 1.810e-16 2.274e-15
6.310e-04 4.306e+35 2.746e+29 2.751e-28 1.810e-16 2.274e-15
7.079e-04 3.420e+35 2.746e+29 2.751e-28 1.810e-16 2.274e-15
7.943e-04 2.716e+35 2.746e+29 2.751e-28 1.809e-16 2.274e-15
8.913e-04 2.157e+35 2.746e+29 2.750e-28 1.809e-16 2.274e-15
1.000e-03 1.713e+35 2.745e+29 2.750e-28 1.809e-16 2.273e-15
1.122e-03 1.361e+35 2.745e+29 2.749e-28 1.809e-16 2.273e-15
1.259e-03 1.081e+35 2.744e+29 2.749e-28 1.808e-16 2.273e-15
1.413e-03 8.583e+34 2.744e+29 2.749e-28 1.808e-16 2.272e-15
1.585e-03 6.817e+34 2.743e+29 2.748e-28 1.808e-16 2.272e-15
1.778e-03 5.414e+34 2.743e+29 2.747e-28 1.807e-16 2.271e-15
1.995e-03 4.299e+34 2.742e+29 2.747e-28 1.807e-16 2.271e-15
2.239e-03 3.414e+34 2.741e+29 2.746e-28 1.806e-16 2.270e-15
2.512e-03 2.711e+34 2.741e+29 2.745e-28 1.806e-16 2.269e-15
2.818e-03 2.153e+34 2.740e+29 2.744e-28 1.805e-16 2.269e-15
3.162e-03 1.709e+34 2.739e+29 2.743e-28 1.805e-16 2.268e-15
3.548e-03 1.357e+34 2.738e+29 2.742e-28 1.804e-16 2.267e-15
3.981e-03 1.078e+34 2.737e+29 2.741e-28 1.803e-16 2.266e-15
4.467e-03 8.556e+33 2.735e+29 2.740e-28 1.802e-16 2.265e-15
5.012e-03 6.793e+33 2.734e+29 2.738e-28 1.801e-16 2.264e-15
5.623e-03 5.393e+33 2.732e+29 2.737e-28 1.800e-16 2.262e-15
6.310e-03 4.281e+33 2.730e+29 2.735e-28 1.799e-16 2.261e-15
7.079e-03 3.398e+33 2.728e+29 2.733e-28 1.798e-16 2.259e-15
7.943e-03 2.697e+33 2.726e+29 2.731e-28 1.797e-16 2.258e-15
8.913e-03 2.140e+33 2.724e+29 2.729e-28 1.795e-16 2.256e-15
1.000e-02 1.699e+33 2.721e+29 2.726e-28 1.793e-16 2.254e-15
1.122e-02 1.348e+33 2.719e+29 2.723e-28 1.791e-16 2.251e-15
1.259e-02 1.069e+33 2.715e+29 2.720e-28 1.789e-16 2.249e-15
1.413e-02 8.484e+32 2.712e+29 2.717e-28 1.787e-16 2.246e-15
1.585e-02 6.729e+32 2.708e+29 2.713e-28 1.785e-16 2.243e-15
1.778e-02 5.337e+32 2.704e+29 2.709e-28 1.782e-16 2.239e-15
1.995e-02 4.232e+32 2.699e+29 2.704e-28 1.779e-16 2.235e-15
2.239e-02 3.356e+32 2.694e+29 2.699e-28 1.776e-16 2.231e-15
2.512e-02 2.660e+32 2.689e+29 2.693e-28 1.772e-16 2.227e-15
2.818e-02 2.108e+32 2.683e+29 2.687e-28 1.768e-16 2.222e-15
3.162e-02 1.670e+32 2.676e+29 2.681e-28 1.763e-16 2.216e-15
3.548e-02 1.323e+32 2.669e+29 2.673e-28 1.759e-16 2.210e-15
3.981e-02 1.048e+32 2.661e+29 2.665e-28 1.753e-16 2.203e-15
4.467e-02 8.296e+31 2.652e+29 2.657e-28 1.748e-16 2.196e-15
5.012e-02 6.566e+31 2.643e+29 2.647e-28 1.741e-16 2.188e-15
5.623e-02 5.195e+31 2.632e+29 2.637e-28 1.734e-16 2.180e-15
6.310e-02 4.109e+31 2.621e+29 2.625e-28 1.727e-16 2.170e-15
7.079e-02 3.248e+31 2.608e+29 2.613e-28 1.719e-16 2.160e-15
7.943e-02 2.566e+31 2.594e+29 2.599e-28 1.710e-16 2.148e-15
8.913e-02 2.027e+31 2.579e+29 2.584e-28 1.700e-16 2.136e-15
1.000e-01 1.600e+31 2.563e+29 2.568e-28 1.689e-16 2.123e-15
1.122e-01 1.262e+31 2.546e+29 2.550e-28 1.677e-16 2.108e-15
1.259e-01 9.949e+30 2.526e+29 2.531e-28 1.665e-16 2.092e-15
1.413e-01 7.837e+30 2.505e+29 2.510e-28 1.651e-16 2.075e-15
1.585e-01 6.169e+30 2.483e+29 2.487e-28 1.636e-16 2.056e-15
1.778e-01 4.851e+30 2.458e+29 2.462e-28 1.620e-16 2.035e-15
1.995e-01 3.812e+30 2.431e+29 2.435e-28 1.602e-16 2.013e-15
2.239e-01 2.992e+30 2.402e+29 2.406e-28 1.583e-16 1.989e-15
2.512e-01 2.345e+30 2.371e+29 2.375e-28 1.562e-16 1.963e-15
2.818e-01 1.836e+30 2.337e+29 2.341e-28 1.540e-16 1.935e-15
3.162e-01 1.436e+30 2.301e+29 2.305e-28 1.516e-16 1.905e-15
3.548e-01 1.121e+30 2.261e+29 2.265e-28 1.490e-16 1.873e-15
3.981e-01 8.739e+29 2.219e+29 2.223e-28 1.462e-16 1.838e-15
4.467e-01 6.800e+29 2.174e+29 2.178e-28 1.432e-16 1.800e-15
5.012e-01 5.281e+29 2.125e+29 2.129e-28 1.400e-16 1.760e-15
5.623e-01 4.092e+29 2.073e+29 2.077e-28 1.366e-16 1.717e-15
6.310e-01 3.163e+29 2.018e+29 2.021e-28 1.330e-16 1.671e-15
7.079e-01 2.439e+29 1.959e+29 1.962e-28 1.291e-16 1.622e-15
7.943e-01 1.875e+29 1.896e+29 1.899e-28 1.249e-16 1.570e-15
8.913e-01 1.437e+29 1.829e+29 1.832e-28 1.205e-16 1.515e-15
1.000e+00 1.098e+29 1.759e+29 1.762e-28 1.159e-16 1.456e-15
1.122e+00 8.350e+28 1.684e+29 1.687e-28 1.110e-16 1.395e-15
1.259e+00 6.325e+28 1.606e+29 1.609e-28 1.058e-16 1.330e-15
1.413e+00 4.768e+28 1.524e+29 1.527e-28 1.004e-16 1.262e-15
1.585e+00 3.576e+28 1.439e+29 1.441e-28 9.482e-17 1.192e-15
1.778e+00 2.665e+28 1.350e+29 1.353e-28 8.898e-17 1.118e-15
1.995e+00 1.973e+28 1.259e+29 1.261e-28 8.294e-17 1.042e-15
2.239e+00 1.450e+28 1.164e+29 1.166e-28 7.672e-17 9.641e-16
2.512e+00 1.056e+28 1.068e+29 1.070e-28 7.036e-17 8.842e-16
2.818e+00 7.620e+27 9.697e+28 9.713e-29 6.390e-17 8.030e-16
3.162e+00 5.435e+27 8.709e+28 8.723e-29 5.739e-17 7.211e-16
3.548e+00 3.828e+27 7.721e+28 7.734e-29 5.088e-17 6.393e-16
3.981e+00 2.656e+27 6.744e+28 6.756e-29 4.444e-17 5.585e-16
4.467e+00 1.812e+27 5.791e+28 5.801e-29 3.816e-17 4.796e-16
5.012e+00 1.212e+27 4.876e+28 4.884e-29 3.213e-17 4.038e-16
5.623e+00 7.922e+26 4.014e+28 4.021e-29 2.645e-17 3.324e-16
6.310e+00 5.052e+26 3.222e+28 3.228e-29 2.123e-17 2.668e-16
7.079e+00 3.136e+26 2.518e+28 2.523e-29 1.659e-17 2.085e-16
7.943e+00 1.897e+26 1.918e+28 1.921e-29 1.264e-17 1.588e-16
8.913e+00 1.122e+26 1.429e+28 1.431e-29 9.413e-18 1.183e-16
1.000e+01 6.540e+25 1.048e+28 1.050e-29 6.905e-18 8.677e-17
1.122e+01 3.767e+25 7.597e+27 7.610e-30 5.006e-18 6.291e-17
1.259e+01 2.096e+25 5.322e+27 5.331e-30 3.507e-18 4.407e-17
1.413e+01 1.142e+25 3.649e+27 3.656e-30 2.405e-18 3.022e-17
1.585e+01 6.073e+24 2.444e+27 2.448e-30 1.610e-18 2.024e-17
1.778e+01 3.147e+24 1.595e+27 1.597e-30 1.051e-18 1.320e-17
1.995e+01 1.585e+24 1.011e+27 1.013e-30 6.662e-19 8.372e-18
2.239e+01 7.734e+23 6.210e+26 6.221e-31 4.092e-19 5.143e-18
2.512e+01 3.644e+23 3.684e+26 3.690e-31 2.427e-19 3.050e-18
2.818e+01 1.652e+23 2.102e+26 2.106e-31 1.385e-19 1.741e-18
3.162e+01 7.172e+22 1.149e+26 1.151e-31 7.572e-20 9.515e-19
3.548e+01 2.970e+22 5.990e+25 6.000e-32 3.947e-20 4.960e-19
3.981e+01 1.166e+22 2.962e+25 2.967e-32 1.952e-20 2.452e-19
4.467e+01 4.320e+21 1.381e+25 1.383e-32 9.099e-21 1.143e-19
5.012e+01 1.499e+21 6.031e+24 6.041e-33 3.974e-21 4.994e-20
5.623e+01 4.834e+20 2.449e+24 2.453e-33 1.614e-21 2.028e-20
6.310e+01 1.438e+20 9.169e+23 9.185e-34 6.042e-22 7.593e-21
7.079e+01 3.905e+19 3.136e+23 3.141e-34 2.066e-22 2.597e-21
7.943e+01 9.586e+18 9.691e+22 9.707e-35 6.386e-23 8.025e-22
8.913e+01 2.102e+18 2.675e+22 2.679e-35 1.762e-23 2.215e-22
1.000e+02 4.059e+17 6.504e+21 6.515e-36 4.286e-24 5.386e-23
1.122e+02 6.805e+16 1.373e+21 1.375e-36 9.044e-25 1.137e-23
1.259e+02 9.731e+15 2.471e+20 2.475e-37 1.628e-25 2.046e-24
1.413e+02 1.165e+15 3.723e+19 3.729e-38 2.453e-26 3.083e-25
1.585e+02 1.141e+14 4.593e+18 4.601e-39 3.027e-27 3.803e-26
1.778e+02 8.938e+12 4.528e+17 4.536e-40 2.984e-28 3.750e-27
1.995e+02 5.441e+11 3.471e+16 3.477e-41 2.287e-29 2.874e-28
2.239e+02 2.496e+10 2.005e+15 2.008e-42 1.321e-30 1.660e-29
2.512e+02 8.335e+08 8.426e+13 8.440e-44 5.552e-32 6.977e-31
2.818e+02 1.947e+07 2.478e+12 2.482e-45 1.633e-33 2.052e-32
3.162e+02 3.045e+05 4.879e+10 4.887e-47 3.215e-35 4.040e-34
3.548e+02 3.034e+03 6.119e+08 6.130e-49 4.032e-37 5.067e-36
3.981e+02 1.817e+01 4.615e+06 4.623e-51 3.041e-39 3.822e-38
4.467e+02 4.639e-02 1.483e+04 1.486e-53 9.772e-42 1.228e-40
5.012e+02 0.000e+00 0.000e+00 0.000e+00 0.000e+00 0.000e+00
5.623e+02 0.000e+00 0.000e+00 0.000e+00 0.000e+00 0.000e+00
6.310e+02 0.000e+00 0.000e+00 0.000e+00 0.000e+00 0.000e+00
7.079e+02 0.000e+00 0.000e+00 0.000e+00 0.000e+00 0.000e+00
7.943e+02 0.000e+00 0.000e+00 0.000e+00 0.000e+00 0.000e+00
8.913e+02 0.000e+00 0.000e+00 0.000e+00 0.000e+00 0.000e+00
1.000e+03 0.000e+00 0.000e+00 0.000e+00 0.000e+00 0.000e+00
1.122e+03 0.000e+00 0.000e+00 0.000e+00 0.000e+00 0.000e+00
1.259e+03 0.000e+00 0.000e+00 0.000e+00 0.000e+00 0.000e+00
1.413e+03 0.000e+00 0.000e+00 0.000e+00 0.000e+00 0.000e+00
1.585e+03 0.000e+00 0.000e+00 0.000e+00 0.000e+00 0.000e+00
1.778e+03 0.000e+00 0.000e+00 0.000e+00 0.000e+00 0.000e+00
1.995e+03 0.000e+00 0.000e+00 0.000e+00 0.000e+00 0.000e+00
2.239e+03 0.000e+00 0.000e+00 0.000e+00 0.000e+00 0.000e+00
2.512e+03 0.000e+00 0.000e+00 0.000e+00 0.000e+00 0.000e+00
2.818e+03 0.000e+00 0.000e+00 0.000e+00 0.000e+00 0.000e+00
3.162e+03 0.000e+00 0.000e+00 0.000e+00 0.000e+00 0.000e+00
3.548e+03 0.000e+00 0.000e+00 0.000e+00 0.000e+00 0.000e+00
3.981e+03 0.000e+00 0.000e+00 0.000e+00 0.000e+00 0.000e+00
4.467e+03 0.000e+00 0.000e+00 0.000e+00 0.000e+00 0.000e+00
5.012e+03 0.000e+00 0.000e+00 0.000e+00 0.000e+00 0.000e+00
5.623e+03 0.000e+00 0.000e+00 0.000e+00 0.000e+00 0.000e+00
6.310e+03 0.000e+00 0.000e+00 0.000e+00 0.000e+00 0.000e+00
7.079e+03 0.000e+00 0.000e+00 0.000e+00 0.000e+00 0.000e+00
7.943e+03 0.000e+00 0.000e+00 0.000e+00 0.000e+00 0.000e+00
8.913e+03 0.000e+00 0.000e+00 0.000e+00 0.000e+00 0.000e+00
1.000e+04 0.000e+00 0.000e+00 0.000e+00 0.000e+00 0.000e+00
1.122e+04 0.000e+00 0.000e+00 0.000e+00 0.000e+00 0.000e+00
1.259e+04 0.000e+00 0.000e+00 0.000e+00 0.000e+00 0.000e+00
1.413e+04 0.000e+00 0.000e+00 0.000e+00 0.000e+00 0.000e+00
1.585e+04 0.000e+00 0.000e+00 0.000e+00 0.000e+00 0.000e+00
1.778e+04 0.000e+00 0.000e+00 0.000e+00 0.000e+00 0.000e+00
1.995e+04 0.000e+00 0.000e+00 0.000e+00 0.000e+00 0.000e+00
2.239e+04 0.000e+00 0.000e+00 0.000e+00 0.000e+00 0.000e+00
2.512e+04 0.000e+00 0.000e+00 0.000e+00 0.000e+00 0.000e+00
2.818e+04 0.000e+00 0.000e+00 0.000e+00 0.000e+00 0.000e+00
3.162e+04 0.000e+00 0.000e+00 0.000e+00 0.000e+00 0.000e+00
3.548e+04 0.000e+00 0.000e+00 0.000e+00 0.000e+00 0.000e+00
3.981e+04 0.000e+00 0.000e+00 0.000e+00 0.000e+00 0.000e+00
4.467e+04 0.000e+00 0.000e+00 0.000e+00 0.000e+00 0.000e+00
5.012e+04 0.000e+00 0.000e+00 0.000e+00 0.000e+00 0.000e+00
5.623e+04 0.000e+00 0.000e+00 0.000e+00 0.000e+00 0.000e+00
6.310e+04 0.000e+00 0.000e+00 0.000e+00 0.000e+00 0.000e+00
7.079e+04 0.000e+00 0.000e+00 0.000e+00 0.000e+00 0.000e+00
7.943e+04 0.000e+00 0.000e+00 0.000e+00 0.000e+00 0.000e+00
8.913e+04 0.000e+00 0.000e+00 0.000e+00 0.000e+00 0.000e+00
1.000e+05 0.000e+00 0.000e+00 0.000e+00 0.000e+00 0.000e+00
1.122e+05 0.000e+00 0.000e+00 0.000e+00 0.000e+00 0.000e+00
1.259e+05 0.000e+00 0.000e+00 0.000e+00 0.000e+00 0.000e+00
1.413e+05 0.000e+00 0.000e+00 0.000e+00 0.000e+00 0.000e+00
1.585e+05 0.000e+00 0.000e+00 0.000e+00 0.000e+00 0.000e+00
1.778e+05 0.000e+00 0.000e+00 0.000e+00 0.000e+00 0.000e+00
1.995e+05 0.000e+00 0.000e+00 0.000e+00 0.000e+00 0.000e+00
2.239e+05 0.000e+00 0.000e+00 0.000e+00 0.000e+00 0.000e+00
2.512e+05 0.000e+00 0.000e+00 0.000e+00 0.000e+00 0.000e+00
2.818e+05 0.000e+00 0.000e+00 0.000e+00 0.000e+00 0.000e+00
3.162e+05 0.000e+00 0.000e+00 0.000e+00 0.000e+00 0.000e+00
3.548e+05 0.000e+00 0.000e+00 0.000e+00 0.000e+00 0.000e+00
3.981e+05 0.000e+00 0.000e+00 0.000e+00 0.000e+00 0.000e+00
4.467e+05 0.000e+00 0.000e+00 0.000e+00 0.000e+00 0.000e+00
5.012e+05 0.000e+00 0.000e+00 0.000e+00 0.000e+00 0.000e+00
5.623e+05 0.000e+00 0.000e+00 0.000e+00 0.000e+00 0.000e+00
6.310e+05 0.000e+00 0.000e+00 0.000e+00 0.000e+00 0.000e+00
7.079e+05 0.000e+00 0.000e+00 0.000e+00 0.000e+00 0.000e+00
7.943e+05 0.000e+00 0.000e+00 0.000e+00 0.000e+00 0.000e+00
8.913e+05 0.000e+00 0.000e+00 0.000e+00 0.000e+00 0.000e+00
1.000e+06 0.000e+00 0.000e+00 0.000e+00 0.000e+00 0.000e+00
1.122e+06 0.000e+00 0.000e+00 0.000e+00 0.000e+00 0.000e+00
1.259e+06 0.000e+00 0.000e+00 0.000e+00 0.000e+00 0.000e+00
1.413e+06 0.000e+00 0.000e+00 0.000e+00 0.000e+00 0.000e+00
1.585e+06 0.000e+00 0.000e+00 0.000e+00 0.000e+00 0.000e+00
1.778e+06 0.000e+00 0.000e+00 0.000e+00 0.000e+00 0.000e+00
1.995e+06 0.000e+00 0.000e+00 0.000e+00 0.000e+00 0.000e+00
2.239e+06 0.000e+00 0.000e+00 0.000e+00 0.000e+00 0.000e+00
2.512e+06 0.000e+00 0.000e+00 0.000e+00 0.000e+00 0.000e+00
2.818e+06 0.000e+00 0.000e+00 0.000e+00 0.000e+00 0.000e+00
3.162e+06 0.000e+00 0.000e+00 0.000e+00 0.000e+00 0.000e+00
3.548e+06 0.000e+00 0.000e+00 0.000e+00 0.000e+00 0.000e+00
3.981e+06 0.000e+00 0.000e+00 0.000e+00 0.000e+00 0.000e+00
4.467e+06 0.000e+00 0.000e+00 0.000e+00 0.000e+00 0.000e+00
5.012e+06 0.000e+00 0.000e+00 0.000e+00 0.000e+00 0.000e+00
5.623e+06 0.000e+00 0.000e+00 0.000e+00 0.000e+00 0.000e+00
6.310e+06 0.000e+00 0.000e+00 0.000e+00 0.000e+00 0.000e+00
7.079e+06 0.000e+00 0.000e+00 0.000e+00 0.000e+00 0.000e+00
7.943e+06 0.000e+00 0.000e+00 0.000e+00 0.000e+00 0.000e+00
8.913e+06 0.000e+00 0.000e+00 0.000e+00 0.000e+00 0.000e+00
1.000e+07 0.000e+00 0.000e+00 0.000e+00 0.000e+00 0.000e+00
1.122e+07 0.000e+00 0.000e+00 0.000e+00 0.000e+00 0.000e+00
1.259e+07 0.000e+00 0.000e+00 0.000e+00 0.000e+00 0.000e+00
1.413e+07 0.000e+00 0.000e+00 0.000e+00 0.000e+00 0.000e+00
1.585e+07 0.000e+00 0.000e+00 0.000e+00 0.000e+00 0.000e+00
1.778e+07 0.000e+00 0.000e+00 0.000e+00 0.000e+00 0.000e+00
1.995e+07 0.000e+00 0.000e+00 0.000e+00 0.000e+00 0.000e+00
2.239e+07 0.000e+00 0.000e+00 0.000e+00 0.000e+00 0.000e+00
2.512e+07 0.000e+00 0.000e+00 0.000e+00 0.000e+00 0.000e+00
2.818e+07 0.000e+00 0.000e+00 0.000e+00 0.000e+00 0.000e+00
3.162e+07 0.000e+00 0.000e+00 0.000e+00 0.000e+00 0.000e+00
3.548e+07 0.000e+00 0.000e+00 0.000e+00 0.000e+00 0.000e+00
3.981e+07 0.000e+00 0.000e+00 0.000e+00 0.000e+00 0.000e+00
4.467e+07 0.000e+00 0.000e+00 0.000e+00 0.000e+00 0.000e+00
5.012e+07 0.000e+00 0.000e+00 0.000e+00 0.000e+00 0.000e+00
5.623e+07 0.000e+00 0.000e+00 0.000e+00 0.000e+00 0.000e+00
6.310e+07 0.000e+00 0.000e+00 0.000e+00 0.000e+00 0.000e+00
7.079e+07 0.000e+00 0.000e+00 0.000e+00 0.000e+00 0.000e+00
7.943e+07 0.000e+00 0.000e+00 0.000e+00 0.000e+00 0.000e+00
8.913e+07 0.000e+00 0.000e+00 0.000e+00 0.000e+00 0.000e+00
1.000e+08 0.000e+00 0.000e+00 0.000e+00 0.000e+00 0.000e+00
