1.000e-20 3.204e+70 5.133e+30 5.141e-27 3.382e-15 4.250e-14
1.122e-20 2.695e+70 5.437e+30 5.446e-27 3.583e-15 4.502e-14
1.259e-20 2.268e+70 5.759e+30 5.768e-27 3.795e-15 4.769e-14
1.413e-20 1.908e+70 6.100e+30 6.110e-27 4.020e-15 5.051e-14
1.585e-20 1.605e+70 6.461e+30 6.472e-27 4.258e-15 5.350e-14
1.778e-20 1.351e+70 6.844e+30 6.855e-27 4.510e-15 5.667e-14
1.995e-20 1.137e+70 7.249e+30 7.261e-27 4.777e-15 6.003e-14
2.239e-20 9.562e+69 7.678e+30 7.691e-27 5.060e-15 6.358e-14
2.512e-20 8.045e+69 8.133e+30 8.147e-27 5.359e-15 6.735e-14
2.818e-20 6.769e+69 8.615e+30 8.629e-27 5.677e-15 7.134e-14
3.162e-20 5.695e+69 9.125e+30 9.140e-27 6.013e-15 7.556e-14
3.548e-20 4.792e+69 9.665e+30 9.682e-27 6.369e-15 8.004e-14
3.981e-20 4.032e+69 1.024e+31 1.026e-26 6.746e-15 8.477e-14
4.467e-20 3.392e+69 1.084e+31 1.086e-26 7.146e-15 8.979e-14
5.012e-20 2.854e+69 1.149e+31 1.151e-26 7.569e-15 9.511e-14
5.623e-20 2.401e+69 1.217e+31 1.219e-26 8.017e-15 1.007e-13
6.310e-20 2.020e+69 1.289e+31 1.291e-26 8.491e-15 1.067e-13
7.079e-20 1.700e+69 1.365e+31 1.367e-26 8.994e-15 1.130e-13
7.943e-20 1.430e+69 1.446e+31 1.448e-26 9.527e-15 1.197e-13
8.913e-20 1.203e+69 1.531e+31 1.534e-26 1.009e-14 1.268e-13
1.000e-19 1.012e+69 1.622e+31 1.625e-26 1.069e-14 1.343e-13
1.122e-19 8.517e+68 1.718e+31 1.721e-26 1.132e-14 1.423e-13
1.259e-19 7.166e+68 1.820e+31 1.823e-26 1.199e-14 1.507e-13
1.413e-19 6.029e+68 1.927e+31 1.931e-26 1.270e-14 1.596e-13
1.585e-19 5.072e+68 2.041e+31 2.045e-26 1.345e-14 1.690e-13
1.778e-19 4.267e+68 2.162e+31 2.166e-26 1.425e-14 1.790e-13
1.995e-19 3.590e+68 2.290e+31 2.294e-26 1.509e-14 1.896e-13
2.239e-19 3.021e+68 2.426e+31 2.430e-26 1.598e-14 2.009e-13
2.512e-19 2.541e+68 2.569e+31 2.573e-26 1.693e-14 2.127e-13
2.818e-19 2.138e+68 2.721e+31 2.726e-26 1.793e-14 2.253e-13
3.162e-19 1.799e+68 2.882e+31 2.887e-26 1.899e-14 2.386e-13
3.548e-19 1.513e+68 3.052e+31 3.058e-26 2.011e-14 2.528e-13
3.981e-19 1.273e+68 3.233e+31 3.238e-26 2.130e-14 2.677e-13
4.467e-19 1.071e+68 3.424e+31 3.430e-26 2.256e-14 2.835e-13
5.012e-19 9.011e+67 3.626e+31 3.633e-26 2.390e-14 3.003e-13
5.623e-19 7.581e+67 3.841e+31 3.847e-26 2.531e-14 3.180e-13
6.310e-19 6.377e+67 4.068e+31 4.075e-26 2.680e-14 3.368e-13
7.079e-19 5.365e+67 4.308e+31 4.315e-26 2.839e-14 3.567e-13
7.943e-19 4.513e+67 4.563e+31 4.570e-26 3.007e-14 3.778e-13
8.913e-19 3.797e+67 4.832e+31 4.840e-26 3.184e-14 4.001e-13
1.000e-18 3.194e+67 5.117e+31 5.126e-26 3.372e-14 4.238e-13
1.122e-18 2.687e+67 5.420e+31 5.429e-26 3.571e-14 4.488e-13
1.259e-18 2.260e+67 5.740e+31 5.749e-26 3.782e-14 4.753e-13
1.413e-18 1.901e+67 6.078e+31 6.089e-26 4.005e-14 5.033e-13
1.585e-18 1.599e+67 6.437e+31 6.448e-26 4.242e-14 5.330e-13
1.778e-18 1.345e+67 6.817e+31 6.828e-26 4.492e-14 5.645e-13
1.995e-18 1.132e+67 7.219e+31 7.231e-26 4.757e-14 5.978e-13
2.239e-18 9.520e+66 7.645e+31 7.658e-26 5.037e-14 6.330e-13
2.512e-18 8.008e+66 8.095e+31 8.109e-26 5.334e-14 6.703e-13
2.818e-18 6.736e+66 8.572e+31 8.587e-26 5.649e-14 7.099e-13
3.162e-18 5.666e+66 9.077e+31 9.093e-26 5.982e-14 7.517e-13
3.548e-18 4.765e+66 9.612e+31 9.628e-26 6.334e-14 7.959e-13
3.981e-18 4.008e+66 1.018e+32 1.020e-25 6.707e-14 8.428e-13
4.467e-18 3.371e+66 1.078e+32 1.080e-25 7.102e-14 8.924e-13
5.012e-18 2.835e+66 1.141e+32 1.143e-25 7.519e-14 9.449e-13
5.623e-18 2.385e+66 1.208e+32 1.210e-25 7.961e-14 1.000e-12
6.310e-18 2.006e+66 1.279e+32 1.281e-25 8.429e-14 1.059e-12
7.079e-18 1.687e+66 1.354e+32 1.357e-25 8.925e-14 1.122e-12
7.943e-18 1.418e+66 1.434e+32 1.436e-25 9.449e-14 1.187e-12
8.913e-18 1.193e+66 1.518e+32 1.521e-25 1.000e-13 1.257e-12
1.000e-17 1.003e+66 1.607e+32 1.610e-25 1.059e-13 1.331e-12
1.122e-17 8.435e+65 1.701e+32 1.704e-25 1.121e-13 1.409e-12
1.259e-17 7.093e+65 1.801e+32 1.804e-25 1.187e-13 1.491e-12
1.413e-17 5.964e+65 1.906e+32 1.910e-25 1.256e-13 1.579e-12
1.585e-17 5.014e+65 2.018e+32 2.021e-25 1.330e-13 1.671e-12
1.778e-17 4.216e+65 2.136e+32 2.140e-25 1.408e-13 1.769e-12
1.995e-17 3.545e+65 2.261e+32 2.265e-25 1.490e-13 1.872e-12
2.239e-17 2.980e+65 2.393e+32 2.397e-25 1.577e-13 1.981e-12
2.512e-17 2.505e+65 2.532e+32 2.537e-25 1.669e-13 2.097e-12
2.818e-17 2.106e+65 2.680e+32 2.685e-25 1.766e-13 2.219e-12
3.162e-17 1.770e+65 2.836e+32 2.841e-25 1.869e-13 2.348e-12
3.548e-17 1.488e+65 3.001e+32 3.006e-25 1.978e-13 2.485e-12
3.981e-17 1.251e+65 3.175e+32 3.181e-25 2.092e-13 2.629e-12
4.467e-17 1.051e+65 3.360e+32 3.365e-25 2.214e-13 2.782e-12
5.012e-17 8.832e+64 3.554e+32 3.561e-25 2.342e-13 2.943e-12
5.623e-17 7.422e+64 3.760e+32 3.767e-25 2.478e-13 3.114e-12
6.310e-17 6.236e+64 3.978e+32 3.985e-25 2.621e-13 3.294e-12
7.079e-17 5.240e+64 4.207e+32 4.215e-25 2.773e-13 3.484e-12
7.943e-17 4.402e+64 4.450e+32 4.458e-25 2.932e-13 3.685e-12
8.913e-17 3.698e+64 4.706e+32 4.714e-25 3.101e-13 3.897e-12
1.000e-16 3.106e+64 4.977e+32 4.985e-25 3.280e-13 4.121e-12
1.122e-16 2.609e+64 5.262e+32 5.271e-25 3.468e-13 4.358e-12
1.259e-16 2.191e+64 5.564e+32 5.573e-25 3.666e-13 4.607e-12
1.413e-16 1.840e+64 5.882e+32 5.892e-25 3.876e-13 4.871e-12
1.585e-16 1.545e+64 6.218e+32 6.228e-25 4.097e-13 5.149e-12
1.778e-16 1.297e+64 6.572e+32 6.583e-25 4.331e-13 5.442e-12
1.995e-16 1.089e+64 6.945e+32 6.957e-25 4.577e-13 5.751e-12
2.239e-16 9.139e+63 7.339e+32 7.351e-25 4.836e-13 6.077e-12
2.512e-16 7.670e+63 7.754e+32 7.767e-25 5.109e-13 6.421e-12
2.818e-16 6.436e+63 8.191e+32 8.205e-25 5.398e-13 6.783e-12
3.162e-16 5.400e+63 8.652e+32 8.666e-25 5.701e-13 7.164e-12
3.548e-16 4.530e+63 9.137e+32 9.152e-25 6.021e-13 7.566e-12
3.981e-16 3.799e+63 9.648e+32 9.664e-25 6.357e-13 7.989e-12
4.467e-16 3.186e+63 1.019e+33 1.020e-24 6.712e-13 8.434e-12
5.012e-16 2.671e+63 1.075e+33 1.077e-24 7.085e-13 8.903e-12
5.623e-16 2.239e+63 1.135e+33 1.137e-24 7.477e-13 9.395e-12
6.310e-16 1.877e+63 1.197e+33 1.199e-24 7.889e-13 9.913e-12
7.079e-16 1.573e+63 1.263e+33 1.265e-24 8.322e-13 1.046e-11
7.943e-16 1.318e+63 1.332e+33 1.334e-24 8.777e-13 1.103e-11
8.913e-16 1.104e+63 1.404e+33 1.407e-24 9.255e-13 1.163e-11
1.000e-15 9.241e+62 1.481e+33 1.483e-24 9.756e-13 1.226e-11
1.122e-15 7.736e+62 1.560e+33 1.563e-24 1.028e-12 1.292e-11
1.259e-15 6.475e+62 1.644e+33 1.647e-24 1.083e-12 1.361e-11
1.413e-15 5.417e+62 1.732e+33 1.735e-24 1.141e-12 1.434e-11
1.585e-15 4.531e+62 1.824e+33 1.827e-24 1.202e-12 1.510e-11
1.778e-15 3.789e+62 1.920e+33 1.923e-24 1.265e-12 1.590e-11
1.995e-15 3.167e+62 2.020e+33 2.024e-24 1.331e-12 1.673e-11
2.239e-15 2.647e+62 2.125e+33 2.129e-24 1.400e-12 1.760e-11
2.512e-15 2.211e+62 2.235e+33 2.239e-24 1.473e-12 1.851e-11
2.818e-15 1.846e+62 2.350e+33 2.354e-24 1.548e-12 1.946e-11
3.162e-15 1.541e+62 2.469e+33 2.473e-24 1.627e-12 2.045e-11
3.548e-15 1.286e+62 2.593e+33 2.598e-24 1.709e-12 2.148e-11
3.981e-15 1.072e+62 2.723e+33 2.728e-24 1.794e-12 2.255e-11
4.467e-15 8.939e+61 2.858e+33 2.863e-24 1.883e-12 2.366e-11
5.012e-15 7.449e+61 2.998e+33 3.003e-24 1.975e-12 2.482e-11
5.623e-15 6.203e+61 3.143e+33 3.148e-24 2.071e-12 2.603e-11
6.310e-15 5.164e+61 3.294e+33 3.299e-24 2.170e-12 2.727e-11
7.079e-15 4.296e+61 3.449e+33 3.455e-24 2.273e-12 2.856e-11
7.943e-15 3.572e+61 3.611e+33 3.617e-24 2.379e-12 2.990e-11
8.913e-15 2.968e+61 3.777e+33 3.784e-24 2.489e-12 3.128e-11
1.000e-14 2.465e+61 3.949e+33 3.956e-24 2.602e-12 3.270e-11
1.122e-14 2.046e+61 4.126e+33 4.133e-24 2.719e-12 3.417e-11
1.259e-14 1.697e+61 4.308e+33 4.315e-24 2.839e-12 3.567e-11
1.413e-14 1.406e+61 4.495e+33 4.502e-24 2.962e-12 3.722e-11
1.585e-14 1.164e+61 4.686e+33 4.694e-24 3.088e-12 3.880e-11
1.778e-14 9.635e+60 4.882e+33 4.890e-24 3.217e-12 4.042e-11
1.995e-14 7.967e+60 5.081e+33 5.090e-24 3.348e-12 4.208e-11
2.239e-14 6.581e+60 5.285e+33 5.294e-24 3.482e-12 4.376e-11
2.512e-14 5.432e+60 5.491e+33 5.501e-24 3.619e-12 4.547e-11
2.818e-14 4.479e+60 5.701e+33 5.710e-24 3.757e-12 4.721e-11
3.162e-14 3.690e+60 5.912e+33 5.922e-24 3.896e-12 4.896e-11
3.548e-14 3.037e+60 6.126e+33 6.136e-24 4.037e-12 5.073e-11
3.981e-14 2.497e+60 6.340e+33 6.351e-24 4.178e-12 5.250e-11
4.467e-14 2.050e+60 6.554e+33 6.566e-24 4.319e-12 5.428e-11
5.012e-14 1.682e+60 6.768e+33 6.780e-24 4.460e-12 5.605e-11
5.623e-14 1.378e+60 6.981e+33 6.992e-24 4.600e-12 5.780e-11
6.310e-14 1.127e+60 7.190e+33 7.203e-24 4.738e-12 5.954e-11
7.079e-14 9.212e+59 7.397e+33 7.409e-24 4.874e-12 6.125e-11
7.943e-14 7.517e+59 7.599e+33 7.611e-24 5.007e-12 6.292e-11
8.913e-14 6.125e+59 7.795e+33 7.808e-24 5.136e-12 6.454e-11
1.000e-13 4.983e+59 7.984e+33 7.997e-24 5.261e-12 6.611e-11
1.122e-13 4.048e+59 8.164e+33 8.178e-24 5.380e-12 6.760e-11
1.259e-13 3.282e+59 8.335e+33 8.349e-24 5.492e-12 6.902e-11
1.413e-13 2.657e+59 8.495e+33 8.509e-24 5.598e-12 7.034e-11
1.585e-13 2.147e+59 8.642e+33 8.657e-24 5.695e-12 7.157e-11
1.778e-13 1.732e+59 8.776e+33 8.791e-24 5.783e-12 7.267e-11
1.995e-13 1.394e+59 8.894e+33 8.909e-24 5.861e-12 7.365e-11
2.239e-13 1.120e+59 8.995e+33 9.010e-24 5.927e-12 7.449e-11
2.512e-13 8.980e+58 9.078e+33 9.093e-24 5.982e-12 7.517e-11
2.818e-13 7.183e+58 9.141e+33 9.157e-24 6.024e-12 7.569e-11
3.162e-13 5.732e+58 9.183e+33 9.199e-24 6.051e-12 7.604e-11
3.548e-13 4.563e+58 9.203e+33 9.219e-24 6.064e-12 7.621e-11
3.981e-13 3.623e+58 9.199e+33 9.215e-24 6.062e-12 7.618e-11
4.467e-13 2.869e+58 9.171e+33 9.187e-24 6.043e-12 7.594e-11
5.012e-13 2.266e+58 9.118e+33 9.133e-24 6.008e-12 7.550e-11
5.623e-13 1.784e+58 9.039e+33 9.054e-24 5.956e-12 7.485e-11
6.310e-13 1.401e+58 8.933e+33 8.948e-24 5.886e-12 7.397e-11
7.079e-13 1.096e+58 8.801e+33 8.815e-24 5.799e-12 7.287e-11
7.943e-13 8.548e+57 8.641e+33 8.656e-24 5.694e-12 7.156e-11
8.913e-13 6.644e+57 8.456e+33 8.470e-24 5.572e-12 7.002e-11
1.000e-12 5.146e+57 8.245e+33 8.259e-24 5.433e-12 6.827e-11
1.122e-12 3.970e+57 8.008e+33 8.022e-24 5.277e-12 6.631e-11
1.259e-12 3.051e+57 7.748e+33 7.761e-24 5.106e-12 6.416e-11
1.413e-12 2.335e+57 7.466e+33 7.478e-24 4.920e-12 6.182e-11
1.585e-12 1.780e+57 7.163e+33 7.175e-24 4.720e-12 5.931e-11
1.778e-12 1.350e+57 6.841e+33 6.853e-24 4.508e-12 5.665e-11
1.995e-12 1.020e+57 6.503e+33 6.514e-24 4.285e-12 5.385e-11
2.239e-12 7.661e+56 6.152e+33 6.162e-24 4.054e-12 5.094e-11
2.512e-12 5.727e+56 5.790e+33 5.800e-24 3.815e-12 4.794e-11
2.818e-12 4.259e+56 5.420e+33 5.429e-24 3.571e-12 4.488e-11
3.162e-12 3.149e+56 5.045e+33 5.054e-24 3.325e-12 4.178e-11
3.548e-12 2.315e+56 4.669e+33 4.677e-24 3.077e-12 3.866e-11
3.981e-12 1.691e+56 4.295e+33 4.302e-24 2.830e-12 3.556e-11
4.467e-12 1.228e+56 3.926e+33 3.932e-24 2.587e-12 3.251e-11
5.012e-12 8.856e+55 3.564e+33 3.570e-24 2.349e-12 2.951e-11
5.623e-12 6.343e+55 3.214e+33 3.219e-24 2.118e-12 2.661e-11
6.310e-12 4.510e+55 2.877e+33 2.882e-24 1.896e-12 2.382e-11
7.079e-12 3.183e+55 2.556e+33 2.560e-24 1.684e-12 2.116e-11
7.943e-12 2.228e+55 2.253e+33 2.257e-24 1.484e-12 1.865e-11
8.913e-12 1.547e+55 1.969e+33 1.973e-24 1.298e-12 1.631e-11
1.000e-11 1.065e+55 1.707e+33 1.710e-24 1.125e-12 1.414e-11
1.122e-11 7.271e+54 1.467e+33 1.469e-24 9.664e-13 1.214e-11
1.259e-11 4.916e+54 1.248e+33 1.251e-24 8.227e-13 1.034e-11
1.413e-11 3.292e+54 1.053e+33 1.054e-24 6.936e-13 8.716e-12
1.585e-11 2.183e+54 8.786e+32 8.800e-25 5.789e-13 7.275e-12
1.778e-11 1.433e+54 7.258e+32 7.270e-25 4.783e-13 6.010e-12
1.995e-11 9.300e+53 5.932e+32 5.942e-25 3.909e-13 4.912e-12
2.239e-11 5.972e+53 4.795e+32 4.803e-25 3.160e-13 3.971e-12
2.512e-11 3.791e+53 3.832e+32 3.838e-25 2.525e-13 3.173e-12
2.818e-11 2.378e+53 3.026e+32 3.031e-25 1.994e-13 2.506e-12
3.162e-11 1.474e+53 2.361e+32 2.365e-25 1.556e-13 1.955e-12
3.548e-11 9.020e+52 1.819e+32 1.822e-25 1.199e-13 1.506e-12
3.981e-11 5.450e+52 1.384e+32 1.386e-25 9.119e-14 1.146e-12
4.467e-11 3.250e+52 1.039e+32 1.041e-25 6.847e-14 8.604e-13
5.012e-11 1.912e+52 7.696e+31 7.709e-26 5.071e-14 6.373e-13
5.623e-11 1.110e+52 5.623e+31 5.632e-26 3.705e-14 4.656e-13
6.310e-11 6.350e+51 4.051e+31 4.057e-26 2.669e-14 3.354e-13
7.079e-11 3.582e+51 2.876e+31 2.881e-26 1.895e-14 2.382e-13
7.943e-11 1.991e+51 2.013e+31 2.016e-26 1.326e-14 1.667e-13
8.913e-11 1.090e+51 1.388e+31 1.390e-26 9.144e-15 1.149e-13
1.000e-10 5.880e+50 9.421e+30 9.437e-27 6.208e-15 7.801e-14
1.122e-10 3.122e+50 6.296e+30 6.307e-27 4.149e-15 5.214e-14
1.259e-10 1.631e+50 4.141e+30 4.148e-27 2.729e-15 3.429e-14
1.413e-10 8.382e+49 2.679e+30 2.684e-27 1.766e-15 2.219e-14
1.585e-10 4.235e+49 1.705e+30 1.707e-27 1.123e-15 1.411e-14
1.778e-10 2.103e+49 1.066e+30 1.068e-27 7.022e-16 8.825e-15
1.995e-10 1.026e+49 6.545e+29 6.556e-28 4.313e-16 5.420e-15
2.239e-10 4.915e+48 3.947e+29 3.954e-28 2.601e-16 3.268e-15
2.512e-10 2.311e+48 2.336e+29 2.340e-28 1.539e-16 1.934e-15
2.818e-10 1.066e+48 1.356e+29 1.359e-28 8.937e-17 1.123e-15
3.162e-10 4.819e+47 7.721e+28 7.734e-29 5.088e-17 6.394e-16
3.548e-10 2.136e+47 4.309e+28 4.316e-29 2.839e-17 3.568e-16
3.981e-10 9.278e+46 2.356e+28 2.360e-29 1.552e-17 1.951e-16
4.467e-10 3.946e+46 1.261e+28 1.263e-29 8.312e-18 1.044e-16
5.012e-10 1.642e+46 6.608e+27 6.619e-30 4.354e-18 5.472e-17
5.623e-10 6.678e+45 3.383e+27 3.389e-30 2.229e-18 2.802e-17
6.310e-10 2.650e+45 1.690e+27 1.693e-30 1.114e-18 1.400e-17
7.079e-10 1.024e+45 8.224e+26 8.238e-31 5.419e-19 6.810e-18
7.943e-10 3.846e+44 3.887e+26 3.894e-31 2.562e-19 3.219e-18
8.913e-10 1.399e+44 1.781e+26 1.784e-31 1.174e-19 1.475e-18
1.000e-09 4.927e+43 7.894e+25 7.908e-32 5.202e-20 6.537e-19
1.122e-09 1.675e+43 3.379e+25 3.384e-32 2.226e-20 2.798e-19
1.259e-09 5.496e+42 1.396e+25 1.398e-32 9.196e-21 1.156e-19
1.413e-09 1.738e+42 5.557e+24 5.566e-33 3.661e-21 4.601e-20
1.585e-09 5.301e+41 2.133e+24 2.137e-33 1.406e-21 1.766e-20
1.778e-09 1.555e+41 7.881e+23 7.894e-34 5.193e-22 6.526e-21
1.995e-09 4.395e+40 2.804e+23 2.808e-34 1.847e-22 2.322e-21
2.239e-09 1.191e+40 9.564e+22 9.581e-35 6.302e-23 7.920e-22
2.512e-09 3.104e+39 3.138e+22 3.143e-35 2.068e-23 2.598e-22
2.818e-09 7.717e+38 9.821e+21 9.838e-36 6.472e-24 8.132e-23
3.162e-09 1.844e+38 2.954e+21 2.959e-36 1.946e-24 2.446e-23
3.548e-09 4.171e+37 8.413e+20 8.427e-37 5.544e-25 6.966e-24
3.981e-09 9.081e+36 2.306e+20 2.310e-37 1.519e-25 1.909e-24
4.467e-09 1.851e+36 5.916e+19 5.926e-38 3.898e-26 4.899e-25
5.012e-09 3.652e+35 1.470e+19 1.472e-38 9.684e-27 1.217e-25
5.623e-09 6.616e+34 3.352e+18 3.358e-39 2.209e-27 2.776e-26
6.310e-09 1.178e+34 7.514e+17 7.527e-40 4.951e-28 6.222e-27
7.079e-09 1.864e+33 1.497e+17 1.499e-40 9.862e-29 1.239e-27
7.943e-09 2.987e+32 3.020e+16 3.025e-41 1.990e-29 2.501e-28
8.913e-09 4.024e+31 5.121e+15 5.129e-42 3.374e-30 4.240e-29
1.000e-08 5.813e+30 9.314e+14 9.330e-43 6.137e-31 7.712e-30
1.122e-08 6.431e+29 1.297e+14 1.299e-43 8.548e-32 1.074e-30
1.259e-08 8.423e+28 2.139e+13 2.142e-44 1.409e-32 1.771e-31
1.413e-08 7.291e+27 2.331e+12 2.335e-45 1.536e-33 1.930e-32
1.585e-08 8.750e+26 3.521e+11 3.527e-46 2.320e-34 2.916e-33
1.778e-08 5.562e+25 2.818e+10 2.823e-47 1.857e-35 2.334e-34
1.995e-08 6.209e+24 3.961e+09 3.967e-48 2.610e-36 3.280e-35
2.239e-08 2.682e+23 2.154e+08 2.158e-49 1.419e-37 1.784e-36
2.512e-08 2.835e+22 2.866e+07 2.871e-50 1.889e-38 2.373e-37
2.818e-08 7.610e+20 9.684e+05 9.701e-52 6.382e-40 8.019e-39
3.162e-08 7.747e+19 1.241e+05 1.243e-52 8.179e-41 1.028e-39
3.548e-08 1.172e+18 2.363e+03 2.367e-54 1.557e-42 1.957e-41
3.981e-08 1.166e+17 2.960e+02 2.965e-55 1.950e-43 2.451e-42
4.467e-08 8.965e+14 2.866e+00 2.871e-57 1.888e-45 2.373e-44
5.012e-08 8.806e+13 3.544e-01 3.550e-58 2.335e-46 2.935e-45
5.623e-08 3.098e+11 1.570e-03 1.572e-60 1.034e-48 1.300e-47
6.310e-08 3.025e+10 1.929e-04 1.932e-61 1.271e-49 1.597e-48
7.079e-08 4.359e+07 3.500e-07 3.506e-64 2.307e-52 2.899e-51
7.943e-08 4.243e+06 4.290e-08 4.297e-65 2.827e-53 3.552e-52
8.913e-08 2.227e+03 2.835e-11 2.840e-68 1.868e-56 2.347e-55
1.000e-07 2.166e+02 3.470e-12 3.476e-69 2.287e-57 2.874e-56
1.122e-07 3.644e-02 7.349e-16 7.362e-73 4.843e-61 6.086e-60
1.259e-07 3.542e-03 8.994e-17 9.009e-74 5.927e-62 7.448e-61
1.413e-07 1.658e-07 5.300e-21 5.309e-78 3.493e-66 4.389e-65
1.585e-07 1.612e-08 6.486e-22 6.497e-79 4.274e-67 5.371e-66
1.778e-07 1.793e-13 9.084e-27 9.100e-84 5.986e-72 7.523e-71
1.995e-07 1.743e-14 1.112e-27 1.113e-84 7.325e-73 9.205e-72
2.239e-07 3.863e-20 3.102e-33 3.108e-90 2.044e-78 2.569e-77
2.512e-07 3.755e-21 3.796e-34 3.802e-91 2.501e-79 3.143e-78
2.818e-07 1.361e-27 1.732e-40 1.735e-97 1.141e-85 1.434e-84
3.162e-07 1.323e-28 2.119e-41 2.123e-98 1.396e-86 1.755e-85
3.548e-07 6.275e-36 1.266e-48 1.268e-105 8.341e-94 1.048e-92
3.981e-07 6.099e-37 1.549e-49 1.551e-106 1.021e-94 1.282e-93
4.467e-07 2.953e-45 9.441e-58 9.457e-115 6.221e-103 7.818e-102
5.012e-07 2.870e-46 1.155e-58 1.157e-115 7.612e-104 9.566e-103
5.623e-07 1.073e-55 5.434e-68 5.444e-125 3.581e-113 4.500e-112
6.310e-07 1.043e-56 6.650e-69 6.661e-126 4.382e-114 5.506e-113
7.079e-07 2.197e-67 1.765e-79 1.768e-136 1.163e-124 1.461e-123
7.943e-07 2.136e-68 2.159e-80 2.163e-137 1.423e-125 1.788e-124
8.913e-07 1.787e-80 2.274e-92 2.278e-149 1.499e-137 1.883e-136
1.000e-06 1.737e-81 2.783e-93 2.787e-150 1.834e-138 2.304e-137
1.122e-06 3.888e-95 7.842e-107 7.855e-164 5.167e-152 6.494e-151
1.259e-06 3.779e-96 9.595e-108 9.612e-165 6.323e-153 7.946e-152
1.413e-06 1.455e-111 4.650e-123 4.658e-180 3.064e-168 3.851e-167
1.585e-06 1.414e-112 5.690e-124 5.699e-181 3.749e-169 4.712e-168
1.778e-06 5.699e-130 2.887e-141 2.892e-198 1.903e-186 2.391e-185
1.995e-06 5.539e-131 3.533e-142 3.539e-199 2.328e-187 2.925e-186
2.239e-06 1.340e-150 1.076e-161 1.078e-218 7.091e-207 8.911e-206
2.512e-06 1.302e-151 1.317e-162 1.319e-219 8.676e-208 1.090e-206
2.818e-06 1.013e-173 1.289e-184 1.292e-241 8.497e-230 1.068e-228
3.162e-06 9.848e-175 1.578e-185 1.581e-242 1.040e-230 1.307e-229
3.548e-06 0.000e+00 0.000e+00 0.000e+00 0.000e+00 0.000e+00
3.981e-06 0.000e+00 0.000e+00 0.000e+00 0.000e+00 0.000e+00
4.467e-06 0.000e+00 0.000e+00 0.000e+00 0.000e+00 0.000e+00
5.012e-06 0.000e+00 0.000e+00 0.000e+00 0.000e+00 0.000e+00
5.623e-06 0.000e+00 0.000e+00 0.000e+00 0.000e+00 0.000e+00
6.310e-06 0.000e+00 0.000e+00 0.000e+00 0.000e+00 0.000e+00
7.079e-06 0.000e+00 0.000e+00 0.000e+00 0.000e+00 0.000e+00
7.943e-06 0.000e+00 0.000e+00 0.000e+00 0.000e+00 0.000e+00
8.913e-06 0.000e+00 0.000e+00 0.000e+00 0.000e+00 0.000e+00
1.000e-05 0.000e+00 0.000e+00 0.000e+00 0.000e+00 0.000e+00
1.122e-05 0.000e+00 0.000e+00 0.000e+00 0.000e+00 0.000e+00
1.259e-05 0.000e+00 0.000e+00 0.000e+00 0.000e+00 0.000e+00
1.413e-05 0.000e+00 0.000e+00 0.000e+00 0.000e+00 0.000e+00
1.585e-05 0.000e+00 0.000e+00 0.000e+00 0.000e+00 0.000e+00
1.778e-05 0.000e+00 0.000e+00 0.000e+00 0.000e+00 0.000e+00
1.995e-05 0.000e+00 0.000e+00 0.000e+00 0.000e+00 0.000e+00
2.239e-05 0.000e+00 0.000e+00 0.000e+00 0.000e+00 0.000e+00
2.512e-05 0.000e+00 0.000e+00 0.000e+00 0.000e+00 0.000e+00
2.818e-05 0.000e+00 0.000e+00 0.000e+00 0.000e+00 0.000e+00
3.162e-05 0.000e+00 0.000e+00 0.000e+00 0.000e+00 0.000e+00
3.548e-05 0.000e+00 0.000e+00 0.000e+00 0.000e+00 0.000e+00
3.981e-05 0.000e+00 0.000e+00 0.000e+00 0.000e+00 0.000e+00
4.467e-05 0.000e+00 0.000e+00 0.000e+00 0.000e+00 0.000e+00
5.012e-05 0.000e+00 0.000e+00 0.000e+00 0.000e+00 0.000e+00
5.623e-05 0.000e+00 0.000e+00 0.000e+00 0.000e+00 0.000e+00
6.310e-05 0.000e+00 0.000e+00 0.000e+00 0.000e+00 0.000e+00
7.079e-05 0.000e+00 0.000e+00 0.000e+00 0.000e+00 0.000e+00
7.943e-05 0.000e+00 0.000e+00 0.000e+00 0.000e+00 0.000e+00
8.913e-05 0.000e+00 0.000e+00 0.000e+00 0.000e+00 0.000e+00
1.000e-04 0.000e+00 0.000e+00 0.000e+00 0.000e+00 0.000e+00
1.122e-04 0.000e+00 0.000e+00 0.000e+00 0.000e+00 0.000e+00
1.259e-04 0.000e+00 0.000e+00 0.000e+00 0.000e+00 0.000e+00
1.413e-04 0.000e+00 0.000e+00 0.000e+00 0.000e+00 0.000e+00
1.585e-04 0.000e+00 0.000e+00 0.000e+00 0.000e+00 0.000e+00
1.778e-04 0.000e+00 0.000e+00 0.000e+00 0.000e+00 0.000e+00
1.995e-04 0.000e+00 0.000e+00 0.000e+00 0.000e+00 0.000e+00
2.239e-04 0.000e+00 0.000e+00 0.000e+00 0.000e+00 0.000e+00
2.512e-04 0.000e+00 0.000e+00 0.000e+00 0.000e+00 0.000e+00
2.818e-04 0.000e+00 0.000e+00 0.000e+00 0.000e+00 0.000e+00
3.162e-04 0.000e+00 0.000e+00 0.000e+00 0.000e+00 0.000e+00
3.548e-04 0.000e+00 0.000e+00 0.000e+00 0.000e+00 0.000e+00
3.981e-04 0.000e+00 0.000e+00 0.000e+00 0.000e+00 0.000e+00
4.467e-04 0.000e+00 0.000e+00 0.000e+00 0.000e+00 0.000e+00
5.012e-04 0.000e+00 0.000e+00 0.000e+00 0.000e+00 0.000e+00
5.623e-04 0.000e+00 0.000e+00 0.000e+00 0.000e+00 0.000e+00
6.310e-04 0.000e+00 0.000e+00 0.000e+00 0.000e+00 0.000e+00
7.079e-04 0.000e+00 0.000e+00 0.000e+00 0.000e+00 0.000e+00
7.943e-04 0.000e+00 0.000e+00 0.000e+00 0.000e+00 0.000e+00
8.913e-04 0.000e+00 0.000e+00 0.000e+00 0.000e+00 0.000e+00
1.000e-03 0.000e+00 0.000e+00 0.000e+00 0.000e+00 0.000e+00
1.122e-03 0.000e+00 0.000e+00 0.000e+00 0.000e+00 0.000e+00
1.259e-03 0.000e+00 0.000e+00 0.000e+00 0.000e+00 0.000e+00
1.413e-03 0.000e+00 0.000e+00 0.000e+00 0.000e+00 0.000e+00
1.585e-03 0.000e+00 0.000e+00 0.000e+00 0.000e+00 0.000e+00
1.778e-03 0.000e+00 0.000e+00 0.000e+00 0.000e+00 0.000e+00
1.995e-03 0.000e+00 0.000e+00 0.000e+00 0.000e+00 0.000e+00
2.239e-03 0.000e+00 0.000e+00 0.000e+00 0.000e+00 0.000e+00
2.512e-03 0.000e+00 0.000e+00 0.000e+00 0.000e+00 0.000e+00
2.818e-03 0.000e+00 0.000e+00 0.000e+00 0.000e+00 0.000e+00
3.162e-03 0.000e+00 0.000e+00 0.000e+00 0.000e+00 0.000e+00
3.548e-03 0.000e+00 0.000e+00 0.000e+00 0.000e+00 0.000e+00
3.981e-03 0.000e+00 0.000e+00 0.000e+00 0.000e+00 0.000e+00
4.467e-03 0.000e+00 0.000e+00 0.000e+00 0.000e+00 0.000e+00
5.012e-03 0.000e+00 0.000e+00 0.000e+00 0.000e+00 0.000e+00
5.623e-03 0.000e+00 0.000e+00 0.000e+00 0.000e+00 0.000e+00
6.310e-03 0.000e+00 0.000e+00 0.000e+00 0.000e+00 0.000e+00
7.079e-03 0.000e+00 0.000e+00 0.000e+00 0.000e+00 0.000e+00
7.943e-03 0.000e+00 0.000e+00 0.000e+00 0.000e+00 0.000e+00
8.913e-03 0.000e+00 0.000e+00 0.000e+00 0.000e+00 0.000e+00
1.000e-02 0.000e+00 0.000e+00 0.000e+00 0.000e+00 0.000e+00
1.122e-02 0.000e+00 0.000e+00 0.000e+00 0.000e+00 0.000e+00
1.259e-02 0.000e+00 0.000e+00 0.000e+00 0.000e+00 0.000e+00
1.413e-02 0.000e+00 0.000e+00 0.000e+00 0.000e+00 0.000e+00
1.585e-02 0.000e+00 0.000e+00 0.000e+00 0.000e+00 0.000e+00
1.778e-02 0.000e+00 0.000e+00 0.000e+00 0.000e+00 0.000e+00
1.995e-02 0.000e+00 0.000e+00 0.000e+00 0.000e+00 0.000e+00
2.239e-02 0.000e+00 0.000e+00 0.000e+00 0.000e+00 0.000e+00
2.512e-02 0.000e+00 0.000e+00 0.000e+00 0.000e+00 0.000e+00
2.818e-02 0.000e+00 0.000e+00 0.000e+00 0.000e+00 0.000e+00
3.162e-02 0.000e+00 0.000e+00 0.000e+00 0.000e+00 0.000e+00
3.548e-02 0.000e+00 0.000e+00 0.000e+00 0.000e+00 0.000e+00
3.981e-02 0.000e+00 0.000e+00 0.000e+00 0.000e+00 0.000e+00
4.467e-02 0.000e+00 0.000e+00 0.000e+00 0.000e+00 0.000e+00
5.012e-02 0.000e+00 0.000e+00 0.000e+00 0.000e+00 0.000e+00
5.623e-02 0.000e+00 0.000e+00 0.000e+00 0.000e+00 0.000e+00
6.310e-02 0.000e+00 0.000e+00 0.000e+00 0.000e+00 0.000e+00
7.079e-02 0.000e+00 0.000e+00 0.000e+00 0.000e+00 0.000e+00
7.943e-02 0.000e+00 0.000e+00 0.000e+00 0.000e+00 0.000e+00
8.913e-02 0.000e+00 0.000e+00 0.000e+00 0.000e+00 0.000e+00
1.000e-01 0.000e+00 0.000e+00 0.000e+00 0.000e+00 0.000e+00
1.122e-01 0.000e+00 0.000e+00 0.000e+00 0.000e+00 0.000e+00
1.259e-01 0.000e+00 0.000e+00 0.000e+00 0.000e+00 0.000e+00
1.413e-01 0.000e+00 0.000e+00 0.000e+00 0.000e+00 0.000e+00
1.585e-01 0.000e+00 0.000e+00 0.000e+00 0.000e+00 0.000e+00
1.778e-01 0.000e+00 0.000e+00 0.000e+00 0.000e+00 0.000e+00
1.995e-01 0.000e+00 0.000e+00 0.000e+00 0.000e+00 0.000e+00
2.239e-01 0.000e+00 0.000e+00 0.000e+00 0.000e+00 0.000e+00
2.512e-01 0.000e+00 0.000e+00 0.000e+00 0.000e+00 0.000e+00
2.818e-01 0.000e+00 0.000e+00 0.000e+00 0.000e+00 0.000e+00
3.162e-01 0.000e+00 0.000e+00 0.000e+00 0.000e+00 0.000e+00
3.548e-01 0.000e+00 0.000e+00 0.000e+00 0.000e+00 0.000e+00
3.981e-01 0.000e+00 0.000e+00 0.000e+00 0.000e+00 0.000e+00
4.467e-01 0.000e+00 0.000e+00 0.000e+00 0.000e+00 0.000e+00
5.012e-01 0.000e+00 0.000e+00 0.000e+00 0.000e+00 0.000e+00
5.623e-01 0.000e+00 0.000e+00 0.000e+00 0.000e+00 0.000e+00
6.310e-01 0.000e+00 0.000e+00 0.000e+00 0.000e+00 0.000e+00
7.079e-01 0.000e+00 0.000e+00 0.000e+00 0.000e+00 0.000e+00
7.943e-01 0.000e+00 0.000e+00 0.000e+00 0.000e+00 0.000e+00
8.913e-01 0.000e+00 0.000e+00 0.000e+00 0.000e+00 0.000e+00
1.000e+00 0.000e+00 0.000e+00 0.000e+00 0.000e+00 0.000e+00
1.122e+00 0.000e+00 0.000e+00 0.000e+00 0.000e+00 0.000e+00
1.259e+00 0.000e+00 0.000e+00 0.000e+00 0.000e+00 0.000e+00
1.413e+00 0.000e+00 0.000e+00 0.000e+00 0.000e+00 0.000e+00
1.585e+00 0.000e+00 0.000e+00 0.000e+00 0.000e+00 0.000e+00
1.778e+00 0.000e+00 0.000e+00 0.000e+00 0.000e+00 0.000e+00
1.995e+00 0.000e+00 0.000e+00 0.000e+00 0.000e+00 0.000e+00
2.239e+00 0.000e+00 0.000e+00 0.000e+00 0.000e+00 0.000e+00
2.512e+00 0.000e+00 0.000e+00 0.000e+00 0.000e+00 0.000e+00
2.818e+00 0.000e+00 0.000e+00 0.000e+00 0.000e+00 0.000e+00
3.162e+00 0.000e+00 0.000e+00 0.000e+00 0.000e+00 0.000e+00
3.548e+00 0.000e+00 0.000e+00 0.000e+00 0.000e+00 0.000e+00
3.981e+00 0.000e+00 0.000e+00 0.000e+00 0.000e+00 0.000e+00
4.467e+00 0.000e+00 0.000e+00 0.000e+00 0.000e+00 0.000e+00
5.012e+00 0.000e+00 0.000e+00 0.000e+00 0.000e+00 0.000e+00
5.623e+00 0.000e+00 0.000e+00 0.000e+00 0.000e+00 0.000e+00
6.310e+00 0.000e+00 0.000e+00 0.000e+00 0.000e+00 0.000e+00
7.079e+00 0.000e+00 0.000e+00 0.000e+00 0.000e+00 0.000e+00
7.943e+00 0.000e+00 0.000e+00 0.000e+00 0.000e+00 0.000e+00
8.913e+00 0.000e+00 0.000e+00 0.000e+00 0.000e+00 0.000e+00
1.000e+01 0.000e+00 0.000e+00 0.000e+00 0.000e+00 0.000e+00
1.122e+01 0.000e+00 0.000e+00 0.000e+00 0.000e+00 0.000e+00
1.259e+01 0.000e+00 0.000e+00 0.000e+00 0.000e+00 0.000e+00
1.413e+01 0.000e+00 0.000e+00 0.000e+00 0.000e+00 0.000e+00
1.585e+01 0.000e+00 0.000e+00 0.000e+00 0.000e+00 0.000e+00
1.778e+01 0.000e+00 0.000e+00 0.000e+00 0.000e+00 0.000e+00
1.995e+01 0.000e+00 0.000e+00 0.000e+00 0.000e+00 0.000e+00
2.239e+01 0.000e+00 0.000e+00 0.000e+00 0.000e+00 0.000e+00
2.512e+01 0.000e+00 0.000e+00 0.000e+00 0.000e+00 0.000e+00
2.818e+01 0.000e+00 0.000e+00 0.000e+00 0.000e+00 0.000e+00
3.162e+01 0.000e+00 0.000e+00 0.000e+00 0.000e+00 0.000e+00
3.548e+01 0.000e+00 0.000e+00 0.000e+00 0.000e+00 0.000e+00
3.981e+01 0.000e+00 0.000e+00 0.000e+00 0.000e+00 0.000e+00
4.467e+01 0.000e+00 0.000e+00 0.000e+00 0.000e+00 0.000e+00
5.012e+01 0.000e+00 0.000e+00 0.000e+00 0.000e+00 0.000e+00
5.623e+01 0.000e+00 0.000e+00 0.000e+00 0.000e+00 0.000e+00
6.310e+01 0.000e+00 0.000e+00 0.000e+00 0.000e+00 0.000e+00
7.079e+01 0.000e+00 0.000e+00 0.000e+00 0.000e+00 0.000e+00
7.943e+01 0.000e+00 0.000e+00 0.000e+00 0.000e+00 0.000e+00
8.913e+01 0.000e+00 0.000e+00 0.000e+00 0.000e+00 0.000e+00
1.000e+02 0.000e+00 0.000e+00 0.000e+00 0.000e+00 0.000e+00
1.122e+02 0.000e+00 0.000e+00 0.000e+00 0.000e+00 0.000e+00
1.259e+02 0.000e+00 0.000e+00 0.000e+00 0.000e+00 0.000e+00
1.413e+02 0.000e+00 0.000e+00 0.000e+00 0.000e+00 0.000e+00
1.585e+02 0.000e+00 0.000e+00 0.000e+00 0.000e+00 0.000e+00
1.778e+02 0.000e+00 0.000e+00 0.000e+00 0.000e+00 0.000e+00
1.995e+02 0.000e+00 0.000e+00 0.000e+00 0.000e+00 0.000e+00
2.239e+02 0.000e+00 0.000e+00 0.000e+00 0.000e+00 0.000e+00
2.512e+02 0.000e+00 0.000e+00 0.000e+00 0.000e+00 0.000e+00
2.818e+02 0.000e+00 0.000e+00 0.000e+00 0.000e+00 0.000e+00
3.162e+02 0.000e+00 0.000e+00 0.000e+00 0.000e+00 0.000e+00
3.548e+02 0.000e+00 0.000e+00 0.000e+00 0.000e+00 0.000e+00
3.981e+02 0.000e+00 0.000e+00 0.000e+00 0.000e+00 0.000e+00
4.467e+02 0.000e+00 0.000e+00 0.000e+00 0.000e+00 0.000e+00
5.012e+02 0.000e+00 0.000e+00 0.000e+00 0.000e+00 0.000e+00
5.623e+02 0.000e+00 0.000e+00 0.000e+00 0.000e+00 0.000e+00
6.310e+02 0.000e+00 0.000e+00 0.000e+00 0.000e+00 0.000e+00
7.079e+02 0.000e+00 0.000e+00 0.000e+00 0.000e+00 0.000e+00
7.943e+02 0.000e+00 0.000e+00 0.000e+00 0.000e+00 0.000e+00
8.913e+02 0.000e+00 0.000e+00 0.000e+00 0.000e+00 0.000e+00
1.000e+03 0.000e+00 0.000e+00 0.000e+00 0.000e+00 0.000e+00
1.122e+03 0.000e+00 0.000e+00 0.000e+00 0.000e+00 0.000e+00
1.259e+03 0.000e+00 0.000e+00 0.000e+00 0.000e+00 0.000e+00
1.413e+03 0.000e+00 0.000e+00 0.000e+00 0.000e+00 0.000e+00
1.585e+03 0.000e+00 0.000e+00 0.000e+00 0.000e+00 0.000e+00
1.778e+03 0.000e+00 0.000e+00 0.000e+00 0.000e+00 0.000e+00
1.995e+03 0.000e+00 0.000e+00 0.000e+00 0.000e+00 0.000e+00
2.239e+03 0.000e+00 0.000e+00 0.000e+00 0.000e+00 0.000e+00
2.512e+03 0.000e+00 0.000e+00 0.000e+00 0.000e+00 0.000e+00
2.818e+03 0.000e+00 0.000e+00 0.000e+00 0.000e+00 0.000e+00
3.162e+03 0.000e+00 0.000e+00 0.000e+00 0.000e+00 0.000e+00
3.548e+03 0.000e+00 0.000e+00 0.000e+00 0.000e+00 0.000e+00
3.981e+03 0.000e+00 0.000e+00 0.000e+00 0.000e+00 0.000e+00
4.467e+03 0.000e+00 0.000e+00 0.000e+00 0.000e+00 0.000e+00
5.012e+03 0.000e+00 0.000e+00 0.000e+00 0.000e+00 0.000e+00
5.623e+03 0.000e+00 0.000e+00 0.000e+00 0.000e+00 0.000e+00
6.310e+03 0.000e+00 0.000e+00 0.000e+00 0.000e+00 0.000e+00
7.079e+03 0.000e+00 0.000e+00 0.000e+00 0.000e+00 0.000e+00
7.943e+03 0.000e+00 0.000e+00 0.000e+00 0.000e+00 0.000e+00
8.913e+03 0.000e+00 0.000e+00 0.000e+00 0.000e+00 0.000e+00
1.000e+04 0.000e+00 0.000e+00 0.000e+00 0.000e+00 0.000e+00
1.122e+04 0.000e+00 0.000e+00 0.000e+00 0.000e+00 0.000e+00
1.259e+04 0.000e+00 0.000e+00 0.000e+00 0.000e+00 0.000e+00
1.413e+04 0.000e+00 0.000e+00 0.000e+00 0.000e+00 0.000e+00
1.585e+04 0.000e+00 0.000e+00 0.000e+00 0.000e+00 0.000e+00
1.778e+04 0.000e+00 0.000e+00 0.000e+00 0.000e+00 0.000e+00
1.995e+04 0.000e+00 0.000e+00 0.000e+00 0.000e+00 0.000e+00
2.239e+04 0.000e+00 0.000e+00 0.000e+00 0.000e+00 0.000e+00
2.512e+04 0.000e+00 0.000e+00 0.000e+00 0.000e+00 0.000e+00
2.818e+04 0.000e+00 0.000e+00 0.000e+00 0.000e+00 0.000e+00
3.162e+04 0.000e+00 0.000e+00 0.000e+00 0.000e+00 0.000e+00
3.548e+04 0.000e+00 0.000e+00 0.000e+00 0.000e+00 0.000e+00
3.981e+04 0.000e+00 0.000e+00 0.000e+00 0.000e+00 0.000e+00
4.467e+04 0.000e+00 0.000e+00 0.000e+00 0.000e+00 0.000e+00
5.012e+04 0.000e+00 0.000e+00 0.000e+00 0.000e+00 0.000e+00
5.623e+04 0.000e+00 0.000e+00 0.000e+00 0.000e+00 0.000e+00
6.310e+04 0.000e+00 0.000e+00 0.000e+00 0.000e+00 0.000e+00
7.079e+04 0.000e+00 0.000e+00 0.000e+00 0.000e+00 0.000e+00
7.943e+04 0.000e+00 0.000e+00 0.000e+00 0.000e+00 0.000e+00
8.913e+04 0.000e+00 0.000e+00 0.000e+00 0.000e+00 0.000e+00
1.000e+05 0.000e+00 0.000e+00 0.000e+00 0.000e+00 0.000e+00
1.122e+05 0.000e+00 0.000e+00 0.000e+00 0.000e+00 0.000e+00
1.259e+05 0.000e+00 0.000e+00 0.000e+00 0.000e+00 0.000e+00
1.413e+05 0.000e+00 0.000e+00 0.000e+00 0.000e+00 0.000e+00
1.585e+05 0.000e+00 0.000e+00 0.000e+00 0.000e+00 0.000e+00
1.778e+05 0.000e+00 0.000e+00 0.000e+00 0.000e+00 0.000e+00
1.995e+05 0.000e+00 0.000e+00 0.000e+00 0.000e+00 0.000e+00
2.239e+05 0.000e+00 0.000e+00 0.000e+00 0.000e+00 0.000e+00
2.512e+05 0.000e+00 0.000e+00 0.000e+00 0.000e+00 0.000e+00
2.818e+05 0.000e+00 0.000e+00 0.000e+00 0.000e+00 0.000e+00
3.162e+05 0.000e+00 0.000e+00 0.000e+00 0.000e+00 0.000e+00
3.548e+05 0.000e+00 0.000e+00 0.000e+00 0.000e+00 0.000e+00
3.981e+05 0.000e+00 0.000e+00 0.000e+00 0.000e+00 0.000e+00
4.467e+05 0.000e+00 0.000e+00 0.000e+00 0.000e+00 0.000e+00
5.012e+05 0.000e+00 0.000e+00 0.000e+00 0.000e+00 0.000e+00
5.623e+05 0.000e+00 0.000e+00 0.000e+00 0.000e+00 0.000e+00
6.310e+05 0.000e+00 0.000e+00 0.000e+00 0.000e+00 0.000e+00
7.079e+05 0.000e+00 0.000e+00 0.000e+00 0.000e+00 0.000e+00
7.943e+05 0.000e+00 0.000e+00 0.000e+00 0.000e+00 0.000e+00
8.913e+05 0.000e+00 0.000e+00 0.000e+00 0.000e+00 0.000e+00
1.000e+06 0.000e+00 0.000e+00 0.000e+00 0.000e+00 0.000e+00
1.122e+06 0.000e+00 0.000e+00 0.000e+00 0.000e+00 0.000e+00
1.259e+06 0.000e+00 0.000e+00 0.000e+00 0.000e+00 0.000e+00
1.413e+06 0.000e+00 0.000e+00 0.000e+00 0.000e+00 0.000e+00
1.585e+06 0.000e+00 0.000e+00 0.000e+00 0.000e+00 0.000e+00
1.778e+06 0.000e+00 0.000e+00 0.000e+00 0.000e+00 0.000e+00
1.995e+06 0.000e+00 0.000e+00 0.000e+00 0.000e+00 0.000e+00
2.239e+06 0.000e+00 0.000e+00 0.000e+00 0.000e+00 0.000e+00
2.512e+06 0.000e+00 0.000e+00 0.000e+00 0.000e+00 0.000e+00
2.818e+06 0.000e+00 0.000e+00 0.000e+00 0.000e+00 0.000e+00
3.162e+06 0.000e+00 0.000e+00 0.000e+00 0.000e+00 0.000e+00
3.548e+06 0.000e+00 0.000e+00 0.000e+00 0.000e+00 0.000e+00
3.981e+06 0.000e+00 0.000e+00 0.000e+00 0.000e+00 0.000e+00
4.467e+06 0.000e+00 0.000e+00 0.000e+00 0.000e+00 0.000e+00
5.012e+06 0.000e+00 0.000e+00 0.000e+00 0.000e+00 0.000e+00
5.623e+06 0.000e+00 0.000e+00 0.000e+00 0.000e+00 0.000e+00
6.310e+06 0.000e+00 0.000e+00 0.000e+00 0.000e+00 0.000e+00
7.079e+06 0.000e+00 0.000e+00 0.000e+00 0.000e+00 0.000e+00
7.943e+06 0.000e+00 0.000e+00 0.000e+00 0.000e+00 0.000e+00
8.913e+06 0.000e+00 0.000e+00 0.000e+00 0.000e+00 0.000e+00
1.000e+07 0.000e+00 0.000e+00 0.000e+00 0.000e+00 0.000e+00
1.122e+07 0.000e+00 0.000e+00 0.000e+00 0.000e+00 0.000e+00
1.259e+07 0.000e+00 0.000e+00 0.000e+00 0.000e+00 0.000e+00
1.413e+07 0.000e+00 0.000e+00 0.000e+00 0.000e+00 0.000e+00
1.585e+07 0.000e+00 0.000e+00 0.000e+00 0.000e+00 0.000e+00
1.778e+07 0.000e+00 0.000e+00 0.000e+00 0.000e+00 0.000e+00
1.995e+07 0.000e+00 0.000e+00 0.000e+00 0.000e+00 0.000e+00
2.239e+07 0.000e+00 0.000e+00 0.000e+00 0.000e+00 0.000e+00
2.512e+07 0.000e+00 0.000e+00 0.000e+00 0.000e+00 0.000e+00
2.818e+07 0.000e+00 0.000e+00 0.000e+00 0.000e+00 0.000e+00
3.162e+07 0.000e+00 0.000e+00 0.000e+00 0.000e+00 0.000e+00
3.548e+07 0.000e+00 0.000e+00 0.000e+00 0.000e+00 0.000e+00
3.981e+07 0.000e+00 0.000e+00 0.000e+00 0.000e+00 0.000e+00
4.467e+07 0.000e+00 0.000e+00 0.000e+00 0.000e+00 0.000e+00
5.012e+07 0.000e+00 0.000e+00 0.000e+00 0.000e+00 0.000e+00
5.623e+07 0.000e+00 0.000e+00 0.000e+00 0.000e+00 0.000e+00
6.310e+07 0.000e+00 0.000e+00 0.000e+00 0.000e+00 0.000e+00
7.079e+07 0.000e+00 0.000e+00 0.000e+00 0.000e+00 0.000e+00
7.943e+07 0.000e+00 0.000e+00 0.000e+00 0.000e+00 0.000e+00
8.913e+07 0.000e+00 0.000e+00 0.000e+00 0.000e+00 0.000e+00
1.000e+08 0.000e+00 0.000e+00 0.000e+00 0.000e+00 0.000e+00
