1.000e-20 2.750e+70 4.406e+30 4.413e-27 2.903e-15 3.648e-14
1.122e-20 2.314e+70 4.667e+30 4.674e-27 3.075e-15 3.864e-14
1.259e-20 1.947e+70 4.943e+30 4.951e-27 3.257e-15 4.093e-14
1.413e-20 1.638e+70 5.236e+30 5.245e-27 3.450e-15 4.336e-14
1.585e-20 1.378e+70 5.546e+30 5.556e-27 3.655e-15 4.593e-14
1.778e-20 1.160e+70 5.875e+30 5.885e-27 3.871e-15 4.865e-14
1.995e-20 9.756e+69 6.223e+30 6.233e-27 4.101e-15 5.153e-14
2.239e-20 8.209e+69 6.592e+30 6.603e-27 4.344e-15 5.458e-14
2.512e-20 6.907e+69 6.982e+30 6.994e-27 4.601e-15 5.782e-14
2.818e-20 5.811e+69 7.396e+30 7.408e-27 4.874e-15 6.124e-14
3.162e-20 4.890e+69 7.834e+30 7.847e-27 5.162e-15 6.487e-14
3.548e-20 4.114e+69 8.298e+30 8.312e-27 5.468e-15 6.872e-14
3.981e-20 3.462e+69 8.790e+30 8.805e-27 5.792e-15 7.279e-14
4.467e-20 2.913e+69 9.311e+30 9.327e-27 6.135e-15 7.710e-14
5.012e-20 2.451e+69 9.862e+30 9.879e-27 6.499e-15 8.167e-14
5.623e-20 2.062e+69 1.045e+31 1.046e-26 6.884e-15 8.651e-14
6.310e-20 1.735e+69 1.107e+31 1.108e-26 7.292e-15 9.163e-14
7.079e-20 1.460e+69 1.172e+31 1.174e-26 7.724e-15 9.706e-14
7.943e-20 1.228e+69 1.242e+31 1.244e-26 8.181e-15 1.028e-13
8.913e-20 1.033e+69 1.315e+31 1.317e-26 8.666e-15 1.089e-13
1.000e-19 8.695e+68 1.393e+31 1.395e-26 9.180e-15 1.154e-13
1.122e-19 7.316e+68 1.476e+31 1.478e-26 9.723e-15 1.222e-13
1.259e-19 6.155e+68 1.563e+31 1.566e-26 1.030e-14 1.294e-13
1.413e-19 5.179e+68 1.656e+31 1.658e-26 1.091e-14 1.371e-13
1.585e-19 4.358e+68 1.754e+31 1.757e-26 1.156e-14 1.452e-13
1.778e-19 3.666e+68 1.858e+31 1.861e-26 1.224e-14 1.538e-13
1.995e-19 3.085e+68 1.968e+31 1.971e-26 1.297e-14 1.629e-13
2.239e-19 2.596e+68 2.084e+31 2.088e-26 1.373e-14 1.726e-13
2.512e-19 2.184e+68 2.208e+31 2.211e-26 1.455e-14 1.828e-13
2.818e-19 1.837e+68 2.338e+31 2.342e-26 1.541e-14 1.936e-13
3.162e-19 1.546e+68 2.477e+31 2.481e-26 1.632e-14 2.051e-13
3.548e-19 1.301e+68 2.624e+31 2.628e-26 1.729e-14 2.173e-13
3.981e-19 1.094e+68 2.779e+31 2.784e-26 1.831e-14 2.301e-13
4.467e-19 9.209e+67 2.944e+31 2.949e-26 1.940e-14 2.438e-13
5.012e-19 7.748e+67 3.118e+31 3.124e-26 2.055e-14 2.582e-13
5.623e-19 6.519e+67 3.303e+31 3.309e-26 2.177e-14 2.735e-13
6.310e-19 5.485e+67 3.499e+31 3.505e-26 2.305e-14 2.897e-13
7.079e-19 4.615e+67 3.706e+31 3.712e-26 2.442e-14 3.069e-13
7.943e-19 3.883e+67 3.925e+31 3.932e-26 2.587e-14 3.251e-13
8.913e-19 3.267e+67 4.158e+31 4.165e-26 2.740e-14 3.443e-13
1.000e-18 2.749e+67 4.404e+31 4.412e-26 2.902e-14 3.647e-13
1.122e-18 2.313e+67 4.665e+31 4.673e-26 3.074e-14 3.863e-13
1.259e-18 1.946e+67 4.941e+31 4.950e-26 3.256e-14 4.092e-13
1.413e-18 1.637e+67 5.234e+31 5.243e-26 3.449e-14 4.334e-13
1.585e-18 1.378e+67 5.544e+31 5.553e-26 3.653e-14 4.591e-13
1.778e-18 1.159e+67 5.872e+31 5.882e-26 3.870e-14 4.863e-13
1.995e-18 9.752e+66 6.220e+31 6.231e-26 4.099e-14 5.151e-13
2.239e-18 8.205e+66 6.589e+31 6.600e-26 4.342e-14 5.456e-13
2.512e-18 6.904e+66 6.979e+31 6.991e-26 4.599e-14 5.779e-13
2.818e-18 5.808e+66 7.392e+31 7.405e-26 4.871e-14 6.121e-13
3.162e-18 4.887e+66 7.830e+31 7.843e-26 5.160e-14 6.484e-13
3.548e-18 4.112e+66 8.294e+31 8.308e-26 5.465e-14 6.868e-13
3.981e-18 3.459e+66 8.785e+31 8.800e-26 5.789e-14 7.274e-13
4.467e-18 2.911e+66 9.305e+31 9.321e-26 6.131e-14 7.705e-13
5.012e-18 2.449e+66 9.856e+31 9.872e-26 6.494e-14 8.161e-13
5.623e-18 2.060e+66 1.044e+32 1.046e-25 6.879e-14 8.644e-13
6.310e-18 1.734e+66 1.106e+32 1.108e-25 7.286e-14 9.156e-13
7.079e-18 1.459e+66 1.171e+32 1.173e-25 7.718e-14 9.698e-13
7.943e-18 1.227e+66 1.241e+32 1.243e-25 8.174e-14 1.027e-12
8.913e-18 1.032e+66 1.314e+32 1.316e-25 8.658e-14 1.088e-12
1.000e-17 8.686e+65 1.392e+32 1.394e-25 9.171e-14 1.152e-12
1.122e-17 7.308e+65 1.474e+32 1.477e-25 9.714e-14 1.221e-12
1.259e-17 6.149e+65 1.561e+32 1.564e-25 1.029e-13 1.293e-12
1.413e-17 5.173e+65 1.654e+32 1.657e-25 1.090e-13 1.369e-12
1.585e-17 4.352e+65 1.752e+32 1.755e-25 1.154e-13 1.450e-12
1.778e-17 3.662e+65 1.855e+32 1.858e-25 1.223e-13 1.536e-12
1.995e-17 3.081e+65 1.965e+32 1.968e-25 1.295e-13 1.627e-12
2.239e-17 2.592e+65 2.081e+32 2.085e-25 1.371e-13 1.723e-12
2.512e-17 2.181e+65 2.204e+32 2.208e-25 1.453e-13 1.825e-12
2.818e-17 1.835e+65 2.335e+32 2.339e-25 1.539e-13 1.933e-12
3.162e-17 1.543e+65 2.473e+32 2.477e-25 1.629e-13 2.048e-12
3.548e-17 1.298e+65 2.619e+32 2.624e-25 1.726e-13 2.169e-12
3.981e-17 1.092e+65 2.774e+32 2.779e-25 1.828e-13 2.297e-12
4.467e-17 9.190e+64 2.938e+32 2.943e-25 1.936e-13 2.433e-12
5.012e-17 7.732e+64 3.112e+32 3.117e-25 2.050e-13 2.577e-12
5.623e-17 6.505e+64 3.296e+32 3.301e-25 2.172e-13 2.729e-12
6.310e-17 5.472e+64 3.490e+32 3.496e-25 2.300e-13 2.890e-12
7.079e-17 4.603e+64 3.697e+32 3.703e-25 2.436e-13 3.061e-12
7.943e-17 3.873e+64 3.915e+32 3.922e-25 2.580e-13 3.242e-12
8.913e-17 3.258e+64 4.146e+32 4.153e-25 2.732e-13 3.433e-12
1.000e-16 2.741e+64 4.391e+32 4.398e-25 2.893e-13 3.636e-12
1.122e-16 2.306e+64 4.650e+32 4.658e-25 3.064e-13 3.851e-12
1.259e-16 1.939e+64 4.925e+32 4.933e-25 3.245e-13 4.078e-12
1.413e-16 1.631e+64 5.215e+32 5.224e-25 3.437e-13 4.319e-12
1.585e-16 1.372e+64 5.523e+32 5.533e-25 3.640e-13 4.574e-12
1.778e-16 1.154e+64 5.849e+32 5.859e-25 3.854e-13 4.843e-12
1.995e-16 9.711e+63 6.194e+32 6.205e-25 4.082e-13 5.129e-12
2.239e-16 8.168e+63 6.559e+32 6.570e-25 4.322e-13 5.431e-12
2.512e-16 6.871e+63 6.946e+32 6.958e-25 4.577e-13 5.752e-12
2.818e-16 5.779e+63 7.355e+32 7.368e-25 4.847e-13 6.091e-12
3.162e-16 4.861e+63 7.788e+32 7.802e-25 5.132e-13 6.449e-12
3.548e-16 4.089e+63 8.247e+32 8.261e-25 5.434e-13 6.829e-12
3.981e-16 3.439e+63 8.732e+32 8.747e-25 5.754e-13 7.231e-12
4.467e-16 2.892e+63 9.246e+32 9.262e-25 6.093e-13 7.657e-12
5.012e-16 2.433e+63 9.790e+32 9.807e-25 6.451e-13 8.107e-12
5.623e-16 2.046e+63 1.037e+33 1.038e-24 6.831e-13 8.584e-12
6.310e-16 1.721e+63 1.097e+33 1.099e-24 7.232e-13 9.088e-12
7.079e-16 1.447e+63 1.162e+33 1.164e-24 7.657e-13 9.622e-12
7.943e-16 1.217e+63 1.230e+33 1.232e-24 8.106e-13 1.019e-11
8.913e-16 1.023e+63 1.302e+33 1.305e-24 8.582e-13 1.078e-11
1.000e-15 8.605e+62 1.379e+33 1.381e-24 9.085e-13 1.142e-11
1.122e-15 7.236e+62 1.460e+33 1.462e-24 9.617e-13 1.209e-11
1.259e-15 6.084e+62 1.545e+33 1.548e-24 1.018e-12 1.279e-11
1.413e-15 5.116e+62 1.635e+33 1.638e-24 1.078e-12 1.354e-11
1.585e-15 4.301e+62 1.731e+33 1.734e-24 1.141e-12 1.433e-11
1.778e-15 3.616e+62 1.832e+33 1.835e-24 1.207e-12 1.517e-11
1.995e-15 3.040e+62 1.939e+33 1.942e-24 1.278e-12 1.606e-11
2.239e-15 2.556e+62 2.052e+33 2.056e-24 1.352e-12 1.699e-11
2.512e-15 2.149e+62 2.172e+33 2.176e-24 1.431e-12 1.799e-11
2.818e-15 1.806e+62 2.298e+33 2.302e-24 1.515e-12 1.903e-11
3.162e-15 1.518e+62 2.432e+33 2.436e-24 1.603e-12 2.014e-11
3.548e-15 1.276e+62 2.573e+33 2.578e-24 1.696e-12 2.131e-11
3.981e-15 1.072e+62 2.723e+33 2.727e-24 1.794e-12 2.255e-11
4.467e-15 9.011e+61 2.881e+33 2.886e-24 1.898e-12 2.385e-11
5.012e-15 7.572e+61 3.047e+33 3.053e-24 2.008e-12 2.524e-11
5.623e-15 6.363e+61 3.224e+33 3.229e-24 2.124e-12 2.669e-11
6.310e-15 5.346e+61 3.410e+33 3.416e-24 2.247e-12 2.824e-11
7.079e-15 4.491e+61 3.606e+33 3.613e-24 2.376e-12 2.986e-11
7.943e-15 3.773e+61 3.814e+33 3.820e-24 2.513e-12 3.158e-11
8.913e-15 3.169e+61 4.033e+33 4.040e-24 2.658e-12 3.340e-11
1.000e-14 2.662e+61 4.265e+33 4.272e-24 2.810e-12 3.531e-11
1.122e-14 2.235e+61 4.509e+33 4.516e-24 2.971e-12 3.733e-11
1.259e-14 1.877e+61 4.766e+33 4.774e-24 3.141e-12 3.947e-11
1.413e-14 1.576e+61 5.038e+33 5.047e-24 3.320e-12 4.172e-11
1.585e-14 1.323e+61 5.325e+33 5.334e-24 3.509e-12 4.409e-11
1.778e-14 1.111e+61 5.627e+33 5.636e-24 3.708e-12 4.659e-11
1.995e-14 9.321e+60 5.945e+33 5.955e-24 3.918e-12 4.923e-11
2.239e-14 7.822e+60 6.281e+33 6.292e-24 4.139e-12 5.201e-11
2.512e-14 6.563e+60 6.635e+33 6.646e-24 4.372e-12 5.494e-11
2.818e-14 5.506e+60 7.007e+33 7.019e-24 4.617e-12 5.802e-11
3.162e-14 4.618e+60 7.399e+33 7.412e-24 4.876e-12 6.127e-11
3.548e-14 3.873e+60 7.812e+33 7.825e-24 5.148e-12 6.469e-11
3.981e-14 3.247e+60 8.246e+33 8.260e-24 5.434e-12 6.828e-11
4.467e-14 2.722e+60 8.702e+33 8.717e-24 5.734e-12 7.206e-11
5.012e-14 2.282e+60 9.182e+33 9.198e-24 6.051e-12 7.603e-11
5.623e-14 1.912e+60 9.686e+33 9.703e-24 6.383e-12 8.021e-11
6.310e-14 1.602e+60 1.022e+34 1.023e-23 6.732e-12 8.459e-11
7.079e-14 1.341e+60 1.077e+34 1.079e-23 7.098e-12 8.919e-11
7.943e-14 1.123e+60 1.135e+34 1.137e-23 7.482e-12 9.402e-11
8.913e-14 9.402e+59 1.197e+34 1.199e-23 7.885e-12 9.908e-11
1.000e-13 7.868e+59 1.261e+34 1.263e-23 8.307e-12 1.044e-10
1.122e-13 6.582e+59 1.328e+34 1.330e-23 8.748e-12 1.099e-10
1.259e-13 5.505e+59 1.398e+34 1.400e-23 9.211e-12 1.157e-10
1.413e-13 4.602e+59 1.471e+34 1.474e-23 9.694e-12 1.218e-10
1.585e-13 3.846e+59 1.548e+34 1.550e-23 1.020e-11 1.282e-10
1.778e-13 3.213e+59 1.628e+34 1.631e-23 1.073e-11 1.348e-10
1.995e-13 2.683e+59 1.711e+34 1.714e-23 1.128e-11 1.417e-10
2.239e-13 2.239e+59 1.798e+34 1.801e-23 1.185e-11 1.489e-10
2.512e-13 1.868e+59 1.889e+34 1.892e-23 1.245e-11 1.564e-10
2.818e-13 1.558e+59 1.983e+34 1.986e-23 1.307e-11 1.642e-10
3.162e-13 1.299e+59 2.081e+34 2.084e-23 1.371e-11 1.723e-10
3.548e-13 1.082e+59 2.182e+34 2.186e-23 1.438e-11 1.807e-10
3.981e-13 9.008e+58 2.287e+34 2.291e-23 1.507e-11 1.894e-10
4.467e-13 7.495e+58 2.396e+34 2.400e-23 1.579e-11 1.984e-10
5.012e-13 6.233e+58 2.508e+34 2.513e-23 1.653e-11 2.077e-10
5.623e-13 5.179e+58 2.624e+34 2.629e-23 1.729e-11 2.173e-10
6.310e-13 4.301e+58 2.743e+34 2.748e-23 1.808e-11 2.272e-10
7.079e-13 3.569e+58 2.866e+34 2.871e-23 1.889e-11 2.373e-10
7.943e-13 2.959e+58 2.992e+34 2.997e-23 1.971e-11 2.477e-10
8.913e-13 2.452e+58 3.120e+34 3.126e-23 2.056e-11 2.584e-10
1.000e-12 2.030e+58 3.252e+34 3.257e-23 2.143e-11 2.693e-10
1.122e-12 1.678e+58 3.385e+34 3.391e-23 2.231e-11 2.803e-10
1.259e-12 1.387e+58 3.521e+34 3.527e-23 2.320e-11 2.916e-10
1.413e-12 1.144e+58 3.659e+34 3.665e-23 2.411e-11 3.030e-10
1.585e-12 9.435e+57 3.797e+34 3.804e-23 2.502e-11 3.144e-10
1.778e-12 7.770e+57 3.937e+34 3.943e-23 2.594e-11 3.260e-10
1.995e-12 6.390e+57 4.076e+34 4.083e-23 2.686e-11 3.375e-10
2.239e-12 5.249e+57 4.215e+34 4.222e-23 2.778e-11 3.490e-10
2.512e-12 4.306e+57 4.353e+34 4.360e-23 2.868e-11 3.604e-10
2.818e-12 3.527e+57 4.489e+34 4.496e-23 2.958e-11 3.717e-10
3.162e-12 2.885e+57 4.622e+34 4.630e-23 3.046e-11 3.827e-10
3.548e-12 2.356e+57 4.751e+34 4.759e-23 3.131e-11 3.934e-10
3.981e-12 1.920e+57 4.876e+34 4.884e-23 3.213e-11 4.038e-10
4.467e-12 1.562e+57 4.995e+34 5.003e-23 3.291e-11 4.136e-10
5.012e-12 1.269e+57 5.107e+34 5.116e-23 3.365e-11 4.229e-10
5.623e-12 1.029e+57 5.211e+34 5.220e-23 3.434e-11 4.315e-10
6.310e-12 8.320e+56 5.307e+34 5.316e-23 3.497e-11 4.394e-10
7.079e-12 6.714e+56 5.392e+34 5.401e-23 3.553e-11 4.465e-10
7.943e-12 5.406e+56 5.465e+34 5.474e-23 3.601e-11 4.525e-10
8.913e-12 4.342e+56 5.526e+34 5.535e-23 3.641e-11 4.576e-10
1.000e-11 3.478e+56 5.573e+34 5.582e-23 3.672e-11 4.614e-10
1.122e-11 2.778e+56 5.604e+34 5.614e-23 3.693e-11 4.641e-10
1.259e-11 2.213e+56 5.620e+34 5.629e-23 3.703e-11 4.654e-10
1.413e-11 1.757e+56 5.618e+34 5.628e-23 3.702e-11 4.652e-10
1.585e-11 1.391e+56 5.599e+34 5.608e-23 3.689e-11 4.636e-10
1.778e-11 1.098e+56 5.561e+34 5.570e-23 3.664e-11 4.605e-10
1.995e-11 8.628e+55 5.503e+34 5.513e-23 3.626e-11 4.557e-10
2.239e-11 6.758e+55 5.427e+34 5.436e-23 3.576e-11 4.494e-10
2.512e-11 5.273e+55 5.331e+34 5.340e-23 3.513e-11 4.414e-10
2.818e-11 4.098e+55 5.215e+34 5.224e-23 3.437e-11 4.319e-10
3.162e-11 3.171e+55 5.081e+34 5.090e-23 3.348e-11 4.208e-10
3.548e-11 2.444e+55 4.929e+34 4.938e-23 3.248e-11 4.082e-10
3.981e-11 1.875e+55 4.761e+34 4.769e-23 3.137e-11 3.942e-10
4.467e-11 1.432e+55 4.577e+34 4.585e-23 3.016e-11 3.790e-10
5.012e-11 1.088e+55 4.380e+34 4.387e-23 2.886e-11 3.627e-10
5.623e-11 8.232e+54 4.171e+34 4.178e-23 2.748e-11 3.454e-10
6.310e-11 6.197e+54 3.953e+34 3.959e-23 2.605e-11 3.273e-10
7.079e-11 4.642e+54 3.727e+34 3.734e-23 2.456e-11 3.086e-10
7.943e-11 3.460e+54 3.497e+34 3.503e-23 2.305e-11 2.896e-10
8.913e-11 2.566e+54 3.265e+34 3.271e-23 2.152e-11 2.704e-10
1.000e-10 1.893e+54 3.033e+34 3.038e-23 1.999e-11 2.512e-10
1.122e-10 1.390e+54 2.804e+34 2.809e-23 1.848e-11 2.322e-10
1.259e-10 1.016e+54 2.579e+34 2.583e-23 1.699e-11 2.136e-10
1.413e-10 7.384e+53 2.361e+34 2.365e-23 1.556e-11 1.955e-10
1.585e-10 5.343e+53 2.150e+34 2.154e-23 1.417e-11 1.781e-10
1.778e-10 3.847e+53 1.949e+34 1.952e-23 1.284e-11 1.614e-10
1.995e-10 2.757e+53 1.758e+34 1.761e-23 1.159e-11 1.456e-10
2.239e-10 1.966e+53 1.579e+34 1.581e-23 1.040e-11 1.307e-10
2.512e-10 1.395e+53 1.410e+34 1.413e-23 9.294e-12 1.168e-10
2.818e-10 9.852e+52 1.254e+34 1.256e-23 8.262e-12 1.038e-10
3.162e-10 6.921e+52 1.109e+34 1.111e-23 7.307e-12 9.182e-11
3.548e-10 4.837e+52 9.757e+33 9.773e-24 6.429e-12 8.079e-11
3.981e-10 3.363e+52 8.539e+33 8.553e-24 5.627e-12 7.071e-11
4.467e-10 2.325e+52 7.432e+33 7.444e-24 4.897e-12 6.154e-11
5.012e-10 1.598e+52 6.431e+33 6.442e-24 4.238e-12 5.326e-11
5.623e-10 1.092e+52 5.534e+33 5.543e-24 3.646e-12 4.582e-11
6.310e-10 7.420e+51 4.733e+33 4.741e-24 3.119e-12 3.919e-11
7.079e-10 5.010e+51 4.023e+33 4.030e-24 2.651e-12 3.332e-11
7.943e-10 3.362e+51 3.399e+33 3.404e-24 2.239e-12 2.814e-11
8.913e-10 2.241e+51 2.852e+33 2.857e-24 1.879e-12 2.362e-11
1.000e-09 1.484e+51 2.377e+33 2.381e-24 1.567e-12 1.969e-11
1.122e-09 9.757e+50 1.968e+33 1.971e-24 1.297e-12 1.630e-11
1.259e-09 6.369e+50 1.617e+33 1.620e-24 1.066e-12 1.339e-11
1.413e-09 4.126e+50 1.319e+33 1.321e-24 8.692e-13 1.092e-11
1.585e-09 2.652e+50 1.067e+33 1.069e-24 7.034e-13 8.839e-12
1.778e-09 1.691e+50 8.569e+32 8.584e-25 5.647e-13 7.096e-12
1.995e-09 1.069e+50 6.821e+32 6.833e-25 4.495e-13 5.648e-12
2.239e-09 6.703e+49 5.382e+32 5.391e-25 3.547e-13 4.457e-12
2.512e-09 4.163e+49 4.209e+32 4.216e-25 2.773e-13 3.485e-12
2.818e-09 2.562e+49 3.260e+32 3.266e-25 2.148e-13 2.700e-12
3.162e-09 1.561e+49 2.501e+32 2.505e-25 1.648e-13 2.071e-12
3.548e-09 9.413e+48 1.899e+32 1.902e-25 1.251e-13 1.572e-12
3.981e-09 5.618e+48 1.426e+32 1.429e-25 9.400e-14 1.181e-12
4.467e-09 3.316e+48 1.060e+32 1.062e-25 6.985e-14 8.778e-13
5.012e-09 1.935e+48 7.788e+31 7.801e-26 5.132e-14 6.449e-13
5.623e-09 1.116e+48 5.655e+31 5.664e-26 3.726e-14 4.682e-13
6.310e-09 6.358e+47 4.055e+31 4.062e-26 2.672e-14 3.358e-13
7.079e-09 3.576e+47 2.872e+31 2.876e-26 1.892e-14 2.378e-13
7.943e-09 1.985e+47 2.006e+31 2.010e-26 1.322e-14 1.662e-13
8.913e-09 1.087e+47 1.383e+31 1.385e-26 9.113e-15 1.145e-13
1.000e-08 5.864e+46 9.396e+30 9.411e-27 6.191e-15 7.780e-14
1.122e-08 3.118e+46 6.289e+30 6.300e-27 4.144e-15 5.208e-14
1.259e-08 1.633e+46 4.146e+30 4.153e-27 2.732e-15 3.433e-14
1.413e-08 8.412e+45 2.689e+30 2.694e-27 1.772e-15 2.227e-14
1.585e-08 4.263e+45 1.716e+30 1.718e-27 1.130e-15 1.421e-14
1.778e-08 2.123e+45 1.076e+30 1.077e-27 7.088e-16 8.907e-15
1.995e-08 1.039e+45 6.624e+29 6.636e-28 4.365e-16 5.485e-15
2.239e-08 4.987e+44 4.004e+29 4.011e-28 2.639e-16 3.316e-15
2.512e-08 2.348e+44 2.374e+29 2.378e-28 1.564e-16 1.966e-15
2.818e-08 1.084e+44 1.379e+29 1.382e-28 9.089e-17 1.142e-15
3.162e-08 4.899e+43 7.849e+28 7.862e-29 5.172e-17 6.499e-16
3.548e-08 2.167e+43 4.370e+28 4.377e-29 2.880e-17 3.619e-16
3.981e-08 9.368e+42 2.379e+28 2.383e-29 1.568e-17 1.970e-16
4.467e-08 3.957e+42 1.265e+28 1.267e-29 8.335e-18 1.047e-16
5.012e-08 1.631e+42 6.564e+27 6.575e-30 4.325e-18 5.436e-17
5.623e-08 6.555e+41 3.321e+27 3.327e-30 2.189e-18 2.750e-17
6.310e-08 2.566e+41 1.637e+27 1.640e-30 1.079e-18 1.355e-17
7.079e-08 9.775e+40 7.849e+26 7.862e-31 5.172e-19 6.500e-18
7.943e-08 3.619e+40 3.659e+26 3.665e-31 2.411e-19 3.030e-18
8.913e-08 1.301e+40 1.656e+26 1.659e-31 1.091e-19 1.371e-18
1.000e-07 4.537e+39 7.269e+25 7.281e-32 4.790e-20 6.019e-19
1.122e-07 1.532e+39 3.090e+25 3.095e-32 2.036e-20 2.559e-19
1.259e-07 5.007e+38 1.271e+25 1.274e-32 8.378e-21 1.053e-19
1.413e-07 1.580e+38 5.052e+24 5.060e-33 3.329e-21 4.183e-20
1.585e-07 4.816e+37 1.938e+24 1.941e-33 1.277e-21 1.605e-20
1.778e-07 1.413e+37 7.158e+23 7.170e-34 4.717e-22 5.927e-21
1.995e-07 3.993e+36 2.547e+23 2.551e-34 1.678e-22 2.109e-21
2.239e-07 1.082e+36 8.689e+22 8.704e-35 5.726e-23 7.195e-22
2.512e-07 2.820e+35 2.851e+22 2.856e-35 1.879e-23 2.361e-22
2.818e-07 7.012e+34 8.924e+21 8.939e-36 5.880e-24 7.390e-23
3.162e-07 1.675e+34 2.684e+21 2.688e-36 1.769e-24 2.222e-23
3.548e-07 3.790e+33 7.644e+20 7.657e-37 5.037e-25 6.330e-24
3.981e-07 8.250e+32 2.095e+20 2.099e-37 1.381e-25 1.735e-24
4.467e-07 1.681e+32 5.375e+19 5.384e-38 3.542e-26 4.451e-25
5.012e-07 3.317e+31 1.335e+19 1.337e-38 8.796e-27 1.105e-25
5.623e-07 6.009e+30 3.044e+18 3.050e-39 2.006e-27 2.521e-26
6.310e-07 1.070e+30 6.823e+17 6.834e-40 4.496e-28 5.650e-27
7.079e-07 1.692e+29 1.358e+17 1.361e-40 8.952e-29 1.125e-27
7.943e-07 2.711e+28 2.741e+16 2.745e-41 1.806e-29 2.270e-28
8.913e-07 3.650e+27 4.645e+15 4.653e-42 3.061e-30 3.846e-29
1.000e-06 5.272e+26 8.447e+14 8.461e-43 5.566e-31 6.994e-30
1.122e-06 5.829e+25 1.176e+14 1.178e-43 7.747e-32 9.736e-31
1.259e-06 7.631e+24 1.938e+13 1.941e-44 1.277e-32 1.605e-31
1.413e-06 6.598e+23 2.109e+12 2.113e-45 1.390e-33 1.747e-32
1.585e-06 7.911e+22 3.184e+11 3.189e-46 2.098e-34 2.636e-33
1.778e-06 5.008e+21 2.537e+10 2.541e-47 1.672e-35 2.101e-34
1.995e-06 5.564e+20 3.549e+09 3.555e-48 2.339e-36 2.939e-35
2.239e-06 2.327e+19 1.868e+08 1.872e-49 1.231e-37 1.547e-36
2.512e-06 2.404e+18 2.430e+07 2.434e-50 1.601e-38 2.012e-37
2.818e-06 4.757e+16 6.053e+05 6.064e-52 3.989e-40 5.013e-39
3.162e-06 4.623e+15 7.407e+04 7.420e-53 4.881e-41 6.134e-40
3.548e-06 0.000e+00 0.000e+00 0.000e+00 0.000e+00 0.000e+00
3.981e-06 0.000e+00 0.000e+00 0.000e+00 0.000e+00 0.000e+00
4.467e-06 0.000e+00 0.000e+00 0.000e+00 0.000e+00 0.000e+00
5.012e-06 0.000e+00 0.000e+00 0.000e+00 0.000e+00 0.000e+00
5.623e-06 0.000e+00 0.000e+00 0.000e+00 0.000e+00 0.000e+00
6.310e-06 0.000e+00 0.000e+00 0.000e+00 0.000e+00 0.000e+00
7.079e-06 0.000e+00 0.000e+00 0.000e+00 0.000e+00 0.000e+00
7.943e-06 0.000e+00 0.000e+00 0.000e+00 0.000e+00 0.000e+00
8.913e-06 0.000e+00 0.000e+00 0.000e+00 0.000e+00 0.000e+00
1.000e-05 0.000e+00 0.000e+00 0.000e+00 0.000e+00 0.000e+00
1.122e-05 0.000e+00 0.000e+00 0.000e+00 0.000e+00 0.000e+00
1.259e-05 0.000e+00 0.000e+00 0.000e+00 0.000e+00 0.000e+00
1.413e-05 0.000e+00 0.000e+00 0.000e+00 0.000e+00 0.000e+00
1.585e-05 0.000e+00 0.000e+00 0.000e+00 0.000e+00 0.000e+00
1.778e-05 0.000e+00 0.000e+00 0.000e+00 0.000e+00 0.000e+00
1.995e-05 0.000e+00 0.000e+00 0.000e+00 0.000e+00 0.000e+00
2.239e-05 0.000e+00 0.000e+00 0.000e+00 0.000e+00 0.000e+00
2.512e-05 0.000e+00 0.000e+00 0.000e+00 0.000e+00 0.000e+00
2.818e-05 0.000e+00 0.000e+00 0.000e+00 0.000e+00 0.000e+00
3.162e-05 0.000e+00 0.000e+00 0.000e+00 0.000e+00 0.000e+00
3.548e-05 0.000e+00 0.000e+00 0.000e+00 0.000e+00 0.000e+00
3.981e-05 0.000e+00 0.000e+00 0.000e+00 0.000e+00 0.000e+00
4.467e-05 0.000e+00 0.000e+00 0.000e+00 0.000e+00 0.000e+00
5.012e-05 0.000e+00 0.000e+00 0.000e+00 0.000e+00 0.000e+00
5.623e-05 0.000e+00 0.000e+00 0.000e+00 0.000e+00 0.000e+00
6.310e-05 0.000e+00 0.000e+00 0.000e+00 0.000e+00 0.000e+00
7.079e-05 0.000e+00 0.000e+00 0.000e+00 0.000e+00 0.000e+00
7.943e-05 0.000e+00 0.000e+00 0.000e+00 0.000e+00 0.000e+00
8.913e-05 0.000e+00 0.000e+00 0.000e+00 0.000e+00 0.000e+00
1.000e-04 0.000e+00 0.000e+00 0.000e+00 0.000e+00 0.000e+00
1.122e-04 0.000e+00 0.000e+00 0.000e+00 0.000e+00 0.000e+00
1.259e-04 0.000e+00 0.000e+00 0.000e+00 0.000e+00 0.000e+00
1.413e-04 0.000e+00 0.000e+00 0.000e+00 0.000e+00 0.000e+00
1.585e-04 0.000e+00 0.000e+00 0.000e+00 0.000e+00 0.000e+00
1.778e-04 0.000e+00 0.000e+00 0.000e+00 0.000e+00 0.000e+00
1.995e-04 0.000e+00 0.000e+00 0.000e+00 0.000e+00 0.000e+00
2.239e-04 0.000e+00 0.000e+00 0.000e+00 0.000e+00 0.000e+00
2.512e-04 0.000e+00 0.000e+00 0.000e+00 0.000e+00 0.000e+00
2.818e-04 0.000e+00 0.000e+00 0.000e+00 0.000e+00 0.000e+00
3.162e-04 0.000e+00 0.000e+00 0.000e+00 0.000e+00 0.000e+00
3.548e-04 0.000e+00 0.000e+00 0.000e+00 0.000e+00 0.000e+00
3.981e-04 0.000e+00 0.000e+00 0.000e+00 0.000e+00 0.000e+00
4.467e-04 0.000e+00 0.000e+00 0.000e+00 0.000e+00 0.000e+00
5.012e-04 0.000e+00 0.000e+00 0.000e+00 0.000e+00 0.000e+00
5.623e-04 0.000e+00 0.000e+00 0.000e+00 0.000e+00 0.000e+00
6.310e-04 0.000e+00 0.000e+00 0.000e+00 0.000e+00 0.000e+00
7.079e-04 0.000e+00 0.000e+00 0.000e+00 0.000e+00 0.000e+00
7.943e-04 0.000e+00 0.000e+00 0.000e+00 0.000e+00 0.000e+00
8.913e-04 0.000e+00 0.000e+00 0.000e+00 0.000e+00 0.000e+00
1.000e-03 0.000e+00 0.000e+00 0.000e+00 0.000e+00 0.000e+00
1.122e-03 0.000e+00 0.000e+00 0.000e+00 0.000e+00 0.000e+00
1.259e-03 0.000e+00 0.000e+00 0.000e+00 0.000e+00 0.000e+00
1.413e-03 0.000e+00 0.000e+00 0.000e+00 0.000e+00 0.000e+00
1.585e-03 0.000e+00 0.000e+00 0.000e+00 0.000e+00 0.000e+00
1.778e-03 0.000e+00 0.000e+00 0.000e+00 0.000e+00 0.000e+00
1.995e-03 0.000e+00 0.000e+00 0.000e+00 0.000e+00 0.000e+00
2.239e-03 0.000e+00 0.000e+00 0.000e+00 0.000e+00 0.000e+00
2.512e-03 0.000e+00 0.000e+00 0.000e+00 0.000e+00 0.000e+00
2.818e-03 0.000e+00 0.000e+00 0.000e+00 0.000e+00 0.000e+00
3.162e-03 0.000e+00 0.000e+00 0.000e+00 0.000e+00 0.000e+00
3.548e-03 0.000e+00 0.000e+00 0.000e+00 0.000e+00 0.000e+00
3.981e-03 0.000e+00 0.000e+00 0.000e+00 0.000e+00 0.000e+00
4.467e-03 0.000e+00 0.000e+00 0.000e+00 0.000e+00 0.000e+00
5.012e-03 0.000e+00 0.000e+00 0.000e+00 0.000e+00 0.000e+00
5.623e-03 0.000e+00 0.000e+00 0.000e+00 0.000e+00 0.000e+00
6.310e-03 0.000e+00 0.000e+00 0.000e+00 0.000e+00 0.000e+00
7.079e-03 0.000e+00 0.000e+00 0.000e+00 0.000e+00 0.000e+00
7.943e-03 0.000e+00 0.000e+00 0.000e+00 0.000e+00 0.000e+00
8.913e-03 0.000e+00 0.000e+00 0.000e+00 0.000e+00 0.000e+00
1.000e-02 0.000e+00 0.000e+00 0.000e+00 0.000e+00 0.000e+00
1.122e-02 0.000e+00 0.000e+00 0.000e+00 0.000e+00 0.000e+00
1.259e-02 0.000e+00 0.000e+00 0.000e+00 0.000e+00 0.000e+00
1.413e-02 0.000e+00 0.000e+00 0.000e+00 0.000e+00 0.000e+00
1.585e-02 0.000e+00 0.000e+00 0.000e+00 0.000e+00 0.000e+00
1.778e-02 0.000e+00 0.000e+00 0.000e+00 0.000e+00 0.000e+00
1.995e-02 0.000e+00 0.000e+00 0.000e+00 0.000e+00 0.000e+00
2.239e-02 0.000e+00 0.000e+00 0.000e+00 0.000e+00 0.000e+00
2.512e-02 0.000e+00 0.000e+00 0.000e+00 0.000e+00 0.000e+00
2.818e-02 0.000e+00 0.000e+00 0.000e+00 0.000e+00 0.000e+00
3.162e-02 0.000e+00 0.000e+00 0.000e+00 0.000e+00 0.000e+00
3.548e-02 0.000e+00 0.000e+00 0.000e+00 0.000e+00 0.000e+00
3.981e-02 0.000e+00 0.000e+00 0.000e+00 0.000e+00 0.000e+00
4.467e-02 0.000e+00 0.000e+00 0.000e+00 0.000e+00 0.000e+00
5.012e-02 0.000e+00 0.000e+00 0.000e+00 0.000e+00 0.000e+00
5.623e-02 0.000e+00 0.000e+00 0.000e+00 0.000e+00 0.000e+00
6.310e-02 0.000e+00 0.000e+00 0.000e+00 0.000e+00 0.000e+00
7.079e-02 0.000e+00 0.000e+00 0.000e+00 0.000e+00 0.000e+00
7.943e-02 0.000e+00 0.000e+00 0.000e+00 0.000e+00 0.000e+00
8.913e-02 0.000e+00 0.000e+00 0.000e+00 0.000e+00 0.000e+00
1.000e-01 0.000e+00 0.000e+00 0.000e+00 0.000e+00 0.000e+00
1.122e-01 0.000e+00 0.000e+00 0.000e+00 0.000e+00 0.000e+00
1.259e-01 0.000e+00 0.000e+00 0.000e+00 0.000e+00 0.000e+00
1.413e-01 0.000e+00 0.000e+00 0.000e+00 0.000e+00 0.000e+00
1.585e-01 0.000e+00 0.000e+00 0.000e+00 0.000e+00 0.000e+00
1.778e-01 0.000e+00 0.000e+00 0.000e+00 0.000e+00 0.000e+00
1.995e-01 0.000e+00 0.000e+00 0.000e+00 0.000e+00 0.000e+00
2.239e-01 0.000e+00 0.000e+00 0.000e+00 0.000e+00 0.000e+00
2.512e-01 0.000e+00 0.000e+00 0.000e+00 0.000e+00 0.000e+00
2.818e-01 0.000e+00 0.000e+00 0.000e+00 0.000e+00 0.000e+00
3.162e-01 0.000e+00 0.000e+00 0.000e+00 0.000e+00 0.000e+00
3.548e-01 0.000e+00 0.000e+00 0.000e+00 0.000e+00 0.000e+00
3.981e-01 0.000e+00 0.000e+00 0.000e+00 0.000e+00 0.000e+00
4.467e-01 0.000e+00 0.000e+00 0.000e+00 0.000e+00 0.000e+00
5.012e-01 0.000e+00 0.000e+00 0.000e+00 0.000e+00 0.000e+00
5.623e-01 0.000e+00 0.000e+00 0.000e+00 0.000e+00 0.000e+00
6.310e-01 0.000e+00 0.000e+00 0.000e+00 0.000e+00 0.000e+00
7.079e-01 0.000e+00 0.000e+00 0.000e+00 0.000e+00 0.000e+00
7.943e-01 0.000e+00 0.000e+00 0.000e+00 0.000e+00 0.000e+00
8.913e-01 0.000e+00 0.000e+00 0.000e+00 0.000e+00 0.000e+00
1.000e+00 0.000e+00 0.000e+00 0.000e+00 0.000e+00 0.000e+00
1.122e+00 0.000e+00 0.000e+00 0.000e+00 0.000e+00 0.000e+00
1.259e+00 0.000e+00 0.000e+00 0.000e+00 0.000e+00 0.000e+00
1.413e+00 0.000e+00 0.000e+00 0.000e+00 0.000e+00 0.000e+00
1.585e+00 0.000e+00 0.000e+00 0.000e+00 0.000e+00 0.000e+00
1.778e+00 0.000e+00 0.000e+00 0.000e+00 0.000e+00 0.000e+00
1.995e+00 0.000e+00 0.000e+00 0.000e+00 0.000e+00 0.000e+00
2.239e+00 0.000e+00 0.000e+00 0.000e+00 0.000e+00 0.000e+00
2.512e+00 0.000e+00 0.000e+00 0.000e+00 0.000e+00 0.000e+00
2.818e+00 0.000e+00 0.000e+00 0.000e+00 0.000e+00 0.000e+00
3.162e+00 0.000e+00 0.000e+00 0.000e+00 0.000e+00 0.000e+00
3.548e+00 0.000e+00 0.000e+00 0.000e+00 0.000e+00 0.000e+00
3.981e+00 0.000e+00 0.000e+00 0.000e+00 0.000e+00 0.000e+00
4.467e+00 0.000e+00 0.000e+00 0.000e+00 0.000e+00 0.000e+00
5.012e+00 0.000e+00 0.000e+00 0.000e+00 0.000e+00 0.000e+00
5.623e+00 0.000e+00 0.000e+00 0.000e+00 0.000e+00 0.000e+00
6.310e+00 0.000e+00 0.000e+00 0.000e+00 0.000e+00 0.000e+00
7.079e+00 0.000e+00 0.000e+00 0.000e+00 0.000e+00 0.000e+00
7.943e+00 0.000e+00 0.000e+00 0.000e+00 0.000e+00 0.000e+00
8.913e+00 0.000e+00 0.000e+00 0.000e+00 0.000e+00 0.000e+00
1.000e+01 0.000e+00 0.000e+00 0.000e+00 0.000e+00 0.000e+00
1.122e+01 0.000e+00 0.000e+00 0.000e+00 0.000e+00 0.000e+00
1.259e+01 0.000e+00 0.000e+00 0.000e+00 0.000e+00 0.000e+00
1.413e+01 0.000e+00 0.000e+00 0.000e+00 0.000e+00 0.000e+00
1.585e+01 0.000e+00 0.000e+00 0.000e+00 0.000e+00 0.000e+00
1.778e+01 0.000e+00 0.000e+00 0.000e+00 0.000e+00 0.000e+00
1.995e+01 0.000e+00 0.000e+00 0.000e+00 0.000e+00 0.000e+00
2.239e+01 0.000e+00 0.000e+00 0.000e+00 0.000e+00 0.000e+00
2.512e+01 0.000e+00 0.000e+00 0.000e+00 0.000e+00 0.000e+00
2.818e+01 0.000e+00 0.000e+00 0.000e+00 0.000e+00 0.000e+00
3.162e+01 0.000e+00 0.000e+00 0.000e+00 0.000e+00 0.000e+00
3.548e+01 0.000e+00 0.000e+00 0.000e+00 0.000e+00 0.000e+00
3.981e+01 0.000e+00 0.000e+00 0.000e+00 0.000e+00 0.000e+00
4.467e+01 0.000e+00 0.000e+00 0.000e+00 0.000e+00 0.000e+00
5.012e+01 0.000e+00 0.000e+00 0.000e+00 0.000e+00 0.000e+00
5.623e+01 0.000e+00 0.000e+00 0.000e+00 0.000e+00 0.000e+00
6.310e+01 0.000e+00 0.000e+00 0.000e+00 0.000e+00 0.000e+00
7.079e+01 0.000e+00 0.000e+00 0.000e+00 0.000e+00 0.000e+00
7.943e+01 0.000e+00 0.000e+00 0.000e+00 0.000e+00 0.000e+00
8.913e+01 0.000e+00 0.000e+00 0.000e+00 0.000e+00 0.000e+00
1.000e+02 0.000e+00 0.000e+00 0.000e+00 0.000e+00 0.000e+00
1.122e+02 0.000e+00 0.000e+00 0.000e+00 0.000e+00 0.000e+00
1.259e+02 0.000e+00 0.000e+00 0.000e+00 0.000e+00 0.000e+00
1.413e+02 0.000e+00 0.000e+00 0.000e+00 0.000e+00 0.000e+00
1.585e+02 0.000e+00 0.000e+00 0.000e+00 0.000e+00 0.000e+00
1.778e+02 0.000e+00 0.000e+00 0.000e+00 0.000e+00 0.000e+00
1.995e+02 0.000e+00 0.000e+00 0.000e+00 0.000e+00 0.000e+00
2.239e+02 0.000e+00 0.000e+00 0.000e+00 0.000e+00 0.000e+00
2.512e+02 0.000e+00 0.000e+00 0.000e+00 0.000e+00 0.000e+00
2.818e+02 0.000e+00 0.000e+00 0.000e+00 0.000e+00 0.000e+00
3.162e+02 0.000e+00 0.000e+00 0.000e+00 0.000e+00 0.000e+00
3.548e+02 0.000e+00 0.000e+00 0.000e+00 0.000e+00 0.000e+00
3.981e+02 0.000e+00 0.000e+00 0.000e+00 0.000e+00 0.000e+00
4.467e+02 0.000e+00 0.000e+00 0.000e+00 0.000e+00 0.000e+00
5.012e+02 0.000e+00 0.000e+00 0.000e+00 0.000e+00 0.000e+00
5.623e+02 0.000e+00 0.000e+00 0.000e+00 0.000e+00 0.000e+00
6.310e+02 0.000e+00 0.000e+00 0.000e+00 0.000e+00 0.000e+00
7.079e+02 0.000e+00 0.000e+00 0.000e+00 0.000e+00 0.000e+00
7.943e+02 0.000e+00 0.000e+00 0.000e+00 0.000e+00 0.000e+00
8.913e+02 0.000e+00 0.000e+00 0.000e+00 0.000e+00 0.000e+00
1.000e+03 0.000e+00 0.000e+00 0.000e+00 0.000e+00 0.000e+00
1.122e+03 0.000e+00 0.000e+00 0.000e+00 0.000e+00 0.000e+00
1.259e+03 0.000e+00 0.000e+00 0.000e+00 0.000e+00 0.000e+00
1.413e+03 0.000e+00 0.000e+00 0.000e+00 0.000e+00 0.000e+00
1.585e+03 0.000e+00 0.000e+00 0.000e+00 0.000e+00 0.000e+00
1.778e+03 0.000e+00 0.000e+00 0.000e+00 0.000e+00 0.000e+00
1.995e+03 0.000e+00 0.000e+00 0.000e+00 0.000e+00 0.000e+00
2.239e+03 0.000e+00 0.000e+00 0.000e+00 0.000e+00 0.000e+00
2.512e+03 0.000e+00 0.000e+00 0.000e+00 0.000e+00 0.000e+00
2.818e+03 0.000e+00 0.000e+00 0.000e+00 0.000e+00 0.000e+00
3.162e+03 0.000e+00 0.000e+00 0.000e+00 0.000e+00 0.000e+00
3.548e+03 0.000e+00 0.000e+00 0.000e+00 0.000e+00 0.000e+00
3.981e+03 0.000e+00 0.000e+00 0.000e+00 0.000e+00 0.000e+00
4.467e+03 0.000e+00 0.000e+00 0.000e+00 0.000e+00 0.000e+00
5.012e+03 0.000e+00 0.000e+00 0.000e+00 0.000e+00 0.000e+00
5.623e+03 0.000e+00 0.000e+00 0.000e+00 0.000e+00 0.000e+00
6.310e+03 0.000e+00 0.000e+00 0.000e+00 0.000e+00 0.000e+00
7.079e+03 0.000e+00 0.000e+00 0.000e+00 0.000e+00 0.000e+00
7.943e+03 0.000e+00 0.000e+00 0.000e+00 0.000e+00 0.000e+00
8.913e+03 0.000e+00 0.000e+00 0.000e+00 0.000e+00 0.000e+00
1.000e+04 0.000e+00 0.000e+00 0.000e+00 0.000e+00 0.000e+00
1.122e+04 0.000e+00 0.000e+00 0.000e+00 0.000e+00 0.000e+00
1.259e+04 0.000e+00 0.000e+00 0.000e+00 0.000e+00 0.000e+00
1.413e+04 0.000e+00 0.000e+00 0.000e+00 0.000e+00 0.000e+00
1.585e+04 0.000e+00 0.000e+00 0.000e+00 0.000e+00 0.000e+00
1.778e+04 0.000e+00 0.000e+00 0.000e+00 0.000e+00 0.000e+00
1.995e+04 0.000e+00 0.000e+00 0.000e+00 0.000e+00 0.000e+00
2.239e+04 0.000e+00 0.000e+00 0.000e+00 0.000e+00 0.000e+00
2.512e+04 0.000e+00 0.000e+00 0.000e+00 0.000e+00 0.000e+00
2.818e+04 0.000e+00 0.000e+00 0.000e+00 0.000e+00 0.000e+00
3.162e+04 0.000e+00 0.000e+00 0.000e+00 0.000e+00 0.000e+00
3.548e+04 0.000e+00 0.000e+00 0.000e+00 0.000e+00 0.000e+00
3.981e+04 0.000e+00 0.000e+00 0.000e+00 0.000e+00 0.000e+00
4.467e+04 0.000e+00 0.000e+00 0.000e+00 0.000e+00 0.000e+00
5.012e+04 0.000e+00 0.000e+00 0.000e+00 0.000e+00 0.000e+00
5.623e+04 0.000e+00 0.000e+00 0.000e+00 0.000e+00 0.000e+00
6.310e+04 0.000e+00 0.000e+00 0.000e+00 0.000e+00 0.000e+00
7.079e+04 0.000e+00 0.000e+00 0.000e+00 0.000e+00 0.000e+00
7.943e+04 0.000e+00 0.000e+00 0.000e+00 0.000e+00 0.000e+00
8.913e+04 0.000e+00 0.000e+00 0.000e+00 0.000e+00 0.000e+00
1.000e+05 0.000e+00 0.000e+00 0.000e+00 0.000e+00 0.000e+00
1.122e+05 0.000e+00 0.000e+00 0.000e+00 0.000e+00 0.000e+00
1.259e+05 0.000e+00 0.000e+00 0.000e+00 0.000e+00 0.000e+00
1.413e+05 0.000e+00 0.000e+00 0.000e+00 0.000e+00 0.000e+00
1.585e+05 0.000e+00 0.000e+00 0.000e+00 0.000e+00 0.000e+00
1.778e+05 0.000e+00 0.000e+00 0.000e+00 0.000e+00 0.000e+00
1.995e+05 0.000e+00 0.000e+00 0.000e+00 0.000e+00 0.000e+00
2.239e+05 0.000e+00 0.000e+00 0.000e+00 0.000e+00 0.000e+00
2.512e+05 0.000e+00 0.000e+00 0.000e+00 0.000e+00 0.000e+00
2.818e+05 0.000e+00 0.000e+00 0.000e+00 0.000e+00 0.000e+00
3.162e+05 0.000e+00 0.000e+00 0.000e+00 0.000e+00 0.000e+00
3.548e+05 0.000e+00 0.000e+00 0.000e+00 0.000e+00 0.000e+00
3.981e+05 0.000e+00 0.000e+00 0.000e+00 0.000e+00 0.000e+00
4.467e+05 0.000e+00 0.000e+00 0.000e+00 0.000e+00 0.000e+00
5.012e+05 0.000e+00 0.000e+00 0.000e+00 0.000e+00 0.000e+00
5.623e+05 0.000e+00 0.000e+00 0.000e+00 0.000e+00 0.000e+00
6.310e+05 0.000e+00 0.000e+00 0.000e+00 0.000e+00 0.000e+00
7.079e+05 0.000e+00 0.000e+00 0.000e+00 0.000e+00 0.000e+00
7.943e+05 0.000e+00 0.000e+00 0.000e+00 0.000e+00 0.000e+00
8.913e+05 0.000e+00 0.000e+00 0.000e+00 0.000e+00 0.000e+00
1.000e+06 0.000e+00 0.000e+00 0.000e+00 0.000e+00 0.000e+00
1.122e+06 0.000e+00 0.000e+00 0.000e+00 0.000e+00 0.000e+00
1.259e+06 0.000e+00 0.000e+00 0.000e+00 0.000e+00 0.000e+00
1.413e+06 0.000e+00 0.000e+00 0.000e+00 0.000e+00 0.000e+00
1.585e+06 0.000e+00 0.000e+00 0.000e+00 0.000e+00 0.000e+00
1.778e+06 0.000e+00 0.000e+00 0.000e+00 0.000e+00 0.000e+00
1.995e+06 0.000e+00 0.000e+00 0.000e+00 0.000e+00 0.000e+00
2.239e+06 0.000e+00 0.000e+00 0.000e+00 0.000e+00 0.000e+00
2.512e+06 0.000e+00 0.000e+00 0.000e+00 0.000e+00 0.000e+00
2.818e+06 0.000e+00 0.000e+00 0.000e+00 0.000e+00 0.000e+00
3.162e+06 0.000e+00 0.000e+00 0.000e+00 0.000e+00 0.000e+00
3.548e+06 0.000e+00 0.000e+00 0.000e+00 0.000e+00 0.000e+00
3.981e+06 0.000e+00 0.000e+00 0.000e+00 0.000e+00 0.000e+00
4.467e+06 0.000e+00 0.000e+00 0.000e+00 0.000e+00 0.000e+00
5.012e+06 0.000e+00 0.000e+00 0.000e+00 0.000e+00 0.000e+00
5.623e+06 0.000e+00 0.000e+00 0.000e+00 0.000e+00 0.000e+00
6.310e+06 0.000e+00 0.000e+00 0.000e+00 0.000e+00 0.000e+00
7.079e+06 0.000e+00 0.000e+00 0.000e+00 0.000e+00 0.000e+00
7.943e+06 0.000e+00 0.000e+00 0.000e+00 0.000e+00 0.000e+00
8.913e+06 0.000e+00 0.000e+00 0.000e+00 0.000e+00 0.000e+00
1.000e+07 0.000e+00 0.000e+00 0.000e+00 0.000e+00 0.000e+00
1.122e+07 0.000e+00 0.000e+00 0.000e+00 0.000e+00 0.000e+00
1.259e+07 0.000e+00 0.000e+00 0.000e+00 0.000e+00 0.000e+00
1.413e+07 0.000e+00 0.000e+00 0.000e+00 0.000e+00 0.000e+00
1.585e+07 0.000e+00 0.000e+00 0.000e+00 0.000e+00 0.000e+00
1.778e+07 0.000e+00 0.000e+00 0.000e+00 0.000e+00 0.000e+00
1.995e+07 0.000e+00 0.000e+00 0.000e+00 0.000e+00 0.000e+00
2.239e+07 0.000e+00 0.000e+00 0.000e+00 0.000e+00 0.000e+00
2.512e+07 0.000e+00 0.000e+00 0.000e+00 0.000e+00 0.000e+00
2.818e+07 0.000e+00 0.000e+00 0.000e+00 0.000e+00 0.000e+00
3.162e+07 0.000e+00 0.000e+00 0.000e+00 0.000e+00 0.000e+00
3.548e+07 0.000e+00 0.000e+00 0.000e+00 0.000e+00 0.000e+00
3.981e+07 0.000e+00 0.000e+00 0.000e+00 0.000e+00 0.000e+00
4.467e+07 0.000e+00 0.000e+00 0.000e+00 0.000e+00 0.000e+00
5.012e+07 0.000e+00 0.000e+00 0.000e+00 0.000e+00 0.000e+00
5.623e+07 0.000e+00 0.000e+00 0.000e+00 0.000e+00 0.000e+00
6.310e+07 0.000e+00 0.000e+00 0.000e+00 0.000e+00 0.000e+00
7.079e+07 0.000e+00 0.000e+00 0.000e+00 0.000e+00 0.000e+00
7.943e+07 0.000e+00 0.000e+00 0.000e+00 0.000e+00 0.000e+00
8.913e+07 0.000e+00 0.000e+00 0.000e+00 0.000e+00 0.000e+00
1.000e+08 0.000e+00 0.000e+00 0.000e+00 0.000e+00 0.000e+00
