1.000e-20 3.204e+70 5.133e+30 5.141e-27 3.382e-15 4.250e-14
1.122e-20 2.695e+70 5.437e+30 5.446e-27 3.583e-15 4.502e-14
1.259e-20 2.268e+70 5.759e+30 5.768e-27 3.795e-15 4.769e-14
1.413e-20 1.908e+70 6.100e+30 6.110e-27 4.020e-15 5.051e-14
1.585e-20 1.605e+70 6.461e+30 6.472e-27 4.258e-15 5.350e-14
1.778e-20 1.351e+70 6.844e+30 6.855e-27 4.510e-15 5.667e-14
1.995e-20 1.137e+70 7.249e+30 7.261e-27 4.777e-15 6.003e-14
2.239e-20 9.562e+69 7.678e+30 7.691e-27 5.060e-15 6.358e-14
2.512e-20 8.045e+69 8.133e+30 8.147e-27 5.359e-15 6.735e-14
2.818e-20 6.769e+69 8.615e+30 8.629e-27 5.677e-15 7.134e-14
3.162e-20 5.695e+69 9.125e+30 9.140e-27 6.013e-15 7.556e-14
3.548e-20 4.792e+69 9.665e+30 9.682e-27 6.369e-15 8.004e-14
3.981e-20 4.032e+69 1.024e+31 1.026e-26 6.746e-15 8.477e-14
4.467e-20 3.392e+69 1.084e+31 1.086e-26 7.146e-15 8.979e-14
5.012e-20 2.854e+69 1.149e+31 1.151e-26 7.569e-15 9.511e-14
5.623e-20 2.401e+69 1.217e+31 1.219e-26 8.017e-15 1.007e-13
6.310e-20 2.020e+69 1.289e+31 1.291e-26 8.491e-15 1.067e-13
7.079e-20 1.700e+69 1.365e+31 1.367e-26 8.994e-15 1.130e-13
7.943e-20 1.430e+69 1.446e+31 1.448e-26 9.527e-15 1.197e-13
8.913e-20 1.203e+69 1.531e+31 1.534e-26 1.009e-14 1.268e-13
1.000e-19 1.012e+69 1.622e+31 1.625e-26 1.069e-14 1.343e-13
1.122e-19 8.517e+68 1.718e+31 1.721e-26 1.132e-14 1.423e-13
1.259e-19 7.166e+68 1.820e+31 1.823e-26 1.199e-14 1.507e-13
1.413e-19 6.029e+68 1.927e+31 1.931e-26 1.270e-14 1.596e-13
1.585e-19 5.072e+68 2.041e+31 2.045e-26 1.345e-14 1.690e-13
1.778e-19 4.267e+68 2.162e+31 2.166e-26 1.425e-14 1.790e-13
1.995e-19 3.590e+68 2.290e+31 2.294e-26 1.509e-14 1.896e-13
2.239e-19 3.021e+68 2.426e+31 2.430e-26 1.598e-14 2.009e-13
2.512e-19 2.541e+68 2.569e+31 2.573e-26 1.693e-14 2.127e-13
2.818e-19 2.138e+68 2.721e+31 2.726e-26 1.793e-14 2.253e-13
3.162e-19 1.799e+68 2.882e+31 2.887e-26 1.899e-14 2.386e-13
3.548e-19 1.513e+68 3.052e+31 3.058e-26 2.011e-14 2.528e-13
3.981e-19 1.273e+68 3.233e+31 3.238e-26 2.130e-14 2.677e-13
4.467e-19 1.071e+68 3.424e+31 3.430e-26 2.256e-14 2.835e-13
5.012e-19 9.011e+67 3.626e+31 3.633e-26 2.390e-14 3.003e-13
5.623e-19 7.581e+67 3.841e+31 3.847e-26 2.531e-14 3.180e-13
6.310e-19 6.377e+67 4.068e+31 4.075e-26 2.680e-14 3.368e-13
7.079e-19 5.365e+67 4.308e+31 4.315e-26 2.839e-14 3.567e-13
7.943e-19 4.513e+67 4.563e+31 4.570e-26 3.007e-14 3.778e-13
8.913e-19 3.797e+67 4.832e+31 4.840e-26 3.184e-14 4.001e-13
1.000e-18 3.194e+67 5.117e+31 5.126e-26 3.372e-14 4.238e-13
1.122e-18 2.687e+67 5.420e+31 5.429e-26 3.571e-14 4.488e-13
1.259e-18 2.260e+67 5.740e+31 5.749e-26 3.782e-14 4.753e-13
1.413e-18 1.901e+67 6.078e+31 6.089e-26 4.005e-14 5.033e-13
1.585e-18 1.599e+67 6.437e+31 6.448e-26 4.242e-14 5.330e-13
1.778e-18 1.345e+67 6.817e+31 6.828e-26 4.492e-14 5.645e-13
1.995e-18 1.132e+67 7.219e+31 7.231e-26 4.757e-14 5.978e-13
2.239e-18 9.520e+66 7.645e+31 7.658e-26 5.037e-14 6.330e-13
2.512e-18 8.008e+66 8.095e+31 8.109e-26 5.334e-14 6.703e-13
2.818e-18 6.736e+66 8.572e+31 8.587e-26 5.649e-14 7.099e-13
3.162e-18 5.666e+66 9.077e+31 9.093e-26 5.982e-14 7.517e-13
3.548e-18 4.765e+66 9.612e+31 9.628e-26 6.334e-14 7.959e-13
3.981e-18 4.008e+66 1.018e+32 1.020e-25 6.707e-14 8.428e-13
4.467e-18 3.371e+66 1.078e+32 1.080e-25 7.102e-14 8.924e-13
5.012e-18 2.835e+66 1.141e+32 1.143e-25 7.519e-14 9.449e-13
5.623e-18 2.385e+66 1.208e+32 1.210e-25 7.961e-14 1.000e-12
6.310e-18 2.006e+66 1.279e+32 1.281e-25 8.429e-14 1.059e-12
7.079e-18 1.687e+66 1.354e+32 1.357e-25 8.925e-14 1.122e-12
7.943e-18 1.418e+66 1.434e+32 1.436e-25 9.449e-14 1.187e-12
8.913e-18 1.193e+66 1.518e+32 1.521e-25 1.000e-13 1.257e-12
1.000e-17 1.003e+66 1.607e+32 1.610e-25 1.059e-13 1.331e-12
1.122e-17 8.435e+65 1.701e+32 1.704e-25 1.121e-13 1.409e-12
1.259e-17 7.093e+65 1.801e+32 1.804e-25 1.187e-13 1.491e-12
1.413e-17 5.964e+65 1.906e+32 1.910e-25 1.256e-13 1.579e-12
1.585e-17 5.014e+65 2.018e+32 2.021e-25 1.330e-13 1.671e-12
1.778e-17 4.216e+65 2.136e+32 2.140e-25 1.408e-13 1.769e-12
1.995e-17 3.545e+65 2.261e+32 2.265e-25 1.490e-13 1.872e-12
2.239e-17 2.980e+65 2.393e+32 2.397e-25 1.577e-13 1.981e-12
2.512e-17 2.505e+65 2.532e+32 2.537e-25 1.669e-13 2.097e-12
2.818e-17 2.106e+65 2.680e+32 2.685e-25 1.766e-13 2.219e-12
3.162e-17 1.770e+65 2.836e+32 2.841e-25 1.869e-13 2.348e-12
3.548e-17 1.488e+65 3.001e+32 3.006e-25 1.978e-13 2.485e-12
3.981e-17 1.251e+65 3.175e+32 3.181e-25 2.092e-13 2.629e-12
4.467e-17 1.051e+65 3.360e+32 3.365e-25 2.214e-13 2.782e-12
5.012e-17 8.832e+64 3.554e+32 3.561e-25 2.342e-13 2.943e-12
5.623e-17 7.422e+64 3.760e+32 3.767e-25 2.478e-13 3.114e-12
6.310e-17 6.236e+64 3.978e+32 3.985e-25 2.621e-13 3.294e-12
7.079e-17 5.240e+64 4.207e+32 4.215e-25 2.773e-13 3.484e-12
7.943e-17 4.402e+64 4.450e+32 4.458e-25 2.932e-13 3.685e-12
8.913e-17 3.698e+64 4.706e+32 4.714e-25 3.101e-13 3.897e-12
1.000e-16 3.106e+64 4.977e+32 4.985e-25 3.280e-13 4.121e-12
1.122e-16 2.609e+64 5.262e+32 5.271e-25 3.468e-13 4.358e-12
1.259e-16 2.191e+64 5.564e+32 5.573e-25 3.666e-13 4.607e-12
1.413e-16 1.840e+64 5.882e+32 5.892e-25 3.876e-13 4.871e-12
1.585e-16 1.545e+64 6.218e+32 6.228e-25 4.097e-13 5.149e-12
1.778e-16 1.297e+64 6.572e+32 6.583e-25 4.331e-13 5.442e-12
1.995e-16 1.089e+64 6.945e+32 6.957e-25 4.577e-13 5.751e-12
2.239e-16 9.139e+63 7.339e+32 7.351e-25 4.836e-13 6.077e-12
2.512e-16 7.670e+63 7.754e+32 7.767e-25 5.109e-13 6.421e-12
2.818e-16 6.436e+63 8.191e+32 8.205e-25 5.398e-13 6.783e-12
3.162e-16 5.400e+63 8.652e+32 8.666e-25 5.701e-13 7.164e-12
3.548e-16 4.530e+63 9.137e+32 9.152e-25 6.021e-13 7.566e-12
3.981e-16 3.799e+63 9.648e+32 9.664e-25 6.357e-13 7.989e-12
4.467e-16 3.186e+63 1.019e+33 1.020e-24 6.712e-13 8.434e-12
5.012e-16 2.671e+63 1.075e+33 1.077e-24 7.085e-13 8.903e-12
5.623e-16 2.239e+63 1.135e+33 1.137e-24 7.477e-13 9.395e-12
6.310e-16 1.877e+63 1.197e+33 1.199e-24 7.889e-13 9.913e-12
7.079e-16 1.573e+63 1.263e+33 1.265e-24 8.322e-13 1.046e-11
7.943e-16 1.318e+63 1.332e+33 1.334e-24 8.777e-13 1.103e-11
8.913e-16 1.104e+63 1.404e+33 1.407e-24 9.255e-13 1.163e-11
1.000e-15 9.241e+62 1.481e+33 1.483e-24 9.756e-13 1.226e-11
1.122e-15 7.736e+62 1.560e+33 1.563e-24 1.028e-12 1.292e-11
1.259e-15 6.475e+62 1.644e+33 1.647e-24 1.083e-12 1.361e-11
1.413e-15 5.417e+62 1.732e+33 1.735e-24 1.141e-12 1.434e-11
1.585e-15 4.531e+62 1.824e+33 1.827e-24 1.202e-12 1.510e-11
1.778e-15 3.789e+62 1.920e+33 1.923e-24 1.265e-12 1.590e-11
1.995e-15 3.167e+62 2.020e+33 2.024e-24 1.331e-12 1.673e-11
2.239e-15 2.647e+62 2.125e+33 2.129e-24 1.400e-12 1.760e-11
2.512e-15 2.211e+62 2.235e+33 2.239e-24 1.473e-12 1.851e-11
2.818e-15 1.846e+62 2.350e+33 2.354e-24 1.548e-12 1.946e-11
3.162e-15 1.541e+62 2.469e+33 2.473e-24 1.627e-12 2.045e-11
3.548e-15 1.286e+62 2.593e+33 2.598e-24 1.709e-12 2.148e-11
3.981e-15 1.072e+62 2.723e+33 2.728e-24 1.794e-12 2.255e-11
4.467e-15 8.939e+61 2.858e+33 2.863e-24 1.883e-12 2.366e-11
5.012e-15 7.449e+61 2.998e+33 3.003e-24 1.975e-12 2.482e-11
5.623e-15 6.203e+61 3.143e+33 3.148e-24 2.071e-12 2.603e-11
6.310e-15 5.164e+61 3.294e+33 3.299e-24 2.170e-12 2.727e-11
7.079e-15 4.296e+61 3.449e+33 3.455e-24 2.273e-12 2.856e-11
7.943e-15 3.572e+61 3.611e+33 3.617e-24 2.379e-12 2.990e-11
8.913e-15 2.968e+61 3.777e+33 3.784e-24 2.489e-12 3.128e-11
1.000e-14 2.465e+61 3.949e+33 3.956e-24 2.602e-12 3.270e-11
1.122e-14 2.046e+61 4.126e+33 4.133e-24 2.719e-12 3.417e-11
1.259e-14 1.697e+61 4.308e+33 4.315e-24 2.839e-12 3.567e-11
1.413e-14 1.406e+61 4.495e+33 4.502e-24 2.962e-12 3.722e-11
1.585e-14 1.164e+61 4.686e+33 4.694e-24 3.088e-12 3.880e-11
1.778e-14 9.635e+60 4.882e+33 4.890e-24 3.217e-12 4.042e-11
1.995e-14 7.967e+60 5.081e+33 5.090e-24 3.348e-12 4.208e-11
2.239e-14 6.581e+60 5.285e+33 5.294e-24 3.482e-12 4.376e-11
2.512e-14 5.432e+60 5.491e+33 5.501e-24 3.619e-12 4.547e-11
2.818e-14 4.479e+60 5.701e+33 5.710e-24 3.757e-12 4.721e-11
3.162e-14 3.690e+60 5.912e+33 5.922e-24 3.896e-12 4.896e-11
3.548e-14 3.037e+60 6.126e+33 6.136e-24 4.037e-12 5.073e-11
3.981e-14 2.497e+60 6.340e+33 6.351e-24 4.178e-12 5.250e-11
4.467e-14 2.050e+60 6.554e+33 6.566e-24 4.319e-12 5.428e-11
5.012e-14 1.682e+60 6.768e+33 6.780e-24 4.460e-12 5.605e-11
5.623e-14 1.378e+60 6.981e+33 6.992e-24 4.600e-12 5.780e-11
6.310e-14 1.127e+60 7.190e+33 7.203e-24 4.738e-12 5.954e-11
7.079e-14 9.212e+59 7.397e+33 7.409e-24 4.874e-12 6.125e-11
7.943e-14 7.517e+59 7.599e+33 7.611e-24 5.007e-12 6.292e-11
8.913e-14 6.125e+59 7.795e+33 7.808e-24 5.136e-12 6.454e-11
1.000e-13 4.983e+59 7.984e+33 7.997e-24 5.261e-12 6.611e-11
1.122e-13 4.048e+59 8.164e+33 8.178e-24 5.380e-12 6.760e-11
1.259e-13 3.282e+59 8.335e+33 8.349e-24 5.492e-12 6.902e-11
1.413e-13 2.657e+59 8.495e+33 8.509e-24 5.598e-12 7.034e-11
1.585e-13 2.147e+59 8.642e+33 8.657e-24 5.695e-12 7.157e-11
1.778e-13 1.732e+59 8.776e+33 8.791e-24 5.783e-12 7.267e-11
1.995e-13 1.394e+59 8.894e+33 8.909e-24 5.861e-12 7.365e-11
2.239e-13 1.120e+59 8.995e+33 9.010e-24 5.927e-12 7.449e-11
2.512e-13 8.980e+58 9.078e+33 9.093e-24 5.982e-12 7.517e-11
2.818e-13 7.183e+58 9.141e+33 9.157e-24 6.024e-12 7.569e-11
3.162e-13 5.732e+58 9.183e+33 9.199e-24 6.051e-12 7.604e-11
3.548e-13 4.563e+58 9.203e+33 9.219e-24 6.064e-12 7.621e-11
3.981e-13 3.623e+58 9.199e+33 9.215e-24 6.062e-12 7.618e-11
4.467e-13 2.869e+58 9.171e+33 9.187e-24 6.043e-12 7.594e-11
5.012e-13 2.266e+58 9.118e+33 9.133e-24 6.008e-12 7.550e-11
5.623e-13 1.784e+58 9.039e+33 9.054e-24 5.956e-12 7.485e-11
6.310e-13 1.401e+58 8.933e+33 8.948e-24 5.886e-12 7.397e-11
7.079e-13 1.096e+58 8.801e+33 8.815e-24 5.799e-12 7.287e-11
7.943e-13 8.548e+57 8.641e+33 8.656e-24 5.694e-12 7.156e-11
8.913e-13 6.644e+57 8.456e+33 8.470e-24 5.572e-12 7.002e-11
1.000e-12 5.146e+57 8.245e+33 8.259e-24 5.433e-12 6.827e-11
1.122e-12 inf inf inf inf inf
1.259e-12 inf inf inf inf inf
1.413e-12 inf inf inf inf inf
1.585e-12 inf inf inf inf inf
1.778e-12 inf inf inf inf inf
1.995e-12 inf inf inf inf inf
2.239e-12 inf inf inf inf inf
2.512e-12 inf inf inf inf inf
2.818e-12 inf inf inf inf inf
3.162e-12 inf inf inf inf inf
3.548e-12 2.315e+56 4.669e+33 4.677e-24 3.077e-12 3.866e-11
3.981e-12 1.691e+56 4.295e+33 4.302e-24 2.830e-12 3.557e-11
4.467e-12 1.228e+56 3.926e+33 3.932e-24 2.587e-12 3.251e-11
5.012e-12 8.856e+55 3.564e+33 3.570e-24 2.349e-12 2.951e-11
5.623e-12 6.343e+55 3.214e+33 3.219e-24 2.118e-12 2.661e-11
6.310e-12 4.510e+55 2.877e+33 2.882e-24 1.896e-12 2.382e-11
7.079e-12 3.183e+55 2.556e+33 2.560e-24 1.684e-12 2.116e-11
7.943e-12 2.229e+55 2.253e+33 2.257e-24 1.485e-12 1.866e-11
8.913e-12 1.548e+55 1.970e+33 1.973e-24 1.298e-12 1.631e-11
1.000e-11 1.066e+55 1.707e+33 1.710e-24 1.125e-12 1.414e-11
1.122e-11 7.272e+54 1.467e+33 1.469e-24 9.665e-13 1.215e-11
1.259e-11 4.917e+54 1.249e+33 1.251e-24 8.228e-13 1.034e-11
1.413e-11 3.293e+54 1.053e+33 1.054e-24 6.937e-13 8.717e-12
1.585e-11 2.184e+54 8.788e+32 8.802e-25 5.791e-13 7.277e-12
1.778e-11 1.433e+54 7.260e+32 7.272e-25 4.784e-13 6.012e-12
1.995e-11 9.304e+53 5.934e+32 5.944e-25 3.911e-13 4.914e-12
2.239e-11 5.974e+53 4.797e+32 4.806e-25 3.161e-13 3.973e-12
2.512e-11 3.793e+53 3.834e+32 3.841e-25 2.527e-13 3.175e-12
2.818e-11 2.380e+53 3.029e+32 3.034e-25 1.996e-13 2.508e-12
3.162e-11 1.475e+53 2.364e+32 2.368e-25 1.558e-13 1.957e-12
3.548e-11 9.034e+52 1.822e+32 1.825e-25 1.201e-13 1.509e-12
3.981e-11 5.462e+52 1.387e+32 1.389e-25 9.140e-14 1.149e-12
4.467e-11 3.261e+52 1.042e+32 1.044e-25 6.868e-14 8.631e-13
5.012e-11 1.921e+52 7.731e+31 7.744e-26 5.094e-14 6.402e-13
5.623e-11 1.117e+52 5.660e+31 5.669e-26 3.730e-14 4.687e-13
6.310e-11 6.412e+51 4.090e+31 4.097e-26 2.695e-14 3.387e-13
7.079e-11 3.634e+51 2.918e+31 2.923e-26 1.923e-14 2.416e-13
7.943e-11 2.035e+51 2.057e+31 2.060e-26 1.355e-14 1.703e-13
8.913e-11 1.127e+51 1.434e+31 1.437e-26 9.452e-15 1.188e-13
1.000e-10 6.189e+50 9.916e+30 9.933e-27 6.534e-15 8.211e-14
1.122e-10 3.382e+50 6.821e+30 6.833e-27 4.495e-15 5.648e-14
1.259e-10 1.850e+50 4.697e+30 4.705e-27 3.095e-15 3.890e-14
1.413e-10 1.022e+50 3.268e+30 3.274e-27 2.154e-15 2.706e-14
1.585e-10 5.785e+49 2.328e+30 2.332e-27 1.534e-15 1.928e-14
1.778e-10 3.408e+49 1.726e+30 1.729e-27 1.138e-15 1.430e-14
1.995e-10 2.124e+49 1.354e+30 1.357e-27 8.925e-16 1.122e-14
2.239e-10 1.415e+49 1.136e+30 1.138e-27 7.487e-16 9.408e-15
2.512e-10 1.008e+49 1.019e+30 1.021e-27 6.715e-16 8.438e-15
2.818e-10 7.603e+48 9.676e+29 9.692e-28 6.376e-16 8.012e-15
3.162e-10 5.983e+48 9.585e+29 9.601e-28 6.316e-16 7.937e-15
3.548e-10 4.842e+48 9.766e+29 9.783e-28 6.436e-16 8.087e-15
3.981e-10 3.987e+48 1.012e+30 1.014e-27 6.672e-16 8.384e-15
4.467e-10 3.316e+48 1.060e+30 1.062e-27 6.986e-16 8.779e-15
5.012e-10 2.774e+48 1.116e+30 1.118e-27 7.356e-16 9.244e-15
5.623e-10 2.327e+48 1.179e+30 1.181e-27 7.768e-16 9.762e-15
6.310e-10 1.955e+48 1.247e+30 1.249e-27 8.217e-16 1.033e-14
7.079e-10 1.644e+48 1.320e+30 1.322e-27 8.698e-16 1.093e-14
7.943e-10 1.383e+48 1.398e+30 1.400e-27 9.210e-16 1.157e-14
8.913e-10 1.163e+48 1.480e+30 1.483e-27 9.755e-16 1.226e-14
1.000e-09 9.787e+47 1.568e+30 1.571e-27 1.033e-15 1.298e-14
1.122e-09 8.235e+47 1.661e+30 1.664e-27 1.095e-15 1.375e-14
1.259e-09 6.929e+47 1.760e+30 1.763e-27 1.159e-15 1.457e-14
1.413e-09 5.831e+47 1.864e+30 1.867e-27 1.228e-15 1.543e-14
1.585e-09 4.906e+47 1.974e+30 1.978e-27 1.301e-15 1.635e-14
1.778e-09 4.128e+47 2.092e+30 2.095e-27 1.378e-15 1.732e-14
1.995e-09 3.474e+47 2.216e+30 2.219e-27 1.460e-15 1.835e-14
2.239e-09 2.923e+47 2.347e+30 2.351e-27 1.547e-15 1.944e-14
2.512e-09 2.460e+47 2.486e+30 2.491e-27 1.638e-15 2.059e-14
2.818e-09 2.070e+47 2.634e+30 2.638e-27 1.736e-15 2.181e-14
3.162e-09 1.742e+47 2.790e+30 2.795e-27 1.839e-15 2.311e-14
3.548e-09 1.465e+47 2.956e+30 2.961e-27 1.948e-15 2.448e-14
3.981e-09 1.233e+47 3.131e+30 3.137e-27 2.063e-15 2.593e-14
4.467e-09 1.038e+47 3.317e+30 3.323e-27 2.186e-15 2.747e-14
5.012e-09 8.731e+46 3.514e+30 3.520e-27 2.316e-15 2.910e-14
5.623e-09 7.347e+46 3.723e+30 3.729e-27 2.453e-15 3.083e-14
6.310e-09 6.183e+46 3.943e+30 3.950e-27 2.599e-15 3.265e-14
7.079e-09 5.202e+46 4.178e+30 4.185e-27 2.753e-15 3.459e-14
7.943e-09 4.378e+46 4.426e+30 4.433e-27 2.916e-15 3.665e-14
8.913e-09 3.684e+46 4.688e+30 4.696e-27 3.089e-15 3.882e-14
1.000e-08 3.100e+46 4.967e+30 4.975e-27 3.273e-15 4.113e-14
1.122e-08 2.609e+46 5.261e+30 5.270e-27 3.467e-15 4.357e-14
1.259e-08 2.195e+46 5.574e+30 5.583e-27 3.673e-15 4.616e-14
1.413e-08 1.847e+46 5.905e+30 5.915e-27 3.891e-15 4.890e-14
1.585e-08 1.554e+46 6.255e+30 6.266e-27 4.122e-15 5.180e-14
1.778e-08 1.308e+46 6.627e+30 6.638e-27 4.367e-15 5.487e-14
1.995e-08 1.101e+46 7.020e+30 7.032e-27 4.626e-15 5.813e-14
2.239e-08 9.262e+45 7.437e+30 7.450e-27 4.901e-15 6.158e-14
2.512e-08 7.794e+45 7.879e+30 7.892e-27 5.192e-15 6.524e-14
2.818e-08 6.558e+45 8.346e+30 8.360e-27 5.500e-15 6.911e-14
3.162e-08 5.519e+45 8.842e+30 8.857e-27 5.826e-15 7.321e-14
3.548e-08 4.644e+45 9.366e+30 9.382e-27 6.172e-15 7.756e-14
3.981e-08 3.907e+45 9.922e+30 9.939e-27 6.538e-15 8.216e-14
4.467e-08 3.288e+45 1.051e+31 1.053e-26 6.926e-15 8.703e-14
5.012e-08 2.766e+45 1.113e+31 1.115e-26 7.336e-15 9.219e-14
5.623e-08 2.327e+45 1.179e+31 1.181e-26 7.770e-15 9.764e-14
6.310e-08 1.958e+45 1.249e+31 1.251e-26 8.230e-15 1.034e-13
7.079e-08 1.647e+45 1.323e+31 1.325e-26 8.716e-15 1.095e-13
7.943e-08 1.386e+45 1.401e+31 1.403e-26 9.231e-15 1.160e-13
8.913e-08 1.166e+45 1.483e+31 1.486e-26 9.774e-15 1.228e-13
1.000e-07 9.800e+44 1.570e+31 1.573e-26 1.035e-14 1.300e-13
1.122e-07 8.243e+44 1.663e+31 1.665e-26 1.096e-14 1.377e-13
1.259e-07 6.933e+44 1.761e+31 1.764e-26 1.160e-14 1.458e-13
1.413e-07 5.831e+44 1.864e+31 1.867e-26 1.228e-14 1.544e-13
1.585e-07 4.903e+44 1.973e+31 1.977e-26 1.300e-14 1.634e-13
1.778e-07 4.122e+44 2.089e+31 2.092e-26 1.376e-14 1.729e-13
1.995e-07 3.467e+44 2.211e+31 2.215e-26 1.457e-14 1.831e-13
2.239e-07 2.915e+44 2.341e+31 2.345e-26 1.542e-14 1.938e-13
2.512e-07 2.450e+44 2.477e+31 2.481e-26 1.632e-14 2.051e-13
2.818e-07 2.060e+44 2.622e+31 2.626e-26 1.728e-14 2.171e-13
3.162e-07 1.732e+44 2.775e+31 2.779e-26 1.828e-14 2.298e-13
3.548e-07 1.456e+44 2.936e+31 2.941e-26 1.935e-14 2.431e-13
3.981e-07 1.224e+44 3.107e+31 3.113e-26 2.048e-14 2.573e-13
4.467e-07 1.029e+44 3.288e+31 3.294e-26 2.167e-14 2.723e-13
5.012e-07 8.645e+43 3.479e+31 3.485e-26 2.293e-14 2.881e-13
5.623e-07 7.265e+43 3.681e+31 3.687e-26 2.426e-14 3.048e-13
6.310e-07 6.106e+43 3.894e+31 3.901e-26 2.566e-14 3.225e-13
7.079e-07 5.131e+43 4.120e+31 4.127e-26 2.715e-14 3.411e-13
7.943e-07 4.312e+43 4.359e+31 4.366e-26 2.872e-14 3.609e-13
8.913e-07 3.623e+43 4.610e+31 4.618e-26 3.038e-14 3.818e-13
1.000e-06 3.044e+43 4.877e+31 4.885e-26 3.214e-14 4.038e-13
1.122e-06 2.558e+43 5.160e+31 5.169e-26 3.400e-14 4.273e-13
1.259e-06 2.149e+43 5.457e+31 5.466e-26 3.596e-14 4.519e-13
1.413e-06 1.806e+43 5.773e+31 5.783e-26 3.804e-14 4.780e-13
1.585e-06 1.517e+43 6.107e+31 6.117e-26 4.024e-14 5.057e-13
1.778e-06 1.274e+43 6.457e+31 6.468e-26 4.255e-14 5.347e-13
1.995e-06 1.071e+43 6.828e+31 6.840e-26 4.500e-14 5.654e-13
2.239e-06 8.992e+42 7.220e+31 7.233e-26 4.758e-14 5.979e-13
2.512e-06 7.551e+42 7.633e+31 7.646e-26 5.030e-14 6.321e-13
2.818e-06 6.341e+42 8.070e+31 8.084e-26 5.318e-14 6.682e-13
3.162e-06 5.325e+42 8.531e+31 8.545e-26 5.621e-14 7.064e-13
3.548e-06 4.469e+42 9.015e+31 9.030e-26 5.940e-14 7.465e-13
3.981e-06 3.752e+42 9.527e+31 9.544e-26 6.278e-14 7.889e-13
4.467e-06 3.149e+42 1.007e+32 1.008e-25 6.634e-14 8.337e-13
5.012e-06 2.643e+42 1.064e+32 1.066e-25 7.010e-14 8.808e-13
5.623e-06 2.217e+42 1.123e+32 1.125e-25 7.403e-14 9.303e-13
6.310e-06 1.861e+42 1.187e+32 1.189e-25 7.820e-14 9.827e-13
7.079e-06 1.561e+42 1.253e+32 1.256e-25 8.259e-14 1.038e-12
7.943e-06 1.309e+42 1.324e+32 1.326e-25 8.721e-14 1.096e-12
8.913e-06 1.098e+42 1.397e+32 1.399e-25 9.206e-14 1.157e-12
1.000e-05 9.204e+41 1.475e+32 1.477e-25 9.717e-14 1.221e-12
1.122e-05 7.716e+41 1.556e+32 1.559e-25 1.026e-13 1.289e-12
1.259e-05 6.467e+41 1.642e+32 1.645e-25 1.082e-13 1.360e-12
1.413e-05 5.419e+41 1.732e+32 1.735e-25 1.141e-13 1.434e-12
1.585e-05 4.540e+41 1.827e+32 1.830e-25 1.204e-13 1.513e-12
1.778e-05 3.801e+41 1.926e+32 1.929e-25 1.269e-13 1.595e-12
1.995e-05 3.183e+41 2.030e+32 2.034e-25 1.338e-13 1.681e-12
2.239e-05 2.664e+41 2.139e+32 2.143e-25 1.410e-13 1.772e-12
2.512e-05 2.230e+41 2.254e+32 2.258e-25 1.485e-13 1.867e-12
2.818e-05 1.865e+41 2.374e+32 2.378e-25 1.564e-13 1.966e-12
3.162e-05 1.560e+41 2.500e+32 2.504e-25 1.647e-13 2.070e-12
3.548e-05 1.304e+41 2.631e+32 2.635e-25 1.734e-13 2.179e-12
3.981e-05 1.090e+41 2.768e+32 2.773e-25 1.824e-13 2.292e-12
4.467e-05 9.107e+40 2.911e+32 2.916e-25 1.918e-13 2.411e-12
5.012e-05 7.604e+40 3.060e+32 3.066e-25 2.017e-13 2.534e-12
5.623e-05 6.348e+40 3.216e+32 3.222e-25 2.119e-13 2.663e-12
6.310e-05 5.297e+40 3.378e+32 3.384e-25 2.226e-13 2.798e-12
7.079e-05 4.417e+40 3.547e+32 3.553e-25 2.337e-13 2.937e-12
7.943e-05 3.682e+40 3.722e+32 3.729e-25 2.453e-13 3.082e-12
8.913e-05 3.068e+40 3.904e+32 3.911e-25 2.573e-13 3.233e-12
1.000e-04 2.555e+40 4.093e+32 4.100e-25 2.697e-13 3.389e-12
1.122e-04 2.126e+40 4.288e+32 4.296e-25 2.826e-13 3.551e-12
1.259e-04 1.768e+40 4.490e+32 4.498e-25 2.959e-13 3.718e-12
1.413e-04 1.470e+40 4.699e+32 4.707e-25 3.096e-13 3.891e-12
1.585e-04 1.221e+40 4.914e+32 4.922e-25 3.238e-13 4.069e-12
1.778e-04 1.014e+40 5.135e+32 5.144e-25 3.384e-13 4.252e-12
1.995e-04 8.407e+39 5.362e+32 5.371e-25 3.534e-13 4.440e-12
2.239e-04 6.968e+39 5.595e+32 5.605e-25 3.687e-13 4.633e-12
2.512e-04 5.771e+39 5.834e+32 5.843e-25 3.844e-13 4.831e-12
2.818e-04 4.775e+39 6.077e+32 6.087e-25 4.004e-13 5.032e-12
3.162e-04 3.948e+39 6.325e+32 6.335e-25 4.168e-13 5.237e-12
3.548e-04 3.260e+39 6.576e+32 6.587e-25 4.334e-13 5.446e-12
3.981e-04 2.690e+39 6.831e+32 6.843e-25 4.501e-13 5.657e-12
4.467e-04 2.217e+39 7.089e+32 7.101e-25 4.671e-13 5.870e-12
5.012e-04 1.826e+39 7.348e+32 7.360e-25 4.842e-13 6.084e-12
5.623e-04 1.501e+39 7.607e+32 7.620e-25 5.013e-13 6.299e-12
6.310e-04 1.233e+39 7.867e+32 7.880e-25 5.184e-13 6.514e-12
7.079e-04 1.012e+39 8.125e+32 8.138e-25 5.354e-13 6.728e-12
7.943e-04 8.289e+38 8.380e+32 8.394e-25 5.522e-13 6.939e-12
8.913e-04 6.782e+38 8.631e+32 8.646e-25 5.687e-13 7.147e-12
1.000e-03 5.540e+38 8.877e+32 8.892e-25 5.849e-13 7.350e-12
1.122e-03 4.519e+38 9.115e+32 9.131e-25 6.006e-13 7.548e-12
1.259e-03 3.680e+38 9.345e+32 9.361e-25 6.158e-13 7.738e-12
1.413e-03 2.992e+38 9.564e+32 9.581e-25 6.303e-13 7.920e-12
1.585e-03 2.428e+38 9.772e+32 9.788e-25 6.439e-13 8.092e-12
1.778e-03 1.967e+38 9.965e+32 9.982e-25 6.566e-13 8.252e-12
1.995e-03 1.590e+38 1.014e+33 1.016e-24 6.683e-13 8.398e-12
2.239e-03 1.283e+38 1.030e+33 1.032e-24 6.788e-13 8.530e-12
2.512e-03 1.033e+38 1.044e+33 1.046e-24 6.880e-13 8.646e-12
2.818e-03 8.297e+37 1.056e+33 1.058e-24 6.958e-13 8.744e-12
3.162e-03 6.649e+37 1.065e+33 1.067e-24 7.020e-13 8.822e-12
3.548e-03 5.316e+37 1.072e+33 1.074e-24 7.066e-13 8.879e-12
3.981e-03 4.239e+37 1.076e+33 1.078e-24 7.093e-13 8.914e-12
4.467e-03 3.371e+37 1.078e+33 1.080e-24 7.102e-13 8.924e-12
5.012e-03 2.674e+37 1.076e+33 1.078e-24 7.091e-13 8.911e-12
5.623e-03 2.114e+37 1.071e+33 1.073e-24 7.059e-13 8.871e-12
6.310e-03 1.667e+37 1.063e+33 1.065e-24 7.007e-13 8.805e-12
7.079e-03 1.310e+37 1.052e+33 1.054e-24 6.932e-13 8.711e-12
7.943e-03 1.026e+37 1.037e+33 1.039e-24 6.836e-13 8.591e-12
8.913e-03 8.012e+36 1.020e+33 1.021e-24 6.719e-13 8.443e-12
1.000e-02 6.232e+36 9.985e+32 1.000e-24 6.580e-13 8.268e-12
1.122e-02 4.830e+36 9.743e+32 9.759e-25 6.420e-13 8.068e-12
1.259e-02 3.729e+36 9.470e+32 9.486e-25 6.240e-13 7.842e-12
1.413e-02 2.868e+36 9.169e+32 9.184e-25 6.042e-13 7.592e-12
1.585e-02 2.197e+36 8.841e+32 8.856e-25 5.826e-13 7.321e-12
1.778e-02 1.676e+36 8.490e+32 8.504e-25 5.594e-13 7.030e-12
1.995e-02 1.273e+36 8.117e+32 8.131e-25 5.349e-13 6.722e-12
2.239e-02 9.624e+35 7.728e+32 7.741e-25 5.092e-13 6.399e-12
2.512e-02 7.245e+35 7.324e+32 7.337e-25 4.826e-13 6.065e-12
2.818e-02 5.430e+35 6.911e+32 6.923e-25 4.554e-13 5.723e-12
3.162e-02 4.052e+35 6.491e+32 6.502e-25 4.278e-13 5.375e-12
3.548e-02 3.010e+35 6.070e+32 6.081e-25 4.000e-13 5.027e-12
3.981e-02 2.226e+35 5.651e+32 5.661e-25 3.724e-13 4.680e-12
4.467e-02 1.639e+35 5.239e+32 5.248e-25 3.452e-13 4.338e-12
5.012e-02 1.202e+35 4.836e+32 4.844e-25 3.187e-13 4.005e-12
5.623e-02 8.778e+34 4.447e+32 4.455e-25 2.931e-13 3.683e-12
6.310e-02 6.388e+34 4.075e+32 4.082e-25 2.685e-13 3.374e-12
7.079e-02 4.634e+34 3.721e+32 3.728e-25 2.452e-13 3.081e-12
7.943e-02 3.352e+34 3.389e+32 3.395e-25 2.233e-13 2.806e-12
8.913e-02 2.419e+34 3.079e+32 3.084e-25 2.029e-13 2.550e-12
1.000e-01 1.743e+34 2.792e+32 2.797e-25 1.840e-13 2.312e-12
1.122e-01 1.254e+34 2.529e+32 2.534e-25 1.667e-13 2.094e-12
1.259e-01 9.015e+33 2.289e+32 2.293e-25 1.508e-13 1.896e-12
1.413e-01 6.479e+33 2.071e+32 2.075e-25 1.365e-13 1.715e-12
1.585e-01 4.657e+33 1.874e+32 1.877e-25 1.235e-13 1.552e-12
1.778e-01 3.347e+33 1.696e+32 1.699e-25 1.118e-13 1.404e-12
1.995e-01 2.407e+33 1.535e+32 1.538e-25 1.012e-13 1.271e-12
2.239e-01 1.730e+33 1.389e+32 1.392e-25 9.155e-14 1.150e-12
2.512e-01 1.243e+33 1.257e+32 1.259e-25 8.280e-14 1.041e-12
2.818e-01 8.918e+32 1.135e+32 1.137e-25 7.479e-14 9.399e-13
3.162e-01 6.384e+32 1.023e+32 1.025e-25 6.740e-14 8.469e-13
3.548e-01 4.553e+32 9.184e+31 9.200e-26 6.052e-14 7.605e-13
3.981e-01 3.232e+32 8.207e+31 8.221e-26 5.408e-14 6.796e-13
4.467e-01 2.280e+32 7.289e+31 7.301e-26 4.803e-14 6.036e-13
5.012e-01 1.596e+32 6.423e+31 6.433e-26 4.232e-14 5.318e-13
5.623e-01 1.107e+32 5.606e+31 5.616e-26 3.694e-14 4.643e-13
6.310e-01 7.588e+31 4.840e+31 4.848e-26 3.189e-14 4.008e-13
7.079e-01 5.137e+31 4.125e+31 4.132e-26 2.718e-14 3.416e-13
7.943e-01 3.427e+31 3.465e+31 3.471e-26 2.283e-14 2.869e-13
8.913e-01 2.249e+31 2.862e+31 2.867e-26 1.886e-14 2.370e-13
1.000e+00 1.448e+31 2.320e+31 2.324e-26 1.529e-14 1.921e-13
1.122e+00 9.133e+30 1.842e+31 1.845e-26 1.214e-14 1.525e-13
1.259e+00 5.626e+30 1.429e+31 1.431e-26 9.415e-15 1.183e-13
1.413e+00 3.377e+30 1.080e+31 1.081e-26 7.114e-15 8.939e-14
1.585e+00 1.969e+30 7.923e+30 7.937e-27 5.221e-15 6.561e-14
1.778e+00 1.112e+30 5.632e+30 5.641e-27 3.711e-15 4.663e-14
1.995e+00 6.057e+29 3.863e+30 3.870e-27 2.546e-15 3.199e-14
2.239e+00 3.175e+29 2.549e+30 2.554e-27 1.680e-15 2.111e-14
2.512e+00 1.595e+29 1.612e+30 1.615e-27 1.062e-15 1.335e-14
2.818e+00 7.650e+28 9.736e+29 9.752e-28 6.416e-16 8.062e-15
3.162e+00 3.492e+28 5.594e+29 5.604e-28 3.686e-16 4.632e-15
3.548e+00 1.511e+28 3.048e+29 3.054e-28 2.009e-16 2.524e-15
3.981e+00 6.187e+27 1.571e+29 1.574e-28 1.035e-16 1.301e-15
4.467e+00 2.389e+27 7.636e+28 7.649e-29 5.032e-17 6.323e-16
5.012e+00 8.658e+26 3.484e+28 3.490e-29 2.296e-17 2.885e-16
5.623e+00 2.927e+26 1.483e+28 1.485e-29 9.771e-18 1.228e-16
6.310e+00 9.138e+25 5.828e+27 5.838e-30 3.841e-18 4.826e-17
7.079e+00 2.606e+25 2.092e+27 2.096e-30 1.379e-18 1.733e-17
7.943e+00 6.731e+24 6.804e+26 6.816e-31 4.484e-19 5.634e-18
8.913e+00 1.588e+24 2.021e+26 2.025e-31 1.332e-19 1.674e-18
1.000e+01 3.480e+23 5.575e+25 5.584e-32 3.674e-20 4.616e-19
1.122e+01 6.146e+22 1.240e+25 1.242e-32 8.169e-21 1.027e-19
1.259e+01 9.402e+21 2.387e+24 2.391e-33 1.573e-21 1.977e-20
1.413e+01 1.254e+21 4.008e+23 4.015e-34 2.641e-22 3.319e-21
1.585e+01 1.441e+20 5.797e+22 5.807e-35 3.820e-23 4.801e-22
1.778e+01 1.384e+19 7.011e+21 7.023e-36 4.620e-24 5.806e-23
1.995e+01 1.063e+18 6.778e+20 6.789e-37 4.466e-25 5.612e-24
2.239e+01 6.195e+16 4.974e+19 4.983e-38 3.278e-26 4.119e-25
2.512e+01 2.605e+15 2.633e+18 2.638e-39 1.735e-27 2.181e-26
2.818e+01 7.520e+13 9.570e+16 9.587e-41 6.306e-29 7.925e-28
3.162e+01 1.419e+12 2.273e+15 2.277e-42 1.498e-30 1.882e-29
3.548e+01 1.662e+10 3.352e+13 3.358e-44 2.209e-32 2.776e-31
3.981e+01 1.144e+08 2.905e+11 2.910e-46 1.914e-34 2.405e-33
4.467e+01 4.352e+05 1.391e+09 1.394e-48 9.168e-37 1.152e-35
5.012e+01 8.550e+02 3.441e+06 3.447e-51 2.268e-39 2.849e-38
5.623e+01 8.036e-01 4.072e+03 4.079e-54 2.683e-42 3.372e-41
6.310e+01 3.315e-04 2.115e+00 2.118e-57 1.393e-45 1.751e-44
7.079e+01 5.449e-08 4.376e-04 4.383e-61 2.883e-49 3.623e-48
7.943e+01 1.657e-11 1.675e-07 1.678e-64 1.104e-52 1.387e-51
8.913e+01 1.192e-11 1.517e-07 1.520e-64 9.997e-53 1.256e-51
1.000e+02 1.062e-11 1.702e-07 1.705e-64 1.122e-52 1.410e-51
1.122e+02 9.470e-12 1.910e-07 1.913e-64 1.259e-52 1.582e-51
1.259e+02 8.440e-12 2.143e-07 2.147e-64 1.412e-52 1.775e-51
1.413e+02 7.522e-12 2.405e-07 2.409e-64 1.585e-52 1.991e-51
1.585e+02 6.704e-12 2.698e-07 2.703e-64 1.778e-52 2.234e-51
1.778e+02 5.975e-12 3.027e-07 3.033e-64 1.995e-52 2.507e-51
1.995e+02 5.326e-12 3.397e-07 3.403e-64 2.238e-52 2.813e-51
2.239e+02 4.747e-12 3.811e-07 3.818e-64 2.512e-52 3.156e-51
2.512e+02 4.230e-12 4.277e-07 4.284e-64 2.818e-52 3.541e-51
2.818e+02 3.770e-12 4.798e-07 4.807e-64 3.162e-52 3.973e-51
3.162e+02 3.360e-12 5.384e-07 5.393e-64 3.548e-52 4.458e-51
3.548e+02 2.995e-12 6.041e-07 6.051e-64 3.981e-52 5.002e-51
3.981e+02 2.669e-12 6.778e-07 6.790e-64 4.467e-52 5.613e-51
4.467e+02 2.379e-12 7.605e-07 7.618e-64 5.012e-52 6.298e-51
5.012e+02 2.120e-12 8.533e-07 8.548e-64 5.623e-52 7.066e-51
5.623e+02 1.890e-12 9.574e-07 9.591e-64 6.309e-52 7.928e-51
6.310e+02 1.684e-12 1.074e-06 1.076e-63 7.079e-52 8.896e-51
7.079e+02 1.501e-12 1.205e-06 1.207e-63 7.943e-52 9.981e-51
7.943e+02 1.338e-12 1.352e-06 1.355e-63 8.911e-52 1.120e-50
8.913e+02 1.192e-12 1.517e-06 1.520e-63 9.999e-52 1.256e-50
1.000e+03 1.063e-12 1.702e-06 1.705e-63 1.122e-51 1.410e-50
1.122e+03 9.470e-13 1.910e-06 1.913e-63 1.259e-51 1.582e-50
1.259e+03 8.440e-13 2.143e-06 2.147e-63 1.412e-51 1.775e-50
1.413e+03 7.522e-13 2.404e-06 2.409e-63 1.584e-51 1.991e-50
1.585e+03 6.703e-13 2.698e-06 2.702e-63 1.778e-51 2.234e-50
1.778e+03 5.974e-13 3.027e-06 3.032e-63 1.994e-51 2.506e-50
1.995e+03 5.324e-13 3.396e-06 3.402e-63 2.238e-51 2.812e-50
2.239e+03 3.797e-13 3.049e-06 3.054e-63 2.009e-51 2.525e-50
2.512e+03 3.384e-13 3.420e-06 3.426e-63 2.254e-51 2.832e-50
2.818e+03 3.015e-13 3.837e-06 3.844e-63 2.529e-51 3.178e-50
3.162e+03 2.687e-13 4.305e-06 4.312e-63 2.837e-51 3.565e-50
3.548e+03 2.395e-13 4.830e-06 4.838e-63 3.183e-51 4.000e-50
3.981e+03 2.134e-13 5.419e-06 5.428e-63 3.571e-51 4.487e-50
4.467e+03 1.902e-13 6.079e-06 6.089e-63 4.006e-51 5.034e-50
5.012e+03 1.695e-13 6.820e-06 6.832e-63 4.494e-51 5.647e-50
5.623e+03 1.510e-13 7.651e-06 7.664e-63 5.042e-51 6.336e-50
6.310e+03 1.346e-13 8.584e-06 8.598e-63 5.656e-51 7.108e-50
7.079e+03 1.199e-13 9.630e-06 9.646e-63 6.345e-51 7.974e-50
7.943e+03 1.069e-13 1.080e-05 1.082e-62 7.119e-51 8.946e-50
8.913e+03 9.523e-14 1.212e-05 1.214e-62 7.986e-51 1.004e-49
1.000e+04 8.486e-14 1.360e-05 1.362e-62 8.959e-51 1.126e-49
1.122e+04 7.562e-14 1.525e-05 1.528e-62 1.005e-50 1.263e-49
1.259e+04 6.739e-14 1.711e-05 1.714e-62 1.128e-50 1.417e-49
1.413e+04 6.005e-14 1.920e-05 1.923e-62 1.265e-50 1.590e-49
1.585e+04 5.351e-14 2.153e-05 2.157e-62 1.419e-50 1.783e-49
1.778e+04 4.768e-14 2.416e-05 2.420e-62 1.592e-50 2.000e-49
1.995e+04 4.249e-14 2.710e-05 2.715e-62 1.786e-50 2.244e-49
2.239e+04 2.840e-14 2.280e-05 2.284e-62 1.502e-50 1.888e-49
2.512e+04 2.530e-14 2.558e-05 2.562e-62 1.685e-50 2.118e-49
2.818e+04 2.255e-14 2.869e-05 2.874e-62 1.891e-50 2.376e-49
3.162e+04 2.009e-14 3.218e-05 3.224e-62 2.121e-50 2.665e-49
3.548e+04 1.790e-14 3.610e-05 3.616e-62 2.379e-50 2.989e-49
3.981e+04 1.595e-14 4.049e-05 4.056e-62 2.668e-50 3.353e-49
4.467e+04 1.421e-14 4.542e-05 4.550e-62 2.993e-50 3.761e-49
5.012e+04 1.266e-14 5.094e-05 5.103e-62 3.357e-50 4.219e-49
5.623e+04 1.128e-14 5.714e-05 5.723e-62 3.765e-50 4.731e-49
6.310e+04 1.005e-14 6.408e-05 6.419e-62 4.223e-50 5.306e-49
7.079e+04 8.950e-15 7.186e-05 7.199e-62 4.736e-50 5.951e-49
7.943e+04 7.972e-15 8.059e-05 8.073e-62 5.311e-50 6.673e-49
8.913e+04 7.101e-15 9.037e-05 9.052e-62 5.955e-50 7.483e-49
1.000e+05 6.324e-15 1.013e-04 1.015e-61 6.677e-50 8.391e-49
1.122e+05 5.633e-15 1.136e-04 1.138e-61 7.486e-50 9.408e-49
1.259e+05 5.016e-15 1.274e-04 1.276e-61 8.393e-50 1.055e-48
1.413e+05 2.978e-15 9.519e-05 9.535e-62 6.273e-50 7.883e-49
1.585e+05 2.651e-15 1.067e-04 1.069e-61 7.031e-50 8.836e-49
1.778e+05 2.360e-15 1.196e-04 1.198e-61 7.881e-50 9.903e-49
1.995e+05 0.000e+00 0.000e+00 0.000e+00 0.000e+00 0.000e+00
2.239e+05 0.000e+00 0.000e+00 0.000e+00 0.000e+00 0.000e+00
2.512e+05 0.000e+00 0.000e+00 0.000e+00 0.000e+00 0.000e+00
2.818e+05 0.000e+00 0.000e+00 0.000e+00 0.000e+00 0.000e+00
3.162e+05 0.000e+00 0.000e+00 0.000e+00 0.000e+00 0.000e+00
3.548e+05 0.000e+00 0.000e+00 0.000e+00 0.000e+00 0.000e+00
3.981e+05 0.000e+00 0.000e+00 0.000e+00 0.000e+00 0.000e+00
4.467e+05 0.000e+00 0.000e+00 0.000e+00 0.000e+00 0.000e+00
5.012e+05 0.000e+00 0.000e+00 0.000e+00 0.000e+00 0.000e+00
5.623e+05 0.000e+00 0.000e+00 0.000e+00 0.000e+00 0.000e+00
6.310e+05 0.000e+00 0.000e+00 0.000e+00 0.000e+00 0.000e+00
7.079e+05 0.000e+00 0.000e+00 0.000e+00 0.000e+00 0.000e+00
7.943e+05 0.000e+00 0.000e+00 0.000e+00 0.000e+00 0.000e+00
8.913e+05 0.000e+00 0.000e+00 0.000e+00 0.000e+00 0.000e+00
1.000e+06 0.000e+00 0.000e+00 0.000e+00 0.000e+00 0.000e+00
1.122e+06 0.000e+00 0.000e+00 0.000e+00 0.000e+00 0.000e+00
1.259e+06 0.000e+00 0.000e+00 0.000e+00 0.000e+00 0.000e+00
1.413e+06 0.000e+00 0.000e+00 0.000e+00 0.000e+00 0.000e+00
1.585e+06 0.000e+00 0.000e+00 0.000e+00 0.000e+00 0.000e+00
1.778e+06 0.000e+00 0.000e+00 0.000e+00 0.000e+00 0.000e+00
1.995e+06 0.000e+00 0.000e+00 0.000e+00 0.000e+00 0.000e+00
2.239e+06 0.000e+00 0.000e+00 0.000e+00 0.000e+00 0.000e+00
2.512e+06 0.000e+00 0.000e+00 0.000e+00 0.000e+00 0.000e+00
2.818e+06 0.000e+00 0.000e+00 0.000e+00 0.000e+00 0.000e+00
3.162e+06 0.000e+00 0.000e+00 0.000e+00 0.000e+00 0.000e+00
3.548e+06 0.000e+00 0.000e+00 0.000e+00 0.000e+00 0.000e+00
3.981e+06 0.000e+00 0.000e+00 0.000e+00 0.000e+00 0.000e+00
4.467e+06 0.000e+00 0.000e+00 0.000e+00 0.000e+00 0.000e+00
5.012e+06 0.000e+00 0.000e+00 0.000e+00 0.000e+00 0.000e+00
5.623e+06 0.000e+00 0.000e+00 0.000e+00 0.000e+00 0.000e+00
6.310e+06 0.000e+00 0.000e+00 0.000e+00 0.000e+00 0.000e+00
7.079e+06 0.000e+00 0.000e+00 0.000e+00 0.000e+00 0.000e+00
7.943e+06 0.000e+00 0.000e+00 0.000e+00 0.000e+00 0.000e+00
8.913e+06 0.000e+00 0.000e+00 0.000e+00 0.000e+00 0.000e+00
1.000e+07 1.567e-37 2.510e-23 2.514e-80 1.654e-68 2.079e-67
1.122e+07 1.523e-37 3.072e-23 3.077e-80 2.024e-68 2.544e-67
1.259e+07 1.477e-37 3.749e-23 3.756e-80 2.471e-68 3.105e-67
1.413e+07 1.427e-37 4.563e-23 4.571e-80 3.007e-68 3.779e-67
1.585e+07 1.376e-37 5.536e-23 5.546e-80 3.648e-68 4.584e-67
1.778e+07 1.321e-37 6.693e-23 6.704e-80 4.410e-68 5.542e-67
1.995e+07 1.264e-37 8.060e-23 8.073e-80 5.311e-68 6.674e-67
2.239e+07 1.203e-37 9.662e-23 9.679e-80 6.367e-68 8.001e-67
2.512e+07 1.140e-37 1.153e-22 1.154e-79 7.595e-68 9.544e-67
2.818e+07 1.074e-37 1.367e-22 1.369e-79 9.006e-68 1.132e-66
3.162e+07 1.005e-37 1.610e-22 1.612e-79 1.061e-67 1.333e-66
3.548e+07 9.323e-38 1.880e-22 1.884e-79 1.239e-67 1.557e-66
3.981e+07 8.563e-38 2.174e-22 2.178e-79 1.433e-67 1.801e-66
4.467e+07 7.765e-38 2.482e-22 2.486e-79 1.636e-67 2.055e-66
5.012e+07 6.921e-38 2.785e-22 2.790e-79 1.836e-67 2.307e-66
5.623e+07 6.023e-38 3.052e-22 3.057e-79 2.011e-67 2.527e-66
6.310e+07 5.058e-38 3.226e-22 3.231e-79 2.126e-67 2.671e-66
7.079e+07 4.005e-38 3.216e-22 3.221e-79 2.119e-67 2.663e-66
7.943e+07 2.838e-38 2.869e-22 2.874e-79 1.891e-67 2.376e-66
8.913e+07 1.521e-38 1.935e-22 1.938e-79 1.275e-67 1.602e-66
1.000e+08 0.000e+00 0.000e+00 0.000e+00 0.000e+00 0.000e+00
