1.000e-20 0.000e+00 0.000e+00 0.000e+00 0.000e+00 0.000e+00
1.122e-20 0.000e+00 0.000e+00 0.000e+00 0.000e+00 0.000e+00
1.259e-20 0.000e+00 0.000e+00 0.000e+00 0.000e+00 0.000e+00
1.413e-20 0.000e+00 0.000e+00 0.000e+00 0.000e+00 0.000e+00
1.585e-20 0.000e+00 0.000e+00 0.000e+00 0.000e+00 0.000e+00
1.778e-20 0.000e+00 0.000e+00 0.000e+00 0.000e+00 0.000e+00
1.995e-20 0.000e+00 0.000e+00 0.000e+00 0.000e+00 0.000e+00
2.239e-20 0.000e+00 0.000e+00 0.000e+00 0.000e+00 0.000e+00
2.512e-20 0.000e+00 0.000e+00 0.000e+00 0.000e+00 0.000e+00
2.818e-20 0.000e+00 0.000e+00 0.000e+00 0.000e+00 0.000e+00
3.162e-20 0.000e+00 0.000e+00 0.000e+00 0.000e+00 0.000e+00
3.548e-20 0.000e+00 0.000e+00 0.000e+00 0.000e+00 0.000e+00
3.981e-20 0.000e+00 0.000e+00 0.000e+00 0.000e+00 0.000e+00
4.467e-20 0.000e+00 0.000e+00 0.000e+00 0.000e+00 0.000e+00
5.012e-20 0.000e+00 0.000e+00 0.000e+00 0.000e+00 0.000e+00
5.623e-20 0.000e+00 0.000e+00 0.000e+00 0.000e+00 0.000e+00
6.310e-20 0.000e+00 0.000e+00 0.000e+00 0.000e+00 0.000e+00
7.079e-20 0.000e+00 0.000e+00 0.000e+00 0.000e+00 0.000e+00
7.943e-20 0.000e+00 0.000e+00 0.000e+00 0.000e+00 0.000e+00
8.913e-20 0.000e+00 0.000e+00 0.000e+00 0.000e+00 0.000e+00
1.000e-19 0.000e+00 0.000e+00 0.000e+00 0.000e+00 0.000e+00
1.122e-19 0.000e+00 0.000e+00 0.000e+00 0.000e+00 0.000e+00
1.259e-19 0.000e+00 0.000e+00 0.000e+00 0.000e+00 0.000e+00
1.413e-19 0.000e+00 0.000e+00 0.000e+00 0.000e+00 0.000e+00
1.585e-19 0.000e+00 0.000e+00 0.000e+00 0.000e+00 0.000e+00
1.778e-19 0.000e+00 0.000e+00 0.000e+00 0.000e+00 0.000e+00
1.995e-19 0.000e+00 0.000e+00 0.000e+00 0.000e+00 0.000e+00
2.239e-19 0.000e+00 0.000e+00 0.000e+00 0.000e+00 0.000e+00
2.512e-19 0.000e+00 0.000e+00 0.000e+00 0.000e+00 0.000e+00
2.818e-19 0.000e+00 0.000e+00 0.000e+00 0.000e+00 0.000e+00
3.162e-19 0.000e+00 0.000e+00 0.000e+00 0.000e+00 0.000e+00
3.548e-19 0.000e+00 0.000e+00 0.000e+00 0.000e+00 0.000e+00
3.981e-19 0.000e+00 0.000e+00 0.000e+00 0.000e+00 0.000e+00
4.467e-19 0.000e+00 0.000e+00 0.000e+00 0.000e+00 0.000e+00
5.012e-19 0.000e+00 0.000e+00 0.000e+00 0.000e+00 0.000e+00
5.623e-19 0.000e+00 0.000e+00 0.000e+00 0.000e+00 0.000e+00
6.310e-19 0.000e+00 0.000e+00 0.000e+00 0.000e+00 0.000e+00
7.079e-19 0.000e+00 0.000e+00 0.000e+00 0.000e+00 0.000e+00
7.943e-19 0.000e+00 0.000e+00 0.000e+00 0.000e+00 0.000e+00
8.913e-19 0.000e+00 0.000e+00 0.000e+00 0.000e+00 0.000e+00
1.000e-18 0.000e+00 0.000e+00 0.000e+00 0.000e+00 0.000e+00
1.122e-18 0.000e+00 0.000e+00 0.000e+00 0.000e+00 0.000e+00
1.259e-18 0.000e+00 0.000e+00 0.000e+00 0.000e+00 0.000e+00
1.413e-18 0.000e+00 0.000e+00 0.000e+00 0.000e+00 0.000e+00
1.585e-18 0.000e+00 0.000e+00 0.000e+00 0.000e+00 0.000e+00
1.778e-18 0.000e+00 0.000e+00 0.000e+00 0.000e+00 0.000e+00
1.995e-18 0.000e+00 0.000e+00 0.000e+00 0.000e+00 0.000e+00
2.239e-18 0.000e+00 0.000e+00 0.000e+00 0.000e+00 0.000e+00
2.512e-18 0.000e+00 0.000e+00 0.000e+00 0.000e+00 0.000e+00
2.818e-18 0.000e+00 0.000e+00 0.000e+00 0.000e+00 0.000e+00
3.162e-18 0.000e+00 0.000e+00 0.000e+00 0.000e+00 0.000e+00
3.548e-18 0.000e+00 0.000e+00 0.000e+00 0.000e+00 0.000e+00
3.981e-18 0.000e+00 0.000e+00 0.000e+00 0.000e+00 0.000e+00
4.467e-18 0.000e+00 0.000e+00 0.000e+00 0.000e+00 0.000e+00
5.012e-18 0.000e+00 0.000e+00 0.000e+00 0.000e+00 0.000e+00
5.623e-18 0.000e+00 0.000e+00 0.000e+00 0.000e+00 0.000e+00
6.310e-18 0.000e+00 0.000e+00 0.000e+00 0.000e+00 0.000e+00
7.079e-18 0.000e+00 0.000e+00 0.000e+00 0.000e+00 0.000e+00
7.943e-18 0.000e+00 0.000e+00 0.000e+00 0.000e+00 0.000e+00
8.913e-18 0.000e+00 0.000e+00 0.000e+00 0.000e+00 0.000e+00
1.000e-17 0.000e+00 0.000e+00 0.000e+00 0.000e+00 0.000e+00
1.122e-17 0.000e+00 0.000e+00 0.000e+00 0.000e+00 0.000e+00
1.259e-17 0.000e+00 0.000e+00 0.000e+00 0.000e+00 0.000e+00
1.413e-17 0.000e+00 0.000e+00 0.000e+00 0.000e+00 0.000e+00
1.585e-17 0.000e+00 0.000e+00 0.000e+00 0.000e+00 0.000e+00
1.778e-17 0.000e+00 0.000e+00 0.000e+00 0.000e+00 0.000e+00
1.995e-17 0.000e+00 0.000e+00 0.000e+00 0.000e+00 0.000e+00
2.239e-17 0.000e+00 0.000e+00 0.000e+00 0.000e+00 0.000e+00
2.512e-17 0.000e+00 0.000e+00 0.000e+00 0.000e+00 0.000e+00
2.818e-17 0.000e+00 0.000e+00 0.000e+00 0.000e+00 0.000e+00
3.162e-17 0.000e+00 0.000e+00 0.000e+00 0.000e+00 0.000e+00
3.548e-17 0.000e+00 0.000e+00 0.000e+00 0.000e+00 0.000e+00
3.981e-17 0.000e+00 0.000e+00 0.000e+00 0.000e+00 0.000e+00
4.467e-17 0.000e+00 0.000e+00 0.000e+00 0.000e+00 0.000e+00
5.012e-17 0.000e+00 0.000e+00 0.000e+00 0.000e+00 0.000e+00
5.623e-17 0.000e+00 0.000e+00 0.000e+00 0.000e+00 0.000e+00
6.310e-17 0.000e+00 0.000e+00 0.000e+00 0.000e+00 0.000e+00
7.079e-17 0.000e+00 0.000e+00 0.000e+00 0.000e+00 0.000e+00
7.943e-17 0.000e+00 0.000e+00 0.000e+00 0.000e+00 0.000e+00
8.913e-17 0.000e+00 0.000e+00 0.000e+00 0.000e+00 0.000e+00
1.000e-16 0.000e+00 0.000e+00 0.000e+00 0.000e+00 0.000e+00
1.122e-16 0.000e+00 0.000e+00 0.000e+00 0.000e+00 0.000e+00
1.259e-16 0.000e+00 0.000e+00 0.000e+00 0.000e+00 0.000e+00
1.413e-16 0.000e+00 0.000e+00 0.000e+00 0.000e+00 0.000e+00
1.585e-16 0.000e+00 0.000e+00 0.000e+00 0.000e+00 0.000e+00
1.778e-16 0.000e+00 0.000e+00 0.000e+00 0.000e+00 0.000e+00
1.995e-16 0.000e+00 0.000e+00 0.000e+00 0.000e+00 0.000e+00
2.239e-16 0.000e+00 0.000e+00 0.000e+00 0.000e+00 0.000e+00
2.512e-16 0.000e+00 0.000e+00 0.000e+00 0.000e+00 0.000e+00
2.818e-16 0.000e+00 0.000e+00 0.000e+00 0.000e+00 0.000e+00
3.162e-16 0.000e+00 0.000e+00 0.000e+00 0.000e+00 0.000e+00
3.548e-16 0.000e+00 0.000e+00 0.000e+00 0.000e+00 0.000e+00
3.981e-16 0.000e+00 0.000e+00 0.000e+00 0.000e+00 0.000e+00
4.467e-16 0.000e+00 0.000e+00 0.000e+00 0.000e+00 0.000e+00
5.012e-16 0.000e+00 0.000e+00 0.000e+00 0.000e+00 0.000e+00
5.623e-16 0.000e+00 0.000e+00 0.000e+00 0.000e+00 0.000e+00
6.310e-16 0.000e+00 0.000e+00 0.000e+00 0.000e+00 0.000e+00
7.079e-16 0.000e+00 0.000e+00 0.000e+00 0.000e+00 0.000e+00
7.943e-16 0.000e+00 0.000e+00 0.000e+00 0.000e+00 0.000e+00
8.913e-16 0.000e+00 0.000e+00 0.000e+00 0.000e+00 0.000e+00
1.000e-15 0.000e+00 0.000e+00 0.000e+00 0.000e+00 0.000e+00
1.122e-15 3.763e+54 7.590e+24 7.603e-33 5.001e-21 6.285e-20
1.259e-15 2.664e+54 6.764e+24 6.776e-33 4.457e-21 5.601e-20
1.413e-15 1.886e+54 6.028e+24 6.038e-33 3.972e-21 4.992e-20
1.585e-15 1.335e+54 5.372e+24 5.382e-33 3.540e-21 4.449e-20
1.778e-15 9.450e+53 4.788e+24 4.796e-33 3.155e-21 3.965e-20
1.995e-15 6.689e+53 4.266e+24 4.274e-33 2.811e-21 3.533e-20
2.239e-15 4.431e+53 3.558e+24 3.564e-33 2.345e-21 2.946e-20
2.512e-15 2.795e+53 2.826e+24 2.831e-33 1.862e-21 2.340e-20
2.818e-15 1.764e+53 2.244e+24 2.248e-33 1.479e-21 1.858e-20
3.162e-15 1.113e+53 1.782e+24 1.785e-33 1.175e-21 1.476e-20
3.548e-15 7.018e+52 1.416e+24 1.418e-33 9.328e-22 1.172e-20
3.981e-15 4.427e+52 1.124e+24 1.126e-33 7.408e-22 9.309e-21
4.467e-15 2.793e+52 8.928e+23 8.943e-34 5.883e-22 7.393e-21
5.012e-15 1.762e+52 7.090e+23 7.102e-34 4.672e-22 5.871e-21
5.623e-15 1.111e+52 5.630e+23 5.640e-34 3.710e-22 4.662e-21
6.310e-15 7.009e+51 4.471e+23 4.479e-34 2.946e-22 3.702e-21
7.079e-15 4.421e+51 3.550e+23 3.556e-34 2.339e-22 2.940e-21
7.943e-15 2.789e+51 2.819e+23 2.824e-34 1.858e-22 2.334e-21
8.913e-15 1.759e+51 2.238e+23 2.242e-34 1.475e-22 1.853e-21
1.000e-14 1.109e+51 1.777e+23 1.780e-34 1.171e-22 1.472e-21
1.122e-14 6.995e+50 1.411e+23 1.413e-34 9.297e-23 1.168e-21
1.259e-14 4.411e+50 1.120e+23 1.122e-34 7.381e-23 9.275e-22
1.413e-14 2.782e+50 8.892e+22 8.907e-35 5.860e-23 7.363e-22
1.585e-14 1.754e+50 7.059e+22 7.071e-35 4.651e-23 5.845e-22
1.778e-14 1.106e+50 5.603e+22 5.612e-35 3.692e-23 4.639e-22
1.995e-14 6.972e+49 4.447e+22 4.454e-35 2.930e-23 3.682e-22
2.239e-14 4.395e+49 3.529e+22 3.535e-35 2.325e-23 2.922e-22
2.512e-14 2.770e+49 2.800e+22 2.805e-35 1.845e-23 2.319e-22
2.818e-14 1.746e+49 2.222e+22 2.226e-35 1.464e-23 1.840e-22
3.162e-14 1.100e+49 1.763e+22 1.766e-35 1.162e-23 1.460e-22
3.548e-14 6.933e+48 1.398e+22 1.401e-35 9.215e-24 1.158e-22
3.981e-14 4.368e+48 1.109e+22 1.111e-35 7.309e-24 9.185e-23
4.467e-14 2.752e+48 8.797e+21 8.812e-36 5.797e-24 7.285e-23
5.012e-14 1.733e+48 6.975e+21 6.987e-36 4.597e-24 5.776e-23
5.623e-14 1.091e+48 5.530e+21 5.539e-36 3.644e-24 4.579e-23
6.310e-14 6.872e+47 4.383e+21 4.391e-36 2.888e-24 3.630e-23
7.079e-14 4.326e+47 3.474e+21 3.480e-36 2.289e-24 2.876e-23
7.943e-14 2.722e+47 2.752e+21 2.757e-36 1.814e-24 2.279e-23
8.913e-14 1.713e+47 2.180e+21 2.184e-36 1.436e-24 1.805e-23
1.000e-13 1.077e+47 1.726e+21 1.729e-36 1.138e-24 1.429e-23
1.122e-13 6.775e+46 1.367e+21 1.369e-36 9.005e-25 1.132e-23
1.259e-13 4.259e+46 1.081e+21 1.083e-36 7.126e-25 8.955e-24
1.413e-13 2.676e+46 8.555e+20 8.569e-37 5.637e-25 7.084e-24
1.585e-13 1.681e+46 6.765e+20 6.776e-37 4.458e-25 5.602e-24
1.778e-13 1.055e+46 5.347e+20 5.356e-37 3.523e-25 4.428e-24
1.995e-13 6.623e+45 4.224e+20 4.232e-37 2.784e-25 3.498e-24
2.239e-13 4.154e+45 3.336e+20 3.341e-37 2.198e-25 2.762e-24
2.512e-13 2.604e+45 2.633e+20 2.637e-37 1.735e-25 2.180e-24
2.818e-13 1.631e+45 2.076e+20 2.080e-37 1.368e-25 1.719e-24
3.162e-13 1.021e+45 1.636e+20 1.639e-37 1.078e-25 1.355e-24
3.548e-13 6.390e+44 1.289e+20 1.291e-37 8.493e-26 1.067e-24
3.981e-13 3.994e+44 1.014e+20 1.016e-37 6.684e-26 8.399e-25
4.467e-13 2.495e+44 7.975e+19 7.989e-38 5.255e-26 6.604e-25
5.012e-13 1.557e+44 6.265e+19 6.275e-38 4.128e-26 5.188e-25
5.623e-13 9.703e+43 4.916e+19 4.924e-38 3.239e-26 4.071e-25
6.310e-13 6.041e+43 3.853e+19 3.860e-38 2.539e-26 3.191e-25
7.079e-13 3.757e+43 3.017e+19 3.022e-38 1.988e-26 2.498e-25
7.943e-13 2.333e+43 2.358e+19 2.362e-38 1.554e-26 1.953e-25
8.913e-13 1.447e+43 1.841e+19 1.844e-38 1.213e-26 1.525e-25
1.000e-12 8.957e+42 1.435e+19 1.437e-38 9.456e-27 1.188e-25
1.122e-12 5.535e+42 1.117e+19 1.118e-38 7.357e-27 9.246e-26
1.259e-12 3.415e+42 8.671e+18 8.686e-39 5.714e-27 7.180e-26
1.413e-12 2.102e+42 6.720e+18 6.731e-39 4.428e-27 5.565e-26
1.585e-12 1.291e+42 5.196e+18 5.205e-39 3.424e-27 4.303e-26
1.778e-12 7.911e+41 4.008e+18 4.015e-39 2.641e-27 3.319e-26
1.995e-12 4.834e+41 3.084e+18 3.089e-39 2.032e-27 2.553e-26
2.239e-12 2.946e+41 2.365e+18 2.369e-39 1.559e-27 1.959e-26
2.512e-12 1.789e+41 1.809e+18 1.812e-39 1.192e-27 1.498e-26
2.818e-12 1.083e+41 1.378e+18 1.380e-39 9.081e-28 1.141e-26
3.162e-12 6.530e+40 1.046e+18 1.048e-39 6.894e-28 8.663e-27
3.548e-12 3.921e+40 7.909e+17 7.922e-40 5.212e-28 6.549e-27
3.981e-12 2.344e+40 5.952e+17 5.962e-40 3.922e-28 4.929e-27
4.467e-12 1.394e+40 4.458e+17 4.465e-40 2.937e-28 3.691e-27
5.012e-12 8.250e+39 3.320e+17 3.326e-40 2.188e-28 2.749e-27
5.623e-12 4.853e+39 2.459e+17 2.463e-40 1.620e-28 2.036e-27
6.310e-12 2.836e+39 1.809e+17 1.812e-40 1.192e-28 1.498e-27
7.079e-12 1.646e+39 1.321e+17 1.324e-40 8.708e-29 1.094e-27
7.943e-12 9.475e+38 9.579e+16 9.595e-41 6.312e-29 7.932e-28
8.913e-12 5.410e+38 6.885e+16 6.896e-41 4.537e-29 5.701e-28
1.000e-11 3.060e+38 4.902e+16 4.910e-41 3.230e-29 4.059e-28
1.122e-11 1.713e+38 3.455e+16 3.461e-41 2.277e-29 2.861e-28
1.259e-11 9.480e+37 2.407e+16 2.411e-41 1.586e-29 1.993e-28
1.413e-11 5.182e+37 1.657e+16 1.659e-41 1.092e-29 1.372e-28
1.585e-11 2.794e+37 1.124e+16 1.126e-41 7.409e-30 9.311e-29
1.778e-11 1.484e+37 7.516e+15 7.529e-42 4.953e-30 6.224e-29
1.995e-11 7.745e+36 4.940e+15 4.949e-42 3.255e-30 4.091e-29
2.239e-11 3.969e+36 3.187e+15 3.192e-42 2.100e-30 2.639e-29
2.512e-11 1.992e+36 2.013e+15 2.017e-42 1.327e-30 1.667e-29
2.818e-11 9.765e+35 1.243e+15 1.245e-42 8.189e-31 1.029e-29
3.162e-11 4.664e+35 7.472e+14 7.485e-43 4.924e-31 6.188e-30
3.548e-11 2.162e+35 4.361e+14 4.369e-43 2.874e-31 3.611e-30
3.981e-11 9.686e+34 2.460e+14 2.464e-43 1.621e-31 2.037e-30
4.467e-11 4.167e+34 1.332e+14 1.334e-43 8.777e-32 1.103e-30
5.012e-11 1.704e+34 6.858e+13 6.870e-44 4.519e-32 5.679e-31
5.623e-11 6.511e+33 3.299e+13 3.304e-44 2.174e-32 2.732e-31
6.310e-11 2.236e+33 1.427e+13 1.429e-44 9.400e-33 1.181e-31
7.079e-11 6.162e+32 4.948e+12 4.956e-45 3.260e-33 4.097e-32
7.943e-11 6.240e+31 6.308e+11 6.319e-46 4.157e-34 5.224e-33
8.913e-11 0.000e+00 0.000e+00 0.000e+00 0.000e+00 0.000e+00
1.000e-10 2.538e+00 4.067e-20 4.074e-77 2.680e-65 3.368e-64
1.122e-10 2.538e+00 5.120e-20 5.128e-77 3.374e-65 4.239e-64
1.259e-10 2.538e+00 6.445e-20 6.456e-77 4.247e-65 5.337e-64
1.413e-10 2.538e+00 8.114e-20 8.128e-77 5.347e-65 6.719e-64
1.585e-10 2.538e+00 1.022e-19 1.023e-76 6.731e-65 8.459e-64
1.778e-10 2.538e+00 1.286e-19 1.288e-76 8.474e-65 1.065e-63
1.995e-10 2.538e+00 1.619e-19 1.622e-76 1.067e-64 1.341e-63
2.239e-10 2.538e+00 2.038e-19 2.042e-76 1.343e-64 1.688e-63
2.512e-10 2.538e+00 2.566e-19 2.570e-76 1.691e-64 2.125e-63
2.818e-10 2.538e+00 3.230e-19 3.236e-76 2.129e-64 2.675e-63
3.162e-10 2.538e+00 4.067e-19 4.074e-76 2.680e-64 3.368e-63
3.548e-10 2.538e+00 5.120e-19 5.128e-76 3.374e-64 4.239e-63
3.981e-10 2.538e+00 6.445e-19 6.456e-76 4.247e-64 5.337e-63
4.467e-10 2.538e+00 8.114e-19 8.128e-76 5.347e-64 6.719e-63
5.012e-10 2.538e+00 1.022e-18 1.023e-75 6.731e-64 8.459e-63
5.623e-10 2.538e+00 1.286e-18 1.288e-75 8.474e-64 1.065e-62
6.310e-10 2.538e+00 1.619e-18 1.622e-75 1.067e-63 1.341e-62
7.079e-10 2.538e+00 2.038e-18 2.042e-75 1.343e-63 1.688e-62
7.943e-10 2.538e+00 2.566e-18 2.570e-75 1.691e-63 2.125e-62
8.913e-10 2.538e+00 3.230e-18 3.236e-75 2.129e-63 2.675e-62
1.000e-09 2.538e+00 4.067e-18 4.074e-75 2.680e-63 3.368e-62
1.122e-09 2.538e+00 5.120e-18 5.128e-75 3.374e-63 4.239e-62
1.259e-09 2.538e+00 6.445e-18 6.456e-75 4.247e-63 5.337e-62
1.413e-09 2.538e+00 8.114e-18 8.128e-75 5.347e-63 6.719e-62
1.585e-09 2.538e+00 1.022e-17 1.023e-74 6.731e-63 8.459e-62
1.778e-09 2.538e+00 1.286e-17 1.288e-74 8.474e-63 1.065e-61
1.995e-09 2.538e+00 1.619e-17 1.622e-74 1.067e-62 1.341e-61
2.239e-09 2.538e+00 2.038e-17 2.042e-74 1.343e-62 1.688e-61
2.512e-09 2.538e+00 2.566e-17 2.570e-74 1.691e-62 2.125e-61
2.818e-09 2.538e+00 3.230e-17 3.236e-74 2.129e-62 2.675e-61
3.162e-09 2.538e+00 4.067e-17 4.074e-74 2.680e-62 3.368e-61
3.548e-09 2.538e+00 5.120e-17 5.128e-74 3.374e-62 4.239e-61
3.981e-09 2.538e+00 6.445e-17 6.456e-74 4.247e-62 5.337e-61
4.467e-09 2.538e+00 8.114e-17 8.128e-74 5.347e-62 6.719e-61
5.012e-09 2.538e+00 1.022e-16 1.023e-73 6.731e-62 8.459e-61
5.623e-09 2.538e+00 1.286e-16 1.288e-73 8.474e-62 1.065e-60
6.310e-09 2.538e+00 1.619e-16 1.622e-73 1.067e-61 1.341e-60
7.079e-09 2.538e+00 2.038e-16 2.042e-73 1.343e-61 1.688e-60
7.943e-09 2.538e+00 2.566e-16 2.570e-73 1.691e-61 2.125e-60
8.913e-09 2.538e+00 3.230e-16 3.236e-73 2.129e-61 2.675e-60
1.000e-08 2.538e+00 4.067e-16 4.074e-73 2.680e-61 3.368e-60
1.122e-08 2.538e+00 5.120e-16 5.128e-73 3.374e-61 4.239e-60
1.259e-08 2.538e+00 6.445e-16 6.456e-73 4.247e-61 5.337e-60
1.413e-08 2.538e+00 8.114e-16 8.128e-73 5.347e-61 6.719e-60
1.585e-08 2.538e+00 1.022e-15 1.023e-72 6.731e-61 8.459e-60
1.778e-08 2.538e+00 1.286e-15 1.288e-72 8.474e-61 1.065e-59
1.995e-08 2.538e+00 1.619e-15 1.622e-72 1.067e-60 1.341e-59
2.239e-08 2.538e+00 2.038e-15 2.042e-72 1.343e-60 1.688e-59
2.512e-08 2.538e+00 2.566e-15 2.570e-72 1.691e-60 2.125e-59
2.818e-08 2.538e+00 3.230e-15 3.236e-72 2.129e-60 2.675e-59
3.162e-08 2.538e+00 4.067e-15 4.074e-72 2.680e-60 3.368e-59
3.548e-08 2.538e+00 5.120e-15 5.128e-72 3.374e-60 4.239e-59
3.981e-08 2.538e+00 6.445e-15 6.456e-72 4.247e-60 5.337e-59
4.467e-08 2.538e+00 8.114e-15 8.128e-72 5.347e-60 6.719e-59
5.012e-08 2.538e+00 1.022e-14 1.023e-71 6.731e-60 8.459e-59
5.623e-08 2.538e+00 1.286e-14 1.288e-71 8.474e-60 1.065e-58
6.310e-08 2.538e+00 1.619e-14 1.622e-71 1.067e-59 1.341e-58
7.079e-08 2.538e+00 2.038e-14 2.042e-71 1.343e-59 1.688e-58
7.943e-08 2.538e+00 2.566e-14 2.570e-71 1.691e-59 2.125e-58
8.913e-08 2.538e+00 3.230e-14 3.236e-71 2.129e-59 2.675e-58
1.000e-07 2.538e+00 4.067e-14 4.074e-71 2.680e-59 3.368e-58
1.122e-07 2.538e+00 5.120e-14 5.128e-71 3.374e-59 4.239e-58
1.259e-07 2.538e+00 6.445e-14 6.456e-71 4.247e-59 5.337e-58
1.413e-07 2.538e+00 8.114e-14 8.128e-71 5.347e-59 6.719e-58
1.585e-07 2.538e+00 1.022e-13 1.023e-70 6.731e-59 8.459e-58
1.778e-07 2.538e+00 1.286e-13 1.288e-70 8.474e-59 1.065e-57
1.995e-07 2.538e+00 1.619e-13 1.622e-70 1.067e-58 1.341e-57
2.239e-07 2.538e+00 2.038e-13 2.042e-70 1.343e-58 1.688e-57
2.512e-07 2.570e+00 2.598e-13 2.602e-70 1.712e-58 2.151e-57
2.818e-07 2.574e+00 3.275e-13 3.281e-70 2.158e-58 2.712e-57
3.162e-07 2.578e+00 4.130e-13 4.137e-70 2.722e-58 3.420e-57
3.548e-07 2.583e+00 5.210e-13 5.219e-70 3.433e-58 4.314e-57
3.981e-07 2.589e+00 6.573e-13 6.584e-70 4.331e-58 5.443e-57
4.467e-07 2.595e+00 8.295e-13 8.309e-70 5.466e-58 6.869e-57
5.012e-07 2.602e+00 1.047e-12 1.049e-69 6.900e-58 8.671e-57
5.623e-07 2.610e+00 1.322e-12 1.325e-69 8.713e-58 1.095e-56
6.310e-07 2.619e+00 1.670e-12 1.673e-69 1.101e-57 1.383e-56
7.079e-07 2.629e+00 2.111e-12 2.115e-69 1.391e-57 1.748e-56
7.943e-07 2.641e+00 2.669e-12 2.674e-69 1.759e-57 2.210e-56
8.913e-07 2.654e+00 3.377e-12 3.383e-69 2.225e-57 2.797e-56
1.000e-06 2.669e+00 4.275e-12 4.283e-69 2.817e-57 3.540e-56
1.122e-06 2.685e+00 5.416e-12 5.426e-69 3.569e-57 4.485e-56
1.259e-06 2.704e+00 6.867e-12 6.879e-69 4.525e-57 5.687e-56
1.413e-06 2.726e+00 8.715e-12 8.730e-69 5.743e-57 7.217e-56
1.585e-06 2.751e+00 1.107e-11 1.109e-68 7.296e-57 9.168e-56
1.778e-06 2.780e+00 1.408e-11 1.411e-68 9.280e-57 1.166e-55
1.995e-06 2.812e+00 1.794e-11 1.797e-68 1.182e-56 1.485e-55
2.239e-06 2.850e+00 2.288e-11 2.292e-68 1.508e-56 1.895e-55
2.512e-06 2.893e+00 2.924e-11 2.929e-68 1.927e-56 2.422e-55
2.818e-06 2.943e+00 3.746e-11 3.752e-68 2.468e-56 3.102e-55
3.162e-06 3.001e+00 4.809e-11 4.817e-68 3.169e-56 3.982e-55
3.548e-06 3.070e+00 6.192e-11 6.203e-68 4.080e-56 5.127e-55
3.981e-06 3.150e+00 8.000e-11 8.013e-68 5.271e-56 6.624e-55
4.467e-06 3.246e+00 1.038e-10 1.039e-67 6.838e-56 8.592e-55
5.012e-06 3.360e+00 1.352e-10 1.355e-67 8.911e-56 1.120e-54
5.623e-06 3.498e+00 1.772e-10 1.776e-67 1.168e-55 1.468e-54
6.310e-06 3.668e+00 2.339e-10 2.343e-67 1.542e-55 1.937e-54
7.079e-06 3.878e+00 3.114e-10 3.120e-67 2.052e-55 2.579e-54
7.943e-06 4.145e+00 4.191e-10 4.198e-67 2.761e-55 3.470e-54
8.913e-06 4.493e+00 5.717e-10 5.727e-67 3.768e-55 4.734e-54
1.000e-05 4.958e+00 7.944e-10 7.958e-67 5.235e-55 6.578e-54
1.122e-05 5.611e+00 1.132e-09 1.134e-66 7.458e-55 9.372e-54
1.259e-05 6.584e+00 1.672e-09 1.675e-66 1.102e-54 1.384e-53
1.413e-05 8.168e+00 2.611e-09 2.616e-66 1.721e-54 2.162e-53
1.585e-05 1.120e+01 4.508e-09 4.515e-66 2.970e-54 3.733e-53
1.778e-05 1.919e+01 9.724e-09 9.741e-66 6.408e-54 8.052e-53
1.995e-05 9.628e+01 6.141e-08 6.152e-65 4.047e-53 5.085e-52
2.239e-05 -9.482e-06 -7.614e-15 -7.627e-72 -5.017e-60 -6.305e-59
2.512e-05 -8.451e-06 -8.543e-15 -8.558e-72 -5.630e-60 -7.074e-59
2.818e-05 -7.532e-06 -9.586e-15 -9.602e-72 -6.317e-60 -7.938e-59
3.162e-05 -6.713e-06 -1.076e-14 -1.077e-71 -7.087e-60 -8.906e-59
3.548e-05 -5.983e-06 -1.207e-14 -1.209e-71 -7.952e-60 -9.993e-59
3.981e-05 -5.332e-06 -1.354e-14 -1.356e-71 -8.922e-60 -1.121e-58
4.467e-05 -4.752e-06 -1.519e-14 -1.522e-71 -1.001e-59 -1.258e-58
5.012e-05 -4.236e-06 -1.705e-14 -1.708e-71 -1.123e-59 -1.412e-58
5.623e-05 -3.775e-06 -1.913e-14 -1.916e-71 -1.260e-59 -1.584e-58
6.310e-05 -3.364e-06 -2.146e-14 -2.150e-71 -1.414e-59 -1.777e-58
7.079e-05 -2.999e-06 -2.408e-14 -2.412e-71 -1.587e-59 -1.994e-58
7.943e-05 -2.672e-06 -2.702e-14 -2.706e-71 -1.780e-59 -2.237e-58
8.913e-05 -2.382e-06 -3.031e-14 -3.036e-71 -1.997e-59 -2.510e-58
1.000e-04 -2.123e-06 -3.401e-14 -3.407e-71 -2.241e-59 -2.816e-58
1.122e-04 -1.892e-06 -3.816e-14 -3.823e-71 -2.515e-59 -3.160e-58
1.259e-04 -1.686e-06 -4.282e-14 -4.289e-71 -2.822e-59 -3.546e-58
1.413e-04 -1.503e-06 -4.804e-14 -4.812e-71 -3.166e-59 -3.978e-58
1.585e-04 -1.339e-06 -5.390e-14 -5.400e-71 -3.552e-59 -4.464e-58
1.778e-04 -1.194e-06 -6.048e-14 -6.058e-71 -3.985e-59 -5.008e-58
1.995e-04 -1.064e-06 -6.786e-14 -6.798e-71 -4.472e-59 -5.619e-58
2.239e-04 -9.482e-07 -7.614e-14 -7.627e-71 -5.017e-59 -6.305e-58
2.512e-04 -8.451e-07 -8.543e-14 -8.558e-71 -5.630e-59 -7.074e-58
2.818e-04 -7.532e-07 -9.586e-14 -9.602e-71 -6.317e-59 -7.938e-58
3.162e-04 -6.713e-07 -1.076e-13 -1.077e-70 -7.087e-59 -8.906e-58
3.548e-04 -5.983e-07 -1.207e-13 -1.209e-70 -7.952e-59 -9.993e-58
3.981e-04 -5.332e-07 -1.354e-13 -1.356e-70 -8.922e-59 -1.121e-57
4.467e-04 -4.752e-07 -1.519e-13 -1.522e-70 -1.001e-58 -1.258e-57
5.012e-04 -4.236e-07 -1.705e-13 -1.708e-70 -1.123e-58 -1.412e-57
5.623e-04 -3.775e-07 -1.913e-13 -1.916e-70 -1.260e-58 -1.584e-57
6.310e-04 -3.364e-07 -2.146e-13 -2.150e-70 -1.414e-58 -1.777e-57
7.079e-04 -2.999e-07 -2.408e-13 -2.412e-70 -1.587e-58 -1.994e-57
7.943e-04 -2.672e-07 -2.702e-13 -2.706e-70 -1.780e-58 -2.237e-57
8.913e-04 -2.382e-07 -3.031e-13 -3.036e-70 -1.997e-58 -2.510e-57
1.000e-03 -2.123e-07 -3.401e-13 -3.407e-70 -2.241e-58 -2.816e-57
1.122e-03 -1.892e-07 -3.816e-13 -3.823e-70 -2.515e-58 -3.160e-57
1.259e-03 -1.686e-07 -4.282e-13 -4.289e-70 -2.822e-58 -3.546e-57
1.413e-03 -1.503e-07 -4.804e-13 -4.812e-70 -3.166e-58 -3.978e-57
1.585e-03 -1.339e-07 -5.390e-13 -5.400e-70 -3.552e-58 -4.464e-57
1.778e-03 -1.194e-07 -6.048e-13 -6.058e-70 -3.985e-58 -5.008e-57
1.995e-03 -1.064e-07 -6.786e-13 -6.798e-70 -4.472e-58 -5.619e-57
2.239e-03 -9.482e-08 -7.614e-13 -7.627e-70 -5.017e-58 -6.305e-57
2.512e-03 -8.451e-08 -8.543e-13 -8.558e-70 -5.630e-58 -7.074e-57
2.818e-03 -7.532e-08 -9.586e-13 -9.602e-70 -6.317e-58 -7.938e-57
3.162e-03 -6.713e-08 -1.076e-12 -1.077e-69 -7.087e-58 -8.906e-57
3.548e-03 -5.983e-08 -1.207e-12 -1.209e-69 -7.952e-58 -9.993e-57
3.981e-03 -5.332e-08 -1.354e-12 -1.356e-69 -8.922e-58 -1.121e-56
4.467e-03 -4.752e-08 -1.519e-12 -1.522e-69 -1.001e-57 -1.258e-56
5.012e-03 -4.236e-08 -1.705e-12 -1.708e-69 -1.123e-57 -1.412e-56
5.623e-03 -3.775e-08 -1.913e-12 -1.916e-69 -1.260e-57 -1.584e-56
6.310e-03 -3.364e-08 -2.146e-12 -2.150e-69 -1.414e-57 -1.777e-56
7.079e-03 -2.999e-08 -2.408e-12 -2.412e-69 -1.587e-57 -1.994e-56
7.943e-03 -2.672e-08 -2.702e-12 -2.706e-69 -1.780e-57 -2.237e-56
8.913e-03 -2.382e-08 -3.031e-12 -3.036e-69 -1.997e-57 -2.510e-56
1.000e-02 -2.123e-08 -3.401e-12 -3.407e-69 -2.241e-57 -2.816e-56
1.122e-02 -1.892e-08 -3.816e-12 -3.823e-69 -2.515e-57 -3.160e-56
1.259e-02 -1.686e-08 -4.282e-12 -4.289e-69 -2.822e-57 -3.546e-56
1.413e-02 -1.503e-08 -4.804e-12 -4.812e-69 -3.166e-57 -3.978e-56
1.585e-02 -1.339e-08 -5.390e-12 -5.400e-69 -3.552e-57 -4.464e-56
1.778e-02 -1.194e-08 -6.048e-12 -6.058e-69 -3.985e-57 -5.008e-56
1.995e-02 -1.064e-08 -6.786e-12 -6.798e-69 -4.472e-57 -5.619e-56
2.239e-02 -9.482e-09 -7.614e-12 -7.627e-69 -5.017e-57 -6.305e-56
2.512e-02 -8.451e-09 -8.543e-12 -8.558e-69 -5.630e-57 -7.074e-56
2.818e-02 -7.532e-09 -9.586e-12 -9.602e-69 -6.317e-57 -7.938e-56
3.162e-02 -6.713e-09 -1.076e-11 -1.077e-68 -7.087e-57 -8.906e-56
3.548e-02 -5.983e-09 -1.207e-11 -1.209e-68 -7.952e-57 -9.993e-56
3.981e-02 -5.332e-09 -1.354e-11 -1.356e-68 -8.922e-57 -1.121e-55
4.467e-02 -4.752e-09 -1.519e-11 -1.522e-68 -1.001e-56 -1.258e-55
5.012e-02 -4.236e-09 -1.705e-11 -1.708e-68 -1.123e-56 -1.412e-55
5.623e-02 -3.775e-09 -1.913e-11 -1.916e-68 -1.260e-56 -1.584e-55
6.310e-02 -3.364e-09 -2.146e-11 -2.150e-68 -1.414e-56 -1.777e-55
7.079e-02 -2.999e-09 -2.408e-11 -2.412e-68 -1.587e-56 -1.994e-55
7.943e-02 -2.672e-09 -2.702e-11 -2.706e-68 -1.780e-56 -2.237e-55
8.913e-02 -2.382e-09 -3.031e-11 -3.036e-68 -1.997e-56 -2.510e-55
1.000e-01 -2.123e-09 -3.401e-11 -3.407e-68 -2.241e-56 -2.816e-55
1.122e-01 -1.892e-09 -3.816e-11 -3.823e-68 -2.515e-56 -3.160e-55
1.259e-01 -1.686e-09 -4.282e-11 -4.289e-68 -2.822e-56 -3.546e-55
1.413e-01 -1.503e-09 -4.804e-11 -4.812e-68 -3.166e-56 -3.978e-55
1.585e-01 -1.339e-09 -5.390e-11 -5.400e-68 -3.552e-56 -4.464e-55
1.778e-01 -1.194e-09 -6.048e-11 -6.058e-68 -3.985e-56 -5.008e-55
1.995e-01 -1.064e-09 -6.786e-11 -6.798e-68 -4.472e-56 -5.619e-55
2.239e-01 -9.482e-10 -7.614e-11 -7.627e-68 -5.017e-56 -6.305e-55
2.512e-01 -8.451e-10 -8.543e-11 -8.558e-68 -5.630e-56 -7.074e-55
2.818e-01 -7.532e-10 -9.586e-11 -9.602e-68 -6.317e-56 -7.938e-55
3.162e-01 -6.713e-10 -1.076e-10 -1.077e-67 -7.087e-56 -8.906e-55
3.548e-01 -5.983e-10 -1.207e-10 -1.209e-67 -7.952e-56 -9.993e-55
3.981e-01 -5.332e-10 -1.354e-10 -1.356e-67 -8.922e-56 -1.121e-54
4.467e-01 -4.752e-10 -1.519e-10 -1.522e-67 -1.001e-55 -1.258e-54
5.012e-01 -4.236e-10 -1.705e-10 -1.708e-67 -1.123e-55 -1.412e-54
5.623e-01 -3.775e-10 -1.913e-10 -1.916e-67 -1.260e-55 -1.584e-54
6.310e-01 -3.364e-10 -2.146e-10 -2.150e-67 -1.414e-55 -1.777e-54
7.079e-01 -2.999e-10 -2.408e-10 -2.412e-67 -1.587e-55 -1.994e-54
7.943e-01 -2.672e-10 -2.702e-10 -2.706e-67 -1.780e-55 -2.237e-54
8.913e-01 0.000e+00 0.000e+00 0.000e+00 0.000e+00 0.000e+00
1.000e+00 1.061e-09 1.701e-09 1.703e-66 1.121e-54 1.408e-53
1.122e+00 9.460e-10 1.908e-09 1.911e-66 1.257e-54 1.580e-53
1.259e+00 8.431e-10 2.141e-09 2.145e-66 1.411e-54 1.773e-53
1.413e+00 7.514e-10 2.402e-09 2.406e-66 1.583e-54 1.989e-53
1.585e+00 6.697e-10 2.695e-09 2.700e-66 1.776e-54 2.232e-53
1.778e+00 5.969e-10 3.024e-09 3.029e-66 1.993e-54 2.504e-53
1.995e+00 5.320e-10 3.393e-09 3.399e-66 2.236e-54 2.810e-53
2.239e+00 4.741e-10 3.807e-09 3.814e-66 2.509e-54 3.153e-53
2.512e+00 4.226e-10 4.272e-09 4.279e-66 2.815e-54 3.537e-53
2.818e+00 3.766e-10 4.793e-09 4.801e-66 3.158e-54 3.969e-53
3.162e+00 3.356e-10 5.378e-09 5.387e-66 3.544e-54 4.453e-53
3.548e+00 2.991e-10 6.034e-09 6.044e-66 3.976e-54 4.996e-53
3.981e+00 2.666e-10 6.770e-09 6.782e-66 4.461e-54 5.606e-53
4.467e+00 2.376e-10 7.596e-09 7.609e-66 5.006e-54 6.290e-53
5.012e+00 2.118e-10 8.523e-09 8.537e-66 5.616e-54 7.058e-53
5.623e+00 1.887e-10 9.563e-09 9.579e-66 6.302e-54 7.919e-53
6.310e+00 1.682e-10 1.073e-08 1.075e-65 7.071e-54 8.885e-53
7.079e+00 1.499e-10 1.204e-08 1.206e-65 7.933e-54 9.969e-53
7.943e+00 1.336e-10 1.351e-08 1.353e-65 8.901e-54 1.119e-52
8.913e+00 1.191e-10 1.516e-08 1.518e-65 9.987e-54 1.255e-52
1.000e+01 1.061e-10 1.701e-08 1.703e-65 1.121e-53 1.408e-52
1.122e+01 9.460e-11 1.908e-08 1.911e-65 1.257e-53 1.580e-52
1.259e+01 8.431e-11 2.141e-08 2.145e-65 1.411e-53 1.773e-52
1.413e+01 7.514e-11 2.402e-08 2.406e-65 1.583e-53 1.989e-52
1.585e+01 6.697e-11 2.695e-08 2.700e-65 1.776e-53 2.232e-52
1.778e+01 5.969e-11 3.024e-08 3.029e-65 1.993e-53 2.504e-52
1.995e+01 5.320e-11 3.393e-08 3.399e-65 2.236e-53 2.810e-52
2.239e+01 4.741e-11 3.807e-08 3.814e-65 2.509e-53 3.153e-52
2.512e+01 4.226e-11 4.272e-08 4.279e-65 2.815e-53 3.537e-52
2.818e+01 3.766e-11 4.793e-08 4.801e-65 3.158e-53 3.969e-52
3.162e+01 3.356e-11 5.378e-08 5.387e-65 3.544e-53 4.453e-52
3.548e+01 2.991e-11 6.034e-08 6.044e-65 3.976e-53 4.996e-52
3.981e+01 2.666e-11 6.770e-08 6.782e-65 4.461e-53 5.606e-52
4.467e+01 2.376e-11 7.596e-08 7.609e-65 5.006e-53 6.290e-52
5.012e+01 2.118e-11 8.523e-08 8.537e-65 5.616e-53 7.058e-52
5.623e+01 1.887e-11 9.563e-08 9.579e-65 6.302e-53 7.919e-52
6.310e+01 1.682e-11 1.073e-07 1.075e-64 7.070e-53 8.885e-52
7.079e+01 1.499e-11 1.204e-07 1.206e-64 7.933e-53 9.969e-52
7.943e+01 1.336e-11 1.351e-07 1.353e-64 8.901e-53 1.119e-51
8.913e+01 1.191e-11 1.516e-07 1.518e-64 9.987e-53 1.255e-51
1.000e+02 1.061e-11 1.701e-07 1.703e-64 1.121e-52 1.408e-51
1.122e+02 9.460e-12 1.908e-07 1.911e-64 1.257e-52 1.580e-51
1.259e+02 8.431e-12 2.141e-07 2.144e-64 1.411e-52 1.773e-51
1.413e+02 7.514e-12 2.402e-07 2.406e-64 1.583e-52 1.989e-51
1.585e+02 6.697e-12 2.695e-07 2.700e-64 1.776e-52 2.232e-51
1.778e+02 5.969e-12 3.024e-07 3.029e-64 1.993e-52 2.504e-51
1.995e+02 5.320e-12 3.393e-07 3.399e-64 2.236e-52 2.810e-51
2.239e+02 4.741e-12 3.807e-07 3.813e-64 2.509e-52 3.152e-51
2.512e+02 4.225e-12 4.272e-07 4.279e-64 2.815e-52 3.537e-51
2.818e+02 3.766e-12 4.793e-07 4.801e-64 3.158e-52 3.969e-51
3.162e+02 3.356e-12 5.377e-07 5.387e-64 3.544e-52 4.453e-51
3.548e+02 2.991e-12 6.034e-07 6.044e-64 3.976e-52 4.996e-51
3.981e+02 2.666e-12 6.770e-07 6.781e-64 4.461e-52 5.606e-51
4.467e+02 2.376e-12 7.596e-07 7.609e-64 5.005e-52 6.290e-51
5.012e+02 2.118e-12 8.523e-07 8.537e-64 5.616e-52 7.057e-51
5.623e+02 1.887e-12 9.562e-07 9.579e-64 6.301e-52 7.918e-51
6.310e+02 1.682e-12 1.073e-06 1.075e-63 7.070e-52 8.884e-51
7.079e+02 1.499e-12 1.204e-06 1.206e-63 7.933e-52 9.968e-51
7.943e+02 1.336e-12 1.351e-06 1.353e-63 8.900e-52 1.118e-50
8.913e+02 1.191e-12 1.515e-06 1.518e-63 9.986e-52 1.255e-50
1.000e+03 1.061e-12 1.700e-06 1.703e-63 1.120e-51 1.408e-50
1.122e+03 9.459e-13 1.908e-06 1.911e-63 1.257e-51 1.580e-50
1.259e+03 8.430e-13 2.141e-06 2.144e-63 1.411e-51 1.773e-50
1.413e+03 7.513e-13 2.402e-06 2.406e-63 1.583e-51 1.989e-50
1.585e+03 6.696e-13 2.695e-06 2.699e-63 1.776e-51 2.231e-50
1.778e+03 5.968e-13 3.024e-06 3.029e-63 1.992e-51 2.504e-50
1.995e+03 5.319e-13 3.392e-06 3.398e-63 2.235e-51 2.809e-50
2.239e+03 4.740e-13 3.806e-06 3.813e-63 2.508e-51 3.152e-50
2.512e+03 3.380e-13 3.416e-06 3.422e-63 2.251e-51 2.829e-50
2.818e+03 3.012e-13 3.833e-06 3.840e-63 2.526e-51 3.174e-50
3.162e+03 2.684e-13 4.301e-06 4.308e-63 2.834e-51 3.561e-50
3.548e+03 2.392e-13 4.825e-06 4.834e-63 3.180e-51 3.996e-50
3.981e+03 2.132e-13 5.414e-06 5.423e-63 3.568e-51 4.483e-50
4.467e+03 1.900e-13 6.074e-06 6.085e-63 4.003e-51 5.030e-50
5.012e+03 1.693e-13 6.815e-06 6.827e-63 4.491e-51 5.643e-50
5.623e+03 1.509e-13 7.646e-06 7.659e-63 5.039e-51 6.332e-50
6.310e+03 1.345e-13 8.579e-06 8.593e-63 5.653e-51 7.104e-50
7.079e+03 1.199e-13 9.625e-06 9.641e-63 6.342e-51 7.970e-50
7.943e+03 1.068e-13 1.080e-05 1.082e-62 7.116e-51 8.942e-50
8.913e+03 9.520e-14 1.212e-05 1.214e-62 7.983e-51 1.003e-49
1.000e+04 8.484e-14 1.359e-05 1.362e-62 8.957e-51 1.126e-49
1.122e+04 7.560e-14 1.525e-05 1.528e-62 1.005e-50 1.263e-49
1.259e+04 6.737e-14 1.711e-05 1.714e-62 1.127e-50 1.417e-49
1.413e+04 6.004e-14 1.919e-05 1.923e-62 1.265e-50 1.589e-49
1.585e+04 5.350e-14 2.153e-05 2.157e-62 1.419e-50 1.783e-49
1.778e+04 4.768e-14 2.416e-05 2.420e-62 1.592e-50 2.000e-49
1.995e+04 4.249e-14 2.710e-05 2.714e-62 1.786e-50 2.244e-49
2.239e+04 2.839e-14 2.280e-05 2.284e-62 1.502e-50 1.888e-49
2.512e+04 2.530e-14 2.558e-05 2.562e-62 1.685e-50 2.118e-49
2.818e+04 2.254e-14 2.869e-05 2.874e-62 1.891e-50 2.376e-49
3.162e+04 2.009e-14 3.218e-05 3.224e-62 2.121e-50 2.665e-49
3.548e+04 1.790e-14 3.610e-05 3.616e-62 2.379e-50 2.989e-49
3.981e+04 1.595e-14 4.049e-05 4.056e-62 2.668e-50 3.353e-49
4.467e+04 1.421e-14 4.542e-05 4.550e-62 2.993e-50 3.761e-49
5.012e+04 1.266e-14 5.094e-05 5.103e-62 3.357e-50 4.219e-49
5.623e+04 1.128e-14 5.714e-05 5.723e-62 3.765e-50 4.731e-49
6.310e+04 1.005e-14 6.408e-05 6.419e-62 4.223e-50 5.306e-49
7.079e+04 8.950e-15 7.186e-05 7.199e-62 4.736e-50 5.951e-49
7.943e+04 7.972e-15 8.059e-05 8.073e-62 5.311e-50 6.673e-49
8.913e+04 7.101e-15 9.037e-05 9.052e-62 5.955e-50 7.483e-49
1.000e+05 6.324e-15 1.013e-04 1.015e-61 6.677e-50 8.391e-49
1.122e+05 5.633e-15 1.136e-04 1.138e-61 7.486e-50 9.408e-49
1.259e+05 5.016e-15 1.274e-04 1.276e-61 8.393e-50 1.055e-48
1.413e+05 2.978e-15 9.519e-05 9.535e-62 6.273e-50 7.883e-49
1.585e+05 2.651e-15 1.067e-04 1.069e-61 7.031e-50 8.836e-49
1.778e+05 2.360e-15 1.196e-04 1.198e-61 7.881e-50 9.903e-49
1.995e+05 2.101e-15 1.340e-04 1.343e-61 8.832e-50 1.110e-48
2.239e+05 0.000e+00 0.000e+00 0.000e+00 0.000e+00 0.000e+00
2.512e+05 0.000e+00 0.000e+00 0.000e+00 0.000e+00 0.000e+00
2.818e+05 0.000e+00 0.000e+00 0.000e+00 0.000e+00 0.000e+00
3.162e+05 0.000e+00 0.000e+00 0.000e+00 0.000e+00 0.000e+00
3.548e+05 0.000e+00 0.000e+00 0.000e+00 0.000e+00 0.000e+00
3.981e+05 0.000e+00 0.000e+00 0.000e+00 0.000e+00 0.000e+00
4.467e+05 0.000e+00 0.000e+00 0.000e+00 0.000e+00 0.000e+00
5.012e+05 0.000e+00 0.000e+00 0.000e+00 0.000e+00 0.000e+00
5.623e+05 0.000e+00 0.000e+00 0.000e+00 0.000e+00 0.000e+00
6.310e+05 0.000e+00 0.000e+00 0.000e+00 0.000e+00 0.000e+00
7.079e+05 0.000e+00 0.000e+00 0.000e+00 0.000e+00 0.000e+00
7.943e+05 0.000e+00 0.000e+00 0.000e+00 0.000e+00 0.000e+00
8.913e+05 0.000e+00 0.000e+00 0.000e+00 0.000e+00 0.000e+00
1.000e+06 0.000e+00 0.000e+00 0.000e+00 0.000e+00 0.000e+00
1.122e+06 0.000e+00 0.000e+00 0.000e+00 0.000e+00 0.000e+00
1.259e+06 0.000e+00 0.000e+00 0.000e+00 0.000e+00 0.000e+00
1.413e+06 0.000e+00 0.000e+00 0.000e+00 0.000e+00 0.000e+00
1.585e+06 0.000e+00 0.000e+00 0.000e+00 0.000e+00 0.000e+00
1.778e+06 0.000e+00 0.000e+00 0.000e+00 0.000e+00 0.000e+00
1.995e+06 0.000e+00 0.000e+00 0.000e+00 0.000e+00 0.000e+00
2.239e+06 0.000e+00 0.000e+00 0.000e+00 0.000e+00 0.000e+00
2.512e+06 0.000e+00 0.000e+00 0.000e+00 0.000e+00 0.000e+00
2.818e+06 0.000e+00 0.000e+00 0.000e+00 0.000e+00 0.000e+00
3.162e+06 0.000e+00 0.000e+00 0.000e+00 0.000e+00 0.000e+00
3.548e+06 0.000e+00 0.000e+00 0.000e+00 0.000e+00 0.000e+00
3.981e+06 0.000e+00 0.000e+00 0.000e+00 0.000e+00 0.000e+00
4.467e+06 0.000e+00 0.000e+00 0.000e+00 0.000e+00 0.000e+00
5.012e+06 0.000e+00 0.000e+00 0.000e+00 0.000e+00 0.000e+00
5.623e+06 0.000e+00 0.000e+00 0.000e+00 0.000e+00 0.000e+00
6.310e+06 0.000e+00 0.000e+00 0.000e+00 0.000e+00 0.000e+00
7.079e+06 0.000e+00 0.000e+00 0.000e+00 0.000e+00 0.000e+00
7.943e+06 0.000e+00 0.000e+00 0.000e+00 0.000e+00 0.000e+00
8.913e+06 0.000e+00 0.000e+00 0.000e+00 0.000e+00 0.000e+00
1.000e+07 0.000e+00 0.000e+00 0.000e+00 0.000e+00 0.000e+00
1.122e+07 0.000e+00 0.000e+00 0.000e+00 0.000e+00 0.000e+00
1.259e+07 0.000e+00 0.000e+00 0.000e+00 0.000e+00 0.000e+00
1.413e+07 0.000e+00 0.000e+00 0.000e+00 0.000e+00 0.000e+00
1.585e+07 0.000e+00 0.000e+00 0.000e+00 0.000e+00 0.000e+00
1.778e+07 0.000e+00 0.000e+00 0.000e+00 0.000e+00 0.000e+00
1.995e+07 0.000e+00 0.000e+00 0.000e+00 0.000e+00 0.000e+00
2.239e+07 0.000e+00 0.000e+00 0.000e+00 0.000e+00 0.000e+00
2.512e+07 0.000e+00 0.000e+00 0.000e+00 0.000e+00 0.000e+00
2.818e+07 0.000e+00 0.000e+00 0.000e+00 0.000e+00 0.000e+00
3.162e+07 0.000e+00 0.000e+00 0.000e+00 0.000e+00 0.000e+00
3.548e+07 0.000e+00 0.000e+00 0.000e+00 0.000e+00 0.000e+00
3.981e+07 0.000e+00 0.000e+00 0.000e+00 0.000e+00 0.000e+00
4.467e+07 0.000e+00 0.000e+00 0.000e+00 0.000e+00 0.000e+00
5.012e+07 0.000e+00 0.000e+00 0.000e+00 0.000e+00 0.000e+00
5.623e+07 0.000e+00 0.000e+00 0.000e+00 0.000e+00 0.000e+00
6.310e+07 0.000e+00 0.000e+00 0.000e+00 0.000e+00 0.000e+00
7.079e+07 0.000e+00 0.000e+00 0.000e+00 0.000e+00 0.000e+00
7.943e+07 0.000e+00 0.000e+00 0.000e+00 0.000e+00 0.000e+00
8.913e+07 0.000e+00 0.000e+00 0.000e+00 0.000e+00 0.000e+00
1.000e+08 0.000e+00 0.000e+00 0.000e+00 0.000e+00 0.000e+00
