1.000e-20 0.000e+00 0.000e+00 0.000e+00 0.000e+00 0.000e+00
1.122e-20 0.000e+00 0.000e+00 0.000e+00 0.000e+00 0.000e+00
1.259e-20 0.000e+00 0.000e+00 0.000e+00 0.000e+00 0.000e+00
1.413e-20 0.000e+00 0.000e+00 0.000e+00 0.000e+00 0.000e+00
1.585e-20 0.000e+00 0.000e+00 0.000e+00 0.000e+00 0.000e+00
1.778e-20 0.000e+00 0.000e+00 0.000e+00 0.000e+00 0.000e+00
1.995e-20 0.000e+00 0.000e+00 0.000e+00 0.000e+00 0.000e+00
2.239e-20 0.000e+00 0.000e+00 0.000e+00 0.000e+00 0.000e+00
2.512e-20 0.000e+00 0.000e+00 0.000e+00 0.000e+00 0.000e+00
2.818e-20 0.000e+00 0.000e+00 0.000e+00 0.000e+00 0.000e+00
3.162e-20 0.000e+00 0.000e+00 0.000e+00 0.000e+00 0.000e+00
3.548e-20 0.000e+00 0.000e+00 0.000e+00 0.000e+00 0.000e+00
3.981e-20 0.000e+00 0.000e+00 0.000e+00 0.000e+00 0.000e+00
4.467e-20 0.000e+00 0.000e+00 0.000e+00 0.000e+00 0.000e+00
5.012e-20 0.000e+00 0.000e+00 0.000e+00 0.000e+00 0.000e+00
5.623e-20 0.000e+00 0.000e+00 0.000e+00 0.000e+00 0.000e+00
6.310e-20 0.000e+00 0.000e+00 0.000e+00 0.000e+00 0.000e+00
7.079e-20 0.000e+00 0.000e+00 0.000e+00 0.000e+00 0.000e+00
7.943e-20 0.000e+00 0.000e+00 0.000e+00 0.000e+00 0.000e+00
8.913e-20 0.000e+00 0.000e+00 0.000e+00 0.000e+00 0.000e+00
1.000e-19 0.000e+00 0.000e+00 0.000e+00 0.000e+00 0.000e+00
1.122e-19 0.000e+00 0.000e+00 0.000e+00 0.000e+00 0.000e+00
1.259e-19 0.000e+00 0.000e+00 0.000e+00 0.000e+00 0.000e+00
1.413e-19 0.000e+00 0.000e+00 0.000e+00 0.000e+00 0.000e+00
1.585e-19 0.000e+00 0.000e+00 0.000e+00 0.000e+00 0.000e+00
1.778e-19 0.000e+00 0.000e+00 0.000e+00 0.000e+00 0.000e+00
1.995e-19 0.000e+00 0.000e+00 0.000e+00 0.000e+00 0.000e+00
2.239e-19 0.000e+00 0.000e+00 0.000e+00 0.000e+00 0.000e+00
2.512e-19 0.000e+00 0.000e+00 0.000e+00 0.000e+00 0.000e+00
2.818e-19 0.000e+00 0.000e+00 0.000e+00 0.000e+00 0.000e+00
3.162e-19 0.000e+00 0.000e+00 0.000e+00 0.000e+00 0.000e+00
3.548e-19 0.000e+00 0.000e+00 0.000e+00 0.000e+00 0.000e+00
3.981e-19 0.000e+00 0.000e+00 0.000e+00 0.000e+00 0.000e+00
4.467e-19 0.000e+00 0.000e+00 0.000e+00 0.000e+00 0.000e+00
5.012e-19 0.000e+00 0.000e+00 0.000e+00 0.000e+00 0.000e+00
5.623e-19 0.000e+00 0.000e+00 0.000e+00 0.000e+00 0.000e+00
6.310e-19 0.000e+00 0.000e+00 0.000e+00 0.000e+00 0.000e+00
7.079e-19 0.000e+00 0.000e+00 0.000e+00 0.000e+00 0.000e+00
7.943e-19 0.000e+00 0.000e+00 0.000e+00 0.000e+00 0.000e+00
8.913e-19 0.000e+00 0.000e+00 0.000e+00 0.000e+00 0.000e+00
1.000e-18 0.000e+00 0.000e+00 0.000e+00 0.000e+00 0.000e+00
1.122e-18 0.000e+00 0.000e+00 0.000e+00 0.000e+00 0.000e+00
1.259e-18 0.000e+00 0.000e+00 0.000e+00 0.000e+00 0.000e+00
1.413e-18 0.000e+00 0.000e+00 0.000e+00 0.000e+00 0.000e+00
1.585e-18 0.000e+00 0.000e+00 0.000e+00 0.000e+00 0.000e+00
1.778e-18 0.000e+00 0.000e+00 0.000e+00 0.000e+00 0.000e+00
1.995e-18 0.000e+00 0.000e+00 0.000e+00 0.000e+00 0.000e+00
2.239e-18 0.000e+00 0.000e+00 0.000e+00 0.000e+00 0.000e+00
2.512e-18 0.000e+00 0.000e+00 0.000e+00 0.000e+00 0.000e+00
2.818e-18 0.000e+00 0.000e+00 0.000e+00 0.000e+00 0.000e+00
3.162e-18 0.000e+00 0.000e+00 0.000e+00 0.000e+00 0.000e+00
3.548e-18 0.000e+00 0.000e+00 0.000e+00 0.000e+00 0.000e+00
3.981e-18 0.000e+00 0.000e+00 0.000e+00 0.000e+00 0.000e+00
4.467e-18 0.000e+00 0.000e+00 0.000e+00 0.000e+00 0.000e+00
5.012e-18 0.000e+00 0.000e+00 0.000e+00 0.000e+00 0.000e+00
5.623e-18 0.000e+00 0.000e+00 0.000e+00 0.000e+00 0.000e+00
6.310e-18 0.000e+00 0.000e+00 0.000e+00 0.000e+00 0.000e+00
7.079e-18 0.000e+00 0.000e+00 0.000e+00 0.000e+00 0.000e+00
7.943e-18 0.000e+00 0.000e+00 0.000e+00 0.000e+00 0.000e+00
8.913e-18 0.000e+00 0.000e+00 0.000e+00 0.000e+00 0.000e+00
1.000e-17 0.000e+00 0.000e+00 0.000e+00 0.000e+00 0.000e+00
1.122e-17 0.000e+00 0.000e+00 0.000e+00 0.000e+00 0.000e+00
1.259e-17 0.000e+00 0.000e+00 0.000e+00 0.000e+00 0.000e+00
1.413e-17 0.000e+00 0.000e+00 0.000e+00 0.000e+00 0.000e+00
1.585e-17 0.000e+00 0.000e+00 0.000e+00 0.000e+00 0.000e+00
1.778e-17 0.000e+00 0.000e+00 0.000e+00 0.000e+00 0.000e+00
1.995e-17 0.000e+00 0.000e+00 0.000e+00 0.000e+00 0.000e+00
2.239e-17 0.000e+00 0.000e+00 0.000e+00 0.000e+00 0.000e+00
2.512e-17 0.000e+00 0.000e+00 0.000e+00 0.000e+00 0.000e+00
2.818e-17 0.000e+00 0.000e+00 0.000e+00 0.000e+00 0.000e+00
3.162e-17 0.000e+00 0.000e+00 0.000e+00 0.000e+00 0.000e+00
3.548e-17 0.000e+00 0.000e+00 0.000e+00 0.000e+00 0.000e+00
3.981e-17 0.000e+00 0.000e+00 0.000e+00 0.000e+00 0.000e+00
4.467e-17 0.000e+00 0.000e+00 0.000e+00 0.000e+00 0.000e+00
5.012e-17 0.000e+00 0.000e+00 0.000e+00 0.000e+00 0.000e+00
5.623e-17 0.000e+00 0.000e+00 0.000e+00 0.000e+00 0.000e+00
6.310e-17 0.000e+00 0.000e+00 0.000e+00 0.000e+00 0.000e+00
7.079e-17 0.000e+00 0.000e+00 0.000e+00 0.000e+00 0.000e+00
7.943e-17 0.000e+00 0.000e+00 0.000e+00 0.000e+00 0.000e+00
8.913e-17 0.000e+00 0.000e+00 0.000e+00 0.000e+00 0.000e+00
1.000e-16 0.000e+00 0.000e+00 0.000e+00 0.000e+00 0.000e+00
1.122e-16 0.000e+00 0.000e+00 0.000e+00 0.000e+00 0.000e+00
1.259e-16 0.000e+00 0.000e+00 0.000e+00 0.000e+00 0.000e+00
1.413e-16 0.000e+00 0.000e+00 0.000e+00 0.000e+00 0.000e+00
1.585e-16 0.000e+00 0.000e+00 0.000e+00 0.000e+00 0.000e+00
1.778e-16 0.000e+00 0.000e+00 0.000e+00 0.000e+00 0.000e+00
1.995e-16 0.000e+00 0.000e+00 0.000e+00 0.000e+00 0.000e+00
2.239e-16 0.000e+00 0.000e+00 0.000e+00 0.000e+00 0.000e+00
2.512e-16 0.000e+00 0.000e+00 0.000e+00 0.000e+00 0.000e+00
2.818e-16 0.000e+00 0.000e+00 0.000e+00 0.000e+00 0.000e+00
3.162e-16 0.000e+00 0.000e+00 0.000e+00 0.000e+00 0.000e+00
3.548e-16 0.000e+00 0.000e+00 0.000e+00 0.000e+00 0.000e+00
3.981e-16 0.000e+00 0.000e+00 0.000e+00 0.000e+00 0.000e+00
4.467e-16 0.000e+00 0.000e+00 0.000e+00 0.000e+00 0.000e+00
5.012e-16 0.000e+00 0.000e+00 0.000e+00 0.000e+00 0.000e+00
5.623e-16 0.000e+00 0.000e+00 0.000e+00 0.000e+00 0.000e+00
6.310e-16 0.000e+00 0.000e+00 0.000e+00 0.000e+00 0.000e+00
7.079e-16 0.000e+00 0.000e+00 0.000e+00 0.000e+00 0.000e+00
7.943e-16 0.000e+00 0.000e+00 0.000e+00 0.000e+00 0.000e+00
8.913e-16 0.000e+00 0.000e+00 0.000e+00 0.000e+00 0.000e+00
1.000e-15 0.000e+00 0.000e+00 0.000e+00 0.000e+00 0.000e+00
1.122e-15 8.223e+45 1.659e+16 1.662e-41 3.373e-30 4.239e-29
1.259e-15 7.329e+45 1.861e+16 1.864e-41 3.785e-30 4.756e-29
1.413e-15 6.532e+45 2.088e+16 2.092e-41 4.247e-30 5.337e-29
1.585e-15 5.822e+45 2.343e+16 2.347e-41 4.765e-30 5.988e-29
1.778e-15 5.189e+45 2.629e+16 2.633e-41 5.347e-30 6.719e-29
1.995e-15 4.624e+45 2.950e+16 2.955e-41 5.999e-30 7.539e-29
2.239e-15 4.121e+45 3.310e+16 3.315e-41 6.731e-30 8.458e-29
2.512e-15 3.673e+45 3.713e+16 3.720e-41 7.552e-30 9.490e-29
2.818e-15 3.274e+45 4.166e+16 4.174e-41 8.474e-30 1.065e-28
3.162e-15 2.918e+45 4.675e+16 4.683e-41 9.508e-30 1.195e-28
3.548e-15 2.600e+45 5.245e+16 5.254e-41 1.067e-29 1.341e-28
3.981e-15 2.318e+45 5.885e+16 5.895e-41 1.197e-29 1.504e-28
4.467e-15 2.066e+45 6.603e+16 6.615e-41 1.343e-29 1.688e-28
5.012e-15 1.841e+45 7.409e+16 7.422e-41 1.507e-29 1.894e-28
5.623e-15 1.641e+45 8.313e+16 8.327e-41 1.691e-29 2.125e-28
6.310e-15 1.462e+45 9.327e+16 9.343e-41 1.897e-29 2.384e-28
7.079e-15 1.303e+45 1.047e+17 1.048e-40 2.129e-29 2.675e-28
7.943e-15 1.162e+45 1.174e+17 1.176e-40 2.388e-29 3.001e-28
8.913e-15 1.035e+45 1.318e+17 1.320e-40 2.680e-29 3.367e-28
1.000e-14 9.227e+44 1.478e+17 1.481e-40 3.007e-29 3.778e-28
1.122e-14 8.223e+44 1.659e+17 1.662e-40 3.373e-29 4.239e-28
1.259e-14 7.329e+44 1.861e+17 1.864e-40 3.785e-29 4.756e-28
1.413e-14 6.532e+44 2.088e+17 2.092e-40 4.247e-29 5.337e-28
1.585e-14 5.822e+44 2.343e+17 2.347e-40 4.765e-29 5.988e-28
1.778e-14 5.189e+44 2.629e+17 2.633e-40 5.347e-29 6.719e-28
1.995e-14 4.624e+44 2.950e+17 2.955e-40 5.999e-29 7.539e-28
2.239e-14 4.121e+44 3.310e+17 3.315e-40 6.731e-29 8.458e-28
2.512e-14 3.673e+44 3.713e+17 3.720e-40 7.552e-29 9.490e-28
2.818e-14 3.274e+44 4.166e+17 4.174e-40 8.474e-29 1.065e-27
3.162e-14 2.918e+44 4.675e+17 4.683e-40 9.508e-29 1.195e-27
3.548e-14 2.600e+44 5.245e+17 5.254e-40 1.067e-28 1.341e-27
3.981e-14 2.318e+44 5.885e+17 5.895e-40 1.197e-28 1.504e-27
4.467e-14 2.066e+44 6.603e+17 6.615e-40 1.343e-28 1.688e-27
5.012e-14 1.841e+44 7.409e+17 7.422e-40 1.507e-28 1.894e-27
5.623e-14 1.641e+44 8.313e+17 8.327e-40 1.691e-28 2.125e-27
6.310e-14 1.462e+44 9.327e+17 9.343e-40 1.897e-28 2.384e-27
7.079e-14 1.303e+44 1.047e+18 1.048e-39 2.129e-28 2.675e-27
7.943e-14 1.162e+44 1.174e+18 1.176e-39 2.388e-28 3.001e-27
8.913e-14 1.035e+44 1.318e+18 1.320e-39 2.680e-28 3.367e-27
1.000e-13 9.227e+43 1.478e+18 1.481e-39 3.007e-28 3.778e-27
1.122e-13 8.223e+43 1.659e+18 1.662e-39 3.373e-28 4.239e-27
1.259e-13 7.329e+43 1.861e+18 1.864e-39 3.785e-28 4.756e-27
1.413e-13 6.532e+43 2.088e+18 2.092e-39 4.247e-28 5.337e-27
1.585e-13 5.822e+43 2.343e+18 2.347e-39 4.765e-28 5.988e-27
1.778e-13 5.189e+43 2.629e+18 2.633e-39 5.347e-28 6.719e-27
1.995e-13 4.624e+43 2.950e+18 2.955e-39 5.999e-28 7.539e-27
2.239e-13 4.121e+43 3.310e+18 3.315e-39 6.731e-28 8.458e-27
2.512e-13 3.673e+43 3.713e+18 3.720e-39 7.552e-28 9.490e-27
2.818e-13 3.274e+43 4.166e+18 4.174e-39 8.474e-28 1.065e-26
3.162e-13 2.918e+43 4.675e+18 4.683e-39 9.508e-28 1.195e-26
3.548e-13 2.600e+43 5.245e+18 5.254e-39 1.067e-27 1.341e-26
3.981e-13 2.318e+43 5.885e+18 5.895e-39 1.197e-27 1.504e-26
4.467e-13 2.066e+43 6.603e+18 6.615e-39 1.343e-27 1.688e-26
5.012e-13 1.841e+43 7.409e+18 7.422e-39 1.507e-27 1.894e-26
5.623e-13 1.641e+43 8.313e+18 8.327e-39 1.691e-27 2.125e-26
6.310e-13 1.462e+43 9.327e+18 9.343e-39 1.897e-27 2.384e-26
7.079e-13 1.303e+43 1.047e+19 1.048e-38 2.129e-27 2.675e-26
7.943e-13 1.162e+43 1.174e+19 1.176e-38 2.388e-27 3.001e-26
8.913e-13 1.035e+43 1.318e+19 1.320e-38 2.680e-27 3.367e-26
1.000e-12 9.227e+42 1.478e+19 1.481e-38 3.007e-27 3.778e-26
1.122e-12 8.223e+42 1.659e+19 1.662e-38 3.373e-27 4.239e-26
1.259e-12 7.329e+42 1.861e+19 1.864e-38 3.785e-27 4.756e-26
1.413e-12 6.532e+42 2.088e+19 2.092e-38 4.247e-27 5.337e-26
1.585e-12 5.822e+42 2.343e+19 2.347e-38 4.765e-27 5.988e-26
1.778e-12 5.189e+42 2.629e+19 2.633e-38 5.347e-27 6.719e-26
1.995e-12 4.624e+42 2.950e+19 2.955e-38 5.999e-27 7.539e-26
2.239e-12 4.121e+42 3.310e+19 3.315e-38 6.731e-27 8.458e-26
2.512e-12 3.673e+42 3.713e+19 3.720e-38 7.552e-27 9.490e-26
2.818e-12 3.274e+42 4.166e+19 4.174e-38 8.474e-27 1.065e-25
3.162e-12 2.918e+42 4.675e+19 4.683e-38 9.508e-27 1.195e-25
3.548e-12 2.600e+42 5.245e+19 5.254e-38 1.067e-26 1.341e-25
3.981e-12 2.318e+42 5.885e+19 5.895e-38 1.197e-26 1.504e-25
4.467e-12 2.066e+42 6.603e+19 6.615e-38 1.343e-26 1.688e-25
5.012e-12 1.841e+42 7.409e+19 7.422e-38 1.507e-26 1.894e-25
5.623e-12 1.641e+42 8.313e+19 8.327e-38 1.691e-26 2.125e-25
6.310e-12 1.462e+42 9.327e+19 9.343e-38 1.897e-26 2.384e-25
7.079e-12 1.303e+42 1.047e+20 1.048e-37 2.129e-26 2.675e-25
7.943e-12 1.162e+42 1.174e+20 1.176e-37 2.388e-26 3.001e-25
8.913e-12 1.035e+42 1.318e+20 1.320e-37 2.680e-26 3.367e-25
1.000e-11 9.227e+41 1.478e+20 1.481e-37 3.007e-26 3.778e-25
1.122e-11 8.223e+41 1.659e+20 1.662e-37 3.373e-26 4.239e-25
1.259e-11 7.329e+41 1.861e+20 1.864e-37 3.785e-26 4.756e-25
1.413e-11 6.532e+41 2.088e+20 2.092e-37 4.247e-26 5.337e-25
1.585e-11 5.822e+41 2.343e+20 2.347e-37 4.765e-26 5.988e-25
1.778e-11 5.189e+41 2.629e+20 2.633e-37 5.347e-26 6.719e-25
1.995e-11 4.624e+41 2.950e+20 2.955e-37 5.999e-26 7.539e-25
2.239e-11 4.121e+41 3.310e+20 3.315e-37 6.731e-26 8.458e-25
2.512e-11 3.673e+41 3.713e+20 3.720e-37 7.552e-26 9.490e-25
2.818e-11 3.274e+41 4.166e+20 4.174e-37 8.474e-26 1.065e-24
3.162e-11 2.918e+41 4.675e+20 4.683e-37 9.508e-26 1.195e-24
3.548e-11 2.600e+41 5.245e+20 5.254e-37 1.067e-25 1.341e-24
3.981e-11 2.318e+41 5.885e+20 5.895e-37 1.197e-25 1.504e-24
4.467e-11 2.066e+41 6.603e+20 6.615e-37 1.343e-25 1.688e-24
5.012e-11 1.841e+41 7.409e+20 7.422e-37 1.507e-25 1.894e-24
5.623e-11 1.641e+41 8.313e+20 8.327e-37 1.691e-25 2.125e-24
6.310e-11 1.462e+41 9.327e+20 9.343e-37 1.897e-25 2.384e-24
7.079e-11 1.303e+41 1.047e+21 1.048e-36 2.129e-25 2.675e-24
7.943e-11 1.162e+41 1.174e+21 1.176e-36 2.388e-25 3.001e-24
8.913e-11 1.035e+41 1.318e+21 1.320e-36 2.680e-25 3.367e-24
1.000e-10 9.227e+40 1.478e+21 1.481e-36 3.007e-25 3.778e-24
1.122e-10 8.223e+40 1.659e+21 1.662e-36 3.373e-25 4.239e-24
1.259e-10 7.329e+40 1.861e+21 1.864e-36 3.785e-25 4.756e-24
1.413e-10 6.532e+40 2.088e+21 2.092e-36 4.247e-25 5.337e-24
1.585e-10 5.822e+40 2.343e+21 2.347e-36 4.765e-25 5.988e-24
1.778e-10 5.189e+40 2.629e+21 2.633e-36 5.347e-25 6.719e-24
1.995e-10 4.624e+40 2.950e+21 2.955e-36 5.999e-25 7.539e-24
2.239e-10 4.121e+40 3.310e+21 3.315e-36 6.731e-25 8.458e-24
2.512e-10 3.673e+40 3.713e+21 3.720e-36 7.552e-25 9.490e-24
2.818e-10 3.274e+40 4.166e+21 4.174e-36 8.474e-25 1.065e-23
3.162e-10 2.918e+40 4.675e+21 4.683e-36 9.508e-25 1.195e-23
3.548e-10 2.600e+40 5.245e+21 5.254e-36 1.067e-24 1.341e-23
3.981e-10 2.318e+40 5.885e+21 5.895e-36 1.197e-24 1.504e-23
4.467e-10 2.066e+40 6.603e+21 6.615e-36 1.343e-24 1.688e-23
5.012e-10 1.841e+40 7.409e+21 7.422e-36 1.507e-24 1.894e-23
5.623e-10 1.641e+40 8.313e+21 8.327e-36 1.691e-24 2.125e-23
6.310e-10 1.462e+40 9.327e+21 9.343e-36 1.897e-24 2.384e-23
7.079e-10 1.303e+40 1.047e+22 1.048e-35 2.129e-24 2.675e-23
7.943e-10 1.162e+40 1.174e+22 1.176e-35 2.388e-24 3.001e-23
8.913e-10 1.035e+40 1.318e+22 1.320e-35 2.680e-24 3.367e-23
1.000e-09 9.227e+39 1.478e+22 1.481e-35 3.007e-24 3.778e-23
1.122e-09 8.223e+39 1.659e+22 1.662e-35 3.373e-24 4.239e-23
1.259e-09 7.329e+39 1.861e+22 1.864e-35 3.785e-24 4.756e-23
1.413e-09 6.532e+39 2.088e+22 2.092e-35 4.247e-24 5.337e-23
1.585e-09 5.822e+39 2.343e+22 2.347e-35 4.765e-24 5.988e-23
1.778e-09 5.189e+39 2.629e+22 2.633e-35 5.347e-24 6.719e-23
1.995e-09 4.624e+39 2.950e+22 2.955e-35 5.999e-24 7.539e-23
2.239e-09 4.121e+39 3.310e+22 3.315e-35 6.731e-24 8.458e-23
2.512e-09 3.673e+39 3.713e+22 3.720e-35 7.552e-24 9.490e-23
2.818e-09 3.274e+39 4.166e+22 4.174e-35 8.474e-24 1.065e-22
3.162e-09 2.918e+39 4.675e+22 4.683e-35 9.508e-24 1.195e-22
3.548e-09 2.600e+39 5.245e+22 5.254e-35 1.067e-23 1.341e-22
3.981e-09 2.318e+39 5.885e+22 5.895e-35 1.197e-23 1.504e-22
4.467e-09 2.066e+39 6.603e+22 6.615e-35 1.343e-23 1.688e-22
5.012e-09 1.841e+39 7.409e+22 7.422e-35 1.507e-23 1.894e-22
5.623e-09 1.641e+39 8.313e+22 8.327e-35 1.691e-23 2.125e-22
6.310e-09 1.462e+39 9.327e+22 9.343e-35 1.897e-23 2.384e-22
7.079e-09 1.303e+39 1.047e+23 1.048e-34 2.129e-23 2.675e-22
7.943e-09 1.162e+39 1.174e+23 1.176e-34 2.388e-23 3.001e-22
8.913e-09 1.035e+39 1.318e+23 1.320e-34 2.680e-23 3.367e-22
1.000e-08 9.227e+38 1.478e+23 1.481e-34 3.007e-23 3.778e-22
1.122e-08 8.223e+38 1.659e+23 1.662e-34 3.373e-23 4.239e-22
1.259e-08 7.329e+38 1.861e+23 1.864e-34 3.785e-23 4.756e-22
1.413e-08 6.532e+38 2.088e+23 2.092e-34 4.247e-23 5.337e-22
1.585e-08 5.822e+38 2.343e+23 2.347e-34 4.765e-23 5.988e-22
1.778e-08 5.189e+38 2.629e+23 2.633e-34 5.347e-23 6.719e-22
1.995e-08 4.624e+38 2.950e+23 2.955e-34 5.999e-23 7.539e-22
2.239e-08 4.121e+38 3.310e+23 3.315e-34 6.731e-23 8.458e-22
2.512e-08 3.673e+38 3.713e+23 3.720e-34 7.552e-23 9.490e-22
2.818e-08 3.274e+38 4.166e+23 4.174e-34 8.474e-23 1.065e-21
3.162e-08 2.918e+38 4.675e+23 4.683e-34 9.508e-23 1.195e-21
3.548e-08 2.600e+38 5.245e+23 5.254e-34 1.067e-22 1.341e-21
3.981e-08 2.318e+38 5.885e+23 5.895e-34 1.197e-22 1.504e-21
4.467e-08 2.066e+38 6.603e+23 6.615e-34 1.343e-22 1.688e-21
5.012e-08 1.841e+38 7.409e+23 7.422e-34 1.507e-22 1.894e-21
5.623e-08 1.641e+38 8.313e+23 8.327e-34 1.691e-22 2.125e-21
6.310e-08 1.462e+38 9.327e+23 9.343e-34 1.897e-22 2.384e-21
7.079e-08 1.303e+38 1.047e+24 1.048e-33 2.129e-22 2.675e-21
7.943e-08 1.162e+38 1.174e+24 1.176e-33 2.388e-22 3.001e-21
8.913e-08 1.035e+38 1.318e+24 1.320e-33 2.680e-22 3.367e-21
1.000e-07 9.227e+37 1.478e+24 1.481e-33 3.007e-22 3.778e-21
1.122e-07 8.223e+37 1.659e+24 1.662e-33 3.373e-22 4.239e-21
1.259e-07 7.329e+37 1.861e+24 1.864e-33 3.785e-22 4.756e-21
1.413e-07 6.532e+37 2.088e+24 2.092e-33 4.247e-22 5.337e-21
1.585e-07 5.822e+37 2.343e+24 2.347e-33 4.765e-22 5.988e-21
1.778e-07 5.189e+37 2.629e+24 2.633e-33 5.347e-22 6.719e-21
1.995e-07 4.624e+37 2.950e+24 2.955e-33 5.999e-22 7.539e-21
2.239e-07 4.121e+37 3.310e+24 3.315e-33 6.731e-22 8.458e-21
2.512e-07 3.673e+37 3.713e+24 3.720e-33 7.552e-22 9.490e-21
2.818e-07 3.274e+37 4.166e+24 4.174e-33 8.474e-22 1.065e-20
3.162e-07 2.918e+37 4.675e+24 4.683e-33 9.508e-22 1.195e-20
3.548e-07 2.600e+37 5.245e+24 5.254e-33 1.067e-21 1.341e-20
3.981e-07 2.318e+37 5.885e+24 5.895e-33 1.197e-21 1.504e-20
4.467e-07 2.066e+37 6.603e+24 6.615e-33 1.343e-21 1.688e-20
5.012e-07 1.841e+37 7.409e+24 7.422e-33 1.507e-21 1.894e-20
5.623e-07 1.641e+37 8.313e+24 8.327e-33 1.691e-21 2.125e-20
6.310e-07 1.462e+37 9.327e+24 9.343e-33 1.897e-21 2.384e-20
7.079e-07 1.303e+37 1.047e+25 1.048e-32 2.129e-21 2.675e-20
7.943e-07 1.162e+37 1.174e+25 1.176e-32 2.388e-21 3.001e-20
8.913e-07 1.035e+37 1.318e+25 1.320e-32 2.680e-21 3.367e-20
1.000e-06 9.227e+36 1.478e+25 1.481e-32 3.007e-21 3.778e-20
1.122e-06 8.223e+36 1.659e+25 1.662e-32 3.373e-21 4.239e-20
1.259e-06 7.329e+36 1.861e+25 1.864e-32 3.785e-21 4.756e-20
1.413e-06 6.532e+36 2.088e+25 2.092e-32 4.247e-21 5.337e-20
1.585e-06 5.822e+36 2.343e+25 2.347e-32 4.765e-21 5.988e-20
1.778e-06 5.189e+36 2.629e+25 2.633e-32 5.347e-21 6.719e-20
1.995e-06 4.624e+36 2.950e+25 2.955e-32 5.999e-21 7.539e-20
2.239e-06 4.121e+36 3.310e+25 3.315e-32 6.731e-21 8.458e-20
2.512e-06 3.673e+36 3.713e+25 3.720e-32 7.552e-21 9.490e-20
2.818e-06 3.274e+36 4.166e+25 4.173e-32 8.474e-21 1.065e-19
3.162e-06 2.918e+36 4.675e+25 4.683e-32 9.508e-21 1.195e-19
3.548e-06 2.600e+36 5.245e+25 5.254e-32 1.067e-20 1.341e-19
3.981e-06 2.318e+36 5.885e+25 5.895e-32 1.197e-20 1.504e-19
4.467e-06 2.066e+36 6.603e+25 6.615e-32 1.343e-20 1.688e-19
5.012e-06 1.841e+36 7.409e+25 7.422e-32 1.507e-20 1.894e-19
5.623e-06 1.641e+36 8.313e+25 8.327e-32 1.691e-20 2.125e-19
6.310e-06 1.462e+36 9.327e+25 9.343e-32 1.897e-20 2.384e-19
7.079e-06 1.303e+36 1.047e+26 1.048e-31 2.129e-20 2.675e-19
7.943e-06 1.162e+36 1.174e+26 1.176e-31 2.388e-20 3.001e-19
8.913e-06 1.035e+36 1.318e+26 1.320e-31 2.680e-20 3.367e-19
1.000e-05 9.227e+35 1.478e+26 1.481e-31 3.007e-20 3.778e-19
1.122e-05 8.223e+35 1.659e+26 1.661e-31 3.373e-20 4.239e-19
1.259e-05 7.329e+35 1.861e+26 1.864e-31 3.785e-20 4.756e-19
1.413e-05 6.532e+35 2.088e+26 2.092e-31 4.247e-20 5.337e-19
1.585e-05 5.822e+35 2.343e+26 2.347e-31 4.765e-20 5.988e-19
1.778e-05 5.189e+35 2.629e+26 2.633e-31 5.346e-20 6.719e-19
1.995e-05 4.624e+35 2.950e+26 2.955e-31 5.999e-20 7.538e-19
2.239e-05 4.121e+35 3.309e+26 3.315e-31 6.731e-20 8.458e-19
2.512e-05 3.673e+35 3.713e+26 3.720e-31 7.552e-20 9.490e-19
2.818e-05 3.274e+35 4.166e+26 4.173e-31 8.474e-20 1.065e-18
3.162e-05 2.918e+35 4.675e+26 4.683e-31 9.507e-20 1.195e-18
3.548e-05 2.600e+35 5.245e+26 5.254e-31 1.067e-19 1.341e-18
3.981e-05 2.318e+35 5.885e+26 5.895e-31 1.197e-19 1.504e-18
4.467e-05 2.066e+35 6.603e+26 6.614e-31 1.343e-19 1.688e-18
5.012e-05 1.841e+35 7.409e+26 7.421e-31 1.507e-19 1.894e-18
5.623e-05 1.641e+35 8.313e+26 8.327e-31 1.691e-19 2.125e-18
6.310e-05 1.462e+35 9.327e+26 9.343e-31 1.897e-19 2.384e-18
7.079e-05 1.303e+35 1.046e+27 1.048e-30 2.128e-19 2.675e-18
7.943e-05 1.162e+35 1.174e+27 1.176e-30 2.388e-19 3.001e-18
8.913e-05 1.035e+35 1.317e+27 1.320e-30 2.679e-19 3.367e-18
1.000e-04 9.226e+34 1.478e+27 1.481e-30 3.006e-19 3.778e-18
1.122e-04 8.223e+34 1.659e+27 1.661e-30 3.373e-19 4.239e-18
1.259e-04 7.328e+34 1.861e+27 1.864e-30 3.785e-19 4.756e-18
1.413e-04 6.531e+34 2.088e+27 2.091e-30 4.246e-19 5.336e-18
1.585e-04 5.821e+34 2.343e+27 2.347e-30 4.764e-19 5.987e-18
1.778e-04 5.188e+34 2.628e+27 2.633e-30 5.346e-19 6.718e-18
1.995e-04 4.624e+34 2.949e+27 2.954e-30 5.998e-19 7.537e-18
2.239e-04 4.121e+34 3.309e+27 3.314e-30 6.730e-19 8.457e-18
2.512e-04 3.672e+34 3.712e+27 3.719e-30 7.550e-19 9.488e-18
2.818e-04 3.273e+34 4.165e+27 4.172e-30 8.472e-19 1.065e-17
3.162e-04 2.917e+34 4.673e+27 4.681e-30 9.505e-19 1.194e-17
3.548e-04 2.600e+34 5.243e+27 5.252e-30 1.066e-18 1.340e-17
3.981e-04 2.317e+34 5.883e+27 5.893e-30 1.197e-18 1.504e-17
4.467e-04 2.065e+34 6.601e+27 6.612e-30 1.342e-18 1.687e-17
5.012e-04 1.840e+34 7.406e+27 7.418e-30 1.506e-18 1.893e-17
5.623e-04 1.640e+34 8.309e+27 8.323e-30 1.690e-18 2.124e-17
6.310e-04 1.461e+34 9.322e+27 9.338e-30 1.896e-18 2.382e-17
7.079e-04 1.302e+34 1.046e+28 1.048e-29 2.127e-18 2.673e-17
7.943e-04 1.161e+34 1.173e+28 1.175e-29 2.386e-18 2.999e-17
8.913e-04 1.034e+34 1.316e+28 1.319e-29 2.677e-18 3.365e-17
1.000e-03 9.218e+33 1.477e+28 1.479e-29 3.004e-18 3.775e-17
1.122e-03 8.215e+33 1.657e+28 1.660e-29 3.370e-18 4.235e-17
1.259e-03 7.321e+33 1.859e+28 1.862e-29 3.781e-18 4.751e-17
1.413e-03 6.524e+33 2.085e+28 2.089e-29 4.241e-18 5.330e-17
1.585e-03 5.813e+33 2.339e+28 2.343e-29 4.758e-18 5.979e-17
1.778e-03 5.180e+33 2.624e+28 2.629e-29 5.338e-18 6.708e-17
1.995e-03 4.616e+33 2.944e+28 2.949e-29 5.988e-18 7.524e-17
2.239e-03 4.113e+33 3.303e+28 3.308e-29 6.717e-18 8.441e-17
2.512e-03 3.665e+33 3.705e+28 3.711e-29 7.535e-18 9.468e-17
2.818e-03 3.265e+33 4.155e+28 4.163e-29 8.451e-18 1.062e-16
3.162e-03 2.909e+33 4.661e+28 4.669e-29 9.480e-18 1.191e-16
3.548e-03 2.592e+33 5.228e+28 5.237e-29 1.063e-17 1.336e-16
3.981e-03 2.309e+33 5.863e+28 5.873e-29 1.193e-17 1.499e-16
4.467e-03 2.057e+33 6.576e+28 6.587e-29 1.337e-17 1.681e-16
5.012e-03 1.832e+33 7.375e+28 7.387e-29 1.500e-17 1.885e-16
5.623e-03 1.632e+33 8.270e+28 8.284e-29 1.682e-17 2.114e-16
6.310e-03 1.454e+33 9.273e+28 9.288e-29 1.886e-17 2.370e-16
7.079e-03 1.295e+33 1.040e+29 1.041e-28 2.115e-17 2.657e-16
7.943e-03 1.153e+33 1.166e+29 1.168e-28 2.371e-17 2.979e-16
8.913e-03 1.027e+33 1.307e+29 1.309e-28 2.657e-17 3.340e-16
1.000e-02 9.141e+32 1.465e+29 1.467e-28 2.979e-17 3.743e-16
1.122e-02 8.138e+32 1.641e+29 1.644e-28 3.338e-17 4.195e-16
1.259e-02 7.244e+32 1.839e+29 1.843e-28 3.741e-17 4.701e-16
1.413e-02 6.447e+32 2.061e+29 2.064e-28 4.192e-17 5.267e-16
1.585e-02 5.737e+32 2.309e+29 2.313e-28 4.696e-17 5.901e-16
1.778e-02 5.104e+32 2.586e+29 2.590e-28 5.259e-17 6.609e-16
1.995e-02 4.540e+32 2.896e+29 2.901e-28 5.889e-17 7.401e-16
2.239e-02 4.037e+32 3.242e+29 3.247e-28 6.593e-17 8.285e-16
2.512e-02 3.589e+32 3.628e+29 3.634e-28 7.379e-17 9.273e-16
2.818e-02 3.190e+32 4.060e+29 4.066e-28 8.256e-17 1.038e-15
3.162e-02 2.834e+32 4.541e+29 4.548e-28 9.235e-17 1.161e-15
3.548e-02 2.517e+32 5.077e+29 5.086e-28 1.033e-16 1.298e-15
3.981e-02 2.235e+32 5.675e+29 5.684e-28 1.154e-16 1.450e-15
4.467e-02 1.983e+32 6.339e+29 6.350e-28 1.289e-16 1.620e-15
5.012e-02 1.759e+32 7.079e+29 7.091e-28 1.440e-16 1.809e-15
5.623e-02 1.559e+32 7.900e+29 7.913e-28 1.607e-16 2.019e-15
6.310e-02 1.381e+32 8.810e+29 8.825e-28 1.792e-16 2.252e-15
7.079e-02 1.223e+32 9.820e+29 9.836e-28 1.997e-16 2.510e-15
7.943e-02 1.082e+32 1.094e+30 1.095e-27 2.224e-16 2.795e-15
8.913e-02 9.563e+31 1.217e+30 1.219e-27 2.475e-16 3.110e-15
1.000e-01 8.445e+31 1.353e+30 1.355e-27 2.752e-16 3.458e-15
1.122e-01 7.451e+31 1.503e+30 1.505e-27 3.057e-16 3.841e-15
1.259e-01 6.567e+31 1.668e+30 1.670e-27 3.391e-16 4.262e-15
1.413e-01 5.781e+31 1.848e+30 1.851e-27 3.759e-16 4.723e-15
1.585e-01 5.083e+31 2.046e+30 2.049e-27 4.161e-16 5.228e-15
1.778e-01 4.464e+31 2.262e+30 2.265e-27 4.600e-16 5.780e-15
1.995e-01 3.914e+31 2.497e+30 2.501e-27 5.078e-16 6.381e-15
2.239e-01 3.427e+31 2.752e+30 2.757e-27 5.597e-16 7.034e-15
2.512e-01 2.997e+31 3.029e+30 3.034e-27 6.161e-16 7.742e-15
2.818e-01 2.616e+31 3.329e+30 3.334e-27 6.770e-16 8.508e-15
3.162e-01 2.279e+31 3.652e+30 3.658e-27 7.427e-16 9.333e-15
3.548e-01 1.983e+31 3.999e+30 4.006e-27 8.134e-16 1.022e-14
3.981e-01 1.722e+31 4.371e+30 4.379e-27 8.891e-16 1.117e-14
4.467e-01 1.491e+31 4.767e+30 4.775e-27 9.695e-16 1.218e-14
5.012e-01 1.288e+31 5.184e+30 5.192e-27 1.054e-15 1.325e-14
5.623e-01 1.108e+31 5.616e+30 5.625e-27 1.142e-15 1.435e-14
6.310e-01 9.484e+30 6.049e+30 6.060e-27 1.230e-15 1.546e-14
7.079e-01 8.044e+30 6.459e+30 6.470e-27 1.314e-15 1.651e-14
7.943e-01 6.722e+30 6.795e+30 6.807e-27 1.382e-15 1.737e-14
8.913e-01 5.473e+30 6.965e+30 6.977e-27 1.417e-15 1.780e-14
1.000e+00 4.246e+30 6.802e+30 6.814e-27 1.383e-15 1.738e-14
1.122e+00 3.138e+30 6.330e+30 6.341e-27 1.287e-15 1.618e-14
1.259e+00 2.319e+30 5.889e+30 5.899e-27 1.198e-15 1.505e-14
1.413e+00 1.713e+30 5.476e+30 5.485e-27 1.114e-15 1.399e-14
1.585e+00 1.265e+30 5.090e+30 5.099e-27 1.035e-15 1.301e-14
1.778e+00 9.334e+29 4.729e+30 4.737e-27 9.618e-16 1.209e-14
1.995e+00 6.885e+29 4.391e+30 4.399e-27 8.931e-16 1.122e-14
2.239e+00 5.076e+29 4.076e+30 4.083e-27 8.289e-16 1.042e-14
2.512e+00 3.739e+29 3.780e+30 3.787e-27 7.688e-16 9.661e-15
2.818e+00 2.753e+29 3.504e+30 3.510e-27 7.126e-16 8.955e-15
3.162e+00 2.025e+29 3.245e+30 3.250e-27 6.599e-16 8.293e-15
3.548e+00 1.488e+29 3.002e+30 3.007e-27 6.106e-16 7.673e-15
3.981e+00 1.093e+29 2.775e+30 2.780e-27 5.644e-16 7.093e-15
4.467e+00 8.016e+28 2.563e+30 2.567e-27 5.212e-16 6.549e-15
5.012e+00 5.873e+28 2.363e+30 2.367e-27 4.807e-16 6.040e-15
5.623e+00 4.296e+28 2.177e+30 2.181e-27 4.427e-16 5.563e-15
6.310e+00 3.139e+28 2.002e+30 2.005e-27 4.072e-16 5.116e-15
7.079e+00 2.289e+28 1.838e+30 1.841e-27 3.738e-16 4.698e-15
7.943e+00 1.666e+28 1.684e+30 1.687e-27 3.426e-16 4.305e-15
8.913e+00 1.211e+28 1.541e+30 1.543e-27 3.133e-16 3.938e-15
1.000e+01 8.775e+27 1.406e+30 1.408e-27 2.860e-16 3.593e-15
1.122e+01 6.346e+27 1.280e+30 1.282e-27 2.603e-16 3.271e-15
1.259e+01 4.576e+27 1.162e+30 1.164e-27 2.363e-16 2.970e-15
1.413e+01 3.291e+27 1.052e+30 1.054e-27 2.139e-16 2.689e-15
1.585e+01 2.359e+27 9.492e+29 9.508e-28 1.931e-16 2.426e-15
1.778e+01 1.685e+27 8.535e+29 8.550e-28 1.736e-16 2.181e-15
1.995e+01 1.199e+27 7.646e+29 7.659e-28 1.555e-16 1.954e-15
2.239e+01 8.494e+26 6.821e+29 6.832e-28 1.387e-16 1.743e-15
2.512e+01 5.993e+26 6.058e+29 6.069e-28 1.232e-16 1.548e-15
2.818e+01 4.208e+26 5.355e+29 5.365e-28 1.089e-16 1.369e-15
3.162e+01 2.940e+26 4.710e+29 4.718e-28 9.580e-17 1.204e-15
3.548e+01 2.043e+26 4.120e+29 4.127e-28 8.380e-17 1.053e-15
3.981e+01 1.411e+26 3.583e+29 3.589e-28 7.288e-17 9.158e-16
4.467e+01 9.688e+25 3.097e+29 3.102e-28 6.299e-17 7.915e-16
5.012e+01 6.608e+25 2.659e+29 2.664e-28 5.408e-17 6.796e-16
5.623e+01 4.478e+25 2.269e+29 2.273e-28 4.614e-17 5.798e-16
6.310e+01 3.023e+25 1.928e+29 1.931e-28 3.921e-17 4.927e-16
7.079e+01 2.021e+25 1.623e+29 1.626e-28 3.301e-17 4.148e-16
7.943e+01 1.349e+25 1.363e+29 1.366e-28 2.773e-17 3.484e-16
8.913e+01 8.973e+24 1.142e+29 1.144e-28 2.323e-17 2.919e-16
1.000e+02 5.952e+24 9.536e+28 9.552e-29 1.939e-17 2.437e-16
1.122e+02 3.932e+24 7.932e+28 7.945e-29 1.613e-17 2.027e-16
1.259e+02 2.586e+24 6.568e+28 6.579e-29 1.336e-17 1.679e-16
1.413e+02 1.692e+24 5.409e+28 5.418e-29 1.100e-17 1.382e-16
1.585e+02 1.100e+24 4.428e+28 4.435e-29 9.006e-18 1.132e-16
1.778e+02 7.104e+23 3.599e+28 3.605e-29 7.320e-18 9.198e-17
1.995e+02 4.549e+23 2.902e+28 2.907e-29 5.901e-18 7.416e-17
2.239e+02 2.886e+23 2.317e+28 2.321e-29 4.713e-18 5.923e-17
2.512e+02 1.811e+23 1.831e+28 1.834e-29 3.724e-18 4.679e-17
2.818e+02 1.123e+23 1.429e+28 1.431e-29 2.906e-18 3.651e-17
3.162e+02 6.858e+22 1.099e+28 1.101e-29 2.235e-18 2.808e-17
3.548e+02 4.119e+22 8.309e+27 8.323e-30 1.690e-18 2.124e-17
3.981e+02 2.426e+22 6.161e+27 6.172e-30 1.253e-18 1.575e-17
4.467e+02 1.397e+22 4.464e+27 4.472e-30 9.080e-19 1.141e-17
5.012e+02 7.821e+21 3.148e+27 3.153e-30 6.401e-19 8.044e-18
5.623e+02 4.239e+21 2.148e+27 2.151e-30 4.368e-19 5.489e-18
6.310e+02 2.209e+21 1.409e+27 1.411e-30 2.866e-19 3.601e-18
7.079e+02 1.098e+21 8.815e+26 8.830e-31 1.793e-19 2.253e-18
7.943e+02 5.146e+20 5.202e+26 5.211e-31 1.058e-19 1.330e-18
8.913e+02 2.245e+20 2.857e+26 2.862e-31 5.810e-20 7.302e-19
1.000e+03 8.952e+19 1.434e+26 1.437e-31 2.917e-20 3.666e-19
1.122e+03 3.188e+19 6.430e+25 6.441e-32 1.308e-20 1.643e-19
1.259e+03 9.827e+18 2.495e+25 2.500e-32 5.075e-21 6.378e-20
1.413e+03 2.516e+18 8.044e+24 8.057e-33 1.636e-21 2.056e-20
1.585e+03 5.059e+17 2.036e+24 2.039e-33 4.140e-22 5.203e-21
1.778e+03 7.396e+16 3.747e+23 3.754e-34 7.621e-23 9.577e-22
1.995e+03 7.078e+15 4.515e+22 4.523e-35 9.182e-24 1.154e-22
2.239e+03 3.833e+14 3.078e+21 3.083e-36 6.260e-25 7.867e-24
2.512e+03 9.606e+12 9.711e+19 9.727e-38 1.975e-26 2.482e-25
2.818e+03 8.458e+10 1.076e+18 1.078e-39 2.189e-28 2.751e-27
3.162e+03 1.802e+08 2.887e+15 2.892e-42 5.871e-31 7.377e-30
3.548e+03 5.616e+04 1.133e+12 1.135e-45 2.304e-34 2.895e-33
3.981e+03 1.299e+00 3.299e+07 3.304e-50 6.709e-39 8.431e-38
4.467e+03 8.891e-07 2.842e+01 2.847e-56 5.781e-45 7.264e-44
5.012e+03 0.000e+00 0.000e+00 0.000e+00 0.000e+00 0.000e+00
5.623e+03 0.000e+00 0.000e+00 0.000e+00 0.000e+00 0.000e+00
6.310e+03 0.000e+00 0.000e+00 0.000e+00 0.000e+00 0.000e+00
7.079e+03 0.000e+00 0.000e+00 0.000e+00 0.000e+00 0.000e+00
7.943e+03 0.000e+00 0.000e+00 0.000e+00 0.000e+00 0.000e+00
8.913e+03 0.000e+00 0.000e+00 0.000e+00 0.000e+00 0.000e+00
1.000e+04 0.000e+00 0.000e+00 0.000e+00 0.000e+00 0.000e+00
1.122e+04 0.000e+00 0.000e+00 0.000e+00 0.000e+00 0.000e+00
1.259e+04 0.000e+00 0.000e+00 0.000e+00 0.000e+00 0.000e+00
1.413e+04 0.000e+00 0.000e+00 0.000e+00 0.000e+00 0.000e+00
1.585e+04 0.000e+00 0.000e+00 0.000e+00 0.000e+00 0.000e+00
1.778e+04 0.000e+00 0.000e+00 0.000e+00 0.000e+00 0.000e+00
1.995e+04 0.000e+00 0.000e+00 0.000e+00 0.000e+00 0.000e+00
2.239e+04 0.000e+00 0.000e+00 0.000e+00 0.000e+00 0.000e+00
2.512e+04 0.000e+00 0.000e+00 0.000e+00 0.000e+00 0.000e+00
2.818e+04 0.000e+00 0.000e+00 0.000e+00 0.000e+00 0.000e+00
3.162e+04 0.000e+00 0.000e+00 0.000e+00 0.000e+00 0.000e+00
3.548e+04 0.000e+00 0.000e+00 0.000e+00 0.000e+00 0.000e+00
3.981e+04 0.000e+00 0.000e+00 0.000e+00 0.000e+00 0.000e+00
4.467e+04 0.000e+00 0.000e+00 0.000e+00 0.000e+00 0.000e+00
5.012e+04 0.000e+00 0.000e+00 0.000e+00 0.000e+00 0.000e+00
5.623e+04 0.000e+00 0.000e+00 0.000e+00 0.000e+00 0.000e+00
6.310e+04 0.000e+00 0.000e+00 0.000e+00 0.000e+00 0.000e+00
7.079e+04 0.000e+00 0.000e+00 0.000e+00 0.000e+00 0.000e+00
7.943e+04 0.000e+00 0.000e+00 0.000e+00 0.000e+00 0.000e+00
8.913e+04 0.000e+00 0.000e+00 0.000e+00 0.000e+00 0.000e+00
1.000e+05 0.000e+00 0.000e+00 0.000e+00 0.000e+00 0.000e+00
1.122e+05 0.000e+00 0.000e+00 0.000e+00 0.000e+00 0.000e+00
1.259e+05 0.000e+00 0.000e+00 0.000e+00 0.000e+00 0.000e+00
1.413e+05 0.000e+00 0.000e+00 0.000e+00 0.000e+00 0.000e+00
1.585e+05 0.000e+00 0.000e+00 0.000e+00 0.000e+00 0.000e+00
1.778e+05 0.000e+00 0.000e+00 0.000e+00 0.000e+00 0.000e+00
1.995e+05 0.000e+00 0.000e+00 0.000e+00 0.000e+00 0.000e+00
2.239e+05 0.000e+00 0.000e+00 0.000e+00 0.000e+00 0.000e+00
2.512e+05 0.000e+00 0.000e+00 0.000e+00 0.000e+00 0.000e+00
2.818e+05 0.000e+00 0.000e+00 0.000e+00 0.000e+00 0.000e+00
3.162e+05 0.000e+00 0.000e+00 0.000e+00 0.000e+00 0.000e+00
3.548e+05 0.000e+00 0.000e+00 0.000e+00 0.000e+00 0.000e+00
3.981e+05 0.000e+00 0.000e+00 0.000e+00 0.000e+00 0.000e+00
4.467e+05 0.000e+00 0.000e+00 0.000e+00 0.000e+00 0.000e+00
5.012e+05 0.000e+00 0.000e+00 0.000e+00 0.000e+00 0.000e+00
5.623e+05 0.000e+00 0.000e+00 0.000e+00 0.000e+00 0.000e+00
6.310e+05 0.000e+00 0.000e+00 0.000e+00 0.000e+00 0.000e+00
7.079e+05 0.000e+00 0.000e+00 0.000e+00 0.000e+00 0.000e+00
7.943e+05 0.000e+00 0.000e+00 0.000e+00 0.000e+00 0.000e+00
8.913e+05 0.000e+00 0.000e+00 0.000e+00 0.000e+00 0.000e+00
1.000e+06 0.000e+00 0.000e+00 0.000e+00 0.000e+00 0.000e+00
1.122e+06 0.000e+00 0.000e+00 0.000e+00 0.000e+00 0.000e+00
1.259e+06 0.000e+00 0.000e+00 0.000e+00 0.000e+00 0.000e+00
1.413e+06 0.000e+00 0.000e+00 0.000e+00 0.000e+00 0.000e+00
1.585e+06 0.000e+00 0.000e+00 0.000e+00 0.000e+00 0.000e+00
1.778e+06 0.000e+00 0.000e+00 0.000e+00 0.000e+00 0.000e+00
1.995e+06 0.000e+00 0.000e+00 0.000e+00 0.000e+00 0.000e+00
2.239e+06 0.000e+00 0.000e+00 0.000e+00 0.000e+00 0.000e+00
2.512e+06 0.000e+00 0.000e+00 0.000e+00 0.000e+00 0.000e+00
2.818e+06 0.000e+00 0.000e+00 0.000e+00 0.000e+00 0.000e+00
3.162e+06 0.000e+00 0.000e+00 0.000e+00 0.000e+00 0.000e+00
3.548e+06 0.000e+00 0.000e+00 0.000e+00 0.000e+00 0.000e+00
3.981e+06 0.000e+00 0.000e+00 0.000e+00 0.000e+00 0.000e+00
4.467e+06 0.000e+00 0.000e+00 0.000e+00 0.000e+00 0.000e+00
5.012e+06 0.000e+00 0.000e+00 0.000e+00 0.000e+00 0.000e+00
5.623e+06 0.000e+00 0.000e+00 0.000e+00 0.000e+00 0.000e+00
6.310e+06 0.000e+00 0.000e+00 0.000e+00 0.000e+00 0.000e+00
7.079e+06 0.000e+00 0.000e+00 0.000e+00 0.000e+00 0.000e+00
7.943e+06 0.000e+00 0.000e+00 0.000e+00 0.000e+00 0.000e+00
8.913e+06 0.000e+00 0.000e+00 0.000e+00 0.000e+00 0.000e+00
1.000e+07 0.000e+00 0.000e+00 0.000e+00 0.000e+00 0.000e+00
1.122e+07 0.000e+00 0.000e+00 0.000e+00 0.000e+00 0.000e+00
1.259e+07 0.000e+00 0.000e+00 0.000e+00 0.000e+00 0.000e+00
1.413e+07 0.000e+00 0.000e+00 0.000e+00 0.000e+00 0.000e+00
1.585e+07 0.000e+00 0.000e+00 0.000e+00 0.000e+00 0.000e+00
1.778e+07 0.000e+00 0.000e+00 0.000e+00 0.000e+00 0.000e+00
1.995e+07 0.000e+00 0.000e+00 0.000e+00 0.000e+00 0.000e+00
2.239e+07 0.000e+00 0.000e+00 0.000e+00 0.000e+00 0.000e+00
2.512e+07 0.000e+00 0.000e+00 0.000e+00 0.000e+00 0.000e+00
2.818e+07 0.000e+00 0.000e+00 0.000e+00 0.000e+00 0.000e+00
3.162e+07 0.000e+00 0.000e+00 0.000e+00 0.000e+00 0.000e+00
3.548e+07 0.000e+00 0.000e+00 0.000e+00 0.000e+00 0.000e+00
3.981e+07 0.000e+00 0.000e+00 0.000e+00 0.000e+00 0.000e+00
4.467e+07 0.000e+00 0.000e+00 0.000e+00 0.000e+00 0.000e+00
5.012e+07 0.000e+00 0.000e+00 0.000e+00 0.000e+00 0.000e+00
5.623e+07 0.000e+00 0.000e+00 0.000e+00 0.000e+00 0.000e+00
6.310e+07 0.000e+00 0.000e+00 0.000e+00 0.000e+00 0.000e+00
7.079e+07 0.000e+00 0.000e+00 0.000e+00 0.000e+00 0.000e+00
7.943e+07 0.000e+00 0.000e+00 0.000e+00 0.000e+00 0.000e+00
8.913e+07 0.000e+00 0.000e+00 0.000e+00 0.000e+00 0.000e+00
1.000e+08 0.000e+00 0.000e+00 0.000e+00 0.000e+00 0.000e+00
