1.000e-20 0.000e+00 0.000e+00 0.000e+00 0.000e+00 0.000e+00
1.122e-20 0.000e+00 0.000e+00 0.000e+00 0.000e+00 0.000e+00
1.259e-20 0.000e+00 0.000e+00 0.000e+00 0.000e+00 0.000e+00
1.413e-20 0.000e+00 0.000e+00 0.000e+00 0.000e+00 0.000e+00
1.585e-20 0.000e+00 0.000e+00 0.000e+00 0.000e+00 0.000e+00
1.778e-20 0.000e+00 0.000e+00 0.000e+00 0.000e+00 0.000e+00
1.995e-20 0.000e+00 0.000e+00 0.000e+00 0.000e+00 0.000e+00
2.239e-20 0.000e+00 0.000e+00 0.000e+00 0.000e+00 0.000e+00
2.512e-20 0.000e+00 0.000e+00 0.000e+00 0.000e+00 0.000e+00
2.818e-20 0.000e+00 0.000e+00 0.000e+00 0.000e+00 0.000e+00
3.162e-20 0.000e+00 0.000e+00 0.000e+00 0.000e+00 0.000e+00
3.548e-20 0.000e+00 0.000e+00 0.000e+00 0.000e+00 0.000e+00
3.981e-20 0.000e+00 0.000e+00 0.000e+00 0.000e+00 0.000e+00
4.467e-20 0.000e+00 0.000e+00 0.000e+00 0.000e+00 0.000e+00
5.012e-20 0.000e+00 0.000e+00 0.000e+00 0.000e+00 0.000e+00
5.623e-20 0.000e+00 0.000e+00 0.000e+00 0.000e+00 0.000e+00
6.310e-20 0.000e+00 0.000e+00 0.000e+00 0.000e+00 0.000e+00
7.079e-20 0.000e+00 0.000e+00 0.000e+00 0.000e+00 0.000e+00
7.943e-20 0.000e+00 0.000e+00 0.000e+00 0.000e+00 0.000e+00
8.913e-20 0.000e+00 0.000e+00 0.000e+00 0.000e+00 0.000e+00
1.000e-19 0.000e+00 0.000e+00 0.000e+00 0.000e+00 0.000e+00
1.122e-19 0.000e+00 0.000e+00 0.000e+00 0.000e+00 0.000e+00
1.259e-19 0.000e+00 0.000e+00 0.000e+00 0.000e+00 0.000e+00
1.413e-19 0.000e+00 0.000e+00 0.000e+00 0.000e+00 0.000e+00
1.585e-19 0.000e+00 0.000e+00 0.000e+00 0.000e+00 0.000e+00
1.778e-19 0.000e+00 0.000e+00 0.000e+00 0.000e+00 0.000e+00
1.995e-19 0.000e+00 0.000e+00 0.000e+00 0.000e+00 0.000e+00
2.239e-19 0.000e+00 0.000e+00 0.000e+00 0.000e+00 0.000e+00
2.512e-19 0.000e+00 0.000e+00 0.000e+00 0.000e+00 0.000e+00
2.818e-19 0.000e+00 0.000e+00 0.000e+00 0.000e+00 0.000e+00
3.162e-19 0.000e+00 0.000e+00 0.000e+00 0.000e+00 0.000e+00
3.548e-19 0.000e+00 0.000e+00 0.000e+00 0.000e+00 0.000e+00
3.981e-19 0.000e+00 0.000e+00 0.000e+00 0.000e+00 0.000e+00
4.467e-19 0.000e+00 0.000e+00 0.000e+00 0.000e+00 0.000e+00
5.012e-19 0.000e+00 0.000e+00 0.000e+00 0.000e+00 0.000e+00
5.623e-19 0.000e+00 0.000e+00 0.000e+00 0.000e+00 0.000e+00
6.310e-19 0.000e+00 0.000e+00 0.000e+00 0.000e+00 0.000e+00
7.079e-19 0.000e+00 0.000e+00 0.000e+00 0.000e+00 0.000e+00
7.943e-19 0.000e+00 0.000e+00 0.000e+00 0.000e+00 0.000e+00
8.913e-19 0.000e+00 0.000e+00 0.000e+00 0.000e+00 0.000e+00
1.000e-18 0.000e+00 0.000e+00 0.000e+00 0.000e+00 0.000e+00
1.122e-18 0.000e+00 0.000e+00 0.000e+00 0.000e+00 0.000e+00
1.259e-18 0.000e+00 0.000e+00 0.000e+00 0.000e+00 0.000e+00
1.413e-18 0.000e+00 0.000e+00 0.000e+00 0.000e+00 0.000e+00
1.585e-18 0.000e+00 0.000e+00 0.000e+00 0.000e+00 0.000e+00
1.778e-18 0.000e+00 0.000e+00 0.000e+00 0.000e+00 0.000e+00
1.995e-18 0.000e+00 0.000e+00 0.000e+00 0.000e+00 0.000e+00
2.239e-18 0.000e+00 0.000e+00 0.000e+00 0.000e+00 0.000e+00
2.512e-18 0.000e+00 0.000e+00 0.000e+00 0.000e+00 0.000e+00
2.818e-18 0.000e+00 0.000e+00 0.000e+00 0.000e+00 0.000e+00
3.162e-18 0.000e+00 0.000e+00 0.000e+00 0.000e+00 0.000e+00
3.548e-18 0.000e+00 0.000e+00 0.000e+00 0.000e+00 0.000e+00
3.981e-18 0.000e+00 0.000e+00 0.000e+00 0.000e+00 0.000e+00
4.467e-18 0.000e+00 0.000e+00 0.000e+00 0.000e+00 0.000e+00
5.012e-18 0.000e+00 0.000e+00 0.000e+00 0.000e+00 0.000e+00
5.623e-18 0.000e+00 0.000e+00 0.000e+00 0.000e+00 0.000e+00
6.310e-18 0.000e+00 0.000e+00 0.000e+00 0.000e+00 0.000e+00
7.079e-18 0.000e+00 0.000e+00 0.000e+00 0.000e+00 0.000e+00
7.943e-18 0.000e+00 0.000e+00 0.000e+00 0.000e+00 0.000e+00
8.913e-18 0.000e+00 0.000e+00 0.000e+00 0.000e+00 0.000e+00
1.000e-17 0.000e+00 0.000e+00 0.000e+00 0.000e+00 0.000e+00
1.122e-17 0.000e+00 0.000e+00 0.000e+00 0.000e+00 0.000e+00
1.259e-17 0.000e+00 0.000e+00 0.000e+00 0.000e+00 0.000e+00
1.413e-17 0.000e+00 0.000e+00 0.000e+00 0.000e+00 0.000e+00
1.585e-17 0.000e+00 0.000e+00 0.000e+00 0.000e+00 0.000e+00
1.778e-17 0.000e+00 0.000e+00 0.000e+00 0.000e+00 0.000e+00
1.995e-17 0.000e+00 0.000e+00 0.000e+00 0.000e+00 0.000e+00
2.239e-17 0.000e+00 0.000e+00 0.000e+00 0.000e+00 0.000e+00
2.512e-17 0.000e+00 0.000e+00 0.000e+00 0.000e+00 0.000e+00
2.818e-17 0.000e+00 0.000e+00 0.000e+00 0.000e+00 0.000e+00
3.162e-17 0.000e+00 0.000e+00 0.000e+00 0.000e+00 0.000e+00
3.548e-17 0.000e+00 0.000e+00 0.000e+00 0.000e+00 0.000e+00
3.981e-17 0.000e+00 0.000e+00 0.000e+00 0.000e+00 0.000e+00
4.467e-17 0.000e+00 0.000e+00 0.000e+00 0.000e+00 0.000e+00
5.012e-17 0.000e+00 0.000e+00 0.000e+00 0.000e+00 0.000e+00
5.623e-17 0.000e+00 0.000e+00 0.000e+00 0.000e+00 0.000e+00
6.310e-17 0.000e+00 0.000e+00 0.000e+00 0.000e+00 0.000e+00
7.079e-17 0.000e+00 0.000e+00 0.000e+00 0.000e+00 0.000e+00
7.943e-17 0.000e+00 0.000e+00 0.000e+00 0.000e+00 0.000e+00
8.913e-17 0.000e+00 0.000e+00 0.000e+00 0.000e+00 0.000e+00
1.000e-16 0.000e+00 0.000e+00 0.000e+00 0.000e+00 0.000e+00
1.122e-16 0.000e+00 0.000e+00 0.000e+00 0.000e+00 0.000e+00
1.259e-16 0.000e+00 0.000e+00 0.000e+00 0.000e+00 0.000e+00
1.413e-16 0.000e+00 0.000e+00 0.000e+00 0.000e+00 0.000e+00
1.585e-16 0.000e+00 0.000e+00 0.000e+00 0.000e+00 0.000e+00
1.778e-16 0.000e+00 0.000e+00 0.000e+00 0.000e+00 0.000e+00
1.995e-16 0.000e+00 0.000e+00 0.000e+00 0.000e+00 0.000e+00
2.239e-16 0.000e+00 0.000e+00 0.000e+00 0.000e+00 0.000e+00
2.512e-16 0.000e+00 0.000e+00 0.000e+00 0.000e+00 0.000e+00
2.818e-16 0.000e+00 0.000e+00 0.000e+00 0.000e+00 0.000e+00
3.162e-16 0.000e+00 0.000e+00 0.000e+00 0.000e+00 0.000e+00
3.548e-16 0.000e+00 0.000e+00 0.000e+00 0.000e+00 0.000e+00
3.981e-16 0.000e+00 0.000e+00 0.000e+00 0.000e+00 0.000e+00
4.467e-16 0.000e+00 0.000e+00 0.000e+00 0.000e+00 0.000e+00
5.012e-16 0.000e+00 0.000e+00 0.000e+00 0.000e+00 0.000e+00
5.623e-16 0.000e+00 0.000e+00 0.000e+00 0.000e+00 0.000e+00
6.310e-16 0.000e+00 0.000e+00 0.000e+00 0.000e+00 0.000e+00
7.079e-16 0.000e+00 0.000e+00 0.000e+00 0.000e+00 0.000e+00
7.943e-16 0.000e+00 0.000e+00 0.000e+00 0.000e+00 0.000e+00
8.913e-16 0.000e+00 0.000e+00 0.000e+00 0.000e+00 0.000e+00
1.000e-15 0.000e+00 0.000e+00 0.000e+00 0.000e+00 0.000e+00
1.122e-15 4.228e+54 8.528e+24 8.542e-33 5.619e-21 7.061e-20
1.259e-15 2.993e+54 7.600e+24 7.613e-33 5.008e-21 6.293e-20
1.413e-15 2.119e+54 6.773e+24 6.784e-33 4.463e-21 5.608e-20
1.585e-15 1.500e+54 6.035e+24 6.046e-33 3.977e-21 4.998e-20
1.778e-15 1.062e+54 5.378e+24 5.388e-33 3.544e-21 4.454e-20
1.995e-15 7.514e+53 4.793e+24 4.801e-33 3.158e-21 3.969e-20
2.239e-15 5.319e+53 4.271e+24 4.278e-33 2.814e-21 3.537e-20
2.512e-15 3.765e+53 3.806e+24 3.812e-33 2.508e-21 3.152e-20
2.818e-15 2.665e+53 3.391e+24 3.397e-33 2.235e-21 2.808e-20
3.162e-15 1.886e+53 3.022e+24 3.027e-33 1.991e-21 2.502e-20
3.548e-15 1.335e+53 2.693e+24 2.697e-33 1.774e-21 2.230e-20
3.981e-15 9.448e+52 2.399e+24 2.403e-33 1.581e-21 1.987e-20
4.467e-15 6.687e+52 2.138e+24 2.141e-33 1.409e-21 1.770e-20
5.012e-15 4.732e+52 1.905e+24 1.908e-33 1.255e-21 1.577e-20
5.623e-15 3.349e+52 1.697e+24 1.700e-33 1.118e-21 1.405e-20
6.310e-15 2.370e+52 1.512e+24 1.514e-33 9.961e-22 1.252e-20
7.079e-15 1.677e+52 1.347e+24 1.349e-33 8.874e-22 1.115e-20
7.943e-15 1.187e+52 1.200e+24 1.202e-33 7.905e-22 9.933e-21
8.913e-15 8.396e+51 1.068e+24 1.070e-33 7.041e-22 8.848e-21
1.000e-14 5.940e+51 9.516e+23 9.533e-34 6.271e-22 7.880e-21
1.122e-14 4.202e+51 8.475e+23 8.490e-34 5.585e-22 7.018e-21
1.259e-14 2.971e+51 7.545e+23 7.557e-34 4.972e-22 6.247e-21
1.413e-14 2.102e+51 6.718e+23 6.730e-34 4.427e-22 5.563e-21
1.585e-14 1.486e+51 5.981e+23 5.991e-34 3.941e-22 4.952e-21
1.778e-14 1.051e+51 5.323e+23 5.332e-34 3.508e-22 4.408e-21
1.995e-14 7.428e+50 4.738e+23 4.746e-34 3.122e-22 3.923e-21
2.239e-14 5.251e+50 4.216e+23 4.223e-34 2.778e-22 3.491e-21
2.512e-14 3.710e+50 3.751e+23 3.757e-34 2.472e-22 3.106e-21
2.818e-14 2.622e+50 3.336e+23 3.342e-34 2.199e-22 2.763e-21
3.162e-14 1.852e+50 2.967e+23 2.972e-34 1.955e-22 2.457e-21
3.548e-14 1.308e+50 2.637e+23 2.642e-34 1.738e-22 2.184e-21
3.981e-14 9.231e+49 2.344e+23 2.348e-34 1.545e-22 1.941e-21
4.467e-14 6.514e+49 2.082e+23 2.086e-34 1.372e-22 1.724e-21
5.012e-14 4.595e+49 1.849e+23 1.852e-34 1.219e-22 1.531e-21
5.623e-14 3.239e+49 1.641e+23 1.644e-34 1.082e-22 1.359e-21
6.310e-14 2.283e+49 1.456e+23 1.458e-34 9.594e-23 1.206e-21
7.079e-14 1.608e+49 1.291e+23 1.293e-34 8.506e-23 1.069e-21
7.943e-14 1.131e+49 1.144e+23 1.146e-34 7.536e-23 9.470e-22
8.913e-14 7.955e+48 1.012e+23 1.014e-34 6.671e-23 8.383e-22
1.000e-13 5.588e+48 8.953e+22 8.968e-35 5.900e-23 7.414e-22
1.122e-13 3.921e+48 7.910e+22 7.923e-35 5.212e-23 6.550e-22
1.259e-13 2.749e+48 6.979e+22 6.991e-35 4.599e-23 5.779e-22
1.413e-13 1.924e+48 6.149e+22 6.159e-35 4.052e-23 5.092e-22
1.585e-13 1.344e+48 5.409e+22 5.419e-35 3.565e-23 4.479e-22
1.778e-13 9.374e+47 4.750e+22 4.758e-35 3.130e-23 3.933e-22
1.995e-13 6.524e+47 4.161e+22 4.168e-35 2.742e-23 3.446e-22
2.239e-13 4.528e+47 3.636e+22 3.642e-35 2.396e-23 3.011e-22
2.512e-13 3.133e+47 3.167e+22 3.173e-35 2.087e-23 2.623e-22
2.818e-13 2.161e+47 2.750e+22 2.755e-35 1.812e-23 2.277e-22
3.162e-13 1.484e+47 2.377e+22 2.381e-35 1.567e-23 1.969e-22
3.548e-13 1.014e+47 2.046e+22 2.049e-35 1.348e-23 1.694e-22
3.981e-13 6.892e+46 1.750e+22 1.753e-35 1.153e-23 1.449e-22
4.467e-13 4.653e+46 1.487e+22 1.490e-35 9.801e-24 1.232e-22
5.012e-13 3.117e+46 1.254e+22 1.256e-35 8.266e-24 1.039e-22
5.623e-13 2.069e+46 1.048e+22 1.050e-35 6.906e-24 8.679e-23
6.310e-13 1.358e+46 8.662e+21 8.677e-36 5.708e-24 7.173e-23
7.079e-13 8.802e+45 7.068e+21 7.080e-36 4.657e-24 5.853e-23
7.943e-13 5.618e+45 5.679e+21 5.689e-36 3.742e-24 4.703e-23
8.913e-13 3.521e+45 4.481e+21 4.489e-36 2.953e-24 3.711e-23
1.000e-12 2.161e+45 3.462e+21 3.468e-36 2.281e-24 2.867e-23
1.122e-12 1.293e+45 2.609e+21 2.613e-36 1.719e-24 2.160e-23
1.259e-12 7.537e+44 1.914e+21 1.917e-36 1.261e-24 1.585e-23
1.413e-12 4.272e+44 1.366e+21 1.368e-36 8.999e-25 1.131e-23
1.585e-12 2.365e+44 9.520e+20 9.536e-37 6.273e-25 7.883e-24
1.778e-12 1.340e+44 6.789e+20 6.801e-37 4.474e-25 5.622e-24
1.995e-12 7.178e+43 4.578e+20 4.586e-37 3.017e-25 3.791e-24
2.239e-12 3.772e+43 3.029e+20 3.034e-37 1.996e-25 2.508e-24
2.512e-12 1.941e+43 1.963e+20 1.966e-37 1.293e-25 1.625e-24
2.818e-12 9.759e+42 1.242e+20 1.244e-37 8.184e-26 1.028e-24
3.162e-12 4.780e+42 7.658e+19 7.671e-38 5.046e-26 6.341e-25
3.548e-12 2.274e+42 4.587e+19 4.595e-38 3.023e-26 3.798e-25
3.981e-12 1.048e+42 2.661e+19 2.665e-38 1.753e-26 2.203e-25
4.467e-12 4.659e+41 1.489e+19 1.492e-38 9.814e-27 1.233e-25
5.012e-12 1.991e+41 8.013e+18 8.026e-39 5.280e-27 6.635e-26
5.623e-12 8.143e+40 4.126e+18 4.133e-39 2.719e-27 3.416e-26
6.310e-12 3.172e+40 2.023e+18 2.027e-39 1.333e-27 1.675e-26
7.079e-12 1.170e+40 9.397e+17 9.413e-40 6.192e-28 7.781e-27
7.943e-12 4.063e+39 4.108e+17 4.115e-40 2.707e-28 3.401e-27
8.913e-12 1.318e+39 1.677e+17 1.680e-40 1.105e-28 1.389e-27
1.000e-11 3.956e+38 6.338e+16 6.349e-41 4.176e-29 5.248e-28
1.122e-11 1.083e+38 2.184e+16 2.188e-41 1.439e-29 1.809e-28
1.259e-11 2.625e+37 6.666e+15 6.677e-42 4.392e-30 5.520e-29
1.413e-11 5.126e+36 1.639e+15 1.641e-42 1.080e-30 1.357e-29
1.585e-11 3.962e+35 1.594e+14 1.597e-43 1.051e-31 1.320e-30
1.778e-11 0.000e+00 0.000e+00 0.000e+00 0.000e+00 0.000e+00
1.995e-11 1.272e+01 8.114e-21 8.128e-78 5.347e-66 6.719e-65
2.239e-11 1.272e+01 1.022e-20 1.023e-77 6.731e-66 8.459e-65
2.512e-11 1.272e+01 1.286e-20 1.288e-77 8.474e-66 1.065e-64
2.818e-11 1.272e+01 1.619e-20 1.622e-77 1.067e-65 1.341e-64
3.162e-11 1.272e+01 2.038e-20 2.042e-77 1.343e-65 1.688e-64
3.548e-11 1.272e+01 2.566e-20 2.570e-77 1.691e-65 2.125e-64
3.981e-11 1.272e+01 3.230e-20 3.236e-77 2.129e-65 2.675e-64
4.467e-11 1.272e+01 4.067e-20 4.074e-77 2.680e-65 3.368e-64
5.012e-11 1.272e+01 5.120e-20 5.128e-77 3.374e-65 4.239e-64
5.623e-11 1.272e+01 6.445e-20 6.456e-77 4.247e-65 5.337e-64
6.310e-11 1.272e+01 8.114e-20 8.128e-77 5.347e-65 6.719e-64
7.079e-11 1.272e+01 1.022e-19 1.023e-76 6.731e-65 8.459e-64
7.943e-11 1.272e+01 1.286e-19 1.288e-76 8.474e-65 1.065e-63
8.913e-11 1.272e+01 1.619e-19 1.622e-76 1.067e-64 1.341e-63
1.000e-10 1.272e+01 2.038e-19 2.042e-76 1.343e-64 1.688e-63
1.122e-10 1.272e+01 2.566e-19 2.570e-76 1.691e-64 2.125e-63
1.259e-10 1.272e+01 3.230e-19 3.236e-76 2.129e-64 2.675e-63
1.413e-10 1.272e+01 4.067e-19 4.074e-76 2.680e-64 3.368e-63
1.585e-10 1.272e+01 5.120e-19 5.128e-76 3.374e-64 4.239e-63
1.778e-10 1.272e+01 6.445e-19 6.456e-76 4.247e-64 5.337e-63
1.995e-10 1.272e+01 8.114e-19 8.128e-76 5.347e-64 6.719e-63
2.239e-10 1.272e+01 1.022e-18 1.023e-75 6.731e-64 8.459e-63
2.512e-10 1.272e+01 1.286e-18 1.288e-75 8.474e-64 1.065e-62
2.818e-10 1.272e+01 1.619e-18 1.622e-75 1.067e-63 1.341e-62
3.162e-10 1.272e+01 2.038e-18 2.042e-75 1.343e-63 1.688e-62
3.548e-10 1.272e+01 2.566e-18 2.570e-75 1.691e-63 2.125e-62
3.981e-10 1.272e+01 3.230e-18 3.236e-75 2.129e-63 2.675e-62
4.467e-10 1.272e+01 4.067e-18 4.074e-75 2.680e-63 3.368e-62
5.012e-10 1.272e+01 5.120e-18 5.128e-75 3.374e-63 4.239e-62
5.623e-10 1.272e+01 6.445e-18 6.456e-75 4.247e-63 5.337e-62
6.310e-10 1.272e+01 8.114e-18 8.128e-75 5.347e-63 6.719e-62
7.079e-10 1.272e+01 1.022e-17 1.023e-74 6.731e-63 8.459e-62
7.943e-10 1.272e+01 1.286e-17 1.288e-74 8.474e-63 1.065e-61
8.913e-10 1.272e+01 1.619e-17 1.622e-74 1.067e-62 1.341e-61
1.000e-09 1.272e+01 2.038e-17 2.042e-74 1.343e-62 1.688e-61
1.122e-09 1.272e+01 2.566e-17 2.570e-74 1.691e-62 2.125e-61
1.259e-09 1.272e+01 3.230e-17 3.236e-74 2.129e-62 2.675e-61
1.413e-09 1.272e+01 4.067e-17 4.074e-74 2.680e-62 3.368e-61
1.585e-09 1.272e+01 5.120e-17 5.128e-74 3.374e-62 4.239e-61
1.778e-09 1.272e+01 6.445e-17 6.456e-74 4.247e-62 5.337e-61
1.995e-09 1.272e+01 8.114e-17 8.128e-74 5.347e-62 6.719e-61
2.239e-09 1.272e+01 1.022e-16 1.023e-73 6.731e-62 8.459e-61
2.512e-09 1.272e+01 1.286e-16 1.288e-73 8.474e-62 1.065e-60
2.818e-09 1.272e+01 1.619e-16 1.622e-73 1.067e-61 1.341e-60
3.162e-09 1.272e+01 2.038e-16 2.042e-73 1.343e-61 1.688e-60
3.548e-09 1.272e+01 2.566e-16 2.570e-73 1.691e-61 2.125e-60
3.981e-09 1.272e+01 3.230e-16 3.236e-73 2.129e-61 2.675e-60
4.467e-09 1.272e+01 4.067e-16 4.074e-73 2.680e-61 3.368e-60
5.012e-09 1.272e+01 5.120e-16 5.128e-73 3.374e-61 4.239e-60
5.623e-09 1.272e+01 6.445e-16 6.456e-73 4.247e-61 5.337e-60
6.310e-09 1.272e+01 8.114e-16 8.128e-73 5.347e-61 6.719e-60
7.079e-09 1.272e+01 1.022e-15 1.023e-72 6.731e-61 8.459e-60
7.943e-09 1.272e+01 1.286e-15 1.288e-72 8.474e-61 1.065e-59
8.913e-09 1.272e+01 1.619e-15 1.622e-72 1.067e-60 1.341e-59
1.000e-08 1.272e+01 2.038e-15 2.042e-72 1.343e-60 1.688e-59
1.122e-08 1.272e+01 2.566e-15 2.570e-72 1.691e-60 2.125e-59
1.259e-08 1.272e+01 3.230e-15 3.236e-72 2.129e-60 2.675e-59
1.413e-08 1.272e+01 4.067e-15 4.074e-72 2.680e-60 3.368e-59
1.585e-08 1.272e+01 5.120e-15 5.128e-72 3.374e-60 4.239e-59
1.778e-08 1.272e+01 6.445e-15 6.456e-72 4.247e-60 5.337e-59
1.995e-08 1.272e+01 8.114e-15 8.128e-72 5.347e-60 6.719e-59
2.239e-08 1.272e+01 1.022e-14 1.023e-71 6.731e-60 8.459e-59
2.512e-08 1.272e+01 1.286e-14 1.288e-71 8.474e-60 1.065e-58
2.818e-08 1.272e+01 1.619e-14 1.622e-71 1.067e-59 1.341e-58
3.162e-08 1.272e+01 2.038e-14 2.042e-71 1.343e-59 1.688e-58
3.548e-08 1.272e+01 2.566e-14 2.570e-71 1.691e-59 2.125e-58
3.981e-08 1.272e+01 3.230e-14 3.236e-71 2.129e-59 2.675e-58
4.467e-08 1.272e+01 4.067e-14 4.074e-71 2.680e-59 3.368e-58
5.012e-08 1.272e+01 5.120e-14 5.128e-71 3.374e-59 4.239e-58
5.623e-08 1.272e+01 6.445e-14 6.456e-71 4.247e-59 5.337e-58
6.310e-08 1.272e+01 8.114e-14 8.128e-71 5.347e-59 6.719e-58
7.079e-08 1.272e+01 1.022e-13 1.023e-70 6.731e-59 8.459e-58
7.943e-08 1.272e+01 1.286e-13 1.288e-70 8.474e-59 1.065e-57
8.913e-08 1.272e+01 1.619e-13 1.622e-70 1.067e-58 1.341e-57
1.000e-07 1.272e+01 2.038e-13 2.042e-70 1.343e-58 1.688e-57
1.122e-07 1.272e+01 2.566e-13 2.570e-70 1.691e-58 2.125e-57
1.259e-07 1.272e+01 3.230e-13 3.236e-70 2.129e-58 2.675e-57
1.413e-07 1.272e+01 4.067e-13 4.074e-70 2.680e-58 3.368e-57
1.585e-07 1.272e+01 5.120e-13 5.128e-70 3.374e-58 4.239e-57
1.778e-07 1.272e+01 6.445e-13 6.456e-70 4.247e-58 5.337e-57
1.995e-07 1.272e+01 8.114e-13 8.128e-70 5.347e-58 6.719e-57
2.239e-07 1.272e+01 1.022e-12 1.023e-69 6.731e-58 8.459e-57
2.512e-07 1.272e+01 1.286e-12 1.288e-69 8.474e-58 1.065e-56
2.818e-07 1.272e+01 1.619e-12 1.622e-69 1.067e-57 1.341e-56
3.162e-07 1.272e+01 2.038e-12 2.042e-69 1.343e-57 1.688e-56
3.548e-07 1.272e+01 2.566e-12 2.570e-69 1.691e-57 2.125e-56
3.981e-07 1.272e+01 3.230e-12 3.236e-69 2.129e-57 2.675e-56
4.467e-07 1.272e+01 4.067e-12 4.074e-69 2.680e-57 3.368e-56
5.012e-07 1.272e+01 5.120e-12 5.128e-69 3.374e-57 4.239e-56
5.623e-07 1.272e+01 6.445e-12 6.456e-69 4.247e-57 5.337e-56
6.310e-07 1.272e+01 8.114e-12 8.128e-69 5.347e-57 6.719e-56
7.079e-07 1.272e+01 1.022e-11 1.023e-68 6.731e-57 8.459e-56
7.943e-07 1.272e+01 1.286e-11 1.288e-68 8.474e-57 1.065e-55
8.913e-07 1.272e+01 1.619e-11 1.622e-68 1.067e-56 1.341e-55
1.000e-06 1.272e+01 2.038e-11 2.042e-68 1.343e-56 1.688e-55
1.122e-06 1.272e+01 2.566e-11 2.570e-68 1.691e-56 2.125e-55
1.259e-06 1.272e+01 3.230e-11 3.236e-68 2.129e-56 2.675e-55
1.413e-06 1.272e+01 4.067e-11 4.074e-68 2.680e-56 3.368e-55
1.585e-06 1.272e+01 5.120e-11 5.128e-68 3.374e-56 4.239e-55
1.778e-06 1.272e+01 6.445e-11 6.456e-68 4.247e-56 5.337e-55
1.995e-06 1.272e+01 8.114e-11 8.128e-68 5.347e-56 6.719e-55
2.239e-06 1.272e+01 1.022e-10 1.023e-67 6.731e-56 8.459e-55
2.512e-06 1.272e+01 1.286e-10 1.288e-67 8.474e-56 1.065e-54
2.818e-06 1.272e+01 1.619e-10 1.622e-67 1.067e-55 1.341e-54
3.162e-06 1.272e+01 2.038e-10 2.042e-67 1.343e-55 1.688e-54
3.548e-06 1.272e+01 2.566e-10 2.570e-67 1.691e-55 2.125e-54
3.981e-06 1.272e+01 3.230e-10 3.236e-67 2.129e-55 2.675e-54
4.467e-06 1.272e+01 4.067e-10 4.074e-67 2.680e-55 3.368e-54
5.012e-06 1.272e+01 5.120e-10 5.128e-67 3.374e-55 4.239e-54
5.623e-06 1.272e+01 6.445e-10 6.456e-67 4.247e-55 5.337e-54
6.310e-06 1.272e+01 8.114e-10 8.128e-67 5.347e-55 6.719e-54
7.079e-06 1.272e+01 1.022e-09 1.023e-66 6.731e-55 8.459e-54
7.943e-06 1.272e+01 1.286e-09 1.288e-66 8.474e-55 1.065e-53
8.913e-06 1.272e+01 1.619e-09 1.622e-66 1.067e-54 1.341e-53
1.000e-05 1.272e+01 2.038e-09 2.042e-66 1.343e-54 1.688e-53
1.122e-05 1.272e+01 2.566e-09 2.570e-66 1.691e-54 2.125e-53
1.259e-05 1.272e+01 3.230e-09 3.236e-66 2.129e-54 2.675e-53
1.413e-05 1.272e+01 4.067e-09 4.074e-66 2.680e-54 3.368e-53
1.585e-05 1.272e+01 5.120e-09 5.128e-66 3.374e-54 4.239e-53
1.778e-05 1.272e+01 6.445e-09 6.456e-66 4.247e-54 5.337e-53
1.995e-05 1.272e+01 8.114e-09 8.128e-66 5.347e-54 6.719e-53
2.239e-05 1.272e+01 1.022e-08 1.023e-65 6.731e-54 8.459e-53
2.512e-05 1.289e+01 1.303e-08 1.305e-65 8.583e-54 1.079e-52
2.818e-05 1.291e+01 1.642e-08 1.645e-65 1.082e-53 1.360e-52
3.162e-05 1.293e+01 2.071e-08 2.075e-65 1.365e-53 1.715e-52
3.548e-05 1.295e+01 2.612e-08 2.617e-65 1.721e-53 2.163e-52
3.981e-05 1.298e+01 3.296e-08 3.301e-65 2.172e-53 2.729e-52
4.467e-05 1.301e+01 4.159e-08 4.166e-65 2.741e-53 3.444e-52
5.012e-05 1.304e+01 5.250e-08 5.259e-65 3.459e-53 4.347e-52
5.623e-05 1.308e+01 6.629e-08 6.640e-65 4.368e-53 5.489e-52
6.310e-05 1.313e+01 8.373e-08 8.387e-65 5.518e-53 6.934e-52
7.079e-05 1.318e+01 1.058e-07 1.060e-64 6.972e-53 8.761e-52
7.943e-05 1.323e+01 1.338e-07 1.340e-64 8.814e-53 1.108e-51
8.913e-05 1.329e+01 1.692e-07 1.695e-64 1.115e-52 1.401e-51
1.000e-04 1.336e+01 2.141e-07 2.145e-64 1.411e-52 1.773e-51
1.122e-04 1.344e+01 2.711e-07 2.716e-64 1.786e-52 2.245e-51
1.259e-04 1.353e+01 3.435e-07 3.441e-64 2.264e-52 2.845e-51
1.413e-04 1.363e+01 4.356e-07 4.364e-64 2.871e-52 3.607e-51
1.585e-04 1.374e+01 5.530e-07 5.539e-64 3.644e-52 4.579e-51
1.778e-04 1.387e+01 7.025e-07 7.037e-64 4.629e-52 5.818e-51
1.995e-04 1.401e+01 8.936e-07 8.951e-64 5.888e-52 7.400e-51
2.239e-04 1.417e+01 1.138e-06 1.140e-63 7.499e-52 9.423e-51
2.512e-04 1.436e+01 1.451e-06 1.454e-63 9.563e-52 1.202e-50
2.818e-04 1.457e+01 1.854e-06 1.857e-63 1.221e-51 1.535e-50
3.162e-04 1.480e+01 2.372e-06 2.376e-63 1.563e-51 1.964e-50
3.548e-04 1.508e+01 3.041e-06 3.046e-63 2.004e-51 2.518e-50
3.981e-04 1.539e+01 3.907e-06 3.914e-63 2.574e-51 3.235e-50
4.467e-04 1.574e+01 5.032e-06 5.041e-63 3.316e-51 4.167e-50
5.012e-04 1.615e+01 6.500e-06 6.511e-63 4.283e-51 5.382e-50
5.623e-04 1.662e+01 8.422e-06 8.436e-63 5.549e-51 6.974e-50
6.310e-04 1.717e+01 1.095e-05 1.097e-62 7.215e-51 9.067e-50
7.079e-04 1.780e+01 1.429e-05 1.432e-62 9.419e-51 1.184e-49
7.943e-04 1.854e+01 1.874e-05 1.877e-62 1.235e-50 1.552e-49
8.913e-04 1.941e+01 2.470e-05 2.474e-62 1.628e-50 2.046e-49
1.000e-03 2.044e+01 3.275e-05 3.281e-62 2.158e-50 2.712e-49
1.122e-03 2.167e+01 4.372e-05 4.379e-62 2.881e-50 3.620e-49
1.259e-03 2.317e+01 5.882e-05 5.892e-62 3.876e-50 4.871e-49
1.413e-03 2.500e+01 7.992e-05 8.006e-62 5.266e-50 6.618e-49
1.585e-03 2.730e+01 1.099e-04 1.101e-61 7.241e-50 9.099e-49
1.778e-03 3.027e+01 1.534e-04 1.536e-61 1.011e-49 1.270e-48
1.995e-03 3.425e+01 2.184e-04 2.188e-61 1.439e-49 1.809e-48
2.239e-03 3.984e+01 3.199e-04 3.204e-61 2.108e-49 2.649e-48
2.512e-03 4.830e+01 4.883e-04 4.891e-61 3.217e-49 4.043e-48
2.818e-03 6.275e+01 7.986e-04 8.000e-61 5.263e-49 6.613e-48
3.162e-03 9.320e+01 1.493e-03 1.496e-60 9.840e-49 1.237e-47
3.548e-03 2.006e+02 4.045e-03 4.052e-60 2.666e-48 3.350e-47
3.981e-03 -5.332e-08 -1.354e-12 -1.356e-69 -8.922e-58 -1.121e-56
4.467e-03 -4.752e-08 -1.519e-12 -1.522e-69 -1.001e-57 -1.258e-56
5.012e-03 -4.236e-08 -1.705e-12 -1.708e-69 -1.123e-57 -1.412e-56
5.623e-03 -3.775e-08 -1.913e-12 -1.916e-69 -1.260e-57 -1.584e-56
6.310e-03 -3.364e-08 -2.146e-12 -2.150e-69 -1.414e-57 -1.777e-56
7.079e-03 -2.999e-08 -2.408e-12 -2.412e-69 -1.587e-57 -1.994e-56
7.943e-03 -2.672e-08 -2.702e-12 -2.706e-69 -1.780e-57 -2.237e-56
8.913e-03 -2.382e-08 -3.031e-12 -3.036e-69 -1.997e-57 -2.510e-56
1.000e-02 -2.123e-08 -3.401e-12 -3.407e-69 -2.241e-57 -2.816e-56
1.122e-02 -1.892e-08 -3.816e-12 -3.823e-69 -2.515e-57 -3.160e-56
1.259e-02 -1.686e-08 -4.282e-12 -4.289e-69 -2.822e-57 -3.546e-56
1.413e-02 -1.503e-08 -4.804e-12 -4.812e-69 -3.166e-57 -3.978e-56
1.585e-02 -1.339e-08 -5.390e-12 -5.400e-69 -3.552e-57 -4.464e-56
1.778e-02 -1.194e-08 -6.048e-12 -6.058e-69 -3.985e-57 -5.008e-56
1.995e-02 -1.064e-08 -6.786e-12 -6.798e-69 -4.472e-57 -5.619e-56
2.239e-02 -9.482e-09 -7.614e-12 -7.627e-69 -5.017e-57 -6.305e-56
2.512e-02 -8.451e-09 -8.543e-12 -8.558e-69 -5.630e-57 -7.074e-56
2.818e-02 -7.532e-09 -9.586e-12 -9.602e-69 -6.317e-57 -7.938e-56
3.162e-02 -6.713e-09 -1.076e-11 -1.077e-68 -7.087e-57 -8.906e-56
3.548e-02 0.000e+00 0.000e+00 0.000e+00 0.000e+00 0.000e+00
3.981e-02 2.666e-08 6.770e-11 6.782e-68 4.461e-56 5.606e-55
4.467e-02 2.376e-08 7.596e-11 7.609e-68 5.006e-56 6.290e-55
5.012e-02 2.118e-08 8.523e-11 8.538e-68 5.616e-56 7.058e-55
5.623e-02 1.887e-08 9.563e-11 9.579e-68 6.302e-56 7.919e-55
6.310e-02 1.682e-08 1.073e-10 1.075e-67 7.071e-56 8.885e-55
7.079e-02 1.499e-08 1.204e-10 1.206e-67 7.933e-56 9.969e-55
7.943e-02 1.336e-08 1.351e-10 1.353e-67 8.901e-56 1.119e-54
8.913e-02 1.191e-08 1.516e-10 1.518e-67 9.987e-56 1.255e-54
1.000e-01 1.061e-08 1.701e-10 1.703e-67 1.121e-55 1.408e-54
1.122e-01 9.460e-09 1.908e-10 1.911e-67 1.257e-55 1.580e-54
1.259e-01 8.431e-09 2.141e-10 2.145e-67 1.411e-55 1.773e-54
1.413e-01 7.514e-09 2.402e-10 2.406e-67 1.583e-55 1.989e-54
1.585e-01 6.697e-09 2.695e-10 2.700e-67 1.776e-55 2.232e-54
1.778e-01 5.969e-09 3.024e-10 3.029e-67 1.993e-55 2.504e-54
1.995e-01 5.320e-09 3.393e-10 3.399e-67 2.236e-55 2.810e-54
2.239e-01 4.741e-09 3.807e-10 3.814e-67 2.509e-55 3.153e-54
2.512e-01 4.226e-09 4.272e-10 4.279e-67 2.815e-55 3.537e-54
2.818e-01 3.766e-09 4.793e-10 4.801e-67 3.158e-55 3.969e-54
3.162e-01 3.356e-09 5.378e-10 5.387e-67 3.544e-55 4.453e-54
3.548e-01 2.991e-09 6.034e-10 6.044e-67 3.976e-55 4.996e-54
3.981e-01 2.666e-09 6.770e-10 6.782e-67 4.461e-55 5.606e-54
4.467e-01 2.376e-09 7.596e-10 7.609e-67 5.006e-55 6.290e-54
5.012e-01 2.118e-09 8.523e-10 8.538e-67 5.616e-55 7.058e-54
5.623e-01 1.887e-09 9.563e-10 9.579e-67 6.302e-55 7.919e-54
6.310e-01 1.682e-09 1.073e-09 1.075e-66 7.071e-55 8.885e-54
7.079e-01 1.499e-09 1.204e-09 1.206e-66 7.933e-55 9.969e-54
7.943e-01 1.336e-09 1.351e-09 1.353e-66 8.901e-55 1.119e-53
8.913e-01 1.191e-09 1.516e-09 1.518e-66 9.987e-55 1.255e-53
1.000e+00 1.061e-09 1.701e-09 1.703e-66 1.121e-54 1.408e-53
1.122e+00 9.460e-10 1.908e-09 1.911e-66 1.257e-54 1.580e-53
1.259e+00 8.431e-10 2.141e-09 2.145e-66 1.411e-54 1.773e-53
1.413e+00 7.514e-10 2.402e-09 2.406e-66 1.583e-54 1.989e-53
1.585e+00 6.697e-10 2.695e-09 2.700e-66 1.776e-54 2.232e-53
1.778e+00 5.969e-10 3.024e-09 3.029e-66 1.993e-54 2.504e-53
1.995e+00 5.320e-10 3.393e-09 3.399e-66 2.236e-54 2.810e-53
2.239e+00 4.741e-10 3.807e-09 3.814e-66 2.509e-54 3.153e-53
2.512e+00 4.226e-10 4.272e-09 4.279e-66 2.815e-54 3.537e-53
2.818e+00 3.766e-10 4.793e-09 4.801e-66 3.158e-54 3.969e-53
3.162e+00 3.356e-10 5.378e-09 5.387e-66 3.544e-54 4.453e-53
3.548e+00 2.991e-10 6.034e-09 6.044e-66 3.976e-54 4.996e-53
3.981e+00 2.666e-10 6.770e-09 6.782e-66 4.461e-54 5.606e-53
4.467e+00 2.376e-10 7.596e-09 7.609e-66 5.006e-54 6.290e-53
5.012e+00 2.118e-10 8.523e-09 8.537e-66 5.616e-54 7.058e-53
5.623e+00 1.887e-10 9.563e-09 9.579e-66 6.302e-54 7.919e-53
6.310e+00 1.682e-10 1.073e-08 1.075e-65 7.071e-54 8.885e-53
7.079e+00 1.499e-10 1.204e-08 1.206e-65 7.933e-54 9.969e-53
7.943e+00 1.336e-10 1.351e-08 1.353e-65 8.901e-54 1.119e-52
8.913e+00 1.191e-10 1.516e-08 1.518e-65 9.987e-54 1.255e-52
1.000e+01 1.061e-10 1.701e-08 1.703e-65 1.121e-53 1.408e-52
1.122e+01 9.460e-11 1.908e-08 1.911e-65 1.257e-53 1.580e-52
1.259e+01 8.431e-11 2.141e-08 2.145e-65 1.411e-53 1.773e-52
1.413e+01 7.514e-11 2.402e-08 2.406e-65 1.583e-53 1.989e-52
1.585e+01 6.697e-11 2.695e-08 2.700e-65 1.776e-53 2.232e-52
1.778e+01 5.969e-11 3.024e-08 3.029e-65 1.993e-53 2.504e-52
1.995e+01 5.320e-11 3.393e-08 3.399e-65 2.236e-53 2.810e-52
2.239e+01 4.741e-11 3.807e-08 3.814e-65 2.509e-53 3.153e-52
2.512e+01 4.226e-11 4.272e-08 4.279e-65 2.815e-53 3.537e-52
2.818e+01 3.766e-11 4.793e-08 4.801e-65 3.158e-53 3.969e-52
3.162e+01 3.356e-11 5.378e-08 5.387e-65 3.544e-53 4.453e-52
3.548e+01 2.991e-11 6.034e-08 6.044e-65 3.976e-53 4.996e-52
3.981e+01 2.666e-11 6.770e-08 6.782e-65 4.461e-53 5.606e-52
4.467e+01 2.376e-11 7.596e-08 7.609e-65 5.006e-53 6.290e-52
5.012e+01 2.118e-11 8.523e-08 8.537e-65 5.616e-53 7.058e-52
5.623e+01 1.887e-11 9.563e-08 9.579e-65 6.302e-53 7.919e-52
6.310e+01 1.682e-11 1.073e-07 1.075e-64 7.070e-53 8.885e-52
7.079e+01 1.499e-11 1.204e-07 1.206e-64 7.933e-53 9.969e-52
7.943e+01 1.336e-11 1.351e-07 1.353e-64 8.901e-53 1.119e-51
8.913e+01 1.191e-11 1.516e-07 1.518e-64 9.987e-53 1.255e-51
1.000e+02 1.061e-11 1.701e-07 1.703e-64 1.121e-52 1.408e-51
1.122e+02 9.460e-12 1.908e-07 1.911e-64 1.257e-52 1.580e-51
1.259e+02 8.431e-12 2.141e-07 2.144e-64 1.411e-52 1.773e-51
1.413e+02 7.514e-12 2.402e-07 2.406e-64 1.583e-52 1.989e-51
1.585e+02 6.697e-12 2.695e-07 2.700e-64 1.776e-52 2.232e-51
1.778e+02 5.969e-12 3.024e-07 3.029e-64 1.993e-52 2.504e-51
1.995e+02 5.320e-12 3.393e-07 3.399e-64 2.236e-52 2.810e-51
2.239e+02 4.741e-12 3.807e-07 3.813e-64 2.509e-52 3.152e-51
2.512e+02 4.225e-12 4.272e-07 4.279e-64 2.815e-52 3.537e-51
2.818e+02 3.766e-12 4.793e-07 4.801e-64 3.158e-52 3.969e-51
3.162e+02 3.356e-12 5.377e-07 5.387e-64 3.544e-52 4.453e-51
3.548e+02 2.991e-12 6.034e-07 6.044e-64 3.976e-52 4.996e-51
3.981e+02 2.666e-12 6.770e-07 6.781e-64 4.461e-52 5.606e-51
4.467e+02 2.376e-12 7.596e-07 7.609e-64 5.005e-52 6.290e-51
5.012e+02 2.118e-12 8.523e-07 8.537e-64 5.616e-52 7.057e-51
5.623e+02 1.887e-12 9.562e-07 9.579e-64 6.301e-52 7.918e-51
6.310e+02 1.682e-12 1.073e-06 1.075e-63 7.070e-52 8.884e-51
7.079e+02 1.499e-12 1.204e-06 1.206e-63 7.933e-52 9.968e-51
7.943e+02 1.336e-12 1.351e-06 1.353e-63 8.900e-52 1.118e-50
8.913e+02 1.191e-12 1.515e-06 1.518e-63 9.986e-52 1.255e-50
1.000e+03 1.061e-12 1.700e-06 1.703e-63 1.120e-51 1.408e-50
1.122e+03 9.459e-13 1.908e-06 1.911e-63 1.257e-51 1.580e-50
1.259e+03 8.430e-13 2.141e-06 2.144e-63 1.411e-51 1.773e-50
1.413e+03 7.513e-13 2.402e-06 2.406e-63 1.583e-51 1.989e-50
1.585e+03 6.696e-13 2.695e-06 2.699e-63 1.776e-51 2.231e-50
1.778e+03 5.968e-13 3.024e-06 3.029e-63 1.992e-51 2.504e-50
1.995e+03 5.319e-13 3.392e-06 3.398e-63 2.235e-51 2.809e-50
2.239e+03 4.740e-13 3.806e-06 3.813e-63 2.508e-51 3.152e-50
2.512e+03 4.224e-13 4.271e-06 4.278e-63 2.814e-51 3.536e-50
2.818e+03 3.765e-13 4.791e-06 4.800e-63 3.157e-51 3.968e-50
3.162e+03 3.355e-13 5.376e-06 5.385e-63 3.543e-51 4.452e-50
3.548e+03 2.990e-13 6.032e-06 6.042e-63 3.975e-51 4.995e-50
3.981e+03 2.665e-13 6.767e-06 6.779e-63 4.459e-51 5.604e-50
4.467e+03 2.375e-13 7.593e-06 7.606e-63 5.003e-51 6.287e-50
5.012e+03 2.117e-13 8.519e-06 8.533e-63 5.614e-51 7.054e-50
5.623e+03 1.886e-13 9.558e-06 9.574e-63 6.298e-51 7.915e-50
6.310e+03 1.681e-13 1.072e-05 1.074e-62 7.066e-51 8.880e-50
7.079e+03 1.498e-13 1.203e-05 1.205e-62 7.928e-51 9.963e-50
7.943e+03 1.335e-13 1.350e-05 1.352e-62 8.895e-51 1.118e-49
8.913e+03 1.190e-13 1.514e-05 1.517e-62 9.979e-51 1.254e-49
1.000e+04 1.060e-13 1.699e-05 1.702e-62 1.120e-50 1.407e-49
1.122e+04 9.450e-14 1.906e-05 1.909e-62 1.256e-50 1.578e-49
1.259e+04 8.422e-14 2.139e-05 2.142e-62 1.409e-50 1.771e-49
1.413e+04 7.505e-14 2.399e-05 2.403e-62 1.581e-50 1.987e-49
1.585e+04 6.688e-14 2.692e-05 2.696e-62 1.774e-50 2.229e-49
1.778e+04 5.960e-14 3.019e-05 3.025e-62 1.990e-50 2.500e-49
1.995e+04 5.311e-14 3.387e-05 3.393e-62 2.232e-50 2.805e-49
2.239e+04 4.732e-14 3.800e-05 3.806e-62 2.504e-50 3.147e-49
2.512e+04 4.217e-14 4.263e-05 4.270e-62 2.809e-50 3.530e-49
2.818e+04 3.757e-14 4.782e-05 4.790e-62 3.151e-50 3.960e-49
3.162e+04 3.348e-14 5.364e-05 5.373e-62 3.535e-50 4.442e-49
3.548e+04 2.983e-14 6.017e-05 6.027e-62 3.965e-50 4.982e-49
3.981e+04 2.658e-14 6.749e-05 6.761e-62 4.447e-50 5.589e-49
4.467e+04 2.368e-14 7.570e-05 7.583e-62 4.988e-50 6.269e-49
5.012e+04 1.688e-14 6.793e-05 6.804e-62 4.476e-50 5.625e-49
5.623e+04 1.504e-14 7.618e-05 7.631e-62 5.020e-50 6.309e-49
6.310e+04 1.340e-14 8.544e-05 8.559e-62 5.630e-50 7.075e-49
7.079e+04 1.193e-14 9.582e-05 9.598e-62 6.314e-50 7.935e-49
7.943e+04 1.063e-14 1.075e-04 1.076e-61 7.081e-50 8.898e-49
8.913e+04 9.468e-15 1.205e-04 1.207e-61 7.940e-50 9.978e-49
1.000e+05 8.433e-15 1.351e-04 1.353e-61 8.903e-50 1.119e-48
1.122e+05 7.510e-15 1.515e-04 1.517e-61 9.982e-50 1.254e-48
1.259e+05 6.688e-15 1.698e-04 1.701e-61 1.119e-49 1.406e-48
1.413e+05 5.955e-15 1.904e-04 1.907e-61 1.255e-49 1.577e-48
1.585e+05 5.303e-15 2.134e-04 2.138e-61 1.406e-49 1.767e-48
1.778e+05 4.721e-15 2.392e-04 2.396e-61 1.576e-49 1.981e-48
1.995e+05 4.203e-15 2.681e-04 2.685e-61 1.766e-49 2.220e-48
2.239e+05 3.741e-15 3.004e-04 3.009e-61 1.979e-49 2.487e-48
2.512e+05 3.329e-15 3.365e-04 3.371e-61 2.218e-49 2.787e-48
2.818e+05 2.962e-15 3.770e-04 3.777e-61 2.484e-49 3.122e-48
3.162e+05 2.636e-15 4.223e-04 4.230e-61 2.783e-49 3.497e-48
3.548e+05 2.345e-15 4.729e-04 4.737e-61 3.116e-49 3.916e-48
3.981e+05 2.085e-15 5.295e-04 5.304e-61 3.489e-49 4.385e-48
4.467e+05 1.854e-15 5.928e-04 5.938e-61 3.906e-49 4.909e-48
5.012e+05 1.236e-15 4.976e-04 4.984e-61 3.279e-49 4.120e-48
5.623e+05 1.099e-15 5.567e-04 5.577e-61 3.669e-49 4.610e-48
6.310e+05 9.764e-16 6.228e-04 6.238e-61 4.104e-49 5.157e-48
7.079e+05 8.673e-16 6.965e-04 6.976e-61 4.589e-49 5.767e-48
7.943e+05 7.702e-16 7.786e-04 7.799e-61 5.131e-49 6.447e-48
8.913e+05 6.837e-16 8.701e-04 8.716e-61 5.734e-49 7.205e-48
1.000e+06 6.067e-16 9.720e-04 9.736e-61 6.405e-49 8.049e-48
1.122e+06 5.381e-16 1.085e-03 1.087e-60 7.152e-49 8.987e-48
1.259e+06 4.771e-16 1.211e-03 1.213e-60 7.983e-49 1.003e-47
1.413e+06 4.227e-16 1.351e-03 1.354e-60 8.905e-49 1.119e-47
1.585e+06 3.744e-16 1.507e-03 1.509e-60 9.929e-49 1.248e-47
1.778e+06 3.314e-16 1.679e-03 1.682e-60 1.106e-48 1.390e-47
1.995e+06 2.931e-16 1.870e-03 1.873e-60 1.232e-48 1.548e-47
2.239e+06 2.591e-16 2.080e-03 2.084e-60 1.371e-48 1.723e-47
2.512e+06 2.288e-16 2.313e-03 2.317e-60 1.524e-48 1.916e-47
2.818e+06 2.019e-16 2.570e-03 2.574e-60 1.694e-48 2.128e-47
3.162e+06 1.780e-16 2.853e-03 2.857e-60 1.880e-48 2.362e-47
3.548e+06 1.568e-16 3.163e-03 3.169e-60 2.084e-48 2.619e-47
3.981e+06 1.380e-16 3.504e-03 3.510e-60 2.309e-48 2.901e-47
4.467e+06 1.213e-16 3.876e-03 3.883e-60 2.554e-48 3.210e-47
5.012e+06 7.095e-17 2.855e-03 2.860e-60 1.882e-48 2.364e-47
5.623e+06 6.218e-17 3.151e-03 3.156e-60 2.076e-48 2.609e-47
6.310e+06 5.442e-17 3.471e-03 3.477e-60 2.287e-48 2.874e-47
7.079e+06 4.754e-17 3.817e-03 3.824e-60 2.516e-48 3.161e-47
7.943e+06 0.000e+00 0.000e+00 0.000e+00 0.000e+00 0.000e+00
8.913e+06 0.000e+00 0.000e+00 0.000e+00 0.000e+00 0.000e+00
1.000e+07 0.000e+00 0.000e+00 0.000e+00 0.000e+00 0.000e+00
1.122e+07 0.000e+00 0.000e+00 0.000e+00 0.000e+00 0.000e+00
1.259e+07 0.000e+00 0.000e+00 0.000e+00 0.000e+00 0.000e+00
1.413e+07 0.000e+00 0.000e+00 0.000e+00 0.000e+00 0.000e+00
1.585e+07 0.000e+00 0.000e+00 0.000e+00 0.000e+00 0.000e+00
1.778e+07 0.000e+00 0.000e+00 0.000e+00 0.000e+00 0.000e+00
1.995e+07 0.000e+00 0.000e+00 0.000e+00 0.000e+00 0.000e+00
2.239e+07 0.000e+00 0.000e+00 0.000e+00 0.000e+00 0.000e+00
2.512e+07 0.000e+00 0.000e+00 0.000e+00 0.000e+00 0.000e+00
2.818e+07 0.000e+00 0.000e+00 0.000e+00 0.000e+00 0.000e+00
3.162e+07 0.000e+00 0.000e+00 0.000e+00 0.000e+00 0.000e+00
3.548e+07 0.000e+00 0.000e+00 0.000e+00 0.000e+00 0.000e+00
3.981e+07 0.000e+00 0.000e+00 0.000e+00 0.000e+00 0.000e+00
4.467e+07 0.000e+00 0.000e+00 0.000e+00 0.000e+00 0.000e+00
5.012e+07 0.000e+00 0.000e+00 0.000e+00 0.000e+00 0.000e+00
5.623e+07 0.000e+00 0.000e+00 0.000e+00 0.000e+00 0.000e+00
6.310e+07 0.000e+00 0.000e+00 0.000e+00 0.000e+00 0.000e+00
7.079e+07 0.000e+00 0.000e+00 0.000e+00 0.000e+00 0.000e+00
7.943e+07 3.573e-39 3.612e-23 3.618e-80 2.380e-68 2.991e-67
8.913e+07 1.914e-39 2.436e-23 2.440e-80 1.605e-68 2.017e-67
1.000e+08 0.000e+00 0.000e+00 0.000e+00 0.000e+00 0.000e+00
