1.000e-20 0.000e+00 0.000e+00 0.000e+00 0.000e+00 0.000e+00
1.122e-20 0.000e+00 0.000e+00 0.000e+00 0.000e+00 0.000e+00
1.259e-20 0.000e+00 0.000e+00 0.000e+00 0.000e+00 0.000e+00
1.413e-20 0.000e+00 0.000e+00 0.000e+00 0.000e+00 0.000e+00
1.585e-20 0.000e+00 0.000e+00 0.000e+00 0.000e+00 0.000e+00
1.778e-20 0.000e+00 0.000e+00 0.000e+00 0.000e+00 0.000e+00
1.995e-20 0.000e+00 0.000e+00 0.000e+00 0.000e+00 0.000e+00
2.239e-20 0.000e+00 0.000e+00 0.000e+00 0.000e+00 0.000e+00
2.512e-20 0.000e+00 0.000e+00 0.000e+00 0.000e+00 0.000e+00
2.818e-20 0.000e+00 0.000e+00 0.000e+00 0.000e+00 0.000e+00
3.162e-20 0.000e+00 0.000e+00 0.000e+00 0.000e+00 0.000e+00
3.548e-20 0.000e+00 0.000e+00 0.000e+00 0.000e+00 0.000e+00
3.981e-20 0.000e+00 0.000e+00 0.000e+00 0.000e+00 0.000e+00
4.467e-20 0.000e+00 0.000e+00 0.000e+00 0.000e+00 0.000e+00
5.012e-20 0.000e+00 0.000e+00 0.000e+00 0.000e+00 0.000e+00
5.623e-20 0.000e+00 0.000e+00 0.000e+00 0.000e+00 0.000e+00
6.310e-20 0.000e+00 0.000e+00 0.000e+00 0.000e+00 0.000e+00
7.079e-20 0.000e+00 0.000e+00 0.000e+00 0.000e+00 0.000e+00
7.943e-20 0.000e+00 0.000e+00 0.000e+00 0.000e+00 0.000e+00
8.913e-20 0.000e+00 0.000e+00 0.000e+00 0.000e+00 0.000e+00
1.000e-19 0.000e+00 0.000e+00 0.000e+00 0.000e+00 0.000e+00
1.122e-19 0.000e+00 0.000e+00 0.000e+00 0.000e+00 0.000e+00
1.259e-19 0.000e+00 0.000e+00 0.000e+00 0.000e+00 0.000e+00
1.413e-19 0.000e+00 0.000e+00 0.000e+00 0.000e+00 0.000e+00
1.585e-19 0.000e+00 0.000e+00 0.000e+00 0.000e+00 0.000e+00
1.778e-19 0.000e+00 0.000e+00 0.000e+00 0.000e+00 0.000e+00
1.995e-19 0.000e+00 0.000e+00 0.000e+00 0.000e+00 0.000e+00
2.239e-19 0.000e+00 0.000e+00 0.000e+00 0.000e+00 0.000e+00
2.512e-19 0.000e+00 0.000e+00 0.000e+00 0.000e+00 0.000e+00
2.818e-19 0.000e+00 0.000e+00 0.000e+00 0.000e+00 0.000e+00
3.162e-19 0.000e+00 0.000e+00 0.000e+00 0.000e+00 0.000e+00
3.548e-19 0.000e+00 0.000e+00 0.000e+00 0.000e+00 0.000e+00
3.981e-19 0.000e+00 0.000e+00 0.000e+00 0.000e+00 0.000e+00
4.467e-19 0.000e+00 0.000e+00 0.000e+00 0.000e+00 0.000e+00
5.012e-19 0.000e+00 0.000e+00 0.000e+00 0.000e+00 0.000e+00
5.623e-19 0.000e+00 0.000e+00 0.000e+00 0.000e+00 0.000e+00
6.310e-19 0.000e+00 0.000e+00 0.000e+00 0.000e+00 0.000e+00
7.079e-19 0.000e+00 0.000e+00 0.000e+00 0.000e+00 0.000e+00
7.943e-19 0.000e+00 0.000e+00 0.000e+00 0.000e+00 0.000e+00
8.913e-19 0.000e+00 0.000e+00 0.000e+00 0.000e+00 0.000e+00
1.000e-18 0.000e+00 0.000e+00 0.000e+00 0.000e+00 0.000e+00
1.122e-18 0.000e+00 0.000e+00 0.000e+00 0.000e+00 0.000e+00
1.259e-18 0.000e+00 0.000e+00 0.000e+00 0.000e+00 0.000e+00
1.413e-18 0.000e+00 0.000e+00 0.000e+00 0.000e+00 0.000e+00
1.585e-18 0.000e+00 0.000e+00 0.000e+00 0.000e+00 0.000e+00
1.778e-18 0.000e+00 0.000e+00 0.000e+00 0.000e+00 0.000e+00
1.995e-18 0.000e+00 0.000e+00 0.000e+00 0.000e+00 0.000e+00
2.239e-18 0.000e+00 0.000e+00 0.000e+00 0.000e+00 0.000e+00
2.512e-18 0.000e+00 0.000e+00 0.000e+00 0.000e+00 0.000e+00
2.818e-18 0.000e+00 0.000e+00 0.000e+00 0.000e+00 0.000e+00
3.162e-18 0.000e+00 0.000e+00 0.000e+00 0.000e+00 0.000e+00
3.548e-18 0.000e+00 0.000e+00 0.000e+00 0.000e+00 0.000e+00
3.981e-18 0.000e+00 0.000e+00 0.000e+00 0.000e+00 0.000e+00
4.467e-18 0.000e+00 0.000e+00 0.000e+00 0.000e+00 0.000e+00
5.012e-18 0.000e+00 0.000e+00 0.000e+00 0.000e+00 0.000e+00
5.623e-18 0.000e+00 0.000e+00 0.000e+00 0.000e+00 0.000e+00
6.310e-18 0.000e+00 0.000e+00 0.000e+00 0.000e+00 0.000e+00
7.079e-18 0.000e+00 0.000e+00 0.000e+00 0.000e+00 0.000e+00
7.943e-18 0.000e+00 0.000e+00 0.000e+00 0.000e+00 0.000e+00
8.913e-18 0.000e+00 0.000e+00 0.000e+00 0.000e+00 0.000e+00
1.000e-17 0.000e+00 0.000e+00 0.000e+00 0.000e+00 0.000e+00
1.122e-17 0.000e+00 0.000e+00 0.000e+00 0.000e+00 0.000e+00
1.259e-17 0.000e+00 0.000e+00 0.000e+00 0.000e+00 0.000e+00
1.413e-17 0.000e+00 0.000e+00 0.000e+00 0.000e+00 0.000e+00
1.585e-17 0.000e+00 0.000e+00 0.000e+00 0.000e+00 0.000e+00
1.778e-17 0.000e+00 0.000e+00 0.000e+00 0.000e+00 0.000e+00
1.995e-17 0.000e+00 0.000e+00 0.000e+00 0.000e+00 0.000e+00
2.239e-17 0.000e+00 0.000e+00 0.000e+00 0.000e+00 0.000e+00
2.512e-17 0.000e+00 0.000e+00 0.000e+00 0.000e+00 0.000e+00
2.818e-17 0.000e+00 0.000e+00 0.000e+00 0.000e+00 0.000e+00
3.162e-17 0.000e+00 0.000e+00 0.000e+00 0.000e+00 0.000e+00
3.548e-17 0.000e+00 0.000e+00 0.000e+00 0.000e+00 0.000e+00
3.981e-17 0.000e+00 0.000e+00 0.000e+00 0.000e+00 0.000e+00
4.467e-17 0.000e+00 0.000e+00 0.000e+00 0.000e+00 0.000e+00
5.012e-17 0.000e+00 0.000e+00 0.000e+00 0.000e+00 0.000e+00
5.623e-17 0.000e+00 0.000e+00 0.000e+00 0.000e+00 0.000e+00
6.310e-17 0.000e+00 0.000e+00 0.000e+00 0.000e+00 0.000e+00
7.079e-17 0.000e+00 0.000e+00 0.000e+00 0.000e+00 0.000e+00
7.943e-17 0.000e+00 0.000e+00 0.000e+00 0.000e+00 0.000e+00
8.913e-17 0.000e+00 0.000e+00 0.000e+00 0.000e+00 0.000e+00
1.000e-16 0.000e+00 0.000e+00 0.000e+00 0.000e+00 0.000e+00
1.122e-16 0.000e+00 0.000e+00 0.000e+00 0.000e+00 0.000e+00
1.259e-16 0.000e+00 0.000e+00 0.000e+00 0.000e+00 0.000e+00
1.413e-16 0.000e+00 0.000e+00 0.000e+00 0.000e+00 0.000e+00
1.585e-16 0.000e+00 0.000e+00 0.000e+00 0.000e+00 0.000e+00
1.778e-16 0.000e+00 0.000e+00 0.000e+00 0.000e+00 0.000e+00
1.995e-16 0.000e+00 0.000e+00 0.000e+00 0.000e+00 0.000e+00
2.239e-16 0.000e+00 0.000e+00 0.000e+00 0.000e+00 0.000e+00
2.512e-16 0.000e+00 0.000e+00 0.000e+00 0.000e+00 0.000e+00
2.818e-16 0.000e+00 0.000e+00 0.000e+00 0.000e+00 0.000e+00
3.162e-16 0.000e+00 0.000e+00 0.000e+00 0.000e+00 0.000e+00
3.548e-16 0.000e+00 0.000e+00 0.000e+00 0.000e+00 0.000e+00
3.981e-16 0.000e+00 0.000e+00 0.000e+00 0.000e+00 0.000e+00
4.467e-16 0.000e+00 0.000e+00 0.000e+00 0.000e+00 0.000e+00
5.012e-16 0.000e+00 0.000e+00 0.000e+00 0.000e+00 0.000e+00
5.623e-16 0.000e+00 0.000e+00 0.000e+00 0.000e+00 0.000e+00
6.310e-16 0.000e+00 0.000e+00 0.000e+00 0.000e+00 0.000e+00
7.079e-16 0.000e+00 0.000e+00 0.000e+00 0.000e+00 0.000e+00
7.943e-16 0.000e+00 0.000e+00 0.000e+00 0.000e+00 0.000e+00
8.913e-16 0.000e+00 0.000e+00 0.000e+00 0.000e+00 0.000e+00
1.000e-15 0.000e+00 0.000e+00 0.000e+00 0.000e+00 0.000e+00
1.122e-15 0.000e+00 0.000e+00 0.000e+00 0.000e+00 0.000e+00
1.259e-15 0.000e+00 0.000e+00 0.000e+00 0.000e+00 0.000e+00
1.413e-15 0.000e+00 0.000e+00 0.000e+00 0.000e+00 0.000e+00
1.585e-15 0.000e+00 0.000e+00 0.000e+00 0.000e+00 0.000e+00
1.778e-15 0.000e+00 0.000e+00 0.000e+00 0.000e+00 0.000e+00
1.995e-15 0.000e+00 0.000e+00 0.000e+00 0.000e+00 0.000e+00
2.239e-15 0.000e+00 0.000e+00 0.000e+00 0.000e+00 0.000e+00
2.512e-15 0.000e+00 0.000e+00 0.000e+00 0.000e+00 0.000e+00
2.818e-15 0.000e+00 0.000e+00 0.000e+00 0.000e+00 0.000e+00
3.162e-15 0.000e+00 0.000e+00 0.000e+00 0.000e+00 0.000e+00
3.548e-15 0.000e+00 0.000e+00 0.000e+00 0.000e+00 0.000e+00
3.981e-15 0.000e+00 0.000e+00 0.000e+00 0.000e+00 0.000e+00
4.467e-15 0.000e+00 0.000e+00 0.000e+00 0.000e+00 0.000e+00
5.012e-15 0.000e+00 0.000e+00 0.000e+00 0.000e+00 0.000e+00
5.623e-15 0.000e+00 0.000e+00 0.000e+00 0.000e+00 0.000e+00
6.310e-15 0.000e+00 0.000e+00 0.000e+00 0.000e+00 0.000e+00
7.079e-15 0.000e+00 0.000e+00 0.000e+00 0.000e+00 0.000e+00
7.943e-15 0.000e+00 0.000e+00 0.000e+00 0.000e+00 0.000e+00
8.913e-15 0.000e+00 0.000e+00 0.000e+00 0.000e+00 0.000e+00
1.000e-14 0.000e+00 0.000e+00 0.000e+00 0.000e+00 0.000e+00
1.122e-14 0.000e+00 0.000e+00 0.000e+00 0.000e+00 0.000e+00
1.259e-14 0.000e+00 0.000e+00 0.000e+00 0.000e+00 0.000e+00
1.413e-14 0.000e+00 0.000e+00 0.000e+00 0.000e+00 0.000e+00
1.585e-14 0.000e+00 0.000e+00 0.000e+00 0.000e+00 0.000e+00
1.778e-14 0.000e+00 0.000e+00 0.000e+00 0.000e+00 0.000e+00
1.995e-14 0.000e+00 0.000e+00 0.000e+00 0.000e+00 0.000e+00
2.239e-14 0.000e+00 0.000e+00 0.000e+00 0.000e+00 0.000e+00
2.512e-14 0.000e+00 0.000e+00 0.000e+00 0.000e+00 0.000e+00
2.818e-14 0.000e+00 0.000e+00 0.000e+00 0.000e+00 0.000e+00
3.162e-14 0.000e+00 0.000e+00 0.000e+00 0.000e+00 0.000e+00
3.548e-14 0.000e+00 0.000e+00 0.000e+00 0.000e+00 0.000e+00
3.981e-14 0.000e+00 0.000e+00 0.000e+00 0.000e+00 0.000e+00
4.467e-14 0.000e+00 0.000e+00 0.000e+00 0.000e+00 0.000e+00
5.012e-14 0.000e+00 0.000e+00 0.000e+00 0.000e+00 0.000e+00
5.623e-14 0.000e+00 0.000e+00 0.000e+00 0.000e+00 0.000e+00
6.310e-14 0.000e+00 0.000e+00 0.000e+00 0.000e+00 0.000e+00
7.079e-14 0.000e+00 0.000e+00 0.000e+00 0.000e+00 0.000e+00
7.943e-14 0.000e+00 0.000e+00 0.000e+00 0.000e+00 0.000e+00
8.913e-14 0.000e+00 0.000e+00 0.000e+00 0.000e+00 0.000e+00
1.000e-13 0.000e+00 0.000e+00 0.000e+00 0.000e+00 0.000e+00
1.122e-13 0.000e+00 0.000e+00 0.000e+00 0.000e+00 0.000e+00
1.259e-13 0.000e+00 0.000e+00 0.000e+00 0.000e+00 0.000e+00
1.413e-13 0.000e+00 0.000e+00 0.000e+00 0.000e+00 0.000e+00
1.585e-13 0.000e+00 0.000e+00 0.000e+00 0.000e+00 0.000e+00
1.778e-13 0.000e+00 0.000e+00 0.000e+00 0.000e+00 0.000e+00
1.995e-13 0.000e+00 0.000e+00 0.000e+00 0.000e+00 0.000e+00
2.239e-13 0.000e+00 0.000e+00 0.000e+00 0.000e+00 0.000e+00
2.512e-13 0.000e+00 0.000e+00 0.000e+00 0.000e+00 0.000e+00
2.818e-13 0.000e+00 0.000e+00 0.000e+00 0.000e+00 0.000e+00
3.162e-13 0.000e+00 0.000e+00 0.000e+00 0.000e+00 0.000e+00
3.548e-13 0.000e+00 0.000e+00 0.000e+00 0.000e+00 0.000e+00
3.981e-13 0.000e+00 0.000e+00 0.000e+00 0.000e+00 0.000e+00
4.467e-13 0.000e+00 0.000e+00 0.000e+00 0.000e+00 0.000e+00
5.012e-13 0.000e+00 0.000e+00 0.000e+00 0.000e+00 0.000e+00
5.623e-13 0.000e+00 0.000e+00 0.000e+00 0.000e+00 0.000e+00
6.310e-13 0.000e+00 0.000e+00 0.000e+00 0.000e+00 0.000e+00
7.079e-13 0.000e+00 0.000e+00 0.000e+00 0.000e+00 0.000e+00
7.943e-13 0.000e+00 0.000e+00 0.000e+00 0.000e+00 0.000e+00
8.913e-13 0.000e+00 0.000e+00 0.000e+00 0.000e+00 0.000e+00
1.000e-12 0.000e+00 0.000e+00 0.000e+00 0.000e+00 0.000e+00
1.122e-12 inf inf inf inf inf
1.259e-12 inf inf inf inf inf
1.413e-12 inf inf inf inf inf
1.585e-12 inf inf inf inf inf
1.778e-12 inf inf inf inf inf
1.995e-12 inf inf inf inf inf
2.239e-12 inf inf inf inf inf
2.512e-12 inf inf inf inf inf
2.818e-12 inf inf inf inf inf
3.162e-12 inf inf inf inf inf
3.548e-12 inf inf inf inf inf
3.981e-12 inf inf inf inf inf
4.467e-12 inf inf inf inf inf
5.012e-12 inf inf inf inf inf
5.623e-12 inf inf inf inf inf
6.310e-12 inf inf inf inf inf
7.079e-12 inf inf inf inf inf
7.943e-12 inf inf inf inf inf
8.913e-12 inf inf inf inf inf
1.000e-11 inf inf inf inf inf
1.122e-11 inf inf inf inf inf
1.259e-11 inf inf inf inf inf
1.413e-11 1.352e+49 4.323e+27 4.330e-30 5.697e-18 3.579e-17
1.585e-11 1.138e+49 4.579e+27 4.586e-30 6.034e-18 3.791e-17
1.778e-11 9.572e+48 4.850e+27 4.858e-30 6.392e-18 4.016e-17
1.995e-11 8.054e+48 5.137e+27 5.146e-30 6.771e-18 4.254e-17
2.239e-11 6.777e+48 5.442e+27 5.451e-30 7.172e-18 4.506e-17
2.512e-11 5.702e+48 5.764e+27 5.774e-30 7.597e-18 4.773e-17
2.818e-11 4.798e+48 6.106e+27 6.116e-30 8.047e-18 5.056e-17
3.162e-11 4.037e+48 6.467e+27 6.478e-30 8.524e-18 5.356e-17
3.548e-11 3.396e+48 6.851e+27 6.862e-30 9.029e-18 5.673e-17
3.981e-11 2.858e+48 7.257e+27 7.269e-30 9.564e-18 6.009e-17
4.467e-11 2.404e+48 7.687e+27 7.700e-30 1.013e-17 6.365e-17
5.012e-11 2.023e+48 8.142e+27 8.156e-30 1.073e-17 6.742e-17
5.623e-11 1.702e+48 8.624e+27 8.639e-30 1.137e-17 7.142e-17
6.310e-11 1.432e+48 9.136e+27 9.151e-30 1.204e-17 7.565e-17
7.079e-11 1.205e+48 9.677e+27 9.693e-30 1.275e-17 8.013e-17
7.943e-11 1.014e+48 1.025e+28 1.027e-29 1.351e-17 8.488e-17
8.913e-11 8.531e+47 1.086e+28 1.088e-29 1.431e-17 8.991e-17
1.000e-10 7.178e+47 1.150e+28 1.152e-29 1.516e-17 9.524e-17
1.122e-10 6.040e+47 1.218e+28 1.220e-29 1.606e-17 1.009e-16
1.259e-10 5.082e+47 1.290e+28 1.293e-29 1.701e-17 1.069e-16
1.413e-10 4.276e+47 1.367e+28 1.369e-29 1.801e-17 1.132e-16
1.585e-10 3.598e+47 1.448e+28 1.450e-29 1.908e-17 1.199e-16
1.778e-10 3.027e+47 1.534e+28 1.536e-29 2.021e-17 1.270e-16
1.995e-10 2.547e+47 1.625e+28 1.627e-29 2.141e-17 1.345e-16
2.239e-10 2.143e+47 1.721e+28 1.724e-29 2.268e-17 1.425e-16
2.512e-10 1.803e+47 1.823e+28 1.826e-29 2.402e-17 1.509e-16
2.818e-10 1.517e+47 1.931e+28 1.934e-29 2.545e-17 1.599e-16
3.162e-10 1.276e+47 2.045e+28 2.049e-29 2.695e-17 1.694e-16
3.548e-10 1.074e+47 2.166e+28 2.170e-29 2.855e-17 1.794e-16
3.981e-10 9.037e+46 2.295e+28 2.299e-29 3.024e-17 1.900e-16
4.467e-10 7.604e+46 2.431e+28 2.435e-29 3.203e-17 2.013e-16
5.012e-10 6.398e+46 2.575e+28 2.579e-29 3.393e-17 2.132e-16
5.623e-10 5.383e+46 2.727e+28 2.732e-29 3.594e-17 2.258e-16
6.310e-10 4.529e+46 2.889e+28 2.894e-29 3.807e-17 2.392e-16
7.079e-10 3.811e+46 3.060e+28 3.065e-29 4.033e-17 2.534e-16
7.943e-10 3.206e+46 3.241e+28 3.247e-29 4.272e-17 2.684e-16
8.913e-10 2.698e+46 3.433e+28 3.439e-29 4.525e-17 2.843e-16
1.000e-09 2.270e+46 3.637e+28 3.643e-29 4.793e-17 3.012e-16
1.122e-09 1.910e+46 3.852e+28 3.859e-29 5.077e-17 3.190e-16
1.259e-09 1.607e+46 4.081e+28 4.088e-29 5.378e-17 3.379e-16
1.413e-09 1.352e+46 4.322e+28 4.330e-29 5.697e-17 3.579e-16
1.585e-09 1.138e+46 4.578e+28 4.586e-29 6.034e-17 3.791e-16
1.778e-09 9.572e+45 4.850e+28 4.858e-29 6.392e-17 4.016e-16
1.995e-09 8.054e+45 5.137e+28 5.146e-29 6.770e-17 4.254e-16
2.239e-09 6.777e+45 5.442e+28 5.451e-29 7.171e-17 4.506e-16
2.512e-09 5.702e+45 5.764e+28 5.774e-29 7.596e-17 4.773e-16
2.818e-09 4.797e+45 6.105e+28 6.116e-29 8.046e-17 5.056e-16
3.162e-09 4.037e+45 6.467e+28 6.478e-29 8.523e-17 5.355e-16
3.548e-09 3.396e+45 6.850e+28 6.862e-29 9.028e-17 5.673e-16
3.981e-09 2.858e+45 7.256e+28 7.269e-29 9.563e-17 6.009e-16
4.467e-09 2.404e+45 7.686e+28 7.699e-29 1.013e-16 6.365e-16
5.012e-09 2.023e+45 8.142e+28 8.155e-29 1.073e-16 6.742e-16
5.623e-09 1.702e+45 8.624e+28 8.639e-29 1.137e-16 7.141e-16
6.310e-09 1.432e+45 9.135e+28 9.150e-29 1.204e-16 7.564e-16
7.079e-09 1.205e+45 9.676e+28 9.693e-29 1.275e-16 8.013e-16
7.943e-09 1.014e+45 1.025e+29 1.027e-28 1.351e-16 8.487e-16
8.913e-09 8.531e+44 1.086e+29 1.088e-28 1.431e-16 8.990e-16
1.000e-08 7.178e+44 1.150e+29 1.152e-28 1.516e-16 9.523e-16
1.122e-08 6.039e+44 1.218e+29 1.220e-28 1.605e-16 1.009e-15
1.259e-08 5.081e+44 1.290e+29 1.293e-28 1.701e-16 1.068e-15
1.413e-08 4.275e+44 1.367e+29 1.369e-28 1.801e-16 1.132e-15
1.585e-08 3.597e+44 1.448e+29 1.450e-28 1.908e-16 1.199e-15
1.778e-08 3.027e+44 1.534e+29 1.536e-28 2.021e-16 1.270e-15
1.995e-08 2.547e+44 1.624e+29 1.627e-28 2.141e-16 1.345e-15
2.239e-08 2.143e+44 1.721e+29 1.724e-28 2.268e-16 1.425e-15
2.512e-08 1.803e+44 1.823e+29 1.826e-28 2.402e-16 1.509e-15
2.818e-08 1.517e+44 1.931e+29 1.934e-28 2.544e-16 1.599e-15
3.162e-08 1.276e+44 2.045e+29 2.048e-28 2.695e-16 1.693e-15
3.548e-08 1.074e+44 2.166e+29 2.170e-28 2.855e-16 1.794e-15
3.981e-08 9.036e+43 2.294e+29 2.298e-28 3.024e-16 1.900e-15
4.467e-08 7.602e+43 2.430e+29 2.434e-28 3.203e-16 2.012e-15
5.012e-08 6.397e+43 2.574e+29 2.579e-28 3.393e-16 2.132e-15
5.623e-08 5.382e+43 2.727e+29 2.731e-28 3.594e-16 2.258e-15
6.310e-08 4.528e+43 2.888e+29 2.893e-28 3.807e-16 2.392e-15
7.079e-08 3.810e+43 3.059e+29 3.065e-28 4.032e-16 2.533e-15
7.943e-08 3.206e+43 3.241e+29 3.246e-28 4.271e-16 2.683e-15
8.913e-08 2.697e+43 3.433e+29 3.438e-28 4.524e-16 2.842e-15
1.000e-07 2.269e+43 3.636e+29 3.642e-28 4.792e-16 3.011e-15
1.122e-07 1.909e+43 3.851e+29 3.858e-28 5.076e-16 3.189e-15
1.259e-07 1.607e+43 4.080e+29 4.086e-28 5.376e-16 3.378e-15
1.413e-07 1.352e+43 4.321e+29 4.328e-28 5.695e-16 3.578e-15
1.585e-07 1.137e+43 4.577e+29 4.585e-28 6.032e-16 3.790e-15
1.778e-07 9.569e+42 4.848e+29 4.856e-28 6.390e-16 4.015e-15
1.995e-07 8.051e+42 5.135e+29 5.144e-28 6.768e-16 4.252e-15
2.239e-07 6.774e+42 5.440e+29 5.449e-28 7.169e-16 4.504e-15
2.512e-07 5.700e+42 5.762e+29 5.772e-28 7.594e-16 4.771e-15
2.818e-07 4.796e+42 6.103e+29 6.113e-28 8.043e-16 5.054e-15
3.162e-07 4.035e+42 6.464e+29 6.475e-28 8.520e-16 5.353e-15
3.548e-07 3.395e+42 6.847e+29 6.859e-28 9.024e-16 5.670e-15
3.981e-07 2.856e+42 7.253e+29 7.265e-28 9.559e-16 6.006e-15
4.467e-07 2.403e+42 7.682e+29 7.695e-28 1.012e-15 6.362e-15
5.012e-07 2.022e+42 8.137e+29 8.151e-28 1.072e-15 6.738e-15
5.623e-07 1.701e+42 8.619e+29 8.634e-28 1.136e-15 7.137e-15
6.310e-07 1.431e+42 9.130e+29 9.145e-28 1.203e-15 7.560e-15
7.079e-07 1.204e+42 9.670e+29 9.687e-28 1.274e-15 8.008e-15
7.943e-07 1.013e+42 1.024e+30 1.026e-27 1.350e-15 8.482e-15
8.913e-07 8.525e+41 1.085e+30 1.087e-27 1.430e-15 8.984e-15
1.000e-06 7.172e+41 1.149e+30 1.151e-27 1.514e-15 9.516e-15
1.122e-06 6.035e+41 1.217e+30 1.219e-27 1.604e-15 1.008e-14
1.259e-06 5.077e+41 1.289e+30 1.291e-27 1.699e-15 1.068e-14
1.413e-06 4.272e+41 1.366e+30 1.368e-27 1.800e-15 1.131e-14
1.585e-06 3.594e+41 1.446e+30 1.449e-27 1.906e-15 1.198e-14
1.778e-06 3.024e+41 1.532e+30 1.535e-27 2.019e-15 1.269e-14
1.995e-06 2.544e+41 1.623e+30 1.625e-27 2.139e-15 1.344e-14
2.239e-06 2.140e+41 1.719e+30 1.722e-27 2.265e-15 1.423e-14
2.512e-06 1.801e+41 1.820e+30 1.823e-27 2.399e-15 1.507e-14
2.818e-06 1.515e+41 1.928e+30 1.931e-27 2.541e-15 1.597e-14
3.162e-06 1.275e+41 2.042e+30 2.046e-27 2.691e-15 1.691e-14
3.548e-06 1.072e+41 2.163e+30 2.167e-27 2.851e-15 1.791e-14
3.981e-06 9.022e+40 2.291e+30 2.295e-27 3.019e-15 1.897e-14
4.467e-06 7.590e+40 2.426e+30 2.431e-27 3.198e-15 2.009e-14
5.012e-06 6.386e+40 2.570e+30 2.574e-27 3.387e-15 2.128e-14
5.623e-06 5.372e+40 2.722e+30 2.727e-27 3.587e-15 2.254e-14
6.310e-06 4.520e+40 2.883e+30 2.888e-27 3.799e-15 2.387e-14
7.079e-06 3.802e+40 3.053e+30 3.059e-27 4.024e-15 2.528e-14
7.943e-06 3.199e+40 3.234e+30 3.239e-27 4.262e-15 2.678e-14
8.913e-06 2.691e+40 3.425e+30 3.431e-27 4.514e-15 2.836e-14
1.000e-05 2.264e+40 3.627e+30 3.634e-27 4.781e-15 3.004e-14
1.122e-05 1.905e+40 3.842e+30 3.848e-27 5.063e-15 3.181e-14
1.259e-05 1.602e+40 4.069e+30 4.076e-27 5.362e-15 3.369e-14
1.413e-05 1.348e+40 4.309e+30 4.316e-27 5.679e-15 3.568e-14
1.585e-05 1.134e+40 4.564e+30 4.571e-27 6.014e-15 3.779e-14
1.778e-05 9.539e+39 4.833e+30 4.841e-27 6.369e-15 4.002e-14
1.995e-05 8.024e+39 5.118e+30 5.127e-27 6.745e-15 4.238e-14
2.239e-05 6.750e+39 5.420e+30 5.430e-27 7.144e-15 4.488e-14
2.512e-05 5.678e+39 5.740e+30 5.750e-27 7.565e-15 4.753e-14
2.818e-05 4.776e+39 6.079e+30 6.089e-27 8.011e-15 5.034e-14
3.162e-05 4.018e+39 6.437e+30 6.448e-27 8.484e-15 5.331e-14
3.548e-05 3.380e+39 6.817e+30 6.828e-27 8.984e-15 5.645e-14
3.981e-05 2.843e+39 7.219e+30 7.231e-27 9.514e-15 5.978e-14
4.467e-05 2.391e+39 7.644e+30 7.657e-27 1.007e-14 6.330e-14
5.012e-05 2.011e+39 8.094e+30 8.108e-27 1.067e-14 6.703e-14
5.623e-05 1.692e+39 8.571e+30 8.585e-27 1.130e-14 7.097e-14
6.310e-05 1.423e+39 9.075e+30 9.091e-27 1.196e-14 7.515e-14
7.079e-05 1.197e+39 9.609e+30 9.626e-27 1.266e-14 7.957e-14
7.943e-05 1.006e+39 1.017e+31 1.019e-26 1.341e-14 8.425e-14
8.913e-05 8.465e+38 1.077e+31 1.079e-26 1.420e-14 8.921e-14
1.000e-04 7.119e+38 1.141e+31 1.143e-26 1.503e-14 9.445e-14
1.122e-04 5.987e+38 1.208e+31 1.210e-26 1.591e-14 1.000e-13
1.259e-04 5.035e+38 1.278e+31 1.281e-26 1.685e-14 1.059e-13
1.413e-04 4.234e+38 1.353e+31 1.356e-26 1.784e-14 1.121e-13
1.585e-04 3.560e+38 1.433e+31 1.435e-26 1.888e-14 1.186e-13
1.778e-04 2.994e+38 1.517e+31 1.519e-26 1.999e-14 1.256e-13
1.995e-04 2.517e+38 1.606e+31 1.608e-26 2.116e-14 1.330e-13
2.239e-04 2.117e+38 1.700e+31 1.702e-26 2.240e-14 1.407e-13
2.512e-04 1.780e+38 1.799e+31 1.802e-26 2.371e-14 1.490e-13
2.818e-04 1.496e+38 1.904e+31 1.907e-26 2.509e-14 1.577e-13
3.162e-04 1.258e+38 2.015e+31 2.019e-26 2.656e-14 1.669e-13
3.548e-04 1.057e+38 2.133e+31 2.136e-26 2.811e-14 1.766e-13
3.981e-04 8.889e+37 2.257e+31 2.261e-26 2.975e-14 1.869e-13
4.467e-04 7.472e+37 2.389e+31 2.393e-26 3.148e-14 1.978e-13
5.012e-04 6.280e+37 2.527e+31 2.532e-26 3.331e-14 2.093e-13
5.623e-04 5.278e+37 2.674e+31 2.679e-26 3.524e-14 2.214e-13
6.310e-04 4.436e+37 2.829e+31 2.834e-26 3.729e-14 2.343e-13
7.079e-04 3.728e+37 2.993e+31 2.999e-26 3.945e-14 2.479e-13
7.943e-04 3.133e+37 3.167e+31 3.172e-26 4.173e-14 2.622e-13
8.913e-04 2.632e+37 3.350e+31 3.355e-26 4.415e-14 2.774e-13
1.000e-03 2.211e+37 3.543e+31 3.549e-26 4.669e-14 2.934e-13
1.122e-03 1.858e+37 3.747e+31 3.754e-26 4.938e-14 3.103e-13
1.259e-03 1.561e+37 3.963e+31 3.970e-26 5.223e-14 3.281e-13
1.413e-03 1.311e+37 4.190e+31 4.197e-26 5.523e-14 3.470e-13
1.585e-03 1.101e+37 4.431e+31 4.438e-26 5.839e-14 3.669e-13
1.778e-03 9.245e+36 4.684e+31 4.692e-26 6.173e-14 3.879e-13
1.995e-03 7.763e+36 4.951e+31 4.960e-26 6.526e-14 4.100e-13
2.239e-03 6.518e+36 5.234e+31 5.242e-26 6.897e-14 4.334e-13
2.512e-03 5.471e+36 5.531e+31 5.540e-26 7.289e-14 4.580e-13
2.818e-03 4.592e+36 5.844e+31 5.854e-26 7.703e-14 4.840e-13
3.162e-03 3.854e+36 6.175e+31 6.185e-26 8.138e-14 5.113e-13
3.548e-03 3.234e+36 6.523e+31 6.534e-26 8.597e-14 5.402e-13
3.981e-03 2.713e+36 6.890e+31 6.902e-26 9.080e-14 5.705e-13
4.467e-03 2.276e+36 7.276e+31 7.288e-26 9.589e-14 6.025e-13
5.012e-03 1.909e+36 7.682e+31 7.696e-26 1.012e-13 6.362e-13
5.623e-03 1.601e+36 8.110e+31 8.124e-26 1.069e-13 6.716e-13
6.310e-03 1.342e+36 8.560e+31 8.574e-26 1.128e-13 7.088e-13
7.079e-03 1.125e+36 9.033e+31 9.048e-26 1.190e-13 7.480e-13
7.943e-03 9.427e+35 9.530e+31 9.546e-26 1.256e-13 7.891e-13
8.913e-03 7.898e+35 1.005e+32 1.007e-25 1.325e-13 8.324e-13
1.000e-02 6.616e+35 1.060e+32 1.062e-25 1.397e-13 8.777e-13
1.122e-02 5.540e+35 1.117e+32 1.119e-25 1.473e-13 9.254e-13
1.259e-02 4.638e+35 1.178e+32 1.180e-25 1.552e-13 9.753e-13
1.413e-02 3.882e+35 1.241e+32 1.243e-25 1.636e-13 1.028e-12
1.585e-02 3.248e+35 1.307e+32 1.309e-25 1.723e-13 1.082e-12
1.778e-02 2.717e+35 1.377e+32 1.379e-25 1.814e-13 1.140e-12
1.995e-02 2.272e+35 1.449e+32 1.451e-25 1.910e-13 1.200e-12
2.239e-02 1.899e+35 1.525e+32 1.527e-25 2.010e-13 1.263e-12
2.512e-02 1.587e+35 1.604e+32 1.607e-25 2.114e-13 1.328e-12
2.818e-02 1.325e+35 1.687e+32 1.689e-25 2.223e-13 1.397e-12
3.162e-02 1.106e+35 1.773e+32 1.776e-25 2.336e-13 1.468e-12
3.548e-02 9.234e+34 1.863e+32 1.866e-25 2.455e-13 1.542e-12
3.981e-02 7.703e+34 1.956e+32 1.959e-25 2.578e-13 1.620e-12
4.467e-02 6.423e+34 2.053e+32 2.057e-25 2.706e-13 1.700e-12
5.012e-02 5.353e+34 2.154e+32 2.158e-25 2.839e-13 1.784e-12
5.623e-02 4.458e+34 2.259e+32 2.263e-25 2.977e-13 1.870e-12
6.310e-02 3.712e+34 2.367e+32 2.371e-25 3.120e-13 1.960e-12
7.079e-02 3.088e+34 2.480e+32 2.484e-25 3.268e-13 2.053e-12
7.943e-02 2.568e+34 2.596e+32 2.600e-25 3.421e-13 2.150e-12
8.913e-02 2.134e+34 2.716e+32 2.720e-25 3.579e-13 2.249e-12
1.000e-01 1.772e+34 2.839e+32 2.844e-25 3.742e-13 2.351e-12
1.122e-01 1.471e+34 2.966e+32 2.971e-25 3.909e-13 2.456e-12
1.259e-01 1.220e+34 3.097e+32 3.102e-25 4.082e-13 2.565e-12
1.413e-01 1.011e+34 3.231e+32 3.237e-25 4.258e-13 2.676e-12
1.585e-01 8.370e+33 3.368e+32 3.374e-25 4.439e-13 2.789e-12
1.778e-01 6.925e+33 3.509e+32 3.515e-25 4.624e-13 2.905e-12
1.995e-01 5.725e+33 3.652e+32 3.658e-25 4.812e-13 3.024e-12
2.239e-01 4.729e+33 3.797e+32 3.804e-25 5.004e-13 3.144e-12
2.512e-01 3.902e+33 3.945e+32 3.952e-25 5.199e-13 3.267e-12
2.818e-01 3.217e+33 4.095e+32 4.101e-25 5.396e-13 3.391e-12
3.162e-01 2.650e+33 4.246e+32 4.253e-25 5.595e-13 3.516e-12
3.548e-01 2.180e+33 4.398e+32 4.405e-25 5.796e-13 3.642e-12
3.981e-01 1.792e+33 4.551e+32 4.559e-25 5.998e-13 3.768e-12
4.467e-01 1.471e+33 4.704e+32 4.712e-25 6.200e-13 3.895e-12
5.012e-01 1.207e+33 4.857e+32 4.865e-25 6.401e-13 4.022e-12
5.623e-01 9.886e+32 5.009e+32 5.017e-25 6.601e-13 4.147e-12
6.310e-01 8.088e+32 5.159e+32 5.168e-25 6.799e-13 4.272e-12
7.079e-01 6.609e+32 5.307e+32 5.316e-25 6.994e-13 4.395e-12
7.943e-01 5.393e+32 5.452e+32 5.461e-25 7.186e-13 4.515e-12
8.913e-01 4.395e+32 5.594e+32 5.603e-25 7.372e-13 4.632e-12
1.000e+00 3.577e+32 5.731e+32 5.741e-25 7.553e-13 4.746e-12
1.122e+00 2.907e+32 5.863e+32 5.873e-25 7.727e-13 4.855e-12
1.259e+00 2.358e+32 5.989e+32 5.999e-25 7.893e-13 4.959e-12
1.413e+00 1.911e+32 6.108e+32 6.118e-25 8.049e-13 5.058e-12
1.585e+00 1.545e+32 6.219e+32 6.229e-25 8.196e-13 5.150e-12
1.778e+00 1.248e+32 6.321e+32 6.332e-25 8.330e-13 5.234e-12
1.995e+00 1.005e+32 6.413e+32 6.424e-25 8.452e-13 5.311e-12
2.239e+00 8.088e+31 6.495e+32 6.506e-25 8.559e-13 5.378e-12
2.512e+00 6.493e+31 6.564e+32 6.575e-25 8.651e-13 5.435e-12
2.818e+00 5.202e+31 6.620e+32 6.632e-25 8.725e-13 5.482e-12
3.162e+00 4.158e+31 6.662e+32 6.674e-25 8.780e-13 5.517e-12
3.548e+00 3.316e+31 6.689e+32 6.700e-25 8.815e-13 5.539e-12
3.981e+00 2.638e+31 6.699e+32 6.710e-25 8.828e-13 5.547e-12
4.467e+00 2.093e+31 6.691e+32 6.702e-25 8.818e-13 5.541e-12
5.012e+00 1.656e+31 6.665e+32 6.676e-25 8.784e-13 5.519e-12
5.623e+00 1.307e+31 6.620e+32 6.631e-25 8.725e-13 5.482e-12
6.310e+00 1.028e+31 6.555e+32 6.566e-25 8.639e-13 5.428e-12
7.079e+00 8.054e+30 6.468e+32 6.479e-25 8.524e-13 5.356e-12
7.943e+00 6.288e+30 6.357e+32 6.368e-25 8.378e-13 5.264e-12
8.913e+00 4.888e+30 6.220e+32 6.231e-25 8.198e-13 5.151e-12
1.000e+01 3.780e+30 6.056e+32 6.067e-25 7.982e-13 5.015e-12
1.122e+01 2.908e+30 5.865e+32 5.875e-25 7.730e-13 4.857e-12
1.259e+01 2.224e+30 5.648e+32 5.658e-25 7.444e-13 4.677e-12
1.413e+01 1.692e+30 5.408e+32 5.417e-25 7.127e-13 4.478e-12
1.585e+01 1.279e+30 5.148e+32 5.156e-25 6.784e-13 4.263e-12
1.778e+01 9.614e+29 4.871e+32 4.879e-25 6.420e-13 4.034e-12
1.995e+01 7.183e+29 4.581e+32 4.589e-25 6.038e-13 3.794e-12
2.239e+01 5.331e+29 4.281e+32 4.288e-25 5.641e-13 3.545e-12
2.512e+01 3.927e+29 3.969e+32 3.976e-25 5.231e-13 3.287e-12
2.818e+01 2.867e+29 3.648e+32 3.654e-25 4.808e-13 3.021e-12
3.162e+01 2.071e+29 3.318e+32 3.323e-25 4.372e-13 2.747e-12
3.548e+01 1.477e+29 2.978e+32 2.983e-25 3.925e-13 2.466e-12
3.981e+01 1.037e+29 2.633e+32 2.638e-25 3.471e-13 2.181e-12
4.467e+01 7.153e+28 2.287e+32 2.291e-25 3.014e-13 1.894e-12
5.012e+01 4.833e+28 1.945e+32 1.948e-25 2.563e-13 1.610e-12
5.623e+01 3.189e+28 1.616e+32 1.618e-25 2.129e-13 1.338e-12
6.310e+01 2.051e+28 1.308e+32 1.310e-25 1.724e-13 1.083e-12
7.079e+01 1.285e+28 1.032e+32 1.033e-25 1.360e-13 8.543e-13
7.943e+01 7.850e+27 7.935e+31 7.949e-26 1.046e-13 6.571e-13
8.913e+01 4.704e+27 5.987e+31 5.997e-26 7.891e-14 4.958e-13
1.000e+02 2.792e+27 4.473e+31 4.481e-26 5.895e-14 3.704e-13
1.122e+02 1.587e+27 3.201e+31 3.206e-26 4.218e-14 2.650e-13
1.259e+02 8.805e+26 2.236e+31 2.240e-26 2.947e-14 1.851e-13
1.413e+02 4.760e+26 1.522e+31 1.524e-26 2.005e-14 1.260e-13
1.585e+02 2.502e+26 1.007e+31 1.009e-26 1.327e-14 8.338e-14
1.778e+02 1.276e+26 6.463e+30 6.474e-27 8.517e-15 5.352e-14
1.995e+02 6.292e+25 4.013e+30 4.020e-27 5.289e-15 3.323e-14
2.239e+02 2.994e+25 2.404e+30 2.408e-27 3.169e-15 1.991e-14
2.512e+02 1.370e+25 1.385e+30 1.387e-27 1.825e-15 1.147e-14
2.818e+02 6.006e+24 7.644e+29 7.657e-28 1.007e-15 6.329e-15
3.162e+02 2.512e+24 4.025e+29 4.032e-28 5.304e-16 3.333e-15
3.548e+02 9.978e+23 2.013e+29 2.016e-28 2.652e-16 1.667e-15
3.981e+02 3.744e+23 9.507e+28 9.523e-29 1.253e-16 7.872e-16
4.467e+02 1.319e+23 4.216e+28 4.223e-29 5.556e-17 3.491e-16
5.012e+02 4.328e+22 1.742e+28 1.745e-29 2.295e-17 1.442e-16
5.623e+02 1.310e+22 6.636e+27 6.647e-30 8.746e-18 5.495e-17
6.310e+02 3.596e+21 2.294e+27 2.298e-30 3.023e-18 1.899e-17
7.079e+02 8.639e+20 6.937e+26 6.949e-31 9.143e-19 5.745e-18
7.943e+02 1.623e+20 1.641e+26 1.644e-31 2.163e-19 1.359e-18
8.913e+02 1.234e+19 1.570e+25 1.573e-32 2.070e-20 1.300e-19
1.000e+03 0.000e+00 0.000e+00 0.000e+00 0.000e+00 0.000e+00
1.122e+03 0.000e+00 0.000e+00 0.000e+00 0.000e+00 0.000e+00
1.259e+03 0.000e+00 0.000e+00 0.000e+00 0.000e+00 0.000e+00
1.413e+03 0.000e+00 0.000e+00 0.000e+00 0.000e+00 0.000e+00
1.585e+03 0.000e+00 0.000e+00 0.000e+00 0.000e+00 0.000e+00
1.778e+03 0.000e+00 0.000e+00 0.000e+00 0.000e+00 0.000e+00
1.995e+03 0.000e+00 0.000e+00 0.000e+00 0.000e+00 0.000e+00
2.239e+03 0.000e+00 0.000e+00 0.000e+00 0.000e+00 0.000e+00
2.512e+03 0.000e+00 0.000e+00 0.000e+00 0.000e+00 0.000e+00
2.818e+03 0.000e+00 0.000e+00 0.000e+00 0.000e+00 0.000e+00
3.162e+03 0.000e+00 0.000e+00 0.000e+00 0.000e+00 0.000e+00
3.548e+03 0.000e+00 0.000e+00 0.000e+00 0.000e+00 0.000e+00
3.981e+03 0.000e+00 0.000e+00 0.000e+00 0.000e+00 0.000e+00
4.467e+03 0.000e+00 0.000e+00 0.000e+00 0.000e+00 0.000e+00
5.012e+03 0.000e+00 0.000e+00 0.000e+00 0.000e+00 0.000e+00
5.623e+03 0.000e+00 0.000e+00 0.000e+00 0.000e+00 0.000e+00
6.310e+03 0.000e+00 0.000e+00 0.000e+00 0.000e+00 0.000e+00
7.079e+03 0.000e+00 0.000e+00 0.000e+00 0.000e+00 0.000e+00
7.943e+03 0.000e+00 0.000e+00 0.000e+00 0.000e+00 0.000e+00
8.913e+03 0.000e+00 0.000e+00 0.000e+00 0.000e+00 0.000e+00
1.000e+04 0.000e+00 0.000e+00 0.000e+00 0.000e+00 0.000e+00
1.122e+04 0.000e+00 0.000e+00 0.000e+00 0.000e+00 0.000e+00
1.259e+04 0.000e+00 0.000e+00 0.000e+00 0.000e+00 0.000e+00
1.413e+04 0.000e+00 0.000e+00 0.000e+00 0.000e+00 0.000e+00
1.585e+04 0.000e+00 0.000e+00 0.000e+00 0.000e+00 0.000e+00
1.778e+04 0.000e+00 0.000e+00 0.000e+00 0.000e+00 0.000e+00
1.995e+04 0.000e+00 0.000e+00 0.000e+00 0.000e+00 0.000e+00
2.239e+04 0.000e+00 0.000e+00 0.000e+00 0.000e+00 0.000e+00
2.512e+04 0.000e+00 0.000e+00 0.000e+00 0.000e+00 0.000e+00
2.818e+04 0.000e+00 0.000e+00 0.000e+00 0.000e+00 0.000e+00
3.162e+04 0.000e+00 0.000e+00 0.000e+00 0.000e+00 0.000e+00
3.548e+04 0.000e+00 0.000e+00 0.000e+00 0.000e+00 0.000e+00
3.981e+04 0.000e+00 0.000e+00 0.000e+00 0.000e+00 0.000e+00
4.467e+04 0.000e+00 0.000e+00 0.000e+00 0.000e+00 0.000e+00
5.012e+04 0.000e+00 0.000e+00 0.000e+00 0.000e+00 0.000e+00
5.623e+04 0.000e+00 0.000e+00 0.000e+00 0.000e+00 0.000e+00
6.310e+04 0.000e+00 0.000e+00 0.000e+00 0.000e+00 0.000e+00
7.079e+04 0.000e+00 0.000e+00 0.000e+00 0.000e+00 0.000e+00
7.943e+04 0.000e+00 0.000e+00 0.000e+00 0.000e+00 0.000e+00
8.913e+04 0.000e+00 0.000e+00 0.000e+00 0.000e+00 0.000e+00
1.000e+05 0.000e+00 0.000e+00 0.000e+00 0.000e+00 0.000e+00
1.122e+05 0.000e+00 0.000e+00 0.000e+00 0.000e+00 0.000e+00
1.259e+05 0.000e+00 0.000e+00 0.000e+00 0.000e+00 0.000e+00
1.413e+05 0.000e+00 0.000e+00 0.000e+00 0.000e+00 0.000e+00
1.585e+05 0.000e+00 0.000e+00 0.000e+00 0.000e+00 0.000e+00
1.778e+05 0.000e+00 0.000e+00 0.000e+00 0.000e+00 0.000e+00
1.995e+05 0.000e+00 0.000e+00 0.000e+00 0.000e+00 0.000e+00
2.239e+05 0.000e+00 0.000e+00 0.000e+00 0.000e+00 0.000e+00
2.512e+05 0.000e+00 0.000e+00 0.000e+00 0.000e+00 0.000e+00
2.818e+05 0.000e+00 0.000e+00 0.000e+00 0.000e+00 0.000e+00
3.162e+05 0.000e+00 0.000e+00 0.000e+00 0.000e+00 0.000e+00
3.548e+05 0.000e+00 0.000e+00 0.000e+00 0.000e+00 0.000e+00
3.981e+05 0.000e+00 0.000e+00 0.000e+00 0.000e+00 0.000e+00
4.467e+05 0.000e+00 0.000e+00 0.000e+00 0.000e+00 0.000e+00
5.012e+05 0.000e+00 0.000e+00 0.000e+00 0.000e+00 0.000e+00
5.623e+05 0.000e+00 0.000e+00 0.000e+00 0.000e+00 0.000e+00
6.310e+05 0.000e+00 0.000e+00 0.000e+00 0.000e+00 0.000e+00
7.079e+05 0.000e+00 0.000e+00 0.000e+00 0.000e+00 0.000e+00
7.943e+05 0.000e+00 0.000e+00 0.000e+00 0.000e+00 0.000e+00
8.913e+05 0.000e+00 0.000e+00 0.000e+00 0.000e+00 0.000e+00
1.000e+06 0.000e+00 0.000e+00 0.000e+00 0.000e+00 0.000e+00
1.122e+06 0.000e+00 0.000e+00 0.000e+00 0.000e+00 0.000e+00
1.259e+06 0.000e+00 0.000e+00 0.000e+00 0.000e+00 0.000e+00
1.413e+06 0.000e+00 0.000e+00 0.000e+00 0.000e+00 0.000e+00
1.585e+06 0.000e+00 0.000e+00 0.000e+00 0.000e+00 0.000e+00
1.778e+06 0.000e+00 0.000e+00 0.000e+00 0.000e+00 0.000e+00
1.995e+06 0.000e+00 0.000e+00 0.000e+00 0.000e+00 0.000e+00
2.239e+06 0.000e+00 0.000e+00 0.000e+00 0.000e+00 0.000e+00
2.512e+06 0.000e+00 0.000e+00 0.000e+00 0.000e+00 0.000e+00
2.818e+06 0.000e+00 0.000e+00 0.000e+00 0.000e+00 0.000e+00
3.162e+06 0.000e+00 0.000e+00 0.000e+00 0.000e+00 0.000e+00
3.548e+06 0.000e+00 0.000e+00 0.000e+00 0.000e+00 0.000e+00
3.981e+06 0.000e+00 0.000e+00 0.000e+00 0.000e+00 0.000e+00
4.467e+06 0.000e+00 0.000e+00 0.000e+00 0.000e+00 0.000e+00
5.012e+06 0.000e+00 0.000e+00 0.000e+00 0.000e+00 0.000e+00
5.623e+06 0.000e+00 0.000e+00 0.000e+00 0.000e+00 0.000e+00
6.310e+06 0.000e+00 0.000e+00 0.000e+00 0.000e+00 0.000e+00
7.079e+06 0.000e+00 0.000e+00 0.000e+00 0.000e+00 0.000e+00
7.943e+06 0.000e+00 0.000e+00 0.000e+00 0.000e+00 0.000e+00
8.913e+06 0.000e+00 0.000e+00 0.000e+00 0.000e+00 0.000e+00
1.000e+07 0.000e+00 0.000e+00 0.000e+00 0.000e+00 0.000e+00
1.122e+07 0.000e+00 0.000e+00 0.000e+00 0.000e+00 0.000e+00
1.259e+07 0.000e+00 0.000e+00 0.000e+00 0.000e+00 0.000e+00
1.413e+07 0.000e+00 0.000e+00 0.000e+00 0.000e+00 0.000e+00
1.585e+07 0.000e+00 0.000e+00 0.000e+00 0.000e+00 0.000e+00
1.778e+07 0.000e+00 0.000e+00 0.000e+00 0.000e+00 0.000e+00
1.995e+07 0.000e+00 0.000e+00 0.000e+00 0.000e+00 0.000e+00
2.239e+07 0.000e+00 0.000e+00 0.000e+00 0.000e+00 0.000e+00
2.512e+07 0.000e+00 0.000e+00 0.000e+00 0.000e+00 0.000e+00
2.818e+07 0.000e+00 0.000e+00 0.000e+00 0.000e+00 0.000e+00
3.162e+07 0.000e+00 0.000e+00 0.000e+00 0.000e+00 0.000e+00
3.548e+07 0.000e+00 0.000e+00 0.000e+00 0.000e+00 0.000e+00
3.981e+07 0.000e+00 0.000e+00 0.000e+00 0.000e+00 0.000e+00
4.467e+07 0.000e+00 0.000e+00 0.000e+00 0.000e+00 0.000e+00
5.012e+07 0.000e+00 0.000e+00 0.000e+00 0.000e+00 0.000e+00
5.623e+07 0.000e+00 0.000e+00 0.000e+00 0.000e+00 0.000e+00
6.310e+07 0.000e+00 0.000e+00 0.000e+00 0.000e+00 0.000e+00
7.079e+07 0.000e+00 0.000e+00 0.000e+00 0.000e+00 0.000e+00
7.943e+07 0.000e+00 0.000e+00 0.000e+00 0.000e+00 0.000e+00
8.913e+07 0.000e+00 0.000e+00 0.000e+00 0.000e+00 0.000e+00
1.000e+08 0.000e+00 0.000e+00 0.000e+00 0.000e+00 0.000e+00
