6.110e-07 3.746e+59 1.399e+47
6.856e-07 2.976e+59 1.399e+47
7.692e-07 2.364e+59 1.399e+47
8.631e-07 1.878e+59 1.399e+47
9.684e-07 1.491e+59 1.399e+47
1.087e-06 1.185e+59 1.399e+47
1.219e-06 9.411e+58 1.399e+47
1.368e-06 7.475e+58 1.399e+47
1.535e-06 5.938e+58 1.399e+47
1.722e-06 4.716e+58 1.399e+47
1.932e-06 3.746e+58 1.399e+47
2.168e-06 2.976e+58 1.399e+47
2.432e-06 2.364e+58 1.399e+47
2.729e-06 1.878e+58 1.399e+47
3.062e-06 1.491e+58 1.399e+47
3.436e-06 1.185e+58 1.399e+47
3.855e-06 9.411e+57 1.399e+47
4.326e-06 7.475e+57 1.399e+47
4.853e-06 5.938e+57 1.399e+47
5.446e-06 4.716e+57 1.399e+47
6.110e-06 3.746e+57 1.399e+47
6.856e-06 2.976e+57 1.399e+47
7.692e-06 2.364e+57 1.399e+47
8.631e-06 1.878e+57 1.399e+47
9.684e-06 1.491e+57 1.399e+47
1.087e-05 1.185e+57 1.399e+47
1.219e-05 9.410e+56 1.399e+47
1.368e-05 7.475e+56 1.399e+47
1.535e-05 5.938e+56 1.399e+47
1.722e-05 4.716e+56 1.399e+47
1.932e-05 3.746e+56 1.399e+47
2.168e-05 2.976e+56 1.399e+47
2.432e-05 2.364e+56 1.399e+47
2.729e-05 1.878e+56 1.399e+47
3.062e-05 1.491e+56 1.399e+47
3.436e-05 1.185e+56 1.399e+47
3.855e-05 9.410e+55 1.399e+47
4.326e-05 7.475e+55 1.399e+47
4.853e-05 5.937e+55 1.399e+47
5.446e-05 4.716e+55 1.399e+47
6.110e-05 3.746e+55 1.399e+47
6.856e-05 2.976e+55 1.399e+47
7.692e-05 2.364e+55 1.398e+47
8.631e-05 1.877e+55 1.398e+47
9.684e-05 1.491e+55 1.398e+47
1.087e-04 1.185e+55 1.398e+47
1.219e-04 9.409e+54 1.398e+47
1.368e-04 7.474e+54 1.398e+47
1.535e-04 5.937e+54 1.398e+47
1.722e-04 4.716e+54 1.398e+47
1.932e-04 3.746e+54 1.398e+47
2.168e-04 2.975e+54 1.398e+47
2.432e-04 2.363e+54 1.398e+47
2.729e-04 1.877e+54 1.398e+47
3.062e-04 1.491e+54 1.398e+47
3.436e-04 1.184e+54 1.398e+47
3.855e-04 9.407e+53 1.398e+47
4.326e-04 7.472e+53 1.398e+47
4.853e-04 5.935e+53 1.398e+47
5.446e-04 4.714e+53 1.398e+47
6.110e-04 3.744e+53 1.398e+47
6.856e-04 2.974e+53 1.398e+47
7.692e-04 2.362e+53 1.398e+47
8.631e-04 1.876e+53 1.397e+47
9.684e-04 1.490e+53 1.397e+47
1.087e-03 1.183e+53 1.397e+47
1.219e-03 9.399e+52 1.397e+47
1.368e-03 7.465e+52 1.397e+47
1.535e-03 5.929e+52 1.396e+47
1.722e-03 4.708e+52 1.396e+47
1.932e-03 3.739e+52 1.396e+47
2.168e-03 2.969e+52 1.396e+47
2.432e-03 2.358e+52 1.395e+47
2.729e-03 1.873e+52 1.395e+47
3.062e-03 1.487e+52 1.394e+47
3.436e-03 1.181e+52 1.394e+47
3.855e-03 9.374e+51 1.393e+47
4.326e-03 7.443e+51 1.393e+47
4.853e-03 5.909e+51 1.392e+47
5.446e-03 4.691e+51 1.391e+47
6.110e-03 3.724e+51 1.390e+47
6.856e-03 2.956e+51 1.389e+47
7.692e-03 2.346e+51 1.388e+47
8.631e-03 1.862e+51 1.387e+47
9.684e-03 1.477e+51 1.385e+47
1.087e-02 1.172e+51 1.383e+47
1.219e-02 9.297e+50 1.382e+47
1.368e-02 7.374e+50 1.380e+47
1.535e-02 5.847e+50 1.377e+47
1.722e-02 4.636e+50 1.375e+47
1.932e-02 3.675e+50 1.372e+47
2.168e-02 2.912e+50 1.369e+47
2.432e-02 2.307e+50 1.365e+47
2.729e-02 1.827e+50 1.361e+47
3.062e-02 1.446e+50 1.356e+47
3.436e-02 1.145e+50 1.351e+47
3.855e-02 9.055e+49 1.346e+47
4.326e-02 7.159e+49 1.339e+47
4.853e-02 5.656e+49 1.332e+47
5.446e-02 4.466e+49 1.324e+47
6.110e-02 3.524e+49 1.316e+47
6.856e-02 2.779e+49 1.306e+47
7.692e-02 2.189e+49 1.295e+47
8.631e-02 1.722e+49 1.283e+47
9.684e-02 1.354e+49 1.270e+47
1.087e-01 1.063e+49 1.255e+47
1.219e-01 8.330e+48 1.238e+47
1.368e-01 6.513e+48 1.219e+47
1.535e-01 5.087e+48 1.198e+47
1.722e-01 3.965e+48 1.176e+47
1.932e-01 3.083e+48 1.151e+47
2.168e-01 2.390e+48 1.123e+47
2.432e-01 1.848e+48 1.094e+47
2.729e-01 1.424e+48 1.061e+47
3.062e-01 1.093e+48 1.025e+47
3.436e-01 8.356e+47 9.865e+46
3.855e-01 6.356e+47 9.447e+46
4.326e-01 4.808e+47 8.996e+46
4.853e-01 3.615e+47 8.515e+46
5.446e-01 2.699e+47 8.002e+46
6.110e-01 1.999e+47 7.461e+46
6.856e-01 1.467e+47 6.894e+46
7.692e-01 1.065e+47 6.304e+46
8.631e-01 7.649e+46 5.697e+46
9.684e-01 5.418e+46 5.081e+46
1.087e+00 3.780e+46 4.462e+46
1.219e+00 2.591e+46 3.851e+46
1.368e+00 1.741e+46 3.257e+46
1.535e+00 1.143e+46 2.692e+46
1.722e+00 7.304e+45 2.166e+46
1.932e+00 4.527e+45 1.690e+46
2.168e+00 2.708e+45 1.273e+46
2.432e+00 1.555e+45 9.199e+45
2.729e+00 8.514e+44 6.342e+45
3.062e+00 4.416e+44 4.141e+45
3.436e+00 2.154e+44 2.543e+45
3.855e+00 9.815e+43 1.459e+45
4.326e+00 4.153e+43 7.770e+44
4.853e+00 1.626e+43 3.830e+44
5.446e+00 5.883e+42 1.745e+44
6.110e+00 1.965e+42 7.335e+43
6.856e+00 6.029e+41 2.833e+43
7.692e+00 1.686e+41 9.974e+42
8.631e+00 4.255e+40 3.169e+42
9.684e+00 9.551e+39 8.957e+41
1.087e+01 1.883e+39 2.223e+41
1.219e+01 3.793e+38 5.637e+40
1.368e+01 5.582e+37 1.044e+40
1.535e+01 6.857e+36 1.615e+39
1.722e+01 6.878e+35 2.039e+38
1.932e+01 5.497e+34 2.052e+37
2.168e+01 3.405e+33 1.600e+36
2.432e+01 1.585e+32 9.378e+34
2.729e+01 5.356e+30 3.989e+33
3.062e+01 1.263e+29 1.184e+32
3.436e+01 1.990e+27 2.350e+30
3.855e+01 1.994e+25 2.964e+28
4.326e+01 1.203e+23 2.250e+26
4.853e+01 4.102e+20 9.661e+23
5.446e+01 7.378e+17 2.188e+21
6.110e+01 6.473e+14 2.417e+18
6.856e+01 2.537e+11 1.192e+15
7.692e+01 4.023e+07 2.380e+11
8.631e+01 2.310e+03 1.721e+07
9.684e+01 4.243e-02 3.979e+02
1.087e+02 2.167e-07 2.558e-03
1.219e+02 2.629e-13 3.907e-09
1.368e+02 6.356e-20 1.189e-15
1.535e+02 2.512e-27 5.917e-23
1.722e+02 1.300e-35 3.854e-31
1.932e+02 6.863e-45 2.562e-40
2.168e+02 2.797e-55 1.314e-50
2.432e+02 6.429e-67 3.804e-62
2.729e+02 5.866e-80 4.369e-75
3.062e+02 1.432e-94 1.343e-89
3.436e+02 6.011e-111 7.097e-106
3.855e+02 2.642e-129 3.927e-124
4.326e+02 6.972e-150 1.304e-144
4.853e+02 5.915e-173 1.393e-167
