1.000e-20 0.000e+00 0.000e+00 0.000e+00 0.000e+00 0.000e+00
1.122e-20 0.000e+00 0.000e+00 0.000e+00 0.000e+00 0.000e+00
1.259e-20 0.000e+00 0.000e+00 0.000e+00 0.000e+00 0.000e+00
1.413e-20 0.000e+00 0.000e+00 0.000e+00 0.000e+00 0.000e+00
1.585e-20 0.000e+00 0.000e+00 0.000e+00 0.000e+00 0.000e+00
1.778e-20 0.000e+00 0.000e+00 0.000e+00 0.000e+00 0.000e+00
1.995e-20 0.000e+00 0.000e+00 0.000e+00 0.000e+00 0.000e+00
2.239e-20 0.000e+00 0.000e+00 0.000e+00 0.000e+00 0.000e+00
2.512e-20 0.000e+00 0.000e+00 0.000e+00 0.000e+00 0.000e+00
2.818e-20 0.000e+00 0.000e+00 0.000e+00 0.000e+00 0.000e+00
3.162e-20 0.000e+00 0.000e+00 0.000e+00 0.000e+00 0.000e+00
3.548e-20 0.000e+00 0.000e+00 0.000e+00 0.000e+00 0.000e+00
3.981e-20 0.000e+00 0.000e+00 0.000e+00 0.000e+00 0.000e+00
4.467e-20 0.000e+00 0.000e+00 0.000e+00 0.000e+00 0.000e+00
5.012e-20 0.000e+00 0.000e+00 0.000e+00 0.000e+00 0.000e+00
5.623e-20 0.000e+00 0.000e+00 0.000e+00 0.000e+00 0.000e+00
6.310e-20 0.000e+00 0.000e+00 0.000e+00 0.000e+00 0.000e+00
7.079e-20 0.000e+00 0.000e+00 0.000e+00 0.000e+00 0.000e+00
7.943e-20 0.000e+00 0.000e+00 0.000e+00 0.000e+00 0.000e+00
8.913e-20 0.000e+00 0.000e+00 0.000e+00 0.000e+00 0.000e+00
1.000e-19 0.000e+00 0.000e+00 0.000e+00 0.000e+00 0.000e+00
1.122e-19 0.000e+00 0.000e+00 0.000e+00 0.000e+00 0.000e+00
1.259e-19 0.000e+00 0.000e+00 0.000e+00 0.000e+00 0.000e+00
1.413e-19 0.000e+00 0.000e+00 0.000e+00 0.000e+00 0.000e+00
1.585e-19 0.000e+00 0.000e+00 0.000e+00 0.000e+00 0.000e+00
1.778e-19 0.000e+00 0.000e+00 0.000e+00 0.000e+00 0.000e+00
1.995e-19 0.000e+00 0.000e+00 0.000e+00 0.000e+00 0.000e+00
2.239e-19 0.000e+00 0.000e+00 0.000e+00 0.000e+00 0.000e+00
2.512e-19 0.000e+00 0.000e+00 0.000e+00 0.000e+00 0.000e+00
2.818e-19 0.000e+00 0.000e+00 0.000e+00 0.000e+00 0.000e+00
3.162e-19 0.000e+00 0.000e+00 0.000e+00 0.000e+00 0.000e+00
3.548e-19 0.000e+00 0.000e+00 0.000e+00 0.000e+00 0.000e+00
3.981e-19 0.000e+00 0.000e+00 0.000e+00 0.000e+00 0.000e+00
4.467e-19 0.000e+00 0.000e+00 0.000e+00 0.000e+00 0.000e+00
5.012e-19 0.000e+00 0.000e+00 0.000e+00 0.000e+00 0.000e+00
5.623e-19 0.000e+00 0.000e+00 0.000e+00 0.000e+00 0.000e+00
6.310e-19 0.000e+00 0.000e+00 0.000e+00 0.000e+00 0.000e+00
7.079e-19 0.000e+00 0.000e+00 0.000e+00 0.000e+00 0.000e+00
7.943e-19 0.000e+00 0.000e+00 0.000e+00 0.000e+00 0.000e+00
8.913e-19 0.000e+00 0.000e+00 0.000e+00 0.000e+00 0.000e+00
1.000e-18 0.000e+00 0.000e+00 0.000e+00 0.000e+00 0.000e+00
1.122e-18 0.000e+00 0.000e+00 0.000e+00 0.000e+00 0.000e+00
1.259e-18 0.000e+00 0.000e+00 0.000e+00 0.000e+00 0.000e+00
1.413e-18 0.000e+00 0.000e+00 0.000e+00 0.000e+00 0.000e+00
1.585e-18 0.000e+00 0.000e+00 0.000e+00 0.000e+00 0.000e+00
1.778e-18 0.000e+00 0.000e+00 0.000e+00 0.000e+00 0.000e+00
1.995e-18 0.000e+00 0.000e+00 0.000e+00 0.000e+00 0.000e+00
2.239e-18 0.000e+00 0.000e+00 0.000e+00 0.000e+00 0.000e+00
2.512e-18 0.000e+00 0.000e+00 0.000e+00 0.000e+00 0.000e+00
2.818e-18 0.000e+00 0.000e+00 0.000e+00 0.000e+00 0.000e+00
3.162e-18 0.000e+00 0.000e+00 0.000e+00 0.000e+00 0.000e+00
3.548e-18 0.000e+00 0.000e+00 0.000e+00 0.000e+00 0.000e+00
3.981e-18 0.000e+00 0.000e+00 0.000e+00 0.000e+00 0.000e+00
4.467e-18 0.000e+00 0.000e+00 0.000e+00 0.000e+00 0.000e+00
5.012e-18 0.000e+00 0.000e+00 0.000e+00 0.000e+00 0.000e+00
5.623e-18 0.000e+00 0.000e+00 0.000e+00 0.000e+00 0.000e+00
6.310e-18 0.000e+00 0.000e+00 0.000e+00 0.000e+00 0.000e+00
7.079e-18 0.000e+00 0.000e+00 0.000e+00 0.000e+00 0.000e+00
7.943e-18 0.000e+00 0.000e+00 0.000e+00 0.000e+00 0.000e+00
8.913e-18 0.000e+00 0.000e+00 0.000e+00 0.000e+00 0.000e+00
1.000e-17 0.000e+00 0.000e+00 0.000e+00 0.000e+00 0.000e+00
1.122e-17 0.000e+00 0.000e+00 0.000e+00 0.000e+00 0.000e+00
1.259e-17 0.000e+00 0.000e+00 0.000e+00 0.000e+00 0.000e+00
1.413e-17 0.000e+00 0.000e+00 0.000e+00 0.000e+00 0.000e+00
1.585e-17 0.000e+00 0.000e+00 0.000e+00 0.000e+00 0.000e+00
1.778e-17 0.000e+00 0.000e+00 0.000e+00 0.000e+00 0.000e+00
1.995e-17 0.000e+00 0.000e+00 0.000e+00 0.000e+00 0.000e+00
2.239e-17 0.000e+00 0.000e+00 0.000e+00 0.000e+00 0.000e+00
2.512e-17 0.000e+00 0.000e+00 0.000e+00 0.000e+00 0.000e+00
2.818e-17 0.000e+00 0.000e+00 0.000e+00 0.000e+00 0.000e+00
3.162e-17 0.000e+00 0.000e+00 0.000e+00 0.000e+00 0.000e+00
3.548e-17 0.000e+00 0.000e+00 0.000e+00 0.000e+00 0.000e+00
3.981e-17 0.000e+00 0.000e+00 0.000e+00 0.000e+00 0.000e+00
4.467e-17 0.000e+00 0.000e+00 0.000e+00 0.000e+00 0.000e+00
5.012e-17 0.000e+00 0.000e+00 0.000e+00 0.000e+00 0.000e+00
5.623e-17 0.000e+00 0.000e+00 0.000e+00 0.000e+00 0.000e+00
6.310e-17 0.000e+00 0.000e+00 0.000e+00 0.000e+00 0.000e+00
7.079e-17 0.000e+00 0.000e+00 0.000e+00 0.000e+00 0.000e+00
7.943e-17 0.000e+00 0.000e+00 0.000e+00 0.000e+00 0.000e+00
8.913e-17 0.000e+00 0.000e+00 0.000e+00 0.000e+00 0.000e+00
1.000e-16 0.000e+00 0.000e+00 0.000e+00 0.000e+00 0.000e+00
1.122e-16 0.000e+00 0.000e+00 0.000e+00 0.000e+00 0.000e+00
1.259e-16 0.000e+00 0.000e+00 0.000e+00 0.000e+00 0.000e+00
1.413e-16 0.000e+00 0.000e+00 0.000e+00 0.000e+00 0.000e+00
1.585e-16 0.000e+00 0.000e+00 0.000e+00 0.000e+00 0.000e+00
1.778e-16 0.000e+00 0.000e+00 0.000e+00 0.000e+00 0.000e+00
1.995e-16 0.000e+00 0.000e+00 0.000e+00 0.000e+00 0.000e+00
2.239e-16 0.000e+00 0.000e+00 0.000e+00 0.000e+00 0.000e+00
2.512e-16 0.000e+00 0.000e+00 0.000e+00 0.000e+00 0.000e+00
2.818e-16 0.000e+00 0.000e+00 0.000e+00 0.000e+00 0.000e+00
3.162e-16 0.000e+00 0.000e+00 0.000e+00 0.000e+00 0.000e+00
3.548e-16 0.000e+00 0.000e+00 0.000e+00 0.000e+00 0.000e+00
3.981e-16 0.000e+00 0.000e+00 0.000e+00 0.000e+00 0.000e+00
4.467e-16 0.000e+00 0.000e+00 0.000e+00 0.000e+00 0.000e+00
5.012e-16 0.000e+00 0.000e+00 0.000e+00 0.000e+00 0.000e+00
5.623e-16 0.000e+00 0.000e+00 0.000e+00 0.000e+00 0.000e+00
6.310e-16 0.000e+00 0.000e+00 0.000e+00 0.000e+00 0.000e+00
7.079e-16 0.000e+00 0.000e+00 0.000e+00 0.000e+00 0.000e+00
7.943e-16 0.000e+00 0.000e+00 0.000e+00 0.000e+00 0.000e+00
8.913e-16 0.000e+00 0.000e+00 0.000e+00 0.000e+00 0.000e+00
1.000e-15 0.000e+00 0.000e+00 0.000e+00 0.000e+00 0.000e+00
1.122e-15 0.000e+00 0.000e+00 0.000e+00 0.000e+00 0.000e+00
1.259e-15 0.000e+00 0.000e+00 0.000e+00 0.000e+00 0.000e+00
1.413e-15 0.000e+00 0.000e+00 0.000e+00 0.000e+00 0.000e+00
1.585e-15 0.000e+00 0.000e+00 0.000e+00 0.000e+00 0.000e+00
1.778e-15 0.000e+00 0.000e+00 0.000e+00 0.000e+00 0.000e+00
1.995e-15 0.000e+00 0.000e+00 0.000e+00 0.000e+00 0.000e+00
2.239e-15 0.000e+00 0.000e+00 0.000e+00 0.000e+00 0.000e+00
2.512e-15 0.000e+00 0.000e+00 0.000e+00 0.000e+00 0.000e+00
2.818e-15 0.000e+00 0.000e+00 0.000e+00 0.000e+00 0.000e+00
3.162e-15 0.000e+00 0.000e+00 0.000e+00 0.000e+00 0.000e+00
3.548e-15 0.000e+00 0.000e+00 0.000e+00 0.000e+00 0.000e+00
3.981e-15 0.000e+00 0.000e+00 0.000e+00 0.000e+00 0.000e+00
4.467e-15 0.000e+00 0.000e+00 0.000e+00 0.000e+00 0.000e+00
5.012e-15 0.000e+00 0.000e+00 0.000e+00 0.000e+00 0.000e+00
5.623e-15 0.000e+00 0.000e+00 0.000e+00 0.000e+00 0.000e+00
6.310e-15 0.000e+00 0.000e+00 0.000e+00 0.000e+00 0.000e+00
7.079e-15 0.000e+00 0.000e+00 0.000e+00 0.000e+00 0.000e+00
7.943e-15 0.000e+00 0.000e+00 0.000e+00 0.000e+00 0.000e+00
8.913e-15 0.000e+00 0.000e+00 0.000e+00 0.000e+00 0.000e+00
1.000e-14 0.000e+00 0.000e+00 0.000e+00 0.000e+00 0.000e+00
1.122e-14 0.000e+00 0.000e+00 0.000e+00 0.000e+00 0.000e+00
1.259e-14 0.000e+00 0.000e+00 0.000e+00 0.000e+00 0.000e+00
1.413e-14 0.000e+00 0.000e+00 0.000e+00 0.000e+00 0.000e+00
1.585e-14 0.000e+00 0.000e+00 0.000e+00 0.000e+00 0.000e+00
1.778e-14 0.000e+00 0.000e+00 0.000e+00 0.000e+00 0.000e+00
1.995e-14 0.000e+00 0.000e+00 0.000e+00 0.000e+00 0.000e+00
2.239e-14 0.000e+00 0.000e+00 0.000e+00 0.000e+00 0.000e+00
2.512e-14 0.000e+00 0.000e+00 0.000e+00 0.000e+00 0.000e+00
2.818e-14 0.000e+00 0.000e+00 0.000e+00 0.000e+00 0.000e+00
3.162e-14 0.000e+00 0.000e+00 0.000e+00 0.000e+00 0.000e+00
3.548e-14 0.000e+00 0.000e+00 0.000e+00 0.000e+00 0.000e+00
3.981e-14 0.000e+00 0.000e+00 0.000e+00 0.000e+00 0.000e+00
4.467e-14 0.000e+00 0.000e+00 0.000e+00 0.000e+00 0.000e+00
5.012e-14 0.000e+00 0.000e+00 0.000e+00 0.000e+00 0.000e+00
5.623e-14 0.000e+00 0.000e+00 0.000e+00 0.000e+00 0.000e+00
6.310e-14 0.000e+00 0.000e+00 0.000e+00 0.000e+00 0.000e+00
7.079e-14 0.000e+00 0.000e+00 0.000e+00 0.000e+00 0.000e+00
7.943e-14 0.000e+00 0.000e+00 0.000e+00 0.000e+00 0.000e+00
8.913e-14 0.000e+00 0.000e+00 0.000e+00 0.000e+00 0.000e+00
1.000e-13 0.000e+00 0.000e+00 0.000e+00 0.000e+00 0.000e+00
1.122e-13 0.000e+00 0.000e+00 0.000e+00 0.000e+00 0.000e+00
1.259e-13 0.000e+00 0.000e+00 0.000e+00 0.000e+00 0.000e+00
1.413e-13 0.000e+00 0.000e+00 0.000e+00 0.000e+00 0.000e+00
1.585e-13 0.000e+00 0.000e+00 0.000e+00 0.000e+00 0.000e+00
1.778e-13 0.000e+00 0.000e+00 0.000e+00 0.000e+00 0.000e+00
1.995e-13 0.000e+00 0.000e+00 0.000e+00 0.000e+00 0.000e+00
2.239e-13 0.000e+00 0.000e+00 0.000e+00 0.000e+00 0.000e+00
2.512e-13 0.000e+00 0.000e+00 0.000e+00 0.000e+00 0.000e+00
2.818e-13 0.000e+00 0.000e+00 0.000e+00 0.000e+00 0.000e+00
3.162e-13 0.000e+00 0.000e+00 0.000e+00 0.000e+00 0.000e+00
3.548e-13 0.000e+00 0.000e+00 0.000e+00 0.000e+00 0.000e+00
3.981e-13 0.000e+00 0.000e+00 0.000e+00 0.000e+00 0.000e+00
4.467e-13 0.000e+00 0.000e+00 0.000e+00 0.000e+00 0.000e+00
5.012e-13 0.000e+00 0.000e+00 0.000e+00 0.000e+00 0.000e+00
5.623e-13 0.000e+00 0.000e+00 0.000e+00 0.000e+00 0.000e+00
6.310e-13 0.000e+00 0.000e+00 0.000e+00 0.000e+00 0.000e+00
7.079e-13 0.000e+00 0.000e+00 0.000e+00 0.000e+00 0.000e+00
7.943e-13 0.000e+00 0.000e+00 0.000e+00 0.000e+00 0.000e+00
8.913e-13 0.000e+00 0.000e+00 0.000e+00 0.000e+00 0.000e+00
1.000e-12 0.000e+00 0.000e+00 0.000e+00 0.000e+00 0.000e+00
1.122e-12 1.893e+53 3.819e+29 3.825e-28 5.033e-16 3.162e-15
1.259e-12 1.593e+53 4.045e+29 4.052e-28 5.331e-16 3.349e-15
1.413e-12 1.340e+53 4.285e+29 4.292e-28 5.647e-16 3.548e-15
1.585e-12 1.128e+53 4.538e+29 4.546e-28 5.981e-16 3.758e-15
1.778e-12 9.489e+52 4.807e+29 4.816e-28 6.336e-16 3.981e-15
1.995e-12 7.984e+52 5.092e+29 5.101e-28 6.711e-16 4.217e-15
2.239e-12 6.717e+52 5.394e+29 5.403e-28 7.109e-16 4.467e-15
2.512e-12 5.652e+52 5.714e+29 5.723e-28 7.530e-16 4.731e-15
2.818e-12 4.756e+52 6.052e+29 6.062e-28 7.976e-16 5.012e-15
3.162e-12 4.001e+52 6.411e+29 6.422e-28 8.449e-16 5.309e-15
3.548e-12 3.367e+52 6.791e+29 6.802e-28 8.949e-16 5.623e-15
3.981e-12 2.833e+52 7.193e+29 7.205e-28 9.480e-16 5.956e-15
4.467e-12 2.383e+52 7.619e+29 7.632e-28 1.004e-15 6.309e-15
5.012e-12 2.005e+52 8.071e+29 8.084e-28 1.064e-15 6.683e-15
5.623e-12 1.687e+52 8.549e+29 8.563e-28 1.127e-15 7.079e-15
6.310e-12 1.420e+52 9.055e+29 9.071e-28 1.193e-15 7.499e-15
7.079e-12 1.195e+52 9.592e+29 9.608e-28 1.264e-15 7.943e-15
7.943e-12 1.005e+52 1.016e+30 1.018e-27 1.339e-15 8.413e-15
8.913e-12 8.457e+51 1.076e+30 1.078e-27 1.418e-15 8.912e-15
1.000e-11 7.115e+51 1.140e+30 1.142e-27 1.502e-15 9.440e-15
1.122e-11 5.987e+51 1.208e+30 1.210e-27 1.591e-15 9.999e-15
1.259e-11 5.037e+51 1.279e+30 1.281e-27 1.686e-15 1.059e-14
1.413e-11 4.238e+51 1.355e+30 1.357e-27 1.786e-15 1.122e-14
1.585e-11 3.566e+51 1.435e+30 1.438e-27 1.891e-15 1.188e-14
1.778e-11 3.001e+51 1.520e+30 1.523e-27 2.004e-15 1.259e-14
1.995e-11 2.525e+51 1.610e+30 1.613e-27 2.122e-15 1.333e-14
2.239e-11 2.124e+51 1.706e+30 1.709e-27 2.248e-15 1.412e-14
2.512e-11 1.787e+51 1.807e+30 1.810e-27 2.381e-15 1.496e-14
2.818e-11 1.504e+51 1.914e+30 1.917e-27 2.522e-15 1.585e-14
3.162e-11 1.265e+51 2.027e+30 2.031e-27 2.672e-15 1.679e-14
3.548e-11 1.065e+51 2.147e+30 2.151e-27 2.830e-15 1.778e-14
3.981e-11 8.958e+50 2.275e+30 2.278e-27 2.998e-15 1.884e-14
4.467e-11 7.537e+50 2.409e+30 2.413e-27 3.175e-15 1.995e-14
5.012e-11 6.342e+50 2.552e+30 2.556e-27 3.364e-15 2.113e-14
5.623e-11 5.336e+50 2.703e+30 2.708e-27 3.563e-15 2.239e-14
6.310e-11 4.490e+50 2.864e+30 2.868e-27 3.774e-15 2.371e-14
7.079e-11 3.777e+50 3.033e+30 3.038e-27 3.998e-15 2.512e-14
7.943e-11 3.178e+50 3.213e+30 3.218e-27 4.234e-15 2.661e-14
8.913e-11 2.674e+50 3.403e+30 3.409e-27 4.485e-15 2.818e-14
1.000e-10 2.250e+50 3.605e+30 3.611e-27 4.751e-15 2.985e-14
1.122e-10 1.893e+50 3.819e+30 3.825e-27 5.033e-15 3.162e-14
1.259e-10 1.593e+50 4.045e+30 4.052e-27 5.331e-15 3.349e-14
1.413e-10 1.340e+50 4.285e+30 4.292e-27 5.647e-15 3.548e-14
1.585e-10 1.128e+50 4.538e+30 4.546e-27 5.981e-15 3.758e-14
1.778e-10 9.488e+49 4.807e+30 4.816e-27 6.336e-15 3.981e-14
1.995e-10 7.984e+49 5.092e+30 5.101e-27 6.711e-15 4.217e-14
2.239e-10 6.717e+49 5.394e+30 5.403e-27 7.109e-15 4.467e-14
2.512e-10 5.652e+49 5.714e+30 5.723e-27 7.530e-15 4.731e-14
2.818e-10 4.756e+49 6.052e+30 6.062e-27 7.976e-15 5.012e-14
3.162e-10 4.001e+49 6.411e+30 6.422e-27 8.449e-15 5.309e-14
3.548e-10 3.367e+49 6.791e+30 6.802e-27 8.949e-15 5.623e-14
3.981e-10 2.833e+49 7.193e+30 7.205e-27 9.480e-15 5.956e-14
4.467e-10 2.383e+49 7.619e+30 7.632e-27 1.004e-14 6.309e-14
5.012e-10 2.005e+49 8.071e+30 8.084e-27 1.064e-14 6.683e-14
5.623e-10 1.687e+49 8.549e+30 8.563e-27 1.127e-14 7.079e-14
6.310e-10 1.420e+49 9.055e+30 9.071e-27 1.193e-14 7.498e-14
7.079e-10 1.195e+49 9.592e+30 9.608e-27 1.264e-14 7.943e-14
7.943e-10 1.005e+49 1.016e+31 1.018e-26 1.339e-14 8.413e-14
8.913e-10 8.457e+48 1.076e+31 1.078e-26 1.418e-14 8.912e-14
1.000e-09 7.115e+48 1.140e+31 1.142e-26 1.502e-14 9.440e-14
1.122e-09 5.987e+48 1.208e+31 1.210e-26 1.591e-14 9.999e-14
1.259e-09 5.037e+48 1.279e+31 1.281e-26 1.686e-14 1.059e-13
1.413e-09 4.238e+48 1.355e+31 1.357e-26 1.786e-14 1.122e-13
1.585e-09 3.566e+48 1.435e+31 1.438e-26 1.891e-14 1.188e-13
1.778e-09 3.000e+48 1.520e+31 1.523e-26 2.004e-14 1.259e-13
1.995e-09 2.525e+48 1.610e+31 1.613e-26 2.122e-14 1.333e-13
2.239e-09 2.124e+48 1.706e+31 1.709e-26 2.248e-14 1.412e-13
2.512e-09 1.787e+48 1.807e+31 1.810e-26 2.381e-14 1.496e-13
2.818e-09 1.504e+48 1.914e+31 1.917e-26 2.522e-14 1.585e-13
3.162e-09 1.265e+48 2.027e+31 2.031e-26 2.672e-14 1.679e-13
3.548e-09 1.065e+48 2.147e+31 2.151e-26 2.830e-14 1.778e-13
3.981e-09 8.958e+47 2.275e+31 2.278e-26 2.998e-14 1.884e-13
4.467e-09 7.537e+47 2.409e+31 2.413e-26 3.175e-14 1.995e-13
5.012e-09 6.341e+47 2.552e+31 2.556e-26 3.363e-14 2.113e-13
5.623e-09 5.336e+47 2.703e+31 2.708e-26 3.563e-14 2.239e-13
6.310e-09 4.489e+47 2.864e+31 2.868e-26 3.774e-14 2.371e-13
7.079e-09 3.777e+47 3.033e+31 3.038e-26 3.997e-14 2.512e-13
7.943e-09 3.178e+47 3.213e+31 3.218e-26 4.234e-14 2.661e-13
8.913e-09 2.674e+47 3.403e+31 3.409e-26 4.485e-14 2.818e-13
1.000e-08 2.250e+47 3.605e+31 3.611e-26 4.751e-14 2.985e-13
1.122e-08 1.893e+47 3.819e+31 3.825e-26 5.032e-14 3.162e-13
1.259e-08 1.593e+47 4.045e+31 4.052e-26 5.331e-14 3.349e-13
1.413e-08 1.340e+47 4.284e+31 4.292e-26 5.646e-14 3.548e-13
1.585e-08 1.128e+47 4.538e+31 4.546e-26 5.981e-14 3.758e-13
1.778e-08 9.488e+46 4.807e+31 4.815e-26 6.335e-14 3.981e-13
1.995e-08 7.983e+46 5.092e+31 5.101e-26 6.711e-14 4.217e-13
2.239e-08 6.717e+46 5.394e+31 5.403e-26 7.108e-14 4.466e-13
2.512e-08 5.652e+46 5.713e+31 5.723e-26 7.530e-14 4.731e-13
2.818e-08 4.755e+46 6.052e+31 6.062e-26 7.976e-14 5.011e-13
3.162e-08 4.001e+46 6.410e+31 6.421e-26 8.448e-14 5.308e-13
3.548e-08 3.366e+46 6.790e+31 6.802e-26 8.949e-14 5.623e-13
3.981e-08 2.833e+46 7.193e+31 7.205e-26 9.479e-14 5.956e-13
4.467e-08 2.383e+46 7.619e+31 7.632e-26 1.004e-13 6.309e-13
5.012e-08 2.005e+46 8.070e+31 8.084e-26 1.064e-13 6.683e-13
5.623e-08 1.687e+46 8.548e+31 8.563e-26 1.127e-13 7.079e-13
6.310e-08 1.420e+46 9.055e+31 9.070e-26 1.193e-13 7.498e-13
7.079e-08 1.194e+46 9.591e+31 9.607e-26 1.264e-13 7.942e-13
7.943e-08 1.005e+46 1.016e+32 1.018e-25 1.339e-13 8.413e-13
8.913e-08 8.456e+45 1.076e+32 1.078e-25 1.418e-13 8.911e-13
1.000e-07 7.115e+45 1.140e+32 1.142e-25 1.502e-13 9.439e-13
1.122e-07 5.986e+45 1.207e+32 1.209e-25 1.591e-13 9.998e-13
1.259e-07 5.037e+45 1.279e+32 1.281e-25 1.686e-13 1.059e-12
1.413e-07 4.238e+45 1.355e+32 1.357e-25 1.785e-13 1.122e-12
1.585e-07 3.566e+45 1.435e+32 1.437e-25 1.891e-13 1.188e-12
1.778e-07 3.000e+45 1.520e+32 1.523e-25 2.003e-13 1.259e-12
1.995e-07 2.524e+45 1.610e+32 1.613e-25 2.122e-13 1.333e-12
2.239e-07 2.124e+45 1.705e+32 1.708e-25 2.248e-13 1.412e-12
2.512e-07 1.787e+45 1.806e+32 1.810e-25 2.381e-13 1.496e-12
2.818e-07 1.504e+45 1.914e+32 1.917e-25 2.522e-13 1.585e-12
3.162e-07 1.265e+45 2.027e+32 2.030e-25 2.671e-13 1.678e-12
3.548e-07 1.064e+45 2.147e+32 2.151e-25 2.829e-13 1.778e-12
3.981e-07 8.956e+44 2.274e+32 2.278e-25 2.997e-13 1.883e-12
4.467e-07 7.535e+44 2.409e+32 2.413e-25 3.175e-13 1.995e-12
5.012e-07 6.340e+44 2.552e+32 2.556e-25 3.363e-13 2.113e-12
5.623e-07 5.334e+44 2.703e+32 2.707e-25 3.562e-13 2.238e-12
6.310e-07 4.488e+44 2.863e+32 2.868e-25 3.773e-13 2.371e-12
7.079e-07 3.776e+44 3.032e+32 3.038e-25 3.996e-13 2.511e-12
7.943e-07 3.177e+44 3.212e+32 3.217e-25 4.233e-13 2.660e-12
8.913e-07 2.673e+44 3.402e+32 3.408e-25 4.484e-13 2.817e-12
1.000e-06 2.249e+44 3.604e+32 3.610e-25 4.750e-13 2.984e-12
1.122e-06 1.893e+44 3.817e+32 3.824e-25 5.031e-13 3.161e-12
1.259e-06 1.592e+44 4.043e+32 4.050e-25 5.329e-13 3.348e-12
1.413e-06 1.340e+44 4.283e+32 4.290e-25 5.644e-13 3.547e-12
1.585e-06 1.127e+44 4.537e+32 4.544e-25 5.979e-13 3.757e-12
1.778e-06 9.484e+43 4.805e+32 4.813e-25 6.333e-13 3.979e-12
1.995e-06 7.980e+43 5.090e+32 5.098e-25 6.708e-13 4.215e-12
2.239e-06 6.714e+43 5.391e+32 5.400e-25 7.105e-13 4.464e-12
2.512e-06 5.649e+43 5.710e+32 5.720e-25 7.526e-13 4.729e-12
2.818e-06 4.753e+43 6.049e+32 6.059e-25 7.972e-13 5.009e-12
3.162e-06 3.999e+43 6.407e+32 6.418e-25 8.444e-13 5.305e-12
3.548e-06 3.364e+43 6.786e+32 6.798e-25 8.944e-13 5.619e-12
3.981e-06 2.831e+43 7.188e+32 7.200e-25 9.473e-13 5.952e-12
4.467e-06 2.382e+43 7.614e+32 7.627e-25 1.003e-12 6.305e-12
5.012e-06 2.004e+43 8.064e+32 8.078e-25 1.063e-12 6.678e-12
5.623e-06 1.686e+43 8.542e+32 8.556e-25 1.126e-12 7.073e-12
6.310e-06 1.418e+43 9.048e+32 9.063e-25 1.192e-12 7.492e-12
7.079e-06 1.193e+43 9.583e+32 9.599e-25 1.263e-12 7.935e-12
7.943e-06 1.004e+43 1.015e+33 1.017e-24 1.338e-12 8.405e-12
8.913e-06 8.448e+42 1.075e+33 1.077e-24 1.417e-12 8.903e-12
1.000e-05 7.107e+42 1.139e+33 1.141e-24 1.501e-12 9.430e-12
1.122e-05 5.980e+42 1.206e+33 1.208e-24 1.590e-12 9.988e-12
1.259e-05 5.031e+42 1.278e+33 1.280e-24 1.684e-12 1.058e-11
1.413e-05 4.233e+42 1.353e+33 1.355e-24 1.783e-12 1.120e-11
1.585e-05 3.561e+42 1.433e+33 1.436e-24 1.889e-12 1.187e-11
1.778e-05 2.996e+42 1.518e+33 1.521e-24 2.001e-12 1.257e-11
1.995e-05 2.521e+42 1.608e+33 1.610e-24 2.119e-12 1.331e-11
2.239e-05 2.121e+42 1.703e+33 1.706e-24 2.244e-12 1.410e-11
2.512e-05 1.784e+42 1.804e+33 1.807e-24 2.377e-12 1.493e-11
2.818e-05 1.501e+42 1.910e+33 1.913e-24 2.517e-12 1.582e-11
3.162e-05 1.263e+42 2.023e+33 2.027e-24 2.666e-12 1.675e-11
3.548e-05 1.062e+42 2.143e+33 2.146e-24 2.824e-12 1.774e-11
3.981e-05 8.937e+41 2.269e+33 2.273e-24 2.991e-12 1.879e-11
4.467e-05 7.519e+41 2.404e+33 2.408e-24 3.168e-12 1.990e-11
5.012e-05 6.325e+41 2.546e+33 2.550e-24 3.355e-12 2.108e-11
5.623e-05 5.321e+41 2.696e+33 2.701e-24 3.553e-12 2.232e-11
6.310e-05 4.476e+41 2.855e+33 2.860e-24 3.763e-12 2.364e-11
7.079e-05 3.766e+41 3.024e+33 3.029e-24 3.985e-12 2.504e-11
7.943e-05 3.168e+41 3.202e+33 3.208e-24 4.220e-12 2.652e-11
8.913e-05 2.665e+41 3.391e+33 3.397e-24 4.470e-12 2.808e-11
1.000e-04 2.242e+41 3.592e+33 3.598e-24 4.733e-12 2.974e-11
1.122e-04 1.886e+41 3.804e+33 3.810e-24 5.013e-12 3.150e-11
1.259e-04 1.586e+41 4.028e+33 4.035e-24 5.308e-12 3.335e-11
1.413e-04 1.334e+41 4.265e+33 4.273e-24 5.622e-12 3.532e-11
1.585e-04 1.122e+41 4.517e+33 4.525e-24 5.953e-12 3.740e-11
1.778e-04 9.441e+40 4.783e+33 4.791e-24 6.304e-12 3.961e-11
1.995e-04 7.941e+40 5.065e+33 5.074e-24 6.675e-12 4.194e-11
2.239e-04 6.679e+40 5.363e+33 5.372e-24 7.068e-12 4.441e-11
2.512e-04 5.618e+40 5.679e+33 5.689e-24 7.484e-12 4.703e-11
2.818e-04 4.725e+40 6.013e+33 6.023e-24 7.925e-12 4.979e-11
3.162e-04 3.974e+40 6.367e+33 6.377e-24 8.391e-12 5.272e-11
3.548e-04 3.342e+40 6.741e+33 6.752e-24 8.884e-12 5.582e-11
3.981e-04 2.811e+40 7.137e+33 7.149e-24 9.406e-12 5.910e-11
4.467e-04 2.364e+40 7.556e+33 7.569e-24 9.958e-12 6.257e-11
5.012e-04 1.988e+40 7.999e+33 8.013e-24 1.054e-11 6.624e-11
5.623e-04 1.671e+40 8.468e+33 8.482e-24 1.116e-11 7.012e-11
6.310e-04 1.405e+40 8.964e+33 8.979e-24 1.181e-11 7.423e-11
7.079e-04 1.182e+40 9.489e+33 9.505e-24 1.251e-11 7.857e-11
7.943e-04 9.935e+39 1.004e+34 1.006e-23 1.324e-11 8.317e-11
8.913e-04 8.353e+39 1.063e+34 1.065e-23 1.401e-11 8.803e-11
1.000e-03 7.022e+39 1.125e+34 1.127e-23 1.483e-11 9.316e-11
1.122e-03 5.903e+39 1.191e+34 1.193e-23 1.569e-11 9.860e-11
1.259e-03 4.962e+39 1.260e+34 1.262e-23 1.661e-11 1.043e-10
1.413e-03 4.171e+39 1.333e+34 1.336e-23 1.757e-11 1.104e-10
1.585e-03 3.505e+39 1.411e+34 1.413e-23 1.859e-11 1.168e-10
1.778e-03 2.946e+39 1.492e+34 1.495e-23 1.967e-11 1.236e-10
1.995e-03 2.475e+39 1.579e+34 1.582e-23 2.081e-11 1.307e-10
2.239e-03 2.080e+39 1.670e+34 1.673e-23 2.201e-11 1.383e-10
2.512e-03 1.747e+39 1.766e+34 1.769e-23 2.328e-11 1.463e-10
2.818e-03 1.468e+39 1.868e+34 1.871e-23 2.462e-11 1.547e-10
3.162e-03 1.233e+39 1.975e+34 1.979e-23 2.603e-11 1.636e-10
3.548e-03 1.035e+39 2.088e+34 2.092e-23 2.752e-11 1.729e-10
3.981e-03 8.693e+38 2.207e+34 2.211e-23 2.909e-11 1.828e-10
4.467e-03 7.298e+38 2.333e+34 2.337e-23 3.075e-11 1.932e-10
5.012e-03 6.126e+38 2.465e+34 2.469e-23 3.249e-11 2.041e-10
5.623e-03 5.141e+38 2.605e+34 2.609e-23 3.433e-11 2.157e-10
6.310e-03 4.313e+38 2.751e+34 2.756e-23 3.626e-11 2.278e-10
7.079e-03 3.618e+38 2.905e+34 2.910e-23 3.829e-11 2.406e-10
7.943e-03 3.034e+38 3.067e+34 3.072e-23 4.042e-11 2.540e-10
8.913e-03 2.543e+38 3.237e+34 3.242e-23 4.266e-11 2.680e-10
1.000e-02 2.132e+38 3.415e+34 3.421e-23 4.501e-11 2.828e-10
1.122e-02 1.786e+38 3.602e+34 3.608e-23 4.747e-11 2.983e-10
1.259e-02 1.495e+38 3.797e+34 3.804e-23 5.005e-11 3.144e-10
1.413e-02 1.252e+38 4.002e+34 4.009e-23 5.274e-11 3.314e-10
1.585e-02 1.047e+38 4.215e+34 4.222e-23 5.555e-11 3.490e-10
1.778e-02 8.759e+37 4.438e+34 4.445e-23 5.848e-11 3.675e-10
1.995e-02 7.320e+37 4.669e+34 4.677e-23 6.153e-11 3.866e-10
2.239e-02 6.114e+37 4.910e+34 4.918e-23 6.470e-11 4.065e-10
2.512e-02 5.103e+37 5.159e+34 5.168e-23 6.799e-11 4.272e-10
2.818e-02 4.256e+37 5.417e+34 5.426e-23 7.139e-11 4.485e-10
3.162e-02 3.547e+37 5.683e+34 5.692e-23 7.489e-11 4.706e-10
3.548e-02 2.953e+37 5.956e+34 5.966e-23 7.850e-11 4.932e-10
3.981e-02 2.456e+37 6.237e+34 6.247e-23 8.219e-11 5.164e-10
4.467e-02 2.041e+37 6.523e+34 6.534e-23 8.597e-11 5.402e-10
5.012e-02 1.693e+37 6.814e+34 6.826e-23 8.981e-11 5.643e-10
5.623e-02 1.403e+37 7.109e+34 7.121e-23 9.369e-11 5.887e-10
6.310e-02 1.161e+37 7.406e+34 7.419e-23 9.761e-11 6.133e-10
7.079e-02 9.593e+36 7.703e+34 7.716e-23 1.015e-10 6.379e-10
7.943e-02 7.912e+36 7.998e+34 8.012e-23 1.054e-10 6.623e-10
8.913e-02 6.513e+36 8.289e+34 8.303e-23 1.092e-10 6.864e-10
1.000e-01 5.351e+36 8.573e+34 8.588e-23 1.130e-10 7.099e-10
1.122e-01 4.386e+36 8.847e+34 8.862e-23 1.166e-10 7.326e-10
1.259e-01 3.587e+36 9.109e+34 9.124e-23 1.200e-10 7.543e-10
1.413e-01 2.926e+36 9.354e+34 9.370e-23 1.233e-10 7.746e-10
1.585e-01 2.380e+36 9.580e+34 9.596e-23 1.263e-10 7.933e-10
1.778e-01 1.931e+36 9.783e+34 9.799e-23 1.289e-10 8.101e-10
1.995e-01 1.561e+36 9.960e+34 9.977e-23 1.313e-10 8.247e-10
2.239e-01 1.259e+36 1.011e+35 1.012e-22 1.332e-10 8.370e-10
2.512e-01 1.011e+36 1.022e+35 1.024e-22 1.347e-10 8.466e-10
2.818e-01 8.098e+35 1.031e+35 1.032e-22 1.358e-10 8.534e-10
3.162e-01 6.462e+35 1.035e+35 1.037e-22 1.364e-10 8.573e-10
3.548e-01 5.138e+35 1.036e+35 1.038e-22 1.366e-10 8.582e-10
3.981e-01 4.071e+35 1.034e+35 1.036e-22 1.363e-10 8.561e-10
4.467e-01 3.215e+35 1.028e+35 1.030e-22 1.355e-10 8.512e-10
5.012e-01 2.531e+35 1.019e+35 1.020e-22 1.343e-10 8.435e-10
5.623e-01 1.987e+35 1.007e+35 1.008e-22 1.326e-10 8.335e-10
6.310e-01 1.555e+35 9.917e+34 9.934e-23 1.307e-10 8.212e-10
7.079e-01 1.214e+35 9.746e+34 9.762e-23 1.284e-10 8.070e-10
7.943e-01 9.452e+34 9.555e+34 9.572e-23 1.259e-10 7.913e-10
8.913e-01 7.347e+34 9.350e+34 9.365e-23 1.232e-10 7.742e-10
1.000e+00 5.699e+34 9.131e+34 9.147e-23 1.203e-10 7.561e-10
1.122e+00 4.414e+34 8.902e+34 8.918e-23 1.173e-10 7.372e-10
1.259e+00 3.413e+34 8.666e+34 8.680e-23 1.142e-10 7.176e-10
1.413e+00 2.634e+34 8.422e+34 8.436e-23 1.110e-10 6.974e-10
1.585e+00 2.030e+34 8.171e+34 8.185e-23 1.077e-10 6.766e-10
1.778e+00 1.562e+34 7.915e+34 7.929e-23 1.043e-10 6.555e-10
1.995e+00 1.200e+34 7.654e+34 7.667e-23 1.009e-10 6.338e-10
2.239e+00 9.201e+33 7.388e+34 7.401e-23 9.737e-11 6.118e-10
2.512e+00 7.041e+33 7.118e+34 7.130e-23 9.380e-11 5.894e-10
2.818e+00 5.377e+33 6.843e+34 6.855e-23 9.018e-11 5.666e-10
3.162e+00 4.097e+33 6.565e+34 6.576e-23 8.652e-11 5.436e-10
3.548e+00 3.115e+33 6.283e+34 6.294e-23 8.281e-11 5.203e-10
3.981e+00 2.363e+33 5.999e+34 6.010e-23 7.907e-11 4.968e-10
4.467e+00 1.787e+33 5.714e+34 5.723e-23 7.530e-11 4.731e-10
5.012e+00 1.348e+33 5.427e+34 5.436e-23 7.152e-11 4.494e-10
5.623e+00 1.014e+33 5.139e+34 5.148e-23 6.773e-11 4.256e-10
6.310e+00 7.607e+32 4.852e+34 4.860e-23 6.395e-11 4.018e-10
7.079e+00 5.686e+32 4.566e+34 4.574e-23 6.018e-11 3.781e-10
7.943e+00 4.236e+32 4.282e+34 4.289e-23 5.643e-11 3.546e-10
8.913e+00 3.144e+32 4.001e+34 4.008e-23 5.273e-11 3.313e-10
1.000e+01 2.324e+32 3.723e+34 3.730e-23 4.907e-11 3.083e-10
1.122e+01 1.711e+32 3.451e+34 3.457e-23 4.548e-11 2.858e-10
1.259e+01 1.254e+32 3.184e+34 3.189e-23 4.196e-11 2.637e-10
1.413e+01 9.146e+31 2.924e+34 2.929e-23 3.853e-11 2.421e-10
1.585e+01 6.637e+31 2.671e+34 2.676e-23 3.520e-11 2.212e-10
1.778e+01 4.790e+31 2.427e+34 2.431e-23 3.199e-11 2.010e-10
1.995e+01 3.437e+31 2.192e+34 2.196e-23 2.889e-11 1.816e-10
2.239e+01 2.451e+31 1.968e+34 1.972e-23 2.594e-11 1.630e-10
2.512e+01 1.736e+31 1.755e+34 1.758e-23 2.313e-11 1.453e-10
2.818e+01 1.221e+31 1.554e+34 1.557e-23 2.048e-11 1.287e-10
3.162e+01 8.522e+30 1.365e+34 1.368e-23 1.799e-11 1.131e-10
3.548e+01 5.898e+30 1.190e+34 1.192e-23 1.568e-11 9.850e-11
3.981e+01 4.045e+30 1.027e+34 1.029e-23 1.354e-11 8.506e-11
4.467e+01 2.748e+30 8.784e+33 8.799e-24 1.158e-11 7.274e-11
5.012e+01 1.847e+30 7.434e+33 7.447e-24 9.798e-12 6.156e-11
5.623e+01 1.228e+30 6.221e+33 6.231e-24 8.198e-12 5.151e-11
6.310e+01 8.061e+29 5.142e+33 5.150e-24 6.776e-12 4.258e-11
7.079e+01 5.223e+29 4.194e+33 4.201e-24 5.527e-12 3.473e-11
7.943e+01 3.335e+29 3.371e+33 3.377e-24 4.443e-12 2.792e-11
8.913e+01 2.096e+29 2.668e+33 2.672e-24 3.516e-12 2.209e-11
1.000e+02 1.295e+29 2.075e+33 2.079e-24 2.735e-12 1.718e-11
1.122e+02 7.853e+28 1.584e+33 1.587e-24 2.088e-12 1.312e-11
1.259e+02 4.664e+28 1.184e+33 1.186e-24 1.561e-12 9.807e-12
1.413e+02 2.708e+28 8.657e+32 8.672e-25 1.141e-12 7.169e-12
1.585e+02 1.534e+28 6.175e+32 6.185e-25 8.138e-13 5.113e-12
1.778e+02 8.465e+27 4.289e+32 4.296e-25 5.652e-13 3.551e-12
1.995e+02 4.537e+27 2.894e+32 2.899e-25 3.814e-13 2.396e-12
2.239e+02 2.355e+27 1.891e+32 1.894e-25 2.492e-13 1.566e-12
2.512e+02 1.179e+27 1.192e+32 1.194e-25 1.571e-13 9.873e-13
2.818e+02 5.670e+26 7.216e+31 7.228e-26 9.510e-14 5.975e-13
3.162e+02 2.602e+26 4.168e+31 4.175e-26 5.494e-14 3.452e-13
3.548e+02 1.133e+26 2.285e+31 2.288e-26 3.011e-14 1.892e-13
3.981e+02 4.651e+25 1.181e+31 1.183e-26 1.556e-14 9.779e-14
4.467e+02 1.791e+25 5.725e+30 5.734e-27 7.544e-15 4.740e-14
5.012e+02 6.422e+24 2.584e+30 2.589e-27 3.406e-15 2.140e-14
5.623e+02 2.120e+24 1.074e+30 1.076e-27 1.416e-15 8.896e-15
6.310e+02 6.283e+23 4.008e+29 4.015e-28 5.282e-16 3.319e-15
7.079e+02 1.565e+23 1.256e+29 1.258e-28 1.656e-16 1.040e-15
7.943e+02 2.729e+22 2.759e+28 2.763e-29 3.636e-17 2.284e-16
8.913e+02 2.369e+21 3.015e+27 3.020e-30 3.974e-18 2.497e-17
1.000e+03 0.000e+00 0.000e+00 0.000e+00 0.000e+00 0.000e+00
1.122e+03 0.000e+00 0.000e+00 0.000e+00 0.000e+00 0.000e+00
1.259e+03 0.000e+00 0.000e+00 0.000e+00 0.000e+00 0.000e+00
1.413e+03 0.000e+00 0.000e+00 0.000e+00 0.000e+00 0.000e+00
1.585e+03 0.000e+00 0.000e+00 0.000e+00 0.000e+00 0.000e+00
1.778e+03 0.000e+00 0.000e+00 0.000e+00 0.000e+00 0.000e+00
1.995e+03 0.000e+00 0.000e+00 0.000e+00 0.000e+00 0.000e+00
2.239e+03 0.000e+00 0.000e+00 0.000e+00 0.000e+00 0.000e+00
2.512e+03 0.000e+00 0.000e+00 0.000e+00 0.000e+00 0.000e+00
2.818e+03 0.000e+00 0.000e+00 0.000e+00 0.000e+00 0.000e+00
3.162e+03 0.000e+00 0.000e+00 0.000e+00 0.000e+00 0.000e+00
3.548e+03 0.000e+00 0.000e+00 0.000e+00 0.000e+00 0.000e+00
3.981e+03 0.000e+00 0.000e+00 0.000e+00 0.000e+00 0.000e+00
4.467e+03 0.000e+00 0.000e+00 0.000e+00 0.000e+00 0.000e+00
5.012e+03 0.000e+00 0.000e+00 0.000e+00 0.000e+00 0.000e+00
5.623e+03 0.000e+00 0.000e+00 0.000e+00 0.000e+00 0.000e+00
6.310e+03 0.000e+00 0.000e+00 0.000e+00 0.000e+00 0.000e+00
7.079e+03 0.000e+00 0.000e+00 0.000e+00 0.000e+00 0.000e+00
7.943e+03 0.000e+00 0.000e+00 0.000e+00 0.000e+00 0.000e+00
8.913e+03 0.000e+00 0.000e+00 0.000e+00 0.000e+00 0.000e+00
1.000e+04 0.000e+00 0.000e+00 0.000e+00 0.000e+00 0.000e+00
1.122e+04 0.000e+00 0.000e+00 0.000e+00 0.000e+00 0.000e+00
1.259e+04 0.000e+00 0.000e+00 0.000e+00 0.000e+00 0.000e+00
1.413e+04 0.000e+00 0.000e+00 0.000e+00 0.000e+00 0.000e+00
1.585e+04 0.000e+00 0.000e+00 0.000e+00 0.000e+00 0.000e+00
1.778e+04 0.000e+00 0.000e+00 0.000e+00 0.000e+00 0.000e+00
1.995e+04 0.000e+00 0.000e+00 0.000e+00 0.000e+00 0.000e+00
2.239e+04 0.000e+00 0.000e+00 0.000e+00 0.000e+00 0.000e+00
2.512e+04 0.000e+00 0.000e+00 0.000e+00 0.000e+00 0.000e+00
2.818e+04 0.000e+00 0.000e+00 0.000e+00 0.000e+00 0.000e+00
3.162e+04 0.000e+00 0.000e+00 0.000e+00 0.000e+00 0.000e+00
3.548e+04 0.000e+00 0.000e+00 0.000e+00 0.000e+00 0.000e+00
3.981e+04 0.000e+00 0.000e+00 0.000e+00 0.000e+00 0.000e+00
4.467e+04 0.000e+00 0.000e+00 0.000e+00 0.000e+00 0.000e+00
5.012e+04 0.000e+00 0.000e+00 0.000e+00 0.000e+00 0.000e+00
5.623e+04 0.000e+00 0.000e+00 0.000e+00 0.000e+00 0.000e+00
6.310e+04 0.000e+00 0.000e+00 0.000e+00 0.000e+00 0.000e+00
7.079e+04 0.000e+00 0.000e+00 0.000e+00 0.000e+00 0.000e+00
7.943e+04 0.000e+00 0.000e+00 0.000e+00 0.000e+00 0.000e+00
8.913e+04 0.000e+00 0.000e+00 0.000e+00 0.000e+00 0.000e+00
1.000e+05 0.000e+00 0.000e+00 0.000e+00 0.000e+00 0.000e+00
1.122e+05 0.000e+00 0.000e+00 0.000e+00 0.000e+00 0.000e+00
1.259e+05 0.000e+00 0.000e+00 0.000e+00 0.000e+00 0.000e+00
1.413e+05 0.000e+00 0.000e+00 0.000e+00 0.000e+00 0.000e+00
1.585e+05 0.000e+00 0.000e+00 0.000e+00 0.000e+00 0.000e+00
1.778e+05 0.000e+00 0.000e+00 0.000e+00 0.000e+00 0.000e+00
1.995e+05 0.000e+00 0.000e+00 0.000e+00 0.000e+00 0.000e+00
2.239e+05 0.000e+00 0.000e+00 0.000e+00 0.000e+00 0.000e+00
2.512e+05 0.000e+00 0.000e+00 0.000e+00 0.000e+00 0.000e+00
2.818e+05 0.000e+00 0.000e+00 0.000e+00 0.000e+00 0.000e+00
3.162e+05 0.000e+00 0.000e+00 0.000e+00 0.000e+00 0.000e+00
3.548e+05 0.000e+00 0.000e+00 0.000e+00 0.000e+00 0.000e+00
3.981e+05 0.000e+00 0.000e+00 0.000e+00 0.000e+00 0.000e+00
4.467e+05 0.000e+00 0.000e+00 0.000e+00 0.000e+00 0.000e+00
5.012e+05 0.000e+00 0.000e+00 0.000e+00 0.000e+00 0.000e+00
5.623e+05 0.000e+00 0.000e+00 0.000e+00 0.000e+00 0.000e+00
6.310e+05 0.000e+00 0.000e+00 0.000e+00 0.000e+00 0.000e+00
7.079e+05 0.000e+00 0.000e+00 0.000e+00 0.000e+00 0.000e+00
7.943e+05 0.000e+00 0.000e+00 0.000e+00 0.000e+00 0.000e+00
8.913e+05 0.000e+00 0.000e+00 0.000e+00 0.000e+00 0.000e+00
1.000e+06 0.000e+00 0.000e+00 0.000e+00 0.000e+00 0.000e+00
1.122e+06 0.000e+00 0.000e+00 0.000e+00 0.000e+00 0.000e+00
1.259e+06 0.000e+00 0.000e+00 0.000e+00 0.000e+00 0.000e+00
1.413e+06 0.000e+00 0.000e+00 0.000e+00 0.000e+00 0.000e+00
1.585e+06 0.000e+00 0.000e+00 0.000e+00 0.000e+00 0.000e+00
1.778e+06 0.000e+00 0.000e+00 0.000e+00 0.000e+00 0.000e+00
1.995e+06 0.000e+00 0.000e+00 0.000e+00 0.000e+00 0.000e+00
2.239e+06 0.000e+00 0.000e+00 0.000e+00 0.000e+00 0.000e+00
2.512e+06 0.000e+00 0.000e+00 0.000e+00 0.000e+00 0.000e+00
2.818e+06 0.000e+00 0.000e+00 0.000e+00 0.000e+00 0.000e+00
3.162e+06 0.000e+00 0.000e+00 0.000e+00 0.000e+00 0.000e+00
3.548e+06 0.000e+00 0.000e+00 0.000e+00 0.000e+00 0.000e+00
3.981e+06 0.000e+00 0.000e+00 0.000e+00 0.000e+00 0.000e+00
4.467e+06 0.000e+00 0.000e+00 0.000e+00 0.000e+00 0.000e+00
5.012e+06 0.000e+00 0.000e+00 0.000e+00 0.000e+00 0.000e+00
5.623e+06 0.000e+00 0.000e+00 0.000e+00 0.000e+00 0.000e+00
6.310e+06 0.000e+00 0.000e+00 0.000e+00 0.000e+00 0.000e+00
7.079e+06 0.000e+00 0.000e+00 0.000e+00 0.000e+00 0.000e+00
7.943e+06 0.000e+00 0.000e+00 0.000e+00 0.000e+00 0.000e+00
8.913e+06 0.000e+00 0.000e+00 0.000e+00 0.000e+00 0.000e+00
1.000e+07 0.000e+00 0.000e+00 0.000e+00 0.000e+00 0.000e+00
1.122e+07 0.000e+00 0.000e+00 0.000e+00 0.000e+00 0.000e+00
1.259e+07 0.000e+00 0.000e+00 0.000e+00 0.000e+00 0.000e+00
1.413e+07 0.000e+00 0.000e+00 0.000e+00 0.000e+00 0.000e+00
1.585e+07 0.000e+00 0.000e+00 0.000e+00 0.000e+00 0.000e+00
1.778e+07 0.000e+00 0.000e+00 0.000e+00 0.000e+00 0.000e+00
1.995e+07 0.000e+00 0.000e+00 0.000e+00 0.000e+00 0.000e+00
2.239e+07 0.000e+00 0.000e+00 0.000e+00 0.000e+00 0.000e+00
2.512e+07 0.000e+00 0.000e+00 0.000e+00 0.000e+00 0.000e+00
2.818e+07 0.000e+00 0.000e+00 0.000e+00 0.000e+00 0.000e+00
3.162e+07 0.000e+00 0.000e+00 0.000e+00 0.000e+00 0.000e+00
3.548e+07 0.000e+00 0.000e+00 0.000e+00 0.000e+00 0.000e+00
3.981e+07 0.000e+00 0.000e+00 0.000e+00 0.000e+00 0.000e+00
4.467e+07 0.000e+00 0.000e+00 0.000e+00 0.000e+00 0.000e+00
5.012e+07 0.000e+00 0.000e+00 0.000e+00 0.000e+00 0.000e+00
5.623e+07 0.000e+00 0.000e+00 0.000e+00 0.000e+00 0.000e+00
6.310e+07 0.000e+00 0.000e+00 0.000e+00 0.000e+00 0.000e+00
7.079e+07 0.000e+00 0.000e+00 0.000e+00 0.000e+00 0.000e+00
7.943e+07 0.000e+00 0.000e+00 0.000e+00 0.000e+00 0.000e+00
8.913e+07 0.000e+00 0.000e+00 0.000e+00 0.000e+00 0.000e+00
1.000e+08 0.000e+00 0.000e+00 0.000e+00 0.000e+00 0.000e+00
