1.000e-20 0.000e+00 0.000e+00 0.000e+00 0.000e+00 0.000e+00
1.122e-20 0.000e+00 0.000e+00 0.000e+00 0.000e+00 0.000e+00
1.259e-20 0.000e+00 0.000e+00 0.000e+00 0.000e+00 0.000e+00
1.413e-20 0.000e+00 0.000e+00 0.000e+00 0.000e+00 0.000e+00
1.585e-20 0.000e+00 0.000e+00 0.000e+00 0.000e+00 0.000e+00
1.778e-20 0.000e+00 0.000e+00 0.000e+00 0.000e+00 0.000e+00
1.995e-20 0.000e+00 0.000e+00 0.000e+00 0.000e+00 0.000e+00
2.239e-20 0.000e+00 0.000e+00 0.000e+00 0.000e+00 0.000e+00
2.512e-20 0.000e+00 0.000e+00 0.000e+00 0.000e+00 0.000e+00
2.818e-20 0.000e+00 0.000e+00 0.000e+00 0.000e+00 0.000e+00
3.162e-20 0.000e+00 0.000e+00 0.000e+00 0.000e+00 0.000e+00
3.548e-20 0.000e+00 0.000e+00 0.000e+00 0.000e+00 0.000e+00
3.981e-20 0.000e+00 0.000e+00 0.000e+00 0.000e+00 0.000e+00
4.467e-20 0.000e+00 0.000e+00 0.000e+00 0.000e+00 0.000e+00
5.012e-20 0.000e+00 0.000e+00 0.000e+00 0.000e+00 0.000e+00
5.623e-20 0.000e+00 0.000e+00 0.000e+00 0.000e+00 0.000e+00
6.310e-20 0.000e+00 0.000e+00 0.000e+00 0.000e+00 0.000e+00
7.079e-20 0.000e+00 0.000e+00 0.000e+00 0.000e+00 0.000e+00
7.943e-20 0.000e+00 0.000e+00 0.000e+00 0.000e+00 0.000e+00
8.913e-20 0.000e+00 0.000e+00 0.000e+00 0.000e+00 0.000e+00
1.000e-19 0.000e+00 0.000e+00 0.000e+00 0.000e+00 0.000e+00
1.122e-19 0.000e+00 0.000e+00 0.000e+00 0.000e+00 0.000e+00
1.259e-19 0.000e+00 0.000e+00 0.000e+00 0.000e+00 0.000e+00
1.413e-19 0.000e+00 0.000e+00 0.000e+00 0.000e+00 0.000e+00
1.585e-19 0.000e+00 0.000e+00 0.000e+00 0.000e+00 0.000e+00
1.778e-19 0.000e+00 0.000e+00 0.000e+00 0.000e+00 0.000e+00
1.995e-19 0.000e+00 0.000e+00 0.000e+00 0.000e+00 0.000e+00
2.239e-19 0.000e+00 0.000e+00 0.000e+00 0.000e+00 0.000e+00
2.512e-19 0.000e+00 0.000e+00 0.000e+00 0.000e+00 0.000e+00
2.818e-19 0.000e+00 0.000e+00 0.000e+00 0.000e+00 0.000e+00
3.162e-19 0.000e+00 0.000e+00 0.000e+00 0.000e+00 0.000e+00
3.548e-19 0.000e+00 0.000e+00 0.000e+00 0.000e+00 0.000e+00
3.981e-19 0.000e+00 0.000e+00 0.000e+00 0.000e+00 0.000e+00
4.467e-19 0.000e+00 0.000e+00 0.000e+00 0.000e+00 0.000e+00
5.012e-19 0.000e+00 0.000e+00 0.000e+00 0.000e+00 0.000e+00
5.623e-19 0.000e+00 0.000e+00 0.000e+00 0.000e+00 0.000e+00
6.310e-19 0.000e+00 0.000e+00 0.000e+00 0.000e+00 0.000e+00
7.079e-19 0.000e+00 0.000e+00 0.000e+00 0.000e+00 0.000e+00
7.943e-19 0.000e+00 0.000e+00 0.000e+00 0.000e+00 0.000e+00
8.913e-19 0.000e+00 0.000e+00 0.000e+00 0.000e+00 0.000e+00
1.000e-18 0.000e+00 0.000e+00 0.000e+00 0.000e+00 0.000e+00
1.122e-18 0.000e+00 0.000e+00 0.000e+00 0.000e+00 0.000e+00
1.259e-18 0.000e+00 0.000e+00 0.000e+00 0.000e+00 0.000e+00
1.413e-18 0.000e+00 0.000e+00 0.000e+00 0.000e+00 0.000e+00
1.585e-18 0.000e+00 0.000e+00 0.000e+00 0.000e+00 0.000e+00
1.778e-18 0.000e+00 0.000e+00 0.000e+00 0.000e+00 0.000e+00
1.995e-18 0.000e+00 0.000e+00 0.000e+00 0.000e+00 0.000e+00
2.239e-18 0.000e+00 0.000e+00 0.000e+00 0.000e+00 0.000e+00
2.512e-18 0.000e+00 0.000e+00 0.000e+00 0.000e+00 0.000e+00
2.818e-18 0.000e+00 0.000e+00 0.000e+00 0.000e+00 0.000e+00
3.162e-18 0.000e+00 0.000e+00 0.000e+00 0.000e+00 0.000e+00
3.548e-18 0.000e+00 0.000e+00 0.000e+00 0.000e+00 0.000e+00
3.981e-18 0.000e+00 0.000e+00 0.000e+00 0.000e+00 0.000e+00
4.467e-18 0.000e+00 0.000e+00 0.000e+00 0.000e+00 0.000e+00
5.012e-18 0.000e+00 0.000e+00 0.000e+00 0.000e+00 0.000e+00
5.623e-18 0.000e+00 0.000e+00 0.000e+00 0.000e+00 0.000e+00
6.310e-18 0.000e+00 0.000e+00 0.000e+00 0.000e+00 0.000e+00
7.079e-18 0.000e+00 0.000e+00 0.000e+00 0.000e+00 0.000e+00
7.943e-18 0.000e+00 0.000e+00 0.000e+00 0.000e+00 0.000e+00
8.913e-18 0.000e+00 0.000e+00 0.000e+00 0.000e+00 0.000e+00
1.000e-17 0.000e+00 0.000e+00 0.000e+00 0.000e+00 0.000e+00
1.122e-17 0.000e+00 0.000e+00 0.000e+00 0.000e+00 0.000e+00
1.259e-17 0.000e+00 0.000e+00 0.000e+00 0.000e+00 0.000e+00
1.413e-17 0.000e+00 0.000e+00 0.000e+00 0.000e+00 0.000e+00
1.585e-17 0.000e+00 0.000e+00 0.000e+00 0.000e+00 0.000e+00
1.778e-17 0.000e+00 0.000e+00 0.000e+00 0.000e+00 0.000e+00
1.995e-17 0.000e+00 0.000e+00 0.000e+00 0.000e+00 0.000e+00
2.239e-17 0.000e+00 0.000e+00 0.000e+00 0.000e+00 0.000e+00
2.512e-17 0.000e+00 0.000e+00 0.000e+00 0.000e+00 0.000e+00
2.818e-17 0.000e+00 0.000e+00 0.000e+00 0.000e+00 0.000e+00
3.162e-17 0.000e+00 0.000e+00 0.000e+00 0.000e+00 0.000e+00
3.548e-17 0.000e+00 0.000e+00 0.000e+00 0.000e+00 0.000e+00
3.981e-17 0.000e+00 0.000e+00 0.000e+00 0.000e+00 0.000e+00
4.467e-17 0.000e+00 0.000e+00 0.000e+00 0.000e+00 0.000e+00
5.012e-17 0.000e+00 0.000e+00 0.000e+00 0.000e+00 0.000e+00
5.623e-17 0.000e+00 0.000e+00 0.000e+00 0.000e+00 0.000e+00
6.310e-17 0.000e+00 0.000e+00 0.000e+00 0.000e+00 0.000e+00
7.079e-17 0.000e+00 0.000e+00 0.000e+00 0.000e+00 0.000e+00
7.943e-17 0.000e+00 0.000e+00 0.000e+00 0.000e+00 0.000e+00
8.913e-17 0.000e+00 0.000e+00 0.000e+00 0.000e+00 0.000e+00
1.000e-16 0.000e+00 0.000e+00 0.000e+00 0.000e+00 0.000e+00
1.122e-16 0.000e+00 0.000e+00 0.000e+00 0.000e+00 0.000e+00
1.259e-16 0.000e+00 0.000e+00 0.000e+00 0.000e+00 0.000e+00
1.413e-16 0.000e+00 0.000e+00 0.000e+00 0.000e+00 0.000e+00
1.585e-16 0.000e+00 0.000e+00 0.000e+00 0.000e+00 0.000e+00
1.778e-16 0.000e+00 0.000e+00 0.000e+00 0.000e+00 0.000e+00
1.995e-16 0.000e+00 0.000e+00 0.000e+00 0.000e+00 0.000e+00
2.239e-16 0.000e+00 0.000e+00 0.000e+00 0.000e+00 0.000e+00
2.512e-16 0.000e+00 0.000e+00 0.000e+00 0.000e+00 0.000e+00
2.818e-16 0.000e+00 0.000e+00 0.000e+00 0.000e+00 0.000e+00
3.162e-16 0.000e+00 0.000e+00 0.000e+00 0.000e+00 0.000e+00
3.548e-16 0.000e+00 0.000e+00 0.000e+00 0.000e+00 0.000e+00
3.981e-16 0.000e+00 0.000e+00 0.000e+00 0.000e+00 0.000e+00
4.467e-16 0.000e+00 0.000e+00 0.000e+00 0.000e+00 0.000e+00
5.012e-16 0.000e+00 0.000e+00 0.000e+00 0.000e+00 0.000e+00
5.623e-16 0.000e+00 0.000e+00 0.000e+00 0.000e+00 0.000e+00
6.310e-16 0.000e+00 0.000e+00 0.000e+00 0.000e+00 0.000e+00
7.079e-16 0.000e+00 0.000e+00 0.000e+00 0.000e+00 0.000e+00
7.943e-16 0.000e+00 0.000e+00 0.000e+00 0.000e+00 0.000e+00
8.913e-16 0.000e+00 0.000e+00 0.000e+00 0.000e+00 0.000e+00
1.000e-15 0.000e+00 0.000e+00 0.000e+00 0.000e+00 0.000e+00
1.122e-15 0.000e+00 0.000e+00 0.000e+00 0.000e+00 0.000e+00
1.259e-15 0.000e+00 0.000e+00 0.000e+00 0.000e+00 0.000e+00
1.413e-15 0.000e+00 0.000e+00 0.000e+00 0.000e+00 0.000e+00
1.585e-15 0.000e+00 0.000e+00 0.000e+00 0.000e+00 0.000e+00
1.778e-15 0.000e+00 0.000e+00 0.000e+00 0.000e+00 0.000e+00
1.995e-15 0.000e+00 0.000e+00 0.000e+00 0.000e+00 0.000e+00
2.239e-15 0.000e+00 0.000e+00 0.000e+00 0.000e+00 0.000e+00
2.512e-15 0.000e+00 0.000e+00 0.000e+00 0.000e+00 0.000e+00
2.818e-15 0.000e+00 0.000e+00 0.000e+00 0.000e+00 0.000e+00
3.162e-15 0.000e+00 0.000e+00 0.000e+00 0.000e+00 0.000e+00
3.548e-15 0.000e+00 0.000e+00 0.000e+00 0.000e+00 0.000e+00
3.981e-15 0.000e+00 0.000e+00 0.000e+00 0.000e+00 0.000e+00
4.467e-15 0.000e+00 0.000e+00 0.000e+00 0.000e+00 0.000e+00
5.012e-15 0.000e+00 0.000e+00 0.000e+00 0.000e+00 0.000e+00
5.623e-15 0.000e+00 0.000e+00 0.000e+00 0.000e+00 0.000e+00
6.310e-15 0.000e+00 0.000e+00 0.000e+00 0.000e+00 0.000e+00
7.079e-15 0.000e+00 0.000e+00 0.000e+00 0.000e+00 0.000e+00
7.943e-15 0.000e+00 0.000e+00 0.000e+00 0.000e+00 0.000e+00
8.913e-15 0.000e+00 0.000e+00 0.000e+00 0.000e+00 0.000e+00
1.000e-14 0.000e+00 0.000e+00 0.000e+00 0.000e+00 0.000e+00
1.122e-14 0.000e+00 0.000e+00 0.000e+00 0.000e+00 0.000e+00
1.259e-14 0.000e+00 0.000e+00 0.000e+00 0.000e+00 0.000e+00
1.413e-14 0.000e+00 0.000e+00 0.000e+00 0.000e+00 0.000e+00
1.585e-14 0.000e+00 0.000e+00 0.000e+00 0.000e+00 0.000e+00
1.778e-14 0.000e+00 0.000e+00 0.000e+00 0.000e+00 0.000e+00
1.995e-14 0.000e+00 0.000e+00 0.000e+00 0.000e+00 0.000e+00
2.239e-14 0.000e+00 0.000e+00 0.000e+00 0.000e+00 0.000e+00
2.512e-14 0.000e+00 0.000e+00 0.000e+00 0.000e+00 0.000e+00
2.818e-14 0.000e+00 0.000e+00 0.000e+00 0.000e+00 0.000e+00
3.162e-14 0.000e+00 0.000e+00 0.000e+00 0.000e+00 0.000e+00
3.548e-14 0.000e+00 0.000e+00 0.000e+00 0.000e+00 0.000e+00
3.981e-14 0.000e+00 0.000e+00 0.000e+00 0.000e+00 0.000e+00
4.467e-14 0.000e+00 0.000e+00 0.000e+00 0.000e+00 0.000e+00
5.012e-14 0.000e+00 0.000e+00 0.000e+00 0.000e+00 0.000e+00
5.623e-14 0.000e+00 0.000e+00 0.000e+00 0.000e+00 0.000e+00
6.310e-14 0.000e+00 0.000e+00 0.000e+00 0.000e+00 0.000e+00
7.079e-14 0.000e+00 0.000e+00 0.000e+00 0.000e+00 0.000e+00
7.943e-14 0.000e+00 0.000e+00 0.000e+00 0.000e+00 0.000e+00
8.913e-14 0.000e+00 0.000e+00 0.000e+00 0.000e+00 0.000e+00
1.000e-13 0.000e+00 0.000e+00 0.000e+00 0.000e+00 0.000e+00
1.122e-13 0.000e+00 0.000e+00 0.000e+00 0.000e+00 0.000e+00
1.259e-13 0.000e+00 0.000e+00 0.000e+00 0.000e+00 0.000e+00
1.413e-13 0.000e+00 0.000e+00 0.000e+00 0.000e+00 0.000e+00
1.585e-13 0.000e+00 0.000e+00 0.000e+00 0.000e+00 0.000e+00
1.778e-13 0.000e+00 0.000e+00 0.000e+00 0.000e+00 0.000e+00
1.995e-13 0.000e+00 0.000e+00 0.000e+00 0.000e+00 0.000e+00
2.239e-13 0.000e+00 0.000e+00 0.000e+00 0.000e+00 0.000e+00
2.512e-13 0.000e+00 0.000e+00 0.000e+00 0.000e+00 0.000e+00
2.818e-13 0.000e+00 0.000e+00 0.000e+00 0.000e+00 0.000e+00
3.162e-13 0.000e+00 0.000e+00 0.000e+00 0.000e+00 0.000e+00
3.548e-13 0.000e+00 0.000e+00 0.000e+00 0.000e+00 0.000e+00
3.981e-13 0.000e+00 0.000e+00 0.000e+00 0.000e+00 0.000e+00
4.467e-13 0.000e+00 0.000e+00 0.000e+00 0.000e+00 0.000e+00
5.012e-13 0.000e+00 0.000e+00 0.000e+00 0.000e+00 0.000e+00
5.623e-13 0.000e+00 0.000e+00 0.000e+00 0.000e+00 0.000e+00
6.310e-13 0.000e+00 0.000e+00 0.000e+00 0.000e+00 0.000e+00
7.079e-13 0.000e+00 0.000e+00 0.000e+00 0.000e+00 0.000e+00
7.943e-13 0.000e+00 0.000e+00 0.000e+00 0.000e+00 0.000e+00
8.913e-13 0.000e+00 0.000e+00 0.000e+00 0.000e+00 0.000e+00
1.000e-12 0.000e+00 0.000e+00 0.000e+00 0.000e+00 0.000e+00
1.122e-12 inf inf inf inf inf
1.259e-12 inf inf inf inf inf
1.413e-12 inf inf inf inf inf
1.585e-12 inf inf inf inf inf
1.778e-12 inf inf inf inf inf
1.995e-12 inf inf inf inf inf
2.239e-12 inf inf inf inf inf
2.512e-12 inf inf inf inf inf
2.818e-12 inf inf inf inf inf
3.162e-12 inf inf inf inf inf
3.548e-12 inf inf inf inf inf
3.981e-12 inf inf inf inf inf
4.467e-12 inf inf inf inf inf
5.012e-12 inf inf inf inf inf
5.623e-12 7.332e+50 3.715e+28 3.721e-29 1.224e-17 7.690e-17
6.310e-12 6.313e+50 4.027e+28 4.033e-29 1.327e-17 8.336e-17
7.079e-12 5.435e+50 4.364e+28 4.372e-29 1.438e-17 9.035e-17
7.943e-12 4.680e+50 4.731e+28 4.739e-29 1.559e-17 9.793e-17
8.913e-12 4.029e+50 5.128e+28 5.136e-29 1.689e-17 1.062e-16
1.000e-11 3.469e+50 5.558e+28 5.568e-29 1.831e-17 1.151e-16
1.122e-11 2.987e+50 6.025e+28 6.035e-29 1.985e-17 1.247e-16
1.259e-11 2.572e+50 6.530e+28 6.541e-29 2.152e-17 1.352e-16
1.413e-11 2.214e+50 7.078e+28 7.090e-29 2.332e-17 1.465e-16
1.585e-11 1.906e+50 7.672e+28 7.685e-29 2.528e-17 1.588e-16
1.778e-11 1.641e+50 8.316e+28 8.330e-29 2.740e-17 1.722e-16
1.995e-11 1.413e+50 9.014e+28 9.030e-29 2.970e-17 1.866e-16
2.239e-11 1.217e+50 9.771e+28 9.787e-29 3.219e-17 2.023e-16
2.512e-11 1.048e+50 1.059e+29 1.061e-28 3.489e-17 2.192e-16
2.818e-11 9.020e+49 1.148e+29 1.150e-28 3.782e-17 2.376e-16
3.162e-11 7.766e+49 1.244e+29 1.246e-28 4.100e-17 2.576e-16
3.548e-11 6.687e+49 1.349e+29 1.351e-28 4.444e-17 2.792e-16
3.981e-11 5.757e+49 1.462e+29 1.464e-28 4.817e-17 3.026e-16
4.467e-11 4.957e+49 1.585e+29 1.587e-28 5.221e-17 3.280e-16
5.012e-11 4.268e+49 1.718e+29 1.721e-28 5.659e-17 3.556e-16
5.623e-11 3.675e+49 1.862e+29 1.865e-28 6.134e-17 3.854e-16
6.310e-11 3.164e+49 2.018e+29 2.021e-28 6.649e-17 4.178e-16
7.079e-11 2.724e+49 2.187e+29 2.191e-28 7.207e-17 4.528e-16
7.943e-11 2.345e+49 2.371e+29 2.375e-28 7.812e-17 4.908e-16
8.913e-11 2.019e+49 2.570e+29 2.574e-28 8.467e-17 5.320e-16
1.000e-10 1.739e+49 2.786e+29 2.790e-28 9.178e-17 5.767e-16
1.122e-10 1.497e+49 3.019e+29 3.025e-28 9.948e-17 6.251e-16
1.259e-10 1.289e+49 3.273e+29 3.278e-28 1.078e-16 6.775e-16
1.413e-10 1.110e+49 3.548e+29 3.554e-28 1.169e-16 7.344e-16
1.585e-10 9.555e+48 3.845e+29 3.852e-28 1.267e-16 7.960e-16
1.778e-10 8.227e+48 4.168e+29 4.175e-28 1.373e-16 8.628e-16
1.995e-10 7.083e+48 4.518e+29 4.525e-28 1.489e-16 9.353e-16
2.239e-10 6.098e+48 4.897e+29 4.905e-28 1.613e-16 1.014e-15
2.512e-10 5.251e+48 5.308e+29 5.317e-28 1.749e-16 1.099e-15
2.818e-10 4.521e+48 5.753e+29 5.763e-28 1.896e-16 1.191e-15
3.162e-10 3.892e+48 6.236e+29 6.247e-28 2.055e-16 1.291e-15
3.548e-10 3.351e+48 6.760e+29 6.771e-28 2.227e-16 1.399e-15
3.981e-10 2.885e+48 7.327e+29 7.339e-28 2.414e-16 1.517e-15
4.467e-10 2.484e+48 7.942e+29 7.955e-28 2.617e-16 1.644e-15
5.012e-10 2.139e+48 8.608e+29 8.623e-28 2.836e-16 1.782e-15
5.623e-10 1.842e+48 9.331e+29 9.347e-28 3.074e-16 1.932e-15
6.310e-10 1.586e+48 1.011e+30 1.013e-27 3.332e-16 2.094e-15
7.079e-10 1.365e+48 1.096e+30 1.098e-27 3.612e-16 2.270e-15
7.943e-10 1.175e+48 1.188e+30 1.190e-27 3.915e-16 2.460e-15
8.913e-10 1.012e+48 1.288e+30 1.290e-27 4.244e-16 2.666e-15
1.000e-09 8.714e+47 1.396e+30 1.399e-27 4.600e-16 2.890e-15
1.122e-09 7.503e+47 1.513e+30 1.516e-27 4.986e-16 3.133e-15
1.259e-09 6.460e+47 1.640e+30 1.643e-27 5.404e-16 3.396e-15
1.413e-09 5.562e+47 1.778e+30 1.781e-27 5.858e-16 3.681e-15
1.585e-09 4.789e+47 1.927e+30 1.930e-27 6.350e-16 3.990e-15
1.778e-09 4.123e+47 2.089e+30 2.092e-27 6.883e-16 4.324e-15
1.995e-09 3.550e+47 2.264e+30 2.268e-27 7.460e-16 4.687e-15
2.239e-09 3.056e+47 2.454e+30 2.458e-27 8.086e-16 5.081e-15
2.512e-09 2.632e+47 2.660e+30 2.665e-27 8.765e-16 5.507e-15
2.818e-09 2.266e+47 2.884e+30 2.888e-27 9.501e-16 5.969e-15
3.162e-09 1.951e+47 3.126e+30 3.131e-27 1.030e-15 6.470e-15
3.548e-09 1.680e+47 3.388e+30 3.394e-27 1.116e-15 7.013e-15
3.981e-09 1.446e+47 3.672e+30 3.678e-27 1.210e-15 7.602e-15
4.467e-09 1.245e+47 3.980e+30 3.987e-27 1.311e-15 8.240e-15
5.012e-09 1.072e+47 4.314e+30 4.322e-27 1.422e-15 8.932e-15
5.623e-09 9.230e+46 4.677e+30 4.684e-27 1.541e-15 9.681e-15
6.310e-09 7.947e+46 5.069e+30 5.078e-27 1.670e-15 1.049e-14
7.079e-09 6.842e+46 5.494e+30 5.504e-27 1.810e-15 1.137e-14
7.943e-09 5.891e+46 5.956e+30 5.966e-27 1.962e-15 1.233e-14
8.913e-09 5.072e+46 6.455e+30 6.466e-27 2.127e-15 1.336e-14
1.000e-08 4.367e+46 6.997e+30 7.009e-27 2.305e-15 1.449e-14
1.122e-08 3.760e+46 7.584e+30 7.597e-27 2.499e-15 1.570e-14
1.259e-08 3.238e+46 8.221e+30 8.235e-27 2.709e-15 1.702e-14
1.413e-08 2.787e+46 8.911e+30 8.926e-27 2.936e-15 1.845e-14
1.585e-08 2.400e+46 9.659e+30 9.675e-27 3.182e-15 2.000e-14
1.778e-08 2.066e+46 1.047e+31 1.049e-26 3.449e-15 2.167e-14
1.995e-08 1.779e+46 1.135e+31 1.137e-26 3.739e-15 2.349e-14
2.239e-08 1.532e+46 1.230e+31 1.232e-26 4.053e-15 2.546e-14
2.512e-08 1.319e+46 1.333e+31 1.336e-26 4.393e-15 2.760e-14
2.818e-08 1.136e+46 1.445e+31 1.448e-26 4.762e-15 2.992e-14
3.162e-08 9.777e+45 1.566e+31 1.569e-26 5.161e-15 3.243e-14
3.548e-08 8.418e+45 1.698e+31 1.701e-26 5.594e-15 3.515e-14
3.981e-08 7.248e+45 1.840e+31 1.844e-26 6.064e-15 3.810e-14
4.467e-08 6.240e+45 1.995e+31 1.998e-26 6.573e-15 4.130e-14
5.012e-08 5.373e+45 2.162e+31 2.166e-26 7.124e-15 4.476e-14
5.623e-08 4.626e+45 2.344e+31 2.348e-26 7.722e-15 4.852e-14
6.310e-08 3.983e+45 2.540e+31 2.545e-26 8.370e-15 5.259e-14
7.079e-08 3.429e+45 2.754e+31 2.758e-26 9.073e-15 5.701e-14
7.943e-08 2.953e+45 2.985e+31 2.990e-26 9.834e-15 6.179e-14
8.913e-08 2.542e+45 3.235e+31 3.241e-26 1.066e-14 6.698e-14
1.000e-07 2.189e+45 3.507e+31 3.513e-26 1.155e-14 7.260e-14
1.122e-07 1.885e+45 3.801e+31 3.808e-26 1.252e-14 7.869e-14
1.259e-07 1.623e+45 4.120e+31 4.127e-26 1.357e-14 8.529e-14
1.413e-07 1.397e+45 4.466e+31 4.473e-26 1.471e-14 9.245e-14
1.585e-07 1.203e+45 4.841e+31 4.849e-26 1.595e-14 1.002e-13
1.778e-07 1.036e+45 5.247e+31 5.256e-26 1.729e-14 1.086e-13
1.995e-07 8.917e+44 5.687e+31 5.697e-26 1.874e-14 1.177e-13
2.239e-07 7.677e+44 6.165e+31 6.175e-26 2.031e-14 1.276e-13
2.512e-07 6.610e+44 6.682e+31 6.693e-26 2.202e-14 1.383e-13
2.818e-07 5.691e+44 7.243e+31 7.255e-26 2.386e-14 1.499e-13
3.162e-07 4.900e+44 7.851e+31 7.864e-26 2.587e-14 1.625e-13
3.548e-07 4.219e+44 8.509e+31 8.524e-26 2.804e-14 1.762e-13
3.981e-07 3.632e+44 9.223e+31 9.239e-26 3.039e-14 1.909e-13
4.467e-07 3.127e+44 9.998e+31 1.001e-25 3.294e-14 2.070e-13
5.012e-07 2.693e+44 1.084e+32 1.085e-25 3.570e-14 2.243e-13
5.623e-07 2.318e+44 1.175e+32 1.177e-25 3.870e-14 2.432e-13
6.310e-07 1.996e+44 1.273e+32 1.275e-25 4.195e-14 2.636e-13
7.079e-07 1.719e+44 1.380e+32 1.382e-25 4.547e-14 2.857e-13
7.943e-07 1.480e+44 1.496e+32 1.498e-25 4.928e-14 3.097e-13
8.913e-07 1.274e+44 1.621e+32 1.624e-25 5.342e-14 3.356e-13
1.000e-06 1.097e+44 1.757e+32 1.760e-25 5.790e-14 3.638e-13
1.122e-06 9.444e+43 1.905e+32 1.908e-25 6.276e-14 3.943e-13
1.259e-06 8.131e+43 2.065e+32 2.068e-25 6.803e-14 4.274e-13
1.413e-06 7.001e+43 2.238e+32 2.242e-25 7.373e-14 4.633e-13
1.585e-06 6.027e+43 2.426e+32 2.430e-25 7.992e-14 5.022e-13
1.778e-06 5.189e+43 2.629e+32 2.634e-25 8.663e-14 5.443e-13
1.995e-06 4.468e+43 2.850e+32 2.855e-25 9.389e-14 5.900e-13
2.239e-06 3.847e+43 3.089e+32 3.094e-25 1.018e-13 6.395e-13
2.512e-06 3.312e+43 3.348e+32 3.354e-25 1.103e-13 6.931e-13
2.818e-06 2.851e+43 3.629e+32 3.635e-25 1.196e-13 7.512e-13
3.162e-06 2.455e+43 3.933e+32 3.940e-25 1.296e-13 8.142e-13
3.548e-06 2.114e+43 4.263e+32 4.270e-25 1.405e-13 8.825e-13
3.981e-06 1.820e+43 4.621e+32 4.628e-25 1.522e-13 9.565e-13
4.467e-06 1.567e+43 5.008e+32 5.016e-25 1.650e-13 1.037e-12
5.012e-06 1.349e+43 5.428e+32 5.437e-25 1.788e-13 1.124e-12
5.623e-06 1.161e+43 5.883e+32 5.893e-25 1.938e-13 1.218e-12
6.310e-06 9.996e+42 6.376e+32 6.386e-25 2.101e-13 1.320e-12
7.079e-06 8.605e+42 6.910e+32 6.921e-25 2.277e-13 1.430e-12
7.943e-06 7.408e+42 7.488e+32 7.501e-25 2.467e-13 1.550e-12
8.913e-06 6.377e+42 8.115e+32 8.129e-25 2.674e-13 1.680e-12
1.000e-05 5.489e+42 8.794e+32 8.809e-25 2.897e-13 1.821e-12
1.122e-05 4.725e+42 9.529e+32 9.546e-25 3.140e-13 1.973e-12
1.259e-05 4.066e+42 1.033e+33 1.034e-24 3.402e-13 2.138e-12
1.413e-05 3.500e+42 1.119e+33 1.121e-24 3.686e-13 2.316e-12
1.585e-05 3.012e+42 1.212e+33 1.214e-24 3.994e-13 2.509e-12
1.778e-05 2.592e+42 1.313e+33 1.315e-24 4.327e-13 2.718e-12
1.995e-05 2.230e+42 1.422e+33 1.425e-24 4.687e-13 2.945e-12
2.239e-05 1.919e+42 1.541e+33 1.543e-24 5.076e-13 3.190e-12
2.512e-05 1.651e+42 1.669e+33 1.671e-24 5.498e-13 3.454e-12
2.818e-05 1.420e+42 1.807e+33 1.810e-24 5.953e-13 3.740e-12
3.162e-05 1.221e+42 1.956e+33 1.959e-24 6.445e-13 4.049e-12
3.548e-05 1.050e+42 2.117e+33 2.121e-24 6.976e-13 4.383e-12
3.981e-05 9.023e+41 2.291e+33 2.295e-24 7.549e-13 4.743e-12
4.467e-05 7.755e+41 2.479e+33 2.483e-24 8.168e-13 5.132e-12
5.012e-05 6.662e+41 2.681e+33 2.686e-24 8.834e-13 5.550e-12
5.623e-05 5.721e+41 2.899e+33 2.904e-24 9.551e-13 6.001e-12
6.310e-05 4.912e+41 3.133e+33 3.138e-24 1.032e-12 6.486e-12
7.079e-05 4.215e+41 3.384e+33 3.390e-24 1.115e-12 7.006e-12
7.943e-05 3.614e+41 3.654e+33 3.660e-24 1.204e-12 7.564e-12
8.913e-05 3.098e+41 3.943e+33 3.949e-24 1.299e-12 8.162e-12
1.000e-04 2.653e+41 4.251e+33 4.259e-24 1.401e-12 8.801e-12
1.122e-04 2.271e+41 4.581e+33 4.588e-24 1.509e-12 9.483e-12
1.259e-04 1.942e+41 4.931e+33 4.940e-24 1.625e-12 1.021e-11
1.413e-04 1.659e+41 5.304e+33 5.313e-24 1.747e-12 1.098e-11
1.585e-04 1.416e+41 5.698e+33 5.707e-24 1.877e-12 1.180e-11
1.778e-04 1.207e+41 6.114e+33 6.124e-24 2.014e-12 1.266e-11
1.995e-04 1.027e+41 6.552e+33 6.563e-24 2.159e-12 1.356e-11
2.239e-04 8.731e+40 7.011e+33 7.023e-24 2.310e-12 1.451e-11
2.512e-04 7.410e+40 7.491e+33 7.504e-24 2.468e-12 1.551e-11
2.818e-04 6.278e+40 7.990e+33 8.003e-24 2.633e-12 1.654e-11
3.162e-04 5.309e+40 8.507e+33 8.521e-24 2.803e-12 1.761e-11
3.548e-04 4.481e+40 9.039e+33 9.054e-24 2.978e-12 1.871e-11
3.981e-04 3.775e+40 9.585e+33 9.601e-24 3.158e-12 1.984e-11
4.467e-04 3.172e+40 1.014e+34 1.016e-23 3.341e-12 2.099e-11
5.012e-04 2.660e+40 1.070e+34 1.072e-23 3.527e-12 2.216e-11
5.623e-04 2.225e+40 1.127e+34 1.129e-23 3.714e-12 2.334e-11
6.310e-04 1.857e+40 1.184e+34 1.186e-23 3.902e-12 2.451e-11
7.079e-04 1.545e+40 1.241e+34 1.243e-23 4.088e-12 2.569e-11
7.943e-04 1.283e+40 1.297e+34 1.299e-23 4.273e-12 2.685e-11
8.913e-04 1.062e+40 1.352e+34 1.354e-23 4.454e-12 2.799e-11
1.000e-03 8.776e+39 1.406e+34 1.408e-23 4.632e-12 2.911e-11
1.122e-03 7.233e+39 1.459e+34 1.461e-23 4.807e-12 3.020e-11
1.259e-03 5.949e+39 1.511e+34 1.513e-23 4.977e-12 3.127e-11
1.413e-03 4.883e+39 1.561e+34 1.564e-23 5.143e-12 3.232e-11
1.585e-03 4.002e+39 1.610e+34 1.613e-23 5.306e-12 3.334e-11
1.778e-03 3.274e+39 1.659e+34 1.662e-23 5.466e-12 3.434e-11
1.995e-03 2.676e+39 1.707e+34 1.710e-23 5.623e-12 3.533e-11
2.239e-03 2.184e+39 1.754e+34 1.757e-23 5.778e-12 3.631e-11
2.512e-03 1.781e+39 1.800e+34 1.803e-23 5.932e-12 3.727e-11
2.818e-03 1.451e+39 1.847e+34 1.850e-23 6.084e-12 3.823e-11
3.162e-03 1.181e+39 1.892e+34 1.895e-23 6.234e-12 3.917e-11
3.548e-03 9.604e+38 1.937e+34 1.940e-23 6.382e-12 4.010e-11
3.981e-03 7.802e+38 1.981e+34 1.985e-23 6.528e-12 4.101e-11
4.467e-03 6.332e+38 2.024e+34 2.028e-23 6.669e-12 4.190e-11
5.012e-03 5.133e+38 2.066e+34 2.069e-23 6.806e-12 4.277e-11
5.623e-03 4.156e+38 2.106e+34 2.109e-23 6.938e-12 4.359e-11
6.310e-03 3.361e+38 2.144e+34 2.147e-23 7.063e-12 4.438e-11
7.079e-03 2.714e+38 2.179e+34 2.183e-23 7.180e-12 4.511e-11
7.943e-03 2.188e+38 2.212e+34 2.215e-23 7.287e-12 4.579e-11
8.913e-03 1.761e+38 2.241e+34 2.245e-23 7.384e-12 4.640e-11
1.000e-02 1.415e+38 2.267e+34 2.271e-23 7.469e-12 4.693e-11
1.122e-02 1.135e+38 2.289e+34 2.292e-23 7.540e-12 4.738e-11
1.259e-02 9.080e+37 2.306e+34 2.310e-23 7.597e-12 4.773e-11
1.413e-02 7.251e+37 2.318e+34 2.322e-23 7.637e-12 4.799e-11
1.585e-02 5.777e+37 2.325e+34 2.329e-23 7.661e-12 4.813e-11
1.778e-02 4.592e+37 2.327e+34 2.331e-23 7.666e-12 4.816e-11
1.995e-02 3.641e+37 2.322e+34 2.326e-23 7.652e-12 4.808e-11
2.239e-02 2.880e+37 2.312e+34 2.316e-23 7.618e-12 4.787e-11
2.512e-02 2.272e+37 2.296e+34 2.300e-23 7.566e-12 4.754e-11
2.818e-02 1.787e+37 2.275e+34 2.279e-23 7.494e-12 4.709e-11
3.162e-02 1.403e+37 2.248e+34 2.251e-23 7.405e-12 4.653e-11
3.548e-02 1.098e+37 2.215e+34 2.219e-23 7.300e-12 4.586e-11
3.981e-02 8.581e+36 2.179e+34 2.183e-23 7.179e-12 4.511e-11
4.467e-02 6.690e+36 2.138e+34 2.142e-23 7.046e-12 4.427e-11
5.012e-02 5.206e+36 2.095e+34 2.099e-23 6.902e-12 4.337e-11
5.623e-02 4.044e+36 2.049e+34 2.052e-23 6.751e-12 4.242e-11
6.310e-02 3.138e+36 2.001e+34 2.005e-23 6.594e-12 4.143e-11
7.079e-02 2.432e+36 1.953e+34 1.956e-23 6.434e-12 4.043e-11
7.943e-02 1.883e+36 1.904e+34 1.907e-23 6.272e-12 3.941e-11
8.913e-02 1.457e+36 1.855e+34 1.858e-23 6.111e-12 3.840e-11
1.000e-01 1.127e+36 1.806e+34 1.809e-23 5.950e-12 3.739e-11
1.122e-01 8.715e+35 1.758e+34 1.761e-23 5.792e-12 3.639e-11
1.259e-01 6.736e+35 1.711e+34 1.713e-23 5.636e-12 3.541e-11
1.413e-01 5.205e+35 1.664e+34 1.667e-23 5.482e-12 3.445e-11
1.585e-01 4.021e+35 1.618e+34 1.621e-23 5.331e-12 3.350e-11
1.778e-01 3.105e+35 1.573e+34 1.576e-23 5.183e-12 3.257e-11
1.995e-01 2.397e+35 1.529e+34 1.532e-23 5.038e-12 3.165e-11
2.239e-01 1.850e+35 1.486e+34 1.488e-23 4.894e-12 3.075e-11
2.512e-01 1.427e+35 1.443e+34 1.445e-23 4.754e-12 2.987e-11
2.818e-01 1.101e+35 1.401e+34 1.403e-23 4.616e-12 2.900e-11
3.162e-01 8.486e+34 1.360e+34 1.362e-23 4.480e-12 2.815e-11
3.548e-01 6.540e+34 1.319e+34 1.321e-23 4.346e-12 2.731e-11
3.981e-01 5.038e+34 1.279e+34 1.281e-23 4.215e-12 2.648e-11
4.467e-01 3.879e+34 1.240e+34 1.242e-23 4.086e-12 2.567e-11
5.012e-01 2.985e+34 1.201e+34 1.203e-23 3.959e-12 2.487e-11
5.623e-01 2.296e+34 1.164e+34 1.165e-23 3.834e-12 2.409e-11
6.310e-01 1.766e+34 1.126e+34 1.128e-23 3.711e-12 2.331e-11
7.079e-01 1.357e+34 1.090e+34 1.091e-23 3.590e-12 2.256e-11
7.943e-01 1.042e+34 1.053e+34 1.055e-23 3.471e-12 2.181e-11
8.913e-01 7.998e+33 1.018e+34 1.020e-23 3.354e-12 2.107e-11
1.000e+00 6.135e+33 9.830e+33 9.847e-24 3.239e-12 2.035e-11
1.122e+00 4.703e+33 9.487e+33 9.503e-24 3.126e-12 1.964e-11
1.259e+00 3.603e+33 9.149e+33 9.164e-24 3.014e-12 1.894e-11
1.413e+00 2.758e+33 8.817e+33 8.832e-24 2.905e-12 1.825e-11
1.585e+00 2.110e+33 8.490e+33 8.505e-24 2.797e-12 1.758e-11
1.778e+00 1.612e+33 8.169e+33 8.183e-24 2.692e-12 1.691e-11
1.995e+00 1.231e+33 7.854e+33 7.867e-24 2.588e-12 1.626e-11
2.239e+00 9.395e+32 7.544e+33 7.557e-24 2.486e-12 1.562e-11
2.512e+00 7.161e+32 7.240e+33 7.252e-24 2.385e-12 1.499e-11
2.818e+00 5.454e+32 6.941e+33 6.953e-24 2.287e-12 1.437e-11
3.162e+00 4.149e+32 6.648e+33 6.659e-24 2.190e-12 1.376e-11
3.548e+00 3.153e+32 6.361e+33 6.371e-24 2.096e-12 1.317e-11
3.981e+00 2.394e+32 6.079e+33 6.089e-24 2.003e-12 1.258e-11
4.467e+00 1.815e+32 5.803e+33 5.813e-24 1.912e-12 1.201e-11
5.012e+00 1.375e+32 5.533e+33 5.543e-24 1.823e-12 1.146e-11
5.623e+00 1.040e+32 5.270e+33 5.279e-24 1.736e-12 1.091e-11
6.310e+00 7.858e+31 5.012e+33 5.020e-24 1.651e-12 1.038e-11
7.079e+00 5.928e+31 4.760e+33 4.768e-24 1.568e-12 9.855e-12
7.943e+00 4.466e+31 4.515e+33 4.523e-24 1.488e-12 9.347e-12
8.913e+00 3.360e+31 4.276e+33 4.284e-24 1.409e-12 8.853e-12
1.000e+01 2.524e+31 4.044e+33 4.051e-24 1.332e-12 8.372e-12
1.122e+01 1.893e+31 3.819e+33 3.825e-24 1.258e-12 7.905e-12
1.259e+01 1.418e+31 3.600e+33 3.606e-24 1.186e-12 7.453e-12
1.413e+01 1.060e+31 3.388e+33 3.394e-24 1.116e-12 7.014e-12
1.585e+01 7.910e+30 3.183e+33 3.189e-24 1.049e-12 6.590e-12
1.778e+01 5.892e+30 2.985e+33 2.990e-24 9.836e-13 6.180e-12
1.995e+01 4.382e+30 2.795e+33 2.799e-24 9.208e-13 5.786e-12
2.239e+01 3.252e+30 2.611e+33 2.616e-24 8.604e-13 5.406e-12
2.512e+01 2.409e+30 2.435e+33 2.439e-24 8.023e-13 5.041e-12
2.818e+01 1.781e+30 2.266e+33 2.270e-24 7.467e-13 4.692e-12
3.162e+01 1.314e+30 2.105e+33 2.108e-24 6.935e-13 4.357e-12
3.548e+01 9.671e+29 1.951e+33 1.954e-24 6.427e-13 4.038e-12
3.981e+01 7.104e+29 1.804e+33 1.807e-24 5.943e-13 3.734e-12
4.467e+01 5.206e+29 1.664e+33 1.667e-24 5.484e-13 3.445e-12
5.012e+01 3.807e+29 1.532e+33 1.535e-24 5.048e-13 3.172e-12
5.623e+01 2.777e+29 1.407e+33 1.409e-24 4.635e-13 2.912e-12
6.310e+01 2.020e+29 1.289e+33 1.291e-24 4.246e-13 2.668e-12
7.079e+01 1.466e+29 1.178e+33 1.180e-24 3.880e-13 2.438e-12
7.943e+01 1.062e+29 1.073e+33 1.075e-24 3.536e-13 2.222e-12
8.913e+01 7.664e+28 9.753e+32 9.770e-25 3.213e-13 2.019e-12
1.000e+02 5.517e+28 8.840e+32 8.855e-25 2.912e-13 1.830e-12
1.122e+02 3.961e+28 7.989e+32 8.002e-25 2.632e-13 1.654e-12
1.259e+02 2.835e+28 7.198e+32 7.210e-25 2.372e-13 1.490e-12
1.413e+02 2.022e+28 6.465e+32 6.476e-25 2.130e-13 1.338e-12
1.585e+02 1.438e+28 5.788e+32 5.797e-25 1.907e-13 1.198e-12
1.778e+02 1.019e+28 5.163e+32 5.172e-25 1.701e-13 1.069e-12
1.995e+02 7.197e+27 4.591e+32 4.599e-25 1.513e-13 9.504e-13
2.239e+02 5.066e+27 4.068e+32 4.075e-25 1.340e-13 8.421e-13
2.512e+02 3.554e+27 3.592e+32 3.598e-25 1.184e-13 7.437e-13
2.818e+02 2.484e+27 3.161e+32 3.166e-25 1.041e-13 6.544e-13
3.162e+02 1.729e+27 2.771e+32 2.775e-25 9.129e-14 5.736e-13
3.548e+02 1.199e+27 2.418e+32 2.422e-25 7.965e-14 5.005e-13
3.981e+02 8.263e+26 2.098e+32 2.102e-25 6.913e-14 4.344e-13
4.467e+02 5.662e+26 1.810e+32 1.813e-25 5.964e-14 3.747e-13
5.012e+02 3.853e+26 1.551e+32 1.553e-25 5.109e-14 3.210e-13
5.623e+02 2.603e+26 1.319e+32 1.321e-25 4.345e-14 2.730e-13
6.310e+02 1.744e+26 1.113e+32 1.114e-25 3.666e-14 2.303e-13
7.079e+02 1.160e+26 9.315e+31 9.331e-26 3.069e-14 1.928e-13
7.943e+02 7.657e+25 7.741e+31 7.754e-26 2.550e-14 1.603e-13
8.913e+02 5.019e+25 6.387e+31 6.398e-26 2.105e-14 1.322e-13
1.000e+03 3.267e+25 5.234e+31 5.243e-26 1.724e-14 1.084e-13
1.122e+03 2.111e+25 4.257e+31 4.265e-26 1.403e-14 8.813e-14
1.259e+03 1.352e+25 3.433e+31 3.439e-26 1.131e-14 7.107e-14
1.413e+03 8.562e+24 2.737e+31 2.742e-26 9.018e-15 5.666e-14
1.585e+03 5.339e+24 2.149e+31 2.152e-26 7.080e-15 4.448e-14
1.778e+03 3.258e+24 1.651e+31 1.654e-26 5.439e-15 3.418e-14
1.995e+03 1.928e+24 1.230e+31 1.232e-26 4.052e-15 2.546e-14
2.239e+03 1.090e+24 8.755e+30 8.769e-27 2.884e-15 1.812e-14
2.512e+03 5.753e+23 5.816e+30 5.826e-27 1.916e-15 1.204e-14
2.818e+03 2.706e+23 3.444e+30 3.450e-27 1.135e-15 7.131e-15
3.162e+03 1.023e+23 1.639e+30 1.642e-27 5.400e-16 3.393e-15
3.548e+03 2.254e+22 4.547e+29 4.554e-28 1.498e-16 9.413e-16
3.981e+03 0.000e+00 0.000e+00 0.000e+00 0.000e+00 0.000e+00
4.467e+03 0.000e+00 0.000e+00 0.000e+00 0.000e+00 0.000e+00
5.012e+03 0.000e+00 0.000e+00 0.000e+00 0.000e+00 0.000e+00
5.623e+03 0.000e+00 0.000e+00 0.000e+00 0.000e+00 0.000e+00
6.310e+03 0.000e+00 0.000e+00 0.000e+00 0.000e+00 0.000e+00
7.079e+03 0.000e+00 0.000e+00 0.000e+00 0.000e+00 0.000e+00
7.943e+03 0.000e+00 0.000e+00 0.000e+00 0.000e+00 0.000e+00
8.913e+03 0.000e+00 0.000e+00 0.000e+00 0.000e+00 0.000e+00
1.000e+04 0.000e+00 0.000e+00 0.000e+00 0.000e+00 0.000e+00
1.122e+04 0.000e+00 0.000e+00 0.000e+00 0.000e+00 0.000e+00
1.259e+04 0.000e+00 0.000e+00 0.000e+00 0.000e+00 0.000e+00
1.413e+04 0.000e+00 0.000e+00 0.000e+00 0.000e+00 0.000e+00
1.585e+04 0.000e+00 0.000e+00 0.000e+00 0.000e+00 0.000e+00
1.778e+04 0.000e+00 0.000e+00 0.000e+00 0.000e+00 0.000e+00
1.995e+04 0.000e+00 0.000e+00 0.000e+00 0.000e+00 0.000e+00
2.239e+04 0.000e+00 0.000e+00 0.000e+00 0.000e+00 0.000e+00
2.512e+04 0.000e+00 0.000e+00 0.000e+00 0.000e+00 0.000e+00
2.818e+04 0.000e+00 0.000e+00 0.000e+00 0.000e+00 0.000e+00
3.162e+04 0.000e+00 0.000e+00 0.000e+00 0.000e+00 0.000e+00
3.548e+04 0.000e+00 0.000e+00 0.000e+00 0.000e+00 0.000e+00
3.981e+04 0.000e+00 0.000e+00 0.000e+00 0.000e+00 0.000e+00
4.467e+04 0.000e+00 0.000e+00 0.000e+00 0.000e+00 0.000e+00
5.012e+04 0.000e+00 0.000e+00 0.000e+00 0.000e+00 0.000e+00
5.623e+04 0.000e+00 0.000e+00 0.000e+00 0.000e+00 0.000e+00
6.310e+04 0.000e+00 0.000e+00 0.000e+00 0.000e+00 0.000e+00
7.079e+04 0.000e+00 0.000e+00 0.000e+00 0.000e+00 0.000e+00
7.943e+04 0.000e+00 0.000e+00 0.000e+00 0.000e+00 0.000e+00
8.913e+04 0.000e+00 0.000e+00 0.000e+00 0.000e+00 0.000e+00
1.000e+05 0.000e+00 0.000e+00 0.000e+00 0.000e+00 0.000e+00
1.122e+05 0.000e+00 0.000e+00 0.000e+00 0.000e+00 0.000e+00
1.259e+05 0.000e+00 0.000e+00 0.000e+00 0.000e+00 0.000e+00
1.413e+05 0.000e+00 0.000e+00 0.000e+00 0.000e+00 0.000e+00
1.585e+05 0.000e+00 0.000e+00 0.000e+00 0.000e+00 0.000e+00
1.778e+05 0.000e+00 0.000e+00 0.000e+00 0.000e+00 0.000e+00
1.995e+05 0.000e+00 0.000e+00 0.000e+00 0.000e+00 0.000e+00
2.239e+05 0.000e+00 0.000e+00 0.000e+00 0.000e+00 0.000e+00
2.512e+05 0.000e+00 0.000e+00 0.000e+00 0.000e+00 0.000e+00
2.818e+05 0.000e+00 0.000e+00 0.000e+00 0.000e+00 0.000e+00
3.162e+05 0.000e+00 0.000e+00 0.000e+00 0.000e+00 0.000e+00
3.548e+05 0.000e+00 0.000e+00 0.000e+00 0.000e+00 0.000e+00
3.981e+05 0.000e+00 0.000e+00 0.000e+00 0.000e+00 0.000e+00
4.467e+05 0.000e+00 0.000e+00 0.000e+00 0.000e+00 0.000e+00
5.012e+05 0.000e+00 0.000e+00 0.000e+00 0.000e+00 0.000e+00
5.623e+05 0.000e+00 0.000e+00 0.000e+00 0.000e+00 0.000e+00
6.310e+05 0.000e+00 0.000e+00 0.000e+00 0.000e+00 0.000e+00
7.079e+05 0.000e+00 0.000e+00 0.000e+00 0.000e+00 0.000e+00
7.943e+05 0.000e+00 0.000e+00 0.000e+00 0.000e+00 0.000e+00
8.913e+05 0.000e+00 0.000e+00 0.000e+00 0.000e+00 0.000e+00
1.000e+06 0.000e+00 0.000e+00 0.000e+00 0.000e+00 0.000e+00
1.122e+06 0.000e+00 0.000e+00 0.000e+00 0.000e+00 0.000e+00
1.259e+06 0.000e+00 0.000e+00 0.000e+00 0.000e+00 0.000e+00
1.413e+06 0.000e+00 0.000e+00 0.000e+00 0.000e+00 0.000e+00
1.585e+06 0.000e+00 0.000e+00 0.000e+00 0.000e+00 0.000e+00
1.778e+06 0.000e+00 0.000e+00 0.000e+00 0.000e+00 0.000e+00
1.995e+06 0.000e+00 0.000e+00 0.000e+00 0.000e+00 0.000e+00
2.239e+06 0.000e+00 0.000e+00 0.000e+00 0.000e+00 0.000e+00
2.512e+06 0.000e+00 0.000e+00 0.000e+00 0.000e+00 0.000e+00
2.818e+06 0.000e+00 0.000e+00 0.000e+00 0.000e+00 0.000e+00
3.162e+06 0.000e+00 0.000e+00 0.000e+00 0.000e+00 0.000e+00
3.548e+06 0.000e+00 0.000e+00 0.000e+00 0.000e+00 0.000e+00
3.981e+06 0.000e+00 0.000e+00 0.000e+00 0.000e+00 0.000e+00
4.467e+06 0.000e+00 0.000e+00 0.000e+00 0.000e+00 0.000e+00
5.012e+06 0.000e+00 0.000e+00 0.000e+00 0.000e+00 0.000e+00
5.623e+06 0.000e+00 0.000e+00 0.000e+00 0.000e+00 0.000e+00
6.310e+06 0.000e+00 0.000e+00 0.000e+00 0.000e+00 0.000e+00
7.079e+06 0.000e+00 0.000e+00 0.000e+00 0.000e+00 0.000e+00
7.943e+06 0.000e+00 0.000e+00 0.000e+00 0.000e+00 0.000e+00
8.913e+06 0.000e+00 0.000e+00 0.000e+00 0.000e+00 0.000e+00
1.000e+07 0.000e+00 0.000e+00 0.000e+00 0.000e+00 0.000e+00
1.122e+07 0.000e+00 0.000e+00 0.000e+00 0.000e+00 0.000e+00
1.259e+07 0.000e+00 0.000e+00 0.000e+00 0.000e+00 0.000e+00
1.413e+07 0.000e+00 0.000e+00 0.000e+00 0.000e+00 0.000e+00
1.585e+07 0.000e+00 0.000e+00 0.000e+00 0.000e+00 0.000e+00
1.778e+07 0.000e+00 0.000e+00 0.000e+00 0.000e+00 0.000e+00
1.995e+07 0.000e+00 0.000e+00 0.000e+00 0.000e+00 0.000e+00
2.239e+07 0.000e+00 0.000e+00 0.000e+00 0.000e+00 0.000e+00
2.512e+07 0.000e+00 0.000e+00 0.000e+00 0.000e+00 0.000e+00
2.818e+07 0.000e+00 0.000e+00 0.000e+00 0.000e+00 0.000e+00
3.162e+07 0.000e+00 0.000e+00 0.000e+00 0.000e+00 0.000e+00
3.548e+07 0.000e+00 0.000e+00 0.000e+00 0.000e+00 0.000e+00
3.981e+07 0.000e+00 0.000e+00 0.000e+00 0.000e+00 0.000e+00
4.467e+07 0.000e+00 0.000e+00 0.000e+00 0.000e+00 0.000e+00
5.012e+07 0.000e+00 0.000e+00 0.000e+00 0.000e+00 0.000e+00
5.623e+07 0.000e+00 0.000e+00 0.000e+00 0.000e+00 0.000e+00
6.310e+07 0.000e+00 0.000e+00 0.000e+00 0.000e+00 0.000e+00
7.079e+07 0.000e+00 0.000e+00 0.000e+00 0.000e+00 0.000e+00
7.943e+07 0.000e+00 0.000e+00 0.000e+00 0.000e+00 0.000e+00
8.913e+07 0.000e+00 0.000e+00 0.000e+00 0.000e+00 0.000e+00
1.000e+08 0.000e+00 0.000e+00 0.000e+00 0.000e+00 0.000e+00
