1.000e-20 3.335e+71 5.343e+31 5.352e-26 8.802e-15 1.106e-13
1.122e-20 2.871e+71 5.791e+31 5.801e-26 9.541e-15 1.199e-13
1.259e-20 2.472e+71 6.277e+31 6.288e-26 1.034e-14 1.300e-13
1.413e-20 2.128e+71 6.804e+31 6.816e-26 1.121e-14 1.409e-13
1.585e-20 1.833e+71 7.375e+31 7.388e-26 1.215e-14 1.527e-13
1.778e-20 1.578e+71 7.994e+31 8.008e-26 1.317e-14 1.655e-13
1.995e-20 1.359e+71 8.665e+31 8.680e-26 1.427e-14 1.794e-13
2.239e-20 1.170e+71 9.392e+31 9.408e-26 1.547e-14 1.944e-13
2.512e-20 1.007e+71 1.018e+32 1.020e-25 1.677e-14 2.108e-13
2.818e-20 8.671e+70 1.104e+32 1.105e-25 1.818e-14 2.284e-13
3.162e-20 7.466e+70 1.196e+32 1.198e-25 1.970e-14 2.476e-13
3.548e-20 6.428e+70 1.297e+32 1.299e-25 2.136e-14 2.684e-13
3.981e-20 5.534e+70 1.405e+32 1.408e-25 2.315e-14 2.909e-13
4.467e-20 4.765e+70 1.523e+32 1.526e-25 2.509e-14 3.153e-13
5.012e-20 4.103e+70 1.651e+32 1.654e-25 2.720e-14 3.418e-13
5.623e-20 3.532e+70 1.790e+32 1.793e-25 2.948e-14 3.705e-13
6.310e-20 3.041e+70 1.940e+32 1.943e-25 3.196e-14 4.016e-13
7.079e-20 2.619e+70 2.103e+32 2.106e-25 3.464e-14 4.353e-13
7.943e-20 2.255e+70 2.279e+32 2.283e-25 3.755e-14 4.718e-13
8.913e-20 1.941e+70 2.470e+32 2.475e-25 4.070e-14 5.114e-13
1.000e-19 1.671e+70 2.678e+32 2.682e-25 4.411e-14 5.543e-13
1.122e-19 1.439e+70 2.902e+32 2.907e-25 4.782e-14 6.009e-13
1.259e-19 1.239e+70 3.146e+32 3.151e-25 5.183e-14 6.513e-13
1.413e-19 1.067e+70 3.410e+32 3.416e-25 5.618e-14 7.059e-13
1.585e-19 9.184e+69 3.696e+32 3.703e-25 6.089e-14 7.652e-13
1.778e-19 7.908e+69 4.006e+32 4.013e-25 6.600e-14 8.294e-13
1.995e-19 6.809e+69 4.343e+32 4.350e-25 7.154e-14 8.990e-13
2.239e-19 5.862e+69 4.707e+32 4.715e-25 7.755e-14 9.745e-13
2.512e-19 5.047e+69 5.102e+32 5.111e-25 8.405e-14 1.056e-12
2.818e-19 4.346e+69 5.530e+32 5.540e-25 9.111e-14 1.145e-12
3.162e-19 3.742e+69 5.995e+32 6.005e-25 9.875e-14 1.241e-12
3.548e-19 3.221e+69 6.498e+32 6.509e-25 1.070e-13 1.345e-12
3.981e-19 2.774e+69 7.043e+32 7.055e-25 1.160e-13 1.458e-12
4.467e-19 2.388e+69 7.634e+32 7.647e-25 1.258e-13 1.580e-12
5.012e-19 2.056e+69 8.275e+32 8.289e-25 1.363e-13 1.713e-12
5.623e-19 1.770e+69 8.969e+32 8.984e-25 1.478e-13 1.857e-12
6.310e-19 1.524e+69 9.722e+32 9.738e-25 1.602e-13 2.013e-12
7.079e-19 1.312e+69 1.054e+33 1.056e-24 1.736e-13 2.181e-12
7.943e-19 1.130e+69 1.142e+33 1.144e-24 1.882e-13 2.365e-12
8.913e-19 9.728e+68 1.238e+33 1.240e-24 2.040e-13 2.563e-12
1.000e-18 8.376e+68 1.342e+33 1.344e-24 2.211e-13 2.778e-12
1.122e-18 7.211e+68 1.455e+33 1.457e-24 2.396e-13 3.011e-12
1.259e-18 6.209e+68 1.577e+33 1.579e-24 2.597e-13 3.264e-12
1.413e-18 5.346e+68 1.709e+33 1.712e-24 2.815e-13 3.538e-12
1.585e-18 4.603e+68 1.852e+33 1.855e-24 3.051e-13 3.835e-12
1.778e-18 3.963e+68 2.008e+33 2.011e-24 3.308e-13 4.156e-12
1.995e-18 3.412e+68 2.176e+33 2.180e-24 3.585e-13 4.505e-12
2.239e-18 2.938e+68 2.359e+33 2.363e-24 3.886e-13 4.883e-12
2.512e-18 2.529e+68 2.557e+33 2.561e-24 4.212e-13 5.293e-12
2.818e-18 2.178e+68 2.771e+33 2.776e-24 4.565e-13 5.737e-12
3.162e-18 1.875e+68 3.004e+33 3.009e-24 4.949e-13 6.219e-12
3.548e-18 1.614e+68 3.256e+33 3.261e-24 5.364e-13 6.740e-12
3.981e-18 1.390e+68 3.529e+33 3.535e-24 5.814e-13 7.306e-12
4.467e-18 1.197e+68 3.825e+33 3.832e-24 6.302e-13 7.919e-12
5.012e-18 1.030e+68 4.146e+33 4.153e-24 6.830e-13 8.583e-12
5.623e-18 8.870e+67 4.494e+33 4.502e-24 7.403e-13 9.303e-12
6.310e-18 7.637e+67 4.871e+33 4.879e-24 8.025e-13 1.008e-11
7.079e-18 6.575e+67 5.280e+33 5.289e-24 8.698e-13 1.093e-11
7.943e-18 5.661e+67 5.723e+33 5.732e-24 9.427e-13 1.185e-11
8.913e-18 4.874e+67 6.203e+33 6.213e-24 1.022e-12 1.284e-11
1.000e-17 4.196e+67 6.723e+33 6.735e-24 1.108e-12 1.392e-11
1.122e-17 3.613e+67 7.287e+33 7.299e-24 1.200e-12 1.509e-11
1.259e-17 3.110e+67 7.898e+33 7.912e-24 1.301e-12 1.635e-11
1.413e-17 2.678e+67 8.561e+33 8.575e-24 1.410e-12 1.772e-11
1.585e-17 2.306e+67 9.279e+33 9.295e-24 1.529e-12 1.921e-11
1.778e-17 1.985e+67 1.006e+34 1.007e-23 1.657e-12 2.082e-11
1.995e-17 1.709e+67 1.090e+34 1.092e-23 1.796e-12 2.257e-11
2.239e-17 1.471e+67 1.181e+34 1.183e-23 1.946e-12 2.446e-11
2.512e-17 1.267e+67 1.281e+34 1.283e-23 2.110e-12 2.651e-11
2.818e-17 1.091e+67 1.388e+34 1.390e-23 2.287e-12 2.873e-11
3.162e-17 9.389e+66 1.504e+34 1.507e-23 2.478e-12 3.114e-11
3.548e-17 8.084e+66 1.630e+34 1.633e-23 2.686e-12 3.375e-11
3.981e-17 6.959e+66 1.767e+34 1.770e-23 2.911e-12 3.658e-11
4.467e-17 5.991e+66 1.915e+34 1.919e-23 3.155e-12 3.965e-11
5.012e-17 5.158e+66 2.076e+34 2.079e-23 3.420e-12 4.297e-11
5.623e-17 4.441e+66 2.250e+34 2.254e-23 3.706e-12 4.658e-11
6.310e-17 3.823e+66 2.438e+34 2.443e-23 4.017e-12 5.048e-11
7.079e-17 3.291e+66 2.643e+34 2.647e-23 4.354e-12 5.471e-11
7.943e-17 2.833e+66 2.864e+34 2.869e-23 4.718e-12 5.929e-11
8.913e-17 2.439e+66 3.104e+34 3.109e-23 5.114e-12 6.426e-11
1.000e-16 2.100e+66 3.364e+34 3.370e-23 5.542e-12 6.964e-11
1.122e-16 1.808e+66 3.646e+34 3.652e-23 6.006e-12 7.548e-11
1.259e-16 1.556e+66 3.951e+34 3.958e-23 6.509e-12 8.180e-11
1.413e-16 1.340e+66 4.282e+34 4.289e-23 7.054e-12 8.865e-11
1.585e-16 1.153e+66 4.641e+34 4.648e-23 7.645e-12 9.607e-11
1.778e-16 9.926e+65 5.029e+34 5.038e-23 8.285e-12 1.041e-10
1.995e-16 8.544e+65 5.450e+34 5.459e-23 8.978e-12 1.128e-10
2.239e-16 7.355e+65 5.906e+34 5.916e-23 9.729e-12 1.223e-10
2.512e-16 6.331e+65 6.400e+34 6.411e-23 1.054e-11 1.325e-10
2.818e-16 5.449e+65 6.935e+34 6.947e-23 1.142e-11 1.436e-10
3.162e-16 4.690e+65 7.515e+34 7.527e-23 1.238e-11 1.556e-10
3.548e-16 4.037e+65 8.143e+34 8.157e-23 1.341e-11 1.686e-10
3.981e-16 3.475e+65 8.823e+34 8.838e-23 1.453e-11 1.827e-10
4.467e-16 2.990e+65 9.560e+34 9.576e-23 1.575e-11 1.979e-10
5.012e-16 2.574e+65 1.036e+35 1.038e-22 1.706e-11 2.144e-10
5.623e-16 2.215e+65 1.122e+35 1.124e-22 1.849e-11 2.323e-10
6.310e-16 1.906e+65 1.216e+35 1.218e-22 2.003e-11 2.517e-10
7.079e-16 1.640e+65 1.317e+35 1.319e-22 2.170e-11 2.727e-10
7.943e-16 1.412e+65 1.427e+35 1.429e-22 2.351e-11 2.954e-10
8.913e-16 1.215e+65 1.546e+35 1.548e-22 2.547e-11 3.200e-10
1.000e-15 1.045e+65 1.675e+35 1.677e-22 2.759e-11 3.467e-10
1.122e-15 8.993e+64 1.814e+35 1.817e-22 2.988e-11 3.755e-10
1.259e-15 7.737e+64 1.965e+35 1.968e-22 3.237e-11 4.067e-10
1.413e-15 6.656e+64 2.128e+35 2.131e-22 3.505e-11 4.405e-10
1.585e-15 5.726e+64 2.304e+35 2.308e-22 3.796e-11 4.771e-10
1.778e-15 4.926e+64 2.496e+35 2.500e-22 4.111e-11 5.166e-10
1.995e-15 4.237e+64 2.702e+35 2.707e-22 4.452e-11 5.594e-10
2.239e-15 3.644e+64 2.926e+35 2.931e-22 4.820e-11 6.058e-10
2.512e-15 3.134e+64 3.168e+35 3.173e-22 5.219e-11 6.559e-10
2.818e-15 2.695e+64 3.430e+35 3.436e-22 5.650e-11 7.100e-10
3.162e-15 2.317e+64 3.713e+35 3.719e-22 6.116e-11 7.686e-10
3.548e-15 1.992e+64 4.019e+35 4.025e-22 6.620e-11 8.319e-10
3.981e-15 1.713e+64 4.349e+35 4.357e-22 7.165e-11 9.004e-10
4.467e-15 1.472e+64 4.706e+35 4.714e-22 7.753e-11 9.743e-10
5.012e-15 1.265e+64 5.092e+35 5.101e-22 8.389e-11 1.054e-09
5.623e-15 1.087e+64 5.509e+35 5.519e-22 9.076e-11 1.141e-09
6.310e-15 9.343e+63 5.959e+35 5.969e-22 9.817e-11 1.234e-09
7.079e-15 8.027e+63 6.445e+35 6.456e-22 1.062e-10 1.334e-09
7.943e-15 6.894e+63 6.969e+35 6.981e-22 1.148e-10 1.443e-09
8.913e-15 5.921e+63 7.535e+35 7.548e-22 1.241e-10 1.560e-09
1.000e-14 5.083e+63 8.145e+35 8.158e-22 1.342e-10 1.686e-09
1.122e-14 4.364e+63 8.802e+35 8.817e-22 1.450e-10 1.822e-09
1.259e-14 3.745e+63 9.510e+35 9.526e-22 1.567e-10 1.969e-09
1.413e-14 3.213e+63 1.027e+36 1.029e-21 1.692e-10 2.126e-09
1.585e-14 2.756e+63 1.109e+36 1.111e-21 1.827e-10 2.296e-09
1.778e-14 2.363e+63 1.197e+36 1.199e-21 1.973e-10 2.479e-09
1.995e-14 2.026e+63 1.292e+36 1.294e-21 2.129e-10 2.675e-09
2.239e-14 1.736e+63 1.394e+36 1.396e-21 2.297e-10 2.886e-09
2.512e-14 1.487e+63 1.503e+36 1.506e-21 2.477e-10 3.112e-09
2.818e-14 1.273e+63 1.621e+36 1.623e-21 2.670e-10 3.355e-09
3.162e-14 1.090e+63 1.746e+36 1.749e-21 2.877e-10 3.615e-09
3.548e-14 9.324e+62 1.881e+36 1.884e-21 3.098e-10 3.893e-09
3.981e-14 7.973e+62 2.024e+36 2.028e-21 3.335e-10 4.191e-09
4.467e-14 6.813e+62 2.178e+36 2.182e-21 3.588e-10 4.509e-09
5.012e-14 5.819e+62 2.342e+36 2.346e-21 3.858e-10 4.848e-09
5.623e-14 4.966e+62 2.516e+36 2.520e-21 4.145e-10 5.209e-09
6.310e-14 4.236e+62 2.702e+36 2.706e-21 4.451e-10 5.593e-09
7.079e-14 3.610e+62 2.899e+36 2.904e-21 4.775e-10 6.001e-09
7.943e-14 3.074e+62 3.108e+36 3.113e-21 5.119e-10 6.433e-09
8.913e-14 2.615e+62 3.329e+36 3.334e-21 5.483e-10 6.891e-09
1.000e-13 2.223e+62 3.562e+36 3.568e-21 5.868e-10 7.374e-09
1.122e-13 1.888e+62 3.808e+36 3.814e-21 6.273e-10 7.882e-09
1.259e-13 1.601e+62 4.066e+36 4.073e-21 6.698e-10 8.417e-09
1.413e-13 1.357e+62 4.337e+36 4.344e-21 7.144e-10 8.977e-09
1.585e-13 1.148e+62 4.620e+36 4.627e-21 7.610e-10 9.563e-09
1.778e-13 9.700e+61 4.915e+36 4.923e-21 8.096e-10 1.017e-08
1.995e-13 8.186e+61 5.221e+36 5.230e-21 8.601e-10 1.081e-08
2.239e-13 6.898e+61 5.539e+36 5.548e-21 9.124e-10 1.147e-08
2.512e-13 5.803e+61 5.866e+36 5.876e-21 9.664e-10 1.214e-08
2.818e-13 4.874e+61 6.203e+36 6.214e-21 1.022e-09 1.284e-08
3.162e-13 4.087e+61 6.548e+36 6.559e-21 1.079e-09 1.356e-08
3.548e-13 3.421e+61 6.900e+36 6.912e-21 1.137e-09 1.428e-08
3.981e-13 2.858e+61 7.258e+36 7.270e-21 1.196e-09 1.502e-08
4.467e-13 2.383e+61 7.619e+36 7.632e-21 1.255e-09 1.577e-08
5.012e-13 1.984e+61 7.984e+36 7.997e-21 1.315e-09 1.653e-08
5.623e-13 1.648e+61 8.349e+36 8.363e-21 1.375e-09 1.728e-08
6.310e-13 1.366e+61 8.714e+36 8.729e-21 1.436e-09 1.804e-08
7.079e-13 1.130e+61 9.077e+36 9.092e-21 1.495e-09 1.879e-08
7.943e-13 9.335e+60 9.436e+36 9.452e-21 1.555e-09 1.953e-08
8.913e-13 7.694e+60 9.791e+36 9.808e-21 1.613e-09 2.027e-08
1.000e-12 6.329e+60 1.014e+37 1.016e-20 1.671e-09 2.099e-08
1.122e-12 inf inf inf inf inf
1.259e-12 inf inf inf inf inf
1.413e-12 inf inf inf inf inf
1.585e-12 inf inf inf inf inf
1.778e-12 inf inf inf inf inf
1.995e-12 inf inf inf inf inf
2.239e-12 inf inf inf inf inf
2.512e-12 inf inf inf inf inf
2.818e-12 inf inf inf inf inf
3.162e-12 inf inf inf inf inf
3.548e-12 inf inf inf inf inf
3.981e-12 inf inf inf inf inf
4.467e-12 inf inf inf inf inf
5.012e-12 inf inf inf inf inf
5.623e-12 inf inf inf inf inf
6.310e-12 inf inf inf inf inf
7.079e-12 inf inf inf inf inf
7.943e-12 inf inf inf inf inf
8.913e-12 inf inf inf inf inf
1.000e-11 inf inf inf inf inf
1.122e-11 inf inf inf inf inf
1.259e-11 inf inf inf inf inf
1.413e-11 inf inf inf inf inf
1.585e-11 inf inf inf inf inf
1.778e-11 inf inf inf inf inf
1.995e-11 inf inf inf inf inf
2.239e-11 inf inf inf inf inf
2.512e-11 inf inf inf inf inf
2.818e-11 inf inf inf inf inf
3.162e-11 inf inf inf inf inf
3.548e-11 inf inf inf inf inf
3.981e-11 inf inf inf inf inf
4.467e-11 inf inf inf inf inf
5.012e-11 inf inf inf inf inf
5.623e-11 inf inf inf inf inf
6.310e-11 inf inf inf inf inf
7.079e-11 inf inf inf inf inf
7.943e-11 inf inf inf inf inf
8.913e-11 inf inf inf inf inf
1.000e-10 inf inf inf inf inf
1.122e-10 inf inf inf inf inf
1.259e-10 inf inf inf inf inf
1.413e-10 3.640e+56 1.164e+37 1.166e-20 1.917e-09 2.409e-08
1.585e-10 2.826e+56 1.137e+37 1.139e-20 1.873e-09 2.354e-08
1.778e-10 2.194e+56 1.111e+37 1.113e-20 1.831e-09 2.301e-08
1.995e-10 1.703e+56 1.086e+37 1.088e-20 1.789e-09 2.248e-08
2.239e-10 1.322e+56 1.061e+37 1.063e-20 1.749e-09 2.197e-08
2.512e-10 1.026e+56 1.037e+37 1.039e-20 1.709e-09 2.147e-08
2.818e-10 7.965e+55 1.014e+37 1.015e-20 1.670e-09 2.099e-08
3.162e-10 6.183e+55 9.907e+36 9.924e-21 1.632e-09 2.051e-08
3.548e-10 4.800e+55 9.681e+36 9.698e-21 1.595e-09 2.004e-08
3.981e-10 3.726e+55 9.461e+36 9.477e-21 1.559e-09 1.959e-08
4.467e-10 2.892e+55 9.246e+36 9.262e-21 1.523e-09 1.914e-08
5.012e-10 2.245e+55 9.036e+36 9.051e-21 1.489e-09 1.871e-08
5.623e-10 1.743e+55 8.830e+36 8.845e-21 1.455e-09 1.828e-08
6.310e-10 1.353e+55 8.629e+36 8.644e-21 1.422e-09 1.786e-08
7.079e-10 1.050e+55 8.433e+36 8.447e-21 1.389e-09 1.746e-08
7.943e-10 8.152e+54 8.241e+36 8.255e-21 1.358e-09 1.706e-08
8.913e-10 6.328e+54 8.053e+36 8.067e-21 1.327e-09 1.667e-08
1.000e-09 4.912e+54 7.870e+36 7.883e-21 1.297e-09 1.629e-08
1.122e-09 3.813e+54 7.691e+36 7.704e-21 1.267e-09 1.592e-08
1.259e-09 2.960e+54 7.516e+36 7.528e-21 1.238e-09 1.556e-08
1.413e-09 2.297e+54 7.344e+36 7.357e-21 1.210e-09 1.520e-08
1.585e-09 1.783e+54 7.177e+36 7.189e-21 1.182e-09 1.486e-08
1.778e-09 1.384e+54 7.014e+36 7.026e-21 1.155e-09 1.452e-08
1.995e-09 1.075e+54 6.854e+36 6.865e-21 1.129e-09 1.419e-08
2.239e-09 8.341e+53 6.697e+36 6.709e-21 1.103e-09 1.386e-08
2.512e-09 6.474e+53 6.545e+36 6.556e-21 1.078e-09 1.355e-08
2.818e-09 5.025e+53 6.395e+36 6.406e-21 1.054e-09 1.324e-08
3.162e-09 3.901e+53 6.250e+36 6.260e-21 1.030e-09 1.294e-08
3.548e-09 3.028e+53 6.107e+36 6.117e-21 1.006e-09 1.264e-08
3.981e-09 2.350e+53 5.967e+36 5.978e-21 9.831e-10 1.235e-08
4.467e-09 1.824e+53 5.831e+36 5.841e-21 9.606e-10 1.207e-08
5.012e-09 1.416e+53 5.698e+36 5.708e-21 9.387e-10 1.180e-08
5.623e-09 1.099e+53 5.568e+36 5.577e-21 9.172e-10 1.153e-08
6.310e-09 8.529e+52 5.440e+36 5.450e-21 8.962e-10 1.126e-08
7.079e-09 6.620e+52 5.316e+36 5.325e-21 8.757e-10 1.100e-08
7.943e-09 5.138e+52 5.194e+36 5.203e-21 8.557e-10 1.075e-08
8.913e-09 3.988e+52 5.075e+36 5.084e-21 8.361e-10 1.051e-08
1.000e-08 3.095e+52 4.959e+36 4.967e-21 8.169e-10 1.027e-08
1.122e-08 2.402e+52 4.845e+36 4.853e-21 7.982e-10 1.003e-08
1.259e-08 1.864e+52 4.734e+36 4.742e-21 7.798e-10 9.800e-09
1.413e-08 1.447e+52 4.625e+36 4.633e-21 7.619e-10 9.575e-09
1.585e-08 1.123e+52 4.519e+36 4.526e-21 7.444e-10 9.354e-09
1.778e-08 8.713e+51 4.415e+36 4.422e-21 7.273e-10 9.139e-09
1.995e-08 6.762e+51 4.313e+36 4.320e-21 7.105e-10 8.929e-09
2.239e-08 5.247e+51 4.213e+36 4.221e-21 6.941e-10 8.723e-09
2.512e-08 4.072e+51 4.116e+36 4.123e-21 6.781e-10 8.521e-09
2.818e-08 3.160e+51 4.021e+36 4.028e-21 6.624e-10 8.324e-09
3.162e-08 2.452e+51 3.928e+36 3.935e-21 6.471e-10 8.131e-09
3.548e-08 1.902e+51 3.837e+36 3.843e-21 6.321e-10 7.943e-09
3.981e-08 1.476e+51 3.748e+36 3.754e-21 6.174e-10 7.758e-09
4.467e-08 1.145e+51 3.660e+36 3.667e-21 6.030e-10 7.578e-09
5.012e-08 8.883e+50 3.575e+36 3.581e-21 5.889e-10 7.401e-09
5.623e-08 6.891e+50 3.491e+36 3.497e-21 5.752e-10 7.228e-09
6.310e-08 5.346e+50 3.410e+36 3.415e-21 5.617e-10 7.059e-09
7.079e-08 4.147e+50 3.330e+36 3.335e-21 5.485e-10 6.893e-09
7.943e-08 3.216e+50 3.251e+36 3.257e-21 5.356e-10 6.731e-09
8.913e-08 2.494e+50 3.174e+36 3.180e-21 5.230e-10 6.572e-09
1.000e-07 1.934e+50 3.099e+36 3.105e-21 5.106e-10 6.416e-09
1.122e-07 1.500e+50 3.026e+36 3.031e-21 4.984e-10 6.263e-09
1.259e-07 1.163e+50 2.953e+36 2.958e-21 4.865e-10 6.114e-09
1.413e-07 9.017e+49 2.883e+36 2.888e-21 4.749e-10 5.968e-09
1.585e-07 6.991e+49 2.813e+36 2.818e-21 4.635e-10 5.824e-09
1.778e-07 5.419e+49 2.745e+36 2.750e-21 4.523e-10 5.683e-09
1.995e-07 4.200e+49 2.679e+36 2.683e-21 4.413e-10 5.545e-09
2.239e-07 3.254e+49 2.613e+36 2.618e-21 4.305e-10 5.410e-09
2.512e-07 2.522e+49 2.549e+36 2.553e-21 4.199e-10 5.277e-09
2.818e-07 1.954e+49 2.486e+36 2.490e-21 4.096e-10 5.147e-09
3.162e-07 1.513e+49 2.424e+36 2.428e-21 3.994e-10 5.019e-09
3.548e-07 1.172e+49 2.364e+36 2.368e-21 3.894e-10 4.893e-09
3.981e-07 9.073e+48 2.304e+36 2.308e-21 3.795e-10 4.769e-09
4.467e-07 7.023e+48 2.245e+36 2.249e-21 3.699e-10 4.648e-09
5.012e-07 5.435e+48 2.187e+36 2.191e-21 3.604e-10 4.528e-09
5.623e-07 4.205e+48 2.131e+36 2.134e-21 3.510e-10 4.411e-09
6.310e-07 3.253e+48 2.075e+36 2.078e-21 3.418e-10 4.295e-09
7.079e-07 2.515e+48 2.020e+36 2.023e-21 3.327e-10 4.181e-09
7.943e-07 1.944e+48 1.966e+36 1.969e-21 3.238e-10 4.069e-09
8.913e-07 1.502e+48 1.912e+36 1.915e-21 3.150e-10 3.958e-09
1.000e-06 1.161e+48 1.859e+36 1.863e-21 3.063e-10 3.849e-09
1.122e-06 8.960e+47 1.807e+36 1.810e-21 2.977e-10 3.741e-09
1.259e-06 6.915e+47 1.756e+36 1.759e-21 2.893e-10 3.635e-09
1.413e-06 5.334e+47 1.705e+36 1.708e-21 2.809e-10 3.530e-09
1.585e-06 4.112e+47 1.655e+36 1.658e-21 2.726e-10 3.426e-09
1.778e-06 3.168e+47 1.605e+36 1.608e-21 2.644e-10 3.323e-09
1.995e-06 2.439e+47 1.556e+36 1.559e-21 2.563e-10 3.221e-09
2.239e-06 1.877e+47 1.507e+36 1.510e-21 2.483e-10 3.120e-09
2.512e-06 1.443e+47 1.459e+36 1.461e-21 2.403e-10 3.020e-09
2.818e-06 1.109e+47 1.411e+36 1.413e-21 2.324e-10 2.920e-09
3.162e-06 8.508e+46 1.363e+36 1.365e-21 2.246e-10 2.822e-09
3.548e-06 6.523e+46 1.316e+36 1.318e-21 2.167e-10 2.724e-09
3.981e-06 4.996e+46 1.269e+36 1.271e-21 2.090e-10 2.626e-09
4.467e-06 3.822e+46 1.222e+36 1.224e-21 2.013e-10 2.529e-09
5.012e-06 2.920e+46 1.175e+36 1.177e-21 1.936e-10 2.433e-09
5.623e-06 2.228e+46 1.129e+36 1.131e-21 1.859e-10 2.336e-09
6.310e-06 1.697e+46 1.082e+36 1.084e-21 1.783e-10 2.241e-09
7.079e-06 1.290e+46 1.036e+36 1.038e-21 1.707e-10 2.145e-09
7.943e-06 9.796e+45 9.903e+35 9.919e-22 1.631e-10 2.050e-09
8.913e-06 7.421e+45 9.444e+35 9.460e-22 1.556e-10 1.955e-09
1.000e-05 5.610e+45 8.987e+35 9.003e-22 1.481e-10 1.861e-09
1.122e-05 4.230e+45 8.532e+35 8.547e-22 1.406e-10 1.766e-09
1.259e-05 3.182e+45 8.079e+35 8.093e-22 1.331e-10 1.672e-09
1.413e-05 2.386e+45 7.628e+35 7.641e-22 1.257e-10 1.579e-09
1.585e-05 1.784e+45 7.179e+35 7.192e-22 1.183e-10 1.486e-09
1.778e-05 1.329e+45 6.734e+35 6.746e-22 1.109e-10 1.394e-09
1.995e-05 9.866e+44 6.293e+35 6.303e-22 1.037e-10 1.303e-09
2.239e-05 7.293e+44 5.856e+35 5.866e-22 9.647e-11 1.212e-09
2.512e-05 5.367e+44 5.425e+35 5.434e-22 8.937e-11 1.123e-09
2.818e-05 3.930e+44 5.001e+35 5.010e-22 8.239e-11 1.035e-09
3.162e-05 2.862e+44 4.585e+35 4.593e-22 7.554e-11 9.492e-10
3.548e-05 2.072e+44 4.179e+35 4.186e-22 6.885e-11 8.651e-10
3.981e-05 1.490e+44 3.784e+35 3.790e-22 6.234e-11 7.834e-10
4.467e-05 1.064e+44 3.402e+35 3.408e-22 5.604e-11 7.043e-10
5.012e-05 7.541e+43 3.035e+35 3.040e-22 4.999e-11 6.282e-10
5.623e-05 5.298e+43 2.684e+35 2.689e-22 4.422e-11 5.556e-10
6.310e-05 3.687e+43 2.352e+35 2.356e-22 3.875e-11 4.869e-10
7.079e-05 2.541e+43 2.040e+35 2.044e-22 3.361e-11 4.223e-10
7.943e-05 1.732e+43 1.750e+35 1.753e-22 2.884e-11 3.624e-10
8.913e-05 1.166e+43 1.484e+35 1.487e-22 2.445e-11 3.073e-10
1.000e-04 7.760e+42 1.243e+35 1.245e-22 2.048e-11 2.574e-10
1.122e-04 5.096e+42 1.028e+35 1.030e-22 1.693e-11 2.128e-10
1.259e-04 3.303e+42 8.388e+34 8.402e-23 1.382e-11 1.736e-10
1.413e-04 2.114e+42 6.758e+34 6.770e-23 1.113e-11 1.399e-10
1.585e-04 1.338e+42 5.385e+34 5.394e-23 8.871e-12 1.115e-10
1.778e-04 8.400e+41 4.256e+34 4.263e-23 7.011e-12 8.810e-11
1.995e-04 5.259e+41 3.355e+34 3.360e-23 5.526e-12 6.945e-11
2.239e-04 3.312e+41 2.660e+34 2.664e-23 4.382e-12 5.506e-11
2.512e-04 2.124e+41 2.147e+34 2.150e-23 3.536e-12 4.444e-11
2.818e-04 1.405e+41 1.788e+34 1.791e-23 2.945e-12 3.701e-11
3.162e-04 9.705e+40 1.555e+34 1.557e-23 2.561e-12 3.219e-11
3.548e-04 7.047e+40 1.421e+34 1.424e-23 2.341e-12 2.942e-11
3.981e-04 5.365e+40 1.362e+34 1.365e-23 2.244e-12 2.820e-11
4.467e-04 4.245e+40 1.357e+34 1.359e-23 2.236e-12 2.809e-11
5.012e-04 3.449e+40 1.388e+34 1.390e-23 2.287e-12 2.873e-11
5.623e-04 2.847e+40 1.442e+34 1.445e-23 2.376e-12 2.986e-11
6.310e-04 2.369e+40 1.511e+34 1.513e-23 2.489e-12 3.128e-11
7.079e-04 1.977e+40 1.588e+34 1.591e-23 2.616e-12 3.287e-11
7.943e-04 1.651e+40 1.669e+34 1.672e-23 2.750e-12 3.456e-11
8.913e-04 1.378e+40 1.754e+34 1.757e-23 2.889e-12 3.631e-11
1.000e-03 1.148e+40 1.840e+34 1.843e-23 3.031e-12 3.809e-11
1.122e-03 9.558e+39 1.928e+34 1.931e-23 3.176e-12 3.991e-11
1.259e-03 7.943e+39 2.017e+34 2.020e-23 3.323e-12 4.176e-11
1.413e-03 6.594e+39 2.108e+34 2.111e-23 3.472e-12 4.364e-11
1.585e-03 5.468e+39 2.200e+34 2.204e-23 3.625e-12 4.555e-11
1.778e-03 4.530e+39 2.295e+34 2.299e-23 3.781e-12 4.752e-11
1.995e-03 3.751e+39 2.393e+34 2.397e-23 3.942e-12 4.953e-11
2.239e-03 3.104e+39 2.493e+34 2.497e-23 4.107e-12 5.160e-11
2.512e-03 2.568e+39 2.596e+34 2.600e-23 4.276e-12 5.374e-11
2.818e-03 2.123e+39 2.702e+34 2.707e-23 4.451e-12 5.593e-11
3.162e-03 1.755e+39 2.811e+34 2.816e-23 4.631e-12 5.820e-11
3.548e-03 1.449e+39 2.923e+34 2.928e-23 4.816e-12 6.052e-11
3.981e-03 1.197e+39 3.038e+34 3.044e-23 5.005e-12 6.290e-11
4.467e-03 9.872e+38 3.156e+34 3.161e-23 5.199e-12 6.533e-11
5.012e-03 8.139e+38 3.276e+34 3.281e-23 5.396e-12 6.781e-11
5.623e-03 6.704e+38 3.397e+34 3.403e-23 5.596e-12 7.032e-11
6.310e-03 5.517e+38 3.519e+34 3.525e-23 5.797e-12 7.285e-11
7.079e-03 4.535e+38 3.641e+34 3.648e-23 5.999e-12 7.538e-11
7.943e-03 3.723e+38 3.763e+34 3.770e-23 6.199e-12 7.790e-11
8.913e-03 3.052e+38 3.884e+34 3.890e-23 6.398e-12 8.040e-11
1.000e-02 2.497e+38 4.001e+34 4.008e-23 6.592e-12 8.284e-11
1.122e-02 2.040e+38 4.116e+34 4.123e-23 6.780e-12 8.520e-11
1.259e-02 1.664e+38 4.225e+34 4.232e-23 6.960e-12 8.747e-11
1.413e-02 1.354e+38 4.329e+34 4.336e-23 7.131e-12 8.961e-11
1.585e-02 1.100e+38 4.425e+34 4.433e-23 7.290e-12 9.161e-11
1.778e-02 8.908e+37 4.513e+34 4.521e-23 7.435e-12 9.343e-11
1.995e-02 7.200e+37 4.593e+34 4.600e-23 7.566e-12 9.507e-11
2.239e-02 5.806e+37 4.662e+34 4.670e-23 7.680e-12 9.651e-11
2.512e-02 4.670e+37 4.721e+34 4.729e-23 7.778e-12 9.774e-11
2.818e-02 3.748e+37 4.770e+34 4.778e-23 7.858e-12 9.875e-11
3.162e-02 3.002e+37 4.809e+34 4.817e-23 7.923e-12 9.956e-11
3.548e-02 2.399e+37 4.839e+34 4.847e-23 7.971e-12 1.002e-10
3.981e-02 1.914e+37 4.859e+34 4.868e-23 8.005e-12 1.006e-10
4.467e-02 1.524e+37 4.872e+34 4.881e-23 8.027e-12 1.009e-10
5.012e-02 1.212e+37 4.879e+34 4.887e-23 8.037e-12 1.010e-10
5.623e-02 9.629e+36 4.879e+34 4.887e-23 8.037e-12 1.010e-10
6.310e-02 7.641e+36 4.874e+34 4.882e-23 8.029e-12 1.009e-10
7.079e-02 6.057e+36 4.863e+34 4.872e-23 8.012e-12 1.007e-10
7.943e-02 4.796e+36 4.849e+34 4.857e-23 7.988e-12 1.004e-10
8.913e-02 3.795e+36 4.829e+34 4.837e-23 7.956e-12 9.997e-11
1.000e-01 2.999e+36 4.805e+34 4.813e-23 7.915e-12 9.947e-11
1.122e-01 2.367e+36 4.775e+34 4.783e-23 7.866e-12 9.885e-11
1.259e-01 1.866e+36 4.739e+34 4.747e-23 7.807e-12 9.811e-11
1.413e-01 1.469e+36 4.697e+34 4.705e-23 7.737e-12 9.723e-11
1.585e-01 1.155e+36 4.647e+34 4.655e-23 7.655e-12 9.620e-11
1.778e-01 9.059e+35 4.590e+34 4.597e-23 7.561e-12 9.501e-11
1.995e-01 7.092e+35 4.524e+34 4.531e-23 7.452e-12 9.364e-11
2.239e-01 5.540e+35 4.448e+34 4.456e-23 7.328e-12 9.209e-11
2.512e-01 4.316e+35 4.363e+34 4.371e-23 7.188e-12 9.033e-11
2.818e-01 3.354e+35 4.268e+34 4.275e-23 7.031e-12 8.836e-11
3.162e-01 2.598e+35 4.163e+34 4.170e-23 6.857e-12 8.617e-11
3.548e-01 2.006e+35 4.047e+34 4.054e-23 6.666e-12 8.377e-11
3.981e-01 1.544e+35 3.921e+34 3.927e-23 6.459e-12 8.117e-11
4.467e-01 1.184e+35 3.786e+34 3.792e-23 6.236e-12 7.837e-11
5.012e-01 9.050e+34 3.642e+34 3.648e-23 6.000e-12 7.540e-11
5.623e-01 6.891e+34 3.491e+34 3.497e-23 5.752e-12 7.228e-11
6.310e-01 5.229e+34 3.335e+34 3.341e-23 5.495e-12 6.905e-11
7.079e-01 3.955e+34 3.176e+34 3.181e-23 5.232e-12 6.575e-11
7.943e-01 2.983e+34 3.015e+34 3.020e-23 4.967e-12 6.242e-11
8.913e-01 2.244e+34 2.856e+34 2.860e-23 4.704e-12 5.912e-11
1.000e+00 1.684e+34 2.699e+34 2.703e-23 4.446e-12 5.587e-11
1.122e+00 1.262e+34 2.546e+34 2.550e-23 4.194e-12 5.271e-11
1.259e+00 9.447e+33 2.399e+34 2.403e-23 3.952e-12 4.966e-11
1.413e+00 7.060e+33 2.257e+34 2.261e-23 3.718e-12 4.672e-11
1.585e+00 5.270e+33 2.121e+34 2.125e-23 3.494e-12 4.391e-11
1.778e+00 3.929e+33 1.991e+34 1.994e-23 3.280e-12 4.121e-11
1.995e+00 2.926e+33 1.866e+34 1.870e-23 3.075e-12 3.864e-11
2.239e+00 2.176e+33 1.747e+34 1.750e-23 2.879e-12 3.618e-11
2.512e+00 1.617e+33 1.634e+34 1.637e-23 2.692e-12 3.383e-11
2.818e+00 1.199e+33 1.526e+34 1.529e-23 2.515e-12 3.160e-11
3.162e+00 8.889e+32 1.424e+34 1.427e-23 2.346e-12 2.948e-11
3.548e+00 6.579e+32 1.327e+34 1.329e-23 2.186e-12 2.747e-11
3.981e+00 4.864e+32 1.235e+34 1.237e-23 2.035e-12 2.557e-11
4.467e+00 3.592e+32 1.148e+34 1.150e-23 1.891e-12 2.377e-11
5.012e+00 2.649e+32 1.066e+34 1.068e-23 1.756e-12 2.207e-11
5.623e+00 1.951e+32 9.886e+33 9.903e-24 1.629e-12 2.047e-11
6.310e+00 1.436e+32 9.157e+33 9.173e-24 1.509e-12 1.896e-11
7.079e+00 1.055e+32 8.471e+33 8.486e-24 1.396e-12 1.754e-11
7.943e+00 7.744e+31 7.828e+33 7.842e-24 1.290e-12 1.621e-11
8.913e+00 5.678e+31 7.226e+33 7.239e-24 1.190e-12 1.496e-11
1.000e+01 4.159e+31 6.664e+33 6.675e-24 1.098e-12 1.380e-11
1.122e+01 3.044e+31 6.139e+33 6.150e-24 1.011e-12 1.271e-11
1.259e+01 2.225e+31 5.649e+33 5.659e-24 9.307e-13 1.169e-11
1.413e+01 1.624e+31 5.192e+33 5.201e-24 8.553e-13 1.075e-11
1.585e+01 1.184e+31 4.765e+33 4.773e-24 7.850e-13 9.864e-12
1.778e+01 8.618e+30 4.366e+33 4.374e-24 7.193e-13 9.039e-12
1.995e+01 6.263e+30 3.995e+33 4.001e-24 6.581e-13 8.270e-12
2.239e+01 4.544e+30 3.649e+33 3.655e-24 6.011e-13 7.554e-12
2.512e+01 3.293e+30 3.328e+33 3.334e-24 5.483e-13 6.890e-12
2.818e+01 2.383e+30 3.032e+33 3.038e-24 4.996e-13 6.278e-12
3.162e+01 1.723e+30 2.760e+33 2.765e-24 4.547e-13 5.714e-12
3.548e+01 1.245e+30 2.510e+33 2.515e-24 4.136e-13 5.197e-12
3.981e+01 8.986e+29 2.282e+33 2.286e-24 3.759e-13 4.723e-12
4.467e+01 6.483e+29 2.072e+33 2.076e-24 3.414e-13 4.290e-12
5.012e+01 4.674e+29 1.881e+33 1.884e-24 3.099e-13 3.894e-12
5.623e+01 3.366e+29 1.705e+33 1.708e-24 2.810e-13 3.531e-12
6.310e+01 2.421e+29 1.544e+33 1.547e-24 2.544e-13 3.197e-12
7.079e+01 1.739e+29 1.396e+33 1.398e-24 2.300e-13 2.890e-12
7.943e+01 1.246e+29 1.260e+33 1.262e-24 2.075e-13 2.608e-12
8.913e+01 8.911e+28 1.134e+33 1.136e-24 1.868e-13 2.348e-12
1.000e+02 6.358e+28 1.019e+33 1.020e-24 1.678e-13 2.109e-12
1.122e+02 4.524e+28 9.125e+32 9.141e-25 1.503e-13 1.889e-12
1.259e+02 3.211e+28 8.153e+32 8.166e-25 1.343e-13 1.688e-12
1.413e+02 2.272e+28 7.262e+32 7.274e-25 1.196e-13 1.503e-12
1.585e+02 1.602e+28 6.449e+32 6.460e-25 1.062e-13 1.335e-12
1.778e+02 1.127e+28 5.709e+32 5.719e-25 9.406e-14 1.182e-12
1.995e+02 7.900e+27 5.039e+32 5.047e-25 8.301e-14 1.043e-12
2.239e+02 5.521e+27 4.433e+32 4.441e-25 7.303e-14 9.177e-13
2.512e+02 3.846e+27 3.888e+32 3.895e-25 6.406e-14 8.050e-13
2.818e+02 2.671e+27 3.400e+32 3.405e-25 5.601e-14 7.038e-13
3.162e+02 1.849e+27 2.962e+32 2.967e-25 4.880e-14 6.132e-13
3.548e+02 1.274e+27 2.570e+32 2.575e-25 4.234e-14 5.321e-13
3.981e+02 8.740e+26 2.219e+32 2.223e-25 3.656e-14 4.594e-13
4.467e+02 5.961e+26 1.906e+32 1.909e-25 3.139e-14 3.945e-13
5.012e+02 4.040e+26 1.626e+32 1.629e-25 2.678e-14 3.366e-13
5.623e+02 2.718e+26 1.377e+32 1.380e-25 2.269e-14 2.851e-13
6.310e+02 1.816e+26 1.158e+32 1.160e-25 1.908e-14 2.397e-13
7.079e+02 1.204e+26 9.666e+31 9.682e-26 1.592e-14 2.001e-13
7.943e+02 7.924e+25 8.010e+31 8.024e-26 1.320e-14 1.658e-13
8.913e+02 5.180e+25 6.593e+31 6.604e-26 1.086e-14 1.365e-13
1.000e+03 3.364e+25 5.389e+31 5.398e-26 8.878e-15 1.116e-13
1.122e+03 2.168e+25 4.374e+31 4.381e-26 7.205e-15 9.054e-14
1.259e+03 1.386e+25 3.519e+31 3.525e-26 5.797e-15 7.285e-14
1.413e+03 8.760e+24 2.800e+31 2.805e-26 4.613e-15 5.797e-14
1.585e+03 5.453e+24 2.194e+31 2.198e-26 3.615e-15 4.543e-14
1.778e+03 3.322e+24 1.683e+31 1.686e-26 2.773e-15 3.484e-14
1.995e+03 1.963e+24 1.252e+31 1.254e-26 2.062e-15 2.592e-14
2.239e+03 1.109e+24 8.901e+30 8.917e-27 1.466e-15 1.843e-14
2.512e+03 5.844e+23 5.907e+30 5.917e-27 9.732e-16 1.223e-14
2.818e+03 2.747e+23 3.496e+30 3.502e-27 5.760e-16 7.238e-15
3.162e+03 1.038e+23 1.664e+30 1.666e-27 2.740e-16 3.444e-15
3.548e+03 2.287e+22 4.614e+29 4.621e-28 7.600e-17 9.551e-16
3.981e+03 2.132e-10 5.414e-03 5.423e-60 8.919e-49 1.121e-47
4.467e+03 1.900e-10 6.074e-03 6.085e-60 1.001e-48 1.257e-47
5.012e+03 1.693e-10 6.815e-03 6.827e-60 1.123e-48 1.411e-47
5.623e+03 1.509e-10 7.646e-03 7.659e-60 1.260e-48 1.583e-47
6.310e+03 1.345e-10 8.579e-03 8.593e-60 1.413e-48 1.776e-47
7.079e+03 1.199e-10 9.625e-03 9.641e-60 1.586e-48 1.993e-47
7.943e+03 1.068e-10 1.080e-02 1.082e-59 1.779e-48 2.235e-47
8.913e+03 9.520e-11 1.212e-02 1.214e-59 1.996e-48 2.508e-47
1.000e+04 8.484e-11 1.359e-02 1.362e-59 2.239e-48 2.814e-47
1.122e+04 7.560e-11 1.525e-02 1.528e-59 2.512e-48 3.157e-47
1.259e+04 6.737e-11 1.711e-02 1.714e-59 2.818e-48 3.542e-47
1.413e+04 6.004e-11 1.919e-02 1.923e-59 3.162e-48 3.973e-47
1.585e+04 5.350e-11 2.153e-02 2.157e-59 3.547e-48 4.458e-47
1.778e+04 4.768e-11 2.416e-02 2.420e-59 3.979e-48 5.001e-47
1.995e+04 4.249e-11 2.710e-02 2.714e-59 4.464e-48 5.610e-47
2.239e+04 3.786e-11 3.040e-02 3.045e-59 5.008e-48 6.293e-47
2.512e+04 3.373e-11 3.410e-02 3.416e-59 5.618e-48 7.060e-47
2.818e+04 3.006e-11 3.826e-02 3.832e-59 6.302e-48 7.920e-47
3.162e+04 2.678e-11 4.291e-02 4.299e-59 7.069e-48 8.884e-47
3.548e+04 2.386e-11 4.814e-02 4.822e-59 7.930e-48 9.965e-47
3.981e+04 2.126e-11 5.399e-02 5.408e-59 8.895e-48 1.118e-46
4.467e+04 1.894e-11 6.056e-02 6.066e-59 9.977e-48 1.254e-46
5.012e+04 1.688e-11 6.793e-02 6.804e-59 1.119e-47 1.406e-46
5.623e+04 1.504e-11 7.618e-02 7.631e-59 1.255e-47 1.577e-46
6.310e+04 1.340e-11 8.544e-02 8.559e-59 1.408e-47 1.769e-46
7.079e+04 1.193e-11 9.582e-02 9.598e-59 1.579e-47 1.984e-46
7.943e+04 1.063e-11 1.075e-01 1.076e-58 1.770e-47 2.224e-46
8.913e+04 9.468e-12 1.205e-01 1.207e-58 1.985e-47 2.494e-46
1.000e+05 8.433e-12 1.351e-01 1.353e-58 2.226e-47 2.797e-46
1.122e+05 7.510e-12 1.515e-01 1.517e-58 2.495e-47 3.136e-46
1.259e+05 6.688e-12 1.698e-01 1.701e-58 2.798e-47 3.516e-46
1.413e+05 4.467e-12 1.428e-01 1.430e-58 2.352e-47 2.956e-46
1.585e+05 3.977e-12 1.601e-01 1.603e-58 2.637e-47 3.313e-46
1.778e+05 3.541e-12 1.794e-01 1.797e-58 2.955e-47 3.714e-46
1.995e+05 3.152e-12 2.010e-01 2.014e-58 3.312e-47 4.162e-46
2.239e+05 2.806e-12 2.253e-01 2.257e-58 3.711e-47 4.664e-46
2.512e+05 2.497e-12 2.524e-01 2.528e-58 4.158e-47 5.225e-46
2.818e+05 2.222e-12 2.828e-01 2.832e-58 4.658e-47 5.854e-46
3.162e+05 1.977e-12 3.167e-01 3.173e-58 5.218e-47 6.557e-46
3.548e+05 1.758e-12 3.547e-01 3.553e-58 5.843e-47 7.343e-46
3.981e+05 1.564e-12 3.971e-01 3.978e-58 6.542e-47 8.222e-46
4.467e+05 1.391e-12 4.446e-01 4.453e-58 7.324e-47 9.204e-46
5.012e+05 1.236e-12 4.976e-01 4.984e-58 8.197e-47 1.030e-45
5.623e+05 1.099e-12 5.567e-01 5.577e-58 9.172e-47 1.153e-45
6.310e+05 9.764e-13 6.228e-01 6.238e-58 1.026e-46 1.289e-45
7.079e+05 8.673e-13 6.965e-01 6.976e-58 1.147e-46 1.442e-45
7.943e+05 7.702e-13 7.786e-01 7.799e-58 1.283e-46 1.612e-45
8.913e+05 6.837e-13 8.701e-01 8.716e-58 1.433e-46 1.801e-45
1.000e+06 4.044e-13 6.480e-01 6.491e-58 1.067e-46 1.341e-45
1.122e+06 3.587e-13 7.236e-01 7.248e-58 1.192e-46 1.498e-45
1.259e+06 3.180e-13 8.076e-01 8.090e-58 1.330e-46 1.672e-45
1.413e+06 2.818e-13 9.009e-01 9.024e-58 1.484e-46 1.865e-45
1.585e+06 2.496e-13 1.004e+00 1.006e-57 1.655e-46 2.079e-45
1.778e+06 2.209e-13 1.119e+00 1.121e-57 1.844e-46 2.317e-45
1.995e+06 1.954e-13 1.246e+00 1.249e-57 2.053e-46 2.580e-45
2.239e+06 0.000e+00 0.000e+00 0.000e+00 0.000e+00 0.000e+00
2.512e+06 0.000e+00 0.000e+00 0.000e+00 0.000e+00 0.000e+00
2.818e+06 0.000e+00 0.000e+00 0.000e+00 0.000e+00 0.000e+00
3.162e+06 0.000e+00 0.000e+00 0.000e+00 0.000e+00 0.000e+00
3.548e+06 0.000e+00 0.000e+00 0.000e+00 0.000e+00 0.000e+00
3.981e+06 0.000e+00 0.000e+00 0.000e+00 0.000e+00 0.000e+00
4.467e+06 0.000e+00 0.000e+00 0.000e+00 0.000e+00 0.000e+00
5.012e+06 0.000e+00 0.000e+00 0.000e+00 0.000e+00 0.000e+00
5.623e+06 0.000e+00 0.000e+00 0.000e+00 0.000e+00 0.000e+00
6.310e+06 0.000e+00 0.000e+00 0.000e+00 0.000e+00 0.000e+00
7.079e+06 0.000e+00 0.000e+00 0.000e+00 0.000e+00 0.000e+00
7.943e+06 0.000e+00 0.000e+00 0.000e+00 0.000e+00 0.000e+00
8.913e+06 0.000e+00 0.000e+00 0.000e+00 0.000e+00 0.000e+00
1.000e+07 0.000e+00 0.000e+00 0.000e+00 0.000e+00 0.000e+00
1.122e+07 0.000e+00 0.000e+00 0.000e+00 0.000e+00 0.000e+00
1.259e+07 0.000e+00 0.000e+00 0.000e+00 0.000e+00 0.000e+00
1.413e+07 0.000e+00 0.000e+00 0.000e+00 0.000e+00 0.000e+00
1.585e+07 0.000e+00 0.000e+00 0.000e+00 0.000e+00 0.000e+00
1.778e+07 0.000e+00 0.000e+00 0.000e+00 0.000e+00 0.000e+00
1.995e+07 0.000e+00 0.000e+00 0.000e+00 0.000e+00 0.000e+00
2.239e+07 0.000e+00 0.000e+00 0.000e+00 0.000e+00 0.000e+00
2.512e+07 0.000e+00 0.000e+00 0.000e+00 0.000e+00 0.000e+00
2.818e+07 0.000e+00 0.000e+00 0.000e+00 0.000e+00 0.000e+00
3.162e+07 0.000e+00 0.000e+00 0.000e+00 0.000e+00 0.000e+00
3.548e+07 0.000e+00 0.000e+00 0.000e+00 0.000e+00 0.000e+00
3.981e+07 0.000e+00 0.000e+00 0.000e+00 0.000e+00 0.000e+00
4.467e+07 0.000e+00 0.000e+00 0.000e+00 0.000e+00 0.000e+00
5.012e+07 0.000e+00 0.000e+00 0.000e+00 0.000e+00 0.000e+00
5.623e+07 0.000e+00 0.000e+00 0.000e+00 0.000e+00 0.000e+00
6.310e+07 0.000e+00 0.000e+00 0.000e+00 0.000e+00 0.000e+00
7.079e+07 0.000e+00 0.000e+00 0.000e+00 0.000e+00 0.000e+00
7.943e+07 0.000e+00 0.000e+00 0.000e+00 0.000e+00 0.000e+00
8.913e+07 0.000e+00 0.000e+00 0.000e+00 0.000e+00 0.000e+00
1.000e+08 0.000e+00 0.000e+00 0.000e+00 0.000e+00 0.000e+00
