1.000e-20 5.434e+24 8.706e-16 8.721e-73 1.434e-61 1.802e-60
1.122e-20 4.990e+24 1.006e-15 1.008e-72 1.658e-61 2.084e-60
1.259e-20 4.578e+24 1.163e-15 1.165e-72 1.915e-61 2.407e-60
1.413e-20 4.197e+24 1.342e-15 1.344e-72 2.211e-61 2.778e-60
1.585e-20 3.845e+24 1.547e-15 1.550e-72 2.549e-61 3.203e-60
1.778e-20 3.519e+24 1.783e-15 1.786e-72 2.937e-61 3.691e-60
1.995e-20 3.217e+24 2.052e-15 2.055e-72 3.380e-61 4.248e-60
2.239e-20 2.937e+24 2.359e-15 2.363e-72 3.886e-61 4.883e-60
2.512e-20 2.679e+24 2.708e-15 2.713e-72 4.462e-61 5.607e-60
2.818e-20 2.440e+24 3.105e-15 3.111e-72 5.116e-61 6.428e-60
3.162e-20 2.219e+24 3.555e-15 3.561e-72 5.857e-61 7.360e-60
3.548e-20 2.015e+24 4.063e-15 4.070e-72 6.694e-61 8.412e-60
3.981e-20 1.826e+24 4.636e-15 4.644e-72 7.637e-61 9.597e-60
4.467e-20 1.651e+24 5.279e-15 5.288e-72 8.696e-61 1.093e-59
5.012e-20 1.490e+24 5.998e-15 6.008e-72 9.880e-61 1.242e-59
5.623e-20 1.342e+24 6.798e-15 6.809e-72 1.120e-60 1.407e-59
6.310e-20 1.205e+24 7.684e-15 7.697e-72 1.266e-60 1.591e-59
7.079e-20 1.079e+24 8.661e-15 8.675e-72 1.427e-60 1.793e-59
7.943e-20 9.625e+23 9.730e-15 9.746e-72 1.603e-60 2.014e-59
8.913e-20 8.558e+23 1.089e-14 1.091e-71 1.794e-60 2.255e-59
1.000e-19 7.579e+23 1.214e-14 1.216e-71 2.001e-60 2.514e-59
1.122e-19 6.683e+23 1.348e-14 1.350e-71 2.221e-60 2.791e-59
1.259e-19 5.864e+23 1.489e-14 1.492e-71 2.453e-60 3.083e-59
1.413e-19 5.118e+23 1.636e-14 1.639e-71 2.695e-60 3.387e-59
1.585e-19 4.440e+23 1.787e-14 1.790e-71 2.944e-60 3.699e-59
1.778e-19 3.827e+23 1.939e-14 1.942e-71 3.194e-60 4.013e-59
1.995e-19 3.273e+23 2.088e-14 2.091e-71 3.440e-60 4.322e-59
2.239e-19 2.777e+23 2.230e-14 2.234e-71 3.674e-60 4.617e-59
2.512e-19 2.335e+23 2.360e-14 2.364e-71 3.888e-60 4.886e-59
2.818e-19 1.943e+23 2.473e-14 2.477e-71 4.073e-60 5.119e-59
3.162e-19 1.599e+23 2.561e-14 2.566e-71 4.219e-60 5.302e-59
3.548e-19 1.299e+23 2.620e-14 2.624e-71 4.316e-60 5.423e-59
3.981e-19 1.040e+23 2.642e-14 2.647e-71 4.352e-60 5.469e-59
4.467e-19 8.205e+22 2.623e-14 2.627e-71 4.321e-60 5.430e-59
5.012e-19 6.358e+22 2.559e-14 2.563e-71 4.215e-60 5.297e-59
5.623e-19 4.831e+22 2.448e-14 2.452e-71 4.032e-60 5.067e-59
6.310e-19 3.592e+22 2.291e-14 2.295e-71 3.774e-60 4.743e-59
7.079e-19 2.606e+22 2.093e-14 2.096e-71 3.447e-60 4.332e-59
7.943e-19 1.840e+22 1.860e-14 1.863e-71 3.064e-60 3.851e-59
8.913e-19 1.260e+22 1.604e-14 1.607e-71 2.643e-60 3.321e-59
1.000e-18 8.347e+21 1.337e-14 1.340e-71 2.203e-60 2.769e-59
1.122e-18 5.324e+21 1.074e-14 1.076e-71 1.769e-60 2.223e-59
1.259e-18 3.257e+21 8.272e-15 8.286e-72 1.363e-60 1.712e-59
1.413e-18 1.905e+21 6.088e-15 6.099e-72 1.003e-60 1.260e-59
1.585e-18 1.060e+21 4.267e-15 4.275e-72 7.030e-61 8.834e-60
1.778e-18 5.614e+20 2.844e-15 2.849e-72 4.686e-61 5.888e-60
1.995e-18 2.837e+20 1.810e-15 1.813e-72 2.981e-61 3.746e-60
2.239e-18 1.391e+20 1.117e-15 1.119e-72 1.841e-61 2.313e-60
2.512e-18 6.906e+19 6.981e-16 6.993e-73 1.150e-61 1.445e-60
2.818e-18 3.747e+19 4.768e-16 4.777e-73 7.856e-62 9.872e-61
3.162e-18 2.407e+19 3.857e-16 3.864e-73 6.354e-62 7.985e-61
3.548e-18 1.848e+19 3.727e-16 3.734e-73 6.140e-62 7.716e-61
3.981e-18 1.590e+19 4.038e-16 4.045e-73 6.652e-62 8.360e-61
4.467e-18 1.439e+19 4.601e-16 4.609e-73 7.580e-62 9.525e-61
5.012e-18 1.325e+19 5.333e-16 5.342e-73 8.785e-62 1.104e-60
5.623e-18 1.226e+19 6.210e-16 6.220e-73 1.023e-61 1.286e-60
6.310e-18 1.135e+19 7.238e-16 7.251e-73 1.192e-61 1.498e-60
7.079e-18 1.051e+19 8.439e-16 8.453e-73 1.390e-61 1.747e-60
7.943e-18 9.733e+18 9.839e-16 9.856e-73 1.621e-61 2.037e-60
8.913e-18 9.014e+18 1.147e-15 1.149e-72 1.890e-61 2.375e-60
1.000e-17 8.348e+18 1.338e-15 1.340e-72 2.203e-61 2.769e-60
1.122e-17 7.731e+18 1.559e-15 1.562e-72 2.569e-61 3.228e-60
1.259e-17 7.160e+18 1.818e-15 1.821e-72 2.995e-61 3.764e-60
1.413e-17 6.631e+18 2.120e-15 2.123e-72 3.492e-61 4.389e-60
1.585e-17 6.141e+18 2.472e-15 2.476e-72 4.072e-61 5.117e-60
1.778e-17 5.688e+18 2.882e-15 2.887e-72 4.747e-61 5.966e-60
1.995e-17 5.268e+18 3.360e-15 3.366e-72 5.535e-61 6.956e-60
2.239e-17 4.878e+18 3.917e-15 3.924e-72 6.453e-61 8.110e-60
2.512e-17 4.518e+18 4.567e-15 4.575e-72 7.524e-61 9.455e-60
2.818e-17 4.184e+18 5.325e-15 5.334e-72 8.773e-61 1.102e-59
3.162e-17 3.875e+18 6.209e-15 6.219e-72 1.023e-60 1.285e-59
3.548e-17 3.589e+18 7.239e-15 7.251e-72 1.193e-60 1.499e-59
3.981e-17 3.324e+18 8.440e-15 8.454e-72 1.390e-60 1.747e-59
4.467e-17 3.078e+18 9.840e-15 9.857e-72 1.621e-60 2.037e-59
5.012e-17 2.851e+18 1.147e-14 1.149e-71 1.890e-60 2.375e-59
5.623e-17 2.640e+18 1.338e-14 1.340e-71 2.204e-60 2.769e-59
6.310e-17 2.445e+18 1.560e-14 1.562e-71 2.569e-60 3.229e-59
7.079e-17 2.265e+18 1.818e-14 1.822e-71 2.996e-60 3.764e-59
7.943e-17 2.097e+18 2.120e-14 2.124e-71 3.493e-60 4.389e-59
8.913e-17 1.942e+18 2.472e-14 2.476e-71 4.072e-60 5.117e-59
1.000e-16 1.799e+18 2.882e-14 2.887e-71 4.748e-60 5.966e-59
1.122e-16 1.666e+18 3.360e-14 3.366e-71 5.536e-60 6.956e-59
1.259e-16 1.543e+18 3.918e-14 3.925e-71 6.454e-60 8.111e-59
1.413e-16 1.429e+18 4.568e-14 4.576e-71 7.525e-60 9.456e-59
1.585e-16 1.323e+18 5.326e-14 5.335e-71 8.774e-60 1.103e-58
1.778e-16 1.226e+18 6.210e-14 6.220e-71 1.023e-59 1.285e-58
1.995e-16 1.135e+18 7.240e-14 7.252e-71 1.193e-59 1.499e-58
2.239e-16 1.051e+18 8.441e-14 8.456e-71 1.391e-59 1.747e-58
2.512e-16 9.736e+17 9.842e-14 9.859e-71 1.621e-59 2.037e-58
2.818e-16 9.016e+17 1.147e-13 1.149e-70 1.890e-59 2.375e-58
3.162e-16 8.350e+17 1.338e-13 1.340e-70 2.204e-59 2.770e-58
3.548e-16 7.734e+17 1.560e-13 1.563e-70 2.570e-59 3.229e-58
3.981e-16 7.162e+17 1.819e-13 1.822e-70 2.996e-59 3.765e-58
4.467e-16 6.633e+17 2.120e-13 2.124e-70 3.493e-59 4.390e-58
5.012e-16 6.143e+17 2.472e-13 2.477e-70 4.073e-59 5.118e-58
5.623e-16 5.689e+17 2.883e-13 2.887e-70 4.749e-59 5.967e-58
6.310e-16 5.269e+17 3.361e-13 3.367e-70 5.537e-59 6.958e-58
7.079e-16 4.880e+17 3.919e-13 3.925e-70 6.455e-59 8.112e-58
7.943e-16 4.519e+17 4.569e-13 4.576e-70 7.526e-59 9.458e-58
8.913e-16 4.186e+17 5.327e-13 5.336e-70 8.775e-59 1.103e-57
1.000e-15 3.876e+17 6.211e-13 6.221e-70 1.023e-58 1.286e-57
1.122e-15 3.590e+17 7.241e-13 7.253e-70 1.193e-58 1.499e-57
1.259e-15 3.325e+17 8.443e-13 8.457e-70 1.391e-58 1.748e-57
1.413e-15 3.079e+17 9.844e-13 9.860e-70 1.622e-58 2.038e-57
1.585e-15 2.852e+17 1.148e-12 1.150e-69 1.891e-58 2.376e-57
1.778e-15 2.641e+17 1.338e-12 1.340e-69 2.204e-58 2.770e-57
1.995e-15 2.446e+17 1.560e-12 1.563e-69 2.570e-58 3.230e-57
2.239e-15 2.265e+17 1.819e-12 1.822e-69 2.997e-58 3.766e-57
2.512e-15 2.098e+17 2.121e-12 2.124e-69 3.494e-58 4.391e-57
2.818e-15 1.943e+17 2.473e-12 2.477e-69 4.074e-58 5.119e-57
3.162e-15 1.800e+17 2.883e-12 2.888e-69 4.750e-58 5.969e-57
3.548e-15 1.667e+17 3.362e-12 3.367e-69 5.538e-58 6.959e-57
3.981e-15 1.543e+17 3.919e-12 3.926e-69 6.457e-58 8.114e-57
4.467e-15 1.429e+17 4.570e-12 4.577e-69 7.528e-58 9.460e-57
5.012e-15 1.324e+17 5.328e-12 5.337e-69 8.777e-58 1.103e-56
5.623e-15 1.226e+17 6.212e-12 6.222e-69 1.023e-57 1.286e-56
6.310e-15 1.136e+17 7.243e-12 7.255e-69 1.193e-57 1.499e-56
7.079e-15 1.052e+17 8.444e-12 8.459e-69 1.391e-57 1.748e-56
7.943e-15 9.739e+16 9.846e-12 9.862e-69 1.622e-57 2.038e-56
8.913e-15 9.020e+16 1.148e-11 1.150e-68 1.891e-57 2.376e-56
1.000e-14 8.354e+16 1.338e-11 1.341e-68 2.205e-57 2.771e-56
1.122e-14 7.737e+16 1.560e-11 1.563e-68 2.571e-57 3.230e-56
1.259e-14 7.165e+16 1.819e-11 1.823e-68 2.997e-57 3.767e-56
1.413e-14 6.636e+16 2.121e-11 2.125e-68 3.495e-57 4.392e-56
1.585e-14 6.146e+16 2.473e-11 2.478e-68 4.075e-57 5.120e-56
1.778e-14 5.692e+16 2.884e-11 2.889e-68 4.751e-57 5.970e-56
1.995e-14 5.271e+16 3.362e-11 3.368e-68 5.539e-57 6.960e-56
2.239e-14 4.882e+16 3.920e-11 3.927e-68 6.458e-57 8.115e-56
2.512e-14 4.521e+16 4.571e-11 4.578e-68 7.529e-57 9.462e-56
2.818e-14 4.187e+16 5.329e-11 5.338e-68 8.779e-57 1.103e-55
3.162e-14 3.878e+16 6.213e-11 6.224e-68 1.024e-56 1.286e-55
3.548e-14 3.591e+16 7.244e-11 7.256e-68 1.193e-56 1.500e-55
3.981e-14 3.326e+16 8.446e-11 8.460e-68 1.391e-56 1.748e-55
4.467e-14 3.080e+16 9.847e-11 9.864e-68 1.622e-56 2.039e-55
5.012e-14 2.853e+16 1.148e-10 1.150e-67 1.891e-56 2.377e-55
5.623e-14 2.642e+16 1.339e-10 1.341e-67 2.205e-56 2.771e-55
6.310e-14 2.447e+16 1.561e-10 1.563e-67 2.571e-56 3.231e-55
7.079e-14 2.266e+16 1.820e-10 1.823e-67 2.998e-56 3.767e-55
7.943e-14 2.099e+16 2.122e-10 2.125e-67 3.495e-56 4.392e-55
8.913e-14 1.944e+16 2.474e-10 2.478e-67 4.075e-56 5.121e-55
1.000e-13 1.800e+16 2.884e-10 2.889e-67 4.751e-56 5.970e-55
1.122e-13 1.667e+16 3.362e-10 3.368e-67 5.539e-56 6.961e-55
1.259e-13 1.544e+16 3.920e-10 3.927e-67 6.458e-56 8.116e-55
1.413e-13 1.430e+16 4.571e-10 4.578e-67 7.530e-56 9.462e-55
1.585e-13 1.324e+16 5.329e-10 5.338e-67 8.779e-56 1.103e-54
1.778e-13 1.226e+16 6.213e-10 6.223e-67 1.023e-55 1.286e-54
1.995e-13 1.136e+16 7.243e-10 7.256e-67 1.193e-55 1.500e-54
2.239e-13 1.052e+16 8.445e-10 8.459e-67 1.391e-55 1.748e-54
2.512e-13 9.740e+15 9.846e-10 9.863e-67 1.622e-55 2.038e-54
2.818e-13 9.020e+15 1.148e-09 1.150e-66 1.891e-55 2.376e-54
3.162e-13 8.353e+15 1.338e-09 1.341e-66 2.205e-55 2.771e-54
3.548e-13 7.736e+15 1.560e-09 1.563e-66 2.570e-55 3.230e-54
3.981e-13 7.164e+15 1.819e-09 1.822e-66 2.997e-55 3.766e-54
4.467e-13 6.634e+15 2.121e-09 2.124e-66 3.494e-55 4.390e-54
5.012e-13 6.144e+15 2.473e-09 2.477e-66 4.073e-55 5.119e-54
5.623e-13 5.689e+15 2.883e-09 2.887e-66 4.749e-55 5.967e-54
6.310e-13 5.269e+15 3.361e-09 3.366e-66 5.536e-55 6.957e-54
7.079e-13 4.879e+15 3.918e-09 3.924e-66 6.454e-55 8.111e-54
7.943e-13 4.518e+15 4.567e-09 4.575e-66 7.524e-55 9.455e-54
8.913e-13 4.184e+15 5.325e-09 5.334e-66 8.772e-55 1.102e-53
1.000e-12 3.874e+15 6.207e-09 6.218e-66 1.023e-54 1.285e-53
1.122e-12 3.588e+15 7.237e-09 7.249e-66 1.192e-54 1.498e-53
1.259e-12 3.322e+15 8.436e-09 8.451e-66 1.390e-54 1.746e-53
1.413e-12 3.076e+15 9.835e-09 9.851e-66 1.620e-54 2.036e-53
1.585e-12 2.849e+15 1.146e-08 1.148e-65 1.889e-54 2.373e-53
1.778e-12 2.638e+15 1.336e-08 1.339e-65 2.202e-54 2.767e-53
1.995e-12 2.443e+15 1.558e-08 1.561e-65 2.567e-54 3.225e-53
2.239e-12 2.262e+15 1.816e-08 1.819e-65 2.992e-54 3.760e-53
2.512e-12 2.094e+15 2.117e-08 2.121e-65 3.488e-54 4.383e-53
2.818e-12 1.939e+15 2.468e-08 2.472e-65 4.066e-54 5.109e-53
3.162e-12 1.796e+15 2.877e-08 2.882e-65 4.739e-54 5.955e-53
3.548e-12 1.663e+15 3.353e-08 3.359e-65 5.524e-54 6.942e-53
3.981e-12 1.539e+15 3.909e-08 3.916e-65 6.440e-54 8.092e-53
4.467e-12 1.425e+15 4.556e-08 4.564e-65 7.506e-54 9.433e-53
5.012e-12 1.320e+15 5.311e-08 5.320e-65 8.750e-54 1.100e-52
5.623e-12 1.222e+15 6.191e-08 6.201e-65 1.020e-53 1.282e-52
6.310e-12 1.131e+15 7.216e-08 7.229e-65 1.189e-53 1.494e-52
7.079e-12 1.048e+15 8.411e-08 8.426e-65 1.386e-53 1.741e-52
7.943e-12 9.699e+14 9.805e-08 9.821e-65 1.615e-53 2.030e-52
8.913e-12 8.980e+14 1.143e-07 1.145e-64 1.883e-53 2.366e-52
1.000e-11 8.314e+14 1.332e-07 1.334e-64 2.194e-53 2.758e-52
1.122e-11 7.698e+14 1.553e-07 1.555e-64 2.558e-53 3.214e-52
1.259e-11 7.127e+14 1.810e-07 1.813e-64 2.981e-53 3.747e-52
1.413e-11 6.599e+14 2.109e-07 2.113e-64 3.475e-53 4.367e-52
1.585e-11 6.109e+14 2.459e-07 2.463e-64 4.050e-53 5.090e-52
1.778e-11 5.656e+14 2.866e-07 2.871e-64 4.721e-53 5.933e-52
1.995e-11 5.237e+14 3.340e-07 3.346e-64 5.503e-53 6.915e-52
2.239e-11 4.848e+14 3.893e-07 3.900e-64 6.414e-53 8.060e-52
2.512e-11 4.489e+14 4.538e-07 4.545e-64 7.475e-53 9.394e-52
2.818e-11 4.156e+14 5.289e-07 5.298e-64 8.713e-53 1.095e-51
3.162e-11 3.848e+14 6.164e-07 6.175e-64 1.016e-52 1.276e-51
3.548e-11 3.562e+14 7.185e-07 7.197e-64 1.184e-52 1.487e-51
3.981e-11 3.298e+14 8.374e-07 8.388e-64 1.380e-52 1.734e-51
4.467e-11 3.053e+14 9.760e-07 9.777e-64 1.608e-52 2.020e-51
5.012e-11 2.827e+14 1.138e-06 1.139e-63 1.874e-52 2.355e-51
5.623e-11 2.617e+14 1.326e-06 1.328e-63 2.184e-52 2.745e-51
6.310e-11 2.423e+14 1.545e-06 1.548e-63 2.546e-52 3.199e-51
7.079e-11 2.243e+14 1.801e-06 1.804e-63 2.967e-52 3.728e-51
7.943e-11 2.076e+14 2.099e-06 2.102e-63 3.458e-52 4.345e-51
8.913e-11 1.922e+14 2.446e-06 2.450e-63 4.030e-52 5.064e-51
1.000e-10 1.779e+14 2.851e-06 2.856e-63 4.696e-52 5.902e-51
1.122e-10 1.647e+14 3.322e-06 3.328e-63 5.473e-52 6.878e-51
1.259e-10 1.525e+14 3.872e-06 3.879e-63 6.379e-52 8.016e-51
1.413e-10 1.412e+14 4.513e-06 4.520e-63 7.434e-52 9.342e-51
1.585e-10 1.307e+14 5.259e-06 5.268e-63 8.664e-52 1.089e-50
1.778e-10 1.210e+14 6.129e-06 6.139e-63 1.010e-51 1.269e-50
1.995e-10 1.120e+14 7.143e-06 7.155e-63 1.177e-51 1.479e-50
2.239e-10 1.037e+14 8.324e-06 8.338e-63 1.371e-51 1.723e-50
2.512e-10 9.596e+13 9.701e-06 9.717e-63 1.598e-51 2.008e-50
2.818e-10 8.883e+13 1.130e-05 1.132e-62 1.862e-51 2.340e-50
3.162e-10 8.222e+13 1.317e-05 1.320e-62 2.170e-51 2.727e-50
3.548e-10 7.611e+13 1.535e-05 1.538e-62 2.529e-51 3.178e-50
3.981e-10 7.045e+13 1.789e-05 1.792e-62 2.947e-51 3.704e-50
4.467e-10 6.521e+13 2.085e-05 2.088e-62 3.434e-51 4.316e-50
5.012e-10 6.037e+13 2.429e-05 2.434e-62 4.002e-51 5.029e-50
5.623e-10 5.588e+13 2.831e-05 2.836e-62 4.664e-51 5.861e-50
6.310e-10 5.172e+13 3.299e-05 3.304e-62 5.434e-51 6.829e-50
7.079e-10 4.787e+13 3.844e-05 3.851e-62 6.333e-51 7.958e-50
7.943e-10 4.431e+13 4.479e-05 4.487e-62 7.379e-51 9.273e-50
8.913e-10 4.101e+13 5.219e-05 5.228e-62 8.598e-51 1.081e-49
1.000e-09 3.796e+13 6.082e-05 6.092e-62 1.002e-50 1.259e-49
1.122e-09 3.513e+13 7.087e-05 7.099e-62 1.167e-50 1.467e-49
1.259e-09 3.252e+13 8.257e-05 8.271e-62 1.360e-50 1.709e-49
1.413e-09 3.010e+13 9.621e-05 9.638e-62 1.585e-50 1.992e-49
1.585e-09 2.786e+13 1.121e-04 1.123e-61 1.847e-50 2.321e-49
1.778e-09 2.578e+13 1.306e-04 1.308e-61 2.152e-50 2.704e-49
1.995e-09 2.386e+13 1.522e-04 1.524e-61 2.507e-50 3.151e-49
2.239e-09 2.208e+13 1.773e-04 1.776e-61 2.921e-50 3.671e-49
2.512e-09 2.044e+13 2.066e-04 2.069e-61 3.403e-50 4.277e-49
2.818e-09 1.891e+13 2.407e-04 2.411e-61 3.965e-50 4.983e-49
3.162e-09 1.750e+13 2.804e-04 2.809e-61 4.620e-50 5.806e-49
3.548e-09 1.620e+13 3.267e-04 3.273e-61 5.382e-50 6.764e-49
3.981e-09 1.499e+13 3.807e-04 3.813e-61 6.271e-50 7.880e-49
4.467e-09 1.387e+13 4.435e-04 4.442e-61 7.306e-50 9.181e-49
5.012e-09 1.284e+13 5.166e-04 5.175e-61 8.511e-50 1.070e-48
5.623e-09 1.188e+13 6.019e-04 6.029e-61 9.915e-50 1.246e-48
6.310e-09 1.099e+13 7.012e-04 7.024e-61 1.155e-49 1.452e-48
7.079e-09 1.017e+13 8.168e-04 8.182e-61 1.346e-49 1.691e-48
7.943e-09 9.413e+12 9.516e-04 9.532e-61 1.568e-49 1.970e-48
8.913e-09 8.710e+12 1.108e-03 1.110e-60 1.826e-49 2.295e-48
1.000e-08 8.059e+12 1.291e-03 1.293e-60 2.127e-49 2.673e-48
1.122e-08 7.457e+12 1.504e-03 1.507e-60 2.478e-49 3.114e-48
1.259e-08 6.900e+12 1.752e-03 1.755e-60 2.886e-49 3.627e-48
1.413e-08 6.384e+12 2.041e-03 2.044e-60 3.362e-49 4.225e-48
1.585e-08 5.907e+12 2.377e-03 2.381e-60 3.916e-49 4.921e-48
1.778e-08 5.465e+12 2.769e-03 2.774e-60 4.562e-49 5.732e-48
1.995e-08 5.056e+12 3.225e-03 3.231e-60 5.313e-49 6.677e-48
2.239e-08 4.678e+12 3.756e-03 3.763e-60 6.188e-49 7.777e-48
2.512e-08 4.328e+12 4.375e-03 4.383e-60 7.208e-49 9.058e-48
2.818e-08 4.004e+12 5.096e-03 5.104e-60 8.395e-49 1.055e-47
3.162e-08 3.704e+12 5.935e-03 5.945e-60 9.777e-49 1.229e-47
3.548e-08 3.427e+12 6.912e-03 6.924e-60 1.139e-48 1.431e-47
3.981e-08 3.170e+12 8.050e-03 8.063e-60 1.326e-48 1.666e-47
4.467e-08 2.933e+12 9.375e-03 9.391e-60 1.544e-48 1.941e-47
5.012e-08 2.713e+12 1.092e-02 1.094e-59 1.799e-48 2.260e-47
5.623e-08 2.509e+12 1.271e-02 1.274e-59 2.094e-48 2.632e-47
6.310e-08 2.321e+12 1.480e-02 1.483e-59 2.439e-48 3.065e-47
7.079e-08 2.147e+12 1.724e-02 1.727e-59 2.840e-48 3.569e-47
7.943e-08 1.986e+12 2.007e-02 2.011e-59 3.307e-48 4.156e-47
8.913e-08 1.837e+12 2.338e-02 2.341e-59 3.851e-48 4.839e-47
1.000e-07 1.699e+12 2.722e-02 2.726e-59 4.484e-48 5.635e-47
1.122e-07 1.571e+12 3.169e-02 3.174e-59 5.221e-48 6.561e-47
1.259e-07 1.453e+12 3.690e-02 3.696e-59 6.079e-48 7.639e-47
1.413e-07 1.344e+12 4.296e-02 4.303e-59 7.077e-48 8.893e-47
1.585e-07 1.243e+12 5.002e-02 5.010e-59 8.240e-48 1.035e-46
1.778e-07 1.149e+12 5.823e-02 5.833e-59 9.593e-48 1.205e-46
1.995e-07 1.063e+12 6.779e-02 6.790e-59 1.117e-47 1.403e-46
2.239e-07 9.828e+11 7.892e-02 7.905e-59 1.300e-47 1.634e-46
2.512e-07 9.088e+11 9.187e-02 9.202e-59 1.513e-47 1.902e-46
2.818e-07 8.403e+11 1.069e-01 1.071e-58 1.762e-47 2.214e-46
3.162e-07 7.769e+11 1.245e-01 1.247e-58 2.051e-47 2.577e-46
3.548e-07 7.184e+11 1.449e-01 1.451e-58 2.387e-47 3.000e-46
3.981e-07 6.642e+11 1.686e-01 1.689e-58 2.778e-47 3.491e-46
4.467e-07 6.140e+11 1.963e-01 1.966e-58 3.234e-47 4.064e-46
5.012e-07 5.677e+11 2.285e-01 2.288e-58 3.764e-47 4.729e-46
5.623e-07 5.248e+11 2.659e-01 2.663e-58 4.380e-47 5.504e-46
6.310e-07 4.851e+11 3.094e-01 3.100e-58 5.098e-47 6.406e-46
7.079e-07 4.484e+11 3.601e-01 3.607e-58 5.932e-47 7.455e-46
7.943e-07 4.145e+11 4.190e-01 4.197e-58 6.903e-47 8.675e-46
8.913e-07 3.831e+11 4.876e-01 4.884e-58 8.033e-47 1.009e-45
1.000e-06 3.541e+11 5.674e-01 5.683e-58 9.347e-47 1.175e-45
1.122e-06 3.273e+11 6.602e-01 6.613e-58 1.088e-46 1.367e-45
1.259e-06 3.025e+11 7.681e-01 7.694e-58 1.265e-46 1.590e-45
1.413e-06 2.795e+11 8.936e-01 8.951e-58 1.472e-46 1.850e-45
1.585e-06 2.583e+11 1.040e+00 1.041e-57 1.713e-46 2.152e-45
1.778e-06 2.387e+11 1.209e+00 1.211e-57 1.992e-46 2.504e-45
1.995e-06 2.206e+11 1.407e+00 1.409e-57 2.318e-46 2.913e-45
2.239e-06 2.038e+11 1.637e+00 1.639e-57 2.696e-46 3.388e-45
2.512e-06 1.883e+11 1.904e+00 1.907e-57 3.136e-46 3.941e-45
2.818e-06 1.740e+11 2.214e+00 2.218e-57 3.647e-46 4.583e-45
3.162e-06 1.607e+11 2.575e+00 2.579e-57 4.242e-46 5.331e-45
3.548e-06 1.485e+11 2.995e+00 3.000e-57 4.933e-46 6.199e-45
3.981e-06 1.371e+11 3.482e+00 3.488e-57 5.737e-46 7.209e-45
4.467e-06 1.267e+11 4.050e+00 4.056e-57 6.671e-46 8.383e-45
5.012e-06 1.170e+11 4.709e+00 4.717e-57 7.757e-46 9.748e-45
5.623e-06 1.081e+11 5.475e+00 5.484e-57 9.019e-46 1.133e-44
6.310e-06 9.980e+10 6.365e+00 6.376e-57 1.049e-45 1.318e-44
7.079e-06 9.216e+10 7.400e+00 7.413e-57 1.219e-45 1.532e-44
7.943e-06 8.510e+10 8.603e+00 8.617e-57 1.417e-45 1.781e-44
8.913e-06 7.857e+10 1.000e+01 1.002e-56 1.647e-45 2.070e-44
1.000e-05 7.255e+10 1.162e+01 1.164e-56 1.915e-45 2.406e-44
1.122e-05 6.698e+10 1.351e+01 1.353e-56 2.225e-45 2.797e-44
1.259e-05 6.183e+10 1.570e+01 1.573e-56 2.586e-45 3.250e-44
1.413e-05 5.707e+10 1.824e+01 1.828e-56 3.006e-45 3.777e-44
1.585e-05 5.268e+10 2.120e+01 2.124e-56 3.493e-45 4.389e-44
1.778e-05 4.862e+10 2.463e+01 2.468e-56 4.058e-45 5.100e-44
1.995e-05 4.487e+10 2.862e+01 2.867e-56 4.715e-45 5.925e-44
2.239e-05 4.141e+10 3.325e+01 3.330e-56 5.477e-45 6.883e-44
2.512e-05 3.821e+10 3.862e+01 3.869e-56 6.363e-45 7.996e-44
2.818e-05 3.525e+10 4.486e+01 4.494e-56 7.390e-45 9.287e-44
3.162e-05 3.252e+10 5.210e+01 5.219e-56 8.584e-45 1.079e-43
3.548e-05 3.000e+10 6.051e+01 6.061e-56 9.969e-45 1.253e-43
3.981e-05 2.767e+10 7.027e+01 7.039e-56 1.158e-44 1.455e-43
4.467e-05 2.552e+10 8.159e+01 8.173e-56 1.344e-44 1.689e-43
5.012e-05 2.354e+10 9.473e+01 9.489e-56 1.561e-44 1.961e-43
5.623e-05 2.170e+10 1.100e+02 1.102e-55 1.812e-44 2.277e-43
6.310e-05 2.001e+10 1.276e+02 1.279e-55 2.103e-44 2.643e-43
7.079e-05 1.845e+10 1.482e+02 1.484e-55 2.441e-44 3.067e-43
7.943e-05 1.701e+10 1.719e+02 1.722e-55 2.833e-44 3.560e-43
8.913e-05 1.568e+10 1.995e+02 1.999e-55 3.287e-44 4.131e-43
1.000e-04 1.445e+10 2.315e+02 2.319e-55 3.814e-44 4.793e-43
1.122e-04 1.332e+10 2.686e+02 2.690e-55 4.425e-44 5.560e-43
1.259e-04 1.227e+10 3.116e+02 3.121e-55 5.133e-44 6.450e-43
1.413e-04 1.130e+10 3.614e+02 3.620e-55 5.953e-44 7.481e-43
1.585e-04 1.041e+10 4.191e+02 4.198e-55 6.904e-44 8.676e-43
1.778e-04 9.592e+09 4.860e+02 4.868e-55 8.006e-44 1.006e-42
1.995e-04 8.834e+09 5.634e+02 5.644e-55 9.282e-44 1.166e-42
2.239e-04 8.134e+09 6.532e+02 6.543e-55 1.076e-43 1.352e-42
2.512e-04 7.489e+09 7.571e+02 7.584e-55 1.247e-43 1.567e-42
2.818e-04 6.895e+09 8.775e+02 8.789e-55 1.446e-43 1.816e-42
3.162e-04 6.346e+09 1.017e+03 1.018e-54 1.675e-43 2.105e-42
3.548e-04 5.840e+09 1.178e+03 1.180e-54 1.941e-43 2.439e-42
3.981e-04 5.374e+09 1.365e+03 1.367e-54 2.248e-43 2.825e-42
4.467e-04 4.944e+09 1.581e+03 1.583e-54 2.604e-43 3.272e-42
5.012e-04 4.548e+09 1.830e+03 1.833e-54 3.015e-43 3.789e-42
5.623e-04 4.183e+09 2.119e+03 2.123e-54 3.491e-43 4.387e-42
6.310e-04 3.846e+09 2.453e+03 2.458e-54 4.042e-43 5.079e-42
7.079e-04 3.536e+09 2.840e+03 2.844e-54 4.678e-43 5.879e-42
7.943e-04 3.251e+09 3.286e+03 3.292e-54 5.414e-43 6.803e-42
8.913e-04 2.988e+09 3.802e+03 3.809e-54 6.263e-43 7.871e-42
1.000e-03 2.745e+09 4.398e+03 4.406e-54 7.245e-43 9.105e-42
1.122e-03 2.522e+09 5.087e+03 5.095e-54 8.380e-43 1.053e-41
1.259e-03 2.316e+09 5.882e+03 5.892e-54 9.690e-43 1.218e-41
1.413e-03 2.127e+09 6.800e+03 6.811e-54 1.120e-42 1.408e-41
1.585e-03 1.953e+09 7.859e+03 7.872e-54 1.295e-42 1.627e-41
1.778e-03 1.792e+09 9.082e+03 9.097e-54 1.496e-42 1.880e-41
1.995e-03 1.645e+09 1.049e+04 1.051e-53 1.728e-42 2.172e-41
2.239e-03 1.509e+09 1.212e+04 1.214e-53 1.996e-42 2.509e-41
2.512e-03 1.384e+09 1.399e+04 1.402e-53 2.305e-42 2.897e-41
2.818e-03 1.269e+09 1.615e+04 1.618e-53 2.661e-42 3.344e-41
3.162e-03 1.164e+09 1.864e+04 1.868e-53 3.071e-42 3.860e-41
3.548e-03 1.067e+09 2.151e+04 2.155e-53 3.544e-42 4.453e-41
3.981e-03 9.772e+08 2.481e+04 2.486e-53 4.088e-42 5.137e-41
4.467e-03 8.951e+08 2.862e+04 2.866e-53 4.714e-42 5.924e-41
5.012e-03 8.197e+08 3.299e+04 3.305e-53 5.435e-42 6.829e-41
5.623e-03 7.504e+08 3.802e+04 3.809e-53 6.263e-42 7.871e-41
6.310e-03 6.868e+08 4.381e+04 4.388e-53 7.216e-42 9.068e-41
7.079e-03 6.283e+08 5.045e+04 5.054e-53 8.312e-42 1.045e-40
7.943e-03 5.747e+08 5.809e+04 5.819e-53 9.570e-42 1.203e-40
8.913e-03 5.254e+08 6.687e+04 6.698e-53 1.102e-41 1.384e-40
1.000e-02 4.802e+08 7.694e+04 7.707e-53 1.268e-41 1.593e-40
1.122e-02 4.388e+08 8.850e+04 8.865e-53 1.458e-41 1.832e-40
1.259e-02 4.008e+08 1.018e+05 1.019e-52 1.676e-41 2.107e-40
1.413e-02 3.659e+08 1.170e+05 1.172e-52 1.927e-41 2.421e-40
1.585e-02 3.339e+08 1.344e+05 1.346e-52 2.214e-41 2.782e-40
1.778e-02 3.047e+08 1.544e+05 1.546e-52 2.543e-41 3.195e-40
1.995e-02 2.778e+08 1.772e+05 1.775e-52 2.919e-41 3.669e-40
2.239e-02 2.533e+08 2.034e+05 2.037e-52 3.350e-41 4.210e-40
2.512e-02 2.308e+08 2.333e+05 2.337e-52 3.843e-41 4.830e-40
2.818e-02 2.102e+08 2.675e+05 2.680e-52 4.407e-41 5.538e-40
3.162e-02 1.914e+08 3.066e+05 3.071e-52 5.051e-41 6.348e-40
3.548e-02 1.742e+08 3.513e+05 3.519e-52 5.787e-41 7.272e-40
3.981e-02 1.584e+08 4.023e+05 4.030e-52 6.627e-41 8.328e-40
4.467e-02 1.440e+08 4.605e+05 4.612e-52 7.585e-41 9.532e-40
5.012e-02 1.309e+08 5.268e+05 5.277e-52 8.678e-41 1.091e-39
5.623e-02 1.189e+08 6.024e+05 6.034e-52 9.924e-41 1.247e-39
6.310e-02 1.079e+08 6.885e+05 6.896e-52 1.134e-40 1.425e-39
7.079e-02 9.794e+07 7.865e+05 7.878e-52 1.296e-40 1.628e-39
7.943e-02 8.882e+07 8.979e+05 8.994e-52 1.479e-40 1.859e-39
8.913e-02 8.051e+07 1.025e+06 1.026e-51 1.688e-40 2.121e-39
1.000e-01 7.293e+07 1.168e+06 1.170e-51 1.925e-40 2.419e-39
1.122e-01 6.602e+07 1.332e+06 1.334e-51 2.194e-40 2.757e-39
1.259e-01 5.973e+07 1.517e+06 1.519e-51 2.499e-40 3.140e-39
1.413e-01 5.401e+07 1.726e+06 1.729e-51 2.844e-40 3.574e-39
1.585e-01 4.879e+07 1.964e+06 1.967e-51 3.235e-40 4.065e-39
1.778e-01 4.405e+07 2.232e+06 2.235e-51 3.676e-40 4.620e-39
1.995e-01 3.973e+07 2.534e+06 2.539e-51 4.175e-40 5.246e-39
2.239e-01 3.581e+07 2.875e+06 2.880e-51 4.737e-40 5.953e-39
2.512e-01 3.224e+07 3.260e+06 3.265e-51 5.370e-40 6.748e-39
2.818e-01 2.900e+07 3.691e+06 3.698e-51 6.081e-40 7.642e-39
3.162e-01 2.606e+07 4.176e+06 4.183e-51 6.879e-40 8.645e-39
3.548e-01 2.339e+07 4.718e+06 4.726e-51 7.773e-40 9.768e-39
3.981e-01 2.097e+07 5.325e+06 5.334e-51 8.773e-40 1.102e-38
4.467e-01 1.878e+07 6.003e+06 6.013e-51 9.889e-40 1.243e-38
5.012e-01 1.679e+07 6.757e+06 6.768e-51 1.113e-39 1.399e-38
5.623e-01 1.499e+07 7.595e+06 7.608e-51 1.251e-39 1.572e-38
6.310e-01 1.336e+07 8.524e+06 8.539e-51 1.404e-39 1.765e-38
7.079e-01 1.190e+07 9.552e+06 9.568e-51 1.574e-39 1.977e-38
7.943e-01 1.057e+07 1.069e+07 1.070e-50 1.760e-39 2.212e-38
8.913e-01 9.375e+06 1.193e+07 1.195e-50 1.966e-39 2.470e-38
1.000e+00 8.300e+06 1.330e+07 1.332e-50 2.191e-39 2.753e-38
1.122e+00 7.334e+06 1.479e+07 1.482e-50 2.437e-39 3.062e-38
1.259e+00 6.466e+06 1.642e+07 1.645e-50 2.705e-39 3.399e-38
1.413e+00 5.688e+06 1.818e+07 1.822e-50 2.996e-39 3.765e-38
1.585e+00 4.993e+06 2.009e+07 2.013e-50 3.310e-39 4.160e-38
1.778e+00 4.371e+06 2.215e+07 2.218e-50 3.648e-39 4.585e-38
1.995e+00 3.817e+06 2.435e+07 2.439e-50 4.011e-39 5.040e-38
2.239e+00 3.324e+06 2.669e+07 2.674e-50 4.397e-39 5.525e-38
2.512e+00 2.886e+06 2.918e+07 2.922e-50 4.806e-39 6.040e-38
2.818e+00 2.498e+06 3.179e+07 3.185e-50 5.237e-39 6.582e-38
3.162e+00 2.155e+06 3.453e+07 3.459e-50 5.688e-39 7.148e-38
3.548e+00 1.853e+06 3.737e+07 3.744e-50 6.157e-39 7.737e-38
3.981e+00 1.587e+06 4.030e+07 4.037e-50 6.639e-39 8.343e-38
4.467e+00 1.354e+06 4.329e+07 4.336e-50 7.131e-39 8.962e-38
5.012e+00 1.151e+06 4.630e+07 4.638e-50 7.628e-39 9.585e-38
5.623e+00 9.732e+05 4.931e+07 4.939e-50 8.123e-39 1.021e-37
6.310e+00 8.192e+05 5.225e+07 5.234e-50 8.608e-39 1.082e-37
7.079e+00 6.861e+05 5.509e+07 5.518e-50 9.075e-39 1.140e-37
7.943e+00 5.714e+05 5.776e+07 5.786e-50 9.515e-39 1.196e-37
8.913e+00 4.730e+05 6.020e+07 6.030e-50 9.917e-39 1.246e-37
1.000e+01 3.890e+05 6.233e+07 6.244e-50 1.027e-38 1.290e-37
1.122e+01 3.177e+05 6.408e+07 6.419e-50 1.056e-38 1.327e-37
1.259e+01 2.574e+05 6.537e+07 6.548e-50 1.077e-38 1.353e-37
1.413e+01 2.068e+05 6.611e+07 6.622e-50 1.089e-38 1.369e-37
1.585e+01 1.646e+05 6.623e+07 6.634e-50 1.091e-38 1.371e-37
1.778e+01 1.296e+05 6.566e+07 6.577e-50 1.082e-38 1.359e-37
1.995e+01 1.009e+05 6.435e+07 6.446e-50 1.060e-38 1.332e-37
2.239e+01 7.753e+04 6.226e+07 6.236e-50 1.026e-38 1.289e-37
2.512e+01 5.874e+04 5.938e+07 5.948e-50 9.782e-39 1.229e-37
2.818e+01 4.380e+04 5.574e+07 5.583e-50 9.182e-39 1.154e-37
3.162e+01 3.209e+04 5.141e+07 5.150e-50 8.470e-39 1.064e-37
3.548e+01 2.306e+04 4.650e+07 4.658e-50 7.661e-39 9.627e-38
3.981e+01 1.621e+04 4.116e+07 4.123e-50 6.780e-39 8.521e-38
4.467e+01 1.112e+04 3.556e+07 3.562e-50 5.858e-39 7.362e-38
5.012e+01 7.432e+03 2.991e+07 2.996e-50 4.928e-39 6.192e-38
5.623e+01 4.820e+03 2.442e+07 2.446e-50 4.023e-39 5.056e-38
6.310e+01 3.024e+03 1.929e+07 1.932e-50 3.178e-39 3.993e-38
7.079e+01 1.828e+03 1.468e+07 1.471e-50 2.419e-39 3.039e-38
7.943e+01 1.061e+03 1.072e+07 1.074e-50 1.767e-39 2.220e-38
8.913e+01 5.878e+02 7.480e+06 7.493e-51 1.232e-39 1.549e-38
1.000e+02 3.093e+02 4.956e+06 4.964e-51 8.165e-40 1.026e-38
1.122e+02 1.537e+02 3.100e+06 3.105e-51 5.107e-40 6.417e-39
1.259e+02 7.158e+01 1.818e+06 1.821e-51 2.994e-40 3.763e-39
1.413e+02 3.101e+01 9.913e+05 9.930e-52 1.633e-40 2.052e-39
1.585e+02 1.239e+01 4.984e+05 4.993e-52 8.211e-41 1.032e-39
1.778e+02 4.515e+00 2.287e+05 2.291e-52 3.768e-41 4.735e-40
1.995e+02 1.485e+00 9.472e+04 9.488e-53 1.560e-41 1.961e-40
2.239e+02 4.351e-01 3.494e+04 3.500e-53 5.756e-42 7.233e-41
2.512e+02 1.119e-01 1.131e+04 1.133e-53 1.864e-42 2.342e-41
2.818e+02 2.486e-02 3.164e+03 3.169e-54 5.212e-43 6.549e-42
3.162e+02 4.679e-03 7.496e+02 7.509e-55 1.235e-43 1.552e-42
3.548e+02 7.309e-04 1.474e+02 1.477e-55 2.429e-44 3.052e-43
3.981e+02 9.174e-05 2.330e+01 2.333e-56 3.838e-45 4.823e-44
4.467e+02 9.040e-06 2.890e+00 2.895e-57 4.761e-46 5.982e-45
5.012e+02 0.000e+00 0.000e+00 0.000e+00 0.000e+00 0.000e+00
5.623e+02 0.000e+00 0.000e+00 0.000e+00 0.000e+00 0.000e+00
6.310e+02 0.000e+00 0.000e+00 0.000e+00 0.000e+00 0.000e+00
7.079e+02 0.000e+00 0.000e+00 0.000e+00 0.000e+00 0.000e+00
7.943e+02 0.000e+00 0.000e+00 0.000e+00 0.000e+00 0.000e+00
8.913e+02 0.000e+00 0.000e+00 0.000e+00 0.000e+00 0.000e+00
1.000e+03 0.000e+00 0.000e+00 0.000e+00 0.000e+00 0.000e+00
1.122e+03 0.000e+00 0.000e+00 0.000e+00 0.000e+00 0.000e+00
1.259e+03 0.000e+00 0.000e+00 0.000e+00 0.000e+00 0.000e+00
1.413e+03 0.000e+00 0.000e+00 0.000e+00 0.000e+00 0.000e+00
1.585e+03 0.000e+00 0.000e+00 0.000e+00 0.000e+00 0.000e+00
1.778e+03 0.000e+00 0.000e+00 0.000e+00 0.000e+00 0.000e+00
1.995e+03 0.000e+00 0.000e+00 0.000e+00 0.000e+00 0.000e+00
2.239e+03 0.000e+00 0.000e+00 0.000e+00 0.000e+00 0.000e+00
2.512e+03 0.000e+00 0.000e+00 0.000e+00 0.000e+00 0.000e+00
2.818e+03 0.000e+00 0.000e+00 0.000e+00 0.000e+00 0.000e+00
3.162e+03 0.000e+00 0.000e+00 0.000e+00 0.000e+00 0.000e+00
3.548e+03 0.000e+00 0.000e+00 0.000e+00 0.000e+00 0.000e+00
3.981e+03 0.000e+00 0.000e+00 0.000e+00 0.000e+00 0.000e+00
4.467e+03 0.000e+00 0.000e+00 0.000e+00 0.000e+00 0.000e+00
5.012e+03 0.000e+00 0.000e+00 0.000e+00 0.000e+00 0.000e+00
5.623e+03 0.000e+00 0.000e+00 0.000e+00 0.000e+00 0.000e+00
6.310e+03 0.000e+00 0.000e+00 0.000e+00 0.000e+00 0.000e+00
7.079e+03 0.000e+00 0.000e+00 0.000e+00 0.000e+00 0.000e+00
7.943e+03 0.000e+00 0.000e+00 0.000e+00 0.000e+00 0.000e+00
8.913e+03 0.000e+00 0.000e+00 0.000e+00 0.000e+00 0.000e+00
1.000e+04 0.000e+00 0.000e+00 0.000e+00 0.000e+00 0.000e+00
1.122e+04 0.000e+00 0.000e+00 0.000e+00 0.000e+00 0.000e+00
1.259e+04 0.000e+00 0.000e+00 0.000e+00 0.000e+00 0.000e+00
1.413e+04 0.000e+00 0.000e+00 0.000e+00 0.000e+00 0.000e+00
1.585e+04 0.000e+00 0.000e+00 0.000e+00 0.000e+00 0.000e+00
1.778e+04 0.000e+00 0.000e+00 0.000e+00 0.000e+00 0.000e+00
1.995e+04 0.000e+00 0.000e+00 0.000e+00 0.000e+00 0.000e+00
2.239e+04 0.000e+00 0.000e+00 0.000e+00 0.000e+00 0.000e+00
2.512e+04 0.000e+00 0.000e+00 0.000e+00 0.000e+00 0.000e+00
2.818e+04 0.000e+00 0.000e+00 0.000e+00 0.000e+00 0.000e+00
3.162e+04 0.000e+00 0.000e+00 0.000e+00 0.000e+00 0.000e+00
3.548e+04 0.000e+00 0.000e+00 0.000e+00 0.000e+00 0.000e+00
3.981e+04 0.000e+00 0.000e+00 0.000e+00 0.000e+00 0.000e+00
4.467e+04 0.000e+00 0.000e+00 0.000e+00 0.000e+00 0.000e+00
5.012e+04 0.000e+00 0.000e+00 0.000e+00 0.000e+00 0.000e+00
5.623e+04 0.000e+00 0.000e+00 0.000e+00 0.000e+00 0.000e+00
6.310e+04 0.000e+00 0.000e+00 0.000e+00 0.000e+00 0.000e+00
7.079e+04 0.000e+00 0.000e+00 0.000e+00 0.000e+00 0.000e+00
7.943e+04 0.000e+00 0.000e+00 0.000e+00 0.000e+00 0.000e+00
8.913e+04 0.000e+00 0.000e+00 0.000e+00 0.000e+00 0.000e+00
1.000e+05 0.000e+00 0.000e+00 0.000e+00 0.000e+00 0.000e+00
1.122e+05 0.000e+00 0.000e+00 0.000e+00 0.000e+00 0.000e+00
1.259e+05 0.000e+00 0.000e+00 0.000e+00 0.000e+00 0.000e+00
1.413e+05 0.000e+00 0.000e+00 0.000e+00 0.000e+00 0.000e+00
1.585e+05 0.000e+00 0.000e+00 0.000e+00 0.000e+00 0.000e+00
1.778e+05 0.000e+00 0.000e+00 0.000e+00 0.000e+00 0.000e+00
1.995e+05 0.000e+00 0.000e+00 0.000e+00 0.000e+00 0.000e+00
2.239e+05 0.000e+00 0.000e+00 0.000e+00 0.000e+00 0.000e+00
2.512e+05 0.000e+00 0.000e+00 0.000e+00 0.000e+00 0.000e+00
2.818e+05 0.000e+00 0.000e+00 0.000e+00 0.000e+00 0.000e+00
3.162e+05 0.000e+00 0.000e+00 0.000e+00 0.000e+00 0.000e+00
3.548e+05 0.000e+00 0.000e+00 0.000e+00 0.000e+00 0.000e+00
3.981e+05 0.000e+00 0.000e+00 0.000e+00 0.000e+00 0.000e+00
4.467e+05 0.000e+00 0.000e+00 0.000e+00 0.000e+00 0.000e+00
5.012e+05 0.000e+00 0.000e+00 0.000e+00 0.000e+00 0.000e+00
5.623e+05 0.000e+00 0.000e+00 0.000e+00 0.000e+00 0.000e+00
6.310e+05 0.000e+00 0.000e+00 0.000e+00 0.000e+00 0.000e+00
7.079e+05 0.000e+00 0.000e+00 0.000e+00 0.000e+00 0.000e+00
7.943e+05 0.000e+00 0.000e+00 0.000e+00 0.000e+00 0.000e+00
8.913e+05 0.000e+00 0.000e+00 0.000e+00 0.000e+00 0.000e+00
1.000e+06 0.000e+00 0.000e+00 0.000e+00 0.000e+00 0.000e+00
1.122e+06 0.000e+00 0.000e+00 0.000e+00 0.000e+00 0.000e+00
1.259e+06 0.000e+00 0.000e+00 0.000e+00 0.000e+00 0.000e+00
1.413e+06 0.000e+00 0.000e+00 0.000e+00 0.000e+00 0.000e+00
1.585e+06 0.000e+00 0.000e+00 0.000e+00 0.000e+00 0.000e+00
1.778e+06 0.000e+00 0.000e+00 0.000e+00 0.000e+00 0.000e+00
1.995e+06 0.000e+00 0.000e+00 0.000e+00 0.000e+00 0.000e+00
2.239e+06 0.000e+00 0.000e+00 0.000e+00 0.000e+00 0.000e+00
2.512e+06 0.000e+00 0.000e+00 0.000e+00 0.000e+00 0.000e+00
2.818e+06 0.000e+00 0.000e+00 0.000e+00 0.000e+00 0.000e+00
3.162e+06 0.000e+00 0.000e+00 0.000e+00 0.000e+00 0.000e+00
3.548e+06 0.000e+00 0.000e+00 0.000e+00 0.000e+00 0.000e+00
3.981e+06 0.000e+00 0.000e+00 0.000e+00 0.000e+00 0.000e+00
4.467e+06 0.000e+00 0.000e+00 0.000e+00 0.000e+00 0.000e+00
5.012e+06 0.000e+00 0.000e+00 0.000e+00 0.000e+00 0.000e+00
5.623e+06 0.000e+00 0.000e+00 0.000e+00 0.000e+00 0.000e+00
6.310e+06 0.000e+00 0.000e+00 0.000e+00 0.000e+00 0.000e+00
7.079e+06 0.000e+00 0.000e+00 0.000e+00 0.000e+00 0.000e+00
7.943e+06 0.000e+00 0.000e+00 0.000e+00 0.000e+00 0.000e+00
8.913e+06 0.000e+00 0.000e+00 0.000e+00 0.000e+00 0.000e+00
1.000e+07 0.000e+00 0.000e+00 0.000e+00 0.000e+00 0.000e+00
1.122e+07 0.000e+00 0.000e+00 0.000e+00 0.000e+00 0.000e+00
1.259e+07 0.000e+00 0.000e+00 0.000e+00 0.000e+00 0.000e+00
1.413e+07 0.000e+00 0.000e+00 0.000e+00 0.000e+00 0.000e+00
1.585e+07 0.000e+00 0.000e+00 0.000e+00 0.000e+00 0.000e+00
1.778e+07 0.000e+00 0.000e+00 0.000e+00 0.000e+00 0.000e+00
1.995e+07 0.000e+00 0.000e+00 0.000e+00 0.000e+00 0.000e+00
2.239e+07 0.000e+00 0.000e+00 0.000e+00 0.000e+00 0.000e+00
2.512e+07 0.000e+00 0.000e+00 0.000e+00 0.000e+00 0.000e+00
2.818e+07 0.000e+00 0.000e+00 0.000e+00 0.000e+00 0.000e+00
3.162e+07 0.000e+00 0.000e+00 0.000e+00 0.000e+00 0.000e+00
3.548e+07 0.000e+00 0.000e+00 0.000e+00 0.000e+00 0.000e+00
3.981e+07 0.000e+00 0.000e+00 0.000e+00 0.000e+00 0.000e+00
4.467e+07 0.000e+00 0.000e+00 0.000e+00 0.000e+00 0.000e+00
5.012e+07 0.000e+00 0.000e+00 0.000e+00 0.000e+00 0.000e+00
5.623e+07 0.000e+00 0.000e+00 0.000e+00 0.000e+00 0.000e+00
6.310e+07 0.000e+00 0.000e+00 0.000e+00 0.000e+00 0.000e+00
7.079e+07 0.000e+00 0.000e+00 0.000e+00 0.000e+00 0.000e+00
7.943e+07 0.000e+00 0.000e+00 0.000e+00 0.000e+00 0.000e+00
8.913e+07 0.000e+00 0.000e+00 0.000e+00 0.000e+00 0.000e+00
1.000e+08 0.000e+00 0.000e+00 0.000e+00 0.000e+00 0.000e+00
