1.000e-20 0.000e+00 0.000e+00 0.000e+00 0.000e+00 0.000e+00
1.122e-20 0.000e+00 0.000e+00 0.000e+00 0.000e+00 0.000e+00
1.259e-20 0.000e+00 0.000e+00 0.000e+00 0.000e+00 0.000e+00
1.413e-20 0.000e+00 0.000e+00 0.000e+00 0.000e+00 0.000e+00
1.585e-20 0.000e+00 0.000e+00 0.000e+00 0.000e+00 0.000e+00
1.778e-20 0.000e+00 0.000e+00 0.000e+00 0.000e+00 0.000e+00
1.995e-20 0.000e+00 0.000e+00 0.000e+00 0.000e+00 0.000e+00
2.239e-20 0.000e+00 0.000e+00 0.000e+00 0.000e+00 0.000e+00
2.512e-20 0.000e+00 0.000e+00 0.000e+00 0.000e+00 0.000e+00
2.818e-20 0.000e+00 0.000e+00 0.000e+00 0.000e+00 0.000e+00
3.162e-20 0.000e+00 0.000e+00 0.000e+00 0.000e+00 0.000e+00
3.548e-20 0.000e+00 0.000e+00 0.000e+00 0.000e+00 0.000e+00
3.981e-20 0.000e+00 0.000e+00 0.000e+00 0.000e+00 0.000e+00
4.467e-20 0.000e+00 0.000e+00 0.000e+00 0.000e+00 0.000e+00
5.012e-20 0.000e+00 0.000e+00 0.000e+00 0.000e+00 0.000e+00
5.623e-20 0.000e+00 0.000e+00 0.000e+00 0.000e+00 0.000e+00
6.310e-20 0.000e+00 0.000e+00 0.000e+00 0.000e+00 0.000e+00
7.079e-20 0.000e+00 0.000e+00 0.000e+00 0.000e+00 0.000e+00
7.943e-20 0.000e+00 0.000e+00 0.000e+00 0.000e+00 0.000e+00
8.913e-20 0.000e+00 0.000e+00 0.000e+00 0.000e+00 0.000e+00
1.000e-19 0.000e+00 0.000e+00 0.000e+00 0.000e+00 0.000e+00
1.122e-19 0.000e+00 0.000e+00 0.000e+00 0.000e+00 0.000e+00
1.259e-19 0.000e+00 0.000e+00 0.000e+00 0.000e+00 0.000e+00
1.413e-19 0.000e+00 0.000e+00 0.000e+00 0.000e+00 0.000e+00
1.585e-19 0.000e+00 0.000e+00 0.000e+00 0.000e+00 0.000e+00
1.778e-19 0.000e+00 0.000e+00 0.000e+00 0.000e+00 0.000e+00
1.995e-19 0.000e+00 0.000e+00 0.000e+00 0.000e+00 0.000e+00
2.239e-19 0.000e+00 0.000e+00 0.000e+00 0.000e+00 0.000e+00
2.512e-19 0.000e+00 0.000e+00 0.000e+00 0.000e+00 0.000e+00
2.818e-19 0.000e+00 0.000e+00 0.000e+00 0.000e+00 0.000e+00
3.162e-19 0.000e+00 0.000e+00 0.000e+00 0.000e+00 0.000e+00
3.548e-19 0.000e+00 0.000e+00 0.000e+00 0.000e+00 0.000e+00
3.981e-19 0.000e+00 0.000e+00 0.000e+00 0.000e+00 0.000e+00
4.467e-19 0.000e+00 0.000e+00 0.000e+00 0.000e+00 0.000e+00
5.012e-19 0.000e+00 0.000e+00 0.000e+00 0.000e+00 0.000e+00
5.623e-19 0.000e+00 0.000e+00 0.000e+00 0.000e+00 0.000e+00
6.310e-19 0.000e+00 0.000e+00 0.000e+00 0.000e+00 0.000e+00
7.079e-19 0.000e+00 0.000e+00 0.000e+00 0.000e+00 0.000e+00
7.943e-19 0.000e+00 0.000e+00 0.000e+00 0.000e+00 0.000e+00
8.913e-19 0.000e+00 0.000e+00 0.000e+00 0.000e+00 0.000e+00
1.000e-18 0.000e+00 0.000e+00 0.000e+00 0.000e+00 0.000e+00
1.122e-18 0.000e+00 0.000e+00 0.000e+00 0.000e+00 0.000e+00
1.259e-18 0.000e+00 0.000e+00 0.000e+00 0.000e+00 0.000e+00
1.413e-18 0.000e+00 0.000e+00 0.000e+00 0.000e+00 0.000e+00
1.585e-18 0.000e+00 0.000e+00 0.000e+00 0.000e+00 0.000e+00
1.778e-18 0.000e+00 0.000e+00 0.000e+00 0.000e+00 0.000e+00
1.995e-18 0.000e+00 0.000e+00 0.000e+00 0.000e+00 0.000e+00
2.239e-18 0.000e+00 0.000e+00 0.000e+00 0.000e+00 0.000e+00
2.512e-18 0.000e+00 0.000e+00 0.000e+00 0.000e+00 0.000e+00
2.818e-18 0.000e+00 0.000e+00 0.000e+00 0.000e+00 0.000e+00
3.162e-18 0.000e+00 0.000e+00 0.000e+00 0.000e+00 0.000e+00
3.548e-18 0.000e+00 0.000e+00 0.000e+00 0.000e+00 0.000e+00
3.981e-18 0.000e+00 0.000e+00 0.000e+00 0.000e+00 0.000e+00
4.467e-18 0.000e+00 0.000e+00 0.000e+00 0.000e+00 0.000e+00
5.012e-18 0.000e+00 0.000e+00 0.000e+00 0.000e+00 0.000e+00
5.623e-18 0.000e+00 0.000e+00 0.000e+00 0.000e+00 0.000e+00
6.310e-18 0.000e+00 0.000e+00 0.000e+00 0.000e+00 0.000e+00
7.079e-18 0.000e+00 0.000e+00 0.000e+00 0.000e+00 0.000e+00
7.943e-18 0.000e+00 0.000e+00 0.000e+00 0.000e+00 0.000e+00
8.913e-18 0.000e+00 0.000e+00 0.000e+00 0.000e+00 0.000e+00
1.000e-17 0.000e+00 0.000e+00 0.000e+00 0.000e+00 0.000e+00
1.122e-17 0.000e+00 0.000e+00 0.000e+00 0.000e+00 0.000e+00
1.259e-17 0.000e+00 0.000e+00 0.000e+00 0.000e+00 0.000e+00
1.413e-17 0.000e+00 0.000e+00 0.000e+00 0.000e+00 0.000e+00
1.585e-17 0.000e+00 0.000e+00 0.000e+00 0.000e+00 0.000e+00
1.778e-17 0.000e+00 0.000e+00 0.000e+00 0.000e+00 0.000e+00
1.995e-17 0.000e+00 0.000e+00 0.000e+00 0.000e+00 0.000e+00
2.239e-17 0.000e+00 0.000e+00 0.000e+00 0.000e+00 0.000e+00
2.512e-17 0.000e+00 0.000e+00 0.000e+00 0.000e+00 0.000e+00
2.818e-17 0.000e+00 0.000e+00 0.000e+00 0.000e+00 0.000e+00
3.162e-17 0.000e+00 0.000e+00 0.000e+00 0.000e+00 0.000e+00
3.548e-17 0.000e+00 0.000e+00 0.000e+00 0.000e+00 0.000e+00
3.981e-17 0.000e+00 0.000e+00 0.000e+00 0.000e+00 0.000e+00
4.467e-17 0.000e+00 0.000e+00 0.000e+00 0.000e+00 0.000e+00
5.012e-17 0.000e+00 0.000e+00 0.000e+00 0.000e+00 0.000e+00
5.623e-17 0.000e+00 0.000e+00 0.000e+00 0.000e+00 0.000e+00
6.310e-17 0.000e+00 0.000e+00 0.000e+00 0.000e+00 0.000e+00
7.079e-17 0.000e+00 0.000e+00 0.000e+00 0.000e+00 0.000e+00
7.943e-17 0.000e+00 0.000e+00 0.000e+00 0.000e+00 0.000e+00
8.913e-17 0.000e+00 0.000e+00 0.000e+00 0.000e+00 0.000e+00
1.000e-16 0.000e+00 0.000e+00 0.000e+00 0.000e+00 0.000e+00
1.122e-16 0.000e+00 0.000e+00 0.000e+00 0.000e+00 0.000e+00
1.259e-16 0.000e+00 0.000e+00 0.000e+00 0.000e+00 0.000e+00
1.413e-16 0.000e+00 0.000e+00 0.000e+00 0.000e+00 0.000e+00
1.585e-16 0.000e+00 0.000e+00 0.000e+00 0.000e+00 0.000e+00
1.778e-16 0.000e+00 0.000e+00 0.000e+00 0.000e+00 0.000e+00
1.995e-16 0.000e+00 0.000e+00 0.000e+00 0.000e+00 0.000e+00
2.239e-16 0.000e+00 0.000e+00 0.000e+00 0.000e+00 0.000e+00
2.512e-16 0.000e+00 0.000e+00 0.000e+00 0.000e+00 0.000e+00
2.818e-16 0.000e+00 0.000e+00 0.000e+00 0.000e+00 0.000e+00
3.162e-16 0.000e+00 0.000e+00 0.000e+00 0.000e+00 0.000e+00
3.548e-16 0.000e+00 0.000e+00 0.000e+00 0.000e+00 0.000e+00
3.981e-16 0.000e+00 0.000e+00 0.000e+00 0.000e+00 0.000e+00
4.467e-16 0.000e+00 0.000e+00 0.000e+00 0.000e+00 0.000e+00
5.012e-16 0.000e+00 0.000e+00 0.000e+00 0.000e+00 0.000e+00
5.623e-16 0.000e+00 0.000e+00 0.000e+00 0.000e+00 0.000e+00
6.310e-16 0.000e+00 0.000e+00 0.000e+00 0.000e+00 0.000e+00
7.079e-16 0.000e+00 0.000e+00 0.000e+00 0.000e+00 0.000e+00
7.943e-16 0.000e+00 0.000e+00 0.000e+00 0.000e+00 0.000e+00
8.913e-16 0.000e+00 0.000e+00 0.000e+00 0.000e+00 0.000e+00
1.000e-15 0.000e+00 0.000e+00 0.000e+00 0.000e+00 0.000e+00
1.122e-15 0.000e+00 0.000e+00 0.000e+00 0.000e+00 0.000e+00
1.259e-15 0.000e+00 0.000e+00 0.000e+00 0.000e+00 0.000e+00
1.413e-15 0.000e+00 0.000e+00 0.000e+00 0.000e+00 0.000e+00
1.585e-15 0.000e+00 0.000e+00 0.000e+00 0.000e+00 0.000e+00
1.778e-15 0.000e+00 0.000e+00 0.000e+00 0.000e+00 0.000e+00
1.995e-15 0.000e+00 0.000e+00 0.000e+00 0.000e+00 0.000e+00
2.239e-15 0.000e+00 0.000e+00 0.000e+00 0.000e+00 0.000e+00
2.512e-15 0.000e+00 0.000e+00 0.000e+00 0.000e+00 0.000e+00
2.818e-15 0.000e+00 0.000e+00 0.000e+00 0.000e+00 0.000e+00
3.162e-15 0.000e+00 0.000e+00 0.000e+00 0.000e+00 0.000e+00
3.548e-15 0.000e+00 0.000e+00 0.000e+00 0.000e+00 0.000e+00
3.981e-15 0.000e+00 0.000e+00 0.000e+00 0.000e+00 0.000e+00
4.467e-15 0.000e+00 0.000e+00 0.000e+00 0.000e+00 0.000e+00
5.012e-15 0.000e+00 0.000e+00 0.000e+00 0.000e+00 0.000e+00
5.623e-15 0.000e+00 0.000e+00 0.000e+00 0.000e+00 0.000e+00
6.310e-15 0.000e+00 0.000e+00 0.000e+00 0.000e+00 0.000e+00
7.079e-15 0.000e+00 0.000e+00 0.000e+00 0.000e+00 0.000e+00
7.943e-15 0.000e+00 0.000e+00 0.000e+00 0.000e+00 0.000e+00
8.913e-15 0.000e+00 0.000e+00 0.000e+00 0.000e+00 0.000e+00
1.000e-14 0.000e+00 0.000e+00 0.000e+00 0.000e+00 0.000e+00
1.122e-14 0.000e+00 0.000e+00 0.000e+00 0.000e+00 0.000e+00
1.259e-14 0.000e+00 0.000e+00 0.000e+00 0.000e+00 0.000e+00
1.413e-14 0.000e+00 0.000e+00 0.000e+00 0.000e+00 0.000e+00
1.585e-14 0.000e+00 0.000e+00 0.000e+00 0.000e+00 0.000e+00
1.778e-14 0.000e+00 0.000e+00 0.000e+00 0.000e+00 0.000e+00
1.995e-14 0.000e+00 0.000e+00 0.000e+00 0.000e+00 0.000e+00
2.239e-14 0.000e+00 0.000e+00 0.000e+00 0.000e+00 0.000e+00
2.512e-14 0.000e+00 0.000e+00 0.000e+00 0.000e+00 0.000e+00
2.818e-14 0.000e+00 0.000e+00 0.000e+00 0.000e+00 0.000e+00
3.162e-14 0.000e+00 0.000e+00 0.000e+00 0.000e+00 0.000e+00
3.548e-14 0.000e+00 0.000e+00 0.000e+00 0.000e+00 0.000e+00
3.981e-14 0.000e+00 0.000e+00 0.000e+00 0.000e+00 0.000e+00
4.467e-14 0.000e+00 0.000e+00 0.000e+00 0.000e+00 0.000e+00
5.012e-14 0.000e+00 0.000e+00 0.000e+00 0.000e+00 0.000e+00
5.623e-14 0.000e+00 0.000e+00 0.000e+00 0.000e+00 0.000e+00
6.310e-14 0.000e+00 0.000e+00 0.000e+00 0.000e+00 0.000e+00
7.079e-14 0.000e+00 0.000e+00 0.000e+00 0.000e+00 0.000e+00
7.943e-14 0.000e+00 0.000e+00 0.000e+00 0.000e+00 0.000e+00
8.913e-14 0.000e+00 0.000e+00 0.000e+00 0.000e+00 0.000e+00
1.000e-13 0.000e+00 0.000e+00 0.000e+00 0.000e+00 0.000e+00
1.122e-13 0.000e+00 0.000e+00 0.000e+00 0.000e+00 0.000e+00
1.259e-13 0.000e+00 0.000e+00 0.000e+00 0.000e+00 0.000e+00
1.413e-13 0.000e+00 0.000e+00 0.000e+00 0.000e+00 0.000e+00
1.585e-13 0.000e+00 0.000e+00 0.000e+00 0.000e+00 0.000e+00
1.778e-13 0.000e+00 0.000e+00 0.000e+00 0.000e+00 0.000e+00
1.995e-13 0.000e+00 0.000e+00 0.000e+00 0.000e+00 0.000e+00
2.239e-13 0.000e+00 0.000e+00 0.000e+00 0.000e+00 0.000e+00
2.512e-13 0.000e+00 0.000e+00 0.000e+00 0.000e+00 0.000e+00
2.818e-13 0.000e+00 0.000e+00 0.000e+00 0.000e+00 0.000e+00
3.162e-13 0.000e+00 0.000e+00 0.000e+00 0.000e+00 0.000e+00
3.548e-13 0.000e+00 0.000e+00 0.000e+00 0.000e+00 0.000e+00
3.981e-13 0.000e+00 0.000e+00 0.000e+00 0.000e+00 0.000e+00
4.467e-13 0.000e+00 0.000e+00 0.000e+00 0.000e+00 0.000e+00
5.012e-13 0.000e+00 0.000e+00 0.000e+00 0.000e+00 0.000e+00
5.623e-13 0.000e+00 0.000e+00 0.000e+00 0.000e+00 0.000e+00
6.310e-13 0.000e+00 0.000e+00 0.000e+00 0.000e+00 0.000e+00
7.079e-13 0.000e+00 0.000e+00 0.000e+00 0.000e+00 0.000e+00
7.943e-13 0.000e+00 0.000e+00 0.000e+00 0.000e+00 0.000e+00
8.913e-13 0.000e+00 0.000e+00 0.000e+00 0.000e+00 0.000e+00
1.000e-12 0.000e+00 0.000e+00 0.000e+00 0.000e+00 0.000e+00
1.122e-12 inf inf inf inf inf
1.259e-12 inf inf inf inf inf
1.413e-12 inf inf inf inf inf
1.585e-12 inf inf inf inf inf
1.778e-12 inf inf inf inf inf
1.995e-12 inf inf inf inf inf
2.239e-12 inf inf inf inf inf
2.512e-12 inf inf inf inf inf
2.818e-12 inf inf inf inf inf
3.162e-12 inf inf inf inf inf
3.548e-12 inf inf inf inf inf
3.981e-12 inf inf inf inf inf
4.467e-12 inf inf inf inf inf
5.012e-12 inf inf inf inf inf
5.623e-12 inf inf inf inf inf
6.310e-12 inf inf inf inf inf
7.079e-12 inf inf inf inf inf
7.943e-12 inf inf inf inf inf
8.913e-12 inf inf inf inf inf
1.000e-11 inf inf inf inf inf
1.122e-11 inf inf inf inf inf
1.259e-11 inf inf inf inf inf
1.413e-11 inf inf inf inf inf
1.585e-11 inf inf inf inf inf
1.778e-11 inf inf inf inf inf
1.995e-11 inf inf inf inf inf
2.239e-11 inf inf inf inf inf
2.512e-11 inf inf inf inf inf
2.818e-11 inf inf inf inf inf
3.162e-11 inf inf inf inf inf
3.548e-11 inf inf inf inf inf
3.981e-11 inf inf inf inf inf
4.467e-11 inf inf inf inf inf
5.012e-11 inf inf inf inf inf
5.623e-11 inf inf inf inf inf
6.310e-11 inf inf inf inf inf
7.079e-11 inf inf inf inf inf
7.943e-11 inf inf inf inf inf
8.913e-11 inf inf inf inf inf
1.000e-10 inf inf inf inf inf
1.122e-10 inf inf inf inf inf
1.259e-10 inf inf inf inf inf
1.413e-10 2.210e+48 7.065e+28 7.077e-29 2.328e-17 1.463e-16
1.585e-10 1.903e+48 7.658e+28 7.671e-29 2.523e-17 1.585e-16
1.778e-10 1.638e+48 8.300e+28 8.314e-29 2.735e-17 1.718e-16
1.995e-10 1.411e+48 8.997e+28 9.012e-29 2.964e-17 1.863e-16
2.239e-10 1.214e+48 9.752e+28 9.769e-29 3.213e-17 2.019e-16
2.512e-10 1.046e+48 1.057e+29 1.059e-28 3.483e-17 2.188e-16
2.818e-10 9.003e+47 1.146e+29 1.148e-28 3.775e-17 2.372e-16
3.162e-10 7.751e+47 1.242e+29 1.244e-28 4.092e-17 2.571e-16
3.548e-10 6.674e+47 1.346e+29 1.348e-28 4.435e-17 2.787e-16
3.981e-10 5.746e+47 1.459e+29 1.462e-28 4.808e-17 3.021e-16
4.467e-10 4.947e+47 1.582e+29 1.584e-28 5.211e-17 3.274e-16
5.012e-10 4.260e+47 1.714e+29 1.717e-28 5.648e-17 3.549e-16
5.623e-10 3.668e+47 1.858e+29 1.861e-28 6.122e-17 3.847e-16
6.310e-10 3.158e+47 2.014e+29 2.018e-28 6.636e-17 4.170e-16
7.079e-10 2.719e+47 2.183e+29 2.187e-28 7.193e-17 4.520e-16
7.943e-10 2.341e+47 2.366e+29 2.370e-28 7.797e-17 4.899e-16
8.913e-10 2.015e+47 2.565e+29 2.569e-28 8.451e-17 5.310e-16
1.000e-09 1.735e+47 2.780e+29 2.785e-28 9.161e-17 5.756e-16
1.122e-09 1.494e+47 3.014e+29 3.019e-28 9.929e-17 6.239e-16
1.259e-09 1.286e+47 3.267e+29 3.272e-28 1.076e-16 6.762e-16
1.413e-09 1.108e+47 3.541e+29 3.547e-28 1.167e-16 7.330e-16
1.585e-09 9.536e+46 3.838e+29 3.844e-28 1.264e-16 7.945e-16
1.778e-09 8.211e+46 4.160e+29 4.167e-28 1.371e-16 8.612e-16
1.995e-09 7.069e+46 4.509e+29 4.517e-28 1.486e-16 9.335e-16
2.239e-09 6.087e+46 4.888e+29 4.896e-28 1.610e-16 1.012e-15
2.512e-09 5.241e+46 5.298e+29 5.307e-28 1.745e-16 1.097e-15
2.818e-09 4.512e+46 5.742e+29 5.752e-28 1.892e-16 1.189e-15
3.162e-09 3.885e+46 6.224e+29 6.235e-28 2.051e-16 1.289e-15
3.548e-09 3.345e+46 6.747e+29 6.758e-28 2.223e-16 1.397e-15
3.981e-09 2.880e+46 7.313e+29 7.325e-28 2.409e-16 1.514e-15
4.467e-09 2.480e+46 7.927e+29 7.940e-28 2.612e-16 1.641e-15
5.012e-09 2.135e+46 8.592e+29 8.606e-28 2.831e-16 1.779e-15
5.623e-09 1.838e+46 9.313e+29 9.329e-28 3.068e-16 1.928e-15
6.310e-09 1.583e+46 1.009e+30 1.011e-27 3.326e-16 2.090e-15
7.079e-09 1.363e+46 1.094e+30 1.096e-27 3.605e-16 2.265e-15
7.943e-09 1.173e+46 1.186e+30 1.188e-27 3.908e-16 2.455e-15
8.913e-09 1.010e+46 1.286e+30 1.288e-27 4.235e-16 2.661e-15
1.000e-08 8.697e+45 1.393e+30 1.396e-27 4.591e-16 2.885e-15
1.122e-08 7.488e+45 1.510e+30 1.513e-27 4.976e-16 3.127e-15
1.259e-08 6.447e+45 1.637e+30 1.640e-27 5.394e-16 3.389e-15
1.413e-08 5.551e+45 1.774e+30 1.777e-27 5.847e-16 3.673e-15
1.585e-08 4.779e+45 1.923e+30 1.927e-27 6.337e-16 3.982e-15
1.778e-08 4.115e+45 2.085e+30 2.088e-27 6.869e-16 4.316e-15
1.995e-08 3.543e+45 2.260e+30 2.264e-27 7.445e-16 4.678e-15
2.239e-08 3.050e+45 2.449e+30 2.454e-27 8.070e-16 5.071e-15
2.512e-08 2.626e+45 2.655e+30 2.659e-27 8.748e-16 5.496e-15
2.818e-08 2.261e+45 2.878e+30 2.883e-27 9.482e-16 5.958e-15
3.162e-08 1.947e+45 3.119e+30 3.125e-27 1.028e-15 6.458e-15
3.548e-08 1.676e+45 3.381e+30 3.387e-27 1.114e-15 6.999e-15
3.981e-08 1.443e+45 3.665e+30 3.671e-27 1.207e-15 7.587e-15
4.467e-08 1.243e+45 3.972e+30 3.979e-27 1.309e-15 8.223e-15
5.012e-08 1.070e+45 4.306e+30 4.313e-27 1.419e-15 8.914e-15
5.623e-08 9.212e+44 4.667e+30 4.675e-27 1.538e-15 9.662e-15
6.310e-08 7.931e+44 5.059e+30 5.067e-27 1.667e-15 1.047e-14
7.079e-08 6.829e+44 5.483e+30 5.493e-27 1.807e-15 1.135e-14
7.943e-08 5.879e+44 5.943e+30 5.953e-27 1.958e-15 1.230e-14
8.913e-08 5.062e+44 6.442e+30 6.453e-27 2.123e-15 1.334e-14
1.000e-07 4.358e+44 6.983e+30 6.995e-27 2.301e-15 1.446e-14
1.122e-07 3.752e+44 7.569e+30 7.582e-27 2.494e-15 1.567e-14
1.259e-07 3.231e+44 8.204e+30 8.218e-27 2.703e-15 1.698e-14
1.413e-07 2.782e+44 8.892e+30 8.907e-27 2.930e-15 1.841e-14
1.585e-07 2.395e+44 9.638e+30 9.655e-27 3.176e-15 1.995e-14
1.778e-07 2.062e+44 1.045e+31 1.046e-26 3.442e-15 2.163e-14
1.995e-07 1.775e+44 1.132e+31 1.134e-26 3.731e-15 2.344e-14
2.239e-07 1.529e+44 1.227e+31 1.229e-26 4.044e-15 2.541e-14
2.512e-07 1.316e+44 1.330e+31 1.333e-26 4.383e-15 2.754e-14
2.818e-07 1.133e+44 1.442e+31 1.444e-26 4.751e-15 2.985e-14
3.162e-07 9.756e+43 1.563e+31 1.566e-26 5.150e-15 3.236e-14
3.548e-07 8.399e+43 1.694e+31 1.697e-26 5.582e-15 3.507e-14
3.981e-07 7.232e+43 1.836e+31 1.839e-26 6.050e-15 3.802e-14
4.467e-07 6.226e+43 1.990e+31 1.994e-26 6.558e-15 4.120e-14
5.012e-07 5.361e+43 2.157e+31 2.161e-26 7.108e-15 4.466e-14
5.623e-07 4.615e+43 2.338e+31 2.342e-26 7.705e-15 4.841e-14
6.310e-07 3.974e+43 2.535e+31 2.539e-26 8.351e-15 5.247e-14
7.079e-07 3.421e+43 2.747e+31 2.752e-26 9.052e-15 5.687e-14
7.943e-07 2.946e+43 2.978e+31 2.983e-26 9.811e-15 6.164e-14
8.913e-07 2.536e+43 3.228e+31 3.233e-26 1.063e-14 6.682e-14
1.000e-06 2.183e+43 3.498e+31 3.504e-26 1.153e-14 7.242e-14
1.122e-06 1.880e+43 3.792e+31 3.798e-26 1.249e-14 7.850e-14
1.259e-06 1.619e+43 4.110e+31 4.117e-26 1.354e-14 8.508e-14
1.413e-06 1.394e+43 4.455e+31 4.462e-26 1.468e-14 9.222e-14
1.585e-06 1.200e+43 4.828e+31 4.837e-26 1.591e-14 9.996e-14
1.778e-06 1.033e+43 5.233e+31 5.242e-26 1.724e-14 1.083e-13
1.995e-06 8.893e+42 5.672e+31 5.682e-26 1.869e-14 1.174e-13
2.239e-06 7.657e+42 6.148e+31 6.159e-26 2.026e-14 1.273e-13
2.512e-06 6.592e+42 6.664e+31 6.675e-26 2.196e-14 1.380e-13
2.818e-06 5.675e+42 7.223e+31 7.235e-26 2.380e-14 1.495e-13
3.162e-06 4.886e+42 7.829e+31 7.842e-26 2.579e-14 1.621e-13
3.548e-06 4.207e+42 8.485e+31 8.499e-26 2.796e-14 1.757e-13
3.981e-06 3.622e+42 9.197e+31 9.212e-26 3.030e-14 1.904e-13
4.467e-06 3.118e+42 9.968e+31 9.985e-26 3.284e-14 2.064e-13
5.012e-06 2.684e+42 1.080e+32 1.082e-25 3.560e-14 2.237e-13
5.623e-06 2.311e+42 1.171e+32 1.173e-25 3.858e-14 2.424e-13
6.310e-06 1.990e+42 1.269e+32 1.271e-25 4.181e-14 2.627e-13
7.079e-06 1.713e+42 1.376e+32 1.378e-25 4.532e-14 2.848e-13
7.943e-06 1.475e+42 1.491e+32 1.493e-25 4.912e-14 3.086e-13
8.913e-06 1.270e+42 1.616e+32 1.619e-25 5.324e-14 3.345e-13
1.000e-05 1.093e+42 1.751e+32 1.754e-25 5.770e-14 3.625e-13
1.122e-05 9.410e+41 1.898e+32 1.901e-25 6.254e-14 3.929e-13
1.259e-05 8.101e+41 2.057e+32 2.061e-25 6.778e-14 4.259e-13
1.413e-05 6.974e+41 2.229e+32 2.233e-25 7.346e-14 4.615e-13
1.585e-05 6.004e+41 2.416e+32 2.420e-25 7.961e-14 5.002e-13
1.778e-05 5.169e+41 2.619e+32 2.623e-25 8.628e-14 5.421e-13
1.995e-05 4.450e+41 2.838e+32 2.843e-25 9.351e-14 5.875e-13
2.239e-05 3.831e+41 3.076e+32 3.081e-25 1.013e-13 6.368e-13
2.512e-05 3.298e+41 3.334e+32 3.339e-25 1.098e-13 6.901e-13
2.818e-05 2.839e+41 3.613e+32 3.619e-25 1.190e-13 7.479e-13
3.162e-05 2.444e+41 3.915e+32 3.922e-25 1.290e-13 8.105e-13
3.548e-05 2.104e+41 4.243e+32 4.250e-25 1.398e-13 8.784e-13
3.981e-05 1.811e+41 4.598e+32 4.606e-25 1.515e-13 9.519e-13
4.467e-05 1.559e+41 4.983e+32 4.991e-25 1.642e-13 1.032e-12
5.012e-05 1.342e+41 5.400e+32 5.409e-25 1.779e-13 1.118e-12
5.623e-05 1.155e+41 5.852e+32 5.862e-25 1.928e-13 1.211e-12
6.310e-05 9.941e+40 6.341e+32 6.352e-25 2.089e-13 1.313e-12
7.079e-05 8.557e+40 6.871e+32 6.883e-25 2.264e-13 1.422e-12
7.943e-05 7.365e+40 7.446e+32 7.458e-25 2.453e-13 1.541e-12
8.913e-05 6.339e+40 8.068e+32 8.082e-25 2.658e-13 1.670e-12
1.000e-04 5.456e+40 8.742e+32 8.757e-25 2.880e-13 1.810e-12
1.122e-04 4.696e+40 9.472e+32 9.488e-25 3.121e-13 1.961e-12
1.259e-04 4.042e+40 1.026e+33 1.028e-24 3.381e-13 2.125e-12
1.413e-04 3.478e+40 1.112e+33 1.114e-24 3.663e-13 2.302e-12
1.585e-04 2.993e+40 1.205e+33 1.207e-24 3.969e-13 2.494e-12
1.778e-04 2.576e+40 1.305e+33 1.307e-24 4.300e-13 2.702e-12
1.995e-04 2.216e+40 1.414e+33 1.416e-24 4.658e-13 2.927e-12
2.239e-04 1.907e+40 1.531e+33 1.534e-24 5.046e-13 3.170e-12
2.512e-04 1.641e+40 1.659e+33 1.662e-24 5.465e-13 3.434e-12
2.818e-04 1.412e+40 1.797e+33 1.800e-24 5.920e-13 3.719e-12
3.162e-04 1.214e+40 1.946e+33 1.949e-24 6.411e-13 4.028e-12
3.548e-04 1.045e+40 2.107e+33 2.111e-24 6.943e-13 4.362e-12
3.981e-04 8.985e+39 2.282e+33 2.285e-24 7.517e-13 4.723e-12
4.467e-04 7.727e+39 2.470e+33 2.474e-24 8.139e-13 5.114e-12
5.012e-04 6.645e+39 2.674e+33 2.679e-24 8.811e-13 5.536e-12
5.623e-04 5.713e+39 2.895e+33 2.899e-24 9.537e-13 5.992e-12
6.310e-04 4.911e+39 3.132e+33 3.138e-24 1.032e-12 6.485e-12
7.079e-04 4.221e+39 3.389e+33 3.395e-24 1.117e-12 7.017e-12
7.943e-04 3.627e+39 3.667e+33 3.673e-24 1.208e-12 7.590e-12
8.913e-04 3.116e+39 3.965e+33 3.972e-24 1.307e-12 8.209e-12
1.000e-03 2.676e+39 4.287e+33 4.295e-24 1.413e-12 8.876e-12
1.122e-03 2.297e+39 4.634e+33 4.642e-24 1.527e-12 9.593e-12
1.259e-03 1.972e+39 5.007e+33 5.015e-24 1.650e-12 1.037e-11
1.413e-03 1.692e+39 5.408e+33 5.417e-24 1.782e-12 1.119e-11
1.585e-03 1.451e+39 5.838e+33 5.847e-24 1.923e-12 1.208e-11
1.778e-03 1.243e+39 6.298e+33 6.309e-24 2.075e-12 1.304e-11
1.995e-03 1.065e+39 6.791e+33 6.803e-24 2.238e-12 1.406e-11
2.239e-03 9.113e+38 7.318e+33 7.330e-24 2.411e-12 1.515e-11
2.512e-03 7.794e+38 7.879e+33 7.892e-24 2.596e-12 1.631e-11
2.818e-03 6.660e+38 8.476e+33 8.490e-24 2.793e-12 1.755e-11
3.162e-03 5.685e+38 9.109e+33 9.124e-24 3.001e-12 1.886e-11
3.548e-03 4.848e+38 9.778e+33 9.795e-24 3.222e-12 2.024e-11
3.981e-03 4.129e+38 1.048e+34 1.050e-23 3.454e-12 2.170e-11
4.467e-03 3.512e+38 1.123e+34 1.124e-23 3.699e-12 2.324e-11
5.012e-03 2.982e+38 1.200e+34 1.202e-23 3.954e-12 2.485e-11
5.623e-03 2.528e+38 1.281e+34 1.283e-23 4.221e-12 2.652e-11
6.310e-03 2.140e+38 1.365e+34 1.367e-23 4.497e-12 2.826e-11
7.079e-03 1.807e+38 1.451e+34 1.454e-23 4.782e-12 3.005e-11
7.943e-03 1.524e+38 1.540e+34 1.543e-23 5.074e-12 3.188e-11
8.913e-03 1.281e+38 1.631e+34 1.633e-23 5.372e-12 3.376e-11
1.000e-02 1.075e+38 1.722e+34 1.725e-23 5.674e-12 3.565e-11
1.122e-02 8.995e+37 1.814e+34 1.817e-23 5.978e-12 3.756e-11
1.259e-02 7.507e+37 1.906e+34 1.909e-23 6.280e-12 3.946e-11
1.413e-02 6.247e+37 1.997e+34 2.000e-23 6.579e-12 4.134e-11
1.585e-02 5.183e+37 2.086e+34 2.089e-23 6.872e-12 4.318e-11
1.778e-02 4.287e+37 2.172e+34 2.176e-23 7.156e-12 4.496e-11
1.995e-02 3.535e+37 2.255e+34 2.259e-23 7.429e-12 4.668e-11
2.239e-02 2.906e+37 2.334e+34 2.338e-23 7.690e-12 4.831e-11
2.512e-02 2.383e+37 2.408e+34 2.413e-23 7.935e-12 4.986e-11
2.818e-02 1.948e+37 2.479e+34 2.483e-23 8.166e-12 5.131e-11
3.162e-02 1.588e+37 2.544e+34 2.548e-23 8.382e-12 5.267e-11
3.548e-02 1.292e+37 2.605e+34 2.609e-23 8.583e-12 5.393e-11
3.981e-02 1.048e+37 2.662e+34 2.666e-23 8.770e-12 5.511e-11
4.467e-02 8.492e+36 2.715e+34 2.719e-23 8.945e-12 5.620e-11
5.012e-02 6.868e+36 2.764e+34 2.769e-23 9.107e-12 5.722e-11
5.623e-02 5.545e+36 2.810e+34 2.814e-23 9.257e-12 5.816e-11
6.310e-02 4.471e+36 2.852e+34 2.856e-23 9.395e-12 5.903e-11
7.079e-02 3.599e+36 2.890e+34 2.895e-23 9.521e-12 5.982e-11
7.943e-02 2.892e+36 2.924e+34 2.928e-23 9.632e-12 6.052e-11
8.913e-02 2.320e+36 2.953e+34 2.958e-23 9.728e-12 6.113e-11
1.000e-01 1.858e+36 2.977e+34 2.982e-23 9.807e-12 6.162e-11
1.122e-01 1.485e+36 2.994e+34 3.000e-23 9.866e-12 6.199e-11
1.259e-01 1.184e+36 3.006e+34 3.011e-23 9.904e-12 6.223e-11
1.413e-01 9.416e+35 3.010e+34 3.015e-23 9.917e-12 6.231e-11
1.585e-01 7.470e+35 3.006e+34 3.011e-23 9.905e-12 6.223e-11
1.778e-01 5.909e+35 2.994e+34 2.999e-23 9.864e-12 6.198e-11
1.995e-01 4.660e+35 2.972e+34 2.977e-23 9.793e-12 6.153e-11
2.239e-01 3.662e+35 2.941e+34 2.946e-23 9.690e-12 6.088e-11
2.512e-01 2.868e+35 2.899e+34 2.904e-23 9.552e-12 6.002e-11
2.818e-01 2.237e+35 2.847e+34 2.852e-23 9.380e-12 5.893e-11
3.162e-01 1.737e+35 2.784e+34 2.788e-23 9.171e-12 5.762e-11
3.548e-01 1.343e+35 2.709e+34 2.714e-23 8.927e-12 5.609e-11
3.981e-01 1.034e+35 2.624e+34 2.629e-23 8.647e-12 5.433e-11
4.467e-01 7.913e+34 2.530e+34 2.534e-23 8.335e-12 5.237e-11
5.012e-01 6.027e+34 2.426e+34 2.430e-23 7.992e-12 5.022e-11
5.623e-01 4.567e+34 2.314e+34 2.318e-23 7.624e-12 4.790e-11
6.310e-01 3.443e+34 2.196e+34 2.200e-23 7.236e-12 4.547e-11
7.079e-01 2.584e+34 2.075e+34 2.078e-23 6.835e-12 4.295e-11
7.943e-01 1.930e+34 1.951e+34 1.954e-23 6.428e-12 4.039e-11
8.913e-01 1.436e+34 1.828e+34 1.831e-23 6.022e-12 3.784e-11
1.000e+00 1.065e+34 1.707e+34 1.710e-23 5.623e-12 3.533e-11
1.122e+00 7.880e+33 1.589e+34 1.592e-23 5.237e-12 3.290e-11
1.259e+00 5.815e+33 1.477e+34 1.479e-23 4.865e-12 3.057e-11
1.413e+00 4.282e+33 1.369e+34 1.371e-23 4.511e-12 2.834e-11
1.585e+00 3.147e+33 1.266e+34 1.269e-23 4.173e-12 2.622e-11
1.778e+00 2.308e+33 1.169e+34 1.171e-23 3.852e-12 2.420e-11
1.995e+00 1.688e+33 1.077e+34 1.079e-23 3.548e-12 2.229e-11
2.239e+00 1.232e+33 9.896e+33 9.913e-24 3.260e-12 2.049e-11
2.512e+00 8.975e+32 9.073e+33 9.088e-24 2.989e-12 1.878e-11
2.818e+00 6.521e+32 8.298e+33 8.312e-24 2.734e-12 1.718e-11
3.162e+00 4.726e+32 7.572e+33 7.584e-24 2.495e-12 1.567e-11
3.548e+00 3.417e+32 6.891e+33 6.903e-24 2.271e-12 1.427e-11
3.981e+00 2.464e+32 6.256e+33 6.267e-24 2.061e-12 1.295e-11
4.467e+00 1.772e+32 5.665e+33 5.675e-24 1.867e-12 1.173e-11
5.012e+00 1.271e+32 5.116e+33 5.125e-24 1.686e-12 1.059e-11
5.623e+00 9.093e+31 4.607e+33 4.615e-24 1.518e-12 9.537e-12
6.310e+00 6.486e+31 4.137e+33 4.144e-24 1.363e-12 8.564e-12
7.079e+00 4.613e+31 3.704e+33 3.710e-24 1.220e-12 7.668e-12
7.943e+00 3.271e+31 3.307e+33 3.313e-24 1.090e-12 6.846e-12
8.913e+00 2.314e+31 2.945e+33 2.950e-24 9.702e-13 6.096e-12
1.000e+01 1.632e+31 2.615e+33 2.620e-24 8.617e-13 5.414e-12
1.122e+01 1.149e+31 2.317e+33 2.321e-24 7.633e-13 4.796e-12
1.259e+01 8.058e+30 2.046e+33 2.050e-24 6.742e-13 4.236e-12
1.413e+01 5.635e+30 1.801e+33 1.804e-24 5.935e-13 3.729e-12
1.585e+01 3.925e+30 1.580e+33 1.582e-24 5.204e-13 3.270e-12
1.778e+01 2.722e+30 1.379e+33 1.381e-24 4.544e-13 2.855e-12
1.995e+01 1.879e+30 1.198e+33 1.200e-24 3.948e-13 2.481e-12
2.239e+01 1.291e+30 1.036e+33 1.038e-24 3.414e-13 2.145e-12
2.512e+01 8.825e+29 8.921e+32 8.936e-25 2.939e-13 1.847e-12
2.818e+01 6.012e+29 7.651e+32 7.664e-25 2.521e-13 1.584e-12
3.162e+01 4.085e+29 6.544e+32 6.556e-25 2.156e-13 1.355e-12
3.548e+01 2.771e+29 5.589e+32 5.599e-25 1.842e-13 1.157e-12
3.981e+01 1.879e+29 4.772e+32 4.780e-25 1.572e-13 9.879e-13
4.467e+01 1.275e+29 4.076e+32 4.083e-25 1.343e-13 8.439e-13
5.012e+01 8.660e+28 3.485e+32 3.491e-25 1.148e-13 7.215e-13
5.623e+01 5.886e+28 2.982e+32 2.987e-25 9.825e-14 6.173e-13
6.310e+01 4.001e+28 2.552e+32 2.556e-25 8.408e-14 5.283e-13
7.079e+01 2.718e+28 2.182e+32 2.186e-25 7.191e-14 4.518e-13
7.943e+01 1.843e+28 1.863e+32 1.866e-25 6.139e-14 3.857e-13
8.913e+01 1.246e+28 1.586e+32 1.589e-25 5.225e-14 3.283e-13
1.000e+02 8.394e+27 1.345e+32 1.347e-25 4.431e-14 2.784e-13
1.122e+02 5.628e+27 1.135e+32 1.137e-25 3.740e-14 2.350e-13
1.259e+02 3.754e+27 9.532e+31 9.549e-26 3.141e-14 1.973e-13
1.413e+02 2.490e+27 7.959e+31 7.973e-26 2.622e-14 1.648e-13
1.585e+02 1.642e+27 6.607e+31 6.619e-26 2.177e-14 1.368e-13
1.778e+02 1.076e+27 5.452e+31 5.461e-26 1.796e-14 1.129e-13
1.995e+02 7.012e+26 4.472e+31 4.480e-26 1.474e-14 9.258e-14
2.239e+02 4.542e+26 3.647e+31 3.653e-26 1.202e-14 7.550e-14
2.512e+02 2.925e+26 2.957e+31 2.962e-26 9.742e-15 6.121e-14
2.818e+02 1.873e+26 2.384e+31 2.388e-26 7.853e-15 4.934e-14
3.162e+02 1.193e+26 1.911e+31 1.914e-26 6.296e-15 3.956e-14
3.548e+02 7.554e+25 1.524e+31 1.526e-26 5.020e-15 3.154e-14
3.981e+02 4.759e+25 1.209e+31 1.211e-26 3.982e-15 2.502e-14
4.467e+02 2.983e+25 9.535e+30 9.552e-27 3.142e-15 1.974e-14
5.012e+02 1.860e+25 7.484e+30 7.496e-27 2.466e-15 1.549e-14
5.623e+02 1.153e+25 5.842e+30 5.852e-27 1.925e-15 1.209e-14
6.310e+02 7.111e+24 4.535e+30 4.543e-27 1.494e-15 9.389e-15
7.079e+02 4.359e+24 3.501e+30 3.507e-27 1.153e-15 7.247e-15
7.943e+02 2.656e+24 2.685e+30 2.690e-27 8.847e-16 5.559e-15
8.913e+02 1.607e+24 2.046e+30 2.049e-27 6.740e-16 4.235e-15
1.000e+03 9.654e+23 1.547e+30 1.549e-27 5.096e-16 3.202e-15
1.122e+03 5.747e+23 1.159e+30 1.161e-27 3.820e-16 2.400e-15
1.259e+03 3.386e+23 8.599e+29 8.614e-28 2.833e-16 1.780e-15
1.413e+03 1.971e+23 6.300e+29 6.310e-28 2.076e-16 1.304e-15
1.585e+03 1.129e+23 4.543e+29 4.551e-28 1.497e-16 9.405e-16
1.778e+03 6.338e+22 3.211e+29 3.217e-28 1.058e-16 6.648e-16
1.995e+03 3.463e+22 2.209e+29 2.213e-28 7.278e-17 4.573e-16
2.239e+03 1.821e+22 1.463e+29 1.465e-28 4.819e-17 3.028e-16
2.512e+03 9.041e+21 9.139e+28 9.155e-29 3.011e-17 1.892e-16
2.818e+03 4.074e+21 5.185e+28 5.194e-29 1.708e-17 1.073e-16
3.162e+03 1.518e+21 2.432e+28 2.436e-29 8.011e-18 5.034e-17
3.548e+03 3.302e+20 6.661e+27 6.672e-30 2.195e-18 1.379e-17
3.981e+03 0.000e+00 0.000e+00 0.000e+00 0.000e+00 0.000e+00
4.467e+03 0.000e+00 0.000e+00 0.000e+00 0.000e+00 0.000e+00
5.012e+03 0.000e+00 0.000e+00 0.000e+00 0.000e+00 0.000e+00
5.623e+03 0.000e+00 0.000e+00 0.000e+00 0.000e+00 0.000e+00
6.310e+03 0.000e+00 0.000e+00 0.000e+00 0.000e+00 0.000e+00
7.079e+03 0.000e+00 0.000e+00 0.000e+00 0.000e+00 0.000e+00
7.943e+03 0.000e+00 0.000e+00 0.000e+00 0.000e+00 0.000e+00
8.913e+03 0.000e+00 0.000e+00 0.000e+00 0.000e+00 0.000e+00
1.000e+04 0.000e+00 0.000e+00 0.000e+00 0.000e+00 0.000e+00
1.122e+04 0.000e+00 0.000e+00 0.000e+00 0.000e+00 0.000e+00
1.259e+04 0.000e+00 0.000e+00 0.000e+00 0.000e+00 0.000e+00
1.413e+04 0.000e+00 0.000e+00 0.000e+00 0.000e+00 0.000e+00
1.585e+04 0.000e+00 0.000e+00 0.000e+00 0.000e+00 0.000e+00
1.778e+04 0.000e+00 0.000e+00 0.000e+00 0.000e+00 0.000e+00
1.995e+04 0.000e+00 0.000e+00 0.000e+00 0.000e+00 0.000e+00
2.239e+04 0.000e+00 0.000e+00 0.000e+00 0.000e+00 0.000e+00
2.512e+04 0.000e+00 0.000e+00 0.000e+00 0.000e+00 0.000e+00
2.818e+04 0.000e+00 0.000e+00 0.000e+00 0.000e+00 0.000e+00
3.162e+04 0.000e+00 0.000e+00 0.000e+00 0.000e+00 0.000e+00
3.548e+04 0.000e+00 0.000e+00 0.000e+00 0.000e+00 0.000e+00
3.981e+04 0.000e+00 0.000e+00 0.000e+00 0.000e+00 0.000e+00
4.467e+04 0.000e+00 0.000e+00 0.000e+00 0.000e+00 0.000e+00
5.012e+04 0.000e+00 0.000e+00 0.000e+00 0.000e+00 0.000e+00
5.623e+04 0.000e+00 0.000e+00 0.000e+00 0.000e+00 0.000e+00
6.310e+04 0.000e+00 0.000e+00 0.000e+00 0.000e+00 0.000e+00
7.079e+04 0.000e+00 0.000e+00 0.000e+00 0.000e+00 0.000e+00
7.943e+04 0.000e+00 0.000e+00 0.000e+00 0.000e+00 0.000e+00
8.913e+04 0.000e+00 0.000e+00 0.000e+00 0.000e+00 0.000e+00
1.000e+05 0.000e+00 0.000e+00 0.000e+00 0.000e+00 0.000e+00
1.122e+05 0.000e+00 0.000e+00 0.000e+00 0.000e+00 0.000e+00
1.259e+05 0.000e+00 0.000e+00 0.000e+00 0.000e+00 0.000e+00
1.413e+05 0.000e+00 0.000e+00 0.000e+00 0.000e+00 0.000e+00
1.585e+05 0.000e+00 0.000e+00 0.000e+00 0.000e+00 0.000e+00
1.778e+05 0.000e+00 0.000e+00 0.000e+00 0.000e+00 0.000e+00
1.995e+05 0.000e+00 0.000e+00 0.000e+00 0.000e+00 0.000e+00
2.239e+05 0.000e+00 0.000e+00 0.000e+00 0.000e+00 0.000e+00
2.512e+05 0.000e+00 0.000e+00 0.000e+00 0.000e+00 0.000e+00
2.818e+05 0.000e+00 0.000e+00 0.000e+00 0.000e+00 0.000e+00
3.162e+05 0.000e+00 0.000e+00 0.000e+00 0.000e+00 0.000e+00
3.548e+05 0.000e+00 0.000e+00 0.000e+00 0.000e+00 0.000e+00
3.981e+05 0.000e+00 0.000e+00 0.000e+00 0.000e+00 0.000e+00
4.467e+05 0.000e+00 0.000e+00 0.000e+00 0.000e+00 0.000e+00
5.012e+05 0.000e+00 0.000e+00 0.000e+00 0.000e+00 0.000e+00
5.623e+05 0.000e+00 0.000e+00 0.000e+00 0.000e+00 0.000e+00
6.310e+05 0.000e+00 0.000e+00 0.000e+00 0.000e+00 0.000e+00
7.079e+05 0.000e+00 0.000e+00 0.000e+00 0.000e+00 0.000e+00
7.943e+05 0.000e+00 0.000e+00 0.000e+00 0.000e+00 0.000e+00
8.913e+05 0.000e+00 0.000e+00 0.000e+00 0.000e+00 0.000e+00
1.000e+06 0.000e+00 0.000e+00 0.000e+00 0.000e+00 0.000e+00
1.122e+06 0.000e+00 0.000e+00 0.000e+00 0.000e+00 0.000e+00
1.259e+06 0.000e+00 0.000e+00 0.000e+00 0.000e+00 0.000e+00
1.413e+06 0.000e+00 0.000e+00 0.000e+00 0.000e+00 0.000e+00
1.585e+06 0.000e+00 0.000e+00 0.000e+00 0.000e+00 0.000e+00
1.778e+06 0.000e+00 0.000e+00 0.000e+00 0.000e+00 0.000e+00
1.995e+06 0.000e+00 0.000e+00 0.000e+00 0.000e+00 0.000e+00
2.239e+06 0.000e+00 0.000e+00 0.000e+00 0.000e+00 0.000e+00
2.512e+06 0.000e+00 0.000e+00 0.000e+00 0.000e+00 0.000e+00
2.818e+06 0.000e+00 0.000e+00 0.000e+00 0.000e+00 0.000e+00
3.162e+06 0.000e+00 0.000e+00 0.000e+00 0.000e+00 0.000e+00
3.548e+06 0.000e+00 0.000e+00 0.000e+00 0.000e+00 0.000e+00
3.981e+06 0.000e+00 0.000e+00 0.000e+00 0.000e+00 0.000e+00
4.467e+06 0.000e+00 0.000e+00 0.000e+00 0.000e+00 0.000e+00
5.012e+06 0.000e+00 0.000e+00 0.000e+00 0.000e+00 0.000e+00
5.623e+06 0.000e+00 0.000e+00 0.000e+00 0.000e+00 0.000e+00
6.310e+06 0.000e+00 0.000e+00 0.000e+00 0.000e+00 0.000e+00
7.079e+06 0.000e+00 0.000e+00 0.000e+00 0.000e+00 0.000e+00
7.943e+06 0.000e+00 0.000e+00 0.000e+00 0.000e+00 0.000e+00
8.913e+06 0.000e+00 0.000e+00 0.000e+00 0.000e+00 0.000e+00
1.000e+07 0.000e+00 0.000e+00 0.000e+00 0.000e+00 0.000e+00
1.122e+07 0.000e+00 0.000e+00 0.000e+00 0.000e+00 0.000e+00
1.259e+07 0.000e+00 0.000e+00 0.000e+00 0.000e+00 0.000e+00
1.413e+07 0.000e+00 0.000e+00 0.000e+00 0.000e+00 0.000e+00
1.585e+07 0.000e+00 0.000e+00 0.000e+00 0.000e+00 0.000e+00
1.778e+07 0.000e+00 0.000e+00 0.000e+00 0.000e+00 0.000e+00
1.995e+07 0.000e+00 0.000e+00 0.000e+00 0.000e+00 0.000e+00
2.239e+07 0.000e+00 0.000e+00 0.000e+00 0.000e+00 0.000e+00
2.512e+07 0.000e+00 0.000e+00 0.000e+00 0.000e+00 0.000e+00
2.818e+07 0.000e+00 0.000e+00 0.000e+00 0.000e+00 0.000e+00
3.162e+07 0.000e+00 0.000e+00 0.000e+00 0.000e+00 0.000e+00
3.548e+07 0.000e+00 0.000e+00 0.000e+00 0.000e+00 0.000e+00
3.981e+07 0.000e+00 0.000e+00 0.000e+00 0.000e+00 0.000e+00
4.467e+07 0.000e+00 0.000e+00 0.000e+00 0.000e+00 0.000e+00
5.012e+07 0.000e+00 0.000e+00 0.000e+00 0.000e+00 0.000e+00
5.623e+07 0.000e+00 0.000e+00 0.000e+00 0.000e+00 0.000e+00
6.310e+07 0.000e+00 0.000e+00 0.000e+00 0.000e+00 0.000e+00
7.079e+07 0.000e+00 0.000e+00 0.000e+00 0.000e+00 0.000e+00
7.943e+07 0.000e+00 0.000e+00 0.000e+00 0.000e+00 0.000e+00
8.913e+07 0.000e+00 0.000e+00 0.000e+00 0.000e+00 0.000e+00
1.000e+08 0.000e+00 0.000e+00 0.000e+00 0.000e+00 0.000e+00
