1.000e-20 0.000e+00 0.000e+00 0.000e+00 0.000e+00 0.000e+00
1.122e-20 0.000e+00 0.000e+00 0.000e+00 0.000e+00 0.000e+00
1.259e-20 0.000e+00 0.000e+00 0.000e+00 0.000e+00 0.000e+00
1.413e-20 0.000e+00 0.000e+00 0.000e+00 0.000e+00 0.000e+00
1.585e-20 0.000e+00 0.000e+00 0.000e+00 0.000e+00 0.000e+00
1.778e-20 0.000e+00 0.000e+00 0.000e+00 0.000e+00 0.000e+00
1.995e-20 0.000e+00 0.000e+00 0.000e+00 0.000e+00 0.000e+00
2.239e-20 0.000e+00 0.000e+00 0.000e+00 0.000e+00 0.000e+00
2.512e-20 0.000e+00 0.000e+00 0.000e+00 0.000e+00 0.000e+00
2.818e-20 0.000e+00 0.000e+00 0.000e+00 0.000e+00 0.000e+00
3.162e-20 0.000e+00 0.000e+00 0.000e+00 0.000e+00 0.000e+00
3.548e-20 0.000e+00 0.000e+00 0.000e+00 0.000e+00 0.000e+00
3.981e-20 0.000e+00 0.000e+00 0.000e+00 0.000e+00 0.000e+00
4.467e-20 0.000e+00 0.000e+00 0.000e+00 0.000e+00 0.000e+00
5.012e-20 0.000e+00 0.000e+00 0.000e+00 0.000e+00 0.000e+00
5.623e-20 0.000e+00 0.000e+00 0.000e+00 0.000e+00 0.000e+00
6.310e-20 0.000e+00 0.000e+00 0.000e+00 0.000e+00 0.000e+00
7.079e-20 0.000e+00 0.000e+00 0.000e+00 0.000e+00 0.000e+00
7.943e-20 0.000e+00 0.000e+00 0.000e+00 0.000e+00 0.000e+00
8.913e-20 0.000e+00 0.000e+00 0.000e+00 0.000e+00 0.000e+00
1.000e-19 0.000e+00 0.000e+00 0.000e+00 0.000e+00 0.000e+00
1.122e-19 0.000e+00 0.000e+00 0.000e+00 0.000e+00 0.000e+00
1.259e-19 0.000e+00 0.000e+00 0.000e+00 0.000e+00 0.000e+00
1.413e-19 0.000e+00 0.000e+00 0.000e+00 0.000e+00 0.000e+00
1.585e-19 0.000e+00 0.000e+00 0.000e+00 0.000e+00 0.000e+00
1.778e-19 0.000e+00 0.000e+00 0.000e+00 0.000e+00 0.000e+00
1.995e-19 0.000e+00 0.000e+00 0.000e+00 0.000e+00 0.000e+00
2.239e-19 0.000e+00 0.000e+00 0.000e+00 0.000e+00 0.000e+00
2.512e-19 0.000e+00 0.000e+00 0.000e+00 0.000e+00 0.000e+00
2.818e-19 0.000e+00 0.000e+00 0.000e+00 0.000e+00 0.000e+00
3.162e-19 0.000e+00 0.000e+00 0.000e+00 0.000e+00 0.000e+00
3.548e-19 0.000e+00 0.000e+00 0.000e+00 0.000e+00 0.000e+00
3.981e-19 0.000e+00 0.000e+00 0.000e+00 0.000e+00 0.000e+00
4.467e-19 0.000e+00 0.000e+00 0.000e+00 0.000e+00 0.000e+00
5.012e-19 0.000e+00 0.000e+00 0.000e+00 0.000e+00 0.000e+00
5.623e-19 0.000e+00 0.000e+00 0.000e+00 0.000e+00 0.000e+00
6.310e-19 0.000e+00 0.000e+00 0.000e+00 0.000e+00 0.000e+00
7.079e-19 0.000e+00 0.000e+00 0.000e+00 0.000e+00 0.000e+00
7.943e-19 0.000e+00 0.000e+00 0.000e+00 0.000e+00 0.000e+00
8.913e-19 0.000e+00 0.000e+00 0.000e+00 0.000e+00 0.000e+00
1.000e-18 0.000e+00 0.000e+00 0.000e+00 0.000e+00 0.000e+00
1.122e-18 0.000e+00 0.000e+00 0.000e+00 0.000e+00 0.000e+00
1.259e-18 0.000e+00 0.000e+00 0.000e+00 0.000e+00 0.000e+00
1.413e-18 0.000e+00 0.000e+00 0.000e+00 0.000e+00 0.000e+00
1.585e-18 0.000e+00 0.000e+00 0.000e+00 0.000e+00 0.000e+00
1.778e-18 0.000e+00 0.000e+00 0.000e+00 0.000e+00 0.000e+00
1.995e-18 0.000e+00 0.000e+00 0.000e+00 0.000e+00 0.000e+00
2.239e-18 0.000e+00 0.000e+00 0.000e+00 0.000e+00 0.000e+00
2.512e-18 0.000e+00 0.000e+00 0.000e+00 0.000e+00 0.000e+00
2.818e-18 0.000e+00 0.000e+00 0.000e+00 0.000e+00 0.000e+00
3.162e-18 0.000e+00 0.000e+00 0.000e+00 0.000e+00 0.000e+00
3.548e-18 0.000e+00 0.000e+00 0.000e+00 0.000e+00 0.000e+00
3.981e-18 0.000e+00 0.000e+00 0.000e+00 0.000e+00 0.000e+00
4.467e-18 0.000e+00 0.000e+00 0.000e+00 0.000e+00 0.000e+00
5.012e-18 0.000e+00 0.000e+00 0.000e+00 0.000e+00 0.000e+00
5.623e-18 0.000e+00 0.000e+00 0.000e+00 0.000e+00 0.000e+00
6.310e-18 0.000e+00 0.000e+00 0.000e+00 0.000e+00 0.000e+00
7.079e-18 0.000e+00 0.000e+00 0.000e+00 0.000e+00 0.000e+00
7.943e-18 0.000e+00 0.000e+00 0.000e+00 0.000e+00 0.000e+00
8.913e-18 0.000e+00 0.000e+00 0.000e+00 0.000e+00 0.000e+00
1.000e-17 0.000e+00 0.000e+00 0.000e+00 0.000e+00 0.000e+00
1.122e-17 0.000e+00 0.000e+00 0.000e+00 0.000e+00 0.000e+00
1.259e-17 0.000e+00 0.000e+00 0.000e+00 0.000e+00 0.000e+00
1.413e-17 0.000e+00 0.000e+00 0.000e+00 0.000e+00 0.000e+00
1.585e-17 0.000e+00 0.000e+00 0.000e+00 0.000e+00 0.000e+00
1.778e-17 0.000e+00 0.000e+00 0.000e+00 0.000e+00 0.000e+00
1.995e-17 0.000e+00 0.000e+00 0.000e+00 0.000e+00 0.000e+00
2.239e-17 0.000e+00 0.000e+00 0.000e+00 0.000e+00 0.000e+00
2.512e-17 0.000e+00 0.000e+00 0.000e+00 0.000e+00 0.000e+00
2.818e-17 0.000e+00 0.000e+00 0.000e+00 0.000e+00 0.000e+00
3.162e-17 0.000e+00 0.000e+00 0.000e+00 0.000e+00 0.000e+00
3.548e-17 0.000e+00 0.000e+00 0.000e+00 0.000e+00 0.000e+00
3.981e-17 0.000e+00 0.000e+00 0.000e+00 0.000e+00 0.000e+00
4.467e-17 0.000e+00 0.000e+00 0.000e+00 0.000e+00 0.000e+00
5.012e-17 0.000e+00 0.000e+00 0.000e+00 0.000e+00 0.000e+00
5.623e-17 0.000e+00 0.000e+00 0.000e+00 0.000e+00 0.000e+00
6.310e-17 0.000e+00 0.000e+00 0.000e+00 0.000e+00 0.000e+00
7.079e-17 0.000e+00 0.000e+00 0.000e+00 0.000e+00 0.000e+00
7.943e-17 0.000e+00 0.000e+00 0.000e+00 0.000e+00 0.000e+00
8.913e-17 0.000e+00 0.000e+00 0.000e+00 0.000e+00 0.000e+00
1.000e-16 0.000e+00 0.000e+00 0.000e+00 0.000e+00 0.000e+00
1.122e-16 0.000e+00 0.000e+00 0.000e+00 0.000e+00 0.000e+00
1.259e-16 0.000e+00 0.000e+00 0.000e+00 0.000e+00 0.000e+00
1.413e-16 0.000e+00 0.000e+00 0.000e+00 0.000e+00 0.000e+00
1.585e-16 0.000e+00 0.000e+00 0.000e+00 0.000e+00 0.000e+00
1.778e-16 0.000e+00 0.000e+00 0.000e+00 0.000e+00 0.000e+00
1.995e-16 0.000e+00 0.000e+00 0.000e+00 0.000e+00 0.000e+00
2.239e-16 0.000e+00 0.000e+00 0.000e+00 0.000e+00 0.000e+00
2.512e-16 0.000e+00 0.000e+00 0.000e+00 0.000e+00 0.000e+00
2.818e-16 0.000e+00 0.000e+00 0.000e+00 0.000e+00 0.000e+00
3.162e-16 0.000e+00 0.000e+00 0.000e+00 0.000e+00 0.000e+00
3.548e-16 0.000e+00 0.000e+00 0.000e+00 0.000e+00 0.000e+00
3.981e-16 0.000e+00 0.000e+00 0.000e+00 0.000e+00 0.000e+00
4.467e-16 0.000e+00 0.000e+00 0.000e+00 0.000e+00 0.000e+00
5.012e-16 0.000e+00 0.000e+00 0.000e+00 0.000e+00 0.000e+00
5.623e-16 0.000e+00 0.000e+00 0.000e+00 0.000e+00 0.000e+00
6.310e-16 0.000e+00 0.000e+00 0.000e+00 0.000e+00 0.000e+00
7.079e-16 0.000e+00 0.000e+00 0.000e+00 0.000e+00 0.000e+00
7.943e-16 0.000e+00 0.000e+00 0.000e+00 0.000e+00 0.000e+00
8.913e-16 0.000e+00 0.000e+00 0.000e+00 0.000e+00 0.000e+00
1.000e-15 0.000e+00 0.000e+00 0.000e+00 0.000e+00 0.000e+00
1.122e-15 3.662e+58 7.387e+28 7.399e-29 1.217e-17 1.529e-16
1.259e-15 2.715e+58 6.894e+28 6.906e-29 1.136e-17 1.427e-16
1.413e-15 2.013e+58 6.434e+28 6.445e-29 1.060e-17 1.332e-16
1.585e-15 1.492e+58 6.004e+28 6.014e-29 9.891e-18 1.243e-16
1.778e-15 1.106e+58 5.603e+28 5.613e-29 9.231e-18 1.160e-16
1.995e-15 8.199e+57 5.229e+28 5.238e-29 8.615e-18 1.083e-16
2.239e-15 6.166e+57 4.951e+28 4.960e-29 8.157e-18 1.025e-16
2.512e-15 4.579e+57 4.629e+28 4.637e-29 7.626e-18 9.583e-17
2.818e-15 3.402e+57 4.329e+28 4.337e-29 7.132e-18 8.962e-17
3.162e-15 2.528e+57 4.050e+28 4.057e-29 6.672e-18 8.384e-17
3.548e-15 1.879e+57 3.790e+28 3.796e-29 6.243e-18 7.845e-17
3.981e-15 1.397e+57 3.547e+28 3.553e-29 5.843e-18 7.343e-17
4.467e-15 1.039e+57 3.322e+28 3.327e-29 5.472e-18 6.876e-17
5.012e-15 7.730e+56 3.111e+28 3.116e-29 5.125e-18 6.441e-17
5.623e-15 5.512e+56 2.793e+28 2.797e-29 4.601e-18 5.781e-17
6.310e-15 3.726e+56 2.377e+28 2.381e-29 3.915e-18 4.920e-17
7.079e-15 2.505e+56 2.012e+28 2.015e-29 3.314e-18 4.164e-17
7.943e-15 1.683e+56 1.701e+28 1.704e-29 2.803e-18 3.522e-17
8.913e-15 1.130e+56 1.437e+28 1.440e-29 2.368e-18 2.976e-17
1.000e-14 7.573e+55 1.213e+28 1.215e-29 1.999e-18 2.512e-17
1.122e-14 5.070e+55 1.023e+28 1.024e-29 1.685e-18 2.117e-17
1.259e-14 3.389e+55 8.606e+27 8.621e-30 1.418e-18 1.782e-17
1.413e-14 2.261e+55 7.229e+27 7.242e-30 1.191e-18 1.497e-17
1.585e-14 1.506e+55 6.059e+27 6.069e-30 9.982e-19 1.254e-17
1.778e-14 9.992e+54 5.063e+27 5.071e-30 8.340e-19 1.048e-17
1.995e-14 6.608e+54 4.215e+27 4.222e-30 6.944e-19 8.726e-18
2.239e-14 4.349e+54 3.492e+27 3.498e-30 5.752e-19 7.229e-18
2.512e-14 2.842e+54 2.873e+27 2.878e-30 4.733e-19 5.947e-18
2.818e-14 1.837e+54 2.338e+27 2.342e-30 3.851e-19 4.840e-18
3.162e-14 1.160e+54 1.859e+27 1.862e-30 3.063e-19 3.849e-18
3.548e-14 7.188e+53 1.450e+27 1.452e-30 2.389e-19 3.002e-18
3.981e-14 4.332e+53 1.100e+27 1.102e-30 1.812e-19 2.277e-18
4.467e-14 2.610e+53 8.345e+26 8.359e-31 1.375e-19 1.728e-18
5.012e-14 1.573e+53 6.331e+26 6.342e-31 1.043e-19 1.311e-18
5.623e-14 9.480e+52 4.803e+26 4.811e-31 7.912e-20 9.943e-19
6.310e-14 5.713e+52 3.644e+26 3.650e-31 6.003e-20 7.543e-19
7.079e-14 3.443e+52 2.764e+26 2.769e-31 4.554e-20 5.723e-19
7.943e-14 2.075e+52 2.097e+26 2.101e-31 3.455e-20 4.341e-19
8.913e-14 1.250e+52 1.591e+26 1.594e-31 2.621e-20 3.294e-19
1.000e-13 7.533e+51 1.207e+26 1.209e-31 1.988e-20 2.499e-19
1.122e-13 4.540e+51 9.156e+25 9.172e-32 1.508e-20 1.896e-19
1.259e-13 2.736e+51 6.946e+25 6.958e-32 1.144e-20 1.438e-19
1.413e-13 1.648e+51 5.270e+25 5.279e-32 8.681e-21 1.091e-19
1.585e-13 9.933e+50 3.998e+25 4.004e-32 6.586e-21 8.276e-20
1.778e-13 5.986e+50 3.033e+25 3.038e-32 4.996e-21 6.278e-20
1.995e-13 3.607e+50 2.301e+25 2.304e-32 3.790e-21 4.762e-20
2.239e-13 2.173e+50 1.745e+25 1.748e-32 2.875e-21 3.613e-20
2.512e-13 1.310e+50 1.324e+25 1.326e-32 2.181e-21 2.741e-20
2.818e-13 7.891e+49 1.004e+25 1.006e-32 1.654e-21 2.079e-20
3.162e-13 4.755e+49 7.618e+24 7.631e-33 1.255e-21 1.577e-20
3.548e-13 2.865e+49 5.778e+24 5.788e-33 9.519e-22 1.196e-20
3.981e-13 1.726e+49 4.383e+24 4.391e-33 7.221e-22 9.074e-21
4.467e-13 1.040e+49 3.325e+24 3.330e-33 5.477e-22 6.883e-21
5.012e-13 6.266e+48 2.522e+24 2.526e-33 4.154e-22 5.221e-21
5.623e-13 3.775e+48 1.913e+24 1.916e-33 3.151e-22 3.960e-21
6.310e-13 2.274e+48 1.451e+24 1.453e-33 2.390e-22 3.003e-21
7.079e-13 1.370e+48 1.100e+24 1.102e-33 1.813e-22 2.278e-21
7.943e-13 8.254e+47 8.344e+23 8.359e-34 1.375e-22 1.727e-21
8.913e-13 4.972e+47 6.328e+23 6.339e-34 1.042e-22 1.310e-21
1.000e-12 2.995e+47 4.799e+23 4.807e-34 7.905e-23 9.934e-22
1.122e-12 1.804e+47 3.639e+23 3.645e-34 5.994e-23 7.532e-22
1.259e-12 1.086e+47 2.759e+23 2.763e-34 4.545e-23 5.711e-22
1.413e-12 6.542e+46 2.091e+23 2.095e-34 3.445e-23 4.330e-22
1.585e-12 3.939e+46 1.585e+23 1.588e-34 2.612e-23 3.282e-22
1.778e-12 2.372e+46 1.202e+23 1.204e-34 1.979e-23 2.487e-22
1.995e-12 1.427e+46 9.105e+22 9.120e-35 1.500e-23 1.885e-22
2.239e-12 8.591e+45 6.898e+22 6.910e-35 1.136e-23 1.428e-22
2.512e-12 5.169e+45 5.225e+22 5.234e-35 8.608e-24 1.082e-22
2.818e-12 3.109e+45 3.957e+22 3.964e-35 6.519e-24 8.192e-23
3.162e-12 1.870e+45 2.995e+22 3.001e-35 4.935e-24 6.201e-23
3.548e-12 1.124e+45 2.267e+22 2.271e-35 3.734e-24 4.693e-23
3.981e-12 6.752e+44 1.715e+22 1.718e-35 2.825e-24 3.550e-23
4.467e-12 4.055e+44 1.296e+22 1.298e-35 2.136e-24 2.684e-23
5.012e-12 2.434e+44 9.794e+21 9.811e-36 1.613e-24 2.028e-23
5.623e-12 1.460e+44 7.395e+21 7.407e-36 1.218e-24 1.531e-23
6.310e-12 8.745e+43 5.578e+21 5.588e-36 9.189e-25 1.155e-23
7.079e-12 5.235e+43 4.204e+21 4.211e-36 6.925e-25 8.702e-24
7.943e-12 3.130e+43 3.164e+21 3.169e-36 5.212e-25 6.550e-24
8.913e-12 1.868e+43 2.378e+21 2.382e-36 3.917e-25 4.923e-24
1.000e-11 1.114e+43 1.784e+21 1.787e-36 2.939e-25 3.693e-24
1.122e-11 6.622e+42 1.336e+21 1.338e-36 2.201e-25 2.765e-24
1.259e-11 3.929e+42 9.976e+20 9.993e-37 1.643e-25 2.065e-24
1.413e-11 2.323e+42 7.427e+20 7.440e-37 1.224e-25 1.538e-24
1.585e-11 1.369e+42 5.509e+20 5.519e-37 9.076e-26 1.141e-24
1.778e-11 8.029e+41 4.068e+20 4.075e-37 6.702e-26 8.422e-25
1.995e-11 4.683e+41 2.987e+20 2.992e-37 4.921e-26 6.183e-25
2.239e-11 2.712e+41 2.177e+20 2.181e-37 3.587e-26 4.508e-25
2.512e-11 1.556e+41 1.573e+20 1.576e-37 2.591e-26 3.256e-25
2.818e-11 8.824e+40 1.123e+20 1.125e-37 1.850e-26 2.325e-25
3.162e-11 4.927e+40 7.894e+19 7.907e-38 1.300e-26 1.634e-25
3.548e-11 2.692e+40 5.430e+19 5.440e-38 8.946e-27 1.124e-25
3.981e-11 1.427e+40 3.622e+19 3.629e-38 5.968e-27 7.499e-26
4.467e-11 7.211e+39 2.305e+19 2.309e-38 3.797e-27 4.772e-26
5.012e-11 3.364e+39 1.354e+19 1.356e-38 2.230e-27 2.803e-26
5.623e-11 1.333e+39 6.752e+18 6.763e-39 1.112e-27 1.398e-26
6.310e-11 3.114e+38 1.986e+18 1.990e-39 3.272e-28 4.112e-27
7.079e-11 0.000e+00 0.000e+00 0.000e+00 0.000e+00 0.000e+00
7.943e-11 3.109e+03 3.142e-17 3.148e-74 5.177e-63 6.505e-62
8.913e-11 3.109e+03 3.956e-17 3.963e-74 6.517e-63 8.190e-62
1.000e-10 3.109e+03 4.980e-17 4.989e-74 8.205e-63 1.031e-61
1.122e-10 3.109e+03 6.270e-17 6.281e-74 1.033e-62 1.298e-61
1.259e-10 3.109e+03 7.893e-17 7.907e-74 1.300e-62 1.634e-61
1.413e-10 3.109e+03 9.937e-17 9.954e-74 1.637e-62 2.057e-61
1.585e-10 3.109e+03 1.251e-16 1.253e-73 2.061e-62 2.590e-61
1.778e-10 3.109e+03 1.575e-16 1.578e-73 2.595e-62 3.260e-61
1.995e-10 3.109e+03 1.983e-16 1.986e-73 3.266e-62 4.105e-61
2.239e-10 3.109e+03 2.496e-16 2.500e-73 4.112e-62 5.167e-61
2.512e-10 3.109e+03 3.142e-16 3.148e-73 5.177e-62 6.505e-61
2.818e-10 3.109e+03 3.956e-16 3.963e-73 6.517e-62 8.190e-61
3.162e-10 3.109e+03 4.980e-16 4.989e-73 8.205e-62 1.031e-60
3.548e-10 3.109e+03 6.270e-16 6.281e-73 1.033e-61 1.298e-60
3.981e-10 3.109e+03 7.893e-16 7.907e-73 1.300e-61 1.634e-60
4.467e-10 3.109e+03 9.937e-16 9.954e-73 1.637e-61 2.057e-60
5.012e-10 3.109e+03 1.251e-15 1.253e-72 2.061e-61 2.590e-60
5.623e-10 3.109e+03 1.575e-15 1.578e-72 2.595e-61 3.260e-60
6.310e-10 3.109e+03 1.983e-15 1.986e-72 3.266e-61 4.105e-60
7.079e-10 3.109e+03 2.496e-15 2.500e-72 4.112e-61 5.167e-60
7.943e-10 3.109e+03 3.142e-15 3.148e-72 5.177e-61 6.505e-60
8.913e-10 3.109e+03 3.956e-15 3.963e-72 6.517e-61 8.190e-60
1.000e-09 3.109e+03 4.980e-15 4.989e-72 8.205e-61 1.031e-59
1.122e-09 3.109e+03 6.270e-15 6.281e-72 1.033e-60 1.298e-59
1.259e-09 3.109e+03 7.893e-15 7.907e-72 1.300e-60 1.634e-59
1.413e-09 3.109e+03 9.937e-15 9.954e-72 1.637e-60 2.057e-59
1.585e-09 3.109e+03 1.251e-14 1.253e-71 2.061e-60 2.590e-59
1.778e-09 3.109e+03 1.575e-14 1.578e-71 2.595e-60 3.260e-59
1.995e-09 3.109e+03 1.983e-14 1.986e-71 3.266e-60 4.105e-59
2.239e-09 3.109e+03 2.496e-14 2.500e-71 4.112e-60 5.167e-59
2.512e-09 3.109e+03 3.142e-14 3.148e-71 5.177e-60 6.505e-59
2.818e-09 3.109e+03 3.956e-14 3.963e-71 6.517e-60 8.190e-59
3.162e-09 3.109e+03 4.980e-14 4.989e-71 8.205e-60 1.031e-58
3.548e-09 3.109e+03 6.270e-14 6.281e-71 1.033e-59 1.298e-58
3.981e-09 3.109e+03 7.893e-14 7.907e-71 1.300e-59 1.634e-58
4.467e-09 3.109e+03 9.937e-14 9.954e-71 1.637e-59 2.057e-58
5.012e-09 3.109e+03 1.251e-13 1.253e-70 2.061e-59 2.590e-58
5.623e-09 3.109e+03 1.575e-13 1.578e-70 2.595e-59 3.260e-58
6.310e-09 3.109e+03 1.983e-13 1.986e-70 3.266e-59 4.105e-58
7.079e-09 3.109e+03 2.496e-13 2.500e-70 4.112e-59 5.167e-58
7.943e-09 3.109e+03 3.142e-13 3.148e-70 5.177e-59 6.505e-58
8.913e-09 3.109e+03 3.956e-13 3.963e-70 6.517e-59 8.190e-58
1.000e-08 3.109e+03 4.980e-13 4.989e-70 8.205e-59 1.031e-57
1.122e-08 3.109e+03 6.270e-13 6.281e-70 1.033e-58 1.298e-57
1.259e-08 3.109e+03 7.893e-13 7.907e-70 1.300e-58 1.634e-57
1.413e-08 3.109e+03 9.937e-13 9.954e-70 1.637e-58 2.057e-57
1.585e-08 3.109e+03 1.251e-12 1.253e-69 2.061e-58 2.590e-57
1.778e-08 3.109e+03 1.575e-12 1.578e-69 2.595e-58 3.260e-57
1.995e-08 3.109e+03 1.983e-12 1.986e-69 3.266e-58 4.105e-57
2.239e-08 3.109e+03 2.496e-12 2.500e-69 4.112e-58 5.167e-57
2.512e-08 3.109e+03 3.142e-12 3.148e-69 5.177e-58 6.505e-57
2.818e-08 3.109e+03 3.956e-12 3.963e-69 6.517e-58 8.190e-57
3.162e-08 3.109e+03 4.980e-12 4.989e-69 8.205e-58 1.031e-56
3.548e-08 3.109e+03 6.270e-12 6.281e-69 1.033e-57 1.298e-56
3.981e-08 3.109e+03 7.893e-12 7.907e-69 1.300e-57 1.634e-56
4.467e-08 3.109e+03 9.937e-12 9.954e-69 1.637e-57 2.057e-56
5.012e-08 3.109e+03 1.251e-11 1.253e-68 2.061e-57 2.590e-56
5.623e-08 3.109e+03 1.575e-11 1.578e-68 2.595e-57 3.260e-56
6.310e-08 3.109e+03 1.983e-11 1.986e-68 3.266e-57 4.105e-56
7.079e-08 3.109e+03 2.496e-11 2.500e-68 4.112e-57 5.167e-56
7.943e-08 3.109e+03 3.142e-11 3.148e-68 5.177e-57 6.505e-56
8.913e-08 3.109e+03 3.956e-11 3.963e-68 6.517e-57 8.190e-56
1.000e-07 3.109e+03 4.980e-11 4.989e-68 8.205e-57 1.031e-55
1.122e-07 3.109e+03 6.270e-11 6.281e-68 1.033e-56 1.298e-55
1.259e-07 3.109e+03 7.893e-11 7.907e-68 1.300e-56 1.634e-55
1.413e-07 3.109e+03 9.937e-11 9.954e-68 1.637e-56 2.057e-55
1.585e-07 3.109e+03 1.251e-10 1.253e-67 2.061e-56 2.590e-55
1.778e-07 3.109e+03 1.575e-10 1.578e-67 2.595e-56 3.260e-55
1.995e-07 3.109e+03 1.983e-10 1.986e-67 3.266e-56 4.105e-55
2.239e-07 3.109e+03 2.496e-10 2.500e-67 4.112e-56 5.167e-55
2.512e-07 3.109e+03 3.142e-10 3.148e-67 5.177e-56 6.505e-55
2.818e-07 3.109e+03 3.956e-10 3.963e-67 6.517e-56 8.190e-55
3.162e-07 3.109e+03 4.980e-10 4.989e-67 8.205e-56 1.031e-54
3.548e-07 3.109e+03 6.270e-10 6.281e-67 1.033e-55 1.298e-54
3.981e-07 3.109e+03 7.893e-10 7.907e-67 1.300e-55 1.634e-54
4.467e-07 3.109e+03 9.937e-10 9.954e-67 1.637e-55 2.057e-54
5.012e-07 3.109e+03 1.251e-09 1.253e-66 2.061e-55 2.590e-54
5.623e-07 3.109e+03 1.575e-09 1.578e-66 2.595e-55 3.260e-54
6.310e-07 3.109e+03 1.983e-09 1.986e-66 3.266e-55 4.105e-54
7.079e-07 3.109e+03 2.496e-09 2.500e-66 4.112e-55 5.167e-54
7.943e-07 3.109e+03 3.142e-09 3.148e-66 5.177e-55 6.505e-54
8.913e-07 3.109e+03 3.956e-09 3.963e-66 6.517e-55 8.190e-54
1.000e-06 3.109e+03 4.980e-09 4.989e-66 8.205e-55 1.031e-53
1.122e-06 3.109e+03 6.270e-09 6.281e-66 1.033e-54 1.298e-53
1.259e-06 3.109e+03 7.893e-09 7.907e-66 1.300e-54 1.634e-53
1.413e-06 3.109e+03 9.937e-09 9.954e-66 1.637e-54 2.057e-53
1.585e-06 3.109e+03 1.251e-08 1.253e-65 2.061e-54 2.590e-53
1.778e-06 3.109e+03 1.575e-08 1.578e-65 2.595e-54 3.260e-53
1.995e-06 3.109e+03 1.983e-08 1.986e-65 3.266e-54 4.105e-53
2.239e-06 3.109e+03 2.496e-08 2.500e-65 4.112e-54 5.167e-53
2.512e-06 3.109e+03 3.142e-08 3.148e-65 5.177e-54 6.505e-53
2.818e-06 3.109e+03 3.956e-08 3.963e-65 6.517e-54 8.190e-53
3.162e-06 3.109e+03 4.980e-08 4.989e-65 8.205e-54 1.031e-52
3.548e-06 3.109e+03 6.270e-08 6.281e-65 1.033e-53 1.298e-52
3.981e-06 3.109e+03 7.893e-08 7.907e-65 1.300e-53 1.634e-52
4.467e-06 3.109e+03 9.937e-08 9.954e-65 1.637e-53 2.057e-52
5.012e-06 3.109e+03 1.251e-07 1.253e-64 2.061e-53 2.590e-52
5.623e-06 3.109e+03 1.575e-07 1.578e-64 2.595e-53 3.260e-52
6.310e-06 3.109e+03 1.983e-07 1.986e-64 3.266e-53 4.105e-52
7.079e-06 3.109e+03 2.496e-07 2.500e-64 4.112e-53 5.167e-52
7.943e-06 3.109e+03 3.142e-07 3.148e-64 5.177e-53 6.505e-52
8.913e-06 3.109e+03 3.956e-07 3.963e-64 6.517e-53 8.190e-52
1.000e-05 3.109e+03 4.980e-07 4.989e-64 8.205e-53 1.031e-51
1.122e-05 3.109e+03 6.270e-07 6.281e-64 1.033e-52 1.298e-51
1.259e-05 3.109e+03 7.893e-07 7.907e-64 1.300e-52 1.634e-51
1.413e-05 3.109e+03 9.937e-07 9.954e-64 1.637e-52 2.057e-51
1.585e-05 3.109e+03 1.251e-06 1.253e-63 2.061e-52 2.590e-51
1.778e-05 3.345e+03 1.695e-06 1.698e-63 2.792e-52 3.509e-51
1.995e-05 3.377e+03 2.154e-06 2.157e-63 3.548e-52 4.459e-51
2.239e-05 3.412e+03 2.740e-06 2.745e-63 4.514e-52 5.673e-51
2.512e-05 3.454e+03 3.491e-06 3.497e-63 5.751e-52 7.228e-51
2.818e-05 3.501e+03 4.456e-06 4.463e-63 7.340e-52 9.224e-51
3.162e-05 3.556e+03 5.697e-06 5.706e-63 9.385e-52 1.179e-50
3.548e-05 3.619e+03 7.300e-06 7.312e-63 1.203e-51 1.511e-50
3.981e-05 3.693e+03 9.378e-06 9.394e-63 1.545e-51 1.941e-50
4.467e-05 3.780e+03 1.208e-05 1.210e-62 1.991e-51 2.501e-50
5.012e-05 3.882e+03 1.562e-05 1.565e-62 2.574e-51 3.234e-50
5.623e-05 4.004e+03 2.028e-05 2.032e-62 3.342e-51 4.199e-50
6.310e-05 4.149e+03 2.647e-05 2.651e-62 4.360e-51 5.479e-50
7.079e-05 4.326e+03 3.474e-05 3.480e-62 5.723e-51 7.191e-50
7.943e-05 4.543e+03 4.592e-05 4.600e-62 7.566e-51 9.507e-50
8.913e-05 4.814e+03 6.126e-05 6.136e-62 1.009e-50 1.268e-49
1.000e-04 5.159e+03 8.265e-05 8.279e-62 1.362e-50 1.711e-49
1.122e-04 5.609e+03 1.131e-04 1.133e-61 1.864e-50 2.342e-49
1.259e-04 6.218e+03 1.579e-04 1.582e-61 2.601e-50 3.269e-49
1.413e-04 7.080e+03 2.263e-04 2.267e-61 3.729e-50 4.686e-49
1.585e-04 8.386e+03 3.375e-04 3.381e-61 5.560e-50 6.987e-49
1.778e-04 1.057e+04 5.357e-04 5.367e-61 8.826e-50 1.109e-48
1.995e-04 1.495e+04 9.536e-04 9.552e-61 1.571e-49 1.974e-48
2.239e-04 2.789e+04 2.240e-03 2.243e-60 3.689e-49 4.636e-48
2.512e-04 9.509e+05 9.613e-02 9.629e-59 1.584e-47 1.990e-46
2.818e-04 -7.532e-04 -9.586e-11 -9.602e-68 -1.579e-56 -1.984e-55
3.162e-04 -6.713e-04 -1.076e-10 -1.077e-67 -1.772e-56 -2.227e-55
3.548e-04 -5.983e-04 -1.207e-10 -1.209e-67 -1.988e-56 -2.498e-55
3.981e-04 -5.332e-04 -1.354e-10 -1.356e-67 -2.231e-56 -2.803e-55
4.467e-04 -4.752e-04 -1.519e-10 -1.522e-67 -2.503e-56 -3.145e-55
5.012e-04 -4.236e-04 -1.705e-10 -1.708e-67 -2.808e-56 -3.529e-55
5.623e-04 -3.775e-04 -1.913e-10 -1.916e-67 -3.151e-56 -3.959e-55
6.310e-04 -3.364e-04 -2.146e-10 -2.150e-67 -3.535e-56 -4.443e-55
7.079e-04 -2.999e-04 -2.408e-10 -2.412e-67 -3.967e-56 -4.985e-55
7.943e-04 -2.672e-04 -2.702e-10 -2.706e-67 -4.451e-56 -5.593e-55
8.913e-04 -2.382e-04 -3.031e-10 -3.036e-67 -4.994e-56 -6.275e-55
1.000e-03 -2.123e-04 -3.401e-10 -3.407e-67 -5.603e-56 -7.041e-55
1.122e-03 -1.892e-04 -3.816e-10 -3.823e-67 -6.287e-56 -7.900e-55
1.259e-03 -1.686e-04 -4.282e-10 -4.289e-67 -7.054e-56 -8.864e-55
1.413e-03 -1.503e-04 -4.804e-10 -4.812e-67 -7.914e-56 -9.946e-55
1.585e-03 -1.339e-04 -5.390e-10 -5.400e-67 -8.880e-56 -1.116e-54
1.778e-03 -1.194e-04 -6.048e-10 -6.058e-67 -9.964e-56 -1.252e-54
1.995e-03 -1.064e-04 -6.786e-10 -6.798e-67 -1.118e-55 -1.405e-54
2.239e-03 -9.482e-05 -7.614e-10 -7.627e-67 -1.254e-55 -1.576e-54
2.512e-03 -8.451e-05 -8.543e-10 -8.558e-67 -1.407e-55 -1.769e-54
2.818e-03 -7.532e-05 -9.586e-10 -9.602e-67 -1.579e-55 -1.984e-54
3.162e-03 -6.713e-05 -1.076e-09 -1.077e-66 -1.772e-55 -2.227e-54
3.548e-03 -5.983e-05 -1.207e-09 -1.209e-66 -1.988e-55 -2.498e-54
3.981e-03 -5.332e-05 -1.354e-09 -1.356e-66 -2.231e-55 -2.803e-54
4.467e-03 -4.752e-05 -1.519e-09 -1.522e-66 -2.503e-55 -3.145e-54
5.012e-03 -4.236e-05 -1.705e-09 -1.708e-66 -2.808e-55 -3.529e-54
5.623e-03 -3.775e-05 -1.913e-09 -1.916e-66 -3.151e-55 -3.959e-54
6.310e-03 -3.364e-05 -2.146e-09 -2.150e-66 -3.535e-55 -4.443e-54
7.079e-03 -2.999e-05 -2.408e-09 -2.412e-66 -3.967e-55 -4.985e-54
7.943e-03 -2.672e-05 -2.702e-09 -2.706e-66 -4.451e-55 -5.593e-54
8.913e-03 -2.382e-05 -3.031e-09 -3.036e-66 -4.994e-55 -6.275e-54
1.000e-02 -2.123e-05 -3.401e-09 -3.407e-66 -5.603e-55 -7.041e-54
1.122e-02 -1.892e-05 -3.816e-09 -3.823e-66 -6.287e-55 -7.900e-54
1.259e-02 -1.686e-05 -4.282e-09 -4.289e-66 -7.054e-55 -8.864e-54
1.413e-02 -1.503e-05 -4.804e-09 -4.812e-66 -7.914e-55 -9.946e-54
1.585e-02 -1.339e-05 -5.390e-09 -5.400e-66 -8.880e-55 -1.116e-53
1.778e-02 -1.194e-05 -6.048e-09 -6.058e-66 -9.964e-55 -1.252e-53
1.995e-02 -1.064e-05 -6.786e-09 -6.798e-66 -1.118e-54 -1.405e-53
2.239e-02 -9.482e-06 -7.614e-09 -7.627e-66 -1.254e-54 -1.576e-53
2.512e-02 -8.451e-06 -8.543e-09 -8.558e-66 -1.407e-54 -1.769e-53
2.818e-02 -7.532e-06 -9.586e-09 -9.602e-66 -1.579e-54 -1.984e-53
3.162e-02 -6.713e-06 -1.076e-08 -1.077e-65 -1.772e-54 -2.227e-53
3.548e-02 -5.983e-06 -1.207e-08 -1.209e-65 -1.988e-54 -2.498e-53
3.981e-02 -5.332e-06 -1.354e-08 -1.356e-65 -2.231e-54 -2.803e-53
4.467e-02 -4.752e-06 -1.519e-08 -1.522e-65 -2.503e-54 -3.145e-53
5.012e-02 -4.236e-06 -1.705e-08 -1.708e-65 -2.808e-54 -3.529e-53
5.623e-02 -3.775e-06 -1.913e-08 -1.916e-65 -3.151e-54 -3.959e-53
6.310e-02 -3.364e-06 -2.146e-08 -2.150e-65 -3.535e-54 -4.443e-53
7.079e-02 -2.999e-06 -2.408e-08 -2.412e-65 -3.967e-54 -4.985e-53
7.943e-02 -2.672e-06 -2.702e-08 -2.706e-65 -4.451e-54 -5.593e-53
8.913e-02 -2.382e-06 -3.031e-08 -3.036e-65 -4.994e-54 -6.275e-53
1.000e-01 -2.123e-06 -3.401e-08 -3.407e-65 -5.603e-54 -7.041e-53
1.122e-01 -1.892e-06 -3.816e-08 -3.823e-65 -6.287e-54 -7.900e-53
1.259e-01 -1.686e-06 -4.282e-08 -4.289e-65 -7.054e-54 -8.864e-53
1.413e-01 -1.503e-06 -4.804e-08 -4.812e-65 -7.914e-54 -9.946e-53
1.585e-01 -1.339e-06 -5.390e-08 -5.400e-65 -8.880e-54 -1.116e-52
1.778e-01 -1.194e-06 -6.048e-08 -6.058e-65 -9.964e-54 -1.252e-52
1.995e-01 -1.064e-06 -6.786e-08 -6.798e-65 -1.118e-53 -1.405e-52
2.239e-01 -9.482e-07 -7.614e-08 -7.627e-65 -1.254e-53 -1.576e-52
2.512e-01 -8.451e-07 -8.543e-08 -8.558e-65 -1.407e-53 -1.769e-52
2.818e-01 -7.532e-07 -9.586e-08 -9.602e-65 -1.579e-53 -1.984e-52
3.162e-01 -6.713e-07 -1.076e-07 -1.077e-64 -1.772e-53 -2.227e-52
3.548e-01 -5.983e-07 -1.207e-07 -1.209e-64 -1.988e-53 -2.498e-52
3.981e-01 -5.332e-07 -1.354e-07 -1.356e-64 -2.231e-53 -2.803e-52
4.467e-01 -4.752e-07 -1.519e-07 -1.522e-64 -2.503e-53 -3.145e-52
5.012e-01 -4.236e-07 -1.705e-07 -1.708e-64 -2.808e-53 -3.529e-52
5.623e-01 0.000e+00 0.000e+00 0.000e+00 0.000e+00 0.000e+00
6.310e-01 1.346e-06 8.584e-07 8.598e-64 1.414e-52 1.777e-51
7.079e-01 1.199e-06 9.631e-07 9.648e-64 1.587e-52 1.994e-51
7.943e-01 1.069e-06 1.081e-06 1.082e-63 1.780e-52 2.237e-51
8.913e-01 9.527e-07 1.213e-06 1.215e-63 1.997e-52 2.510e-51
1.000e+00 8.491e-07 1.360e-06 1.363e-63 2.241e-52 2.816e-51
1.122e+00 7.568e-07 1.526e-06 1.529e-63 2.515e-52 3.160e-51
1.259e+00 6.745e-07 1.713e-06 1.716e-63 2.822e-52 3.546e-51
1.413e+00 6.011e-07 1.922e-06 1.925e-63 3.166e-52 3.978e-51
1.585e+00 5.358e-07 2.156e-06 2.160e-63 3.552e-52 4.464e-51
1.778e+00 4.775e-07 2.419e-06 2.423e-63 3.985e-52 5.008e-51
1.995e+00 4.256e-07 2.714e-06 2.719e-63 4.472e-52 5.619e-51
2.239e+00 3.793e-07 3.046e-06 3.051e-63 5.017e-52 6.305e-51
2.512e+00 3.380e-07 3.417e-06 3.423e-63 5.630e-52 7.074e-51
2.818e+00 3.013e-07 3.834e-06 3.841e-63 6.317e-52 7.938e-51
3.162e+00 2.685e-07 4.302e-06 4.309e-63 7.087e-52 8.906e-51
3.548e+00 2.393e-07 4.827e-06 4.835e-63 7.952e-52 9.993e-51
3.981e+00 2.133e-07 5.416e-06 5.425e-63 8.922e-52 1.121e-50
4.467e+00 1.901e-07 6.077e-06 6.087e-63 1.001e-51 1.258e-50
5.012e+00 1.694e-07 6.818e-06 6.830e-63 1.123e-51 1.412e-50
5.623e+00 1.510e-07 7.650e-06 7.663e-63 1.260e-51 1.584e-50
6.310e+00 1.346e-07 8.584e-06 8.598e-63 1.414e-51 1.777e-50
7.079e+00 1.199e-07 9.631e-06 9.648e-63 1.587e-51 1.994e-50
7.943e+00 1.069e-07 1.081e-05 1.082e-62 1.780e-51 2.237e-50
8.913e+00 9.527e-08 1.213e-05 1.215e-62 1.997e-51 2.510e-50
1.000e+01 8.491e-08 1.360e-05 1.363e-62 2.241e-51 2.816e-50
1.122e+01 7.568e-08 1.526e-05 1.529e-62 2.515e-51 3.160e-50
1.259e+01 6.745e-08 1.713e-05 1.716e-62 2.822e-51 3.546e-50
1.413e+01 6.011e-08 1.922e-05 1.925e-62 3.166e-51 3.978e-50
1.585e+01 5.358e-08 2.156e-05 2.160e-62 3.552e-51 4.464e-50
1.778e+01 4.775e-08 2.419e-05 2.423e-62 3.985e-51 5.008e-50
1.995e+01 4.256e-08 2.714e-05 2.719e-62 4.472e-51 5.619e-50
2.239e+01 3.793e-08 3.046e-05 3.051e-62 5.017e-51 6.305e-50
2.512e+01 3.380e-08 3.417e-05 3.423e-62 5.630e-51 7.074e-50
2.818e+01 3.013e-08 3.834e-05 3.841e-62 6.317e-51 7.938e-50
3.162e+01 2.685e-08 4.302e-05 4.309e-62 7.087e-51 8.906e-50
3.548e+01 2.393e-08 4.827e-05 4.835e-62 7.952e-51 9.993e-50
3.981e+01 2.133e-08 5.416e-05 5.425e-62 8.922e-51 1.121e-49
4.467e+01 1.901e-08 6.077e-05 6.087e-62 1.001e-50 1.258e-49
5.012e+01 1.694e-08 6.818e-05 6.830e-62 1.123e-50 1.412e-49
5.623e+01 1.510e-08 7.650e-05 7.663e-62 1.260e-50 1.584e-49
6.310e+01 1.346e-08 8.584e-05 8.598e-62 1.414e-50 1.777e-49
7.079e+01 1.199e-08 9.631e-05 9.648e-62 1.587e-50 1.994e-49
7.943e+01 1.069e-08 1.081e-04 1.082e-61 1.780e-50 2.237e-49
8.913e+01 9.527e-09 1.212e-04 1.215e-61 1.997e-50 2.510e-49
1.000e+02 8.491e-09 1.360e-04 1.363e-61 2.241e-50 2.816e-49
1.122e+02 7.568e-09 1.526e-04 1.529e-61 2.515e-50 3.160e-49
1.259e+02 6.745e-09 1.713e-04 1.716e-61 2.821e-50 3.546e-49
1.413e+02 6.011e-09 1.922e-04 1.925e-61 3.166e-50 3.978e-49
1.585e+02 5.358e-09 2.156e-04 2.160e-61 3.552e-50 4.464e-49
1.778e+02 4.775e-09 2.419e-04 2.423e-61 3.985e-50 5.008e-49
1.995e+02 4.256e-09 2.714e-04 2.719e-61 4.472e-50 5.619e-49
2.239e+02 3.793e-09 3.046e-04 3.051e-61 5.017e-50 6.305e-49
2.512e+02 3.380e-09 3.417e-04 3.423e-61 5.629e-50 7.074e-49
2.818e+02 3.013e-09 3.834e-04 3.841e-61 6.316e-50 7.937e-49
3.162e+02 2.685e-09 4.302e-04 4.309e-61 7.087e-50 8.906e-49
3.548e+02 2.393e-09 4.827e-04 4.835e-61 7.952e-50 9.992e-49
3.981e+02 2.133e-09 5.416e-04 5.425e-61 8.922e-50 1.121e-48
4.467e+02 1.901e-09 6.077e-04 6.087e-61 1.001e-49 1.258e-48
5.012e+02 1.694e-09 6.818e-04 6.830e-61 1.123e-49 1.411e-48
5.623e+02 1.510e-09 7.650e-04 7.663e-61 1.260e-49 1.584e-48
6.310e+02 1.346e-09 8.583e-04 8.598e-61 1.414e-49 1.777e-48
7.079e+02 1.199e-09 9.631e-04 9.647e-61 1.587e-49 1.994e-48
7.943e+02 1.069e-09 1.081e-03 1.082e-60 1.780e-49 2.237e-48
8.913e+02 9.526e-10 1.212e-03 1.214e-60 1.997e-49 2.510e-48
1.000e+03 8.490e-10 1.360e-03 1.363e-60 2.241e-49 2.816e-48
1.122e+03 7.567e-10 1.526e-03 1.529e-60 2.514e-49 3.160e-48
1.259e+03 6.744e-10 1.712e-03 1.715e-60 2.821e-49 3.545e-48
1.413e+03 6.010e-10 1.921e-03 1.925e-60 3.165e-49 3.978e-48
1.585e+03 5.357e-10 2.156e-03 2.159e-60 3.551e-49 4.463e-48
1.778e+03 4.774e-10 2.419e-03 2.423e-60 3.985e-49 5.007e-48
1.995e+03 4.255e-10 2.714e-03 2.718e-60 4.471e-49 5.618e-48
2.239e+03 3.792e-10 3.045e-03 3.050e-60 5.016e-49 6.304e-48
2.512e+03 3.380e-10 3.416e-03 3.422e-60 5.628e-49 7.073e-48
2.818e+03 3.012e-10 3.833e-03 3.840e-60 6.315e-49 7.935e-48
3.162e+03 2.684e-10 4.301e-03 4.308e-60 7.085e-49 8.903e-48
3.548e+03 2.392e-10 4.825e-03 4.834e-60 7.949e-49 9.989e-48
3.981e+03 2.132e-10 5.414e-03 5.423e-60 8.919e-49 1.121e-47
4.467e+03 1.900e-10 6.074e-03 6.085e-60 1.001e-48 1.257e-47
5.012e+03 1.693e-10 6.815e-03 6.827e-60 1.123e-48 1.411e-47
5.623e+03 1.509e-10 7.646e-03 7.659e-60 1.260e-48 1.583e-47
6.310e+03 1.345e-10 8.579e-03 8.593e-60 1.413e-48 1.776e-47
7.079e+03 1.199e-10 9.625e-03 9.641e-60 1.586e-48 1.993e-47
7.943e+03 1.068e-10 1.080e-02 1.082e-59 1.779e-48 2.235e-47
8.913e+03 9.520e-11 1.212e-02 1.214e-59 1.996e-48 2.508e-47
1.000e+04 8.484e-11 1.359e-02 1.362e-59 2.239e-48 2.814e-47
1.122e+04 7.560e-11 1.525e-02 1.528e-59 2.512e-48 3.157e-47
1.259e+04 6.737e-11 1.711e-02 1.714e-59 2.818e-48 3.542e-47
1.413e+04 6.004e-11 1.919e-02 1.923e-59 3.162e-48 3.973e-47
1.585e+04 5.350e-11 2.153e-02 2.157e-59 3.547e-48 4.458e-47
1.778e+04 4.768e-11 2.416e-02 2.420e-59 3.979e-48 5.001e-47
1.995e+04 4.249e-11 2.710e-02 2.714e-59 4.464e-48 5.610e-47
2.239e+04 3.786e-11 3.040e-02 3.045e-59 5.008e-48 6.293e-47
2.512e+04 3.373e-11 3.410e-02 3.416e-59 5.618e-48 7.060e-47
2.818e+04 3.006e-11 3.826e-02 3.832e-59 6.302e-48 7.920e-47
3.162e+04 2.678e-11 4.291e-02 4.299e-59 7.069e-48 8.884e-47
3.548e+04 2.386e-11 4.814e-02 4.822e-59 7.930e-48 9.965e-47
3.981e+04 2.126e-11 5.399e-02 5.408e-59 8.895e-48 1.118e-46
4.467e+04 1.894e-11 6.056e-02 6.066e-59 9.977e-48 1.254e-46
5.012e+04 1.688e-11 6.793e-02 6.804e-59 1.119e-47 1.406e-46
5.623e+04 1.504e-11 7.618e-02 7.631e-59 1.255e-47 1.577e-46
6.310e+04 1.340e-11 8.544e-02 8.559e-59 1.408e-47 1.769e-46
7.079e+04 1.193e-11 9.582e-02 9.598e-59 1.579e-47 1.984e-46
7.943e+04 1.063e-11 1.075e-01 1.076e-58 1.770e-47 2.224e-46
8.913e+04 9.468e-12 1.205e-01 1.207e-58 1.985e-47 2.494e-46
1.000e+05 8.433e-12 1.351e-01 1.353e-58 2.226e-47 2.797e-46
1.122e+05 7.510e-12 1.515e-01 1.517e-58 2.495e-47 3.136e-46
1.259e+05 6.688e-12 1.698e-01 1.701e-58 2.798e-47 3.516e-46
1.413e+05 4.467e-12 1.428e-01 1.430e-58 2.352e-47 2.956e-46
1.585e+05 3.977e-12 1.601e-01 1.603e-58 2.637e-47 3.313e-46
1.778e+05 3.541e-12 1.794e-01 1.797e-58 2.955e-47 3.714e-46
1.995e+05 3.152e-12 2.010e-01 2.014e-58 3.312e-47 4.162e-46
2.239e+05 2.806e-12 2.253e-01 2.257e-58 3.711e-47 4.664e-46
2.512e+05 2.497e-12 2.524e-01 2.528e-58 4.158e-47 5.225e-46
2.818e+05 2.222e-12 2.828e-01 2.832e-58 4.658e-47 5.854e-46
3.162e+05 1.977e-12 3.167e-01 3.173e-58 5.218e-47 6.557e-46
3.548e+05 1.758e-12 3.547e-01 3.553e-58 5.843e-47 7.343e-46
3.981e+05 1.564e-12 3.971e-01 3.978e-58 6.542e-47 8.222e-46
4.467e+05 1.391e-12 4.446e-01 4.453e-58 7.324e-47 9.204e-46
5.012e+05 1.236e-12 4.976e-01 4.984e-58 8.197e-47 1.030e-45
5.623e+05 1.099e-12 5.567e-01 5.577e-58 9.172e-47 1.153e-45
6.310e+05 9.764e-13 6.228e-01 6.238e-58 1.026e-46 1.289e-45
7.079e+05 8.673e-13 6.965e-01 6.976e-58 1.147e-46 1.442e-45
7.943e+05 7.702e-13 7.786e-01 7.799e-58 1.283e-46 1.612e-45
8.913e+05 6.837e-13 8.701e-01 8.716e-58 1.433e-46 1.801e-45
1.000e+06 4.044e-13 6.480e-01 6.491e-58 1.067e-46 1.341e-45
1.122e+06 3.587e-13 7.236e-01 7.248e-58 1.192e-46 1.498e-45
1.259e+06 3.180e-13 8.076e-01 8.090e-58 1.330e-46 1.672e-45
1.413e+06 2.818e-13 9.009e-01 9.024e-58 1.484e-46 1.865e-45
1.585e+06 2.496e-13 1.004e+00 1.006e-57 1.655e-46 2.079e-45
1.778e+06 2.209e-13 1.119e+00 1.121e-57 1.844e-46 2.317e-45
1.995e+06 1.954e-13 1.246e+00 1.249e-57 2.053e-46 2.580e-45
2.239e+06 0.000e+00 0.000e+00 0.000e+00 0.000e+00 0.000e+00
2.512e+06 0.000e+00 0.000e+00 0.000e+00 0.000e+00 0.000e+00
2.818e+06 0.000e+00 0.000e+00 0.000e+00 0.000e+00 0.000e+00
3.162e+06 0.000e+00 0.000e+00 0.000e+00 0.000e+00 0.000e+00
3.548e+06 0.000e+00 0.000e+00 0.000e+00 0.000e+00 0.000e+00
3.981e+06 0.000e+00 0.000e+00 0.000e+00 0.000e+00 0.000e+00
4.467e+06 0.000e+00 0.000e+00 0.000e+00 0.000e+00 0.000e+00
5.012e+06 0.000e+00 0.000e+00 0.000e+00 0.000e+00 0.000e+00
5.623e+06 0.000e+00 0.000e+00 0.000e+00 0.000e+00 0.000e+00
6.310e+06 0.000e+00 0.000e+00 0.000e+00 0.000e+00 0.000e+00
7.079e+06 0.000e+00 0.000e+00 0.000e+00 0.000e+00 0.000e+00
7.943e+06 0.000e+00 0.000e+00 0.000e+00 0.000e+00 0.000e+00
8.913e+06 0.000e+00 0.000e+00 0.000e+00 0.000e+00 0.000e+00
1.000e+07 0.000e+00 0.000e+00 0.000e+00 0.000e+00 0.000e+00
1.122e+07 0.000e+00 0.000e+00 0.000e+00 0.000e+00 0.000e+00
1.259e+07 0.000e+00 0.000e+00 0.000e+00 0.000e+00 0.000e+00
1.413e+07 0.000e+00 0.000e+00 0.000e+00 0.000e+00 0.000e+00
1.585e+07 0.000e+00 0.000e+00 0.000e+00 0.000e+00 0.000e+00
1.778e+07 0.000e+00 0.000e+00 0.000e+00 0.000e+00 0.000e+00
1.995e+07 0.000e+00 0.000e+00 0.000e+00 0.000e+00 0.000e+00
2.239e+07 0.000e+00 0.000e+00 0.000e+00 0.000e+00 0.000e+00
2.512e+07 0.000e+00 0.000e+00 0.000e+00 0.000e+00 0.000e+00
2.818e+07 0.000e+00 0.000e+00 0.000e+00 0.000e+00 0.000e+00
3.162e+07 0.000e+00 0.000e+00 0.000e+00 0.000e+00 0.000e+00
3.548e+07 0.000e+00 0.000e+00 0.000e+00 0.000e+00 0.000e+00
3.981e+07 0.000e+00 0.000e+00 0.000e+00 0.000e+00 0.000e+00
4.467e+07 0.000e+00 0.000e+00 0.000e+00 0.000e+00 0.000e+00
5.012e+07 0.000e+00 0.000e+00 0.000e+00 0.000e+00 0.000e+00
5.623e+07 0.000e+00 0.000e+00 0.000e+00 0.000e+00 0.000e+00
6.310e+07 0.000e+00 0.000e+00 0.000e+00 0.000e+00 0.000e+00
7.079e+07 0.000e+00 0.000e+00 0.000e+00 0.000e+00 0.000e+00
7.943e+07 0.000e+00 0.000e+00 0.000e+00 0.000e+00 0.000e+00
8.913e+07 0.000e+00 0.000e+00 0.000e+00 0.000e+00 0.000e+00
1.000e+08 0.000e+00 0.000e+00 0.000e+00 0.000e+00 0.000e+00
