5.944e-07 7.635e+57 2.697e+45
6.669e-07 6.424e+57 2.857e+45
7.483e-07 5.405e+57 3.027e+45
8.396e-07 4.548e+57 3.206e+45
9.420e-07 3.827e+57 3.396e+45
1.057e-06 3.220e+57 3.597e+45
1.186e-06 2.709e+57 3.810e+45
1.331e-06 2.279e+57 4.036e+45
1.493e-06 1.918e+57 4.275e+45
1.675e-06 1.614e+57 4.528e+45
1.880e-06 1.358e+57 4.797e+45
2.109e-06 1.142e+57 5.081e+45
2.366e-06 9.612e+56 5.382e+45
2.655e-06 8.088e+56 5.701e+45
2.979e-06 6.805e+56 6.039e+45
3.342e-06 5.726e+56 6.397e+45
3.750e-06 4.818e+56 6.776e+45
4.208e-06 4.053e+56 7.177e+45
4.721e-06 3.411e+56 7.602e+45
5.297e-06 2.870e+56 8.053e+45
5.944e-06 2.415e+56 8.530e+45
6.669e-06 2.032e+56 9.035e+45
7.483e-06 1.709e+56 9.571e+45
8.396e-06 1.438e+56 1.014e+46
9.420e-06 1.210e+56 1.074e+46
1.057e-05 1.018e+56 1.137e+46
1.186e-05 8.567e+55 1.205e+46
1.331e-05 7.208e+55 1.276e+46
1.493e-05 6.065e+55 1.352e+46
1.675e-05 5.103e+55 1.432e+46
1.880e-05 4.294e+55 1.517e+46
2.109e-05 3.613e+55 1.607e+46
2.366e-05 3.040e+55 1.702e+46
2.655e-05 2.558e+55 1.803e+46
2.979e-05 2.152e+55 1.910e+46
3.342e-05 1.811e+55 2.023e+46
3.750e-05 1.523e+55 2.143e+46
4.208e-05 1.282e+55 2.270e+46
4.721e-05 1.079e+55 2.404e+46
5.297e-05 9.075e+54 2.547e+46
5.944e-05 7.635e+54 2.697e+46
6.669e-05 6.424e+54 2.857e+46
7.483e-05 5.405e+54 3.027e+46
8.396e-05 4.548e+54 3.206e+46
9.420e-05 3.827e+54 3.396e+46
1.057e-04 3.220e+54 3.597e+46
1.186e-04 2.709e+54 3.810e+46
1.331e-04 2.279e+54 4.036e+46
1.493e-04 1.918e+54 4.275e+46
1.675e-04 1.614e+54 4.528e+46
1.880e-04 1.358e+54 4.797e+46
2.109e-04 1.142e+54 5.081e+46
2.366e-04 9.612e+53 5.382e+46
2.655e-04 8.088e+53 5.701e+46
2.979e-04 6.805e+53 6.039e+46
3.342e-04 5.726e+53 6.397e+46
3.750e-04 4.818e+53 6.776e+46
4.208e-04 4.053e+53 7.177e+46
4.721e-04 3.411e+53 7.602e+46
5.297e-04 2.870e+53 8.053e+46
5.944e-04 2.415e+53 8.530e+46
6.669e-04 2.032e+53 9.035e+46
7.483e-04 1.709e+53 9.571e+46
8.396e-04 1.438e+53 1.014e+47
9.420e-04 1.210e+53 1.074e+47
1.057e-03 1.018e+53 1.137e+47
1.186e-03 8.567e+52 1.205e+47
1.331e-03 7.208e+52 1.276e+47
1.493e-03 6.065e+52 1.352e+47
1.675e-03 5.103e+52 1.432e+47
1.880e-03 4.294e+52 1.517e+47
2.109e-03 3.613e+52 1.607e+47
2.366e-03 3.040e+52 1.702e+47
2.655e-03 2.558e+52 1.803e+47
2.979e-03 2.152e+52 1.910e+47
3.342e-03 1.811e+52 2.023e+47
3.750e-03 1.523e+52 2.143e+47
4.208e-03 1.282e+52 2.270e+47
4.721e-03 1.079e+52 2.404e+47
5.297e-03 9.075e+51 2.547e+47
5.944e-03 7.635e+51 2.697e+47
6.669e-03 6.424e+51 2.857e+47
7.483e-03 5.405e+51 3.027e+47
8.396e-03 4.548e+51 3.206e+47
9.420e-03 3.827e+51 3.396e+47
1.057e-02 3.220e+51 3.597e+47
1.186e-02 2.709e+51 3.810e+47
1.331e-02 2.279e+51 4.036e+47
1.493e-02 1.918e+51 4.275e+47
1.675e-02 1.614e+51 4.528e+47
1.880e-02 1.358e+51 4.797e+47
2.109e-02 1.142e+51 5.081e+47
2.366e-02 9.612e+50 5.382e+47
2.655e-02 8.088e+50 5.701e+47
2.979e-02 6.805e+50 6.039e+47
3.342e-02 5.726e+50 6.397e+47
3.750e-02 4.818e+50 6.776e+47
4.208e-02 4.053e+50 7.177e+47
4.721e-02 3.411e+50 7.602e+47
5.297e-02 2.870e+50 8.053e+47
5.944e-02 2.415e+50 8.530e+47
6.669e-02 2.032e+50 9.035e+47
7.483e-02 1.709e+50 9.571e+47
8.396e-02 1.438e+50 1.014e+48
9.420e-02 1.210e+50 1.074e+48
1.057e-01 1.018e+50 1.137e+48
1.186e-01 8.567e+49 1.205e+48
1.331e-01 7.339e+49 1.300e+48
1.493e-01 6.189e+49 1.380e+48
1.675e-01 5.221e+49 1.465e+48
1.880e-01 4.406e+49 1.556e+48
2.109e-01 3.720e+49 1.654e+48
2.366e-01 3.141e+49 1.759e+48
2.655e-01 2.654e+49 1.871e+48
2.979e-01 2.243e+49 1.991e+48
3.342e-01 1.798e+49 2.009e+48
3.750e-01 1.348e+49 1.897e+48
4.208e-01 1.004e+49 1.778e+48
4.721e-01 7.472e+48 1.665e+48
5.297e-01 5.552e+48 1.558e+48
5.944e-01 4.120e+48 1.456e+48
6.669e-01 3.053e+48 1.358e+48
7.483e-01 2.258e+48 1.264e+48
8.396e-01 1.666e+48 1.174e+48
9.420e-01 1.226e+48 1.088e+48
1.057e+00 8.986e+47 1.004e+48
1.186e+00 6.560e+47 9.227e+47
1.331e+00 4.761e+47 8.429e+47
1.493e+00 3.427e+47 7.638e+47
1.675e+00 2.437e+47 6.838e+47
1.880e+00 1.692e+47 5.977e+47
2.109e+00 1.164e+47 5.176e+47
2.366e+00 7.778e+46 4.355e+47
2.655e+00 5.198e+46 3.664e+47
2.979e+00 3.474e+46 3.083e+47
3.342e+00 2.322e+46 2.594e+47
3.750e+00 1.552e+46 2.183e+47
4.208e+00 1.037e+46 1.837e+47
4.721e+00 6.933e+45 1.545e+47
5.297e+00 4.633e+45 1.300e+47
5.944e+00 3.097e+45 1.094e+47
6.669e+00 2.070e+45 9.205e+46
7.483e+00 1.383e+45 7.745e+46
8.396e+00 9.245e+44 6.517e+46
9.420e+00 6.179e+44 5.483e+46
1.057e+01 4.130e+44 4.614e+46
1.186e+01 2.760e+44 3.882e+46
1.331e+01 1.845e+44 3.266e+46
1.493e+01 1.233e+44 2.748e+46
1.675e+01 8.240e+43 2.312e+46
1.880e+01 5.507e+43 1.945e+46
2.109e+01 3.680e+43 1.637e+46
2.366e+01 2.460e+43 1.377e+46
2.655e+01 1.644e+43 1.159e+46
2.979e+01 1.099e+43 9.749e+45
3.342e+01 7.342e+42 8.202e+45
3.750e+01 4.906e+42 6.900e+45
4.208e+01 3.279e+42 5.805e+45
4.721e+01 2.191e+42 4.884e+45
5.297e+01 1.464e+42 4.108e+45
5.944e+01 9.782e+41 3.456e+45
6.669e+01 6.536e+41 2.907e+45
7.483e+01 4.367e+41 2.445e+45
8.396e+01 2.917e+41 2.056e+45
9.420e+01 1.949e+41 1.729e+45
1.057e+02 1.302e+41 1.454e+45
1.186e+02 8.692e+40 1.223e+45
1.331e+02 5.804e+40 1.028e+45
1.493e+02 3.875e+40 8.637e+44
1.675e+02 2.586e+40 7.258e+44
1.880e+02 1.726e+40 6.097e+44
2.109e+02 1.151e+40 5.120e+44
2.366e+02 7.676e+39 4.298e+44
2.655e+02 5.117e+39 3.607e+44
2.979e+02 3.408e+39 3.025e+44
3.342e+02 2.269e+39 2.535e+44
3.750e+02 1.510e+39 2.123e+44
4.208e+02 1.003e+39 1.776e+44
4.721e+02 6.661e+38 1.485e+44
5.297e+02 4.416e+38 1.239e+44
5.944e+02 2.923e+38 1.033e+44
6.669e+02 1.932e+38 8.590e+43
7.483e+02 1.273e+38 7.129e+43
8.396e+02 8.368e+37 5.898e+43
9.420e+02 5.481e+37 4.863e+43
1.057e+03 3.574e+37 3.993e+43
1.186e+03 2.318e+37 3.260e+43
1.331e+03 1.493e+37 2.643e+43
1.493e+03 9.531e+36 2.124e+43
1.675e+03 6.015e+36 1.688e+43
1.880e+03 3.738e+36 1.321e+43
2.109e+03 2.275e+36 1.012e+43
2.366e+03 1.342e+36 7.517e+42
2.655e+03 7.560e+35 5.329e+42
2.979e+03 3.931e+35 3.488e+42
3.342e+03 1.736e+35 1.939e+42
3.750e+03 4.524e+34 6.363e+41
