5.944e-07 2.327e+58 8.221e+45
6.669e-07 1.936e+58 8.609e+45
7.483e-07 1.610e+58 9.015e+45
8.396e-07 1.339e+58 9.440e+45
9.420e-07 1.114e+58 9.884e+45
1.057e-06 9.265e+57 1.035e+46
1.186e-06 7.706e+57 1.084e+46
1.331e-06 6.410e+57 1.135e+46
1.493e-06 5.331e+57 1.188e+46
1.675e-06 4.434e+57 1.244e+46
1.880e-06 3.688e+57 1.303e+46
2.109e-06 3.068e+57 1.364e+46
2.366e-06 2.552e+57 1.429e+46
2.655e-06 2.122e+57 1.496e+46
2.979e-06 1.765e+57 1.567e+46
3.342e-06 1.468e+57 1.640e+46
3.750e-06 1.221e+57 1.718e+46
4.208e-06 1.016e+57 1.799e+46
4.721e-06 8.450e+56 1.883e+46
5.297e-06 7.028e+56 1.972e+46
5.944e-06 5.846e+56 2.065e+46
6.669e-06 4.862e+56 2.162e+46
7.483e-06 4.044e+56 2.264e+46
8.396e-06 3.364e+56 2.371e+46
9.420e-06 2.798e+56 2.483e+46
1.057e-05 2.327e+56 2.600e+46
1.186e-05 1.936e+56 2.722e+46
1.331e-05 1.610e+56 2.851e+46
1.493e-05 1.339e+56 2.985e+46
1.675e-05 1.114e+56 3.126e+46
1.880e-05 9.265e+55 3.273e+46
2.109e-05 7.706e+55 3.427e+46
2.366e-05 6.410e+55 3.589e+46
2.655e-05 5.331e+55 3.758e+46
2.979e-05 4.434e+55 3.935e+46
3.342e-05 3.688e+55 4.120e+46
3.750e-05 3.068e+55 4.315e+46
4.208e-05 2.552e+55 4.518e+46
4.721e-05 2.122e+55 4.731e+46
5.297e-05 1.765e+55 4.954e+46
5.944e-05 1.468e+55 5.187e+46
6.669e-05 1.221e+55 5.432e+46
7.483e-05 1.016e+55 5.688e+46
8.396e-05 8.450e+54 5.956e+46
9.420e-05 7.028e+54 6.237e+46
1.057e-04 5.846e+54 6.531e+46
1.186e-04 4.862e+54 6.838e+46
1.331e-04 4.044e+54 7.161e+46
1.493e-04 3.364e+54 7.498e+46
1.675e-04 2.798e+54 7.851e+46
1.880e-04 2.327e+54 8.221e+46
2.109e-04 1.936e+54 8.609e+46
2.366e-04 1.610e+54 9.015e+46
2.655e-04 1.339e+54 9.440e+46
2.979e-04 1.114e+54 9.884e+46
3.342e-04 9.265e+53 1.035e+47
3.750e-04 7.706e+53 1.084e+47
4.208e-04 6.410e+53 1.135e+47
4.721e-04 5.331e+53 1.188e+47
5.297e-04 4.434e+53 1.244e+47
5.944e-04 3.688e+53 1.303e+47
6.669e-04 3.068e+53 1.364e+47
7.483e-04 2.552e+53 1.429e+47
8.396e-04 2.122e+53 1.496e+47
9.420e-04 1.765e+53 1.567e+47
1.057e-03 1.468e+53 1.640e+47
1.186e-03 1.221e+53 1.718e+47
1.331e-03 1.016e+53 1.799e+47
1.493e-03 8.450e+52 1.883e+47
1.675e-03 7.028e+52 1.972e+47
1.880e-03 5.846e+52 2.065e+47
2.109e-03 4.862e+52 2.162e+47
2.366e-03 4.044e+52 2.264e+47
2.655e-03 3.364e+52 2.371e+47
2.979e-03 2.798e+52 2.483e+47
3.342e-03 2.327e+52 2.600e+47
3.750e-03 1.936e+52 2.722e+47
4.208e-03 1.610e+52 2.851e+47
4.721e-03 1.339e+52 2.985e+47
5.297e-03 1.114e+52 3.126e+47
5.944e-03 9.265e+51 3.273e+47
6.669e-03 7.706e+51 3.427e+47
7.483e-03 6.410e+51 3.589e+47
8.396e-03 5.331e+51 3.758e+47
9.420e-03 4.434e+51 3.935e+47
1.057e-02 3.688e+51 4.120e+47
1.186e-02 3.068e+51 4.315e+47
1.331e-02 2.552e+51 4.518e+47
1.493e-02 2.122e+51 4.731e+47
1.675e-02 1.765e+51 4.954e+47
1.880e-02 1.468e+51 5.187e+47
2.109e-02 1.221e+51 5.432e+47
2.366e-02 1.016e+51 5.688e+47
2.655e-02 8.450e+50 5.956e+47
2.979e-02 7.028e+50 6.237e+47
3.342e-02 5.846e+50 6.531e+47
3.750e-02 4.862e+50 6.838e+47
4.208e-02 4.044e+50 7.161e+47
4.721e-02 3.364e+50 7.498e+47
5.297e-02 2.798e+50 7.851e+47
5.944e-02 2.327e+50 8.221e+47
6.669e-02 1.936e+50 8.609e+47
7.483e-02 1.610e+50 9.015e+47
8.396e-02 1.339e+50 9.440e+47
9.420e-02 1.114e+50 9.884e+47
1.057e-01 9.265e+49 1.035e+48
1.186e-01 7.706e+49 1.084e+48
1.331e-01 6.503e+49 1.151e+48
1.493e-01 5.419e+49 1.208e+48
1.675e-01 4.516e+49 1.267e+48
1.880e-01 3.765e+49 1.330e+48
2.109e-01 3.140e+49 1.397e+48
2.366e-01 2.619e+49 1.467e+48
2.655e-01 2.186e+49 1.541e+48
2.979e-01 1.825e+49 1.620e+48
3.342e-01 1.460e+49 1.631e+48
3.750e-01 1.108e+49 1.558e+48
4.208e-01 8.354e+48 1.479e+48
4.721e-01 6.297e+48 1.404e+48
5.297e-01 4.742e+48 1.331e+48
5.944e-01 3.567e+48 1.260e+48
6.669e-01 2.680e+48 1.192e+48
7.483e-01 2.010e+48 1.125e+48
8.396e-01 1.505e+48 1.061e+48
9.420e-01 1.124e+48 9.975e+47
1.057e+00 8.371e+47 9.351e+47
1.186e+00 6.211e+47 8.735e+47
1.331e+00 4.586e+47 8.120e+47
1.493e+00 3.363e+47 7.495e+47
1.675e+00 2.439e+47 6.844e+47
1.880e+00 1.729e+47 6.106e+47
2.109e+00 1.201e+47 5.344e+47
2.366e+00 8.124e+46 4.549e+47
2.655e+00 5.493e+46 3.872e+47
2.979e+00 3.714e+46 3.296e+47
3.342e+00 2.511e+46 2.805e+47
3.750e+00 1.698e+46 2.388e+47
4.208e+00 1.148e+46 2.033e+47
4.721e+00 7.763e+45 1.730e+47
5.297e+00 5.249e+45 1.473e+47
5.944e+00 3.549e+45 1.254e+47
6.669e+00 2.399e+45 1.067e+47
7.483e+00 1.622e+45 9.083e+46
8.396e+00 1.097e+45 7.732e+46
9.420e+00 7.416e+44 6.581e+46
1.057e+01 5.014e+44 5.602e+46
1.186e+01 3.390e+44 4.768e+46
1.331e+01 2.292e+44 4.058e+46
1.493e+01 1.550e+44 3.454e+46
1.675e+01 1.048e+44 2.940e+46
1.880e+01 7.083e+43 2.502e+46
2.109e+01 4.788e+43 2.130e+46
2.366e+01 3.237e+43 1.812e+46
2.655e+01 2.188e+43 1.543e+46
2.979e+01 1.479e+43 1.313e+46
3.342e+01 1.000e+43 1.117e+46
3.750e+01 6.760e+42 9.508e+45
4.208e+01 4.570e+42 8.091e+45
4.721e+01 3.089e+42 6.885e+45
5.297e+01 2.088e+42 5.858e+45
5.944e+01 1.411e+42 4.984e+45
6.669e+01 9.535e+41 4.240e+45
7.483e+01 6.443e+41 3.607e+45
8.396e+01 4.353e+41 3.068e+45
9.420e+01 2.941e+41 2.610e+45
1.057e+02 1.987e+41 2.219e+45
1.186e+02 1.342e+41 1.887e+45
1.331e+02 9.060e+40 1.604e+45
1.493e+02 6.116e+40 1.363e+45
1.675e+02 4.128e+40 1.158e+45
1.880e+02 2.785e+40 9.839e+44
2.109e+02 1.878e+40 8.354e+44
2.366e+02 1.266e+40 7.090e+44
2.655e+02 8.533e+39 6.014e+44
2.979e+02 5.746e+39 5.099e+44
3.342e+02 3.866e+39 4.319e+44
3.750e+02 2.599e+39 3.656e+44
4.208e+02 1.746e+39 3.091e+44
4.721e+02 1.171e+39 2.610e+44
5.297e+02 7.845e+38 2.201e+44
5.944e+02 5.246e+38 1.853e+44
6.669e+02 3.500e+38 1.557e+44
7.483e+02 2.330e+38 1.304e+44
8.396e+02 1.546e+38 1.090e+44
9.420e+02 1.022e+38 9.070e+43
1.057e+03 6.726e+37 7.514e+43
1.186e+03 4.401e+37 6.190e+43
1.331e+03 2.860e+37 5.063e+43
1.493e+03 1.841e+37 4.104e+43
1.675e+03 1.172e+37 3.288e+43
1.880e+03 7.339e+36 2.593e+43
2.109e+03 4.500e+36 2.001e+43
2.366e+03 2.675e+36 1.498e+43
2.655e+03 1.517e+36 1.069e+43
2.979e+03 7.942e+35 7.048e+42
3.342e+03 3.530e+35 3.944e+42
3.750e+03 9.257e+34 1.302e+42
