1.000e-20 0.000e+00 0.000e+00 0.000e+00 0.000e+00 0.000e+00
1.122e-20 0.000e+00 0.000e+00 0.000e+00 0.000e+00 0.000e+00
1.259e-20 0.000e+00 0.000e+00 0.000e+00 0.000e+00 0.000e+00
1.413e-20 0.000e+00 0.000e+00 0.000e+00 0.000e+00 0.000e+00
1.585e-20 0.000e+00 0.000e+00 0.000e+00 0.000e+00 0.000e+00
1.778e-20 0.000e+00 0.000e+00 0.000e+00 0.000e+00 0.000e+00
1.995e-20 0.000e+00 0.000e+00 0.000e+00 0.000e+00 0.000e+00
2.239e-20 0.000e+00 0.000e+00 0.000e+00 0.000e+00 0.000e+00
2.512e-20 0.000e+00 0.000e+00 0.000e+00 0.000e+00 0.000e+00
2.818e-20 0.000e+00 0.000e+00 0.000e+00 0.000e+00 0.000e+00
3.162e-20 0.000e+00 0.000e+00 0.000e+00 0.000e+00 0.000e+00
3.548e-20 0.000e+00 0.000e+00 0.000e+00 0.000e+00 0.000e+00
3.981e-20 0.000e+00 0.000e+00 0.000e+00 0.000e+00 0.000e+00
4.467e-20 0.000e+00 0.000e+00 0.000e+00 0.000e+00 0.000e+00
5.012e-20 0.000e+00 0.000e+00 0.000e+00 0.000e+00 0.000e+00
5.623e-20 0.000e+00 0.000e+00 0.000e+00 0.000e+00 0.000e+00
6.310e-20 0.000e+00 0.000e+00 0.000e+00 0.000e+00 0.000e+00
7.079e-20 0.000e+00 0.000e+00 0.000e+00 0.000e+00 0.000e+00
7.943e-20 0.000e+00 0.000e+00 0.000e+00 0.000e+00 0.000e+00
8.913e-20 0.000e+00 0.000e+00 0.000e+00 0.000e+00 0.000e+00
1.000e-19 0.000e+00 0.000e+00 0.000e+00 0.000e+00 0.000e+00
1.122e-19 0.000e+00 0.000e+00 0.000e+00 0.000e+00 0.000e+00
1.259e-19 0.000e+00 0.000e+00 0.000e+00 0.000e+00 0.000e+00
1.413e-19 0.000e+00 0.000e+00 0.000e+00 0.000e+00 0.000e+00
1.585e-19 0.000e+00 0.000e+00 0.000e+00 0.000e+00 0.000e+00
1.778e-19 0.000e+00 0.000e+00 0.000e+00 0.000e+00 0.000e+00
1.995e-19 0.000e+00 0.000e+00 0.000e+00 0.000e+00 0.000e+00
2.239e-19 0.000e+00 0.000e+00 0.000e+00 0.000e+00 0.000e+00
2.512e-19 0.000e+00 0.000e+00 0.000e+00 0.000e+00 0.000e+00
2.818e-19 0.000e+00 0.000e+00 0.000e+00 0.000e+00 0.000e+00
3.162e-19 0.000e+00 0.000e+00 0.000e+00 0.000e+00 0.000e+00
3.548e-19 0.000e+00 0.000e+00 0.000e+00 0.000e+00 0.000e+00
3.981e-19 0.000e+00 0.000e+00 0.000e+00 0.000e+00 0.000e+00
4.467e-19 0.000e+00 0.000e+00 0.000e+00 0.000e+00 0.000e+00
5.012e-19 0.000e+00 0.000e+00 0.000e+00 0.000e+00 0.000e+00
5.623e-19 0.000e+00 0.000e+00 0.000e+00 0.000e+00 0.000e+00
6.310e-19 0.000e+00 0.000e+00 0.000e+00 0.000e+00 0.000e+00
7.079e-19 0.000e+00 0.000e+00 0.000e+00 0.000e+00 0.000e+00
7.943e-19 0.000e+00 0.000e+00 0.000e+00 0.000e+00 0.000e+00
8.913e-19 0.000e+00 0.000e+00 0.000e+00 0.000e+00 0.000e+00
1.000e-18 0.000e+00 0.000e+00 0.000e+00 0.000e+00 0.000e+00
1.122e-18 0.000e+00 0.000e+00 0.000e+00 0.000e+00 0.000e+00
1.259e-18 0.000e+00 0.000e+00 0.000e+00 0.000e+00 0.000e+00
1.413e-18 0.000e+00 0.000e+00 0.000e+00 0.000e+00 0.000e+00
1.585e-18 0.000e+00 0.000e+00 0.000e+00 0.000e+00 0.000e+00
1.778e-18 0.000e+00 0.000e+00 0.000e+00 0.000e+00 0.000e+00
1.995e-18 0.000e+00 0.000e+00 0.000e+00 0.000e+00 0.000e+00
2.239e-18 0.000e+00 0.000e+00 0.000e+00 0.000e+00 0.000e+00
2.512e-18 0.000e+00 0.000e+00 0.000e+00 0.000e+00 0.000e+00
2.818e-18 0.000e+00 0.000e+00 0.000e+00 0.000e+00 0.000e+00
3.162e-18 0.000e+00 0.000e+00 0.000e+00 0.000e+00 0.000e+00
3.548e-18 0.000e+00 0.000e+00 0.000e+00 0.000e+00 0.000e+00
3.981e-18 0.000e+00 0.000e+00 0.000e+00 0.000e+00 0.000e+00
4.467e-18 0.000e+00 0.000e+00 0.000e+00 0.000e+00 0.000e+00
5.012e-18 0.000e+00 0.000e+00 0.000e+00 0.000e+00 0.000e+00
5.623e-18 0.000e+00 0.000e+00 0.000e+00 0.000e+00 0.000e+00
6.310e-18 0.000e+00 0.000e+00 0.000e+00 0.000e+00 0.000e+00
7.079e-18 0.000e+00 0.000e+00 0.000e+00 0.000e+00 0.000e+00
7.943e-18 0.000e+00 0.000e+00 0.000e+00 0.000e+00 0.000e+00
8.913e-18 0.000e+00 0.000e+00 0.000e+00 0.000e+00 0.000e+00
1.000e-17 0.000e+00 0.000e+00 0.000e+00 0.000e+00 0.000e+00
1.122e-17 0.000e+00 0.000e+00 0.000e+00 0.000e+00 0.000e+00
1.259e-17 0.000e+00 0.000e+00 0.000e+00 0.000e+00 0.000e+00
1.413e-17 0.000e+00 0.000e+00 0.000e+00 0.000e+00 0.000e+00
1.585e-17 0.000e+00 0.000e+00 0.000e+00 0.000e+00 0.000e+00
1.778e-17 0.000e+00 0.000e+00 0.000e+00 0.000e+00 0.000e+00
1.995e-17 0.000e+00 0.000e+00 0.000e+00 0.000e+00 0.000e+00
2.239e-17 0.000e+00 0.000e+00 0.000e+00 0.000e+00 0.000e+00
2.512e-17 0.000e+00 0.000e+00 0.000e+00 0.000e+00 0.000e+00
2.818e-17 0.000e+00 0.000e+00 0.000e+00 0.000e+00 0.000e+00
3.162e-17 0.000e+00 0.000e+00 0.000e+00 0.000e+00 0.000e+00
3.548e-17 0.000e+00 0.000e+00 0.000e+00 0.000e+00 0.000e+00
3.981e-17 0.000e+00 0.000e+00 0.000e+00 0.000e+00 0.000e+00
4.467e-17 0.000e+00 0.000e+00 0.000e+00 0.000e+00 0.000e+00
5.012e-17 0.000e+00 0.000e+00 0.000e+00 0.000e+00 0.000e+00
5.623e-17 0.000e+00 0.000e+00 0.000e+00 0.000e+00 0.000e+00
6.310e-17 0.000e+00 0.000e+00 0.000e+00 0.000e+00 0.000e+00
7.079e-17 0.000e+00 0.000e+00 0.000e+00 0.000e+00 0.000e+00
7.943e-17 0.000e+00 0.000e+00 0.000e+00 0.000e+00 0.000e+00
8.913e-17 0.000e+00 0.000e+00 0.000e+00 0.000e+00 0.000e+00
1.000e-16 0.000e+00 0.000e+00 0.000e+00 0.000e+00 0.000e+00
1.122e-16 0.000e+00 0.000e+00 0.000e+00 0.000e+00 0.000e+00
1.259e-16 0.000e+00 0.000e+00 0.000e+00 0.000e+00 0.000e+00
1.413e-16 0.000e+00 0.000e+00 0.000e+00 0.000e+00 0.000e+00
1.585e-16 0.000e+00 0.000e+00 0.000e+00 0.000e+00 0.000e+00
1.778e-16 0.000e+00 0.000e+00 0.000e+00 0.000e+00 0.000e+00
1.995e-16 0.000e+00 0.000e+00 0.000e+00 0.000e+00 0.000e+00
2.239e-16 0.000e+00 0.000e+00 0.000e+00 0.000e+00 0.000e+00
2.512e-16 0.000e+00 0.000e+00 0.000e+00 0.000e+00 0.000e+00
2.818e-16 0.000e+00 0.000e+00 0.000e+00 0.000e+00 0.000e+00
3.162e-16 0.000e+00 0.000e+00 0.000e+00 0.000e+00 0.000e+00
3.548e-16 0.000e+00 0.000e+00 0.000e+00 0.000e+00 0.000e+00
3.981e-16 0.000e+00 0.000e+00 0.000e+00 0.000e+00 0.000e+00
4.467e-16 0.000e+00 0.000e+00 0.000e+00 0.000e+00 0.000e+00
5.012e-16 0.000e+00 0.000e+00 0.000e+00 0.000e+00 0.000e+00
5.623e-16 0.000e+00 0.000e+00 0.000e+00 0.000e+00 0.000e+00
6.310e-16 0.000e+00 0.000e+00 0.000e+00 0.000e+00 0.000e+00
7.079e-16 0.000e+00 0.000e+00 0.000e+00 0.000e+00 0.000e+00
7.943e-16 0.000e+00 0.000e+00 0.000e+00 0.000e+00 0.000e+00
8.913e-16 0.000e+00 0.000e+00 0.000e+00 0.000e+00 0.000e+00
1.000e-15 0.000e+00 0.000e+00 0.000e+00 0.000e+00 0.000e+00
1.122e-15 0.000e+00 0.000e+00 0.000e+00 0.000e+00 0.000e+00
1.259e-15 0.000e+00 0.000e+00 0.000e+00 0.000e+00 0.000e+00
1.413e-15 0.000e+00 0.000e+00 0.000e+00 0.000e+00 0.000e+00
1.585e-15 0.000e+00 0.000e+00 0.000e+00 0.000e+00 0.000e+00
1.778e-15 0.000e+00 0.000e+00 0.000e+00 0.000e+00 0.000e+00
1.995e-15 0.000e+00 0.000e+00 0.000e+00 0.000e+00 0.000e+00
2.239e-15 0.000e+00 0.000e+00 0.000e+00 0.000e+00 0.000e+00
2.512e-15 0.000e+00 0.000e+00 0.000e+00 0.000e+00 0.000e+00
2.818e-15 0.000e+00 0.000e+00 0.000e+00 0.000e+00 0.000e+00
3.162e-15 0.000e+00 0.000e+00 0.000e+00 0.000e+00 0.000e+00
3.548e-15 0.000e+00 0.000e+00 0.000e+00 0.000e+00 0.000e+00
3.981e-15 0.000e+00 0.000e+00 0.000e+00 0.000e+00 0.000e+00
4.467e-15 0.000e+00 0.000e+00 0.000e+00 0.000e+00 0.000e+00
5.012e-15 0.000e+00 0.000e+00 0.000e+00 0.000e+00 0.000e+00
5.623e-15 0.000e+00 0.000e+00 0.000e+00 0.000e+00 0.000e+00
6.310e-15 0.000e+00 0.000e+00 0.000e+00 0.000e+00 0.000e+00
7.079e-15 0.000e+00 0.000e+00 0.000e+00 0.000e+00 0.000e+00
7.943e-15 0.000e+00 0.000e+00 0.000e+00 0.000e+00 0.000e+00
8.913e-15 0.000e+00 0.000e+00 0.000e+00 0.000e+00 0.000e+00
1.000e-14 0.000e+00 0.000e+00 0.000e+00 0.000e+00 0.000e+00
1.122e-14 0.000e+00 0.000e+00 0.000e+00 0.000e+00 0.000e+00
1.259e-14 0.000e+00 0.000e+00 0.000e+00 0.000e+00 0.000e+00
1.413e-14 0.000e+00 0.000e+00 0.000e+00 0.000e+00 0.000e+00
1.585e-14 0.000e+00 0.000e+00 0.000e+00 0.000e+00 0.000e+00
1.778e-14 0.000e+00 0.000e+00 0.000e+00 0.000e+00 0.000e+00
1.995e-14 0.000e+00 0.000e+00 0.000e+00 0.000e+00 0.000e+00
2.239e-14 0.000e+00 0.000e+00 0.000e+00 0.000e+00 0.000e+00
2.512e-14 0.000e+00 0.000e+00 0.000e+00 0.000e+00 0.000e+00
2.818e-14 0.000e+00 0.000e+00 0.000e+00 0.000e+00 0.000e+00
3.162e-14 0.000e+00 0.000e+00 0.000e+00 0.000e+00 0.000e+00
3.548e-14 0.000e+00 0.000e+00 0.000e+00 0.000e+00 0.000e+00
3.981e-14 0.000e+00 0.000e+00 0.000e+00 0.000e+00 0.000e+00
4.467e-14 0.000e+00 0.000e+00 0.000e+00 0.000e+00 0.000e+00
5.012e-14 0.000e+00 0.000e+00 0.000e+00 0.000e+00 0.000e+00
5.623e-14 0.000e+00 0.000e+00 0.000e+00 0.000e+00 0.000e+00
6.310e-14 0.000e+00 0.000e+00 0.000e+00 0.000e+00 0.000e+00
7.079e-14 0.000e+00 0.000e+00 0.000e+00 0.000e+00 0.000e+00
7.943e-14 0.000e+00 0.000e+00 0.000e+00 0.000e+00 0.000e+00
8.913e-14 0.000e+00 0.000e+00 0.000e+00 0.000e+00 0.000e+00
1.000e-13 0.000e+00 0.000e+00 0.000e+00 0.000e+00 0.000e+00
1.122e-13 0.000e+00 0.000e+00 0.000e+00 0.000e+00 0.000e+00
1.259e-13 0.000e+00 0.000e+00 0.000e+00 0.000e+00 0.000e+00
1.413e-13 0.000e+00 0.000e+00 0.000e+00 0.000e+00 0.000e+00
1.585e-13 0.000e+00 0.000e+00 0.000e+00 0.000e+00 0.000e+00
1.778e-13 0.000e+00 0.000e+00 0.000e+00 0.000e+00 0.000e+00
1.995e-13 0.000e+00 0.000e+00 0.000e+00 0.000e+00 0.000e+00
2.239e-13 0.000e+00 0.000e+00 0.000e+00 0.000e+00 0.000e+00
2.512e-13 0.000e+00 0.000e+00 0.000e+00 0.000e+00 0.000e+00
2.818e-13 0.000e+00 0.000e+00 0.000e+00 0.000e+00 0.000e+00
3.162e-13 0.000e+00 0.000e+00 0.000e+00 0.000e+00 0.000e+00
3.548e-13 0.000e+00 0.000e+00 0.000e+00 0.000e+00 0.000e+00
3.981e-13 0.000e+00 0.000e+00 0.000e+00 0.000e+00 0.000e+00
4.467e-13 0.000e+00 0.000e+00 0.000e+00 0.000e+00 0.000e+00
5.012e-13 0.000e+00 0.000e+00 0.000e+00 0.000e+00 0.000e+00
5.623e-13 0.000e+00 0.000e+00 0.000e+00 0.000e+00 0.000e+00
6.310e-13 0.000e+00 0.000e+00 0.000e+00 0.000e+00 0.000e+00
7.079e-13 0.000e+00 0.000e+00 0.000e+00 0.000e+00 0.000e+00
7.943e-13 0.000e+00 0.000e+00 0.000e+00 0.000e+00 0.000e+00
8.913e-13 0.000e+00 0.000e+00 0.000e+00 0.000e+00 0.000e+00
1.000e-12 0.000e+00 0.000e+00 0.000e+00 0.000e+00 0.000e+00
1.122e-12 1.272e+54 2.566e+30 2.570e-27 3.381e-15 2.124e-14
1.259e-12 1.034e+54 2.625e+30 2.630e-27 3.460e-15 2.174e-14
1.413e-12 8.404e+53 2.686e+30 2.691e-27 3.541e-15 2.225e-14
1.585e-12 6.831e+53 2.749e+30 2.754e-27 3.623e-15 2.276e-14
1.778e-12 5.552e+53 2.813e+30 2.818e-27 3.707e-15 2.329e-14
1.995e-12 4.513e+53 2.879e+30 2.883e-27 3.794e-15 2.384e-14
2.239e-12 3.668e+53 2.946e+30 2.951e-27 3.882e-15 2.439e-14
2.512e-12 2.982e+53 3.014e+30 3.019e-27 3.973e-15 2.496e-14
2.818e-12 2.424e+53 3.084e+30 3.090e-27 4.065e-15 2.554e-14
3.162e-12 1.970e+53 3.156e+30 3.162e-27 4.160e-15 2.614e-14
3.548e-12 1.601e+53 3.230e+30 3.235e-27 4.257e-15 2.675e-14
3.981e-12 1.302e+53 3.305e+30 3.311e-27 4.356e-15 2.737e-14
4.467e-12 1.058e+53 3.382e+30 3.388e-27 4.457e-15 2.801e-14
5.012e-12 8.599e+52 3.461e+30 3.467e-27 4.561e-15 2.866e-14
5.623e-12 6.990e+52 3.541e+30 3.547e-27 4.667e-15 2.933e-14
6.310e-12 5.682e+52 3.624e+30 3.630e-27 4.776e-15 3.001e-14
7.079e-12 4.618e+52 3.708e+30 3.715e-27 4.887e-15 3.071e-14
7.943e-12 3.754e+52 3.795e+30 3.801e-27 5.001e-15 3.142e-14
8.913e-12 3.051e+52 3.883e+30 3.890e-27 5.118e-15 3.215e-14
1.000e-11 2.480e+52 3.974e+30 3.980e-27 5.237e-15 3.290e-14
1.122e-11 2.016e+52 4.066e+30 4.073e-27 5.359e-15 3.367e-14
1.259e-11 1.639e+52 4.161e+30 4.168e-27 5.484e-15 3.445e-14
1.413e-11 1.332e+52 4.258e+30 4.265e-27 5.611e-15 3.526e-14
1.585e-11 1.083e+52 4.357e+30 4.364e-27 5.742e-15 3.608e-14
1.778e-11 8.800e+51 4.458e+30 4.466e-27 5.876e-15 3.692e-14
1.995e-11 7.153e+51 4.562e+30 4.570e-27 6.013e-15 3.778e-14
2.239e-11 5.814e+51 4.669e+30 4.676e-27 6.153e-15 3.866e-14
2.512e-11 4.726e+51 4.777e+30 4.785e-27 6.296e-15 3.956e-14
2.818e-11 3.841e+51 4.889e+30 4.897e-27 6.443e-15 4.048e-14
3.162e-11 3.122e+51 5.002e+30 5.011e-27 6.593e-15 4.142e-14
3.548e-11 2.538e+51 5.119e+30 5.128e-27 6.746e-15 4.239e-14
3.981e-11 2.063e+51 5.238e+30 5.247e-27 6.903e-15 4.338e-14
4.467e-11 1.677e+51 5.360e+30 5.369e-27 7.064e-15 4.439e-14
5.012e-11 1.363e+51 5.485e+30 5.494e-27 7.229e-15 4.542e-14
5.623e-11 1.108e+51 5.613e+30 5.622e-27 7.397e-15 4.648e-14
6.310e-11 9.005e+50 5.744e+30 5.753e-27 7.569e-15 4.756e-14
7.079e-11 7.319e+50 5.877e+30 5.887e-27 7.746e-15 4.867e-14
7.943e-11 5.949e+50 6.014e+30 6.024e-27 7.926e-15 4.980e-14
8.913e-11 4.836e+50 6.154e+30 6.165e-27 8.111e-15 5.096e-14
1.000e-10 3.931e+50 6.298e+30 6.308e-27 8.300e-15 5.215e-14
1.122e-10 3.195e+50 6.444e+30 6.455e-27 8.493e-15 5.336e-14
1.259e-10 2.597e+50 6.594e+30 6.606e-27 8.691e-15 5.461e-14
1.413e-10 2.111e+50 6.748e+30 6.759e-27 8.893e-15 5.588e-14
1.585e-10 1.716e+50 6.905e+30 6.917e-27 9.100e-15 5.718e-14
1.778e-10 1.395e+50 7.066e+30 7.078e-27 9.312e-15 5.851e-14
1.995e-10 1.134e+50 7.231e+30 7.243e-27 9.529e-15 5.987e-14
2.239e-10 9.214e+49 7.399e+30 7.412e-27 9.751e-15 6.127e-14
2.512e-10 7.490e+49 7.571e+30 7.584e-27 9.978e-15 6.270e-14
2.818e-10 6.088e+49 7.748e+30 7.761e-27 1.021e-14 6.416e-14
3.162e-10 4.948e+49 7.928e+30 7.942e-27 1.045e-14 6.565e-14
3.548e-10 4.022e+49 8.113e+30 8.127e-27 1.069e-14 6.718e-14
3.981e-10 3.269e+49 8.302e+30 8.316e-27 1.094e-14 6.875e-14
4.467e-10 2.657e+49 8.495e+30 8.510e-27 1.120e-14 7.035e-14
5.012e-10 2.160e+49 8.693e+30 8.708e-27 1.146e-14 7.199e-14
5.623e-10 1.756e+49 8.896e+30 8.911e-27 1.172e-14 7.366e-14
6.310e-10 1.427e+49 9.103e+30 9.118e-27 1.200e-14 7.538e-14
7.079e-10 1.160e+49 9.315e+30 9.331e-27 1.228e-14 7.713e-14
7.943e-10 9.429e+48 9.532e+30 9.548e-27 1.256e-14 7.893e-14
8.913e-10 7.664e+48 9.754e+30 9.770e-27 1.285e-14 8.077e-14
1.000e-09 6.230e+48 9.981e+30 9.998e-27 1.315e-14 8.265e-14
1.122e-09 5.064e+48 1.021e+31 1.023e-26 1.346e-14 8.457e-14
1.259e-09 4.116e+48 1.045e+31 1.047e-26 1.377e-14 8.654e-14
1.413e-09 3.346e+48 1.069e+31 1.071e-26 1.409e-14 8.856e-14
1.585e-09 2.719e+48 1.094e+31 1.096e-26 1.442e-14 9.062e-14
1.778e-09 2.210e+48 1.120e+31 1.122e-26 1.476e-14 9.273e-14
1.995e-09 1.797e+48 1.146e+31 1.148e-26 1.510e-14 9.489e-14
2.239e-09 1.460e+48 1.173e+31 1.175e-26 1.545e-14 9.710e-14
2.512e-09 1.187e+48 1.200e+31 1.202e-26 1.581e-14 9.937e-14
2.818e-09 9.648e+47 1.228e+31 1.230e-26 1.618e-14 1.017e-13
3.162e-09 7.843e+47 1.257e+31 1.259e-26 1.656e-14 1.040e-13
3.548e-09 6.375e+47 1.286e+31 1.288e-26 1.695e-14 1.065e-13
3.981e-09 5.182e+47 1.316e+31 1.318e-26 1.734e-14 1.090e-13
4.467e-09 4.212e+47 1.346e+31 1.349e-26 1.774e-14 1.115e-13
5.012e-09 3.423e+47 1.378e+31 1.380e-26 1.816e-14 1.141e-13
5.623e-09 2.783e+47 1.410e+31 1.412e-26 1.858e-14 1.167e-13
6.310e-09 2.262e+47 1.443e+31 1.445e-26 1.901e-14 1.195e-13
7.079e-09 1.838e+47 1.476e+31 1.479e-26 1.946e-14 1.222e-13
7.943e-09 1.494e+47 1.511e+31 1.513e-26 1.991e-14 1.251e-13
8.913e-09 1.215e+47 1.546e+31 1.548e-26 2.037e-14 1.280e-13
1.000e-08 9.873e+46 1.582e+31 1.585e-26 2.085e-14 1.310e-13
1.122e-08 8.025e+46 1.619e+31 1.621e-26 2.133e-14 1.340e-13
1.259e-08 6.523e+46 1.656e+31 1.659e-26 2.183e-14 1.372e-13
1.413e-08 5.302e+46 1.695e+31 1.698e-26 2.234e-14 1.404e-13
1.585e-08 4.310e+46 1.734e+31 1.737e-26 2.286e-14 1.436e-13
1.778e-08 3.503e+46 1.775e+31 1.778e-26 2.339e-14 1.470e-13
1.995e-08 2.847e+46 1.816e+31 1.819e-26 2.394e-14 1.504e-13
2.239e-08 2.314e+46 1.858e+31 1.862e-26 2.449e-14 1.539e-13
2.512e-08 1.881e+46 1.902e+31 1.905e-26 2.506e-14 1.575e-13
2.818e-08 1.529e+46 1.946e+31 1.949e-26 2.565e-14 1.611e-13
3.162e-08 1.243e+46 1.991e+31 1.995e-26 2.624e-14 1.649e-13
3.548e-08 1.010e+46 2.038e+31 2.041e-26 2.686e-14 1.687e-13
3.981e-08 8.212e+45 2.085e+31 2.089e-26 2.748e-14 1.727e-13
4.467e-08 6.675e+45 2.134e+31 2.137e-26 2.812e-14 1.767e-13
5.012e-08 5.425e+45 2.183e+31 2.187e-26 2.878e-14 1.808e-13
5.623e-08 4.410e+45 2.234e+31 2.238e-26 2.945e-14 1.850e-13
6.310e-08 3.584e+45 2.286e+31 2.290e-26 3.013e-14 1.893e-13
7.079e-08 2.914e+45 2.340e+31 2.343e-26 3.083e-14 1.937e-13
7.943e-08 2.368e+45 2.394e+31 2.398e-26 3.155e-14 1.982e-13
8.913e-08 1.925e+45 2.450e+31 2.454e-26 3.229e-14 2.029e-13
1.000e-07 1.565e+45 2.507e+31 2.511e-26 3.304e-14 2.076e-13
1.122e-07 1.272e+45 2.565e+31 2.570e-26 3.381e-14 2.124e-13
1.259e-07 1.034e+45 2.625e+31 2.629e-26 3.459e-14 2.174e-13
1.413e-07 8.402e+44 2.686e+31 2.691e-26 3.540e-14 2.224e-13
1.585e-07 6.830e+44 2.749e+31 2.753e-26 3.622e-14 2.276e-13
1.778e-07 5.551e+44 2.813e+31 2.817e-26 3.707e-14 2.329e-13
1.995e-07 4.512e+44 2.878e+31 2.883e-26 3.793e-14 2.383e-13
2.239e-07 3.668e+44 2.945e+31 2.950e-26 3.881e-14 2.439e-13
2.512e-07 2.981e+44 3.014e+31 3.019e-26 3.972e-14 2.495e-13
2.818e-07 2.423e+44 3.084e+31 3.089e-26 4.064e-14 2.554e-13
3.162e-07 1.970e+44 3.156e+31 3.161e-26 4.159e-14 2.613e-13
3.548e-07 1.601e+44 3.229e+31 3.234e-26 4.256e-14 2.674e-13
3.981e-07 1.301e+44 3.304e+31 3.310e-26 4.355e-14 2.736e-13
4.467e-07 1.058e+44 3.381e+31 3.387e-26 4.456e-14 2.800e-13
5.012e-07 8.597e+43 3.460e+31 3.466e-26 4.560e-14 2.865e-13
5.623e-07 6.988e+43 3.540e+31 3.546e-26 4.666e-14 2.932e-13
6.310e-07 5.680e+43 3.623e+31 3.629e-26 4.774e-14 3.000e-13
7.079e-07 4.616e+43 3.707e+31 3.713e-26 4.885e-14 3.070e-13
7.943e-07 3.752e+43 3.793e+31 3.800e-26 4.999e-14 3.141e-13
8.913e-07 3.050e+43 3.881e+31 3.888e-26 5.115e-14 3.214e-13
1.000e-06 2.479e+43 3.972e+31 3.979e-26 5.234e-14 3.289e-13
1.122e-06 2.015e+43 4.064e+31 4.071e-26 5.356e-14 3.365e-13
1.259e-06 1.638e+43 4.159e+31 4.166e-26 5.481e-14 3.444e-13
1.413e-06 1.331e+43 4.255e+31 4.263e-26 5.608e-14 3.524e-13
1.585e-06 1.082e+43 4.354e+31 4.362e-26 5.739e-14 3.606e-13
1.778e-06 8.794e+42 4.456e+31 4.463e-26 5.872e-14 3.690e-13
1.995e-06 7.148e+42 4.559e+31 4.567e-26 6.009e-14 3.775e-13
2.239e-06 5.810e+42 4.665e+31 4.673e-26 6.149e-14 3.863e-13
2.512e-06 4.722e+42 4.774e+31 4.782e-26 6.292e-14 3.953e-13
2.818e-06 3.838e+42 4.885e+31 4.893e-26 6.438e-14 4.045e-13
3.162e-06 3.120e+42 4.998e+31 5.007e-26 6.587e-14 4.139e-13
3.548e-06 2.536e+42 5.115e+31 5.123e-26 6.741e-14 4.235e-13
3.981e-06 2.061e+42 5.233e+31 5.242e-26 6.897e-14 4.334e-13
4.467e-06 1.675e+42 5.355e+31 5.364e-26 7.058e-14 4.434e-13
5.012e-06 1.362e+42 5.480e+31 5.489e-26 7.222e-14 4.537e-13
5.623e-06 1.107e+42 5.607e+31 5.616e-26 7.389e-14 4.643e-13
6.310e-06 8.995e+41 5.737e+31 5.747e-26 7.561e-14 4.751e-13
7.079e-06 7.311e+41 5.870e+31 5.880e-26 7.737e-14 4.861e-13
7.943e-06 5.942e+41 6.007e+31 6.017e-26 7.916e-14 4.974e-13
8.913e-06 4.829e+41 6.146e+31 6.156e-26 8.100e-14 5.089e-13
1.000e-05 3.925e+41 6.289e+31 6.299e-26 8.288e-14 5.207e-13
1.122e-05 3.190e+41 6.435e+31 6.446e-26 8.480e-14 5.328e-13
1.259e-05 2.593e+41 6.584e+31 6.595e-26 8.677e-14 5.452e-13
1.413e-05 2.107e+41 6.737e+31 6.748e-26 8.878e-14 5.578e-13
1.585e-05 1.713e+41 6.893e+31 6.905e-26 9.084e-14 5.708e-13
1.778e-05 1.392e+41 7.053e+31 7.065e-26 9.295e-14 5.840e-13
1.995e-05 1.131e+41 7.216e+31 7.228e-26 9.510e-14 5.975e-13
2.239e-05 9.195e+40 7.383e+31 7.396e-26 9.731e-14 6.114e-13
2.512e-05 7.473e+40 7.554e+31 7.567e-26 9.956e-14 6.256e-13
2.818e-05 6.073e+40 7.729e+31 7.742e-26 1.019e-13 6.400e-13
3.162e-05 4.936e+40 7.908e+31 7.922e-26 1.042e-13 6.549e-13
3.548e-05 4.011e+40 8.091e+31 8.105e-26 1.066e-13 6.700e-13
3.981e-05 3.260e+40 8.278e+31 8.292e-26 1.091e-13 6.855e-13
4.467e-05 2.649e+40 8.470e+31 8.484e-26 1.116e-13 7.014e-13
5.012e-05 2.153e+40 8.666e+31 8.680e-26 1.142e-13 7.176e-13
5.623e-05 1.750e+40 8.866e+31 8.881e-26 1.168e-13 7.341e-13
6.310e-05 1.422e+40 9.070e+31 9.086e-26 1.195e-13 7.511e-13
7.079e-05 1.156e+40 9.280e+31 9.295e-26 1.223e-13 7.684e-13
7.943e-05 9.391e+39 9.494e+31 9.510e-26 1.251e-13 7.861e-13
8.913e-05 7.632e+39 9.713e+31 9.729e-26 1.280e-13 8.043e-13
1.000e-04 6.202e+39 9.936e+31 9.953e-26 1.310e-13 8.228e-13
1.122e-04 5.040e+39 1.017e+32 1.018e-25 1.340e-13 8.417e-13
1.259e-04 4.095e+39 1.040e+32 1.042e-25 1.370e-13 8.611e-13
1.413e-04 3.328e+39 1.064e+32 1.066e-25 1.402e-13 8.809e-13
1.585e-04 2.704e+39 1.088e+32 1.090e-25 1.434e-13 9.011e-13
1.778e-04 2.197e+39 1.113e+32 1.115e-25 1.467e-13 9.218e-13
1.995e-04 1.785e+39 1.139e+32 1.141e-25 1.501e-13 9.429e-13
2.239e-04 1.451e+39 1.165e+32 1.167e-25 1.535e-13 9.645e-13
2.512e-04 1.179e+39 1.191e+32 1.193e-25 1.570e-13 9.866e-13
2.818e-04 9.576e+38 1.219e+32 1.221e-25 1.606e-13 1.009e-12
3.162e-04 7.780e+38 1.247e+32 1.249e-25 1.643e-13 1.032e-12
3.548e-04 6.321e+38 1.275e+32 1.277e-25 1.680e-13 1.056e-12
3.981e-04 5.135e+38 1.304e+32 1.306e-25 1.719e-13 1.080e-12
4.467e-04 4.172e+38 1.334e+32 1.336e-25 1.758e-13 1.104e-12
5.012e-04 3.389e+38 1.364e+32 1.366e-25 1.798e-13 1.129e-12
5.623e-04 2.753e+38 1.395e+32 1.397e-25 1.838e-13 1.155e-12
6.310e-04 2.236e+38 1.426e+32 1.429e-25 1.880e-13 1.181e-12
7.079e-04 1.817e+38 1.459e+32 1.461e-25 1.922e-13 1.208e-12
7.943e-04 1.476e+38 1.492e+32 1.494e-25 1.966e-13 1.235e-12
8.913e-04 1.198e+38 1.525e+32 1.528e-25 2.010e-13 1.263e-12
1.000e-03 9.734e+37 1.560e+32 1.562e-25 2.055e-13 1.291e-12
1.122e-03 7.905e+37 1.595e+32 1.597e-25 2.101e-13 1.320e-12
1.259e-03 6.420e+37 1.630e+32 1.633e-25 2.148e-13 1.350e-12
1.413e-03 5.213e+37 1.667e+32 1.669e-25 2.196e-13 1.380e-12
1.585e-03 4.233e+37 1.704e+32 1.707e-25 2.245e-13 1.411e-12
1.778e-03 3.437e+37 1.742e+32 1.744e-25 2.295e-13 1.442e-12
1.995e-03 2.791e+37 1.780e+32 1.783e-25 2.346e-13 1.474e-12
2.239e-03 2.266e+37 1.819e+32 1.822e-25 2.398e-13 1.507e-12
2.512e-03 1.839e+37 1.859e+32 1.863e-25 2.451e-13 1.540e-12
2.818e-03 1.493e+37 1.900e+32 1.903e-25 2.504e-13 1.573e-12
3.162e-03 1.212e+37 1.942e+32 1.945e-25 2.559e-13 1.608e-12
3.548e-03 9.836e+36 1.984e+32 1.987e-25 2.615e-13 1.643e-12
3.981e-03 7.982e+36 2.027e+32 2.030e-25 2.671e-13 1.678e-12
4.467e-03 6.477e+36 2.071e+32 2.074e-25 2.729e-13 1.715e-12
5.012e-03 5.255e+36 2.115e+32 2.119e-25 2.787e-13 1.751e-12
5.623e-03 4.264e+36 2.160e+32 2.164e-25 2.847e-13 1.789e-12
6.310e-03 3.459e+36 2.206e+32 2.210e-25 2.907e-13 1.827e-12
7.079e-03 2.805e+36 2.253e+32 2.257e-25 2.969e-13 1.865e-12
7.943e-03 2.275e+36 2.300e+32 2.304e-25 3.031e-13 1.905e-12
8.913e-03 1.845e+36 2.348e+32 2.352e-25 3.094e-13 1.944e-12
1.000e-02 1.496e+36 2.397e+32 2.401e-25 3.158e-13 1.984e-12
1.122e-02 1.213e+36 2.446e+32 2.450e-25 3.223e-13 2.025e-12
1.259e-02 9.828e+35 2.496e+32 2.500e-25 3.289e-13 2.067e-12
1.413e-02 7.964e+35 2.546e+32 2.550e-25 3.355e-13 2.108e-12
1.585e-02 6.453e+35 2.597e+32 2.601e-25 3.423e-13 2.150e-12
1.778e-02 5.227e+35 2.648e+32 2.653e-25 3.490e-13 2.193e-12
1.995e-02 4.233e+35 2.700e+32 2.705e-25 3.559e-13 2.236e-12
2.239e-02 3.428e+35 2.753e+32 2.757e-25 3.628e-13 2.279e-12
2.512e-02 2.775e+35 2.805e+32 2.810e-25 3.697e-13 2.323e-12
2.818e-02 2.246e+35 2.858e+32 2.863e-25 3.767e-13 2.367e-12
3.162e-02 1.817e+35 2.911e+32 2.916e-25 3.837e-13 2.411e-12
3.548e-02 1.470e+35 2.964e+32 2.969e-25 3.907e-13 2.455e-12
3.981e-02 1.188e+35 3.018e+32 3.023e-25 3.977e-13 2.499e-12
4.467e-02 9.606e+34 3.071e+32 3.076e-25 4.047e-13 2.543e-12
5.012e-02 7.762e+34 3.124e+32 3.129e-25 4.117e-13 2.587e-12
5.623e-02 6.269e+34 3.176e+32 3.182e-25 4.186e-13 2.630e-12
6.310e-02 5.062e+34 3.229e+32 3.234e-25 4.255e-13 2.674e-12
7.079e-02 4.085e+34 3.280e+32 3.286e-25 4.323e-13 2.716e-12
7.943e-02 3.295e+34 3.331e+32 3.337e-25 4.390e-13 2.758e-12
8.913e-02 2.657e+34 3.381e+32 3.387e-25 4.456e-13 2.800e-12
1.000e-01 2.141e+34 3.430e+32 3.435e-25 4.520e-13 2.840e-12
1.122e-01 1.724e+34 3.477e+32 3.483e-25 4.582e-13 2.879e-12
1.259e-01 1.387e+34 3.523e+32 3.529e-25 4.642e-13 2.917e-12
1.413e-01 1.116e+34 3.566e+32 3.572e-25 4.700e-13 2.953e-12
1.585e-01 8.965e+33 3.608e+32 3.614e-25 4.755e-13 2.988e-12
1.778e-01 7.198e+33 3.647e+32 3.653e-25 4.807e-13 3.020e-12
1.995e-01 5.775e+33 3.684e+32 3.690e-25 4.855e-13 3.050e-12
2.239e-01 4.629e+33 3.717e+32 3.723e-25 4.899e-13 3.078e-12
2.512e-01 3.707e+33 3.747e+32 3.753e-25 4.938e-13 3.103e-12
2.818e-01 2.965e+33 3.773e+32 3.780e-25 4.973e-13 3.125e-12
3.162e-01 2.369e+33 3.796e+32 3.802e-25 5.003e-13 3.143e-12
3.548e-01 1.891e+33 3.814e+32 3.821e-25 5.027e-13 3.158e-12
3.981e-01 1.507e+33 3.828e+32 3.834e-25 5.045e-13 3.170e-12
4.467e-01 1.200e+33 3.837e+32 3.844e-25 5.057e-13 3.177e-12
5.012e-01 9.546e+32 3.842e+32 3.848e-25 5.063e-13 3.181e-12
5.623e-01 7.582e+32 3.841e+32 3.848e-25 5.063e-13 3.181e-12
6.310e-01 6.014e+32 3.836e+32 3.843e-25 5.056e-13 3.177e-12
7.079e-01 4.764e+32 3.826e+32 3.832e-25 5.042e-13 3.168e-12
7.943e-01 3.769e+32 3.810e+32 3.817e-25 5.022e-13 3.155e-12
8.913e-01 2.978e+32 3.790e+32 3.796e-25 4.994e-13 3.138e-12
1.000e+00 2.349e+32 3.763e+32 3.770e-25 4.959e-13 3.116e-12
1.122e+00 1.850e+32 3.731e+32 3.737e-25 4.917e-13 3.089e-12
1.259e+00 1.454e+32 3.692e+32 3.699e-25 4.866e-13 3.058e-12
1.413e+00 1.141e+32 3.647e+32 3.653e-25 4.807e-13 3.020e-12
1.585e+00 8.933e+31 3.595e+32 3.601e-25 4.738e-13 2.977e-12
1.778e+00 6.978e+31 3.536e+32 3.542e-25 4.660e-13 2.928e-12
1.995e+00 5.438e+31 3.469e+32 3.475e-25 4.572e-13 2.872e-12
2.239e+00 4.227e+31 3.395e+32 3.400e-25 4.474e-13 2.811e-12
2.512e+00 3.277e+31 3.313e+32 3.318e-25 4.366e-13 2.743e-12
2.818e+00 2.533e+31 3.224e+32 3.229e-25 4.248e-13 2.669e-12
3.162e+00 1.952e+31 3.127e+32 3.132e-25 4.121e-13 2.589e-12
3.548e+00 1.499e+31 3.023e+32 3.029e-25 3.985e-13 2.504e-12
3.981e+00 1.147e+31 2.913e+32 2.918e-25 3.839e-13 2.412e-12
4.467e+00 8.748e+30 2.796e+32 2.801e-25 3.685e-13 2.316e-12
5.012e+00 6.644e+30 2.674e+32 2.678e-25 3.524e-13 2.214e-12
5.623e+00 5.025e+30 2.546e+32 2.550e-25 3.355e-13 2.108e-12
6.310e+00 3.783e+30 2.413e+32 2.417e-25 3.180e-13 1.998e-12
7.079e+00 2.835e+30 2.277e+32 2.281e-25 3.000e-13 1.885e-12
7.943e+00 2.114e+30 2.137e+32 2.141e-25 2.816e-13 1.770e-12
8.913e+00 1.568e+30 1.995e+32 1.999e-25 2.629e-13 1.652e-12
1.000e+01 1.156e+30 1.852e+32 1.855e-25 2.441e-13 1.534e-12
1.122e+01 8.472e+29 1.709e+32 1.712e-25 2.252e-13 1.415e-12
1.259e+01 6.168e+29 1.566e+32 1.569e-25 2.064e-13 1.297e-12
1.413e+01 4.460e+29 1.426e+32 1.428e-25 1.879e-13 1.181e-12
1.585e+01 3.201e+29 1.288e+32 1.290e-25 1.698e-13 1.067e-12
1.778e+01 2.279e+29 1.155e+32 1.157e-25 1.522e-13 9.561e-13
1.995e+01 1.609e+29 1.026e+32 1.028e-25 1.352e-13 8.497e-13
2.239e+01 1.125e+29 9.037e+31 9.052e-26 1.191e-13 7.483e-13
2.512e+01 7.795e+28 7.880e+31 7.894e-26 1.039e-13 6.525e-13
2.818e+01 5.343e+28 6.800e+31 6.811e-26 8.961e-14 5.631e-13
3.162e+01 3.621e+28 5.801e+31 5.811e-26 7.645e-14 4.804e-13
3.548e+01 2.424e+28 4.888e+31 4.897e-26 6.443e-14 4.048e-13
3.981e+01 1.601e+28 4.065e+31 4.072e-26 5.358e-14 3.366e-13
4.467e+01 1.042e+28 3.333e+31 3.338e-26 4.392e-14 2.760e-13
5.012e+01 6.683e+27 2.690e+31 2.694e-26 3.545e-14 2.227e-13
5.623e+01 4.213e+27 2.134e+31 2.138e-26 2.813e-14 1.767e-13
6.310e+01 2.607e+27 1.663e+31 1.666e-26 2.191e-14 1.377e-13
7.079e+01 1.581e+27 1.269e+31 1.272e-26 1.673e-14 1.051e-13
7.943e+01 9.380e+26 9.482e+30 9.498e-27 1.250e-14 7.852e-14
8.913e+01 5.433e+26 6.914e+30 6.926e-27 9.113e-15 5.726e-14
1.000e+02 3.066e+26 4.912e+30 4.920e-27 6.473e-15 4.067e-14
1.122e+02 1.681e+26 3.390e+30 3.396e-27 4.467e-15 2.807e-14
1.259e+02 8.920e+25 2.265e+30 2.269e-27 2.985e-15 1.876e-14
1.413e+02 4.561e+25 1.458e+30 1.460e-27 1.922e-15 1.207e-14
1.585e+02 2.225e+25 8.953e+29 8.969e-28 1.180e-15 7.414e-15
1.778e+02 1.014e+25 5.138e+29 5.147e-28 6.772e-16 4.255e-15
1.995e+02 4.183e+24 2.668e+29 2.672e-28 3.516e-16 2.209e-15
2.239e+02 1.520e+24 1.221e+29 1.223e-28 1.609e-16 1.011e-15
2.512e+02 4.509e+23 4.558e+28 4.566e-29 6.007e-17 3.774e-16
2.818e+02 9.114e+22 1.160e+28 1.162e-29 1.529e-17 9.605e-17
3.162e+02 8.894e+21 1.425e+27 1.427e-30 1.878e-18 1.180e-17
3.548e+02 1.711e+18 3.451e+23 3.457e-34 4.548e-22 2.858e-21
3.981e+02 0.000e+00 0.000e+00 0.000e+00 0.000e+00 0.000e+00
4.467e+02 0.000e+00 0.000e+00 0.000e+00 0.000e+00 0.000e+00
5.012e+02 0.000e+00 0.000e+00 0.000e+00 0.000e+00 0.000e+00
5.623e+02 0.000e+00 0.000e+00 0.000e+00 0.000e+00 0.000e+00
6.310e+02 0.000e+00 0.000e+00 0.000e+00 0.000e+00 0.000e+00
7.079e+02 0.000e+00 0.000e+00 0.000e+00 0.000e+00 0.000e+00
7.943e+02 0.000e+00 0.000e+00 0.000e+00 0.000e+00 0.000e+00
8.913e+02 0.000e+00 0.000e+00 0.000e+00 0.000e+00 0.000e+00
1.000e+03 0.000e+00 0.000e+00 0.000e+00 0.000e+00 0.000e+00
1.122e+03 0.000e+00 0.000e+00 0.000e+00 0.000e+00 0.000e+00
1.259e+03 0.000e+00 0.000e+00 0.000e+00 0.000e+00 0.000e+00
1.413e+03 0.000e+00 0.000e+00 0.000e+00 0.000e+00 0.000e+00
1.585e+03 0.000e+00 0.000e+00 0.000e+00 0.000e+00 0.000e+00
1.778e+03 0.000e+00 0.000e+00 0.000e+00 0.000e+00 0.000e+00
1.995e+03 0.000e+00 0.000e+00 0.000e+00 0.000e+00 0.000e+00
2.239e+03 0.000e+00 0.000e+00 0.000e+00 0.000e+00 0.000e+00
2.512e+03 0.000e+00 0.000e+00 0.000e+00 0.000e+00 0.000e+00
2.818e+03 0.000e+00 0.000e+00 0.000e+00 0.000e+00 0.000e+00
3.162e+03 0.000e+00 0.000e+00 0.000e+00 0.000e+00 0.000e+00
3.548e+03 0.000e+00 0.000e+00 0.000e+00 0.000e+00 0.000e+00
3.981e+03 0.000e+00 0.000e+00 0.000e+00 0.000e+00 0.000e+00
4.467e+03 0.000e+00 0.000e+00 0.000e+00 0.000e+00 0.000e+00
5.012e+03 0.000e+00 0.000e+00 0.000e+00 0.000e+00 0.000e+00
5.623e+03 0.000e+00 0.000e+00 0.000e+00 0.000e+00 0.000e+00
6.310e+03 0.000e+00 0.000e+00 0.000e+00 0.000e+00 0.000e+00
7.079e+03 0.000e+00 0.000e+00 0.000e+00 0.000e+00 0.000e+00
7.943e+03 0.000e+00 0.000e+00 0.000e+00 0.000e+00 0.000e+00
8.913e+03 0.000e+00 0.000e+00 0.000e+00 0.000e+00 0.000e+00
1.000e+04 0.000e+00 0.000e+00 0.000e+00 0.000e+00 0.000e+00
1.122e+04 0.000e+00 0.000e+00 0.000e+00 0.000e+00 0.000e+00
1.259e+04 0.000e+00 0.000e+00 0.000e+00 0.000e+00 0.000e+00
1.413e+04 0.000e+00 0.000e+00 0.000e+00 0.000e+00 0.000e+00
1.585e+04 0.000e+00 0.000e+00 0.000e+00 0.000e+00 0.000e+00
1.778e+04 0.000e+00 0.000e+00 0.000e+00 0.000e+00 0.000e+00
1.995e+04 0.000e+00 0.000e+00 0.000e+00 0.000e+00 0.000e+00
2.239e+04 0.000e+00 0.000e+00 0.000e+00 0.000e+00 0.000e+00
2.512e+04 0.000e+00 0.000e+00 0.000e+00 0.000e+00 0.000e+00
2.818e+04 0.000e+00 0.000e+00 0.000e+00 0.000e+00 0.000e+00
3.162e+04 0.000e+00 0.000e+00 0.000e+00 0.000e+00 0.000e+00
3.548e+04 0.000e+00 0.000e+00 0.000e+00 0.000e+00 0.000e+00
3.981e+04 0.000e+00 0.000e+00 0.000e+00 0.000e+00 0.000e+00
4.467e+04 0.000e+00 0.000e+00 0.000e+00 0.000e+00 0.000e+00
5.012e+04 0.000e+00 0.000e+00 0.000e+00 0.000e+00 0.000e+00
5.623e+04 0.000e+00 0.000e+00 0.000e+00 0.000e+00 0.000e+00
6.310e+04 0.000e+00 0.000e+00 0.000e+00 0.000e+00 0.000e+00
7.079e+04 0.000e+00 0.000e+00 0.000e+00 0.000e+00 0.000e+00
7.943e+04 0.000e+00 0.000e+00 0.000e+00 0.000e+00 0.000e+00
8.913e+04 0.000e+00 0.000e+00 0.000e+00 0.000e+00 0.000e+00
1.000e+05 0.000e+00 0.000e+00 0.000e+00 0.000e+00 0.000e+00
1.122e+05 0.000e+00 0.000e+00 0.000e+00 0.000e+00 0.000e+00
1.259e+05 0.000e+00 0.000e+00 0.000e+00 0.000e+00 0.000e+00
1.413e+05 0.000e+00 0.000e+00 0.000e+00 0.000e+00 0.000e+00
1.585e+05 0.000e+00 0.000e+00 0.000e+00 0.000e+00 0.000e+00
1.778e+05 0.000e+00 0.000e+00 0.000e+00 0.000e+00 0.000e+00
1.995e+05 0.000e+00 0.000e+00 0.000e+00 0.000e+00 0.000e+00
2.239e+05 0.000e+00 0.000e+00 0.000e+00 0.000e+00 0.000e+00
2.512e+05 0.000e+00 0.000e+00 0.000e+00 0.000e+00 0.000e+00
2.818e+05 0.000e+00 0.000e+00 0.000e+00 0.000e+00 0.000e+00
3.162e+05 0.000e+00 0.000e+00 0.000e+00 0.000e+00 0.000e+00
3.548e+05 0.000e+00 0.000e+00 0.000e+00 0.000e+00 0.000e+00
3.981e+05 0.000e+00 0.000e+00 0.000e+00 0.000e+00 0.000e+00
4.467e+05 0.000e+00 0.000e+00 0.000e+00 0.000e+00 0.000e+00
5.012e+05 0.000e+00 0.000e+00 0.000e+00 0.000e+00 0.000e+00
5.623e+05 0.000e+00 0.000e+00 0.000e+00 0.000e+00 0.000e+00
6.310e+05 0.000e+00 0.000e+00 0.000e+00 0.000e+00 0.000e+00
7.079e+05 0.000e+00 0.000e+00 0.000e+00 0.000e+00 0.000e+00
7.943e+05 0.000e+00 0.000e+00 0.000e+00 0.000e+00 0.000e+00
8.913e+05 0.000e+00 0.000e+00 0.000e+00 0.000e+00 0.000e+00
1.000e+06 0.000e+00 0.000e+00 0.000e+00 0.000e+00 0.000e+00
1.122e+06 0.000e+00 0.000e+00 0.000e+00 0.000e+00 0.000e+00
1.259e+06 0.000e+00 0.000e+00 0.000e+00 0.000e+00 0.000e+00
1.413e+06 0.000e+00 0.000e+00 0.000e+00 0.000e+00 0.000e+00
1.585e+06 0.000e+00 0.000e+00 0.000e+00 0.000e+00 0.000e+00
1.778e+06 0.000e+00 0.000e+00 0.000e+00 0.000e+00 0.000e+00
1.995e+06 0.000e+00 0.000e+00 0.000e+00 0.000e+00 0.000e+00
2.239e+06 0.000e+00 0.000e+00 0.000e+00 0.000e+00 0.000e+00
2.512e+06 0.000e+00 0.000e+00 0.000e+00 0.000e+00 0.000e+00
2.818e+06 0.000e+00 0.000e+00 0.000e+00 0.000e+00 0.000e+00
3.162e+06 0.000e+00 0.000e+00 0.000e+00 0.000e+00 0.000e+00
3.548e+06 0.000e+00 0.000e+00 0.000e+00 0.000e+00 0.000e+00
3.981e+06 0.000e+00 0.000e+00 0.000e+00 0.000e+00 0.000e+00
4.467e+06 0.000e+00 0.000e+00 0.000e+00 0.000e+00 0.000e+00
5.012e+06 0.000e+00 0.000e+00 0.000e+00 0.000e+00 0.000e+00
5.623e+06 0.000e+00 0.000e+00 0.000e+00 0.000e+00 0.000e+00
6.310e+06 0.000e+00 0.000e+00 0.000e+00 0.000e+00 0.000e+00
7.079e+06 0.000e+00 0.000e+00 0.000e+00 0.000e+00 0.000e+00
7.943e+06 0.000e+00 0.000e+00 0.000e+00 0.000e+00 0.000e+00
8.913e+06 0.000e+00 0.000e+00 0.000e+00 0.000e+00 0.000e+00
1.000e+07 0.000e+00 0.000e+00 0.000e+00 0.000e+00 0.000e+00
1.122e+07 0.000e+00 0.000e+00 0.000e+00 0.000e+00 0.000e+00
1.259e+07 0.000e+00 0.000e+00 0.000e+00 0.000e+00 0.000e+00
1.413e+07 0.000e+00 0.000e+00 0.000e+00 0.000e+00 0.000e+00
1.585e+07 0.000e+00 0.000e+00 0.000e+00 0.000e+00 0.000e+00
1.778e+07 0.000e+00 0.000e+00 0.000e+00 0.000e+00 0.000e+00
1.995e+07 0.000e+00 0.000e+00 0.000e+00 0.000e+00 0.000e+00
2.239e+07 0.000e+00 0.000e+00 0.000e+00 0.000e+00 0.000e+00
2.512e+07 0.000e+00 0.000e+00 0.000e+00 0.000e+00 0.000e+00
2.818e+07 0.000e+00 0.000e+00 0.000e+00 0.000e+00 0.000e+00
3.162e+07 0.000e+00 0.000e+00 0.000e+00 0.000e+00 0.000e+00
3.548e+07 0.000e+00 0.000e+00 0.000e+00 0.000e+00 0.000e+00
3.981e+07 0.000e+00 0.000e+00 0.000e+00 0.000e+00 0.000e+00
4.467e+07 0.000e+00 0.000e+00 0.000e+00 0.000e+00 0.000e+00
5.012e+07 0.000e+00 0.000e+00 0.000e+00 0.000e+00 0.000e+00
5.623e+07 0.000e+00 0.000e+00 0.000e+00 0.000e+00 0.000e+00
6.310e+07 0.000e+00 0.000e+00 0.000e+00 0.000e+00 0.000e+00
7.079e+07 0.000e+00 0.000e+00 0.000e+00 0.000e+00 0.000e+00
7.943e+07 0.000e+00 0.000e+00 0.000e+00 0.000e+00 0.000e+00
8.913e+07 0.000e+00 0.000e+00 0.000e+00 0.000e+00 0.000e+00
1.000e+08 0.000e+00 0.000e+00 0.000e+00 0.000e+00 0.000e+00
