1.000e-20 0.000e+00 0.000e+00 0.000e+00 0.000e+00 0.000e+00
1.122e-20 0.000e+00 0.000e+00 0.000e+00 0.000e+00 0.000e+00
1.259e-20 0.000e+00 0.000e+00 0.000e+00 0.000e+00 0.000e+00
1.413e-20 0.000e+00 0.000e+00 0.000e+00 0.000e+00 0.000e+00
1.585e-20 0.000e+00 0.000e+00 0.000e+00 0.000e+00 0.000e+00
1.778e-20 0.000e+00 0.000e+00 0.000e+00 0.000e+00 0.000e+00
1.995e-20 0.000e+00 0.000e+00 0.000e+00 0.000e+00 0.000e+00
2.239e-20 0.000e+00 0.000e+00 0.000e+00 0.000e+00 0.000e+00
2.512e-20 0.000e+00 0.000e+00 0.000e+00 0.000e+00 0.000e+00
2.818e-20 0.000e+00 0.000e+00 0.000e+00 0.000e+00 0.000e+00
3.162e-20 0.000e+00 0.000e+00 0.000e+00 0.000e+00 0.000e+00
3.548e-20 0.000e+00 0.000e+00 0.000e+00 0.000e+00 0.000e+00
3.981e-20 0.000e+00 0.000e+00 0.000e+00 0.000e+00 0.000e+00
4.467e-20 0.000e+00 0.000e+00 0.000e+00 0.000e+00 0.000e+00
5.012e-20 0.000e+00 0.000e+00 0.000e+00 0.000e+00 0.000e+00
5.623e-20 0.000e+00 0.000e+00 0.000e+00 0.000e+00 0.000e+00
6.310e-20 0.000e+00 0.000e+00 0.000e+00 0.000e+00 0.000e+00
7.079e-20 0.000e+00 0.000e+00 0.000e+00 0.000e+00 0.000e+00
7.943e-20 0.000e+00 0.000e+00 0.000e+00 0.000e+00 0.000e+00
8.913e-20 0.000e+00 0.000e+00 0.000e+00 0.000e+00 0.000e+00
1.000e-19 0.000e+00 0.000e+00 0.000e+00 0.000e+00 0.000e+00
1.122e-19 0.000e+00 0.000e+00 0.000e+00 0.000e+00 0.000e+00
1.259e-19 0.000e+00 0.000e+00 0.000e+00 0.000e+00 0.000e+00
1.413e-19 0.000e+00 0.000e+00 0.000e+00 0.000e+00 0.000e+00
1.585e-19 0.000e+00 0.000e+00 0.000e+00 0.000e+00 0.000e+00
1.778e-19 0.000e+00 0.000e+00 0.000e+00 0.000e+00 0.000e+00
1.995e-19 0.000e+00 0.000e+00 0.000e+00 0.000e+00 0.000e+00
2.239e-19 0.000e+00 0.000e+00 0.000e+00 0.000e+00 0.000e+00
2.512e-19 0.000e+00 0.000e+00 0.000e+00 0.000e+00 0.000e+00
2.818e-19 0.000e+00 0.000e+00 0.000e+00 0.000e+00 0.000e+00
3.162e-19 0.000e+00 0.000e+00 0.000e+00 0.000e+00 0.000e+00
3.548e-19 0.000e+00 0.000e+00 0.000e+00 0.000e+00 0.000e+00
3.981e-19 0.000e+00 0.000e+00 0.000e+00 0.000e+00 0.000e+00
4.467e-19 0.000e+00 0.000e+00 0.000e+00 0.000e+00 0.000e+00
5.012e-19 0.000e+00 0.000e+00 0.000e+00 0.000e+00 0.000e+00
5.623e-19 0.000e+00 0.000e+00 0.000e+00 0.000e+00 0.000e+00
6.310e-19 0.000e+00 0.000e+00 0.000e+00 0.000e+00 0.000e+00
7.079e-19 0.000e+00 0.000e+00 0.000e+00 0.000e+00 0.000e+00
7.943e-19 0.000e+00 0.000e+00 0.000e+00 0.000e+00 0.000e+00
8.913e-19 0.000e+00 0.000e+00 0.000e+00 0.000e+00 0.000e+00
1.000e-18 0.000e+00 0.000e+00 0.000e+00 0.000e+00 0.000e+00
1.122e-18 0.000e+00 0.000e+00 0.000e+00 0.000e+00 0.000e+00
1.259e-18 0.000e+00 0.000e+00 0.000e+00 0.000e+00 0.000e+00
1.413e-18 0.000e+00 0.000e+00 0.000e+00 0.000e+00 0.000e+00
1.585e-18 0.000e+00 0.000e+00 0.000e+00 0.000e+00 0.000e+00
1.778e-18 0.000e+00 0.000e+00 0.000e+00 0.000e+00 0.000e+00
1.995e-18 0.000e+00 0.000e+00 0.000e+00 0.000e+00 0.000e+00
2.239e-18 0.000e+00 0.000e+00 0.000e+00 0.000e+00 0.000e+00
2.512e-18 0.000e+00 0.000e+00 0.000e+00 0.000e+00 0.000e+00
2.818e-18 0.000e+00 0.000e+00 0.000e+00 0.000e+00 0.000e+00
3.162e-18 0.000e+00 0.000e+00 0.000e+00 0.000e+00 0.000e+00
3.548e-18 0.000e+00 0.000e+00 0.000e+00 0.000e+00 0.000e+00
3.981e-18 0.000e+00 0.000e+00 0.000e+00 0.000e+00 0.000e+00
4.467e-18 0.000e+00 0.000e+00 0.000e+00 0.000e+00 0.000e+00
5.012e-18 0.000e+00 0.000e+00 0.000e+00 0.000e+00 0.000e+00
5.623e-18 0.000e+00 0.000e+00 0.000e+00 0.000e+00 0.000e+00
6.310e-18 0.000e+00 0.000e+00 0.000e+00 0.000e+00 0.000e+00
7.079e-18 0.000e+00 0.000e+00 0.000e+00 0.000e+00 0.000e+00
7.943e-18 0.000e+00 0.000e+00 0.000e+00 0.000e+00 0.000e+00
8.913e-18 0.000e+00 0.000e+00 0.000e+00 0.000e+00 0.000e+00
1.000e-17 0.000e+00 0.000e+00 0.000e+00 0.000e+00 0.000e+00
1.122e-17 0.000e+00 0.000e+00 0.000e+00 0.000e+00 0.000e+00
1.259e-17 0.000e+00 0.000e+00 0.000e+00 0.000e+00 0.000e+00
1.413e-17 0.000e+00 0.000e+00 0.000e+00 0.000e+00 0.000e+00
1.585e-17 0.000e+00 0.000e+00 0.000e+00 0.000e+00 0.000e+00
1.778e-17 0.000e+00 0.000e+00 0.000e+00 0.000e+00 0.000e+00
1.995e-17 0.000e+00 0.000e+00 0.000e+00 0.000e+00 0.000e+00
2.239e-17 0.000e+00 0.000e+00 0.000e+00 0.000e+00 0.000e+00
2.512e-17 0.000e+00 0.000e+00 0.000e+00 0.000e+00 0.000e+00
2.818e-17 0.000e+00 0.000e+00 0.000e+00 0.000e+00 0.000e+00
3.162e-17 0.000e+00 0.000e+00 0.000e+00 0.000e+00 0.000e+00
3.548e-17 0.000e+00 0.000e+00 0.000e+00 0.000e+00 0.000e+00
3.981e-17 0.000e+00 0.000e+00 0.000e+00 0.000e+00 0.000e+00
4.467e-17 0.000e+00 0.000e+00 0.000e+00 0.000e+00 0.000e+00
5.012e-17 0.000e+00 0.000e+00 0.000e+00 0.000e+00 0.000e+00
5.623e-17 0.000e+00 0.000e+00 0.000e+00 0.000e+00 0.000e+00
6.310e-17 0.000e+00 0.000e+00 0.000e+00 0.000e+00 0.000e+00
7.079e-17 0.000e+00 0.000e+00 0.000e+00 0.000e+00 0.000e+00
7.943e-17 0.000e+00 0.000e+00 0.000e+00 0.000e+00 0.000e+00
8.913e-17 0.000e+00 0.000e+00 0.000e+00 0.000e+00 0.000e+00
1.000e-16 0.000e+00 0.000e+00 0.000e+00 0.000e+00 0.000e+00
1.122e-16 0.000e+00 0.000e+00 0.000e+00 0.000e+00 0.000e+00
1.259e-16 0.000e+00 0.000e+00 0.000e+00 0.000e+00 0.000e+00
1.413e-16 0.000e+00 0.000e+00 0.000e+00 0.000e+00 0.000e+00
1.585e-16 0.000e+00 0.000e+00 0.000e+00 0.000e+00 0.000e+00
1.778e-16 0.000e+00 0.000e+00 0.000e+00 0.000e+00 0.000e+00
1.995e-16 0.000e+00 0.000e+00 0.000e+00 0.000e+00 0.000e+00
2.239e-16 0.000e+00 0.000e+00 0.000e+00 0.000e+00 0.000e+00
2.512e-16 0.000e+00 0.000e+00 0.000e+00 0.000e+00 0.000e+00
2.818e-16 0.000e+00 0.000e+00 0.000e+00 0.000e+00 0.000e+00
3.162e-16 0.000e+00 0.000e+00 0.000e+00 0.000e+00 0.000e+00
3.548e-16 0.000e+00 0.000e+00 0.000e+00 0.000e+00 0.000e+00
3.981e-16 0.000e+00 0.000e+00 0.000e+00 0.000e+00 0.000e+00
4.467e-16 0.000e+00 0.000e+00 0.000e+00 0.000e+00 0.000e+00
5.012e-16 0.000e+00 0.000e+00 0.000e+00 0.000e+00 0.000e+00
5.623e-16 0.000e+00 0.000e+00 0.000e+00 0.000e+00 0.000e+00
6.310e-16 0.000e+00 0.000e+00 0.000e+00 0.000e+00 0.000e+00
7.079e-16 0.000e+00 0.000e+00 0.000e+00 0.000e+00 0.000e+00
7.943e-16 0.000e+00 0.000e+00 0.000e+00 0.000e+00 0.000e+00
8.913e-16 0.000e+00 0.000e+00 0.000e+00 0.000e+00 0.000e+00
1.000e-15 0.000e+00 0.000e+00 0.000e+00 0.000e+00 0.000e+00
1.122e-15 0.000e+00 0.000e+00 0.000e+00 0.000e+00 0.000e+00
1.259e-15 0.000e+00 0.000e+00 0.000e+00 0.000e+00 0.000e+00
1.413e-15 0.000e+00 0.000e+00 0.000e+00 0.000e+00 0.000e+00
1.585e-15 0.000e+00 0.000e+00 0.000e+00 0.000e+00 0.000e+00
1.778e-15 0.000e+00 0.000e+00 0.000e+00 0.000e+00 0.000e+00
1.995e-15 0.000e+00 0.000e+00 0.000e+00 0.000e+00 0.000e+00
2.239e-15 0.000e+00 0.000e+00 0.000e+00 0.000e+00 0.000e+00
2.512e-15 0.000e+00 0.000e+00 0.000e+00 0.000e+00 0.000e+00
2.818e-15 0.000e+00 0.000e+00 0.000e+00 0.000e+00 0.000e+00
3.162e-15 0.000e+00 0.000e+00 0.000e+00 0.000e+00 0.000e+00
3.548e-15 0.000e+00 0.000e+00 0.000e+00 0.000e+00 0.000e+00
3.981e-15 0.000e+00 0.000e+00 0.000e+00 0.000e+00 0.000e+00
4.467e-15 0.000e+00 0.000e+00 0.000e+00 0.000e+00 0.000e+00
5.012e-15 0.000e+00 0.000e+00 0.000e+00 0.000e+00 0.000e+00
5.623e-15 0.000e+00 0.000e+00 0.000e+00 0.000e+00 0.000e+00
6.310e-15 0.000e+00 0.000e+00 0.000e+00 0.000e+00 0.000e+00
7.079e-15 0.000e+00 0.000e+00 0.000e+00 0.000e+00 0.000e+00
7.943e-15 0.000e+00 0.000e+00 0.000e+00 0.000e+00 0.000e+00
8.913e-15 0.000e+00 0.000e+00 0.000e+00 0.000e+00 0.000e+00
1.000e-14 0.000e+00 0.000e+00 0.000e+00 0.000e+00 0.000e+00
1.122e-14 0.000e+00 0.000e+00 0.000e+00 0.000e+00 0.000e+00
1.259e-14 0.000e+00 0.000e+00 0.000e+00 0.000e+00 0.000e+00
1.413e-14 0.000e+00 0.000e+00 0.000e+00 0.000e+00 0.000e+00
1.585e-14 0.000e+00 0.000e+00 0.000e+00 0.000e+00 0.000e+00
1.778e-14 0.000e+00 0.000e+00 0.000e+00 0.000e+00 0.000e+00
1.995e-14 0.000e+00 0.000e+00 0.000e+00 0.000e+00 0.000e+00
2.239e-14 0.000e+00 0.000e+00 0.000e+00 0.000e+00 0.000e+00
2.512e-14 0.000e+00 0.000e+00 0.000e+00 0.000e+00 0.000e+00
2.818e-14 0.000e+00 0.000e+00 0.000e+00 0.000e+00 0.000e+00
3.162e-14 0.000e+00 0.000e+00 0.000e+00 0.000e+00 0.000e+00
3.548e-14 0.000e+00 0.000e+00 0.000e+00 0.000e+00 0.000e+00
3.981e-14 0.000e+00 0.000e+00 0.000e+00 0.000e+00 0.000e+00
4.467e-14 0.000e+00 0.000e+00 0.000e+00 0.000e+00 0.000e+00
5.012e-14 0.000e+00 0.000e+00 0.000e+00 0.000e+00 0.000e+00
5.623e-14 0.000e+00 0.000e+00 0.000e+00 0.000e+00 0.000e+00
6.310e-14 0.000e+00 0.000e+00 0.000e+00 0.000e+00 0.000e+00
7.079e-14 0.000e+00 0.000e+00 0.000e+00 0.000e+00 0.000e+00
7.943e-14 0.000e+00 0.000e+00 0.000e+00 0.000e+00 0.000e+00
8.913e-14 0.000e+00 0.000e+00 0.000e+00 0.000e+00 0.000e+00
1.000e-13 0.000e+00 0.000e+00 0.000e+00 0.000e+00 0.000e+00
1.122e-13 0.000e+00 0.000e+00 0.000e+00 0.000e+00 0.000e+00
1.259e-13 0.000e+00 0.000e+00 0.000e+00 0.000e+00 0.000e+00
1.413e-13 0.000e+00 0.000e+00 0.000e+00 0.000e+00 0.000e+00
1.585e-13 0.000e+00 0.000e+00 0.000e+00 0.000e+00 0.000e+00
1.778e-13 0.000e+00 0.000e+00 0.000e+00 0.000e+00 0.000e+00
1.995e-13 0.000e+00 0.000e+00 0.000e+00 0.000e+00 0.000e+00
2.239e-13 0.000e+00 0.000e+00 0.000e+00 0.000e+00 0.000e+00
2.512e-13 0.000e+00 0.000e+00 0.000e+00 0.000e+00 0.000e+00
2.818e-13 0.000e+00 0.000e+00 0.000e+00 0.000e+00 0.000e+00
3.162e-13 0.000e+00 0.000e+00 0.000e+00 0.000e+00 0.000e+00
3.548e-13 0.000e+00 0.000e+00 0.000e+00 0.000e+00 0.000e+00
3.981e-13 0.000e+00 0.000e+00 0.000e+00 0.000e+00 0.000e+00
4.467e-13 0.000e+00 0.000e+00 0.000e+00 0.000e+00 0.000e+00
5.012e-13 0.000e+00 0.000e+00 0.000e+00 0.000e+00 0.000e+00
5.623e-13 0.000e+00 0.000e+00 0.000e+00 0.000e+00 0.000e+00
6.310e-13 0.000e+00 0.000e+00 0.000e+00 0.000e+00 0.000e+00
7.079e-13 0.000e+00 0.000e+00 0.000e+00 0.000e+00 0.000e+00
7.943e-13 0.000e+00 0.000e+00 0.000e+00 0.000e+00 0.000e+00
8.913e-13 0.000e+00 0.000e+00 0.000e+00 0.000e+00 0.000e+00
1.000e-12 0.000e+00 0.000e+00 0.000e+00 0.000e+00 0.000e+00
1.122e-12 1.350e+48 2.722e+24 2.727e-33 8.969e-22 5.635e-21
1.259e-12 1.136e+48 2.883e+24 2.888e-33 9.500e-22 5.969e-21
1.413e-12 9.554e+47 3.054e+24 3.059e-33 1.006e-21 6.323e-21
1.585e-12 8.039e+47 3.235e+24 3.241e-33 1.066e-21 6.698e-21
1.778e-12 6.764e+47 3.427e+24 3.433e-33 1.129e-21 7.094e-21
1.995e-12 5.691e+47 3.630e+24 3.636e-33 1.196e-21 7.515e-21
2.239e-12 4.788e+47 3.845e+24 3.852e-33 1.267e-21 7.960e-21
2.512e-12 4.029e+47 4.073e+24 4.080e-33 1.342e-21 8.432e-21
2.818e-12 3.390e+47 4.314e+24 4.322e-33 1.421e-21 8.931e-21
3.162e-12 2.852e+47 4.570e+24 4.578e-33 1.506e-21 9.461e-21
3.548e-12 2.400e+47 4.841e+24 4.849e-33 1.595e-21 1.002e-20
3.981e-12 2.019e+47 5.128e+24 5.136e-33 1.689e-21 1.061e-20
4.467e-12 1.699e+47 5.431e+24 5.441e-33 1.790e-21 1.124e-20
5.012e-12 1.430e+47 5.753e+24 5.763e-33 1.896e-21 1.191e-20
5.623e-12 1.203e+47 6.094e+24 6.104e-33 2.008e-21 1.262e-20
6.310e-12 1.012e+47 6.455e+24 6.466e-33 2.127e-21 1.336e-20
7.079e-12 8.515e+46 6.838e+24 6.849e-33 2.253e-21 1.416e-20
7.943e-12 7.165e+46 7.243e+24 7.255e-33 2.386e-21 1.499e-20
8.913e-12 6.028e+46 7.672e+24 7.685e-33 2.528e-21 1.588e-20
1.000e-11 5.072e+46 8.127e+24 8.140e-33 2.678e-21 1.682e-20
1.122e-11 4.268e+46 8.608e+24 8.623e-33 2.836e-21 1.782e-20
1.259e-11 3.591e+46 9.118e+24 9.134e-33 3.004e-21 1.888e-20
1.413e-11 3.021e+46 9.658e+24 9.675e-33 3.182e-21 1.999e-20
1.585e-11 2.542e+46 1.023e+25 1.025e-32 3.371e-21 2.118e-20
1.778e-11 2.139e+46 1.084e+25 1.086e-32 3.571e-21 2.243e-20
1.995e-11 1.800e+46 1.148e+25 1.150e-32 3.782e-21 2.376e-20
2.239e-11 1.514e+46 1.216e+25 1.218e-32 4.006e-21 2.517e-20
2.512e-11 1.274e+46 1.288e+25 1.290e-32 4.244e-21 2.666e-20
2.818e-11 1.072e+46 1.364e+25 1.367e-32 4.495e-21 2.824e-20
3.162e-11 9.020e+45 1.445e+25 1.448e-32 4.761e-21 2.992e-20
3.548e-11 7.589e+45 1.531e+25 1.533e-32 5.044e-21 3.169e-20
3.981e-11 6.386e+45 1.621e+25 1.624e-32 5.342e-21 3.357e-20
4.467e-11 5.373e+45 1.718e+25 1.720e-32 5.659e-21 3.556e-20
5.012e-11 4.521e+45 1.819e+25 1.822e-32 5.994e-21 3.766e-20
5.623e-11 3.804e+45 1.927e+25 1.930e-32 6.349e-21 3.989e-20
6.310e-11 3.200e+45 2.041e+25 2.045e-32 6.726e-21 4.226e-20
7.079e-11 2.693e+45 2.162e+25 2.166e-32 7.124e-21 4.476e-20
7.943e-11 2.266e+45 2.290e+25 2.294e-32 7.546e-21 4.741e-20
8.913e-11 1.906e+45 2.426e+25 2.430e-32 7.993e-21 5.022e-20
1.000e-10 1.604e+45 2.570e+25 2.574e-32 8.467e-21 5.320e-20
1.122e-10 1.350e+45 2.722e+25 2.727e-32 8.969e-21 5.635e-20
1.259e-10 1.136e+45 2.883e+25 2.888e-32 9.500e-21 5.969e-20
1.413e-10 9.554e+44 3.054e+25 3.059e-32 1.006e-20 6.323e-20
1.585e-10 8.039e+44 3.235e+25 3.241e-32 1.066e-20 6.698e-20
1.778e-10 6.764e+44 3.427e+25 3.433e-32 1.129e-20 7.094e-20
1.995e-10 5.691e+44 3.630e+25 3.636e-32 1.196e-20 7.515e-20
2.239e-10 4.788e+44 3.845e+25 3.852e-32 1.267e-20 7.960e-20
2.512e-10 4.029e+44 4.073e+25 4.080e-32 1.342e-20 8.432e-20
2.818e-10 3.390e+44 4.314e+25 4.322e-32 1.421e-20 8.931e-20
3.162e-10 2.852e+44 4.570e+25 4.578e-32 1.506e-20 9.460e-20
3.548e-10 2.400e+44 4.841e+25 4.849e-32 1.595e-20 1.002e-19
3.981e-10 2.019e+44 5.127e+25 5.136e-32 1.689e-20 1.061e-19
4.467e-10 1.699e+44 5.431e+25 5.441e-32 1.790e-20 1.124e-19
5.012e-10 1.430e+44 5.753e+25 5.763e-32 1.896e-20 1.191e-19
5.623e-10 1.203e+44 6.094e+25 6.104e-32 2.008e-20 1.262e-19
6.310e-10 1.012e+44 6.455e+25 6.466e-32 2.127e-20 1.336e-19
7.079e-10 8.515e+43 6.838e+25 6.849e-32 2.253e-20 1.416e-19
7.943e-10 7.165e+43 7.243e+25 7.255e-32 2.386e-20 1.499e-19
8.913e-10 6.028e+43 7.672e+25 7.685e-32 2.528e-20 1.588e-19
1.000e-09 5.072e+43 8.127e+25 8.140e-32 2.678e-20 1.682e-19
1.122e-09 4.268e+43 8.608e+25 8.623e-32 2.836e-20 1.782e-19
1.259e-09 3.591e+43 9.118e+25 9.134e-32 3.004e-20 1.888e-19
1.413e-09 3.021e+43 9.658e+25 9.675e-32 3.182e-20 1.999e-19
1.585e-09 2.542e+43 1.023e+26 1.025e-31 3.371e-20 2.118e-19
1.778e-09 2.139e+43 1.084e+26 1.086e-31 3.570e-20 2.243e-19
1.995e-09 1.800e+43 1.148e+26 1.150e-31 3.782e-20 2.376e-19
2.239e-09 1.514e+43 1.216e+26 1.218e-31 4.006e-20 2.517e-19
2.512e-09 1.274e+43 1.288e+26 1.290e-31 4.244e-20 2.666e-19
2.818e-09 1.072e+43 1.364e+26 1.367e-31 4.495e-20 2.824e-19
3.162e-09 9.020e+42 1.445e+26 1.448e-31 4.761e-20 2.992e-19
3.548e-09 7.589e+42 1.531e+26 1.533e-31 5.043e-20 3.169e-19
3.981e-09 6.385e+42 1.621e+26 1.624e-31 5.342e-20 3.357e-19
4.467e-09 5.373e+42 1.718e+26 1.720e-31 5.659e-20 3.556e-19
5.012e-09 4.521e+42 1.819e+26 1.822e-31 5.994e-20 3.766e-19
5.623e-09 3.804e+42 1.927e+26 1.930e-31 6.349e-20 3.989e-19
6.310e-09 3.200e+42 2.041e+26 2.045e-31 6.725e-20 4.226e-19
7.079e-09 2.693e+42 2.162e+26 2.166e-31 7.124e-20 4.476e-19
7.943e-09 2.266e+42 2.290e+26 2.294e-31 7.546e-20 4.741e-19
8.913e-09 1.906e+42 2.426e+26 2.430e-31 7.993e-20 5.022e-19
1.000e-08 1.604e+42 2.570e+26 2.574e-31 8.467e-20 5.320e-19
1.122e-08 1.350e+42 2.722e+26 2.727e-31 8.968e-20 5.635e-19
1.259e-08 1.135e+42 2.883e+26 2.888e-31 9.500e-20 5.969e-19
1.413e-08 9.554e+41 3.054e+26 3.059e-31 1.006e-19 6.323e-19
1.585e-08 8.039e+41 3.235e+26 3.241e-31 1.066e-19 6.697e-19
1.778e-08 6.764e+41 3.427e+26 3.433e-31 1.129e-19 7.094e-19
1.995e-08 5.691e+41 3.630e+26 3.636e-31 1.196e-19 7.514e-19
2.239e-08 4.788e+41 3.845e+26 3.851e-31 1.267e-19 7.960e-19
2.512e-08 4.029e+41 4.073e+26 4.080e-31 1.342e-19 8.431e-19
2.818e-08 3.390e+41 4.314e+26 4.321e-31 1.421e-19 8.931e-19
3.162e-08 2.852e+41 4.570e+26 4.577e-31 1.506e-19 9.460e-19
3.548e-08 2.400e+41 4.840e+26 4.849e-31 1.595e-19 1.002e-18
3.981e-08 2.019e+41 5.127e+26 5.136e-31 1.689e-19 1.061e-18
4.467e-08 1.699e+41 5.431e+26 5.440e-31 1.789e-19 1.124e-18
5.012e-08 1.429e+41 5.753e+26 5.762e-31 1.895e-19 1.191e-18
5.623e-08 1.203e+41 6.094e+26 6.104e-31 2.008e-19 1.261e-18
6.310e-08 1.012e+41 6.455e+26 6.466e-31 2.127e-19 1.336e-18
7.079e-08 8.514e+40 6.837e+26 6.849e-31 2.253e-19 1.415e-18
7.943e-08 7.164e+40 7.242e+26 7.254e-31 2.386e-19 1.499e-18
8.913e-08 6.028e+40 7.671e+26 7.684e-31 2.527e-19 1.588e-18
1.000e-07 5.072e+40 8.126e+26 8.139e-31 2.677e-19 1.682e-18
1.122e-07 4.267e+40 8.607e+26 8.622e-31 2.836e-19 1.782e-18
1.259e-07 3.590e+40 9.117e+26 9.133e-31 3.004e-19 1.887e-18
1.413e-07 3.021e+40 9.657e+26 9.674e-31 3.182e-19 1.999e-18
1.585e-07 2.542e+40 1.023e+27 1.025e-30 3.370e-19 2.118e-18
1.778e-07 2.139e+40 1.084e+27 1.085e-30 3.570e-19 2.243e-18
1.995e-07 1.799e+40 1.148e+27 1.150e-30 3.782e-19 2.376e-18
2.239e-07 1.514e+40 1.216e+27 1.218e-30 4.006e-19 2.517e-18
2.512e-07 1.274e+40 1.288e+27 1.290e-30 4.243e-19 2.666e-18
2.818e-07 1.072e+40 1.364e+27 1.366e-30 4.494e-19 2.824e-18
3.162e-07 9.018e+39 1.445e+27 1.447e-30 4.760e-19 2.991e-18
3.548e-07 7.588e+39 1.530e+27 1.533e-30 5.042e-19 3.168e-18
3.981e-07 6.384e+39 1.621e+27 1.624e-30 5.341e-19 3.356e-18
4.467e-07 5.372e+39 1.717e+27 1.720e-30 5.658e-19 3.555e-18
5.012e-07 4.519e+39 1.819e+27 1.822e-30 5.993e-19 3.765e-18
5.623e-07 3.803e+39 1.927e+27 1.930e-30 6.348e-19 3.988e-18
6.310e-07 3.199e+39 2.041e+27 2.044e-30 6.724e-19 4.225e-18
7.079e-07 2.692e+39 2.162e+27 2.165e-30 7.122e-19 4.475e-18
7.943e-07 2.265e+39 2.290e+27 2.294e-30 7.544e-19 4.740e-18
8.913e-07 1.906e+39 2.425e+27 2.429e-30 7.991e-19 5.021e-18
1.000e-06 1.603e+39 2.569e+27 2.573e-30 8.464e-19 5.318e-18
1.122e-06 1.349e+39 2.721e+27 2.726e-30 8.965e-19 5.633e-18
1.259e-06 1.135e+39 2.882e+27 2.887e-30 9.497e-19 5.967e-18
1.413e-06 9.550e+38 3.053e+27 3.058e-30 1.006e-18 6.320e-18
1.585e-06 8.035e+38 3.234e+27 3.239e-30 1.065e-18 6.695e-18
1.778e-06 6.761e+38 3.425e+27 3.431e-30 1.129e-18 7.091e-18
1.995e-06 5.688e+38 3.628e+27 3.634e-30 1.195e-18 7.511e-18
2.239e-06 4.786e+38 3.843e+27 3.850e-30 1.266e-18 7.956e-18
2.512e-06 4.027e+38 4.071e+27 4.078e-30 1.341e-18 8.427e-18
2.818e-06 3.388e+38 4.312e+27 4.319e-30 1.421e-18 8.926e-18
3.162e-06 2.851e+38 4.567e+27 4.575e-30 1.505e-18 9.455e-18
3.548e-06 2.398e+38 4.838e+27 4.846e-30 1.594e-18 1.001e-17
3.981e-06 2.018e+38 5.124e+27 5.133e-30 1.688e-18 1.061e-17
4.467e-06 1.698e+38 5.427e+27 5.437e-30 1.788e-18 1.124e-17
5.012e-06 1.428e+38 5.749e+27 5.758e-30 1.894e-18 1.190e-17
5.623e-06 1.202e+38 6.089e+27 6.099e-30 2.006e-18 1.261e-17
6.310e-06 1.011e+38 6.449e+27 6.460e-30 2.125e-18 1.335e-17
7.079e-06 8.507e+37 6.831e+27 6.843e-30 2.251e-18 1.414e-17
7.943e-06 7.158e+37 7.236e+27 7.248e-30 2.384e-18 1.498e-17
8.913e-06 6.022e+37 7.664e+27 7.677e-30 2.525e-18 1.587e-17
1.000e-05 5.067e+37 8.118e+27 8.131e-30 2.675e-18 1.680e-17
1.122e-05 4.263e+37 8.598e+27 8.613e-30 2.833e-18 1.780e-17
1.259e-05 3.586e+37 9.107e+27 9.122e-30 3.001e-18 1.885e-17
1.413e-05 3.017e+37 9.646e+27 9.662e-30 3.178e-18 1.997e-17
1.585e-05 2.539e+37 1.022e+28 1.023e-29 3.366e-18 2.115e-17
1.778e-05 2.136e+37 1.082e+28 1.084e-29 3.565e-18 2.240e-17
1.995e-05 1.797e+37 1.146e+28 1.148e-29 3.776e-18 2.373e-17
2.239e-05 1.512e+37 1.214e+28 1.216e-29 4.000e-18 2.513e-17
2.512e-05 1.272e+37 1.286e+28 1.288e-29 4.236e-18 2.662e-17
2.818e-05 1.070e+37 1.362e+28 1.364e-29 4.487e-18 2.819e-17
3.162e-05 9.002e+36 1.442e+28 1.445e-29 4.752e-18 2.986e-17
3.548e-05 7.573e+36 1.528e+28 1.530e-29 5.033e-18 3.162e-17
3.981e-05 6.371e+36 1.618e+28 1.621e-29 5.331e-18 3.349e-17
4.467e-05 5.360e+36 1.714e+28 1.716e-29 5.646e-18 3.547e-17
5.012e-05 4.509e+36 1.815e+28 1.818e-29 5.979e-18 3.757e-17
5.623e-05 3.794e+36 1.922e+28 1.925e-29 6.333e-18 3.979e-17
6.310e-05 3.191e+36 2.036e+28 2.039e-29 6.707e-18 4.214e-17
7.079e-05 2.685e+36 2.156e+28 2.160e-29 7.103e-18 4.463e-17
7.943e-05 2.259e+36 2.283e+28 2.287e-29 7.523e-18 4.727e-17
8.913e-05 1.900e+36 2.418e+28 2.422e-29 7.967e-18 5.006e-17
1.000e-04 1.598e+36 2.561e+28 2.565e-29 8.437e-18 5.301e-17
1.122e-04 1.345e+36 2.712e+28 2.717e-29 8.936e-18 5.614e-17
1.259e-04 1.131e+36 2.872e+28 2.877e-29 9.463e-18 5.946e-17
1.413e-04 9.515e+35 3.042e+28 3.047e-29 1.002e-17 6.297e-17
1.585e-04 8.004e+35 3.221e+28 3.226e-29 1.061e-17 6.668e-17
1.778e-04 6.732e+35 3.411e+28 3.417e-29 1.124e-17 7.061e-17
1.995e-04 5.663e+35 3.612e+28 3.618e-29 1.190e-17 7.478e-17
2.239e-04 4.763e+35 3.825e+28 3.831e-29 1.260e-17 7.918e-17
2.512e-04 4.007e+35 4.050e+28 4.057e-29 1.335e-17 8.385e-17
2.818e-04 3.370e+35 4.289e+28 4.296e-29 1.413e-17 8.879e-17
3.162e-04 2.835e+35 4.542e+28 4.549e-29 1.496e-17 9.402e-17
3.548e-04 2.384e+35 4.809e+28 4.817e-29 1.584e-17 9.955e-17
3.981e-04 2.005e+35 5.092e+28 5.100e-29 1.678e-17 1.054e-16
4.467e-04 1.686e+35 5.391e+28 5.400e-29 1.776e-17 1.116e-16
5.012e-04 1.418e+35 5.708e+28 5.718e-29 1.881e-17 1.182e-16
5.623e-04 1.193e+35 6.044e+28 6.054e-29 1.991e-17 1.251e-16
6.310e-04 1.003e+35 6.399e+28 6.409e-29 2.108e-17 1.325e-16
7.079e-04 8.436e+34 6.774e+28 6.786e-29 2.232e-17 1.402e-16
7.943e-04 7.094e+34 7.172e+28 7.184e-29 2.363e-17 1.485e-16
8.913e-04 5.966e+34 7.592e+28 7.605e-29 2.501e-17 1.572e-16
1.000e-03 5.016e+34 8.037e+28 8.051e-29 2.648e-17 1.664e-16
1.122e-03 4.218e+34 8.508e+28 8.522e-29 2.803e-17 1.761e-16
1.259e-03 3.546e+34 9.005e+28 9.021e-29 2.967e-17 1.864e-16
1.413e-03 2.982e+34 9.532e+28 9.548e-29 3.141e-17 1.973e-16
1.585e-03 2.507e+34 1.009e+29 1.011e-28 3.324e-17 2.089e-16
1.778e-03 2.108e+34 1.068e+29 1.070e-28 3.518e-17 2.211e-16
1.995e-03 1.772e+34 1.130e+29 1.132e-28 3.723e-17 2.339e-16
2.239e-03 1.489e+34 1.196e+29 1.198e-28 3.940e-17 2.476e-16
2.512e-03 1.252e+34 1.266e+29 1.268e-28 4.170e-17 2.620e-16
2.818e-03 1.052e+34 1.339e+29 1.341e-28 4.412e-17 2.772e-16
3.162e-03 8.844e+33 1.417e+29 1.419e-28 4.668e-17 2.933e-16
3.548e-03 7.432e+33 1.499e+29 1.502e-28 4.939e-17 3.103e-16
3.981e-03 6.246e+33 1.586e+29 1.589e-28 5.225e-17 3.283e-16
4.467e-03 5.248e+33 1.678e+29 1.681e-28 5.528e-17 3.473e-16
5.012e-03 4.410e+33 1.775e+29 1.778e-28 5.847e-17 3.674e-16
5.623e-03 3.705e+33 1.877e+29 1.880e-28 6.184e-17 3.886e-16
6.310e-03 3.112e+33 1.985e+29 1.988e-28 6.541e-17 4.110e-16
7.079e-03 2.614e+33 2.099e+29 2.103e-28 6.917e-17 4.346e-16
7.943e-03 2.196e+33 2.220e+29 2.223e-28 7.313e-17 4.595e-16
8.913e-03 1.844e+33 2.347e+29 2.351e-28 7.732e-17 4.858e-16
1.000e-02 1.548e+33 2.481e+29 2.485e-28 8.174e-17 5.136e-16
1.122e-02 1.300e+33 2.622e+29 2.627e-28 8.640e-17 5.429e-16
1.259e-02 1.091e+33 2.772e+29 2.776e-28 9.132e-17 5.738e-16
1.413e-02 9.162e+32 2.929e+29 2.934e-28 9.650e-17 6.063e-16
1.585e-02 7.689e+32 3.095e+29 3.100e-28 1.020e-16 6.406e-16
1.778e-02 6.453e+32 3.269e+29 3.275e-28 1.077e-16 6.768e-16
1.995e-02 5.414e+32 3.453e+29 3.459e-28 1.138e-16 7.148e-16
2.239e-02 4.541e+32 3.647e+29 3.653e-28 1.201e-16 7.549e-16
2.512e-02 3.809e+32 3.850e+29 3.857e-28 1.269e-16 7.971e-16
2.818e-02 3.194e+32 4.065e+29 4.072e-28 1.339e-16 8.415e-16
3.162e-02 2.678e+32 4.290e+29 4.297e-28 1.413e-16 8.881e-16
3.548e-02 2.244e+32 4.527e+29 4.534e-28 1.491e-16 9.371e-16
3.981e-02 1.881e+32 4.775e+29 4.783e-28 1.573e-16 9.886e-16
4.467e-02 1.575e+32 5.036e+29 5.045e-28 1.659e-16 1.043e-15
5.012e-02 1.319e+32 5.310e+29 5.319e-28 1.750e-16 1.099e-15
5.623e-02 1.105e+32 5.597e+29 5.607e-28 1.844e-16 1.159e-15
6.310e-02 9.246e+31 5.898e+29 5.908e-28 1.943e-16 1.221e-15
7.079e-02 7.737e+31 6.212e+29 6.223e-28 2.047e-16 1.286e-15
7.943e-02 6.471e+31 6.542e+29 6.553e-28 2.155e-16 1.354e-15
8.913e-02 5.410e+31 6.885e+29 6.897e-28 2.269e-16 1.425e-15
1.000e-01 4.522e+31 7.245e+29 7.257e-28 2.387e-16 1.500e-15
1.122e-01 3.777e+31 7.619e+29 7.632e-28 2.510e-16 1.577e-15
1.259e-01 3.154e+31 8.009e+29 8.023e-28 2.639e-16 1.658e-15
1.413e-01 2.632e+31 8.415e+29 8.429e-28 2.773e-16 1.742e-15
1.585e-01 2.196e+31 8.837e+29 8.852e-28 2.912e-16 1.829e-15
1.778e-01 1.831e+31 9.275e+29 9.291e-28 3.056e-16 1.920e-15
1.995e-01 1.525e+31 9.729e+29 9.745e-28 3.205e-16 2.014e-15
2.239e-01 1.270e+31 1.020e+30 1.022e-27 3.360e-16 2.111e-15
2.512e-01 1.057e+31 1.068e+30 1.070e-27 3.520e-16 2.212e-15
2.818e-01 8.788e+30 1.118e+30 1.120e-27 3.685e-16 2.315e-15
3.162e-01 7.303e+30 1.170e+30 1.172e-27 3.855e-16 2.422e-15
3.548e-01 6.064e+30 1.223e+30 1.225e-27 4.030e-16 2.532e-15
3.981e-01 5.031e+30 1.277e+30 1.280e-27 4.209e-16 2.645e-15
4.467e-01 4.170e+30 1.333e+30 1.335e-27 4.393e-16 2.760e-15
5.012e-01 3.454e+30 1.390e+30 1.392e-27 4.580e-16 2.878e-15
5.623e-01 2.858e+30 1.448e+30 1.450e-27 4.771e-16 2.998e-15
6.310e-01 2.363e+30 1.507e+30 1.509e-27 4.965e-16 3.120e-15
7.079e-01 1.951e+30 1.567e+30 1.569e-27 5.161e-16 3.243e-15
7.943e-01 1.609e+30 1.627e+30 1.629e-27 5.359e-16 3.367e-15
8.913e-01 1.326e+30 1.687e+30 1.690e-27 5.558e-16 3.492e-15
1.000e+00 1.091e+30 1.747e+30 1.750e-27 5.757e-16 3.617e-15
1.122e+00 8.961e+29 1.808e+30 1.811e-27 5.955e-16 3.742e-15
1.259e+00 7.352e+29 1.867e+30 1.870e-27 6.151e-16 3.865e-15
1.413e+00 6.023e+29 1.925e+30 1.929e-27 6.344e-16 3.986e-15
1.585e+00 4.926e+29 1.982e+30 1.986e-27 6.532e-16 4.104e-15
1.778e+00 4.022e+29 2.038e+30 2.041e-27 6.713e-16 4.218e-15
1.995e+00 3.277e+29 2.090e+30 2.094e-27 6.887e-16 4.328e-15
2.239e+00 2.666e+29 2.140e+30 2.144e-27 7.052e-16 4.431e-15
2.512e+00 2.164e+29 2.187e+30 2.191e-27 7.206e-16 4.528e-15
2.818e+00 1.752e+29 2.230e+30 2.234e-27 7.348e-16 4.617e-15
3.162e+00 1.416e+29 2.269e+30 2.272e-27 7.475e-16 4.696e-15
3.548e+00 1.141e+29 2.302e+30 2.306e-27 7.585e-16 4.766e-15
3.981e+00 9.176e+28 2.330e+30 2.334e-27 7.677e-16 4.824e-15
4.467e+00 7.357e+28 2.352e+30 2.356e-27 7.749e-16 4.869e-15
5.012e+00 5.882e+28 2.367e+30 2.371e-27 7.799e-16 4.900e-15
5.623e+00 4.688e+28 2.375e+30 2.379e-27 7.825e-16 4.917e-15
6.310e+00 3.724e+28 2.375e+30 2.379e-27 7.826e-16 4.917e-15
7.079e+00 2.948e+28 2.367e+30 2.371e-27 7.799e-16 4.900e-15
7.943e+00 2.325e+28 2.350e+30 2.354e-27 7.744e-16 4.866e-15
8.913e+00 1.827e+28 2.325e+30 2.329e-27 7.660e-16 4.813e-15
1.000e+01 1.429e+28 2.290e+30 2.294e-27 7.545e-16 4.741e-15
1.122e+01 1.113e+28 2.246e+30 2.250e-27 7.400e-16 4.649e-15
1.259e+01 8.633e+27 2.192e+30 2.196e-27 7.223e-16 4.538e-15
1.413e+01 6.661e+27 2.129e+30 2.133e-27 7.016e-16 4.408e-15
1.585e+01 5.112e+27 2.057e+30 2.061e-27 6.779e-16 4.259e-15
1.778e+01 3.902e+27 1.977e+30 1.980e-27 6.513e-16 4.092e-15
1.995e+01 2.960e+27 1.888e+30 1.891e-27 6.220e-16 3.908e-15
2.239e+01 2.231e+27 1.792e+30 1.795e-27 5.903e-16 3.709e-15
2.512e+01 1.670e+27 1.689e+30 1.692e-27 5.564e-16 3.496e-15
2.818e+01 1.241e+27 1.580e+30 1.583e-27 5.206e-16 3.271e-15
3.162e+01 9.154e+26 1.467e+30 1.469e-27 4.832e-16 3.036e-15
3.548e+01 6.694e+26 1.350e+30 1.352e-27 4.448e-16 2.795e-15
3.981e+01 4.850e+26 1.232e+30 1.234e-27 4.058e-16 2.550e-15
4.467e+01 3.480e+26 1.112e+30 1.114e-27 3.665e-16 2.303e-15
5.012e+01 2.471e+26 9.943e+29 9.960e-28 3.276e-16 2.058e-15
5.623e+01 1.734e+26 8.785e+29 8.800e-28 2.895e-16 1.819e-15
6.310e+01 1.202e+26 7.666e+29 7.679e-28 2.526e-16 1.587e-15
7.079e+01 8.218e+25 6.599e+29 6.611e-28 2.174e-16 1.366e-15
7.943e+01 5.537e+25 5.597e+29 5.607e-28 1.844e-16 1.159e-15
8.913e+01 3.671e+25 4.671e+29 4.679e-28 1.539e-16 9.671e-16
1.000e+02 2.391e+25 3.830e+29 3.837e-28 1.262e-16 7.929e-16
1.122e+02 1.527e+25 3.080e+29 3.085e-28 1.015e-16 6.375e-16
1.259e+02 9.545e+24 2.424e+29 2.428e-28 7.986e-17 5.018e-16
1.413e+02 5.829e+24 1.864e+29 1.867e-28 6.140e-17 3.858e-16
1.585e+02 3.470e+24 1.397e+29 1.399e-28 4.602e-17 2.891e-16
1.778e+02 2.009e+24 1.018e+29 1.020e-28 3.354e-17 2.107e-16
1.995e+02 1.129e+24 7.199e+28 7.211e-29 2.372e-17 1.490e-16
2.239e+02 6.136e+23 4.927e+28 4.935e-29 1.623e-17 1.020e-16
2.512e+02 3.221e+23 3.256e+28 3.261e-29 1.073e-17 6.740e-17
2.818e+02 1.629e+23 2.074e+28 2.077e-29 6.833e-18 4.293e-17
3.162e+02 7.930e+22 1.271e+28 1.273e-29 4.186e-18 2.630e-17
3.548e+02 3.677e+22 7.417e+27 7.430e-30 2.444e-18 1.535e-17
3.981e+02 1.586e+22 4.028e+27 4.035e-30 1.327e-18 8.339e-18
4.467e+02 6.419e+21 2.052e+27 2.056e-30 6.761e-19 4.248e-18
5.012e+02 2.421e+21 9.744e+26 9.760e-31 3.210e-19 2.017e-18
5.623e+02 8.353e+20 4.232e+26 4.239e-31 1.394e-19 8.761e-19
6.310e+02 2.537e+20 1.618e+26 1.621e-31 5.332e-20 3.350e-19
7.079e+02 6.206e+19 4.983e+25 4.992e-32 1.642e-20 1.032e-19
7.943e+02 9.402e+18 9.505e+24 9.521e-33 3.132e-21 1.968e-20
8.913e+02 6.460e+11 8.222e+17 8.236e-40 2.709e-28 1.702e-27
1.000e+03 0.000e+00 0.000e+00 0.000e+00 0.000e+00 0.000e+00
1.122e+03 0.000e+00 0.000e+00 0.000e+00 0.000e+00 0.000e+00
1.259e+03 0.000e+00 0.000e+00 0.000e+00 0.000e+00 0.000e+00
1.413e+03 0.000e+00 0.000e+00 0.000e+00 0.000e+00 0.000e+00
1.585e+03 0.000e+00 0.000e+00 0.000e+00 0.000e+00 0.000e+00
1.778e+03 0.000e+00 0.000e+00 0.000e+00 0.000e+00 0.000e+00
1.995e+03 0.000e+00 0.000e+00 0.000e+00 0.000e+00 0.000e+00
2.239e+03 0.000e+00 0.000e+00 0.000e+00 0.000e+00 0.000e+00
2.512e+03 0.000e+00 0.000e+00 0.000e+00 0.000e+00 0.000e+00
2.818e+03 0.000e+00 0.000e+00 0.000e+00 0.000e+00 0.000e+00
3.162e+03 0.000e+00 0.000e+00 0.000e+00 0.000e+00 0.000e+00
3.548e+03 0.000e+00 0.000e+00 0.000e+00 0.000e+00 0.000e+00
3.981e+03 0.000e+00 0.000e+00 0.000e+00 0.000e+00 0.000e+00
4.467e+03 0.000e+00 0.000e+00 0.000e+00 0.000e+00 0.000e+00
5.012e+03 0.000e+00 0.000e+00 0.000e+00 0.000e+00 0.000e+00
5.623e+03 0.000e+00 0.000e+00 0.000e+00 0.000e+00 0.000e+00
6.310e+03 0.000e+00 0.000e+00 0.000e+00 0.000e+00 0.000e+00
7.079e+03 0.000e+00 0.000e+00 0.000e+00 0.000e+00 0.000e+00
7.943e+03 0.000e+00 0.000e+00 0.000e+00 0.000e+00 0.000e+00
8.913e+03 0.000e+00 0.000e+00 0.000e+00 0.000e+00 0.000e+00
1.000e+04 0.000e+00 0.000e+00 0.000e+00 0.000e+00 0.000e+00
1.122e+04 0.000e+00 0.000e+00 0.000e+00 0.000e+00 0.000e+00
1.259e+04 0.000e+00 0.000e+00 0.000e+00 0.000e+00 0.000e+00
1.413e+04 0.000e+00 0.000e+00 0.000e+00 0.000e+00 0.000e+00
1.585e+04 0.000e+00 0.000e+00 0.000e+00 0.000e+00 0.000e+00
1.778e+04 0.000e+00 0.000e+00 0.000e+00 0.000e+00 0.000e+00
1.995e+04 0.000e+00 0.000e+00 0.000e+00 0.000e+00 0.000e+00
2.239e+04 0.000e+00 0.000e+00 0.000e+00 0.000e+00 0.000e+00
2.512e+04 0.000e+00 0.000e+00 0.000e+00 0.000e+00 0.000e+00
2.818e+04 0.000e+00 0.000e+00 0.000e+00 0.000e+00 0.000e+00
3.162e+04 0.000e+00 0.000e+00 0.000e+00 0.000e+00 0.000e+00
3.548e+04 0.000e+00 0.000e+00 0.000e+00 0.000e+00 0.000e+00
3.981e+04 0.000e+00 0.000e+00 0.000e+00 0.000e+00 0.000e+00
4.467e+04 0.000e+00 0.000e+00 0.000e+00 0.000e+00 0.000e+00
5.012e+04 0.000e+00 0.000e+00 0.000e+00 0.000e+00 0.000e+00
5.623e+04 0.000e+00 0.000e+00 0.000e+00 0.000e+00 0.000e+00
6.310e+04 0.000e+00 0.000e+00 0.000e+00 0.000e+00 0.000e+00
7.079e+04 0.000e+00 0.000e+00 0.000e+00 0.000e+00 0.000e+00
7.943e+04 0.000e+00 0.000e+00 0.000e+00 0.000e+00 0.000e+00
8.913e+04 0.000e+00 0.000e+00 0.000e+00 0.000e+00 0.000e+00
1.000e+05 0.000e+00 0.000e+00 0.000e+00 0.000e+00 0.000e+00
1.122e+05 0.000e+00 0.000e+00 0.000e+00 0.000e+00 0.000e+00
1.259e+05 0.000e+00 0.000e+00 0.000e+00 0.000e+00 0.000e+00
1.413e+05 0.000e+00 0.000e+00 0.000e+00 0.000e+00 0.000e+00
1.585e+05 0.000e+00 0.000e+00 0.000e+00 0.000e+00 0.000e+00
1.778e+05 0.000e+00 0.000e+00 0.000e+00 0.000e+00 0.000e+00
1.995e+05 0.000e+00 0.000e+00 0.000e+00 0.000e+00 0.000e+00
2.239e+05 0.000e+00 0.000e+00 0.000e+00 0.000e+00 0.000e+00
2.512e+05 0.000e+00 0.000e+00 0.000e+00 0.000e+00 0.000e+00
2.818e+05 0.000e+00 0.000e+00 0.000e+00 0.000e+00 0.000e+00
3.162e+05 0.000e+00 0.000e+00 0.000e+00 0.000e+00 0.000e+00
3.548e+05 0.000e+00 0.000e+00 0.000e+00 0.000e+00 0.000e+00
3.981e+05 0.000e+00 0.000e+00 0.000e+00 0.000e+00 0.000e+00
4.467e+05 0.000e+00 0.000e+00 0.000e+00 0.000e+00 0.000e+00
5.012e+05 0.000e+00 0.000e+00 0.000e+00 0.000e+00 0.000e+00
5.623e+05 0.000e+00 0.000e+00 0.000e+00 0.000e+00 0.000e+00
6.310e+05 0.000e+00 0.000e+00 0.000e+00 0.000e+00 0.000e+00
7.079e+05 0.000e+00 0.000e+00 0.000e+00 0.000e+00 0.000e+00
7.943e+05 0.000e+00 0.000e+00 0.000e+00 0.000e+00 0.000e+00
8.913e+05 0.000e+00 0.000e+00 0.000e+00 0.000e+00 0.000e+00
1.000e+06 0.000e+00 0.000e+00 0.000e+00 0.000e+00 0.000e+00
1.122e+06 0.000e+00 0.000e+00 0.000e+00 0.000e+00 0.000e+00
1.259e+06 0.000e+00 0.000e+00 0.000e+00 0.000e+00 0.000e+00
1.413e+06 0.000e+00 0.000e+00 0.000e+00 0.000e+00 0.000e+00
1.585e+06 0.000e+00 0.000e+00 0.000e+00 0.000e+00 0.000e+00
1.778e+06 0.000e+00 0.000e+00 0.000e+00 0.000e+00 0.000e+00
1.995e+06 0.000e+00 0.000e+00 0.000e+00 0.000e+00 0.000e+00
2.239e+06 0.000e+00 0.000e+00 0.000e+00 0.000e+00 0.000e+00
2.512e+06 0.000e+00 0.000e+00 0.000e+00 0.000e+00 0.000e+00
2.818e+06 0.000e+00 0.000e+00 0.000e+00 0.000e+00 0.000e+00
3.162e+06 0.000e+00 0.000e+00 0.000e+00 0.000e+00 0.000e+00
3.548e+06 0.000e+00 0.000e+00 0.000e+00 0.000e+00 0.000e+00
3.981e+06 0.000e+00 0.000e+00 0.000e+00 0.000e+00 0.000e+00
4.467e+06 0.000e+00 0.000e+00 0.000e+00 0.000e+00 0.000e+00
5.012e+06 0.000e+00 0.000e+00 0.000e+00 0.000e+00 0.000e+00
5.623e+06 0.000e+00 0.000e+00 0.000e+00 0.000e+00 0.000e+00
6.310e+06 0.000e+00 0.000e+00 0.000e+00 0.000e+00 0.000e+00
7.079e+06 0.000e+00 0.000e+00 0.000e+00 0.000e+00 0.000e+00
7.943e+06 0.000e+00 0.000e+00 0.000e+00 0.000e+00 0.000e+00
8.913e+06 0.000e+00 0.000e+00 0.000e+00 0.000e+00 0.000e+00
1.000e+07 0.000e+00 0.000e+00 0.000e+00 0.000e+00 0.000e+00
1.122e+07 0.000e+00 0.000e+00 0.000e+00 0.000e+00 0.000e+00
1.259e+07 0.000e+00 0.000e+00 0.000e+00 0.000e+00 0.000e+00
1.413e+07 0.000e+00 0.000e+00 0.000e+00 0.000e+00 0.000e+00
1.585e+07 0.000e+00 0.000e+00 0.000e+00 0.000e+00 0.000e+00
1.778e+07 0.000e+00 0.000e+00 0.000e+00 0.000e+00 0.000e+00
1.995e+07 0.000e+00 0.000e+00 0.000e+00 0.000e+00 0.000e+00
2.239e+07 0.000e+00 0.000e+00 0.000e+00 0.000e+00 0.000e+00
2.512e+07 0.000e+00 0.000e+00 0.000e+00 0.000e+00 0.000e+00
2.818e+07 0.000e+00 0.000e+00 0.000e+00 0.000e+00 0.000e+00
3.162e+07 0.000e+00 0.000e+00 0.000e+00 0.000e+00 0.000e+00
3.548e+07 0.000e+00 0.000e+00 0.000e+00 0.000e+00 0.000e+00
3.981e+07 0.000e+00 0.000e+00 0.000e+00 0.000e+00 0.000e+00
4.467e+07 0.000e+00 0.000e+00 0.000e+00 0.000e+00 0.000e+00
5.012e+07 0.000e+00 0.000e+00 0.000e+00 0.000e+00 0.000e+00
5.623e+07 0.000e+00 0.000e+00 0.000e+00 0.000e+00 0.000e+00
6.310e+07 0.000e+00 0.000e+00 0.000e+00 0.000e+00 0.000e+00
7.079e+07 0.000e+00 0.000e+00 0.000e+00 0.000e+00 0.000e+00
7.943e+07 0.000e+00 0.000e+00 0.000e+00 0.000e+00 0.000e+00
8.913e+07 0.000e+00 0.000e+00 0.000e+00 0.000e+00 0.000e+00
1.000e+08 0.000e+00 0.000e+00 0.000e+00 0.000e+00 0.000e+00
