1.000e-20 0.000e+00 0.000e+00 0.000e+00 0.000e+00 0.000e+00
1.122e-20 0.000e+00 0.000e+00 0.000e+00 0.000e+00 0.000e+00
1.259e-20 0.000e+00 0.000e+00 0.000e+00 0.000e+00 0.000e+00
1.413e-20 0.000e+00 0.000e+00 0.000e+00 0.000e+00 0.000e+00
1.585e-20 0.000e+00 0.000e+00 0.000e+00 0.000e+00 0.000e+00
1.778e-20 0.000e+00 0.000e+00 0.000e+00 0.000e+00 0.000e+00
1.995e-20 0.000e+00 0.000e+00 0.000e+00 0.000e+00 0.000e+00
2.239e-20 0.000e+00 0.000e+00 0.000e+00 0.000e+00 0.000e+00
2.512e-20 0.000e+00 0.000e+00 0.000e+00 0.000e+00 0.000e+00
2.818e-20 0.000e+00 0.000e+00 0.000e+00 0.000e+00 0.000e+00
3.162e-20 0.000e+00 0.000e+00 0.000e+00 0.000e+00 0.000e+00
3.548e-20 0.000e+00 0.000e+00 0.000e+00 0.000e+00 0.000e+00
3.981e-20 0.000e+00 0.000e+00 0.000e+00 0.000e+00 0.000e+00
4.467e-20 0.000e+00 0.000e+00 0.000e+00 0.000e+00 0.000e+00
5.012e-20 0.000e+00 0.000e+00 0.000e+00 0.000e+00 0.000e+00
5.623e-20 0.000e+00 0.000e+00 0.000e+00 0.000e+00 0.000e+00
6.310e-20 0.000e+00 0.000e+00 0.000e+00 0.000e+00 0.000e+00
7.079e-20 0.000e+00 0.000e+00 0.000e+00 0.000e+00 0.000e+00
7.943e-20 0.000e+00 0.000e+00 0.000e+00 0.000e+00 0.000e+00
8.913e-20 0.000e+00 0.000e+00 0.000e+00 0.000e+00 0.000e+00
1.000e-19 0.000e+00 0.000e+00 0.000e+00 0.000e+00 0.000e+00
1.122e-19 0.000e+00 0.000e+00 0.000e+00 0.000e+00 0.000e+00
1.259e-19 0.000e+00 0.000e+00 0.000e+00 0.000e+00 0.000e+00
1.413e-19 0.000e+00 0.000e+00 0.000e+00 0.000e+00 0.000e+00
1.585e-19 0.000e+00 0.000e+00 0.000e+00 0.000e+00 0.000e+00
1.778e-19 0.000e+00 0.000e+00 0.000e+00 0.000e+00 0.000e+00
1.995e-19 0.000e+00 0.000e+00 0.000e+00 0.000e+00 0.000e+00
2.239e-19 0.000e+00 0.000e+00 0.000e+00 0.000e+00 0.000e+00
2.512e-19 0.000e+00 0.000e+00 0.000e+00 0.000e+00 0.000e+00
2.818e-19 0.000e+00 0.000e+00 0.000e+00 0.000e+00 0.000e+00
3.162e-19 0.000e+00 0.000e+00 0.000e+00 0.000e+00 0.000e+00
3.548e-19 0.000e+00 0.000e+00 0.000e+00 0.000e+00 0.000e+00
3.981e-19 0.000e+00 0.000e+00 0.000e+00 0.000e+00 0.000e+00
4.467e-19 0.000e+00 0.000e+00 0.000e+00 0.000e+00 0.000e+00
5.012e-19 0.000e+00 0.000e+00 0.000e+00 0.000e+00 0.000e+00
5.623e-19 0.000e+00 0.000e+00 0.000e+00 0.000e+00 0.000e+00
6.310e-19 0.000e+00 0.000e+00 0.000e+00 0.000e+00 0.000e+00
7.079e-19 0.000e+00 0.000e+00 0.000e+00 0.000e+00 0.000e+00
7.943e-19 0.000e+00 0.000e+00 0.000e+00 0.000e+00 0.000e+00
8.913e-19 0.000e+00 0.000e+00 0.000e+00 0.000e+00 0.000e+00
1.000e-18 0.000e+00 0.000e+00 0.000e+00 0.000e+00 0.000e+00
1.122e-18 0.000e+00 0.000e+00 0.000e+00 0.000e+00 0.000e+00
1.259e-18 0.000e+00 0.000e+00 0.000e+00 0.000e+00 0.000e+00
1.413e-18 0.000e+00 0.000e+00 0.000e+00 0.000e+00 0.000e+00
1.585e-18 0.000e+00 0.000e+00 0.000e+00 0.000e+00 0.000e+00
1.778e-18 0.000e+00 0.000e+00 0.000e+00 0.000e+00 0.000e+00
1.995e-18 0.000e+00 0.000e+00 0.000e+00 0.000e+00 0.000e+00
2.239e-18 0.000e+00 0.000e+00 0.000e+00 0.000e+00 0.000e+00
2.512e-18 0.000e+00 0.000e+00 0.000e+00 0.000e+00 0.000e+00
2.818e-18 0.000e+00 0.000e+00 0.000e+00 0.000e+00 0.000e+00
3.162e-18 0.000e+00 0.000e+00 0.000e+00 0.000e+00 0.000e+00
3.548e-18 0.000e+00 0.000e+00 0.000e+00 0.000e+00 0.000e+00
3.981e-18 0.000e+00 0.000e+00 0.000e+00 0.000e+00 0.000e+00
4.467e-18 0.000e+00 0.000e+00 0.000e+00 0.000e+00 0.000e+00
5.012e-18 0.000e+00 0.000e+00 0.000e+00 0.000e+00 0.000e+00
5.623e-18 0.000e+00 0.000e+00 0.000e+00 0.000e+00 0.000e+00
6.310e-18 0.000e+00 0.000e+00 0.000e+00 0.000e+00 0.000e+00
7.079e-18 0.000e+00 0.000e+00 0.000e+00 0.000e+00 0.000e+00
7.943e-18 0.000e+00 0.000e+00 0.000e+00 0.000e+00 0.000e+00
8.913e-18 0.000e+00 0.000e+00 0.000e+00 0.000e+00 0.000e+00
1.000e-17 0.000e+00 0.000e+00 0.000e+00 0.000e+00 0.000e+00
1.122e-17 0.000e+00 0.000e+00 0.000e+00 0.000e+00 0.000e+00
1.259e-17 0.000e+00 0.000e+00 0.000e+00 0.000e+00 0.000e+00
1.413e-17 0.000e+00 0.000e+00 0.000e+00 0.000e+00 0.000e+00
1.585e-17 0.000e+00 0.000e+00 0.000e+00 0.000e+00 0.000e+00
1.778e-17 0.000e+00 0.000e+00 0.000e+00 0.000e+00 0.000e+00
1.995e-17 0.000e+00 0.000e+00 0.000e+00 0.000e+00 0.000e+00
2.239e-17 0.000e+00 0.000e+00 0.000e+00 0.000e+00 0.000e+00
2.512e-17 0.000e+00 0.000e+00 0.000e+00 0.000e+00 0.000e+00
2.818e-17 0.000e+00 0.000e+00 0.000e+00 0.000e+00 0.000e+00
3.162e-17 0.000e+00 0.000e+00 0.000e+00 0.000e+00 0.000e+00
3.548e-17 0.000e+00 0.000e+00 0.000e+00 0.000e+00 0.000e+00
3.981e-17 0.000e+00 0.000e+00 0.000e+00 0.000e+00 0.000e+00
4.467e-17 0.000e+00 0.000e+00 0.000e+00 0.000e+00 0.000e+00
5.012e-17 0.000e+00 0.000e+00 0.000e+00 0.000e+00 0.000e+00
5.623e-17 0.000e+00 0.000e+00 0.000e+00 0.000e+00 0.000e+00
6.310e-17 0.000e+00 0.000e+00 0.000e+00 0.000e+00 0.000e+00
7.079e-17 0.000e+00 0.000e+00 0.000e+00 0.000e+00 0.000e+00
7.943e-17 0.000e+00 0.000e+00 0.000e+00 0.000e+00 0.000e+00
8.913e-17 0.000e+00 0.000e+00 0.000e+00 0.000e+00 0.000e+00
1.000e-16 0.000e+00 0.000e+00 0.000e+00 0.000e+00 0.000e+00
1.122e-16 0.000e+00 0.000e+00 0.000e+00 0.000e+00 0.000e+00
1.259e-16 0.000e+00 0.000e+00 0.000e+00 0.000e+00 0.000e+00
1.413e-16 0.000e+00 0.000e+00 0.000e+00 0.000e+00 0.000e+00
1.585e-16 0.000e+00 0.000e+00 0.000e+00 0.000e+00 0.000e+00
1.778e-16 0.000e+00 0.000e+00 0.000e+00 0.000e+00 0.000e+00
1.995e-16 0.000e+00 0.000e+00 0.000e+00 0.000e+00 0.000e+00
2.239e-16 0.000e+00 0.000e+00 0.000e+00 0.000e+00 0.000e+00
2.512e-16 0.000e+00 0.000e+00 0.000e+00 0.000e+00 0.000e+00
2.818e-16 0.000e+00 0.000e+00 0.000e+00 0.000e+00 0.000e+00
3.162e-16 0.000e+00 0.000e+00 0.000e+00 0.000e+00 0.000e+00
3.548e-16 0.000e+00 0.000e+00 0.000e+00 0.000e+00 0.000e+00
3.981e-16 0.000e+00 0.000e+00 0.000e+00 0.000e+00 0.000e+00
4.467e-16 0.000e+00 0.000e+00 0.000e+00 0.000e+00 0.000e+00
5.012e-16 0.000e+00 0.000e+00 0.000e+00 0.000e+00 0.000e+00
5.623e-16 0.000e+00 0.000e+00 0.000e+00 0.000e+00 0.000e+00
6.310e-16 0.000e+00 0.000e+00 0.000e+00 0.000e+00 0.000e+00
7.079e-16 0.000e+00 0.000e+00 0.000e+00 0.000e+00 0.000e+00
7.943e-16 0.000e+00 0.000e+00 0.000e+00 0.000e+00 0.000e+00
8.913e-16 0.000e+00 0.000e+00 0.000e+00 0.000e+00 0.000e+00
1.000e-15 0.000e+00 0.000e+00 0.000e+00 0.000e+00 0.000e+00
1.122e-15 2.095e+56 4.225e+26 4.233e-31 2.784e-19 3.499e-18
1.259e-15 1.384e+56 3.514e+26 3.520e-31 2.316e-19 2.910e-18
1.413e-15 9.142e+55 2.922e+26 2.927e-31 1.926e-19 2.420e-18
1.585e-15 6.039e+55 2.430e+26 2.434e-31 1.601e-19 2.012e-18
1.778e-15 3.989e+55 2.021e+26 2.024e-31 1.332e-19 1.674e-18
1.995e-15 2.635e+55 1.681e+26 1.684e-31 1.108e-19 1.392e-18
2.239e-15 1.740e+55 1.398e+26 1.400e-31 9.210e-20 1.157e-18
2.512e-15 1.150e+55 1.162e+26 1.164e-31 7.658e-20 9.623e-19
2.818e-15 7.593e+54 9.664e+25 9.680e-32 6.368e-20 8.002e-19
3.162e-15 5.015e+54 8.035e+25 8.049e-32 5.295e-20 6.654e-19
3.548e-15 3.312e+54 6.681e+25 6.692e-32 4.402e-20 5.532e-19
3.981e-15 2.187e+54 5.554e+25 5.564e-32 3.660e-20 4.599e-19
4.467e-15 1.444e+54 4.618e+25 4.626e-32 3.043e-20 3.824e-19
5.012e-15 9.539e+53 3.839e+25 3.845e-32 2.530e-20 3.179e-19
5.623e-15 6.298e+53 3.191e+25 3.196e-32 2.103e-20 2.642e-19
6.310e-15 4.158e+53 2.652e+25 2.657e-32 1.748e-20 2.196e-19
7.079e-15 2.745e+53 2.204e+25 2.208e-32 1.453e-20 1.825e-19
7.943e-15 1.812e+53 1.832e+25 1.835e-32 1.207e-20 1.517e-19
8.913e-15 1.196e+53 1.522e+25 1.525e-32 1.003e-20 1.261e-19
1.000e-14 7.895e+52 1.265e+25 1.267e-32 8.335e-21 1.047e-19
1.122e-14 5.210e+52 1.051e+25 1.053e-32 6.924e-21 8.702e-20
1.259e-14 3.437e+52 8.729e+24 8.743e-33 5.752e-21 7.228e-20
1.413e-14 2.268e+52 7.249e+24 7.261e-33 4.777e-21 6.003e-20
1.585e-14 1.496e+52 6.019e+24 6.029e-33 3.966e-21 4.984e-20
1.778e-14 9.863e+51 4.997e+24 5.006e-33 3.293e-21 4.138e-20
1.995e-14 6.502e+51 4.147e+24 4.155e-33 2.733e-21 3.434e-20
2.239e-14 4.286e+51 3.441e+24 3.447e-33 2.268e-21 2.850e-20
2.512e-14 2.824e+51 2.855e+24 2.860e-33 1.881e-21 2.364e-20
2.818e-14 1.860e+51 2.367e+24 2.371e-33 1.560e-21 1.960e-20
3.162e-14 1.225e+51 1.962e+24 1.966e-33 1.293e-21 1.625e-20
3.548e-14 8.061e+50 1.626e+24 1.629e-33 1.071e-21 1.346e-20
3.981e-14 5.303e+50 1.347e+24 1.349e-33 8.874e-22 1.115e-20
4.467e-14 3.487e+50 1.115e+24 1.117e-33 7.346e-22 9.231e-21
5.012e-14 2.292e+50 9.222e+23 9.238e-34 6.077e-22 7.637e-21
5.623e-14 1.505e+50 7.625e+23 7.638e-34 5.024e-22 6.314e-21
6.310e-14 9.876e+49 6.299e+23 6.310e-34 4.151e-22 5.216e-21
7.079e-14 6.475e+49 5.200e+23 5.208e-34 3.426e-22 4.306e-21
7.943e-14 4.242e+49 4.288e+23 4.295e-34 2.826e-22 3.551e-21
8.913e-14 2.776e+49 3.533e+23 3.539e-34 2.328e-22 2.925e-21
1.000e-13 1.814e+49 2.907e+23 2.912e-34 1.916e-22 2.407e-21
1.122e-13 1.184e+49 2.389e+23 2.393e-34 1.574e-22 1.978e-21
1.259e-13 7.720e+48 1.960e+23 1.964e-34 1.292e-22 1.623e-21
1.413e-13 4.876e+48 1.559e+23 1.561e-34 1.027e-22 1.291e-21
1.585e-13 3.153e+48 1.269e+23 1.271e-34 8.362e-23 1.051e-21
1.778e-13 2.033e+48 1.030e+23 1.032e-34 6.788e-23 8.530e-22
1.995e-13 1.307e+48 8.339e+22 8.353e-35 5.495e-23 6.905e-22
2.239e-13 8.374e+47 6.724e+22 6.735e-35 4.431e-23 5.568e-22
2.512e-13 5.342e+47 5.400e+22 5.410e-35 3.559e-23 4.472e-22
2.818e-13 3.393e+47 4.318e+22 4.326e-35 2.846e-23 3.576e-22
3.162e-13 2.144e+47 3.435e+22 3.441e-35 2.264e-23 2.844e-22
3.548e-13 1.347e+47 2.716e+22 2.721e-35 1.790e-23 2.249e-22
3.981e-13 8.405e+46 2.134e+22 2.138e-35 1.406e-23 1.767e-22
4.467e-13 5.207e+46 1.665e+22 1.667e-35 1.097e-23 1.378e-22
5.012e-13 3.200e+46 1.288e+22 1.290e-35 8.485e-24 1.066e-22
5.623e-13 1.948e+46 9.870e+21 9.887e-36 6.504e-24 8.173e-23
6.310e-13 1.174e+46 7.488e+21 7.500e-36 4.934e-24 6.200e-23
7.079e-13 6.994e+45 5.616e+21 5.626e-36 3.701e-24 4.650e-23
7.943e-13 4.114e+45 4.159e+21 4.166e-36 2.741e-24 3.444e-23
8.913e-13 2.387e+45 3.037e+21 3.042e-36 2.001e-24 2.515e-23
1.000e-12 1.363e+45 2.184e+21 2.187e-36 1.439e-24 1.808e-23
1.122e-12 7.652e+44 1.543e+21 1.546e-36 1.017e-24 1.278e-23
1.259e-12 4.215e+44 1.070e+21 1.072e-36 7.053e-25 8.863e-24
1.413e-12 2.274e+44 7.269e+20 7.282e-37 4.790e-25 6.020e-24
1.585e-12 1.199e+44 4.824e+20 4.832e-37 3.179e-25 3.995e-24
1.778e-12 6.158e+43 3.120e+20 3.125e-37 2.056e-25 2.584e-24
1.995e-12 3.075e+43 1.961e+20 1.965e-37 1.292e-25 1.624e-24
2.239e-12 1.488e+43 1.195e+20 1.197e-37 7.872e-26 9.893e-25
2.512e-12 6.950e+42 7.026e+19 7.037e-38 4.630e-26 5.818e-25
2.818e-12 3.122e+42 3.973e+19 3.980e-38 2.618e-26 3.290e-25
3.162e-12 1.343e+42 2.152e+19 2.155e-38 1.418e-26 1.782e-25
3.548e-12 5.504e+41 1.110e+19 1.112e-38 7.316e-27 9.194e-26
3.981e-12 2.289e+41 5.814e+18 5.824e-39 3.831e-27 4.814e-26
4.467e-12 8.113e+40 2.594e+18 2.598e-39 1.709e-27 2.148e-26
5.012e-12 2.580e+40 1.038e+18 1.040e-39 6.842e-28 8.598e-27
5.623e-12 6.596e+39 3.342e+17 3.347e-40 2.202e-28 2.767e-27
6.310e-12 6.138e+38 3.915e+16 3.922e-41 2.580e-29 3.242e-28
7.079e-12 0.000e+00 0.000e+00 0.000e+00 0.000e+00 0.000e+00
7.943e-12 3.100e+03 3.134e-19 3.139e-76 2.065e-64 2.595e-63
8.913e-12 3.100e+03 3.945e-19 3.952e-76 2.600e-64 3.267e-63
1.000e-11 3.100e+03 4.967e-19 4.975e-76 3.273e-64 4.113e-63
1.122e-11 3.100e+03 6.253e-19 6.264e-76 4.120e-64 5.178e-63
1.259e-11 3.100e+03 7.872e-19 7.885e-76 5.187e-64 6.519e-63
1.413e-11 3.100e+03 9.910e-19 9.927e-76 6.530e-64 8.206e-63
1.585e-11 3.100e+03 1.248e-18 1.250e-75 8.221e-64 1.033e-62
1.778e-11 3.100e+03 1.571e-18 1.573e-75 1.035e-63 1.301e-62
1.995e-11 3.100e+03 1.977e-18 1.981e-75 1.303e-63 1.637e-62
2.239e-11 3.100e+03 2.489e-18 2.494e-75 1.640e-63 2.061e-62
2.512e-11 3.100e+03 3.134e-18 3.139e-75 2.065e-63 2.595e-62
2.818e-11 3.100e+03 3.945e-18 3.952e-75 2.600e-63 3.267e-62
3.162e-11 3.100e+03 4.967e-18 4.975e-75 3.273e-63 4.113e-62
3.548e-11 3.100e+03 6.253e-18 6.264e-75 4.120e-63 5.178e-62
3.981e-11 3.100e+03 7.872e-18 7.885e-75 5.187e-63 6.519e-62
4.467e-11 3.100e+03 9.910e-18 9.927e-75 6.530e-63 8.206e-62
5.012e-11 3.100e+03 1.248e-17 1.250e-74 8.221e-63 1.033e-61
5.623e-11 3.100e+03 1.571e-17 1.573e-74 1.035e-62 1.301e-61
6.310e-11 3.100e+03 1.977e-17 1.981e-74 1.303e-62 1.637e-61
7.079e-11 3.100e+03 2.489e-17 2.494e-74 1.640e-62 2.061e-61
7.943e-11 3.100e+03 3.134e-17 3.139e-74 2.065e-62 2.595e-61
8.913e-11 3.100e+03 3.945e-17 3.952e-74 2.600e-62 3.267e-61
1.000e-10 3.100e+03 4.967e-17 4.975e-74 3.273e-62 4.113e-61
1.122e-10 3.100e+03 6.253e-17 6.264e-74 4.120e-62 5.178e-61
1.259e-10 3.100e+03 7.872e-17 7.885e-74 5.187e-62 6.519e-61
1.413e-10 3.100e+03 9.910e-17 9.927e-74 6.530e-62 8.206e-61
1.585e-10 3.100e+03 1.248e-16 1.250e-73 8.221e-62 1.033e-60
1.778e-10 3.100e+03 1.571e-16 1.573e-73 1.035e-61 1.301e-60
1.995e-10 3.100e+03 1.977e-16 1.981e-73 1.303e-61 1.637e-60
2.239e-10 3.100e+03 2.489e-16 2.494e-73 1.640e-61 2.061e-60
2.512e-10 3.100e+03 3.134e-16 3.139e-73 2.065e-61 2.595e-60
2.818e-10 3.100e+03 3.945e-16 3.952e-73 2.600e-61 3.267e-60
3.162e-10 3.100e+03 4.967e-16 4.975e-73 3.273e-61 4.113e-60
3.548e-10 3.100e+03 6.253e-16 6.264e-73 4.120e-61 5.178e-60
3.981e-10 3.100e+03 7.872e-16 7.885e-73 5.187e-61 6.519e-60
4.467e-10 3.100e+03 9.910e-16 9.927e-73 6.530e-61 8.206e-60
5.012e-10 3.100e+03 1.248e-15 1.250e-72 8.221e-61 1.033e-59
5.623e-10 3.100e+03 1.571e-15 1.573e-72 1.035e-60 1.301e-59
6.310e-10 3.100e+03 1.977e-15 1.981e-72 1.303e-60 1.637e-59
7.079e-10 3.100e+03 2.489e-15 2.494e-72 1.640e-60 2.061e-59
7.943e-10 3.100e+03 3.134e-15 3.139e-72 2.065e-60 2.595e-59
8.913e-10 3.100e+03 3.945e-15 3.952e-72 2.600e-60 3.267e-59
1.000e-09 3.100e+03 4.967e-15 4.975e-72 3.273e-60 4.113e-59
1.122e-09 3.100e+03 6.253e-15 6.264e-72 4.120e-60 5.178e-59
1.259e-09 3.100e+03 7.872e-15 7.885e-72 5.187e-60 6.519e-59
1.413e-09 3.100e+03 9.910e-15 9.927e-72 6.530e-60 8.206e-59
1.585e-09 3.100e+03 1.248e-14 1.250e-71 8.221e-60 1.033e-58
1.778e-09 3.100e+03 1.571e-14 1.573e-71 1.035e-59 1.301e-58
1.995e-09 3.100e+03 1.977e-14 1.981e-71 1.303e-59 1.637e-58
2.239e-09 3.100e+03 2.489e-14 2.494e-71 1.640e-59 2.061e-58
2.512e-09 3.100e+03 3.134e-14 3.139e-71 2.065e-59 2.595e-58
2.818e-09 3.100e+03 3.945e-14 3.952e-71 2.600e-59 3.267e-58
3.162e-09 3.100e+03 4.967e-14 4.975e-71 3.273e-59 4.113e-58
3.548e-09 3.100e+03 6.253e-14 6.264e-71 4.120e-59 5.178e-58
3.981e-09 3.100e+03 7.872e-14 7.885e-71 5.187e-59 6.519e-58
4.467e-09 3.100e+03 9.910e-14 9.927e-71 6.530e-59 8.206e-58
5.012e-09 3.100e+03 1.248e-13 1.250e-70 8.221e-59 1.033e-57
5.623e-09 3.100e+03 1.571e-13 1.573e-70 1.035e-58 1.301e-57
6.310e-09 3.100e+03 1.977e-13 1.981e-70 1.303e-58 1.637e-57
7.079e-09 3.100e+03 2.489e-13 2.494e-70 1.640e-58 2.061e-57
7.943e-09 3.100e+03 3.134e-13 3.139e-70 2.065e-58 2.595e-57
8.913e-09 3.100e+03 3.945e-13 3.952e-70 2.600e-58 3.267e-57
1.000e-08 3.100e+03 4.967e-13 4.975e-70 3.273e-58 4.113e-57
1.122e-08 3.100e+03 6.253e-13 6.264e-70 4.120e-58 5.178e-57
1.259e-08 3.100e+03 7.872e-13 7.885e-70 5.187e-58 6.519e-57
1.413e-08 3.100e+03 9.910e-13 9.927e-70 6.530e-58 8.206e-57
1.585e-08 3.100e+03 1.248e-12 1.250e-69 8.221e-58 1.033e-56
1.778e-08 3.100e+03 1.571e-12 1.573e-69 1.035e-57 1.301e-56
1.995e-08 3.100e+03 1.977e-12 1.981e-69 1.303e-57 1.637e-56
2.239e-08 3.100e+03 2.489e-12 2.494e-69 1.640e-57 2.061e-56
2.512e-08 3.100e+03 3.134e-12 3.139e-69 2.065e-57 2.595e-56
2.818e-08 3.100e+03 3.945e-12 3.952e-69 2.600e-57 3.267e-56
3.162e-08 3.100e+03 4.967e-12 4.975e-69 3.273e-57 4.113e-56
3.548e-08 3.100e+03 6.253e-12 6.264e-69 4.120e-57 5.178e-56
3.981e-08 3.100e+03 7.872e-12 7.885e-69 5.187e-57 6.519e-56
4.467e-08 3.100e+03 9.910e-12 9.927e-69 6.530e-57 8.206e-56
5.012e-08 3.100e+03 1.248e-11 1.250e-68 8.221e-57 1.033e-55
5.623e-08 3.100e+03 1.571e-11 1.573e-68 1.035e-56 1.301e-55
6.310e-08 3.100e+03 1.977e-11 1.981e-68 1.303e-56 1.637e-55
7.079e-08 3.100e+03 2.489e-11 2.494e-68 1.640e-56 2.061e-55
7.943e-08 3.100e+03 3.134e-11 3.139e-68 2.065e-56 2.595e-55
8.913e-08 3.100e+03 3.945e-11 3.952e-68 2.600e-56 3.267e-55
1.000e-07 3.100e+03 4.967e-11 4.975e-68 3.273e-56 4.113e-55
1.122e-07 3.100e+03 6.253e-11 6.264e-68 4.120e-56 5.178e-55
1.259e-07 3.100e+03 7.872e-11 7.885e-68 5.187e-56 6.519e-55
1.413e-07 3.100e+03 9.910e-11 9.927e-68 6.530e-56 8.206e-55
1.585e-07 3.100e+03 1.248e-10 1.250e-67 8.221e-56 1.033e-54
1.778e-07 3.100e+03 1.571e-10 1.573e-67 1.035e-55 1.301e-54
1.995e-07 3.100e+03 1.977e-10 1.981e-67 1.303e-55 1.637e-54
2.239e-07 3.100e+03 2.489e-10 2.494e-67 1.640e-55 2.061e-54
2.512e-07 3.100e+03 3.134e-10 3.139e-67 2.065e-55 2.595e-54
2.818e-07 3.100e+03 3.945e-10 3.952e-67 2.600e-55 3.267e-54
3.162e-07 3.100e+03 4.967e-10 4.975e-67 3.273e-55 4.113e-54
3.548e-07 3.100e+03 6.253e-10 6.264e-67 4.120e-55 5.178e-54
3.981e-07 3.100e+03 7.872e-10 7.885e-67 5.187e-55 6.519e-54
4.467e-07 3.100e+03 9.910e-10 9.927e-67 6.530e-55 8.206e-54
5.012e-07 3.100e+03 1.248e-09 1.250e-66 8.221e-55 1.033e-53
5.623e-07 3.100e+03 1.571e-09 1.573e-66 1.035e-54 1.301e-53
6.310e-07 3.100e+03 1.977e-09 1.981e-66 1.303e-54 1.637e-53
7.079e-07 3.100e+03 2.489e-09 2.494e-66 1.640e-54 2.061e-53
7.943e-07 3.100e+03 3.134e-09 3.139e-66 2.065e-54 2.595e-53
8.913e-07 3.100e+03 3.945e-09 3.952e-66 2.600e-54 3.267e-53
1.000e-06 3.100e+03 4.967e-09 4.975e-66 3.273e-54 4.113e-53
1.122e-06 3.100e+03 6.253e-09 6.264e-66 4.120e-54 5.178e-53
1.259e-06 3.100e+03 7.872e-09 7.885e-66 5.187e-54 6.519e-53
1.413e-06 3.100e+03 9.910e-09 9.927e-66 6.530e-54 8.206e-53
1.585e-06 3.100e+03 1.248e-08 1.250e-65 8.221e-54 1.033e-52
1.778e-06 3.100e+03 1.571e-08 1.573e-65 1.035e-53 1.301e-52
1.995e-06 3.100e+03 1.977e-08 1.981e-65 1.303e-53 1.637e-52
2.239e-06 3.100e+03 2.489e-08 2.494e-65 1.640e-53 2.061e-52
2.512e-06 3.100e+03 3.134e-08 3.139e-65 2.065e-53 2.595e-52
2.818e-06 3.100e+03 3.945e-08 3.952e-65 2.600e-53 3.267e-52
3.162e-06 3.100e+03 4.967e-08 4.975e-65 3.273e-53 4.113e-52
3.548e-06 3.100e+03 6.253e-08 6.264e-65 4.120e-53 5.178e-52
3.981e-06 3.100e+03 7.872e-08 7.885e-65 5.187e-53 6.519e-52
4.467e-06 3.100e+03 9.910e-08 9.927e-65 6.530e-53 8.206e-52
5.012e-06 3.100e+03 1.248e-07 1.250e-64 8.221e-53 1.033e-51
5.623e-06 3.100e+03 1.571e-07 1.573e-64 1.035e-52 1.301e-51
6.310e-06 3.100e+03 1.977e-07 1.981e-64 1.303e-52 1.637e-51
7.079e-06 3.100e+03 2.489e-07 2.494e-64 1.640e-52 2.061e-51
7.943e-06 3.100e+03 3.134e-07 3.139e-64 2.065e-52 2.595e-51
8.913e-06 3.100e+03 3.945e-07 3.952e-64 2.600e-52 3.267e-51
1.000e-05 3.100e+03 4.967e-07 4.975e-64 3.273e-52 4.113e-51
1.122e-05 3.100e+03 6.253e-07 6.264e-64 4.120e-52 5.178e-51
1.259e-05 3.100e+03 7.872e-07 7.885e-64 5.187e-52 6.519e-51
1.413e-05 3.100e+03 9.910e-07 9.927e-64 6.530e-52 8.206e-51
1.585e-05 3.100e+03 1.248e-06 1.250e-63 8.221e-52 1.033e-50
1.778e-05 3.100e+03 1.571e-06 1.573e-63 1.035e-51 1.301e-50
1.995e-05 3.100e+03 1.977e-06 1.981e-63 1.303e-51 1.637e-50
2.239e-05 3.100e+03 2.489e-06 2.494e-63 1.640e-51 2.061e-50
2.512e-05 3.100e+03 3.134e-06 3.139e-63 2.065e-51 2.595e-50
2.818e-05 3.100e+03 3.945e-06 3.952e-63 2.600e-51 3.267e-50
3.162e-05 3.100e+03 4.967e-06 4.975e-63 3.273e-51 4.113e-50
3.548e-05 3.100e+03 6.253e-06 6.264e-63 4.120e-51 5.178e-50
3.981e-05 3.100e+03 7.872e-06 7.885e-63 5.187e-51 6.519e-50
4.467e-05 3.100e+03 9.910e-06 9.927e-63 6.530e-51 8.206e-50
5.012e-05 3.100e+03 1.248e-05 1.250e-62 8.221e-51 1.033e-49
5.623e-05 3.100e+03 1.571e-05 1.573e-62 1.035e-50 1.301e-49
6.310e-05 3.100e+03 1.977e-05 1.981e-62 1.303e-50 1.637e-49
7.079e-05 3.100e+03 2.489e-05 2.494e-62 1.640e-50 2.061e-49
7.943e-05 3.100e+03 3.134e-05 3.139e-62 2.065e-50 2.595e-49
8.913e-05 3.100e+03 3.945e-05 3.952e-62 2.600e-50 3.267e-49
1.000e-04 3.100e+03 4.967e-05 4.975e-62 3.273e-50 4.113e-49
1.122e-04 3.328e+03 6.713e-05 6.725e-62 4.424e-50 5.559e-49
1.259e-04 3.355e+03 8.518e-05 8.533e-62 5.613e-50 7.054e-49
1.413e-04 3.384e+03 1.082e-04 1.084e-61 7.128e-50 8.957e-49
1.585e-04 3.416e+03 1.375e-04 1.377e-61 9.059e-50 1.138e-48
1.778e-04 3.451e+03 1.749e-04 1.752e-61 1.152e-49 1.448e-48
1.995e-04 3.490e+03 2.226e-04 2.230e-61 1.467e-49 1.844e-48
2.239e-04 3.533e+03 2.837e-04 2.842e-61 1.869e-49 2.349e-48
2.512e-04 3.580e+03 3.619e-04 3.625e-61 2.385e-49 2.997e-48
2.818e-04 3.630e+03 4.620e-04 4.628e-61 3.044e-49 3.826e-48
3.162e-04 3.685e+03 5.904e-04 5.914e-61 3.890e-49 4.889e-48
3.548e-04 3.744e+03 7.551e-04 7.564e-61 4.976e-49 6.253e-48
3.981e-04 3.807e+03 9.667e-04 9.683e-61 6.370e-49 8.005e-48
4.467e-04 3.874e+03 1.238e-03 1.241e-60 8.161e-49 1.025e-47
5.012e-04 3.945e+03 1.588e-03 1.590e-60 1.046e-48 1.315e-47
5.623e-04 4.019e+03 2.036e-03 2.040e-60 1.342e-48 1.686e-47
6.310e-04 4.096e+03 2.613e-03 2.617e-60 1.722e-48 2.163e-47
7.079e-04 4.176e+03 3.353e-03 3.359e-60 2.210e-48 2.777e-47
7.943e-04 4.257e+03 4.304e-03 4.311e-60 2.836e-48 3.564e-47
8.913e-04 4.341e+03 5.524e-03 5.533e-60 3.640e-48 4.574e-47
1.000e-03 4.425e+03 7.090e-03 7.102e-60 4.672e-48 5.871e-47
1.122e-03 4.510e+03 9.097e-03 9.113e-60 5.995e-48 7.533e-47
1.259e-03 4.596e+03 1.167e-02 1.169e-59 7.691e-48 9.665e-47
1.413e-03 4.683e+03 1.497e-02 1.500e-59 9.866e-48 1.240e-46
1.585e-03 4.772e+03 1.920e-02 1.924e-59 1.266e-47 1.590e-46
1.778e-03 4.863e+03 2.464e-02 2.468e-59 1.624e-47 2.040e-46
1.995e-03 4.958e+03 3.162e-02 3.168e-59 2.084e-47 2.619e-46
2.239e-03 5.058e+03 4.062e-02 4.069e-59 2.677e-47 3.364e-46
2.512e-03 5.167e+03 5.224e-02 5.232e-59 3.442e-47 4.326e-46
2.818e-03 5.287e+03 6.729e-02 6.740e-59 4.434e-47 5.572e-46
3.162e-03 5.423e+03 8.689e-02 8.703e-59 5.725e-47 7.195e-46
3.548e-03 5.580e+03 1.125e-01 1.127e-58 7.416e-47 9.319e-46
3.981e-03 5.764e+03 1.464e-01 1.466e-58 9.645e-47 1.212e-45
4.467e-03 5.987e+03 1.914e-01 1.917e-58 1.261e-46 1.585e-45
5.012e-03 6.260e+03 2.519e-01 2.524e-58 1.660e-46 2.086e-45
5.623e-03 0.000e+00 0.000e+00 0.000e+00 0.000e+00 0.000e+00
6.310e-03 1.346e-05 8.584e-10 8.598e-67 5.656e-55 7.108e-54
7.079e-03 1.199e-05 9.631e-10 9.648e-67 6.347e-55 7.975e-54
7.943e-03 1.069e-05 1.081e-09 1.082e-66 7.121e-55 8.949e-54
8.913e-03 9.527e-06 1.213e-09 1.215e-66 7.990e-55 1.004e-53
1.000e-02 8.491e-06 1.360e-09 1.363e-66 8.965e-55 1.127e-53
1.122e-02 7.568e-06 1.526e-09 1.529e-66 1.006e-54 1.264e-53
1.259e-02 6.745e-06 1.713e-09 1.716e-66 1.129e-54 1.418e-53
1.413e-02 6.011e-06 1.922e-09 1.925e-66 1.266e-54 1.591e-53
1.585e-02 5.358e-06 2.156e-09 2.160e-66 1.421e-54 1.785e-53
1.778e-02 4.775e-06 2.419e-09 2.423e-66 1.594e-54 2.003e-53
1.995e-02 4.256e-06 2.714e-09 2.719e-66 1.789e-54 2.248e-53
2.239e-02 3.793e-06 3.046e-09 3.051e-66 2.007e-54 2.522e-53
2.512e-02 3.380e-06 3.417e-09 3.423e-66 2.252e-54 2.830e-53
2.818e-02 3.013e-06 3.834e-09 3.841e-66 2.527e-54 3.175e-53
3.162e-02 2.685e-06 4.302e-09 4.309e-66 2.835e-54 3.562e-53
3.548e-02 2.393e-06 4.827e-09 4.835e-66 3.181e-54 3.997e-53
3.981e-02 2.133e-06 5.416e-09 5.425e-66 3.569e-54 4.485e-53
4.467e-02 1.901e-06 6.077e-09 6.087e-66 4.004e-54 5.032e-53
5.012e-02 1.694e-06 6.818e-09 6.830e-66 4.493e-54 5.646e-53
5.623e-02 1.510e-06 7.650e-09 7.663e-66 5.041e-54 6.335e-53
6.310e-02 1.346e-06 8.584e-09 8.598e-66 5.656e-54 7.108e-53
7.079e-02 1.199e-06 9.631e-09 9.648e-66 6.347e-54 7.975e-53
7.943e-02 1.069e-06 1.081e-08 1.082e-65 7.121e-54 8.949e-53
8.913e-02 9.527e-07 1.213e-08 1.215e-65 7.990e-54 1.004e-52
1.000e-01 8.491e-07 1.360e-08 1.363e-65 8.965e-54 1.127e-52
1.122e-01 7.568e-07 1.526e-08 1.529e-65 1.006e-53 1.264e-52
1.259e-01 6.745e-07 1.713e-08 1.716e-65 1.129e-53 1.418e-52
1.413e-01 6.011e-07 1.922e-08 1.925e-65 1.266e-53 1.591e-52
1.585e-01 5.358e-07 2.156e-08 2.160e-65 1.421e-53 1.785e-52
1.778e-01 4.775e-07 2.419e-08 2.423e-65 1.594e-53 2.003e-52
1.995e-01 4.256e-07 2.714e-08 2.719e-65 1.789e-53 2.248e-52
2.239e-01 3.793e-07 3.046e-08 3.051e-65 2.007e-53 2.522e-52
2.512e-01 3.380e-07 3.417e-08 3.423e-65 2.252e-53 2.830e-52
2.818e-01 3.013e-07 3.834e-08 3.841e-65 2.527e-53 3.175e-52
3.162e-01 2.685e-07 4.302e-08 4.309e-65 2.835e-53 3.562e-52
3.548e-01 2.393e-07 4.827e-08 4.835e-65 3.181e-53 3.997e-52
3.981e-01 2.133e-07 5.416e-08 5.425e-65 3.569e-53 4.485e-52
4.467e-01 1.901e-07 6.077e-08 6.087e-65 4.004e-53 5.032e-52
5.012e-01 1.694e-07 6.818e-08 6.830e-65 4.493e-53 5.646e-52
5.623e-01 1.510e-07 7.650e-08 7.663e-65 5.041e-53 6.335e-52
6.310e-01 1.346e-07 8.584e-08 8.598e-65 5.656e-53 7.108e-52
7.079e-01 1.199e-07 9.631e-08 9.648e-65 6.347e-53 7.975e-52
7.943e-01 1.069e-07 1.081e-07 1.082e-64 7.121e-53 8.949e-52
8.913e-01 9.527e-08 1.213e-07 1.215e-64 7.990e-53 1.004e-51
1.000e+00 8.491e-08 1.360e-07 1.363e-64 8.965e-53 1.127e-51
1.122e+00 7.568e-08 1.526e-07 1.529e-64 1.006e-52 1.264e-51
1.259e+00 6.745e-08 1.713e-07 1.716e-64 1.129e-52 1.418e-51
1.413e+00 6.011e-08 1.922e-07 1.925e-64 1.266e-52 1.591e-51
1.585e+00 5.358e-08 2.156e-07 2.160e-64 1.421e-52 1.785e-51
1.778e+00 4.775e-08 2.419e-07 2.423e-64 1.594e-52 2.003e-51
1.995e+00 4.256e-08 2.714e-07 2.719e-64 1.789e-52 2.248e-51
2.239e+00 3.793e-08 3.046e-07 3.051e-64 2.007e-52 2.522e-51
2.512e+00 3.380e-08 3.417e-07 3.423e-64 2.252e-52 2.830e-51
2.818e+00 3.013e-08 3.834e-07 3.841e-64 2.527e-52 3.175e-51
3.162e+00 2.685e-08 4.302e-07 4.309e-64 2.835e-52 3.562e-51
3.548e+00 2.393e-08 4.827e-07 4.835e-64 3.181e-52 3.997e-51
3.981e+00 2.133e-08 5.416e-07 5.425e-64 3.569e-52 4.485e-51
4.467e+00 1.901e-08 6.077e-07 6.087e-64 4.004e-52 5.032e-51
5.012e+00 1.694e-08 6.818e-07 6.830e-64 4.493e-52 5.646e-51
5.623e+00 1.510e-08 7.650e-07 7.663e-64 5.041e-52 6.335e-51
6.310e+00 1.346e-08 8.584e-07 8.598e-64 5.656e-52 7.108e-51
7.079e+00 1.199e-08 9.631e-07 9.648e-64 6.347e-52 7.975e-51
7.943e+00 1.069e-08 1.081e-06 1.082e-63 7.121e-52 8.949e-51
8.913e+00 9.527e-09 1.213e-06 1.215e-63 7.990e-52 1.004e-50
1.000e+01 8.491e-09 1.360e-06 1.363e-63 8.965e-52 1.127e-50
1.122e+01 7.568e-09 1.526e-06 1.529e-63 1.006e-51 1.264e-50
1.259e+01 6.745e-09 1.713e-06 1.716e-63 1.129e-51 1.418e-50
1.413e+01 6.011e-09 1.922e-06 1.925e-63 1.266e-51 1.591e-50
1.585e+01 5.358e-09 2.156e-06 2.160e-63 1.421e-51 1.785e-50
1.778e+01 4.775e-09 2.419e-06 2.423e-63 1.594e-51 2.003e-50
1.995e+01 4.256e-09 2.714e-06 2.719e-63 1.789e-51 2.248e-50
2.239e+01 3.793e-09 3.046e-06 3.051e-63 2.007e-51 2.522e-50
2.512e+01 3.380e-09 3.417e-06 3.423e-63 2.252e-51 2.830e-50
2.818e+01 3.013e-09 3.834e-06 3.841e-63 2.527e-51 3.175e-50
3.162e+01 2.685e-09 4.302e-06 4.309e-63 2.835e-51 3.562e-50
3.548e+01 2.393e-09 4.827e-06 4.835e-63 3.181e-51 3.997e-50
3.981e+01 2.133e-09 5.416e-06 5.425e-63 3.569e-51 4.485e-50
4.467e+01 1.901e-09 6.077e-06 6.087e-63 4.004e-51 5.032e-50
5.012e+01 1.694e-09 6.818e-06 6.830e-63 4.493e-51 5.646e-50
5.623e+01 1.510e-09 7.650e-06 7.663e-63 5.041e-51 6.335e-50
6.310e+01 1.346e-09 8.584e-06 8.598e-63 5.656e-51 7.108e-50
7.079e+01 1.199e-09 9.631e-06 9.648e-63 6.347e-51 7.975e-50
7.943e+01 1.069e-09 1.081e-05 1.082e-62 7.121e-51 8.948e-50
8.913e+01 9.527e-10 1.212e-05 1.215e-62 7.990e-51 1.004e-49
1.000e+02 8.491e-10 1.360e-05 1.363e-62 8.965e-51 1.127e-49
1.122e+02 7.568e-10 1.526e-05 1.529e-62 1.006e-50 1.264e-49
1.259e+02 6.745e-10 1.713e-05 1.716e-62 1.129e-50 1.418e-49
1.413e+02 6.011e-10 1.922e-05 1.925e-62 1.266e-50 1.591e-49
1.585e+02 5.358e-10 2.156e-05 2.160e-62 1.421e-50 1.785e-49
1.778e+02 4.775e-10 2.419e-05 2.423e-62 1.594e-50 2.003e-49
1.995e+02 4.256e-10 2.714e-05 2.719e-62 1.789e-50 2.248e-49
2.239e+02 3.793e-10 3.046e-05 3.051e-62 2.007e-50 2.522e-49
2.512e+02 3.380e-10 3.417e-05 3.423e-62 2.252e-50 2.830e-49
2.818e+02 3.013e-10 3.834e-05 3.841e-62 2.527e-50 3.175e-49
3.162e+02 2.685e-10 4.302e-05 4.309e-62 2.835e-50 3.562e-49
3.548e+02 2.393e-10 4.827e-05 4.835e-62 3.181e-50 3.997e-49
3.981e+02 2.133e-10 5.416e-05 5.425e-62 3.569e-50 4.485e-49
4.467e+02 1.901e-10 6.077e-05 6.087e-62 4.004e-50 5.032e-49
5.012e+02 1.694e-10 6.818e-05 6.830e-62 4.493e-50 5.646e-49
5.623e+02 1.510e-10 7.650e-05 7.663e-62 5.041e-50 6.335e-49
6.310e+02 1.346e-10 8.583e-05 8.598e-62 5.656e-50 7.108e-49
7.079e+02 1.199e-10 9.631e-05 9.647e-62 6.346e-50 7.975e-49
7.943e+02 1.069e-10 1.081e-04 1.082e-61 7.120e-50 8.948e-49
8.913e+02 9.526e-11 1.212e-04 1.214e-61 7.989e-50 1.004e-48
1.000e+03 8.490e-11 1.360e-04 1.363e-61 8.964e-50 1.126e-48
1.122e+03 7.567e-11 1.526e-04 1.529e-61 1.006e-49 1.264e-48
1.259e+03 6.744e-11 1.712e-04 1.715e-61 1.128e-49 1.418e-48
1.413e+03 6.010e-11 1.921e-04 1.925e-61 1.266e-49 1.591e-48
1.585e+03 5.357e-11 2.156e-04 2.159e-61 1.421e-49 1.785e-48
1.778e+03 4.774e-11 2.419e-04 2.423e-61 1.594e-49 2.003e-48
1.995e+03 4.255e-11 2.714e-04 2.718e-61 1.788e-49 2.247e-48
2.239e+03 3.792e-11 3.045e-04 3.050e-61 2.007e-49 2.521e-48
2.512e+03 3.380e-11 3.416e-04 3.422e-61 2.251e-49 2.829e-48
2.818e+03 3.012e-11 3.833e-04 3.840e-61 2.526e-49 3.174e-48
3.162e+03 2.684e-11 4.301e-04 4.308e-61 2.834e-49 3.561e-48
3.548e+03 2.392e-11 4.825e-04 4.834e-61 3.180e-49 3.996e-48
3.981e+03 2.132e-11 5.414e-04 5.423e-61 3.568e-49 4.483e-48
4.467e+03 1.900e-11 6.074e-04 6.085e-61 4.003e-49 5.030e-48
5.012e+03 1.693e-11 6.815e-04 6.827e-61 4.491e-49 5.643e-48
5.623e+03 1.509e-11 7.646e-04 7.659e-61 5.039e-49 6.332e-48
6.310e+03 1.345e-11 8.579e-04 8.593e-61 5.653e-49 7.104e-48
7.079e+03 1.199e-11 9.625e-04 9.641e-61 6.342e-49 7.970e-48
7.943e+03 1.068e-11 1.080e-03 1.082e-60 7.116e-49 8.942e-48
8.913e+03 9.520e-12 1.212e-03 1.214e-60 7.983e-49 1.003e-47
1.000e+04 8.484e-12 1.359e-03 1.362e-60 8.957e-49 1.126e-47
1.122e+04 7.560e-12 1.525e-03 1.528e-60 1.005e-48 1.263e-47
1.259e+04 6.737e-12 1.711e-03 1.714e-60 1.127e-48 1.417e-47
1.413e+04 6.004e-12 1.919e-03 1.923e-60 1.265e-48 1.589e-47
1.585e+04 5.350e-12 2.153e-03 2.157e-60 1.419e-48 1.783e-47
1.778e+04 4.768e-12 2.416e-03 2.420e-60 1.592e-48 2.000e-47
1.995e+04 4.249e-12 2.710e-03 2.714e-60 1.786e-48 2.244e-47
2.239e+04 3.786e-12 3.040e-03 3.045e-60 2.003e-48 2.517e-47
2.512e+04 3.373e-12 3.410e-03 3.416e-60 2.247e-48 2.824e-47
2.818e+04 3.006e-12 3.826e-03 3.832e-60 2.521e-48 3.168e-47
3.162e+04 2.678e-12 4.291e-03 4.299e-60 2.828e-48 3.553e-47
3.548e+04 2.386e-12 4.814e-03 4.822e-60 3.172e-48 3.986e-47
3.981e+04 2.126e-12 5.399e-03 5.408e-60 3.558e-48 4.471e-47
4.467e+04 1.894e-12 6.056e-03 6.066e-60 3.991e-48 5.015e-47
5.012e+04 1.688e-12 6.793e-03 6.804e-60 4.476e-48 5.625e-47
5.623e+04 1.504e-12 7.618e-03 7.631e-60 5.020e-48 6.309e-47
6.310e+04 1.340e-12 8.544e-03 8.559e-60 5.630e-48 7.075e-47
7.079e+04 1.193e-12 9.582e-03 9.598e-60 6.314e-48 7.935e-47
7.943e+04 1.063e-12 1.075e-02 1.076e-59 7.081e-48 8.898e-47
8.913e+04 7.101e-13 9.037e-03 9.052e-60 5.955e-48 7.483e-47
1.000e+05 6.324e-13 1.013e-02 1.015e-59 6.677e-48 8.391e-47
1.122e+05 5.633e-13 1.136e-02 1.138e-59 7.486e-48 9.408e-47
1.259e+05 5.016e-13 1.274e-02 1.276e-59 8.393e-48 1.055e-46
1.413e+05 4.467e-13 1.428e-02 1.430e-59 9.409e-48 1.182e-46
1.585e+05 3.977e-13 1.601e-02 1.603e-59 1.055e-47 1.325e-46
1.778e+05 3.541e-13 1.794e-02 1.797e-59 1.182e-47 1.485e-46
1.995e+05 3.152e-13 2.010e-02 2.014e-59 1.325e-47 1.665e-46
2.239e+05 2.806e-13 2.253e-02 2.257e-59 1.485e-47 1.865e-46
2.512e+05 2.497e-13 2.524e-02 2.528e-59 1.663e-47 2.090e-46
2.818e+05 2.222e-13 2.828e-02 2.832e-59 1.863e-47 2.341e-46
3.162e+05 1.977e-13 3.167e-02 3.173e-59 2.087e-47 2.623e-46
3.548e+05 1.758e-13 3.547e-02 3.553e-59 2.337e-47 2.937e-46
3.981e+05 1.564e-13 3.971e-02 3.978e-59 2.617e-47 3.289e-46
4.467e+05 1.391e-13 4.446e-02 4.453e-59 2.930e-47 3.681e-46
5.012e+05 1.236e-13 4.976e-02 4.984e-59 3.279e-47 4.120e-46
5.623e+05 1.099e-13 5.567e-02 5.577e-59 3.669e-47 4.610e-46
6.310e+05 9.764e-14 6.228e-02 6.238e-59 4.104e-47 5.157e-46
7.079e+05 8.673e-14 6.965e-02 6.976e-59 4.589e-47 5.767e-46
7.943e+05 7.702e-14 7.786e-02 7.799e-59 5.131e-47 6.447e-46
8.913e+05 6.837e-14 8.701e-02 8.716e-59 5.734e-47 7.205e-46
1.000e+06 6.067e-14 9.720e-02 9.736e-59 6.405e-47 8.049e-46
1.122e+06 5.381e-14 1.085e-01 1.087e-58 7.152e-47 8.987e-46
1.259e+06 4.771e-14 1.211e-01 1.213e-58 7.983e-47 1.003e-45
1.413e+06 4.227e-14 1.351e-01 1.354e-58 8.905e-47 1.119e-45
1.585e+06 3.744e-14 1.507e-01 1.509e-58 9.929e-47 1.248e-45
1.778e+06 3.314e-14 1.679e-01 1.682e-58 1.106e-46 1.390e-45
1.995e+06 2.931e-14 1.870e-01 1.873e-58 1.232e-46 1.548e-45
2.239e+06 2.591e-14 2.080e-01 2.084e-58 1.371e-46 1.723e-45
2.512e+06 2.288e-14 2.313e-01 2.317e-58 1.524e-46 1.916e-45
2.818e+06 2.019e-14 2.570e-01 2.574e-58 1.694e-46 2.128e-45
3.162e+06 1.780e-14 2.853e-01 2.857e-58 1.880e-46 2.362e-45
3.548e+06 1.568e-14 3.163e-01 3.169e-58 2.084e-46 2.619e-45
3.981e+06 9.199e-15 2.336e-01 2.340e-58 1.539e-46 1.934e-45
4.467e+06 0.000e+00 0.000e+00 0.000e+00 0.000e+00 0.000e+00
5.012e+06 3.548e-35 1.428e-21 1.430e-78 9.408e-67 1.182e-65
5.623e+06 3.489e-35 1.767e-21 1.770e-78 1.165e-66 1.464e-65
6.310e+06 3.425e-35 2.185e-21 2.189e-78 1.440e-66 1.809e-65
7.079e+06 3.358e-35 2.696e-21 2.701e-78 1.777e-66 2.233e-65
7.943e+06 3.285e-35 3.321e-21 3.327e-78 2.188e-66 2.750e-65
8.913e+06 3.208e-35 4.083e-21 4.090e-78 2.690e-66 3.381e-65
1.000e+07 3.126e-35 5.008e-21 5.017e-78 3.300e-66 4.147e-65
1.122e+07 3.039e-35 6.129e-21 6.140e-78 4.039e-66 5.075e-65
1.259e+07 2.946e-35 7.481e-21 7.494e-78 4.930e-66 6.195e-65
1.413e+07 2.848e-35 9.105e-21 9.121e-78 6.000e-66 7.540e-65
1.585e+07 2.745e-35 1.105e-20 1.107e-77 7.279e-66 9.147e-65
1.778e+07 2.636e-35 1.335e-20 1.338e-77 8.800e-66 1.106e-64
1.995e+07 2.521e-35 1.608e-20 1.611e-77 1.060e-65 1.332e-64
2.239e+07 2.401e-35 1.928e-20 1.931e-77 1.270e-65 1.596e-64
2.512e+07 2.275e-35 2.300e-20 2.304e-77 1.515e-65 1.904e-64
2.818e+07 2.143e-35 2.727e-20 2.732e-77 1.797e-65 2.258e-64
3.162e+07 2.005e-35 3.212e-20 3.217e-77 2.116e-65 2.660e-64
3.548e+07 1.860e-35 3.752e-20 3.758e-77 2.472e-65 3.107e-64
3.981e+07 1.709e-35 4.339e-20 4.346e-77 2.859e-65 3.593e-64
4.467e+07 1.549e-35 4.953e-20 4.961e-77 3.264e-65 4.101e-64
5.012e+07 1.381e-35 5.558e-20 5.567e-77 3.662e-65 4.602e-64
5.623e+07 1.202e-35 6.089e-20 6.099e-77 4.012e-65 5.042e-64
6.310e+07 1.009e-35 6.437e-20 6.448e-77 4.241e-65 5.330e-64
7.079e+07 7.991e-36 6.417e-20 6.428e-77 4.228e-65 5.313e-64
7.943e+07 5.663e-36 5.725e-20 5.735e-77 3.773e-65 4.741e-64
8.913e+07 3.034e-36 3.861e-20 3.868e-77 2.544e-65 3.197e-64
1.000e+08 0.000e+00 0.000e+00 0.000e+00 0.000e+00 0.000e+00
