1.000e-20 1.207e+67 1.933e+27 1.936e-30 3.185e-19 4.002e-18
1.122e-20 1.015e+67 2.048e+27 2.051e-30 3.373e-19 4.239e-18
1.259e-20 8.542e+66 2.169e+27 2.173e-30 3.573e-19 4.490e-18
1.413e-20 7.187e+66 2.297e+27 2.301e-30 3.785e-19 4.756e-18
1.585e-20 6.047e+66 2.434e+27 2.438e-30 4.009e-19 5.038e-18
1.778e-20 5.088e+66 2.578e+27 2.582e-30 4.247e-19 5.336e-18
1.995e-20 4.281e+66 2.731e+27 2.735e-30 4.498e-19 5.653e-18
2.239e-20 3.602e+66 2.892e+27 2.897e-30 4.765e-19 5.988e-18
2.512e-20 3.031e+66 3.064e+27 3.069e-30 5.047e-19 6.342e-18
2.818e-20 2.550e+66 3.245e+27 3.251e-30 5.346e-19 6.718e-18
3.162e-20 2.146e+66 3.438e+27 3.443e-30 5.663e-19 7.116e-18
3.548e-20 1.805e+66 3.641e+27 3.647e-30 5.998e-19 7.538e-18
3.981e-20 1.519e+66 3.857e+27 3.863e-30 6.354e-19 7.985e-18
4.467e-20 1.278e+66 4.085e+27 4.092e-30 6.730e-19 8.458e-18
5.012e-20 1.075e+66 4.328e+27 4.335e-30 7.129e-19 8.959e-18
5.623e-20 9.048e+65 4.584e+27 4.592e-30 7.552e-19 9.490e-18
6.310e-20 7.613e+65 4.856e+27 4.864e-30 7.999e-19 1.005e-17
7.079e-20 6.405e+65 5.143e+27 5.152e-30 8.473e-19 1.065e-17
7.943e-20 5.389e+65 5.448e+27 5.457e-30 8.975e-19 1.128e-17
8.913e-20 4.535e+65 5.771e+27 5.781e-30 9.507e-19 1.195e-17
1.000e-19 3.815e+65 6.113e+27 6.123e-30 1.007e-18 1.265e-17
1.122e-19 3.210e+65 6.475e+27 6.486e-30 1.067e-18 1.340e-17
1.259e-19 2.701e+65 6.859e+27 6.870e-30 1.130e-18 1.420e-17
1.413e-19 2.273e+65 7.265e+27 7.277e-30 1.197e-18 1.504e-17
1.585e-19 1.912e+65 7.695e+27 7.709e-30 1.268e-18 1.593e-17
1.778e-19 1.609e+65 8.151e+27 8.165e-30 1.343e-18 1.687e-17
1.995e-19 1.354e+65 8.634e+27 8.649e-30 1.422e-18 1.787e-17
2.239e-19 1.139e+65 9.146e+27 9.162e-30 1.507e-18 1.893e-17
2.512e-19 9.583e+64 9.688e+27 9.704e-30 1.596e-18 2.006e-17
2.818e-19 8.063e+64 1.026e+28 1.028e-29 1.691e-18 2.124e-17
3.162e-19 6.784e+64 1.087e+28 1.089e-29 1.791e-18 2.250e-17
3.548e-19 5.708e+64 1.151e+28 1.153e-29 1.897e-18 2.384e-17
3.981e-19 4.803e+64 1.220e+28 1.222e-29 2.009e-18 2.525e-17
4.467e-19 4.041e+64 1.292e+28 1.294e-29 2.128e-18 2.674e-17
5.012e-19 3.400e+64 1.368e+28 1.371e-29 2.254e-18 2.833e-17
5.623e-19 2.861e+64 1.450e+28 1.452e-29 2.388e-18 3.001e-17
6.310e-19 2.407e+64 1.535e+28 1.538e-29 2.529e-18 3.179e-17
7.079e-19 2.025e+64 1.626e+28 1.629e-29 2.679e-18 3.367e-17
7.943e-19 1.704e+64 1.723e+28 1.726e-29 2.838e-18 3.566e-17
8.913e-19 1.434e+64 1.825e+28 1.828e-29 3.006e-18 3.778e-17
1.000e-18 1.206e+64 1.933e+28 1.936e-29 3.184e-18 4.001e-17
1.122e-18 1.015e+64 2.047e+28 2.051e-29 3.373e-18 4.238e-17
1.259e-18 8.541e+63 2.169e+28 2.172e-29 3.573e-18 4.490e-17
1.413e-18 7.186e+63 2.297e+28 2.301e-29 3.784e-18 4.756e-17
1.585e-18 6.046e+63 2.433e+28 2.437e-29 4.009e-18 5.037e-17
1.778e-18 5.087e+63 2.577e+28 2.582e-29 4.246e-18 5.336e-17
1.995e-18 4.280e+63 2.730e+28 2.735e-29 4.498e-18 5.652e-17
2.239e-18 3.601e+63 2.892e+28 2.897e-29 4.764e-18 5.987e-17
2.512e-18 3.030e+63 3.063e+28 3.068e-29 5.046e-18 6.341e-17
2.818e-18 2.550e+63 3.245e+28 3.250e-29 5.345e-18 6.717e-17
3.162e-18 2.145e+63 3.437e+28 3.443e-29 5.662e-18 7.115e-17
3.548e-18 1.805e+63 3.641e+28 3.647e-29 5.997e-18 7.537e-17
3.981e-18 1.519e+63 3.856e+28 3.863e-29 6.353e-18 7.983e-17
4.467e-18 1.278e+63 4.085e+28 4.092e-29 6.729e-18 8.456e-17
5.012e-18 1.075e+63 4.327e+28 4.334e-29 7.128e-18 8.957e-17
5.623e-18 9.046e+62 4.583e+28 4.591e-29 7.550e-18 9.487e-17
6.310e-18 7.611e+62 4.854e+28 4.863e-29 7.997e-18 1.005e-16
7.079e-18 6.404e+62 5.142e+28 5.151e-29 8.471e-18 1.064e-16
7.943e-18 5.388e+62 5.447e+28 5.456e-29 8.973e-18 1.128e-16
8.913e-18 4.533e+62 5.769e+28 5.779e-29 9.504e-18 1.194e-16
1.000e-17 3.814e+62 6.111e+28 6.121e-29 1.007e-17 1.265e-16
1.122e-17 3.209e+62 6.473e+28 6.484e-29 1.066e-17 1.340e-16
1.259e-17 2.700e+62 6.856e+28 6.868e-29 1.130e-17 1.419e-16
1.413e-17 2.272e+62 7.262e+28 7.275e-29 1.196e-17 1.503e-16
1.585e-17 1.911e+62 7.693e+28 7.706e-29 1.267e-17 1.592e-16
1.778e-17 1.608e+62 8.148e+28 8.162e-29 1.342e-17 1.687e-16
1.995e-17 1.353e+62 8.631e+28 8.645e-29 1.422e-17 1.787e-16
2.239e-17 1.138e+62 9.142e+28 9.157e-29 1.506e-17 1.893e-16
2.512e-17 9.579e+61 9.683e+28 9.700e-29 1.595e-17 2.005e-16
2.818e-17 8.059e+61 1.026e+29 1.027e-28 1.690e-17 2.123e-16
3.162e-17 6.781e+61 1.086e+29 1.088e-28 1.790e-17 2.249e-16
3.548e-17 5.705e+61 1.151e+29 1.153e-28 1.896e-17 2.382e-16
3.981e-17 4.800e+61 1.219e+29 1.221e-28 2.008e-17 2.523e-16
4.467e-17 4.039e+61 1.291e+29 1.293e-28 2.127e-17 2.673e-16
5.012e-17 3.398e+61 1.368e+29 1.370e-28 2.253e-17 2.831e-16
5.623e-17 2.859e+61 1.448e+29 1.451e-28 2.386e-17 2.999e-16
6.310e-17 2.405e+61 1.534e+29 1.537e-28 2.527e-17 3.176e-16
7.079e-17 2.024e+61 1.625e+29 1.628e-28 2.677e-17 3.364e-16
7.943e-17 1.703e+61 1.721e+29 1.724e-28 2.836e-17 3.563e-16
8.913e-17 1.433e+61 1.823e+29 1.826e-28 3.003e-17 3.774e-16
1.000e-16 1.205e+61 1.931e+29 1.934e-28 3.181e-17 3.998e-16
1.122e-16 1.014e+61 2.045e+29 2.049e-28 3.370e-17 4.234e-16
1.259e-16 8.532e+60 2.166e+29 2.170e-28 3.569e-17 4.485e-16
1.413e-16 7.178e+60 2.295e+29 2.299e-28 3.780e-17 4.750e-16
1.585e-16 6.039e+60 2.430e+29 2.435e-28 4.004e-17 5.031e-16
1.778e-16 5.081e+60 2.574e+29 2.579e-28 4.241e-17 5.329e-16
1.995e-16 4.275e+60 2.727e+29 2.731e-28 4.492e-17 5.644e-16
2.239e-16 3.596e+60 2.888e+29 2.893e-28 4.757e-17 5.978e-16
2.512e-16 3.026e+60 3.059e+29 3.064e-28 5.039e-17 6.332e-16
2.818e-16 2.546e+60 3.240e+29 3.245e-28 5.337e-17 6.706e-16
3.162e-16 2.142e+60 3.431e+29 3.437e-28 5.652e-17 7.103e-16
3.548e-16 1.802e+60 3.634e+29 3.640e-28 5.987e-17 7.523e-16
3.981e-16 1.516e+60 3.849e+29 3.856e-28 6.341e-17 7.968e-16
4.467e-16 1.275e+60 4.077e+29 4.083e-28 6.716e-17 8.439e-16
5.012e-16 1.073e+60 4.318e+29 4.325e-28 7.113e-17 8.938e-16
5.623e-16 9.025e+59 4.573e+29 4.580e-28 7.533e-17 9.466e-16
6.310e-16 7.593e+59 4.843e+29 4.851e-28 7.978e-17 1.003e-15
7.079e-16 6.388e+59 5.129e+29 5.138e-28 8.450e-17 1.062e-15
7.943e-16 5.374e+59 5.432e+29 5.441e-28 8.949e-17 1.125e-15
8.913e-16 4.521e+59 5.753e+29 5.763e-28 9.478e-17 1.191e-15
1.000e-15 3.803e+59 6.093e+29 6.103e-28 1.004e-16 1.261e-15
1.122e-15 3.199e+59 6.453e+29 6.464e-28 1.063e-16 1.336e-15
1.259e-15 2.691e+59 6.834e+29 6.845e-28 1.126e-16 1.415e-15
1.413e-15 2.264e+59 7.237e+29 7.249e-28 1.192e-16 1.498e-15
1.585e-15 1.904e+59 7.664e+29 7.677e-28 1.263e-16 1.587e-15
1.778e-15 1.602e+59 8.116e+29 8.130e-28 1.337e-16 1.680e-15
1.995e-15 1.348e+59 8.595e+29 8.609e-28 1.416e-16 1.779e-15
2.239e-15 1.133e+59 9.102e+29 9.117e-28 1.499e-16 1.884e-15
2.512e-15 9.534e+58 9.638e+29 9.655e-28 1.588e-16 1.995e-15
2.818e-15 8.020e+58 1.021e+30 1.022e-27 1.681e-16 2.113e-15
3.162e-15 6.746e+58 1.081e+30 1.083e-27 1.780e-16 2.237e-15
3.548e-15 5.674e+58 1.144e+30 1.146e-27 1.885e-16 2.369e-15
3.981e-15 4.772e+58 1.212e+30 1.214e-27 1.996e-16 2.509e-15
4.467e-15 4.014e+58 1.283e+30 1.285e-27 2.114e-16 2.656e-15
5.012e-15 3.376e+58 1.359e+30 1.361e-27 2.238e-16 2.813e-15
5.623e-15 2.839e+58 1.438e+30 1.441e-27 2.370e-16 2.978e-15
6.310e-15 2.388e+58 1.523e+30 1.526e-27 2.509e-16 3.153e-15
7.079e-15 2.008e+58 1.613e+30 1.615e-27 2.656e-16 3.338e-15
7.943e-15 1.689e+58 1.707e+30 1.710e-27 2.812e-16 3.534e-15
8.913e-15 1.420e+58 1.807e+30 1.810e-27 2.978e-16 3.742e-15
1.000e-14 1.194e+58 1.913e+30 1.917e-27 3.152e-16 3.961e-15
1.122e-14 1.004e+58 2.026e+30 2.029e-27 3.337e-16 4.193e-15
1.259e-14 8.445e+57 2.144e+30 2.148e-27 3.533e-16 4.439e-15
1.413e-14 7.101e+57 2.270e+30 2.274e-27 3.739e-16 4.699e-15
1.585e-14 5.970e+57 2.403e+30 2.407e-27 3.958e-16 4.974e-15
1.778e-14 5.020e+57 2.543e+30 2.548e-27 4.190e-16 5.265e-15
1.995e-14 4.220e+57 2.692e+30 2.696e-27 4.434e-16 5.573e-15
2.239e-14 3.548e+57 2.849e+30 2.854e-27 4.693e-16 5.898e-15
2.512e-14 2.983e+57 3.015e+30 3.020e-27 4.967e-16 6.242e-15
2.818e-14 2.507e+57 3.191e+30 3.196e-27 5.257e-16 6.606e-15
3.162e-14 2.108e+57 3.377e+30 3.382e-27 5.563e-16 6.990e-15
3.548e-14 1.771e+57 3.573e+30 3.579e-27 5.886e-16 7.397e-15
3.981e-14 1.489e+57 3.781e+30 3.787e-27 6.228e-16 7.827e-15
4.467e-14 1.251e+57 4.000e+30 4.007e-27 6.590e-16 8.281e-15
5.012e-14 1.052e+57 4.232e+30 4.239e-27 6.972e-16 8.761e-15
5.623e-14 8.837e+56 4.477e+30 4.485e-27 7.376e-16 9.269e-15
6.310e-14 7.425e+56 4.736e+30 4.744e-27 7.802e-16 9.805e-15
7.079e-14 6.239e+56 5.010e+30 5.018e-27 8.253e-16 1.037e-14
7.943e-14 5.242e+56 5.299e+30 5.308e-27 8.729e-16 1.097e-14
8.913e-14 4.403e+56 5.604e+30 5.613e-27 9.232e-16 1.160e-14
1.000e-13 3.699e+56 5.926e+30 5.936e-27 9.762e-16 1.227e-14
1.122e-13 3.107e+56 6.266e+30 6.277e-27 1.032e-15 1.297e-14
1.259e-13 2.609e+56 6.625e+30 6.636e-27 1.091e-15 1.372e-14
1.413e-13 2.191e+56 7.004e+30 7.016e-27 1.154e-15 1.450e-14
1.585e-13 1.840e+56 7.404e+30 7.416e-27 1.220e-15 1.533e-14
1.778e-13 1.545e+56 7.826e+30 7.839e-27 1.289e-15 1.620e-14
1.995e-13 1.297e+56 8.270e+30 8.284e-27 1.362e-15 1.712e-14
2.239e-13 1.088e+56 8.739e+30 8.754e-27 1.440e-15 1.809e-14
2.512e-13 9.134e+55 9.233e+30 9.249e-27 1.521e-15 1.911e-14
2.818e-13 7.665e+55 9.754e+30 9.771e-27 1.607e-15 2.019e-14
3.162e-13 6.431e+55 1.030e+31 1.032e-26 1.697e-15 2.133e-14
3.548e-13 5.395e+55 1.088e+31 1.090e-26 1.793e-15 2.253e-14
3.981e-13 4.525e+55 1.149e+31 1.151e-26 1.893e-15 2.379e-14
4.467e-13 3.795e+55 1.213e+31 1.215e-26 1.998e-15 2.511e-14
5.012e-13 3.182e+55 1.280e+31 1.283e-26 2.109e-15 2.651e-14
5.623e-13 2.667e+55 1.351e+31 1.354e-26 2.226e-15 2.798e-14
6.310e-13 2.236e+55 1.426e+31 1.428e-26 2.349e-15 2.952e-14
7.079e-13 1.873e+55 1.504e+31 1.507e-26 2.478e-15 3.114e-14
7.943e-13 1.570e+55 1.587e+31 1.589e-26 2.614e-15 3.285e-14
8.913e-13 1.315e+55 1.673e+31 1.676e-26 2.756e-15 3.464e-14
1.000e-12 1.101e+55 1.764e+31 1.767e-26 2.906e-15 3.651e-14
1.122e-12 9.217e+54 1.859e+31 1.862e-26 3.063e-15 3.849e-14
1.259e-12 7.714e+54 1.959e+31 1.962e-26 3.227e-15 4.055e-14
1.413e-12 6.455e+54 2.064e+31 2.067e-26 3.399e-15 4.272e-14
1.585e-12 5.400e+54 2.173e+31 2.177e-26 3.580e-15 4.499e-14
1.778e-12 4.516e+54 2.288e+31 2.292e-26 3.769e-15 4.736e-14
1.995e-12 3.775e+54 2.408e+31 2.412e-26 3.967e-15 4.985e-14
2.239e-12 3.155e+54 2.533e+31 2.538e-26 4.174e-15 5.245e-14
2.512e-12 2.636e+54 2.665e+31 2.669e-26 4.390e-15 5.516e-14
2.818e-12 2.201e+54 2.802e+31 2.806e-26 4.615e-15 5.800e-14
3.162e-12 1.838e+54 2.944e+31 2.949e-26 4.851e-15 6.095e-14
3.548e-12 1.534e+54 3.093e+31 3.098e-26 5.096e-15 6.404e-14
3.981e-12 1.279e+54 3.248e+31 3.254e-26 5.351e-15 6.725e-14
4.467e-12 1.067e+54 3.410e+31 3.415e-26 5.617e-15 7.059e-14
5.012e-12 8.889e+53 3.577e+31 3.583e-26 5.893e-15 7.406e-14
5.623e-12 7.405e+53 3.752e+31 3.758e-26 6.180e-15 7.766e-14
6.310e-12 6.165e+53 3.932e+31 3.939e-26 6.478e-15 8.141e-14
7.079e-12 5.130e+53 4.120e+31 4.127e-26 6.787e-15 8.528e-14
7.943e-12 4.267e+53 4.313e+31 4.321e-26 7.106e-15 8.930e-14
8.913e-12 3.547e+53 4.514e+31 4.521e-26 7.436e-15 9.344e-14
1.000e-11 2.946e+53 4.721e+31 4.729e-26 7.777e-15 9.773e-14
1.122e-11 2.446e+53 4.934e+31 4.942e-26 8.128e-15 1.021e-13
1.259e-11 2.030e+53 5.154e+31 5.162e-26 8.490e-15 1.067e-13
1.413e-11 1.683e+53 5.379e+31 5.388e-26 8.862e-15 1.114e-13
1.585e-11 1.394e+53 5.611e+31 5.620e-26 9.243e-15 1.162e-13
1.778e-11 1.154e+53 5.848e+31 5.858e-26 9.634e-15 1.211e-13
1.995e-11 9.549e+52 6.091e+31 6.101e-26 1.003e-14 1.261e-13
2.239e-11 7.893e+52 6.338e+31 6.349e-26 1.044e-14 1.312e-13
2.512e-11 6.519e+52 6.590e+31 6.601e-26 1.086e-14 1.364e-13
2.818e-11 5.379e+52 6.846e+31 6.858e-26 1.128e-14 1.417e-13
3.162e-11 4.435e+52 7.105e+31 7.117e-26 1.171e-14 1.471e-13
3.548e-11 3.653e+52 7.367e+31 7.380e-26 1.214e-14 1.525e-13
3.981e-11 3.005e+52 7.632e+31 7.644e-26 1.257e-14 1.580e-13
4.467e-11 2.470e+52 7.897e+31 7.910e-26 1.301e-14 1.635e-13
5.012e-11 2.028e+52 8.163e+31 8.176e-26 1.345e-14 1.690e-13
5.623e-11 1.663e+52 8.428e+31 8.442e-26 1.388e-14 1.745e-13
6.310e-11 1.363e+52 8.691e+31 8.706e-26 1.432e-14 1.799e-13
7.079e-11 1.115e+52 8.952e+31 8.967e-26 1.475e-14 1.853e-13
7.943e-11 9.109e+51 9.208e+31 9.224e-26 1.517e-14 1.906e-13
8.913e-11 7.433e+51 9.459e+31 9.475e-26 1.558e-14 1.958e-13
1.000e-10 6.057e+51 9.704e+31 9.720e-26 1.599e-14 2.009e-13
1.122e-10 4.928e+51 9.940e+31 9.957e-26 1.638e-14 2.058e-13
1.259e-10 4.004e+51 1.017e+32 1.018e-25 1.675e-14 2.105e-13
1.413e-10 3.248e+51 1.038e+32 1.040e-25 1.710e-14 2.149e-13
1.585e-10 2.630e+51 1.059e+32 1.060e-25 1.744e-14 2.191e-13
1.778e-10 2.126e+51 1.077e+32 1.079e-25 1.775e-14 2.230e-13
1.995e-10 1.716e+51 1.095e+32 1.096e-25 1.803e-14 2.266e-13
2.239e-10 1.382e+51 1.110e+32 1.112e-25 1.829e-14 2.298e-13
2.512e-10 1.111e+51 1.124e+32 1.125e-25 1.851e-14 2.326e-13
2.818e-10 8.918e+50 1.135e+32 1.137e-25 1.870e-14 2.349e-13
3.162e-10 7.140e+50 1.144e+32 1.146e-25 1.885e-14 2.368e-13
3.548e-10 5.705e+50 1.151e+32 1.153e-25 1.896e-14 2.382e-13
3.981e-10 4.548e+50 1.155e+32 1.157e-25 1.902e-14 2.391e-13
4.467e-10 3.617e+50 1.156e+32 1.158e-25 1.905e-14 2.393e-13
5.012e-10 2.869e+50 1.155e+32 1.157e-25 1.902e-14 2.390e-13
5.623e-10 2.271e+50 1.150e+32 1.152e-25 1.895e-14 2.381e-13
6.310e-10 1.792e+50 1.143e+32 1.145e-25 1.883e-14 2.366e-13
7.079e-10 1.410e+50 1.133e+32 1.134e-25 1.866e-14 2.345e-13
7.943e-10 1.107e+50 1.119e+32 1.121e-25 1.843e-14 2.316e-13
8.913e-10 8.661e+49 1.102e+32 1.104e-25 1.816e-14 2.282e-13
1.000e-09 6.756e+49 1.082e+32 1.084e-25 1.783e-14 2.241e-13
1.122e-09 5.253e+49 1.060e+32 1.061e-25 1.745e-14 2.193e-13
1.259e-09 4.071e+49 1.034e+32 1.035e-25 1.703e-14 2.140e-13
1.413e-09 3.144e+49 1.005e+32 1.007e-25 1.656e-14 2.080e-13
1.585e-09 2.419e+49 9.734e+31 9.751e-26 1.604e-14 2.015e-13
1.778e-09 1.854e+49 9.394e+31 9.410e-26 1.547e-14 1.945e-13
1.995e-09 1.416e+49 9.029e+31 9.045e-26 1.487e-14 1.869e-13
2.239e-09 1.076e+49 8.643e+31 8.658e-26 1.424e-14 1.789e-13
2.512e-09 8.150e+48 8.239e+31 8.253e-26 1.357e-14 1.706e-13
2.818e-09 6.143e+48 7.819e+31 7.832e-26 1.288e-14 1.619e-13
3.162e-09 4.610e+48 7.385e+31 7.398e-26 1.217e-14 1.529e-13
3.548e-09 3.442e+48 6.942e+31 6.954e-26 1.144e-14 1.437e-13
3.981e-09 2.557e+48 6.493e+31 6.504e-26 1.070e-14 1.344e-13
4.467e-09 1.890e+48 6.041e+31 6.051e-26 9.952e-15 1.251e-13
5.012e-09 1.389e+48 5.590e+31 5.599e-26 9.208e-15 1.157e-13
5.623e-09 1.015e+48 5.142e+31 5.151e-26 8.471e-15 1.065e-13
6.310e-09 7.372e+47 4.702e+31 4.710e-26 7.746e-15 9.734e-14
7.079e-09 5.320e+47 4.272e+31 4.279e-26 7.038e-15 8.844e-14
7.943e-09 3.814e+47 3.856e+31 3.862e-26 6.352e-15 7.982e-14
8.913e-09 2.715e+47 3.455e+31 3.461e-26 5.692e-15 7.153e-14
1.000e-08 1.918e+47 3.074e+31 3.079e-26 5.063e-15 6.363e-14
1.122e-08 1.345e+47 2.712e+31 2.717e-26 4.468e-15 5.615e-14
1.259e-08 9.347e+46 2.373e+31 2.377e-26 3.910e-15 4.913e-14
1.413e-08 6.438e+46 2.058e+31 2.062e-26 3.390e-15 4.261e-14
1.585e-08 4.391e+46 1.767e+31 1.770e-26 2.911e-15 3.659e-14
1.778e-08 2.964e+46 1.502e+31 1.504e-26 2.474e-15 3.109e-14
1.995e-08 1.978e+46 1.262e+31 1.264e-26 2.078e-15 2.612e-14
2.239e-08 1.303e+46 1.047e+31 1.048e-26 1.724e-15 2.167e-14
2.512e-08 8.472e+45 8.565e+30 8.579e-27 1.411e-15 1.773e-14
2.818e-08 5.424e+45 6.903e+30 6.914e-27 1.137e-15 1.429e-14
3.162e-08 3.414e+45 5.470e+30 5.480e-27 9.012e-16 1.132e-14
3.548e-08 2.109e+45 4.254e+30 4.262e-27 7.009e-16 8.807e-15
3.981e-08 1.276e+45 3.240e+30 3.245e-27 5.337e-16 6.706e-15
4.467e-08 7.536e+44 2.409e+30 2.413e-27 3.969e-16 4.987e-15
5.012e-08 4.334e+44 1.744e+30 1.747e-27 2.873e-16 3.611e-15
5.623e-08 2.418e+44 1.225e+30 1.227e-27 2.018e-16 2.536e-15
6.310e-08 1.304e+44 8.315e+29 8.329e-28 1.370e-16 1.721e-15
7.079e-08 6.760e+43 5.428e+29 5.437e-28 8.942e-17 1.124e-15
7.943e-08 3.354e+43 3.390e+29 3.396e-28 5.585e-17 7.019e-16
8.913e-08 1.582e+43 2.014e+29 2.017e-28 3.318e-17 4.169e-16
1.000e-07 7.053e+42 1.130e+29 1.132e-28 1.862e-17 2.339e-16
1.122e-07 2.946e+42 5.943e+28 5.953e-29 9.790e-18 1.230e-16
1.259e-07 1.144e+42 2.904e+28 2.909e-29 4.784e-18 6.011e-17
1.413e-07 4.082e+41 1.305e+28 1.307e-29 2.150e-18 2.702e-17
1.585e-07 1.325e+41 5.334e+27 5.343e-30 8.787e-19 1.104e-17
1.778e-07 3.863e+40 1.957e+27 1.961e-30 3.224e-19 4.052e-18
1.995e-07 9.963e+39 6.355e+26 6.366e-31 1.047e-19 1.316e-18
2.239e-07 2.236e+39 1.796e+26 1.799e-31 2.959e-20 3.718e-19
2.512e-07 4.288e+38 4.334e+25 4.342e-32 7.140e-21 8.973e-20
2.818e-07 6.875e+37 8.749e+24 8.764e-33 1.441e-21 1.811e-20
3.162e-07 8.954e+36 1.435e+24 1.437e-33 2.363e-22 2.970e-21
3.548e-07 9.184e+35 1.852e+23 1.856e-34 3.052e-23 3.835e-22
3.981e-07 5.295e+34 1.345e+22 1.347e-35 2.215e-24 2.784e-23
4.467e-07 0.000e+00 0.000e+00 0.000e+00 0.000e+00 0.000e+00
5.012e-07 0.000e+00 0.000e+00 0.000e+00 0.000e+00 0.000e+00
5.623e-07 0.000e+00 0.000e+00 0.000e+00 0.000e+00 0.000e+00
6.310e-07 0.000e+00 0.000e+00 0.000e+00 0.000e+00 0.000e+00
7.079e-07 0.000e+00 0.000e+00 0.000e+00 0.000e+00 0.000e+00
7.943e-07 0.000e+00 0.000e+00 0.000e+00 0.000e+00 0.000e+00
8.913e-07 0.000e+00 0.000e+00 0.000e+00 0.000e+00 0.000e+00
1.000e-06 0.000e+00 0.000e+00 0.000e+00 0.000e+00 0.000e+00
1.122e-06 0.000e+00 0.000e+00 0.000e+00 0.000e+00 0.000e+00
1.259e-06 0.000e+00 0.000e+00 0.000e+00 0.000e+00 0.000e+00
1.413e-06 0.000e+00 0.000e+00 0.000e+00 0.000e+00 0.000e+00
1.585e-06 0.000e+00 0.000e+00 0.000e+00 0.000e+00 0.000e+00
1.778e-06 0.000e+00 0.000e+00 0.000e+00 0.000e+00 0.000e+00
1.995e-06 0.000e+00 0.000e+00 0.000e+00 0.000e+00 0.000e+00
2.239e-06 0.000e+00 0.000e+00 0.000e+00 0.000e+00 0.000e+00
2.512e-06 0.000e+00 0.000e+00 0.000e+00 0.000e+00 0.000e+00
2.818e-06 0.000e+00 0.000e+00 0.000e+00 0.000e+00 0.000e+00
3.162e-06 0.000e+00 0.000e+00 0.000e+00 0.000e+00 0.000e+00
3.548e-06 0.000e+00 0.000e+00 0.000e+00 0.000e+00 0.000e+00
3.981e-06 0.000e+00 0.000e+00 0.000e+00 0.000e+00 0.000e+00
4.467e-06 0.000e+00 0.000e+00 0.000e+00 0.000e+00 0.000e+00
5.012e-06 0.000e+00 0.000e+00 0.000e+00 0.000e+00 0.000e+00
5.623e-06 0.000e+00 0.000e+00 0.000e+00 0.000e+00 0.000e+00
6.310e-06 0.000e+00 0.000e+00 0.000e+00 0.000e+00 0.000e+00
7.079e-06 0.000e+00 0.000e+00 0.000e+00 0.000e+00 0.000e+00
7.943e-06 0.000e+00 0.000e+00 0.000e+00 0.000e+00 0.000e+00
8.913e-06 0.000e+00 0.000e+00 0.000e+00 0.000e+00 0.000e+00
1.000e-05 0.000e+00 0.000e+00 0.000e+00 0.000e+00 0.000e+00
1.122e-05 0.000e+00 0.000e+00 0.000e+00 0.000e+00 0.000e+00
1.259e-05 0.000e+00 0.000e+00 0.000e+00 0.000e+00 0.000e+00
1.413e-05 0.000e+00 0.000e+00 0.000e+00 0.000e+00 0.000e+00
1.585e-05 0.000e+00 0.000e+00 0.000e+00 0.000e+00 0.000e+00
1.778e-05 0.000e+00 0.000e+00 0.000e+00 0.000e+00 0.000e+00
1.995e-05 0.000e+00 0.000e+00 0.000e+00 0.000e+00 0.000e+00
2.239e-05 0.000e+00 0.000e+00 0.000e+00 0.000e+00 0.000e+00
2.512e-05 0.000e+00 0.000e+00 0.000e+00 0.000e+00 0.000e+00
2.818e-05 0.000e+00 0.000e+00 0.000e+00 0.000e+00 0.000e+00
3.162e-05 0.000e+00 0.000e+00 0.000e+00 0.000e+00 0.000e+00
3.548e-05 0.000e+00 0.000e+00 0.000e+00 0.000e+00 0.000e+00
3.981e-05 0.000e+00 0.000e+00 0.000e+00 0.000e+00 0.000e+00
4.467e-05 0.000e+00 0.000e+00 0.000e+00 0.000e+00 0.000e+00
5.012e-05 0.000e+00 0.000e+00 0.000e+00 0.000e+00 0.000e+00
5.623e-05 0.000e+00 0.000e+00 0.000e+00 0.000e+00 0.000e+00
6.310e-05 0.000e+00 0.000e+00 0.000e+00 0.000e+00 0.000e+00
7.079e-05 0.000e+00 0.000e+00 0.000e+00 0.000e+00 0.000e+00
7.943e-05 0.000e+00 0.000e+00 0.000e+00 0.000e+00 0.000e+00
8.913e-05 0.000e+00 0.000e+00 0.000e+00 0.000e+00 0.000e+00
1.000e-04 0.000e+00 0.000e+00 0.000e+00 0.000e+00 0.000e+00
1.122e-04 0.000e+00 0.000e+00 0.000e+00 0.000e+00 0.000e+00
1.259e-04 0.000e+00 0.000e+00 0.000e+00 0.000e+00 0.000e+00
1.413e-04 0.000e+00 0.000e+00 0.000e+00 0.000e+00 0.000e+00
1.585e-04 0.000e+00 0.000e+00 0.000e+00 0.000e+00 0.000e+00
1.778e-04 0.000e+00 0.000e+00 0.000e+00 0.000e+00 0.000e+00
1.995e-04 0.000e+00 0.000e+00 0.000e+00 0.000e+00 0.000e+00
2.239e-04 0.000e+00 0.000e+00 0.000e+00 0.000e+00 0.000e+00
2.512e-04 0.000e+00 0.000e+00 0.000e+00 0.000e+00 0.000e+00
2.818e-04 0.000e+00 0.000e+00 0.000e+00 0.000e+00 0.000e+00
3.162e-04 0.000e+00 0.000e+00 0.000e+00 0.000e+00 0.000e+00
3.548e-04 0.000e+00 0.000e+00 0.000e+00 0.000e+00 0.000e+00
3.981e-04 0.000e+00 0.000e+00 0.000e+00 0.000e+00 0.000e+00
4.467e-04 0.000e+00 0.000e+00 0.000e+00 0.000e+00 0.000e+00
5.012e-04 0.000e+00 0.000e+00 0.000e+00 0.000e+00 0.000e+00
5.623e-04 0.000e+00 0.000e+00 0.000e+00 0.000e+00 0.000e+00
6.310e-04 0.000e+00 0.000e+00 0.000e+00 0.000e+00 0.000e+00
7.079e-04 0.000e+00 0.000e+00 0.000e+00 0.000e+00 0.000e+00
7.943e-04 0.000e+00 0.000e+00 0.000e+00 0.000e+00 0.000e+00
8.913e-04 0.000e+00 0.000e+00 0.000e+00 0.000e+00 0.000e+00
1.000e-03 0.000e+00 0.000e+00 0.000e+00 0.000e+00 0.000e+00
1.122e-03 0.000e+00 0.000e+00 0.000e+00 0.000e+00 0.000e+00
1.259e-03 0.000e+00 0.000e+00 0.000e+00 0.000e+00 0.000e+00
1.413e-03 0.000e+00 0.000e+00 0.000e+00 0.000e+00 0.000e+00
1.585e-03 0.000e+00 0.000e+00 0.000e+00 0.000e+00 0.000e+00
1.778e-03 0.000e+00 0.000e+00 0.000e+00 0.000e+00 0.000e+00
1.995e-03 0.000e+00 0.000e+00 0.000e+00 0.000e+00 0.000e+00
2.239e-03 0.000e+00 0.000e+00 0.000e+00 0.000e+00 0.000e+00
2.512e-03 0.000e+00 0.000e+00 0.000e+00 0.000e+00 0.000e+00
2.818e-03 0.000e+00 0.000e+00 0.000e+00 0.000e+00 0.000e+00
3.162e-03 0.000e+00 0.000e+00 0.000e+00 0.000e+00 0.000e+00
3.548e-03 0.000e+00 0.000e+00 0.000e+00 0.000e+00 0.000e+00
3.981e-03 0.000e+00 0.000e+00 0.000e+00 0.000e+00 0.000e+00
4.467e-03 0.000e+00 0.000e+00 0.000e+00 0.000e+00 0.000e+00
5.012e-03 0.000e+00 0.000e+00 0.000e+00 0.000e+00 0.000e+00
5.623e-03 0.000e+00 0.000e+00 0.000e+00 0.000e+00 0.000e+00
6.310e-03 0.000e+00 0.000e+00 0.000e+00 0.000e+00 0.000e+00
7.079e-03 0.000e+00 0.000e+00 0.000e+00 0.000e+00 0.000e+00
7.943e-03 0.000e+00 0.000e+00 0.000e+00 0.000e+00 0.000e+00
8.913e-03 0.000e+00 0.000e+00 0.000e+00 0.000e+00 0.000e+00
1.000e-02 0.000e+00 0.000e+00 0.000e+00 0.000e+00 0.000e+00
1.122e-02 0.000e+00 0.000e+00 0.000e+00 0.000e+00 0.000e+00
1.259e-02 0.000e+00 0.000e+00 0.000e+00 0.000e+00 0.000e+00
1.413e-02 0.000e+00 0.000e+00 0.000e+00 0.000e+00 0.000e+00
1.585e-02 0.000e+00 0.000e+00 0.000e+00 0.000e+00 0.000e+00
1.778e-02 0.000e+00 0.000e+00 0.000e+00 0.000e+00 0.000e+00
1.995e-02 0.000e+00 0.000e+00 0.000e+00 0.000e+00 0.000e+00
2.239e-02 0.000e+00 0.000e+00 0.000e+00 0.000e+00 0.000e+00
2.512e-02 0.000e+00 0.000e+00 0.000e+00 0.000e+00 0.000e+00
2.818e-02 0.000e+00 0.000e+00 0.000e+00 0.000e+00 0.000e+00
3.162e-02 0.000e+00 0.000e+00 0.000e+00 0.000e+00 0.000e+00
3.548e-02 0.000e+00 0.000e+00 0.000e+00 0.000e+00 0.000e+00
3.981e-02 0.000e+00 0.000e+00 0.000e+00 0.000e+00 0.000e+00
4.467e-02 0.000e+00 0.000e+00 0.000e+00 0.000e+00 0.000e+00
5.012e-02 0.000e+00 0.000e+00 0.000e+00 0.000e+00 0.000e+00
5.623e-02 0.000e+00 0.000e+00 0.000e+00 0.000e+00 0.000e+00
6.310e-02 0.000e+00 0.000e+00 0.000e+00 0.000e+00 0.000e+00
7.079e-02 0.000e+00 0.000e+00 0.000e+00 0.000e+00 0.000e+00
7.943e-02 0.000e+00 0.000e+00 0.000e+00 0.000e+00 0.000e+00
8.913e-02 0.000e+00 0.000e+00 0.000e+00 0.000e+00 0.000e+00
1.000e-01 0.000e+00 0.000e+00 0.000e+00 0.000e+00 0.000e+00
1.122e-01 0.000e+00 0.000e+00 0.000e+00 0.000e+00 0.000e+00
1.259e-01 0.000e+00 0.000e+00 0.000e+00 0.000e+00 0.000e+00
1.413e-01 0.000e+00 0.000e+00 0.000e+00 0.000e+00 0.000e+00
1.585e-01 0.000e+00 0.000e+00 0.000e+00 0.000e+00 0.000e+00
1.778e-01 0.000e+00 0.000e+00 0.000e+00 0.000e+00 0.000e+00
1.995e-01 0.000e+00 0.000e+00 0.000e+00 0.000e+00 0.000e+00
2.239e-01 0.000e+00 0.000e+00 0.000e+00 0.000e+00 0.000e+00
2.512e-01 0.000e+00 0.000e+00 0.000e+00 0.000e+00 0.000e+00
2.818e-01 0.000e+00 0.000e+00 0.000e+00 0.000e+00 0.000e+00
3.162e-01 0.000e+00 0.000e+00 0.000e+00 0.000e+00 0.000e+00
3.548e-01 0.000e+00 0.000e+00 0.000e+00 0.000e+00 0.000e+00
3.981e-01 0.000e+00 0.000e+00 0.000e+00 0.000e+00 0.000e+00
4.467e-01 0.000e+00 0.000e+00 0.000e+00 0.000e+00 0.000e+00
5.012e-01 0.000e+00 0.000e+00 0.000e+00 0.000e+00 0.000e+00
5.623e-01 0.000e+00 0.000e+00 0.000e+00 0.000e+00 0.000e+00
6.310e-01 0.000e+00 0.000e+00 0.000e+00 0.000e+00 0.000e+00
7.079e-01 0.000e+00 0.000e+00 0.000e+00 0.000e+00 0.000e+00
7.943e-01 0.000e+00 0.000e+00 0.000e+00 0.000e+00 0.000e+00
8.913e-01 0.000e+00 0.000e+00 0.000e+00 0.000e+00 0.000e+00
1.000e+00 0.000e+00 0.000e+00 0.000e+00 0.000e+00 0.000e+00
1.122e+00 0.000e+00 0.000e+00 0.000e+00 0.000e+00 0.000e+00
1.259e+00 0.000e+00 0.000e+00 0.000e+00 0.000e+00 0.000e+00
1.413e+00 0.000e+00 0.000e+00 0.000e+00 0.000e+00 0.000e+00
1.585e+00 0.000e+00 0.000e+00 0.000e+00 0.000e+00 0.000e+00
1.778e+00 0.000e+00 0.000e+00 0.000e+00 0.000e+00 0.000e+00
1.995e+00 0.000e+00 0.000e+00 0.000e+00 0.000e+00 0.000e+00
2.239e+00 0.000e+00 0.000e+00 0.000e+00 0.000e+00 0.000e+00
2.512e+00 0.000e+00 0.000e+00 0.000e+00 0.000e+00 0.000e+00
2.818e+00 0.000e+00 0.000e+00 0.000e+00 0.000e+00 0.000e+00
3.162e+00 0.000e+00 0.000e+00 0.000e+00 0.000e+00 0.000e+00
3.548e+00 0.000e+00 0.000e+00 0.000e+00 0.000e+00 0.000e+00
3.981e+00 0.000e+00 0.000e+00 0.000e+00 0.000e+00 0.000e+00
4.467e+00 0.000e+00 0.000e+00 0.000e+00 0.000e+00 0.000e+00
5.012e+00 0.000e+00 0.000e+00 0.000e+00 0.000e+00 0.000e+00
5.623e+00 0.000e+00 0.000e+00 0.000e+00 0.000e+00 0.000e+00
6.310e+00 0.000e+00 0.000e+00 0.000e+00 0.000e+00 0.000e+00
7.079e+00 0.000e+00 0.000e+00 0.000e+00 0.000e+00 0.000e+00
7.943e+00 0.000e+00 0.000e+00 0.000e+00 0.000e+00 0.000e+00
8.913e+00 0.000e+00 0.000e+00 0.000e+00 0.000e+00 0.000e+00
1.000e+01 0.000e+00 0.000e+00 0.000e+00 0.000e+00 0.000e+00
1.122e+01 0.000e+00 0.000e+00 0.000e+00 0.000e+00 0.000e+00
1.259e+01 0.000e+00 0.000e+00 0.000e+00 0.000e+00 0.000e+00
1.413e+01 0.000e+00 0.000e+00 0.000e+00 0.000e+00 0.000e+00
1.585e+01 0.000e+00 0.000e+00 0.000e+00 0.000e+00 0.000e+00
1.778e+01 0.000e+00 0.000e+00 0.000e+00 0.000e+00 0.000e+00
1.995e+01 0.000e+00 0.000e+00 0.000e+00 0.000e+00 0.000e+00
2.239e+01 0.000e+00 0.000e+00 0.000e+00 0.000e+00 0.000e+00
2.512e+01 0.000e+00 0.000e+00 0.000e+00 0.000e+00 0.000e+00
2.818e+01 0.000e+00 0.000e+00 0.000e+00 0.000e+00 0.000e+00
3.162e+01 0.000e+00 0.000e+00 0.000e+00 0.000e+00 0.000e+00
3.548e+01 0.000e+00 0.000e+00 0.000e+00 0.000e+00 0.000e+00
3.981e+01 0.000e+00 0.000e+00 0.000e+00 0.000e+00 0.000e+00
4.467e+01 0.000e+00 0.000e+00 0.000e+00 0.000e+00 0.000e+00
5.012e+01 0.000e+00 0.000e+00 0.000e+00 0.000e+00 0.000e+00
5.623e+01 0.000e+00 0.000e+00 0.000e+00 0.000e+00 0.000e+00
6.310e+01 0.000e+00 0.000e+00 0.000e+00 0.000e+00 0.000e+00
7.079e+01 0.000e+00 0.000e+00 0.000e+00 0.000e+00 0.000e+00
7.943e+01 0.000e+00 0.000e+00 0.000e+00 0.000e+00 0.000e+00
8.913e+01 0.000e+00 0.000e+00 0.000e+00 0.000e+00 0.000e+00
1.000e+02 0.000e+00 0.000e+00 0.000e+00 0.000e+00 0.000e+00
1.122e+02 0.000e+00 0.000e+00 0.000e+00 0.000e+00 0.000e+00
1.259e+02 0.000e+00 0.000e+00 0.000e+00 0.000e+00 0.000e+00
1.413e+02 0.000e+00 0.000e+00 0.000e+00 0.000e+00 0.000e+00
1.585e+02 0.000e+00 0.000e+00 0.000e+00 0.000e+00 0.000e+00
1.778e+02 0.000e+00 0.000e+00 0.000e+00 0.000e+00 0.000e+00
1.995e+02 0.000e+00 0.000e+00 0.000e+00 0.000e+00 0.000e+00
2.239e+02 0.000e+00 0.000e+00 0.000e+00 0.000e+00 0.000e+00
2.512e+02 0.000e+00 0.000e+00 0.000e+00 0.000e+00 0.000e+00
2.818e+02 0.000e+00 0.000e+00 0.000e+00 0.000e+00 0.000e+00
3.162e+02 0.000e+00 0.000e+00 0.000e+00 0.000e+00 0.000e+00
3.548e+02 0.000e+00 0.000e+00 0.000e+00 0.000e+00 0.000e+00
3.981e+02 0.000e+00 0.000e+00 0.000e+00 0.000e+00 0.000e+00
4.467e+02 0.000e+00 0.000e+00 0.000e+00 0.000e+00 0.000e+00
5.012e+02 0.000e+00 0.000e+00 0.000e+00 0.000e+00 0.000e+00
5.623e+02 0.000e+00 0.000e+00 0.000e+00 0.000e+00 0.000e+00
6.310e+02 0.000e+00 0.000e+00 0.000e+00 0.000e+00 0.000e+00
7.079e+02 0.000e+00 0.000e+00 0.000e+00 0.000e+00 0.000e+00
7.943e+02 0.000e+00 0.000e+00 0.000e+00 0.000e+00 0.000e+00
8.913e+02 0.000e+00 0.000e+00 0.000e+00 0.000e+00 0.000e+00
1.000e+03 0.000e+00 0.000e+00 0.000e+00 0.000e+00 0.000e+00
1.122e+03 0.000e+00 0.000e+00 0.000e+00 0.000e+00 0.000e+00
1.259e+03 0.000e+00 0.000e+00 0.000e+00 0.000e+00 0.000e+00
1.413e+03 0.000e+00 0.000e+00 0.000e+00 0.000e+00 0.000e+00
1.585e+03 0.000e+00 0.000e+00 0.000e+00 0.000e+00 0.000e+00
1.778e+03 0.000e+00 0.000e+00 0.000e+00 0.000e+00 0.000e+00
1.995e+03 0.000e+00 0.000e+00 0.000e+00 0.000e+00 0.000e+00
2.239e+03 0.000e+00 0.000e+00 0.000e+00 0.000e+00 0.000e+00
2.512e+03 0.000e+00 0.000e+00 0.000e+00 0.000e+00 0.000e+00
2.818e+03 0.000e+00 0.000e+00 0.000e+00 0.000e+00 0.000e+00
3.162e+03 0.000e+00 0.000e+00 0.000e+00 0.000e+00 0.000e+00
3.548e+03 0.000e+00 0.000e+00 0.000e+00 0.000e+00 0.000e+00
3.981e+03 0.000e+00 0.000e+00 0.000e+00 0.000e+00 0.000e+00
4.467e+03 0.000e+00 0.000e+00 0.000e+00 0.000e+00 0.000e+00
5.012e+03 0.000e+00 0.000e+00 0.000e+00 0.000e+00 0.000e+00
5.623e+03 0.000e+00 0.000e+00 0.000e+00 0.000e+00 0.000e+00
6.310e+03 0.000e+00 0.000e+00 0.000e+00 0.000e+00 0.000e+00
7.079e+03 0.000e+00 0.000e+00 0.000e+00 0.000e+00 0.000e+00
7.943e+03 0.000e+00 0.000e+00 0.000e+00 0.000e+00 0.000e+00
8.913e+03 0.000e+00 0.000e+00 0.000e+00 0.000e+00 0.000e+00
1.000e+04 0.000e+00 0.000e+00 0.000e+00 0.000e+00 0.000e+00
1.122e+04 0.000e+00 0.000e+00 0.000e+00 0.000e+00 0.000e+00
1.259e+04 0.000e+00 0.000e+00 0.000e+00 0.000e+00 0.000e+00
1.413e+04 0.000e+00 0.000e+00 0.000e+00 0.000e+00 0.000e+00
1.585e+04 0.000e+00 0.000e+00 0.000e+00 0.000e+00 0.000e+00
1.778e+04 0.000e+00 0.000e+00 0.000e+00 0.000e+00 0.000e+00
1.995e+04 0.000e+00 0.000e+00 0.000e+00 0.000e+00 0.000e+00
2.239e+04 0.000e+00 0.000e+00 0.000e+00 0.000e+00 0.000e+00
2.512e+04 0.000e+00 0.000e+00 0.000e+00 0.000e+00 0.000e+00
2.818e+04 0.000e+00 0.000e+00 0.000e+00 0.000e+00 0.000e+00
3.162e+04 0.000e+00 0.000e+00 0.000e+00 0.000e+00 0.000e+00
3.548e+04 0.000e+00 0.000e+00 0.000e+00 0.000e+00 0.000e+00
3.981e+04 0.000e+00 0.000e+00 0.000e+00 0.000e+00 0.000e+00
4.467e+04 0.000e+00 0.000e+00 0.000e+00 0.000e+00 0.000e+00
5.012e+04 0.000e+00 0.000e+00 0.000e+00 0.000e+00 0.000e+00
5.623e+04 0.000e+00 0.000e+00 0.000e+00 0.000e+00 0.000e+00
6.310e+04 0.000e+00 0.000e+00 0.000e+00 0.000e+00 0.000e+00
7.079e+04 0.000e+00 0.000e+00 0.000e+00 0.000e+00 0.000e+00
7.943e+04 0.000e+00 0.000e+00 0.000e+00 0.000e+00 0.000e+00
8.913e+04 0.000e+00 0.000e+00 0.000e+00 0.000e+00 0.000e+00
1.000e+05 0.000e+00 0.000e+00 0.000e+00 0.000e+00 0.000e+00
1.122e+05 0.000e+00 0.000e+00 0.000e+00 0.000e+00 0.000e+00
1.259e+05 0.000e+00 0.000e+00 0.000e+00 0.000e+00 0.000e+00
1.413e+05 0.000e+00 0.000e+00 0.000e+00 0.000e+00 0.000e+00
1.585e+05 0.000e+00 0.000e+00 0.000e+00 0.000e+00 0.000e+00
1.778e+05 0.000e+00 0.000e+00 0.000e+00 0.000e+00 0.000e+00
1.995e+05 0.000e+00 0.000e+00 0.000e+00 0.000e+00 0.000e+00
2.239e+05 0.000e+00 0.000e+00 0.000e+00 0.000e+00 0.000e+00
2.512e+05 0.000e+00 0.000e+00 0.000e+00 0.000e+00 0.000e+00
2.818e+05 0.000e+00 0.000e+00 0.000e+00 0.000e+00 0.000e+00
3.162e+05 0.000e+00 0.000e+00 0.000e+00 0.000e+00 0.000e+00
3.548e+05 0.000e+00 0.000e+00 0.000e+00 0.000e+00 0.000e+00
3.981e+05 0.000e+00 0.000e+00 0.000e+00 0.000e+00 0.000e+00
4.467e+05 0.000e+00 0.000e+00 0.000e+00 0.000e+00 0.000e+00
5.012e+05 0.000e+00 0.000e+00 0.000e+00 0.000e+00 0.000e+00
5.623e+05 0.000e+00 0.000e+00 0.000e+00 0.000e+00 0.000e+00
6.310e+05 0.000e+00 0.000e+00 0.000e+00 0.000e+00 0.000e+00
7.079e+05 0.000e+00 0.000e+00 0.000e+00 0.000e+00 0.000e+00
7.943e+05 0.000e+00 0.000e+00 0.000e+00 0.000e+00 0.000e+00
8.913e+05 0.000e+00 0.000e+00 0.000e+00 0.000e+00 0.000e+00
1.000e+06 0.000e+00 0.000e+00 0.000e+00 0.000e+00 0.000e+00
1.122e+06 0.000e+00 0.000e+00 0.000e+00 0.000e+00 0.000e+00
1.259e+06 0.000e+00 0.000e+00 0.000e+00 0.000e+00 0.000e+00
1.413e+06 0.000e+00 0.000e+00 0.000e+00 0.000e+00 0.000e+00
1.585e+06 0.000e+00 0.000e+00 0.000e+00 0.000e+00 0.000e+00
1.778e+06 0.000e+00 0.000e+00 0.000e+00 0.000e+00 0.000e+00
1.995e+06 0.000e+00 0.000e+00 0.000e+00 0.000e+00 0.000e+00
2.239e+06 0.000e+00 0.000e+00 0.000e+00 0.000e+00 0.000e+00
2.512e+06 0.000e+00 0.000e+00 0.000e+00 0.000e+00 0.000e+00
2.818e+06 0.000e+00 0.000e+00 0.000e+00 0.000e+00 0.000e+00
3.162e+06 0.000e+00 0.000e+00 0.000e+00 0.000e+00 0.000e+00
3.548e+06 0.000e+00 0.000e+00 0.000e+00 0.000e+00 0.000e+00
3.981e+06 0.000e+00 0.000e+00 0.000e+00 0.000e+00 0.000e+00
4.467e+06 0.000e+00 0.000e+00 0.000e+00 0.000e+00 0.000e+00
5.012e+06 0.000e+00 0.000e+00 0.000e+00 0.000e+00 0.000e+00
5.623e+06 0.000e+00 0.000e+00 0.000e+00 0.000e+00 0.000e+00
6.310e+06 0.000e+00 0.000e+00 0.000e+00 0.000e+00 0.000e+00
7.079e+06 0.000e+00 0.000e+00 0.000e+00 0.000e+00 0.000e+00
7.943e+06 0.000e+00 0.000e+00 0.000e+00 0.000e+00 0.000e+00
8.913e+06 0.000e+00 0.000e+00 0.000e+00 0.000e+00 0.000e+00
1.000e+07 0.000e+00 0.000e+00 0.000e+00 0.000e+00 0.000e+00
1.122e+07 0.000e+00 0.000e+00 0.000e+00 0.000e+00 0.000e+00
1.259e+07 0.000e+00 0.000e+00 0.000e+00 0.000e+00 0.000e+00
1.413e+07 0.000e+00 0.000e+00 0.000e+00 0.000e+00 0.000e+00
1.585e+07 0.000e+00 0.000e+00 0.000e+00 0.000e+00 0.000e+00
1.778e+07 0.000e+00 0.000e+00 0.000e+00 0.000e+00 0.000e+00
1.995e+07 0.000e+00 0.000e+00 0.000e+00 0.000e+00 0.000e+00
2.239e+07 0.000e+00 0.000e+00 0.000e+00 0.000e+00 0.000e+00
2.512e+07 0.000e+00 0.000e+00 0.000e+00 0.000e+00 0.000e+00
2.818e+07 0.000e+00 0.000e+00 0.000e+00 0.000e+00 0.000e+00
3.162e+07 0.000e+00 0.000e+00 0.000e+00 0.000e+00 0.000e+00
3.548e+07 0.000e+00 0.000e+00 0.000e+00 0.000e+00 0.000e+00
3.981e+07 0.000e+00 0.000e+00 0.000e+00 0.000e+00 0.000e+00
4.467e+07 0.000e+00 0.000e+00 0.000e+00 0.000e+00 0.000e+00
5.012e+07 0.000e+00 0.000e+00 0.000e+00 0.000e+00 0.000e+00
5.623e+07 0.000e+00 0.000e+00 0.000e+00 0.000e+00 0.000e+00
6.310e+07 0.000e+00 0.000e+00 0.000e+00 0.000e+00 0.000e+00
7.079e+07 0.000e+00 0.000e+00 0.000e+00 0.000e+00 0.000e+00
7.943e+07 0.000e+00 0.000e+00 0.000e+00 0.000e+00 0.000e+00
8.913e+07 0.000e+00 0.000e+00 0.000e+00 0.000e+00 0.000e+00
1.000e+08 0.000e+00 0.000e+00 0.000e+00 0.000e+00 0.000e+00
