5.110e-07 8.645e+57 2.257e+45
5.734e-07 9.290e+57 3.054e+45
6.433e-07 8.908e+57 3.687e+45
7.218e-07 7.443e+57 3.878e+45
8.099e-07 6.199e+57 4.066e+45
9.087e-07 5.147e+57 4.250e+45
1.020e-06 4.260e+57 4.429e+45
1.144e-06 3.516e+57 4.602e+45
1.284e-06 2.894e+57 4.768e+45
1.440e-06 2.375e+57 4.926e+45
1.616e-06 1.944e+57 5.077e+45
1.813e-06 1.588e+57 5.220e+45
2.034e-06 1.294e+57 5.354e+45
2.283e-06 1.052e+57 5.479e+45
2.561e-06 8.533e+56 5.597e+45
2.874e-06 6.910e+56 5.706e+45
3.224e-06 5.586e+56 5.807e+45
3.618e-06 4.508e+56 5.900e+45
4.059e-06 3.633e+56 5.985e+45
4.554e-06 2.924e+56 6.064e+45
5.110e-06 2.350e+56 6.137e+45
5.734e-06 1.887e+56 6.202e+45
6.433e-06 1.513e+56 6.262e+45
7.218e-06 1.212e+56 6.316e+45
8.099e-06 9.705e+55 6.366e+45
9.087e-06 7.763e+55 6.410e+45
1.020e-05 6.205e+55 6.451e+45
1.144e-05 4.957e+55 6.487e+45
1.284e-05 3.957e+55 6.520e+45
1.440e-05 3.158e+55 6.550e+45
1.616e-05 2.519e+55 6.576e+45
1.813e-05 2.008e+55 6.600e+45
2.034e-05 1.600e+55 6.622e+45
2.283e-05 1.275e+55 6.641e+45
2.561e-05 1.015e+55 6.659e+45
2.874e-05 8.083e+54 6.674e+45
3.224e-05 6.434e+54 6.688e+45
3.618e-05 5.120e+54 6.700e+45
4.059e-05 4.073e+54 6.711e+45
4.554e-05 3.241e+54 6.721e+45
5.110e-05 2.578e+54 6.731e+45
5.734e-05 2.071e+54 6.809e+45
6.433e-05 1.645e+54 6.809e+45
7.218e-05 1.307e+54 6.809e+45
8.099e-05 1.038e+54 6.809e+45
9.087e-05 8.246e+53 6.809e+45
1.020e-04 6.550e+53 6.809e+45
1.144e-04 5.203e+53 6.809e+45
1.284e-04 4.133e+53 6.809e+45
1.440e-04 3.283e+53 6.809e+45
1.616e-04 2.607e+53 6.809e+45
1.813e-04 2.071e+53 6.809e+45
2.034e-04 1.645e+53 6.809e+45
2.283e-04 1.307e+53 6.809e+45
2.561e-04 1.038e+53 6.809e+45
2.874e-04 8.246e+52 6.809e+45
3.224e-04 6.550e+52 6.809e+45
3.618e-04 5.203e+52 6.809e+45
4.059e-04 4.133e+52 6.809e+45
4.554e-04 3.283e+52 6.809e+45
5.110e-04 2.607e+52 6.809e+45
5.734e-04 2.071e+52 6.809e+45
6.433e-04 1.645e+52 6.809e+45
7.218e-04 1.307e+52 6.809e+45
8.099e-04 1.038e+52 6.809e+45
9.087e-04 8.246e+51 6.809e+45
1.020e-03 6.550e+51 6.809e+45
1.144e-03 5.203e+51 6.809e+45
1.284e-03 4.133e+51 6.809e+45
1.440e-03 3.283e+51 6.809e+45
1.616e-03 2.607e+51 6.809e+45
1.813e-03 2.071e+51 6.809e+45
2.034e-03 1.645e+51 6.808e+45
2.283e-03 1.307e+51 6.808e+45
2.561e-03 1.038e+51 6.808e+45
2.874e-03 8.245e+50 6.808e+45
3.224e-03 6.549e+50 6.808e+45
3.618e-03 5.202e+50 6.808e+45
4.059e-03 4.132e+50 6.808e+45
4.554e-03 3.282e+50 6.808e+45
5.110e-03 2.607e+50 6.808e+45
5.734e-03 2.071e+50 6.808e+45
6.433e-03 1.645e+50 6.808e+45
7.218e-03 1.307e+50 6.808e+45
8.099e-03 1.038e+50 6.808e+45
9.087e-03 8.244e+49 6.808e+45
1.020e-02 6.549e+49 6.808e+45
1.144e-02 5.202e+49 6.807e+45
1.284e-02 4.132e+49 6.807e+45
1.440e-02 3.282e+49 6.807e+45
1.616e-02 2.607e+49 6.807e+45
1.813e-02 2.071e+49 6.807e+45
2.034e-02 1.645e+49 6.806e+45
2.283e-02 1.306e+49 6.806e+45
2.561e-02 1.038e+49 6.806e+45
2.874e-02 8.242e+48 6.805e+45
3.224e-02 6.542e+48 6.800e+45
3.618e-02 5.195e+48 6.799e+45
4.059e-02 4.126e+48 6.799e+45
4.554e-02 3.278e+48 6.798e+45
5.110e-02 2.603e+48 6.797e+45
5.734e-02 2.068e+48 6.797e+45
6.433e-02 1.642e+48 6.796e+45
7.218e-02 1.304e+48 6.795e+45
8.099e-02 1.036e+48 6.794e+45
9.087e-02 8.226e+47 6.793e+45
1.020e-01 6.533e+47 6.791e+45
1.144e-01 5.188e+47 6.790e+45
1.284e-01 4.120e+47 6.788e+45
1.440e-01 3.272e+47 6.786e+45
1.616e-01 2.598e+47 6.784e+45
1.813e-01 2.063e+47 6.782e+45
2.034e-01 1.638e+47 6.779e+45
2.283e-01 1.300e+47 6.776e+45
2.561e-01 1.032e+47 6.772e+45
2.874e-01 8.196e+46 6.768e+45
3.224e-01 6.506e+46 6.763e+45
3.618e-01 5.163e+46 6.757e+45
4.059e-01 4.098e+46 6.751e+45
4.554e-01 3.251e+46 6.744e+45
5.110e-01 2.580e+46 6.736e+45
5.734e-01 2.046e+46 6.727e+45
6.433e-01 1.623e+46 6.715e+45
7.218e-01 1.286e+46 6.702e+45
8.099e-01 1.020e+46 6.687e+45
9.087e-01 8.077e+45 6.669e+45
1.020e+00 6.395e+45 6.648e+45
1.144e+00 5.060e+45 6.622e+45
1.284e+00 4.000e+45 6.590e+45
1.440e+00 3.159e+45 6.552e+45
1.616e+00 2.491e+45 6.503e+45
1.813e+00 1.960e+45 6.441e+45
2.034e+00 1.537e+45 6.361e+45
2.283e+00 1.200e+45 6.252e+45
2.561e+00 9.295e+44 6.096e+45
2.874e+00 7.098e+44 5.861e+45
3.224e+00 5.265e+44 5.473e+45
3.618e+00 3.724e+44 4.874e+45
4.059e+00 2.661e+44 4.385e+45
4.554e+00 1.853e+44 3.843e+45
5.110e+00 1.288e+44 3.363e+45
5.734e+00 8.941e+43 2.939e+45
6.433e+00 6.196e+43 2.564e+45
7.218e+00 4.286e+43 2.233e+45
8.099e+00 2.959e+43 1.941e+45
9.087e+00 2.038e+43 1.683e+45
1.020e+01 1.401e+43 1.456e+45
1.144e+01 9.603e+42 1.257e+45
1.284e+01 6.565e+42 1.082e+45
1.440e+01 4.475e+42 9.281e+44
1.616e+01 3.040e+42 7.937e+44
1.813e+01 2.057e+42 6.763e+44
2.034e+01 1.387e+42 5.739e+44
2.283e+01 9.305e+41 4.848e+44
2.561e+01 6.212e+41 4.074e+44
2.874e+01 4.124e+41 3.405e+44
3.224e+01 2.721e+41 2.828e+44
3.618e+01 1.782e+41 2.333e+44
4.059e+01 1.158e+41 1.909e+44
4.554e+01 7.462e+40 1.548e+44
5.110e+01 4.758e+40 1.242e+44
5.734e+01 3.000e+40 9.860e+43
6.433e+01 1.867e+40 7.725e+43
7.218e+01 1.145e+40 5.965e+43
8.099e+01 6.906e+39 4.530e+43
9.087e+01 4.089e+39 3.376e+43
1.020e+02 2.370e+39 2.464e+43
1.144e+02 1.342e+39 1.756e+43
1.284e+02 7.391e+38 1.218e+43
1.440e+02 3.950e+38 8.193e+42
1.616e+02 2.040e+38 5.328e+42
1.813e+02 1.014e+38 3.334e+42
2.034e+02 4.830e+37 1.999e+42
2.283e+02 2.192e+37 1.142e+42
2.561e+02 9.428e+36 6.184e+41
2.874e+02 3.818e+36 3.153e+41
3.224e+02 1.446e+36 1.503e+41
3.618e+02 5.081e+35 6.649e+40
4.059e+02 1.642e+35 2.706e+40
4.554e+02 4.837e+34 1.003e+40
5.110e+02 1.284e+34 3.353e+39
5.734e+02 3.036e+33 9.980e+38
6.433e+02 6.302e+32 2.608e+38
7.218e+02 1.129e+32 5.880e+37
8.099e+02 1.686e+31 1.106e+37
9.087e+02 1.805e+30 1.490e+36
