9.384e-04 6.343e+54 5.585e+48
1.053e-03 5.038e+54 5.585e+48
1.181e-03 4.002e+54 5.585e+48
1.325e-03 3.155e+54 5.543e+48
1.487e-03 2.525e+54 5.585e+48
1.669e-03 1.980e+54 5.514e+48
1.872e-03 1.580e+54 5.540e+48
2.101e-03 1.265e+54 5.585e+48
2.357e-03 9.905e+53 5.503e+48
2.645e-03 7.900e+53 5.525e+48
2.967e-03 6.299e+53 5.547e+48
3.329e-03 5.038e+53 5.585e+48
3.736e-03 3.941e+53 5.500e+48
4.192e-03 3.141e+53 5.518e+48
4.703e-03 2.502e+53 5.535e+48
5.277e-03 1.993e+53 5.551e+48
5.921e-03 1.593e+53 5.585e+48
6.643e-03 1.265e+53 5.585e+48
7.454e-03 9.906e+52 5.504e+48
8.363e-03 7.885e+52 5.515e+48
9.384e-03 6.274e+52 5.525e+48
1.053e-02 4.992e+52 5.534e+48
1.181e-02 3.971e+52 5.541e+48
1.325e-02 3.158e+52 5.547e+48
1.487e-02 2.525e+52 5.584e+48
1.669e-02 2.005e+52 5.584e+48
1.872e-02 1.593e+52 5.584e+48
2.101e-02 1.265e+52 5.584e+48
2.357e-02 1.005e+52 5.584e+48
2.645e-02 7.983e+51 5.583e+48
2.967e-02 6.341e+51 5.583e+48
3.329e-02 5.036e+51 5.583e+48
3.736e-02 4.000e+51 5.583e+48
4.192e-02 3.156e+51 5.545e+48
4.703e-02 2.504e+51 5.538e+48
5.277e-02 1.986e+51 5.530e+48
5.921e-02 1.575e+51 5.520e+48
6.643e-02 1.249e+51 5.510e+48
7.454e-02 9.896e+50 5.498e+48
8.363e-02 7.978e+50 5.580e+48
9.384e-02 6.337e+50 5.580e+48
1.053e-01 5.000e+50 5.543e+48
1.181e-01 3.960e+50 5.526e+48
1.325e-01 3.135e+50 5.508e+48
1.487e-01 2.521e+50 5.577e+48
1.669e-01 2.002e+50 5.576e+48
1.872e-01 1.578e+50 5.533e+48
2.101e-01 1.249e+50 5.511e+48
2.357e-01 9.876e+49 5.487e+48
2.645e-01 7.964e+49 5.570e+48
2.967e-01 6.269e+49 5.520e+48
3.329e-01 4.955e+49 5.493e+48
3.736e-01 3.987e+49 5.564e+48
4.192e-01 3.140e+49 5.517e+48
4.703e-01 2.480e+49 5.486e+48
5.277e-01 1.995e+49 5.556e+48
5.921e-01 1.569e+49 5.501e+48
6.643e-01 1.257e+49 5.548e+48
7.454e-01 8.623e+48 4.791e+48
8.363e-01 6.803e+48 4.758e+48
9.384e-01 6.283e+48 5.533e+48
1.053e+00 4.935e+48 5.470e+48
1.181e+00 3.955e+48 5.519e+48
1.325e+00 3.109e+48 5.462e+48
1.487e+00 2.488e+48 5.502e+48
1.669e+00 1.955e+48 5.445e+48
1.872e+00 1.564e+48 5.481e+48
2.101e+00 1.228e+48 5.419e+48
2.357e+00 9.818e+47 5.455e+48
2.645e+00 7.697e+47 5.384e+48
2.967e+00 6.130e+47 5.398e+48
3.329e+00 4.815e+47 5.337e+48
3.736e+00 3.830e+47 5.345e+48
4.192e+00 3.048e+47 5.356e+48
4.703e+00 2.386e+47 5.278e+48
5.277e+00 1.894e+47 5.273e+48
5.921e+00 1.502e+47 5.264e+48
6.643e+00 1.040e+47 4.591e+48
7.454e+00 9.289e+46 5.161e+48
8.363e+00 7.344e+46 5.137e+48
9.384e+00 5.722e+46 5.038e+48
1.053e+01 4.509e+46 4.998e+48
1.181e+01 3.548e+46 4.951e+48
1.325e+01 2.753e+46 4.837e+48
1.487e+01 2.158e+46 4.774e+48
1.669e+01 1.688e+46 4.701e+48
1.872e+01 1.317e+46 4.618e+48
2.101e+01 1.026e+46 4.527e+48
2.357e+01 7.863e+45 4.369e+48
2.645e+01 6.082e+45 4.254e+48
2.967e+01 4.212e+45 3.709e+48
3.329e+01 3.596e+45 3.986e+48
3.736e+01 2.747e+45 3.833e+48
4.192e+01 2.087e+45 3.667e+48
4.703e+01 1.578e+45 3.490e+48
5.277e+01 1.172e+45 3.262e+48
5.921e+01 8.734e+44 3.062e+48
6.643e+01 6.459e+44 2.850e+48
7.454e+01 4.734e+44 2.630e+48
8.363e+01 3.435e+44 2.402e+48
9.384e+01 2.464e+44 2.170e+48
1.053e+02 1.758e+44 1.949e+48
1.181e+02 1.220e+44 1.702e+48
1.325e+02 8.387e+43 1.474e+48
1.487e+02 5.666e+43 1.253e+48
1.669e+02 3.752e+43 1.045e+48
1.872e+02 2.430e+43 8.519e+47
2.101e+02 1.535e+43 6.775e+47
2.357e+02 9.430e+42 5.239e+47
2.645e+02 5.666e+42 3.963e+47
2.967e+02 2.987e+42 2.630e+47
3.329e+02 1.798e+42 1.994e+47
3.736e+02 9.504e+41 1.326e+47
4.192e+02 4.779e+41 8.397e+46
4.703e+02 2.273e+41 5.027e+46
5.277e+02 1.015e+41 2.828e+46
5.921e+02 4.266e+40 1.496e+46
6.643e+02 1.643e+40 7.249e+45
7.454e+02 5.789e+39 3.216e+45
8.363e+02 1.709e+39 1.195e+45
9.384e+02 5.324e+38 4.688e+44
1.053e+03 1.343e+38 1.488e+44
1.181e+03 2.944e+37 4.109e+43
1.325e+03 5.519e+36 9.697e+42
1.487e+03 8.746e+35 1.934e+42
1.669e+03 1.129e+35 3.142e+41
1.872e+03 1.094e+34 3.836e+40
2.101e+03 9.482e+32 4.184e+39
2.357e+03 5.785e+31 3.214e+38
2.645e+03 2.581e+30 1.805e+37
2.967e+03 8.169e+28 7.193e+35
3.329e+03 1.730e+27 1.918e+34
3.736e+03 2.373e+25 3.312e+32
4.192e+03 1.968e+23 3.458e+30
4.703e+03 8.761e+20 1.938e+28
