1.000e-20 0.000e+00 0.000e+00 0.000e+00 0.000e+00 0.000e+00
1.122e-20 0.000e+00 0.000e+00 0.000e+00 0.000e+00 0.000e+00
1.259e-20 0.000e+00 0.000e+00 0.000e+00 0.000e+00 0.000e+00
1.413e-20 0.000e+00 0.000e+00 0.000e+00 0.000e+00 0.000e+00
1.585e-20 0.000e+00 0.000e+00 0.000e+00 0.000e+00 0.000e+00
1.778e-20 0.000e+00 0.000e+00 0.000e+00 0.000e+00 0.000e+00
1.995e-20 0.000e+00 0.000e+00 0.000e+00 0.000e+00 0.000e+00
2.239e-20 0.000e+00 0.000e+00 0.000e+00 0.000e+00 0.000e+00
2.512e-20 0.000e+00 0.000e+00 0.000e+00 0.000e+00 0.000e+00
2.818e-20 0.000e+00 0.000e+00 0.000e+00 0.000e+00 0.000e+00
3.162e-20 0.000e+00 0.000e+00 0.000e+00 0.000e+00 0.000e+00
3.548e-20 0.000e+00 0.000e+00 0.000e+00 0.000e+00 0.000e+00
3.981e-20 0.000e+00 0.000e+00 0.000e+00 0.000e+00 0.000e+00
4.467e-20 0.000e+00 0.000e+00 0.000e+00 0.000e+00 0.000e+00
5.012e-20 0.000e+00 0.000e+00 0.000e+00 0.000e+00 0.000e+00
5.623e-20 0.000e+00 0.000e+00 0.000e+00 0.000e+00 0.000e+00
6.310e-20 0.000e+00 0.000e+00 0.000e+00 0.000e+00 0.000e+00
7.079e-20 0.000e+00 0.000e+00 0.000e+00 0.000e+00 0.000e+00
7.943e-20 0.000e+00 0.000e+00 0.000e+00 0.000e+00 0.000e+00
8.913e-20 0.000e+00 0.000e+00 0.000e+00 0.000e+00 0.000e+00
1.000e-19 0.000e+00 0.000e+00 0.000e+00 0.000e+00 0.000e+00
1.122e-19 0.000e+00 0.000e+00 0.000e+00 0.000e+00 0.000e+00
1.259e-19 0.000e+00 0.000e+00 0.000e+00 0.000e+00 0.000e+00
1.413e-19 0.000e+00 0.000e+00 0.000e+00 0.000e+00 0.000e+00
1.585e-19 0.000e+00 0.000e+00 0.000e+00 0.000e+00 0.000e+00
1.778e-19 0.000e+00 0.000e+00 0.000e+00 0.000e+00 0.000e+00
1.995e-19 0.000e+00 0.000e+00 0.000e+00 0.000e+00 0.000e+00
2.239e-19 0.000e+00 0.000e+00 0.000e+00 0.000e+00 0.000e+00
2.512e-19 0.000e+00 0.000e+00 0.000e+00 0.000e+00 0.000e+00
2.818e-19 0.000e+00 0.000e+00 0.000e+00 0.000e+00 0.000e+00
3.162e-19 0.000e+00 0.000e+00 0.000e+00 0.000e+00 0.000e+00
3.548e-19 0.000e+00 0.000e+00 0.000e+00 0.000e+00 0.000e+00
3.981e-19 0.000e+00 0.000e+00 0.000e+00 0.000e+00 0.000e+00
4.467e-19 0.000e+00 0.000e+00 0.000e+00 0.000e+00 0.000e+00
5.012e-19 0.000e+00 0.000e+00 0.000e+00 0.000e+00 0.000e+00
5.623e-19 0.000e+00 0.000e+00 0.000e+00 0.000e+00 0.000e+00
6.310e-19 0.000e+00 0.000e+00 0.000e+00 0.000e+00 0.000e+00
7.079e-19 0.000e+00 0.000e+00 0.000e+00 0.000e+00 0.000e+00
7.943e-19 0.000e+00 0.000e+00 0.000e+00 0.000e+00 0.000e+00
8.913e-19 0.000e+00 0.000e+00 0.000e+00 0.000e+00 0.000e+00
1.000e-18 0.000e+00 0.000e+00 0.000e+00 0.000e+00 0.000e+00
1.122e-18 0.000e+00 0.000e+00 0.000e+00 0.000e+00 0.000e+00
1.259e-18 0.000e+00 0.000e+00 0.000e+00 0.000e+00 0.000e+00
1.413e-18 0.000e+00 0.000e+00 0.000e+00 0.000e+00 0.000e+00
1.585e-18 0.000e+00 0.000e+00 0.000e+00 0.000e+00 0.000e+00
1.778e-18 0.000e+00 0.000e+00 0.000e+00 0.000e+00 0.000e+00
1.995e-18 0.000e+00 0.000e+00 0.000e+00 0.000e+00 0.000e+00
2.239e-18 0.000e+00 0.000e+00 0.000e+00 0.000e+00 0.000e+00
2.512e-18 0.000e+00 0.000e+00 0.000e+00 0.000e+00 0.000e+00
2.818e-18 0.000e+00 0.000e+00 0.000e+00 0.000e+00 0.000e+00
3.162e-18 0.000e+00 0.000e+00 0.000e+00 0.000e+00 0.000e+00
3.548e-18 0.000e+00 0.000e+00 0.000e+00 0.000e+00 0.000e+00
3.981e-18 0.000e+00 0.000e+00 0.000e+00 0.000e+00 0.000e+00
4.467e-18 0.000e+00 0.000e+00 0.000e+00 0.000e+00 0.000e+00
5.012e-18 0.000e+00 0.000e+00 0.000e+00 0.000e+00 0.000e+00
5.623e-18 0.000e+00 0.000e+00 0.000e+00 0.000e+00 0.000e+00
6.310e-18 0.000e+00 0.000e+00 0.000e+00 0.000e+00 0.000e+00
7.079e-18 0.000e+00 0.000e+00 0.000e+00 0.000e+00 0.000e+00
7.943e-18 0.000e+00 0.000e+00 0.000e+00 0.000e+00 0.000e+00
8.913e-18 0.000e+00 0.000e+00 0.000e+00 0.000e+00 0.000e+00
1.000e-17 0.000e+00 0.000e+00 0.000e+00 0.000e+00 0.000e+00
1.122e-17 0.000e+00 0.000e+00 0.000e+00 0.000e+00 0.000e+00
1.259e-17 0.000e+00 0.000e+00 0.000e+00 0.000e+00 0.000e+00
1.413e-17 0.000e+00 0.000e+00 0.000e+00 0.000e+00 0.000e+00
1.585e-17 0.000e+00 0.000e+00 0.000e+00 0.000e+00 0.000e+00
1.778e-17 0.000e+00 0.000e+00 0.000e+00 0.000e+00 0.000e+00
1.995e-17 0.000e+00 0.000e+00 0.000e+00 0.000e+00 0.000e+00
2.239e-17 0.000e+00 0.000e+00 0.000e+00 0.000e+00 0.000e+00
2.512e-17 0.000e+00 0.000e+00 0.000e+00 0.000e+00 0.000e+00
2.818e-17 0.000e+00 0.000e+00 0.000e+00 0.000e+00 0.000e+00
3.162e-17 0.000e+00 0.000e+00 0.000e+00 0.000e+00 0.000e+00
3.548e-17 0.000e+00 0.000e+00 0.000e+00 0.000e+00 0.000e+00
3.981e-17 0.000e+00 0.000e+00 0.000e+00 0.000e+00 0.000e+00
4.467e-17 0.000e+00 0.000e+00 0.000e+00 0.000e+00 0.000e+00
5.012e-17 0.000e+00 0.000e+00 0.000e+00 0.000e+00 0.000e+00
5.623e-17 0.000e+00 0.000e+00 0.000e+00 0.000e+00 0.000e+00
6.310e-17 0.000e+00 0.000e+00 0.000e+00 0.000e+00 0.000e+00
7.079e-17 0.000e+00 0.000e+00 0.000e+00 0.000e+00 0.000e+00
7.943e-17 0.000e+00 0.000e+00 0.000e+00 0.000e+00 0.000e+00
8.913e-17 0.000e+00 0.000e+00 0.000e+00 0.000e+00 0.000e+00
1.000e-16 0.000e+00 0.000e+00 0.000e+00 0.000e+00 0.000e+00
1.122e-16 0.000e+00 0.000e+00 0.000e+00 0.000e+00 0.000e+00
1.259e-16 0.000e+00 0.000e+00 0.000e+00 0.000e+00 0.000e+00
1.413e-16 0.000e+00 0.000e+00 0.000e+00 0.000e+00 0.000e+00
1.585e-16 0.000e+00 0.000e+00 0.000e+00 0.000e+00 0.000e+00
1.778e-16 0.000e+00 0.000e+00 0.000e+00 0.000e+00 0.000e+00
1.995e-16 0.000e+00 0.000e+00 0.000e+00 0.000e+00 0.000e+00
2.239e-16 0.000e+00 0.000e+00 0.000e+00 0.000e+00 0.000e+00
2.512e-16 0.000e+00 0.000e+00 0.000e+00 0.000e+00 0.000e+00
2.818e-16 0.000e+00 0.000e+00 0.000e+00 0.000e+00 0.000e+00
3.162e-16 0.000e+00 0.000e+00 0.000e+00 0.000e+00 0.000e+00
3.548e-16 0.000e+00 0.000e+00 0.000e+00 0.000e+00 0.000e+00
3.981e-16 0.000e+00 0.000e+00 0.000e+00 0.000e+00 0.000e+00
4.467e-16 0.000e+00 0.000e+00 0.000e+00 0.000e+00 0.000e+00
5.012e-16 0.000e+00 0.000e+00 0.000e+00 0.000e+00 0.000e+00
5.623e-16 0.000e+00 0.000e+00 0.000e+00 0.000e+00 0.000e+00
6.310e-16 0.000e+00 0.000e+00 0.000e+00 0.000e+00 0.000e+00
7.079e-16 0.000e+00 0.000e+00 0.000e+00 0.000e+00 0.000e+00
7.943e-16 0.000e+00 0.000e+00 0.000e+00 0.000e+00 0.000e+00
8.913e-16 0.000e+00 0.000e+00 0.000e+00 0.000e+00 0.000e+00
1.000e-15 0.000e+00 0.000e+00 0.000e+00 0.000e+00 0.000e+00
1.122e-15 1.503e+55 3.032e+25 3.037e-32 1.998e-20 2.511e-19
1.259e-15 1.333e+55 3.384e+25 3.389e-32 2.230e-20 2.802e-19
1.413e-15 1.181e+55 3.776e+25 3.782e-32 2.488e-20 3.127e-19
1.585e-15 1.047e+55 4.213e+25 4.220e-32 2.776e-20 3.489e-19
1.778e-15 9.278e+54 4.701e+25 4.709e-32 3.098e-20 3.893e-19
1.995e-15 8.223e+54 5.245e+25 5.254e-32 3.456e-20 4.343e-19
2.239e-15 7.288e+54 5.852e+25 5.862e-32 3.856e-20 4.846e-19
2.512e-15 6.458e+54 6.529e+25 6.540e-32 4.302e-20 5.406e-19
2.818e-15 5.723e+54 7.284e+25 7.296e-32 4.800e-20 6.032e-19
3.162e-15 5.072e+54 8.126e+25 8.140e-32 5.355e-20 6.729e-19
3.548e-15 4.494e+54 9.065e+25 9.081e-32 5.974e-20 7.507e-19
3.981e-15 3.982e+54 1.011e+26 1.013e-31 6.664e-20 8.374e-19
4.467e-15 3.529e+54 1.128e+26 1.130e-31 7.433e-20 9.341e-19
5.012e-15 3.127e+54 1.258e+26 1.260e-31 8.292e-20 1.042e-18
5.623e-15 2.770e+54 1.404e+26 1.406e-31 9.249e-20 1.162e-18
6.310e-15 2.454e+54 1.565e+26 1.568e-31 1.032e-19 1.296e-18
7.079e-15 2.174e+54 1.746e+26 1.749e-31 1.151e-19 1.446e-18
7.943e-15 1.926e+54 1.947e+26 1.951e-31 1.283e-19 1.613e-18
8.913e-15 1.707e+54 2.172e+26 2.176e-31 1.431e-19 1.798e-18
1.000e-14 1.512e+54 2.422e+26 2.426e-31 1.596e-19 2.006e-18
1.122e-14 1.339e+54 2.701e+26 2.706e-31 1.780e-19 2.237e-18
1.259e-14 1.186e+54 3.012e+26 3.017e-31 1.985e-19 2.494e-18
1.413e-14 1.051e+54 3.359e+26 3.364e-31 2.213e-19 2.781e-18
1.585e-14 9.306e+53 3.745e+26 3.752e-31 2.468e-19 3.101e-18
1.778e-14 8.242e+53 4.176e+26 4.183e-31 2.752e-19 3.458e-18
1.995e-14 7.300e+53 4.656e+26 4.664e-31 3.068e-19 3.856e-18
2.239e-14 6.465e+53 5.191e+26 5.200e-31 3.421e-19 4.299e-18
2.512e-14 5.725e+53 5.788e+26 5.797e-31 3.814e-19 4.792e-18
2.818e-14 5.070e+53 6.452e+26 6.463e-31 4.252e-19 5.343e-18
3.162e-14 4.489e+53 7.193e+26 7.205e-31 4.740e-19 5.956e-18
3.548e-14 3.975e+53 8.018e+26 8.032e-31 5.284e-19 6.639e-18
3.981e-14 3.520e+53 8.938e+26 8.953e-31 5.889e-19 7.401e-18
4.467e-14 3.116e+53 9.962e+26 9.979e-31 6.565e-19 8.249e-18
5.012e-14 2.759e+53 1.110e+27 1.112e-30 7.317e-19 9.195e-18
5.623e-14 2.443e+53 1.238e+27 1.240e-30 8.155e-19 1.025e-17
6.310e-14 2.162e+53 1.379e+27 1.382e-30 9.089e-19 1.142e-17
7.079e-14 1.914e+53 1.537e+27 1.540e-30 1.013e-18 1.273e-17
7.943e-14 1.694e+53 1.713e+27 1.716e-30 1.129e-18 1.418e-17
8.913e-14 1.500e+53 1.909e+27 1.912e-30 1.258e-18 1.581e-17
1.000e-13 1.328e+53 2.127e+27 2.131e-30 1.402e-18 1.761e-17
1.122e-13 1.175e+53 2.370e+27 2.374e-30 1.562e-18 1.962e-17
1.259e-13 1.040e+53 2.641e+27 2.645e-30 1.740e-18 2.187e-17
1.413e-13 9.203e+52 2.942e+27 2.947e-30 1.939e-18 2.436e-17
1.585e-13 8.144e+52 3.277e+27 3.283e-30 2.160e-18 2.714e-17
1.778e-13 7.206e+52 3.651e+27 3.657e-30 2.406e-18 3.023e-17
1.995e-13 6.377e+52 4.067e+27 4.074e-30 2.680e-18 3.368e-17
2.239e-13 5.642e+52 4.530e+27 4.538e-30 2.985e-18 3.752e-17
2.512e-13 4.992e+52 5.046e+27 5.055e-30 3.325e-18 4.179e-17
2.818e-13 4.416e+52 5.620e+27 5.630e-30 3.704e-18 4.654e-17
3.162e-13 3.907e+52 6.259e+27 6.270e-30 4.125e-18 5.183e-17
3.548e-13 3.456e+52 6.971e+27 6.983e-30 4.593e-18 5.772e-17
3.981e-13 3.057e+52 7.763e+27 7.776e-30 5.115e-18 6.428e-17
4.467e-13 2.704e+52 8.644e+27 8.659e-30 5.696e-18 7.158e-17
5.012e-13 2.392e+52 9.625e+27 9.641e-30 6.342e-18 7.970e-17
5.623e-13 2.115e+52 1.072e+28 1.073e-29 7.061e-18 8.874e-17
6.310e-13 1.870e+52 1.193e+28 1.195e-29 7.862e-18 9.879e-17
7.079e-13 1.654e+52 1.328e+28 1.330e-29 8.752e-18 1.100e-16
7.943e-13 1.463e+52 1.479e+28 1.481e-29 9.743e-18 1.224e-16
8.913e-13 1.293e+52 1.646e+28 1.649e-29 1.085e-17 1.363e-16
1.000e-12 1.143e+52 1.832e+28 1.835e-29 1.207e-17 1.517e-16
1.122e-12 1.011e+52 2.039e+28 2.042e-29 1.343e-17 1.688e-16
1.259e-12 8.936e+51 2.269e+28 2.273e-29 1.495e-17 1.879e-16
1.413e-12 7.899e+51 2.525e+28 2.529e-29 1.664e-17 2.091e-16
1.585e-12 6.982e+51 2.810e+28 2.815e-29 1.852e-17 2.327e-16
1.778e-12 6.171e+51 3.126e+28 3.132e-29 2.060e-17 2.589e-16
1.995e-12 5.453e+51 3.478e+28 3.484e-29 2.292e-17 2.880e-16
2.239e-12 4.819e+51 3.870e+28 3.876e-29 2.550e-17 3.204e-16
2.512e-12 4.259e+51 4.305e+28 4.312e-29 2.837e-17 3.565e-16
2.818e-12 3.763e+51 4.789e+28 4.797e-29 3.156e-17 3.965e-16
3.162e-12 3.324e+51 5.326e+28 5.335e-29 3.510e-17 4.411e-16
3.548e-12 2.937e+51 5.924e+28 5.934e-29 3.904e-17 4.905e-16
3.981e-12 2.594e+51 6.588e+28 6.599e-29 4.341e-17 5.455e-16
4.467e-12 2.292e+51 7.326e+28 7.338e-29 4.828e-17 6.066e-16
5.012e-12 2.024e+51 8.146e+28 8.160e-29 5.368e-17 6.745e-16
5.623e-12 1.788e+51 9.057e+28 9.072e-29 5.968e-17 7.500e-16
6.310e-12 1.579e+51 1.007e+29 1.009e-28 6.635e-17 8.338e-16
7.079e-12 1.394e+51 1.119e+29 1.121e-28 7.376e-17 9.269e-16
7.943e-12 1.231e+51 1.244e+29 1.246e-28 8.199e-17 1.030e-15
8.913e-12 1.087e+51 1.383e+29 1.385e-28 9.113e-17 1.145e-15
1.000e-11 9.592e+50 1.537e+29 1.539e-28 1.013e-16 1.273e-15
1.122e-11 8.467e+50 1.708e+29 1.711e-28 1.125e-16 1.414e-15
1.259e-11 7.473e+50 1.898e+29 1.901e-28 1.251e-16 1.571e-15
1.413e-11 6.596e+50 2.108e+29 2.112e-28 1.389e-16 1.746e-15
1.585e-11 5.820e+50 2.342e+29 2.346e-28 1.544e-16 1.940e-15
1.778e-11 5.136e+50 2.602e+29 2.606e-28 1.715e-16 2.155e-15
1.995e-11 4.531e+50 2.890e+29 2.895e-28 1.904e-16 2.393e-15
2.239e-11 3.997e+50 3.210e+29 3.215e-28 2.115e-16 2.658e-15
2.512e-11 3.526e+50 3.565e+29 3.571e-28 2.349e-16 2.952e-15
2.818e-11 3.110e+50 3.958e+29 3.965e-28 2.608e-16 3.278e-15
3.162e-11 2.743e+50 4.394e+29 4.402e-28 2.896e-16 3.639e-15
3.548e-11 2.419e+50 4.879e+29 4.887e-28 3.215e-16 4.040e-15
3.981e-11 2.133e+50 5.415e+29 5.424e-28 3.568e-16 4.484e-15
4.467e-11 1.880e+50 6.010e+29 6.021e-28 3.961e-16 4.977e-15
5.012e-11 1.657e+50 6.670e+29 6.682e-28 4.395e-16 5.523e-15
5.623e-11 1.461e+50 7.402e+29 7.414e-28 4.877e-16 6.129e-15
6.310e-11 1.288e+50 8.212e+29 8.226e-28 5.412e-16 6.800e-15
7.079e-11 1.135e+50 9.111e+29 9.126e-28 6.003e-16 7.544e-15
7.943e-11 9.997e+49 1.011e+30 1.012e-27 6.659e-16 8.368e-15
8.913e-11 8.807e+49 1.121e+30 1.123e-27 7.386e-16 9.282e-15
1.000e-10 7.758e+49 1.243e+30 1.245e-27 8.191e-16 1.029e-14
1.122e-10 6.833e+49 1.378e+30 1.381e-27 9.082e-16 1.141e-14
1.259e-10 6.018e+49 1.528e+30 1.531e-27 1.007e-15 1.265e-14
1.413e-10 5.299e+49 1.694e+30 1.697e-27 1.116e-15 1.403e-14
1.585e-10 4.666e+49 1.878e+30 1.881e-27 1.237e-15 1.555e-14
1.778e-10 4.107e+49 2.081e+30 2.084e-27 1.371e-15 1.723e-14
1.995e-10 3.615e+49 2.306e+30 2.310e-27 1.519e-15 1.909e-14
2.239e-10 3.182e+49 2.555e+30 2.559e-27 1.684e-15 2.116e-14
2.512e-10 2.800e+49 2.830e+30 2.835e-27 1.865e-15 2.344e-14
2.818e-10 2.463e+49 3.135e+30 3.140e-27 2.066e-15 2.596e-14
3.162e-10 2.167e+49 3.472e+30 3.478e-27 2.288e-15 2.875e-14
3.548e-10 1.906e+49 3.845e+30 3.851e-27 2.534e-15 3.184e-14
3.981e-10 1.676e+49 4.257e+30 4.264e-27 2.805e-15 3.525e-14
4.467e-10 1.474e+49 4.713e+30 4.721e-27 3.106e-15 3.903e-14
5.012e-10 1.296e+49 5.217e+30 5.226e-27 3.438e-15 4.320e-14
5.623e-10 1.140e+49 5.774e+30 5.784e-27 3.805e-15 4.781e-14
6.310e-10 1.002e+49 6.389e+30 6.400e-27 4.210e-15 5.291e-14
7.079e-10 8.804e+48 7.070e+30 7.082e-27 4.659e-15 5.854e-14
7.943e-10 7.737e+48 7.822e+30 7.835e-27 5.154e-15 6.477e-14
8.913e-10 6.799e+48 8.653e+30 8.667e-27 5.702e-15 7.165e-14
1.000e-09 5.974e+48 9.571e+30 9.587e-27 6.307e-15 7.925e-14
1.122e-09 5.248e+48 1.059e+31 1.060e-26 6.975e-15 8.765e-14
1.259e-09 4.610e+48 1.171e+31 1.173e-26 7.714e-15 9.693e-14
1.413e-09 4.049e+48 1.294e+31 1.297e-26 8.529e-15 1.072e-13
1.585e-09 3.556e+48 1.431e+31 1.434e-26 9.431e-15 1.185e-13
1.778e-09 3.123e+48 1.582e+31 1.585e-26 1.043e-14 1.310e-13
1.995e-09 2.742e+48 1.749e+31 1.752e-26 1.153e-14 1.449e-13
2.239e-09 2.408e+48 1.934e+31 1.937e-26 1.274e-14 1.601e-13
2.512e-09 2.115e+48 2.138e+31 2.141e-26 1.409e-14 1.770e-13
2.818e-09 1.857e+48 2.363e+31 2.367e-26 1.557e-14 1.957e-13
3.162e-09 1.630e+48 2.612e+31 2.616e-26 1.721e-14 2.163e-13
3.548e-09 1.431e+48 2.887e+31 2.892e-26 1.902e-14 2.391e-13
3.981e-09 1.257e+48 3.191e+31 3.197e-26 2.103e-14 2.643e-13
4.467e-09 1.104e+48 3.528e+31 3.534e-26 2.325e-14 2.921e-13
5.012e-09 9.690e+47 3.900e+31 3.906e-26 2.570e-14 3.229e-13
5.623e-09 8.509e+47 4.311e+31 4.319e-26 2.841e-14 3.570e-13
6.310e-09 7.473e+47 4.766e+31 4.774e-26 3.141e-14 3.947e-13
7.079e-09 6.563e+47 5.270e+31 5.279e-26 3.473e-14 4.364e-13
7.943e-09 5.764e+47 5.826e+31 5.836e-26 3.839e-14 4.825e-13
8.913e-09 5.062e+47 6.442e+31 6.453e-26 4.245e-14 5.334e-13
1.000e-08 4.446e+47 7.123e+31 7.135e-26 4.694e-14 5.898e-13
1.122e-08 3.904e+47 7.875e+31 7.888e-26 5.189e-14 6.521e-13
1.259e-08 3.428e+47 8.706e+31 8.720e-26 5.737e-14 7.209e-13
1.413e-08 3.010e+47 9.622e+31 9.639e-26 6.341e-14 7.968e-13
1.585e-08 2.642e+47 1.063e+32 1.065e-25 7.007e-14 8.805e-13
1.778e-08 2.318e+47 1.174e+32 1.176e-25 7.739e-14 9.725e-13
1.995e-08 2.033e+47 1.297e+32 1.299e-25 8.544e-14 1.074e-12
2.239e-08 1.781e+47 1.430e+32 1.433e-25 9.425e-14 1.184e-12
2.512e-08 1.559e+47 1.576e+32 1.579e-25 1.039e-13 1.305e-12
2.818e-08 1.364e+47 1.736e+32 1.738e-25 1.144e-13 1.437e-12
3.162e-08 1.191e+47 1.908e+32 1.911e-25 1.257e-13 1.580e-12
3.548e-08 1.038e+47 2.094e+32 2.097e-25 1.380e-13 1.734e-12
3.981e-08 9.029e+46 2.293e+32 2.297e-25 1.511e-13 1.899e-12
4.467e-08 7.835e+46 2.505e+32 2.509e-25 1.650e-13 2.074e-12
5.012e-08 6.779e+46 2.728e+32 2.733e-25 1.798e-13 2.259e-12
5.623e-08 5.846e+46 2.962e+32 2.967e-25 1.952e-13 2.453e-12
6.310e-08 5.023e+46 3.204e+32 3.209e-25 2.111e-13 2.653e-12
7.079e-08 4.297e+46 3.451e+32 3.457e-25 2.274e-13 2.858e-12
7.943e-08 3.659e+46 3.699e+32 3.705e-25 2.438e-13 3.063e-12
8.913e-08 3.099e+46 3.944e+32 3.951e-25 2.599e-13 3.266e-12
1.000e-07 2.608e+46 4.179e+32 4.186e-25 2.754e-13 3.460e-12
1.122e-07 2.179e+46 4.396e+32 4.403e-25 2.897e-13 3.640e-12
1.259e-07 1.805e+46 4.582e+32 4.590e-25 3.020e-13 3.795e-12
1.413e-07 1.474e+46 4.712e+32 4.720e-25 3.105e-13 3.902e-12
1.585e-07 1.158e+46 4.659e+32 4.667e-25 3.070e-13 3.858e-12
1.778e-07 9.548e+45 4.838e+32 4.846e-25 3.188e-13 4.006e-12
1.995e-07 7.794e+45 4.971e+32 4.980e-25 3.276e-13 4.117e-12
2.239e-07 6.254e+45 5.022e+32 5.031e-25 3.309e-13 4.159e-12
2.512e-07 4.916e+45 4.970e+32 4.978e-25 3.275e-13 4.115e-12
2.818e-07 3.972e+45 5.055e+32 5.064e-25 3.331e-13 4.186e-12
3.162e-07 3.143e+45 5.036e+32 5.045e-25 3.319e-13 4.170e-12
3.548e-07 2.460e+45 4.961e+32 4.969e-25 3.269e-13 4.108e-12
3.981e-07 1.950e+45 4.952e+32 4.961e-25 3.263e-13 4.101e-12
4.467e-07 1.498e+45 4.789e+32 4.797e-25 3.156e-13 3.966e-12
5.012e-07 1.181e+45 4.753e+32 4.761e-25 3.132e-13 3.936e-12
5.623e-07 8.981e+44 4.550e+32 4.558e-25 2.998e-13 3.768e-12
6.310e-07 7.008e+44 4.470e+32 4.477e-25 2.945e-13 3.701e-12
7.079e-07 5.295e+44 4.252e+32 4.259e-25 2.802e-13 3.521e-12
7.943e-07 4.061e+44 4.105e+32 4.112e-25 2.705e-13 3.400e-12
8.913e-07 3.070e+44 3.907e+32 3.913e-25 2.574e-13 3.235e-12
1.000e-06 2.464e+44 3.948e+32 3.954e-25 2.601e-13 3.269e-12
1.122e-06 1.879e+44 3.791e+32 3.797e-25 2.498e-13 3.139e-12
1.259e-06 1.513e+44 3.842e+32 3.848e-25 2.532e-13 3.181e-12
1.413e-06 1.111e+44 3.551e+32 3.557e-25 2.340e-13 2.940e-12
1.585e-06 8.894e+43 3.579e+32 3.586e-25 2.359e-13 2.964e-12
1.778e-06 7.181e+43 3.638e+32 3.644e-25 2.397e-13 3.013e-12
1.995e-06 5.237e+43 3.340e+32 3.346e-25 2.201e-13 2.766e-12
2.239e-06 4.107e+43 3.298e+32 3.304e-25 2.173e-13 2.731e-12
2.512e-06 3.208e+43 3.243e+32 3.249e-25 2.137e-13 2.685e-12
2.818e-06 2.304e+43 2.932e+32 2.937e-25 1.932e-13 2.428e-12
3.162e-06 1.844e+43 2.955e+32 2.960e-25 1.947e-13 2.447e-12
3.548e-06 1.450e+43 2.924e+32 2.929e-25 1.927e-13 2.421e-12
3.981e-06 1.029e+43 2.612e+32 2.617e-25 1.721e-13 2.163e-12
4.467e-06 7.974e+42 2.549e+32 2.554e-25 1.680e-13 2.111e-12
5.012e-06 6.167e+42 2.482e+32 2.486e-25 1.635e-13 2.055e-12
5.623e-06 4.760e+42 2.412e+32 2.416e-25 1.589e-13 1.997e-12
6.310e-06 3.274e+42 2.088e+32 2.092e-25 1.376e-13 1.729e-12
7.079e-06 2.502e+42 2.009e+32 2.013e-25 1.324e-13 1.664e-12
7.943e-06 1.910e+42 1.931e+32 1.935e-25 1.273e-13 1.599e-12
8.913e-06 1.457e+42 1.855e+32 1.858e-25 1.222e-13 1.536e-12
1.000e-05 1.143e+42 1.831e+32 1.834e-25 1.206e-13 1.516e-12
1.122e-05 7.761e+41 1.565e+32 1.568e-25 1.031e-13 1.296e-12
1.259e-05 5.967e+41 1.515e+32 1.518e-25 9.984e-14 1.255e-12
1.413e-05 4.576e+41 1.463e+32 1.465e-25 9.640e-14 1.211e-12
1.585e-05 3.504e+41 1.410e+32 1.413e-25 9.292e-14 1.168e-12
1.778e-05 2.680e+41 1.358e+32 1.360e-25 8.947e-14 1.124e-12
1.995e-05 2.047e+41 1.306e+32 1.308e-25 8.606e-14 1.081e-12
2.239e-05 1.327e+41 1.066e+32 1.068e-25 7.023e-14 8.825e-13
2.512e-05 1.002e+41 1.013e+32 1.015e-25 6.678e-14 8.392e-13
2.818e-05 7.570e+40 9.634e+31 9.650e-26 6.348e-14 7.978e-13
3.162e-05 5.715e+40 9.156e+31 9.172e-26 6.033e-14 7.582e-13
3.548e-05 4.313e+40 8.700e+31 8.714e-26 5.733e-14 7.204e-13
3.981e-05 3.254e+40 8.264e+31 8.278e-26 5.445e-14 6.843e-13
4.467e-05 2.455e+40 7.848e+31 7.861e-26 5.171e-14 6.498e-13
5.012e-05 1.851e+40 7.450e+31 7.463e-26 4.909e-14 6.169e-13
5.623e-05 1.396e+40 7.071e+31 7.083e-26 4.659e-14 5.855e-13
6.310e-05 1.052e+40 6.709e+31 6.720e-26 4.421e-14 5.555e-13
7.079e-05 7.925e+39 6.364e+31 6.374e-26 4.193e-14 5.270e-13
7.943e-05 4.898e+39 4.951e+31 4.960e-26 3.263e-14 4.100e-13
8.913e-05 3.631e+39 4.621e+31 4.629e-26 3.045e-14 3.826e-13
1.000e-04 2.692e+39 4.312e+31 4.320e-26 2.842e-14 3.571e-13
1.122e-04 1.995e+39 4.025e+31 4.031e-26 2.652e-14 3.333e-13
1.259e-04 1.479e+39 3.756e+31 3.762e-26 2.475e-14 3.110e-13
1.413e-04 1.097e+39 3.505e+31 3.511e-26 2.310e-14 2.903e-13
1.585e-04 8.128e+38 3.271e+31 3.277e-26 2.156e-14 2.709e-13
1.778e-04 6.026e+38 3.053e+31 3.058e-26 2.012e-14 2.528e-13
1.995e-04 4.467e+38 2.849e+31 2.854e-26 1.877e-14 2.359e-13
2.239e-04 3.311e+38 2.659e+31 2.664e-26 1.752e-14 2.202e-13
2.512e-04 2.455e+38 2.482e+31 2.486e-26 1.635e-14 2.055e-13
2.818e-04 1.820e+38 2.316e+31 2.320e-26 1.526e-14 1.918e-13
3.162e-04 1.349e+38 2.161e+31 2.165e-26 1.424e-14 1.790e-13
3.548e-04 1.000e+38 2.017e+31 2.020e-26 1.329e-14 1.670e-13
3.981e-04 7.413e+37 1.882e+31 1.886e-26 1.240e-14 1.559e-13
4.467e-04 5.495e+37 1.757e+31 1.760e-26 1.158e-14 1.455e-13
5.012e-04 4.074e+37 1.640e+31 1.642e-26 1.080e-14 1.358e-13
5.623e-04 3.020e+37 1.530e+31 1.533e-26 1.008e-14 1.267e-13
6.310e-04 2.239e+37 1.428e+31 1.430e-26 9.410e-15 1.182e-13
7.079e-04 1.660e+37 1.333e+31 1.335e-26 8.781e-15 1.104e-13
7.943e-04 1.230e+37 1.244e+31 1.246e-26 8.195e-15 1.030e-13
8.913e-04 9.120e+36 1.161e+31 1.163e-26 7.648e-15 9.611e-14
1.000e-03 6.761e+36 1.083e+31 1.085e-26 7.138e-15 8.970e-14
1.122e-03 5.012e+36 1.011e+31 1.013e-26 6.661e-15 8.371e-14
1.259e-03 3.715e+36 9.434e+30 9.450e-27 6.217e-15 7.812e-14
1.413e-03 2.754e+36 8.804e+30 8.819e-27 5.802e-15 7.291e-14
1.585e-03 2.042e+36 8.217e+30 8.230e-27 5.414e-15 6.804e-14
1.778e-03 1.513e+36 7.668e+30 7.681e-27 5.053e-15 6.350e-14
1.995e-03 1.122e+36 7.156e+30 7.168e-27 4.716e-15 5.926e-14
2.239e-03 8.317e+35 6.678e+30 6.690e-27 4.401e-15 5.530e-14
2.512e-03 6.165e+35 6.233e+30 6.243e-27 4.107e-15 5.161e-14
2.818e-03 4.570e+35 5.817e+30 5.826e-27 3.833e-15 4.816e-14
3.162e-03 3.388e+35 5.428e+30 5.437e-27 3.577e-15 4.495e-14
3.548e-03 2.512e+35 5.066e+30 5.074e-27 3.338e-15 4.195e-14
3.981e-03 1.862e+35 4.728e+30 4.736e-27 3.115e-15 3.915e-14
4.467e-03 1.380e+35 4.412e+30 4.419e-27 2.907e-15 3.653e-14
5.012e-03 1.023e+35 4.117e+30 4.124e-27 2.713e-15 3.409e-14
5.623e-03 7.584e+34 3.842e+30 3.849e-27 2.532e-15 3.182e-14
6.310e-03 5.622e+34 3.586e+30 3.592e-27 2.363e-15 2.969e-14
7.079e-03 4.167e+34 3.346e+30 3.352e-27 2.205e-15 2.771e-14
7.943e-03 3.089e+34 3.123e+30 3.128e-27 2.058e-15 2.586e-14
8.913e-03 2.290e+34 2.914e+30 2.919e-27 1.920e-15 2.413e-14
1.000e-02 1.697e+34 2.720e+30 2.724e-27 1.792e-15 2.252e-14
1.122e-02 1.258e+34 2.538e+30 2.542e-27 1.672e-15 2.102e-14
1.259e-02 9.327e+33 2.368e+30 2.372e-27 1.561e-15 1.961e-14
1.413e-02 6.914e+33 2.210e+30 2.214e-27 1.456e-15 1.830e-14
1.585e-02 5.125e+33 2.062e+30 2.066e-27 1.359e-15 1.708e-14
1.778e-02 3.799e+33 1.925e+30 1.928e-27 1.268e-15 1.594e-14
1.995e-02 2.816e+33 1.796e+30 1.799e-27 1.183e-15 1.487e-14
2.239e-02 2.087e+33 1.676e+30 1.679e-27 1.104e-15 1.388e-14
2.512e-02 1.547e+33 1.564e+30 1.566e-27 1.030e-15 1.295e-14
2.818e-02 1.147e+33 1.459e+30 1.462e-27 9.615e-16 1.208e-14
3.162e-02 8.498e+32 1.362e+30 1.364e-27 8.972e-16 1.127e-14
3.548e-02 6.298e+32 1.270e+30 1.273e-27 8.371e-16 1.052e-14
3.981e-02 4.668e+32 1.185e+30 1.187e-27 7.811e-16 9.815e-15
4.467e-02 3.460e+32 1.106e+30 1.108e-27 7.288e-16 9.158e-15
5.012e-02 2.564e+32 1.032e+30 1.034e-27 6.799e-16 8.544e-15
5.623e-02 1.900e+32 9.627e+29 9.643e-28 6.344e-16 7.972e-15
6.310e-02 1.408e+32 8.981e+29 8.996e-28 5.918e-16 7.437e-15
7.079e-02 1.043e+32 8.378e+29 8.392e-28 5.521e-16 6.938e-15
7.943e-02 7.731e+31 7.816e+29 7.829e-28 5.150e-16 6.472e-15
8.913e-02 5.728e+31 7.290e+29 7.303e-28 4.804e-16 6.037e-15
1.000e-01 4.244e+31 6.800e+29 6.811e-28 4.481e-16 5.631e-15
1.122e-01 3.144e+31 6.342e+29 6.353e-28 4.179e-16 5.252e-15
1.259e-01 2.329e+31 5.914e+29 5.924e-28 3.897e-16 4.898e-15
1.413e-01 1.725e+31 5.515e+29 5.525e-28 3.634e-16 4.567e-15
1.585e-01 1.278e+31 5.142e+29 5.151e-28 3.389e-16 4.258e-15
1.778e-01 9.463e+30 4.794e+29 4.802e-28 3.159e-16 3.970e-15
1.995e-01 7.007e+30 4.469e+29 4.477e-28 2.945e-16 3.701e-15
2.239e-01 5.188e+30 4.166e+29 4.173e-28 2.745e-16 3.449e-15
2.512e-01 3.840e+30 3.882e+29 3.888e-28 2.558e-16 3.214e-15
2.818e-01 2.842e+30 3.617e+29 3.623e-28 2.383e-16 2.995e-15
3.162e-01 2.103e+30 3.369e+29 3.375e-28 2.220e-16 2.790e-15
3.548e-01 1.556e+30 3.138e+29 3.143e-28 2.068e-16 2.598e-15
3.981e-01 1.151e+30 2.922e+29 2.927e-28 1.925e-16 2.419e-15
4.467e-01 8.507e+29 2.720e+29 2.724e-28 1.792e-16 2.252e-15
5.012e-01 6.288e+29 2.531e+29 2.535e-28 1.668e-16 2.096e-15
5.623e-01 4.646e+29 2.354e+29 2.358e-28 1.551e-16 1.949e-15
6.310e-01 3.431e+29 2.189e+29 2.192e-28 1.442e-16 1.812e-15
7.079e-01 2.533e+29 2.034e+29 2.037e-28 1.340e-16 1.684e-15
7.943e-01 1.869e+29 1.889e+29 1.892e-28 1.245e-16 1.564e-15
8.913e-01 1.378e+29 1.754e+29 1.757e-28 1.156e-16 1.452e-15
1.000e+00 1.015e+29 1.627e+29 1.629e-28 1.072e-16 1.347e-15
1.122e+00 7.474e+28 1.508e+29 1.510e-28 9.934e-17 1.248e-15
1.259e+00 5.502e+28 1.397e+29 1.400e-28 9.206e-17 1.157e-15
1.413e+00 4.047e+28 1.294e+29 1.296e-28 8.525e-17 1.071e-15
1.585e+00 2.974e+28 1.197e+29 1.199e-28 7.887e-17 9.912e-16
1.778e+00 2.184e+28 1.106e+29 1.108e-28 7.290e-17 9.161e-16
1.995e+00 1.601e+28 1.021e+29 1.023e-28 6.731e-17 8.459e-16
2.239e+00 1.173e+28 9.420e+28 9.436e-29 6.207e-17 7.800e-16
2.512e+00 8.582e+27 8.676e+28 8.690e-29 5.717e-17 7.184e-16
2.818e+00 6.269e+27 7.979e+28 7.992e-29 5.258e-17 6.607e-16
3.162e+00 4.572e+27 7.325e+28 7.338e-29 4.827e-17 6.066e-16
3.548e+00 3.329e+27 6.714e+28 6.725e-29 4.424e-17 5.560e-16
3.981e+00 2.418e+27 6.141e+28 6.152e-29 4.047e-17 5.085e-16
4.467e+00 1.753e+27 5.605e+28 5.615e-29 3.693e-17 4.641e-16
5.012e+00 1.268e+27 5.103e+28 5.112e-29 3.363e-17 4.226e-16
5.623e+00 9.147e+26 4.634e+28 4.642e-29 3.054e-17 3.837e-16
6.310e+00 6.578e+26 4.196e+28 4.203e-29 2.765e-17 3.474e-16
7.079e+00 4.715e+26 3.786e+28 3.793e-29 2.495e-17 3.135e-16
7.943e+00 3.368e+26 3.405e+28 3.410e-29 2.244e-17 2.819e-16
8.913e+00 2.396e+26 3.049e+28 3.054e-29 2.009e-17 2.525e-16
1.000e+01 1.697e+26 2.719e+28 2.724e-29 1.792e-17 2.251e-16
1.122e+01 1.196e+26 2.413e+28 2.417e-29 1.590e-17 1.998e-16
1.259e+01 8.385e+25 2.129e+28 2.133e-29 1.403e-17 1.763e-16
1.413e+01 5.843e+25 1.868e+28 1.871e-29 1.231e-17 1.547e-16
1.585e+01 4.046e+25 1.628e+28 1.631e-29 1.073e-17 1.348e-16
1.778e+01 2.781e+25 1.409e+28 1.411e-29 9.283e-18 1.167e-16
1.995e+01 1.896e+25 1.209e+28 1.211e-29 7.968e-18 1.001e-16
2.239e+01 1.281e+25 1.029e+28 1.031e-29 6.779e-18 8.519e-17
2.512e+01 8.574e+24 8.667e+27 8.682e-30 5.711e-18 7.177e-17
2.818e+01 5.676e+24 7.223e+27 7.236e-30 4.760e-18 5.981e-17
3.162e+01 3.713e+24 5.949e+27 5.959e-30 3.920e-18 4.926e-17
3.548e+01 2.397e+24 4.835e+27 4.843e-30 3.186e-18 4.004e-17
3.981e+01 1.525e+24 3.874e+27 3.880e-30 2.553e-18 3.208e-17
4.467e+01 9.554e+23 3.054e+27 3.059e-30 2.013e-18 2.529e-17
5.012e+01 5.880e+23 2.366e+27 2.370e-30 1.559e-18 1.959e-17
5.623e+01 3.549e+23 1.798e+27 1.801e-30 1.185e-18 1.489e-17
6.310e+01 2.098e+23 1.338e+27 1.340e-30 8.816e-19 1.108e-17
7.079e+01 1.211e+23 9.726e+26 9.743e-31 6.409e-19 8.054e-18
7.943e+01 6.819e+22 6.894e+26 6.905e-31 4.543e-19 5.708e-18
8.913e+01 3.735e+22 4.753e+26 4.761e-31 3.132e-19 3.936e-18
1.000e+02 1.985e+22 3.181e+26 3.186e-31 2.096e-19 2.634e-18
1.122e+02 1.022e+22 2.061e+26 2.065e-31 1.358e-19 1.707e-18
1.259e+02 5.083e+21 1.291e+26 1.293e-31 8.505e-20 1.069e-18
1.413e+02 2.438e+21 7.793e+25 7.806e-32 5.135e-20 6.453e-19
1.585e+02 1.125e+21 4.528e+25 4.535e-32 2.983e-20 3.749e-19
1.778e+02 4.987e+20 2.527e+25 2.531e-32 1.665e-20 2.092e-19
1.995e+02 2.122e+20 1.354e+25 1.356e-32 8.920e-21 1.121e-19
2.239e+02 8.683e+19 6.973e+24 6.984e-33 4.595e-21 5.774e-20
2.512e+02 3.463e+19 3.501e+24 3.507e-33 2.307e-21 2.899e-20
2.818e+02 1.239e+19 1.577e+24 1.580e-33 1.039e-21 1.306e-20
3.162e+02 4.138e+18 6.629e+23 6.641e-34 4.368e-22 5.489e-21
3.548e+02 1.280e+18 2.581e+23 2.585e-34 1.701e-22 2.137e-21
3.981e+02 3.633e+17 9.225e+22 9.241e-35 6.079e-23 7.639e-22
4.467e+02 9.380e+16 2.998e+22 3.004e-35 1.976e-23 2.483e-22
5.012e+02 2.178e+16 8.766e+21 8.781e-36 5.776e-24 7.259e-23
5.623e+02 4.493e+15 2.276e+21 2.280e-36 1.500e-24 1.885e-23
6.310e+02 8.104e+14 5.169e+20 5.178e-37 3.406e-25 4.280e-24
7.079e+02 1.248e+14 1.002e+20 1.004e-37 6.603e-26 8.298e-25
7.943e+02 1.541e+13 1.558e+19 1.561e-38 1.027e-26 1.290e-25
8.913e+02 1.139e+12 1.449e+18 1.452e-39 9.551e-28 1.200e-26
1.000e+03 0.000e+00 0.000e+00 0.000e+00 0.000e+00 0.000e+00
1.122e+03 0.000e+00 0.000e+00 0.000e+00 0.000e+00 0.000e+00
1.259e+03 0.000e+00 0.000e+00 0.000e+00 0.000e+00 0.000e+00
1.413e+03 0.000e+00 0.000e+00 0.000e+00 0.000e+00 0.000e+00
1.585e+03 0.000e+00 0.000e+00 0.000e+00 0.000e+00 0.000e+00
1.778e+03 0.000e+00 0.000e+00 0.000e+00 0.000e+00 0.000e+00
1.995e+03 0.000e+00 0.000e+00 0.000e+00 0.000e+00 0.000e+00
2.239e+03 0.000e+00 0.000e+00 0.000e+00 0.000e+00 0.000e+00
2.512e+03 0.000e+00 0.000e+00 0.000e+00 0.000e+00 0.000e+00
2.818e+03 0.000e+00 0.000e+00 0.000e+00 0.000e+00 0.000e+00
3.162e+03 0.000e+00 0.000e+00 0.000e+00 0.000e+00 0.000e+00
3.548e+03 0.000e+00 0.000e+00 0.000e+00 0.000e+00 0.000e+00
3.981e+03 0.000e+00 0.000e+00 0.000e+00 0.000e+00 0.000e+00
4.467e+03 0.000e+00 0.000e+00 0.000e+00 0.000e+00 0.000e+00
5.012e+03 0.000e+00 0.000e+00 0.000e+00 0.000e+00 0.000e+00
5.623e+03 0.000e+00 0.000e+00 0.000e+00 0.000e+00 0.000e+00
6.310e+03 0.000e+00 0.000e+00 0.000e+00 0.000e+00 0.000e+00
7.079e+03 0.000e+00 0.000e+00 0.000e+00 0.000e+00 0.000e+00
7.943e+03 0.000e+00 0.000e+00 0.000e+00 0.000e+00 0.000e+00
8.913e+03 0.000e+00 0.000e+00 0.000e+00 0.000e+00 0.000e+00
1.000e+04 0.000e+00 0.000e+00 0.000e+00 0.000e+00 0.000e+00
1.122e+04 0.000e+00 0.000e+00 0.000e+00 0.000e+00 0.000e+00
1.259e+04 0.000e+00 0.000e+00 0.000e+00 0.000e+00 0.000e+00
1.413e+04 0.000e+00 0.000e+00 0.000e+00 0.000e+00 0.000e+00
1.585e+04 0.000e+00 0.000e+00 0.000e+00 0.000e+00 0.000e+00
1.778e+04 0.000e+00 0.000e+00 0.000e+00 0.000e+00 0.000e+00
1.995e+04 0.000e+00 0.000e+00 0.000e+00 0.000e+00 0.000e+00
2.239e+04 0.000e+00 0.000e+00 0.000e+00 0.000e+00 0.000e+00
2.512e+04 0.000e+00 0.000e+00 0.000e+00 0.000e+00 0.000e+00
2.818e+04 0.000e+00 0.000e+00 0.000e+00 0.000e+00 0.000e+00
3.162e+04 0.000e+00 0.000e+00 0.000e+00 0.000e+00 0.000e+00
3.548e+04 0.000e+00 0.000e+00 0.000e+00 0.000e+00 0.000e+00
3.981e+04 0.000e+00 0.000e+00 0.000e+00 0.000e+00 0.000e+00
4.467e+04 0.000e+00 0.000e+00 0.000e+00 0.000e+00 0.000e+00
5.012e+04 0.000e+00 0.000e+00 0.000e+00 0.000e+00 0.000e+00
5.623e+04 0.000e+00 0.000e+00 0.000e+00 0.000e+00 0.000e+00
6.310e+04 0.000e+00 0.000e+00 0.000e+00 0.000e+00 0.000e+00
7.079e+04 0.000e+00 0.000e+00 0.000e+00 0.000e+00 0.000e+00
7.943e+04 0.000e+00 0.000e+00 0.000e+00 0.000e+00 0.000e+00
8.913e+04 0.000e+00 0.000e+00 0.000e+00 0.000e+00 0.000e+00
1.000e+05 0.000e+00 0.000e+00 0.000e+00 0.000e+00 0.000e+00
1.122e+05 0.000e+00 0.000e+00 0.000e+00 0.000e+00 0.000e+00
1.259e+05 0.000e+00 0.000e+00 0.000e+00 0.000e+00 0.000e+00
1.413e+05 0.000e+00 0.000e+00 0.000e+00 0.000e+00 0.000e+00
1.585e+05 0.000e+00 0.000e+00 0.000e+00 0.000e+00 0.000e+00
1.778e+05 0.000e+00 0.000e+00 0.000e+00 0.000e+00 0.000e+00
1.995e+05 0.000e+00 0.000e+00 0.000e+00 0.000e+00 0.000e+00
2.239e+05 0.000e+00 0.000e+00 0.000e+00 0.000e+00 0.000e+00
2.512e+05 0.000e+00 0.000e+00 0.000e+00 0.000e+00 0.000e+00
2.818e+05 0.000e+00 0.000e+00 0.000e+00 0.000e+00 0.000e+00
3.162e+05 0.000e+00 0.000e+00 0.000e+00 0.000e+00 0.000e+00
3.548e+05 0.000e+00 0.000e+00 0.000e+00 0.000e+00 0.000e+00
3.981e+05 0.000e+00 0.000e+00 0.000e+00 0.000e+00 0.000e+00
4.467e+05 0.000e+00 0.000e+00 0.000e+00 0.000e+00 0.000e+00
5.012e+05 0.000e+00 0.000e+00 0.000e+00 0.000e+00 0.000e+00
5.623e+05 0.000e+00 0.000e+00 0.000e+00 0.000e+00 0.000e+00
6.310e+05 0.000e+00 0.000e+00 0.000e+00 0.000e+00 0.000e+00
7.079e+05 0.000e+00 0.000e+00 0.000e+00 0.000e+00 0.000e+00
7.943e+05 0.000e+00 0.000e+00 0.000e+00 0.000e+00 0.000e+00
8.913e+05 0.000e+00 0.000e+00 0.000e+00 0.000e+00 0.000e+00
1.000e+06 0.000e+00 0.000e+00 0.000e+00 0.000e+00 0.000e+00
1.122e+06 0.000e+00 0.000e+00 0.000e+00 0.000e+00 0.000e+00
1.259e+06 0.000e+00 0.000e+00 0.000e+00 0.000e+00 0.000e+00
1.413e+06 0.000e+00 0.000e+00 0.000e+00 0.000e+00 0.000e+00
1.585e+06 0.000e+00 0.000e+00 0.000e+00 0.000e+00 0.000e+00
1.778e+06 0.000e+00 0.000e+00 0.000e+00 0.000e+00 0.000e+00
1.995e+06 0.000e+00 0.000e+00 0.000e+00 0.000e+00 0.000e+00
2.239e+06 0.000e+00 0.000e+00 0.000e+00 0.000e+00 0.000e+00
2.512e+06 0.000e+00 0.000e+00 0.000e+00 0.000e+00 0.000e+00
2.818e+06 0.000e+00 0.000e+00 0.000e+00 0.000e+00 0.000e+00
3.162e+06 0.000e+00 0.000e+00 0.000e+00 0.000e+00 0.000e+00
3.548e+06 0.000e+00 0.000e+00 0.000e+00 0.000e+00 0.000e+00
3.981e+06 0.000e+00 0.000e+00 0.000e+00 0.000e+00 0.000e+00
4.467e+06 0.000e+00 0.000e+00 0.000e+00 0.000e+00 0.000e+00
5.012e+06 0.000e+00 0.000e+00 0.000e+00 0.000e+00 0.000e+00
5.623e+06 0.000e+00 0.000e+00 0.000e+00 0.000e+00 0.000e+00
6.310e+06 0.000e+00 0.000e+00 0.000e+00 0.000e+00 0.000e+00
7.079e+06 0.000e+00 0.000e+00 0.000e+00 0.000e+00 0.000e+00
7.943e+06 0.000e+00 0.000e+00 0.000e+00 0.000e+00 0.000e+00
8.913e+06 0.000e+00 0.000e+00 0.000e+00 0.000e+00 0.000e+00
1.000e+07 0.000e+00 0.000e+00 0.000e+00 0.000e+00 0.000e+00
1.122e+07 0.000e+00 0.000e+00 0.000e+00 0.000e+00 0.000e+00
1.259e+07 0.000e+00 0.000e+00 0.000e+00 0.000e+00 0.000e+00
1.413e+07 0.000e+00 0.000e+00 0.000e+00 0.000e+00 0.000e+00
1.585e+07 0.000e+00 0.000e+00 0.000e+00 0.000e+00 0.000e+00
1.778e+07 0.000e+00 0.000e+00 0.000e+00 0.000e+00 0.000e+00
1.995e+07 0.000e+00 0.000e+00 0.000e+00 0.000e+00 0.000e+00
2.239e+07 0.000e+00 0.000e+00 0.000e+00 0.000e+00 0.000e+00
2.512e+07 0.000e+00 0.000e+00 0.000e+00 0.000e+00 0.000e+00
2.818e+07 0.000e+00 0.000e+00 0.000e+00 0.000e+00 0.000e+00
3.162e+07 0.000e+00 0.000e+00 0.000e+00 0.000e+00 0.000e+00
3.548e+07 0.000e+00 0.000e+00 0.000e+00 0.000e+00 0.000e+00
3.981e+07 0.000e+00 0.000e+00 0.000e+00 0.000e+00 0.000e+00
4.467e+07 0.000e+00 0.000e+00 0.000e+00 0.000e+00 0.000e+00
5.012e+07 0.000e+00 0.000e+00 0.000e+00 0.000e+00 0.000e+00
5.623e+07 0.000e+00 0.000e+00 0.000e+00 0.000e+00 0.000e+00
6.310e+07 0.000e+00 0.000e+00 0.000e+00 0.000e+00 0.000e+00
7.079e+07 0.000e+00 0.000e+00 0.000e+00 0.000e+00 0.000e+00
7.943e+07 0.000e+00 0.000e+00 0.000e+00 0.000e+00 0.000e+00
8.913e+07 0.000e+00 0.000e+00 0.000e+00 0.000e+00 0.000e+00
1.000e+08 0.000e+00 0.000e+00 0.000e+00 0.000e+00 0.000e+00
