1.000e-20 1.203e+67 1.928e+27 1.931e-30 3.176e-19 3.991e-18
1.122e-20 1.012e+67 2.042e+27 2.045e-30 3.364e-19 4.227e-18
1.259e-20 8.518e+66 2.163e+27 2.167e-30 3.563e-19 4.477e-18
1.413e-20 7.167e+66 2.291e+27 2.295e-30 3.774e-19 4.743e-18
1.585e-20 6.030e+66 2.427e+27 2.431e-30 3.998e-19 5.024e-18
1.778e-20 5.074e+66 2.571e+27 2.575e-30 4.235e-19 5.321e-18
1.995e-20 4.269e+66 2.723e+27 2.727e-30 4.486e-19 5.637e-18
2.239e-20 3.592e+66 2.884e+27 2.889e-30 4.751e-19 5.971e-18
2.512e-20 3.022e+66 3.055e+27 3.060e-30 5.033e-19 6.325e-18
2.818e-20 2.543e+66 3.236e+27 3.242e-30 5.331e-19 6.699e-18
3.162e-20 2.140e+66 3.428e+27 3.434e-30 5.647e-19 7.096e-18
3.548e-20 1.800e+66 3.631e+27 3.637e-30 5.982e-19 7.517e-18
3.981e-20 1.515e+66 3.846e+27 3.853e-30 6.336e-19 7.962e-18
4.467e-20 1.274e+66 4.074e+27 4.081e-30 6.712e-19 8.434e-18
5.012e-20 1.072e+66 4.315e+27 4.323e-30 7.109e-19 8.934e-18
5.623e-20 9.022e+65 4.571e+27 4.579e-30 7.530e-19 9.463e-18
6.310e-20 7.591e+65 4.842e+27 4.850e-30 7.977e-19 1.002e-17
7.079e-20 6.387e+65 5.129e+27 5.138e-30 8.449e-19 1.062e-17
7.943e-20 5.374e+65 5.433e+27 5.442e-30 8.950e-19 1.125e-17
8.913e-20 4.522e+65 5.755e+27 5.764e-30 9.480e-19 1.191e-17
1.000e-19 3.805e+65 6.096e+27 6.106e-30 1.004e-18 1.262e-17
1.122e-19 3.201e+65 6.457e+27 6.468e-30 1.064e-18 1.337e-17
1.259e-19 2.693e+65 6.839e+27 6.851e-30 1.127e-18 1.416e-17
1.413e-19 2.266e+65 7.245e+27 7.257e-30 1.193e-18 1.500e-17
1.585e-19 1.907e+65 7.674e+27 7.687e-30 1.264e-18 1.589e-17
1.778e-19 1.604e+65 8.129e+27 8.142e-30 1.339e-18 1.683e-17
1.995e-19 1.350e+65 8.610e+27 8.625e-30 1.418e-18 1.782e-17
2.239e-19 1.136e+65 9.120e+27 9.136e-30 1.502e-18 1.888e-17
2.512e-19 9.557e+64 9.661e+27 9.677e-30 1.591e-18 2.000e-17
2.818e-19 8.041e+64 1.023e+28 1.025e-29 1.686e-18 2.118e-17
3.162e-19 6.765e+64 1.084e+28 1.086e-29 1.786e-18 2.244e-17
3.548e-19 5.692e+64 1.148e+28 1.150e-29 1.891e-18 2.377e-17
3.981e-19 4.790e+64 1.216e+28 1.218e-29 2.004e-18 2.518e-17
4.467e-19 4.030e+64 1.288e+28 1.290e-29 2.122e-18 2.667e-17
5.012e-19 3.391e+64 1.365e+28 1.367e-29 2.248e-18 2.825e-17
5.623e-19 2.853e+64 1.445e+28 1.448e-29 2.381e-18 2.992e-17
6.310e-19 2.400e+64 1.531e+28 1.534e-29 2.522e-18 3.170e-17
7.079e-19 2.020e+64 1.622e+28 1.625e-29 2.672e-18 3.357e-17
7.943e-19 1.699e+64 1.718e+28 1.721e-29 2.830e-18 3.556e-17
8.913e-19 1.430e+64 1.820e+28 1.823e-29 2.998e-18 3.767e-17
1.000e-18 1.203e+64 1.927e+28 1.931e-29 3.175e-18 3.990e-17
1.122e-18 1.012e+64 2.042e+28 2.045e-29 3.363e-18 4.227e-17
1.259e-18 8.517e+63 2.163e+28 2.166e-29 3.563e-18 4.477e-17
1.413e-18 7.166e+63 2.291e+28 2.295e-29 3.774e-18 4.742e-17
1.585e-18 6.029e+63 2.426e+28 2.431e-29 3.997e-18 5.023e-17
1.778e-18 5.073e+63 2.570e+28 2.575e-29 4.234e-18 5.321e-17
1.995e-18 4.268e+63 2.722e+28 2.727e-29 4.485e-18 5.636e-17
2.239e-18 3.591e+63 2.884e+28 2.889e-29 4.751e-18 5.970e-17
2.512e-18 3.022e+63 3.055e+28 3.060e-29 5.032e-18 6.324e-17
2.818e-18 2.542e+63 3.236e+28 3.241e-29 5.330e-18 6.698e-17
3.162e-18 2.139e+63 3.427e+28 3.433e-29 5.646e-18 7.095e-17
3.548e-18 1.800e+63 3.630e+28 3.636e-29 5.981e-18 7.515e-17
3.981e-18 1.514e+63 3.845e+28 3.852e-29 6.335e-18 7.961e-17
4.467e-18 1.274e+63 4.073e+28 4.080e-29 6.710e-18 8.432e-17
5.012e-18 1.072e+63 4.314e+28 4.322e-29 7.108e-18 8.932e-17
5.623e-18 9.020e+62 4.570e+28 4.578e-29 7.529e-18 9.461e-17
6.310e-18 7.589e+62 4.841e+28 4.849e-29 7.975e-18 1.002e-16
7.079e-18 6.386e+62 5.128e+28 5.136e-29 8.447e-18 1.061e-16
7.943e-18 5.373e+62 5.431e+28 5.441e-29 8.947e-18 1.124e-16
8.913e-18 4.520e+62 5.753e+28 5.763e-29 9.477e-18 1.191e-16
1.000e-17 3.803e+62 6.094e+28 6.104e-29 1.004e-17 1.262e-16
1.122e-17 3.200e+62 6.455e+28 6.466e-29 1.063e-17 1.336e-16
1.259e-17 2.693e+62 6.837e+28 6.849e-29 1.126e-17 1.415e-16
1.413e-17 2.265e+62 7.242e+28 7.254e-29 1.193e-17 1.499e-16
1.585e-17 1.906e+62 7.671e+28 7.684e-29 1.264e-17 1.588e-16
1.778e-17 1.604e+62 8.125e+28 8.139e-29 1.339e-17 1.682e-16
1.995e-17 1.349e+62 8.607e+28 8.621e-29 1.418e-17 1.782e-16
2.239e-17 1.135e+62 9.116e+28 9.132e-29 1.502e-17 1.887e-16
2.512e-17 9.552e+61 9.656e+28 9.672e-29 1.591e-17 1.999e-16
2.818e-17 8.037e+61 1.023e+29 1.025e-28 1.685e-17 2.117e-16
3.162e-17 6.762e+61 1.083e+29 1.085e-28 1.785e-17 2.243e-16
3.548e-17 5.689e+61 1.148e+29 1.149e-28 1.890e-17 2.376e-16
3.981e-17 4.787e+61 1.215e+29 1.218e-28 2.002e-17 2.516e-16
4.467e-17 4.027e+61 1.287e+29 1.290e-28 2.121e-17 2.665e-16
5.012e-17 3.388e+61 1.364e+29 1.366e-28 2.246e-17 2.823e-16
5.623e-17 2.851e+61 1.444e+29 1.447e-28 2.379e-17 2.990e-16
6.310e-17 2.399e+61 1.530e+29 1.533e-28 2.520e-17 3.167e-16
7.079e-17 2.018e+61 1.620e+29 1.623e-28 2.670e-17 3.355e-16
7.943e-17 1.698e+61 1.716e+29 1.719e-28 2.828e-17 3.553e-16
8.913e-17 1.429e+61 1.818e+29 1.821e-28 2.995e-17 3.764e-16
1.000e-16 1.202e+61 1.926e+29 1.929e-28 3.172e-17 3.986e-16
1.122e-16 1.011e+61 2.040e+29 2.043e-28 3.360e-17 4.222e-16
1.259e-16 8.508e+60 2.160e+29 2.164e-28 3.559e-17 4.472e-16
1.413e-16 7.158e+60 2.288e+29 2.292e-28 3.769e-17 4.737e-16
1.585e-16 6.022e+60 2.424e+29 2.428e-28 3.993e-17 5.017e-16
1.778e-16 5.067e+60 2.567e+29 2.571e-28 4.229e-17 5.314e-16
1.995e-16 4.263e+60 2.719e+29 2.723e-28 4.479e-17 5.628e-16
2.239e-16 3.586e+60 2.880e+29 2.885e-28 4.744e-17 5.961e-16
2.512e-16 3.017e+60 3.050e+29 3.055e-28 5.025e-17 6.314e-16
2.818e-16 2.538e+60 3.230e+29 3.236e-28 5.322e-17 6.688e-16
3.162e-16 2.136e+60 3.422e+29 3.427e-28 5.637e-17 7.083e-16
3.548e-16 1.797e+60 3.624e+29 3.630e-28 5.970e-17 7.502e-16
3.981e-16 1.511e+60 3.838e+29 3.845e-28 6.323e-17 7.946e-16
4.467e-16 1.272e+60 4.065e+29 4.072e-28 6.697e-17 8.415e-16
5.012e-16 1.070e+60 4.305e+29 4.313e-28 7.093e-17 8.913e-16
5.623e-16 9.000e+59 4.560e+29 4.568e-28 7.512e-17 9.440e-16
6.310e-16 7.571e+59 4.829e+29 4.837e-28 7.956e-17 9.997e-16
7.079e-16 6.369e+59 5.115e+29 5.123e-28 8.426e-17 1.059e-15
7.943e-16 5.358e+59 5.417e+29 5.426e-28 8.924e-17 1.121e-15
8.913e-16 4.508e+59 5.737e+29 5.747e-28 9.451e-17 1.188e-15
1.000e-15 3.792e+59 6.076e+29 6.086e-28 1.001e-16 1.258e-15
1.122e-15 3.190e+59 6.434e+29 6.445e-28 1.060e-16 1.332e-15
1.259e-15 2.683e+59 6.814e+29 6.826e-28 1.123e-16 1.411e-15
1.413e-15 2.257e+59 7.216e+29 7.229e-28 1.189e-16 1.494e-15
1.585e-15 1.899e+59 7.642e+29 7.655e-28 1.259e-16 1.582e-15
1.778e-15 1.597e+59 8.093e+29 8.107e-28 1.333e-16 1.675e-15
1.995e-15 1.344e+59 8.570e+29 8.585e-28 1.412e-16 1.774e-15
2.239e-15 1.130e+59 9.076e+29 9.091e-28 1.495e-16 1.879e-15
2.512e-15 9.507e+58 9.611e+29 9.627e-28 1.583e-16 1.990e-15
2.818e-15 7.997e+58 1.018e+30 1.019e-27 1.677e-16 2.107e-15
3.162e-15 6.726e+58 1.078e+30 1.079e-27 1.775e-16 2.231e-15
3.548e-15 5.657e+58 1.141e+30 1.143e-27 1.880e-16 2.362e-15
3.981e-15 4.758e+58 1.208e+30 1.210e-27 1.990e-16 2.501e-15
4.467e-15 4.002e+58 1.279e+30 1.282e-27 2.108e-16 2.649e-15
5.012e-15 3.366e+58 1.355e+30 1.357e-27 2.232e-16 2.804e-15
5.623e-15 2.831e+58 1.434e+30 1.437e-27 2.363e-16 2.969e-15
6.310e-15 2.381e+58 1.519e+30 1.521e-27 2.502e-16 3.144e-15
7.079e-15 2.002e+58 1.608e+30 1.610e-27 2.649e-16 3.328e-15
7.943e-15 1.684e+58 1.702e+30 1.705e-27 2.804e-16 3.524e-15
8.913e-15 1.416e+58 1.802e+30 1.805e-27 2.969e-16 3.730e-15
1.000e-14 1.191e+58 1.908e+30 1.911e-27 3.143e-16 3.949e-15
1.122e-14 1.001e+58 2.019e+30 2.023e-27 3.327e-16 4.181e-15
1.259e-14 8.419e+57 2.138e+30 2.141e-27 3.522e-16 4.426e-15
1.413e-14 7.079e+57 2.263e+30 2.267e-27 3.728e-16 4.685e-15
1.585e-14 5.952e+57 2.395e+30 2.399e-27 3.946e-16 4.959e-15
1.778e-14 5.004e+57 2.535e+30 2.540e-27 4.177e-16 5.248e-15
1.995e-14 4.207e+57 2.683e+30 2.688e-27 4.420e-16 5.555e-15
2.239e-14 3.537e+57 2.840e+30 2.845e-27 4.678e-16 5.879e-15
2.512e-14 2.973e+57 3.005e+30 3.010e-27 4.951e-16 6.222e-15
2.818e-14 2.499e+57 3.180e+30 3.186e-27 5.239e-16 6.584e-15
3.162e-14 2.101e+57 3.365e+30 3.371e-27 5.544e-16 6.967e-15
3.548e-14 1.765e+57 3.561e+30 3.567e-27 5.866e-16 7.372e-15
3.981e-14 1.484e+57 3.768e+30 3.774e-27 6.207e-16 7.800e-15
4.467e-14 1.247e+57 3.986e+30 3.993e-27 6.567e-16 8.252e-15
5.012e-14 1.048e+57 4.217e+30 4.224e-27 6.947e-16 8.730e-15
5.623e-14 8.805e+56 4.461e+30 4.468e-27 7.349e-16 9.235e-15
6.310e-14 7.398e+56 4.719e+30 4.727e-27 7.773e-16 9.768e-15
7.079e-14 6.215e+56 4.991e+30 4.999e-27 8.221e-16 1.033e-14
7.943e-14 5.221e+56 5.278e+30 5.287e-27 8.695e-16 1.093e-14
8.913e-14 4.385e+56 5.581e+30 5.591e-27 9.194e-16 1.155e-14
1.000e-13 3.683e+56 5.901e+30 5.911e-27 9.722e-16 1.222e-14
1.122e-13 3.093e+56 6.239e+30 6.250e-27 1.028e-15 1.292e-14
1.259e-13 2.597e+56 6.596e+30 6.607e-27 1.087e-15 1.365e-14
1.413e-13 2.181e+56 6.972e+30 6.984e-27 1.149e-15 1.443e-14
1.585e-13 1.831e+56 7.368e+30 7.381e-27 1.214e-15 1.525e-14
1.778e-13 1.537e+56 7.786e+30 7.800e-27 1.283e-15 1.612e-14
1.995e-13 1.290e+56 8.227e+30 8.241e-27 1.355e-15 1.703e-14
2.239e-13 1.082e+56 8.692e+30 8.706e-27 1.432e-15 1.799e-14
2.512e-13 9.082e+55 9.181e+30 9.196e-27 1.512e-15 1.901e-14
2.818e-13 7.619e+55 9.696e+30 9.712e-27 1.597e-15 2.007e-14
3.162e-13 6.390e+55 1.024e+31 1.026e-26 1.687e-15 2.119e-14
3.548e-13 5.359e+55 1.081e+31 1.083e-26 1.781e-15 2.238e-14
3.981e-13 4.493e+55 1.141e+31 1.143e-26 1.880e-15 2.362e-14
4.467e-13 3.766e+55 1.204e+31 1.206e-26 1.984e-15 2.493e-14
5.012e-13 3.157e+55 1.270e+31 1.273e-26 2.093e-15 2.630e-14
5.623e-13 2.645e+55 1.340e+31 1.342e-26 2.208e-15 2.774e-14
6.310e-13 2.216e+55 1.413e+31 1.416e-26 2.328e-15 2.926e-14
7.079e-13 1.856e+55 1.490e+31 1.493e-26 2.455e-15 3.085e-14
7.943e-13 1.554e+55 1.571e+31 1.573e-26 2.587e-15 3.251e-14
8.913e-13 1.300e+55 1.655e+31 1.658e-26 2.726e-15 3.426e-14
1.000e-12 1.088e+55 1.743e+31 1.746e-26 2.872e-15 3.609e-14
1.122e-12 9.103e+54 1.836e+31 1.839e-26 3.025e-15 3.801e-14
1.259e-12 7.612e+54 1.933e+31 1.936e-26 3.184e-15 4.001e-14
1.413e-12 6.363e+54 2.034e+31 2.038e-26 3.351e-15 4.211e-14
1.585e-12 5.317e+54 2.140e+31 2.144e-26 3.525e-15 4.430e-14
1.778e-12 4.441e+54 2.250e+31 2.254e-26 3.707e-15 4.658e-14
1.995e-12 3.708e+54 2.365e+31 2.369e-26 3.897e-15 4.897e-14
2.239e-12 3.095e+54 2.485e+31 2.490e-26 4.094e-15 5.145e-14
2.512e-12 2.582e+54 2.610e+31 2.615e-26 4.300e-15 5.404e-14
2.818e-12 2.153e+54 2.740e+31 2.745e-26 4.514e-15 5.672e-14
3.162e-12 1.794e+54 2.875e+31 2.880e-26 4.736e-15 5.952e-14
3.548e-12 1.495e+54 3.015e+31 3.020e-26 4.967e-15 6.242e-14
3.981e-12 1.245e+54 3.160e+31 3.166e-26 5.206e-15 6.542e-14
4.467e-12 1.036e+54 3.310e+31 3.316e-26 5.454e-15 6.853e-14
5.012e-12 8.612e+53 3.466e+31 3.472e-26 5.709e-15 7.175e-14
5.623e-12 7.157e+53 3.626e+31 3.632e-26 5.974e-15 7.507e-14
6.310e-12 5.945e+53 3.792e+31 3.798e-26 6.246e-15 7.849e-14
7.079e-12 4.934e+53 3.962e+31 3.969e-26 6.527e-15 8.202e-14
7.943e-12 4.093e+53 4.137e+31 4.144e-26 6.816e-15 8.565e-14
8.913e-12 3.392e+53 4.317e+31 4.324e-26 7.112e-15 8.937e-14
1.000e-11 2.809e+53 4.501e+31 4.509e-26 7.415e-15 9.318e-14
1.122e-11 2.325e+53 4.689e+31 4.697e-26 7.725e-15 9.708e-14
1.259e-11 1.922e+53 4.881e+31 4.890e-26 8.042e-15 1.011e-13
1.413e-11 1.588e+53 5.077e+31 5.086e-26 8.364e-15 1.051e-13
1.585e-11 1.311e+53 5.275e+31 5.284e-26 8.691e-15 1.092e-13
1.778e-11 1.081e+53 5.477e+31 5.486e-26 9.022e-15 1.134e-13
1.995e-11 8.904e+52 5.680e+31 5.689e-26 9.356e-15 1.176e-13
2.239e-11 7.328e+52 5.884e+31 5.894e-26 9.693e-15 1.218e-13
2.512e-11 6.023e+52 6.089e+31 6.099e-26 1.003e-14 1.261e-13
2.818e-11 4.946e+52 6.294e+31 6.305e-26 1.037e-14 1.303e-13
3.162e-11 4.056e+52 6.498e+31 6.509e-26 1.071e-14 1.345e-13
3.548e-11 3.322e+52 6.701e+31 6.712e-26 1.104e-14 1.387e-13
3.981e-11 2.718e+52 6.901e+31 6.913e-26 1.137e-14 1.429e-13
4.467e-11 2.220e+52 7.097e+31 7.109e-26 1.169e-14 1.469e-13
5.012e-11 1.811e+52 7.289e+31 7.301e-26 1.201e-14 1.509e-13
5.623e-11 1.475e+52 7.475e+31 7.488e-26 1.231e-14 1.547e-13
6.310e-11 1.200e+52 7.654e+31 7.667e-26 1.261e-14 1.585e-13
7.079e-11 9.745e+51 7.825e+31 7.838e-26 1.289e-14 1.620e-13
7.943e-11 7.901e+51 7.987e+31 8.000e-26 1.316e-14 1.653e-13
8.913e-11 6.395e+51 8.138e+31 8.152e-26 1.341e-14 1.685e-13
1.000e-10 5.166e+51 8.277e+31 8.291e-26 1.364e-14 1.714e-13
1.122e-10 4.166e+51 8.404e+31 8.418e-26 1.384e-14 1.740e-13
1.259e-10 3.354e+51 8.516e+31 8.530e-26 1.403e-14 1.763e-13
1.413e-10 2.694e+51 8.612e+31 8.627e-26 1.419e-14 1.783e-13
1.585e-10 2.160e+51 8.692e+31 8.707e-26 1.432e-14 1.799e-13
1.778e-10 1.728e+51 8.754e+31 8.769e-26 1.442e-14 1.812e-13
1.995e-10 1.379e+51 8.797e+31 8.812e-26 1.449e-14 1.821e-13
2.239e-10 1.098e+51 8.819e+31 8.834e-26 1.453e-14 1.826e-13
2.512e-10 8.726e+50 8.821e+31 8.836e-26 1.453e-14 1.826e-13
2.818e-10 6.916e+50 8.801e+31 8.816e-26 1.450e-14 1.822e-13
3.162e-10 5.467e+50 8.759e+31 8.774e-26 1.443e-14 1.813e-13
3.548e-10 4.310e+50 8.694e+31 8.709e-26 1.432e-14 1.800e-13
3.981e-10 3.389e+50 8.606e+31 8.620e-26 1.418e-14 1.782e-13
4.467e-10 2.657e+50 8.494e+31 8.509e-26 1.399e-14 1.758e-13
5.012e-10 2.077e+50 8.360e+31 8.374e-26 1.377e-14 1.731e-13
5.623e-10 1.619e+50 8.202e+31 8.216e-26 1.351e-14 1.698e-13
6.310e-10 1.258e+50 8.021e+31 8.035e-26 1.321e-14 1.661e-13
7.079e-10 9.738e+49 7.819e+31 7.833e-26 1.288e-14 1.619e-13
7.943e-10 7.515e+49 7.597e+31 7.609e-26 1.251e-14 1.573e-13
8.913e-10 5.778e+49 7.354e+31 7.366e-26 1.211e-14 1.522e-13
1.000e-09 4.427e+49 7.093e+31 7.105e-26 1.169e-14 1.468e-13
1.122e-09 3.379e+49 6.815e+31 6.827e-26 1.123e-14 1.411e-13
1.259e-09 2.569e+49 6.523e+31 6.534e-26 1.075e-14 1.350e-13
1.413e-09 1.945e+49 6.217e+31 6.228e-26 1.024e-14 1.287e-13
1.585e-09 1.466e+49 5.901e+31 5.911e-26 9.721e-15 1.222e-13
1.778e-09 1.101e+49 5.576e+31 5.586e-26 9.186e-15 1.154e-13
1.995e-09 8.224e+48 5.245e+31 5.254e-26 8.641e-15 1.086e-13
2.239e-09 6.116e+48 4.911e+31 4.919e-26 8.090e-15 1.017e-13
2.512e-09 4.526e+48 4.575e+31 4.583e-26 7.537e-15 9.471e-14
2.818e-09 3.332e+48 4.240e+31 4.248e-26 6.986e-15 8.778e-14
3.162e-09 2.440e+48 3.910e+31 3.916e-26 6.441e-15 8.094e-14
3.548e-09 1.777e+48 3.585e+31 3.591e-26 5.906e-15 7.422e-14
3.981e-09 1.287e+48 3.269e+31 3.274e-26 5.385e-15 6.767e-14
4.467e-09 9.269e+47 2.963e+31 2.968e-26 4.881e-15 6.134e-14
5.012e-09 6.634e+47 2.670e+31 2.674e-26 4.398e-15 5.527e-14
5.623e-09 4.718e+47 2.390e+31 2.394e-26 3.938e-15 4.948e-14
6.310e-09 3.334e+47 2.127e+31 2.130e-26 3.503e-15 4.402e-14
7.079e-09 2.340e+47 1.879e+31 1.883e-26 3.096e-15 3.891e-14
7.943e-09 1.632e+47 1.650e+31 1.652e-26 2.718e-15 3.415e-14
8.913e-09 1.130e+47 1.438e+31 1.440e-26 2.369e-15 2.977e-14
1.000e-08 7.769e+46 1.245e+31 1.247e-26 2.051e-15 2.577e-14
1.122e-08 5.304e+46 1.070e+31 1.072e-26 1.762e-15 2.215e-14
1.259e-08 3.595e+46 9.128e+30 9.144e-27 1.504e-15 1.890e-14
1.413e-08 2.419e+46 7.734e+30 7.748e-27 1.274e-15 1.601e-14
1.585e-08 1.617e+46 6.508e+30 6.520e-27 1.072e-15 1.347e-14
1.778e-08 1.074e+46 5.441e+30 5.451e-27 8.964e-16 1.126e-14
1.995e-08 7.090e+45 4.522e+30 4.530e-27 7.450e-16 9.362e-15
2.239e-08 4.657e+45 3.740e+30 3.746e-27 6.161e-16 7.742e-15
2.512e-08 3.048e+45 3.082e+30 3.087e-27 5.077e-16 6.379e-15
2.818e-08 1.992e+45 2.535e+30 2.539e-27 4.176e-16 5.248e-15
3.162e-08 1.303e+45 2.088e+30 2.091e-27 3.439e-16 4.322e-15
3.548e-08 8.566e+44 1.728e+30 1.731e-27 2.846e-16 3.577e-15
3.981e-08 5.685e+44 1.443e+30 1.446e-27 2.378e-16 2.988e-15
4.467e-08 3.831e+44 1.225e+30 1.227e-27 2.017e-16 2.535e-15
5.012e-08 2.638e+44 1.062e+30 1.063e-27 1.749e-16 2.198e-15
5.623e-08 1.866e+44 9.455e+29 9.471e-28 1.558e-16 1.957e-15
6.310e-08 1.360e+44 8.672e+29 8.687e-28 1.429e-16 1.795e-15
7.079e-08 1.029e+44 8.261e+29 8.275e-28 1.361e-16 1.710e-15
7.943e-08 8.047e+43 8.134e+29 8.148e-28 1.340e-16 1.684e-15
8.913e-08 6.482e+43 8.249e+29 8.263e-28 1.359e-16 1.708e-15
1.000e-07 5.349e+43 8.570e+29 8.584e-28 1.412e-16 1.774e-15
1.122e-07 4.495e+43 9.067e+29 9.082e-28 1.494e-16 1.877e-15
1.259e-07 3.826e+43 9.715e+29 9.732e-28 1.600e-16 2.011e-15
1.413e-07 3.284e+43 1.050e+30 1.052e-27 1.729e-16 2.173e-15
1.585e-07 2.847e+43 1.146e+30 1.148e-27 1.888e-16 2.372e-15
1.778e-07 2.478e+43 1.256e+30 1.258e-27 2.068e-16 2.599e-15
1.995e-07 2.162e+43 1.379e+30 1.381e-27 2.272e-16 2.855e-15
2.239e-07 1.888e+43 1.516e+30 1.519e-27 2.498e-16 3.139e-15
2.512e-07 1.656e+43 1.674e+30 1.677e-27 2.758e-16 3.465e-15
2.818e-07 1.453e+43 1.849e+30 1.852e-27 3.046e-16 3.827e-15
3.162e-07 1.275e+43 2.042e+30 2.046e-27 3.364e-16 4.228e-15
3.548e-07 1.121e+43 2.262e+30 2.265e-27 3.726e-16 4.682e-15
3.981e-07 9.857e+42 2.503e+30 2.507e-27 4.123e-16 5.181e-15
4.467e-07 8.690e+42 2.778e+30 2.783e-27 4.576e-16 5.751e-15
5.012e-07 7.661e+42 3.083e+30 3.089e-27 5.079e-16 6.383e-15
5.623e-07 6.763e+42 3.426e+30 3.432e-27 5.645e-16 7.093e-15
6.310e-07 5.974e+42 3.810e+30 3.817e-27 6.277e-16 7.888e-15
7.079e-07 5.285e+42 4.244e+30 4.251e-27 6.992e-16 8.786e-15
7.943e-07 4.678e+42 4.729e+30 4.737e-27 7.791e-16 9.790e-15
8.913e-07 4.148e+42 5.279e+30 5.288e-27 8.697e-16 1.093e-14
1.000e-06 3.689e+42 5.910e+30 5.920e-27 9.736e-16 1.223e-14
1.122e-06 3.274e+42 6.603e+30 6.614e-27 1.088e-15 1.367e-14
1.259e-06 2.916e+42 7.404e+30 7.417e-27 1.220e-15 1.533e-14
1.413e-06 2.598e+42 8.304e+30 8.318e-27 1.368e-15 1.719e-14
1.585e-06 2.311e+42 9.301e+30 9.316e-27 1.532e-15 1.925e-14
1.778e-06 2.061e+42 1.044e+31 1.046e-26 1.720e-15 2.162e-14
1.995e-06 1.840e+42 1.174e+31 1.176e-26 1.933e-15 2.430e-14
2.239e-06 1.641e+42 1.317e+31 1.320e-26 2.170e-15 2.727e-14
2.512e-06 1.466e+42 1.482e+31 1.485e-26 2.441e-15 3.068e-14
2.818e-06 1.311e+42 1.668e+31 1.671e-26 2.748e-15 3.453e-14
3.162e-06 1.171e+42 1.876e+31 1.879e-26 3.091e-15 3.884e-14
3.548e-06 1.048e+42 2.114e+31 2.118e-26 3.483e-15 4.377e-14
3.981e-06 9.389e+41 2.384e+31 2.388e-26 3.928e-15 4.936e-14
4.467e-06 8.405e+41 2.687e+31 2.691e-26 4.426e-15 5.562e-14
5.012e-06 7.534e+41 3.032e+31 3.037e-26 4.995e-15 6.277e-14
5.623e-06 6.755e+41 3.422e+31 3.428e-26 5.638e-15 7.085e-14
6.310e-06 6.059e+41 3.864e+31 3.871e-26 6.366e-15 8.000e-14
7.079e-06 5.432e+41 4.362e+31 4.369e-26 7.186e-15 9.030e-14
7.943e-06 4.874e+41 4.927e+31 4.935e-26 8.117e-15 1.020e-13
8.913e-06 4.374e+41 5.566e+31 5.576e-26 9.170e-15 1.152e-13
1.000e-05 3.925e+41 6.289e+31 6.299e-26 1.036e-14 1.302e-13
1.122e-05 3.522e+41 7.104e+31 7.116e-26 1.170e-14 1.471e-13
1.259e-05 3.159e+41 8.021e+31 8.035e-26 1.321e-14 1.660e-13
1.413e-05 2.833e+41 9.058e+31 9.073e-26 1.492e-14 1.875e-13
1.585e-05 2.541e+41 1.022e+32 1.024e-25 1.684e-14 2.117e-13
1.778e-05 2.277e+41 1.154e+32 1.156e-25 1.900e-14 2.388e-13
1.995e-05 2.039e+41 1.301e+32 1.303e-25 2.143e-14 2.693e-13
2.239e-05 1.825e+41 1.466e+32 1.468e-25 2.415e-14 3.034e-13
2.512e-05 1.632e+41 1.650e+32 1.653e-25 2.718e-14 3.416e-13
2.818e-05 1.458e+41 1.855e+32 1.859e-25 3.057e-14 3.841e-13
3.162e-05 1.301e+41 2.084e+32 2.088e-25 3.434e-14 4.315e-13
3.548e-05 1.159e+41 2.338e+32 2.342e-25 3.852e-14 4.840e-13
3.981e-05 1.031e+41 2.619e+32 2.623e-25 4.314e-14 5.422e-13
4.467e-05 9.161e+40 2.928e+32 2.933e-25 4.824e-14 6.062e-13
5.012e-05 8.121e+40 3.268e+32 3.274e-25 5.384e-14 6.766e-13
5.623e-05 7.185e+40 3.640e+32 3.646e-25 5.997e-14 7.536e-13
6.310e-05 6.342e+40 4.045e+32 4.052e-25 6.664e-14 8.374e-13
7.079e-05 5.584e+40 4.484e+32 4.492e-25 7.387e-14 9.282e-13
7.943e-05 4.903e+40 4.957e+32 4.965e-25 8.166e-14 1.026e-12
8.913e-05 4.293e+40 5.464e+32 5.473e-25 9.001e-14 1.131e-12
1.000e-04 3.747e+40 6.004e+32 6.014e-25 9.890e-14 1.243e-12
1.122e-04 3.260e+40 6.575e+32 6.586e-25 1.083e-13 1.361e-12
1.259e-04 2.825e+40 7.175e+32 7.187e-25 1.182e-13 1.485e-12
1.413e-04 2.440e+40 7.800e+32 7.813e-25 1.285e-13 1.615e-12
1.585e-04 2.098e+40 8.445e+32 8.460e-25 1.391e-13 1.748e-12
1.778e-04 1.797e+40 9.106e+32 9.122e-25 1.500e-13 1.885e-12
1.995e-04 1.533e+40 9.776e+32 9.793e-25 1.611e-13 2.024e-12
2.239e-04 1.301e+40 1.045e+33 1.047e-24 1.721e-13 2.163e-12
2.512e-04 1.099e+40 1.111e+33 1.113e-24 1.831e-13 2.301e-12
2.818e-04 9.243e+39 1.176e+33 1.178e-24 1.938e-13 2.435e-12
3.162e-04 7.734e+39 1.239e+33 1.241e-24 2.041e-13 2.565e-12
3.548e-04 6.438e+39 1.299e+33 1.301e-24 2.139e-13 2.688e-12
3.981e-04 5.332e+39 1.354e+33 1.356e-24 2.231e-13 2.803e-12
4.467e-04 4.394e+39 1.405e+33 1.407e-24 2.314e-13 2.908e-12
5.012e-04 3.603e+39 1.450e+33 1.453e-24 2.389e-13 3.002e-12
5.623e-04 2.940e+39 1.489e+33 1.492e-24 2.454e-13 3.083e-12
6.310e-04 2.387e+39 1.523e+33 1.525e-24 2.508e-13 3.152e-12
7.079e-04 1.930e+39 1.550e+33 1.552e-24 2.553e-13 3.208e-12
7.943e-04 1.554e+39 1.570e+33 1.573e-24 2.587e-13 3.251e-12
8.913e-04 1.246e+39 1.586e+33 1.588e-24 2.612e-13 3.283e-12
1.000e-03 9.960e+38 1.596e+33 1.598e-24 2.629e-13 3.304e-12
1.122e-03 7.941e+38 1.602e+33 1.605e-24 2.639e-13 3.316e-12
1.259e-03 6.320e+38 1.605e+33 1.607e-24 2.644e-13 3.322e-12
1.413e-03 5.023e+38 1.606e+33 1.608e-24 2.645e-13 3.324e-12
1.585e-03 3.989e+38 1.605e+33 1.608e-24 2.645e-13 3.323e-12
1.778e-03 3.167e+38 1.604e+33 1.607e-24 2.643e-13 3.321e-12
1.995e-03 2.514e+38 1.603e+33 1.606e-24 2.641e-13 3.319e-12
2.239e-03 1.995e+38 1.602e+33 1.605e-24 2.640e-13 3.317e-12
2.512e-03 1.584e+38 1.601e+33 1.604e-24 2.638e-13 3.315e-12
2.818e-03 1.258e+38 1.601e+33 1.604e-24 2.637e-13 3.314e-12
3.162e-03 9.992e+37 1.601e+33 1.604e-24 2.637e-13 3.314e-12
3.548e-03 7.939e+37 1.601e+33 1.604e-24 2.638e-13 3.315e-12
3.981e-03 6.309e+37 1.602e+33 1.605e-24 2.639e-13 3.317e-12
4.467e-03 5.016e+37 1.603e+33 1.606e-24 2.642e-13 3.319e-12
5.012e-03 3.989e+37 1.605e+33 1.608e-24 2.644e-13 3.323e-12
5.623e-03 3.173e+37 1.608e+33 1.610e-24 2.648e-13 3.328e-12
6.310e-03 2.525e+37 1.610e+33 1.613e-24 2.653e-13 3.334e-12
7.079e-03 2.010e+37 1.614e+33 1.616e-24 2.658e-13 3.341e-12
7.943e-03 1.600e+37 1.617e+33 1.620e-24 2.665e-13 3.348e-12
8.913e-03 1.274e+37 1.622e+33 1.625e-24 2.672e-13 3.357e-12
1.000e-02 1.015e+37 1.627e+33 1.629e-24 2.680e-13 3.367e-12
1.122e-02 8.091e+36 1.632e+33 1.635e-24 2.688e-13 3.378e-12
1.259e-02 6.450e+36 1.638e+33 1.641e-24 2.698e-13 3.391e-12
1.413e-02 5.143e+36 1.644e+33 1.647e-24 2.709e-13 3.404e-12
1.585e-02 4.103e+36 1.651e+33 1.654e-24 2.720e-13 3.418e-12
1.778e-02 3.273e+36 1.659e+33 1.661e-24 2.732e-13 3.433e-12
1.995e-02 2.613e+36 1.666e+33 1.669e-24 2.745e-13 3.450e-12
2.239e-02 2.086e+36 1.675e+33 1.678e-24 2.759e-13 3.467e-12
2.512e-02 1.665e+36 1.684e+33 1.686e-24 2.773e-13 3.485e-12
2.818e-02 1.330e+36 1.693e+33 1.696e-24 2.789e-13 3.504e-12
3.162e-02 1.063e+36 1.702e+33 1.705e-24 2.805e-13 3.524e-12
3.548e-02 8.490e+35 1.712e+33 1.715e-24 2.821e-13 3.545e-12
3.981e-02 6.784e+35 1.723e+33 1.726e-24 2.838e-13 3.566e-12
4.467e-02 5.422e+35 1.733e+33 1.736e-24 2.856e-13 3.589e-12
5.012e-02 4.334e+35 1.744e+33 1.747e-24 2.874e-13 3.611e-12
5.623e-02 3.465e+35 1.756e+33 1.759e-24 2.892e-13 3.634e-12
6.310e-02 2.770e+35 1.767e+33 1.770e-24 2.911e-13 3.658e-12
7.079e-02 2.215e+35 1.779e+33 1.782e-24 2.930e-13 3.682e-12
7.943e-02 1.771e+35 1.791e+33 1.794e-24 2.950e-13 3.707e-12
8.913e-02 1.416e+35 1.802e+33 1.805e-24 2.969e-13 3.731e-12
1.000e-01 1.132e+35 1.814e+33 1.817e-24 2.989e-13 3.756e-12
1.122e-01 9.054e+34 1.826e+33 1.829e-24 3.008e-13 3.780e-12
1.259e-01 7.238e+34 1.838e+33 1.841e-24 3.028e-13 3.805e-12
1.413e-01 5.785e+34 1.849e+33 1.853e-24 3.047e-13 3.829e-12
1.585e-01 4.623e+34 1.861e+33 1.864e-24 3.065e-13 3.852e-12
1.778e-01 3.694e+34 1.872e+33 1.875e-24 3.083e-13 3.874e-12
1.995e-01 2.950e+34 1.882e+33 1.885e-24 3.100e-13 3.896e-12
2.239e-01 2.356e+34 1.892e+33 1.895e-24 3.116e-13 3.916e-12
2.512e-01 1.880e+34 1.900e+33 1.904e-24 3.131e-13 3.934e-12
2.818e-01 1.500e+34 1.909e+33 1.912e-24 3.144e-13 3.951e-12
3.162e-01 1.196e+34 1.916e+33 1.919e-24 3.156e-13 3.966e-12
3.548e-01 9.526e+33 1.921e+33 1.925e-24 3.165e-13 3.978e-12
3.981e-01 7.585e+33 1.926e+33 1.929e-24 3.173e-13 3.987e-12
4.467e-01 6.035e+33 1.929e+33 1.933e-24 3.178e-13 3.994e-12
5.012e-01 4.798e+33 1.931e+33 1.934e-24 3.181e-13 3.997e-12
5.623e-01 3.811e+33 1.931e+33 1.934e-24 3.181e-13 3.997e-12
6.310e-01 3.024e+33 1.929e+33 1.932e-24 3.177e-13 3.993e-12
7.079e-01 2.397e+33 1.925e+33 1.928e-24 3.171e-13 3.984e-12
7.943e-01 1.898e+33 1.919e+33 1.922e-24 3.161e-13 3.972e-12
8.913e-01 1.501e+33 1.911e+33 1.914e-24 3.147e-13 3.955e-12
1.000e+00 1.186e+33 1.900e+33 1.904e-24 3.131e-13 3.934e-12
1.122e+00 9.361e+32 1.888e+33 1.891e-24 3.110e-13 3.909e-12
1.259e+00 7.378e+32 1.874e+33 1.877e-24 3.086e-13 3.879e-12
1.413e+00 5.808e+32 1.857e+33 1.860e-24 3.059e-13 3.843e-12
1.585e+00 4.565e+32 1.837e+33 1.840e-24 3.026e-13 3.803e-12
1.778e+00 3.583e+32 1.815e+33 1.818e-24 2.990e-13 3.758e-12
1.995e+00 2.807e+32 1.790e+33 1.794e-24 2.950e-13 3.707e-12
2.239e+00 2.196e+32 1.763e+33 1.766e-24 2.905e-13 3.650e-12
2.512e+00 1.714e+32 1.733e+33 1.736e-24 2.855e-13 3.588e-12
2.818e+00 1.336e+32 1.700e+33 1.703e-24 2.801e-13 3.520e-12
3.162e+00 1.039e+32 1.665e+33 1.668e-24 2.742e-13 3.446e-12
3.548e+00 8.063e+31 1.626e+33 1.629e-24 2.679e-13 3.367e-12
3.981e+00 6.243e+31 1.585e+33 1.588e-24 2.611e-13 3.282e-12
4.467e+00 4.822e+31 1.541e+33 1.544e-24 2.539e-13 3.191e-12
5.012e+00 3.714e+31 1.495e+33 1.497e-24 2.463e-13 3.095e-12
5.623e+00 2.854e+31 1.446e+33 1.448e-24 2.382e-13 2.993e-12
6.310e+00 2.186e+31 1.394e+33 1.397e-24 2.297e-13 2.886e-12
7.079e+00 1.670e+31 1.341e+33 1.343e-24 2.208e-13 2.775e-12
7.943e+00 1.271e+31 1.285e+33 1.287e-24 2.117e-13 2.660e-12
8.913e+00 9.645e+30 1.227e+33 1.229e-24 2.022e-13 2.541e-12
1.000e+01 7.292e+30 1.168e+33 1.170e-24 1.925e-13 2.419e-12
1.122e+01 5.493e+30 1.108e+33 1.110e-24 1.825e-13 2.294e-12
1.259e+01 4.121e+30 1.046e+33 1.048e-24 1.724e-13 2.166e-12
1.413e+01 3.078e+30 9.840e+32 9.857e-25 1.621e-13 2.037e-12
1.585e+01 2.289e+30 9.211e+32 9.227e-25 1.517e-13 1.907e-12
1.778e+01 1.694e+30 8.581e+32 8.595e-25 1.414e-13 1.776e-12
1.995e+01 1.247e+30 7.951e+32 7.965e-25 1.310e-13 1.646e-12
2.239e+01 9.125e+29 7.327e+32 7.339e-25 1.207e-13 1.517e-12
2.512e+01 6.638e+29 6.711e+32 6.722e-25 1.106e-13 1.389e-12
2.818e+01 4.799e+29 6.107e+32 6.117e-25 1.006e-13 1.264e-12
3.162e+01 3.445e+29 5.519e+32 5.529e-25 9.092e-14 1.143e-12
3.548e+01 2.455e+29 4.952e+32 4.960e-25 8.157e-14 1.025e-12
3.981e+01 1.736e+29 4.407e+32 4.415e-25 7.260e-14 9.123e-13
4.467e+01 1.216e+29 3.889e+32 3.895e-25 6.406e-14 8.050e-13
5.012e+01 8.446e+28 3.399e+32 3.405e-25 5.600e-14 7.037e-13
5.623e+01 5.805e+28 2.941e+32 2.946e-25 4.845e-14 6.088e-13
6.310e+01 3.945e+28 2.516e+32 2.521e-25 4.145e-14 5.209e-13
7.079e+01 2.649e+28 2.127e+32 2.131e-25 3.504e-14 4.403e-13
7.943e+01 1.755e+28 1.774e+32 1.777e-25 2.922e-14 3.672e-13
8.913e+01 1.145e+28 1.457e+32 1.460e-25 2.401e-14 3.017e-13
1.000e+02 7.354e+27 1.178e+32 1.180e-25 1.941e-14 2.439e-13
1.122e+02 4.637e+27 9.354e+31 9.370e-26 1.541e-14 1.936e-13
1.259e+02 2.867e+27 7.279e+31 7.292e-26 1.199e-14 1.507e-13
1.413e+02 1.733e+27 5.541e+31 5.551e-26 9.129e-15 1.147e-13
1.585e+02 1.023e+27 4.116e+31 4.123e-26 6.781e-15 8.521e-14
1.778e+02 5.871e+26 2.975e+31 2.980e-26 4.901e-15 6.158e-14
1.995e+02 3.270e+26 2.086e+31 2.089e-26 3.436e-15 4.317e-14
2.239e+02 1.761e+26 1.414e+31 1.417e-26 2.330e-15 2.928e-14
2.512e+02 9.161e+25 9.261e+30 9.277e-27 1.526e-15 1.917e-14
2.818e+02 4.596e+25 5.850e+30 5.860e-27 9.637e-16 1.211e-14
3.162e+02 2.226e+25 3.567e+30 3.573e-27 5.875e-16 7.383e-15
3.548e+02 1.037e+25 2.092e+30 2.095e-27 3.446e-16 4.330e-15
3.981e+02 4.527e+24 1.149e+30 1.151e-27 1.894e-16 2.380e-15
4.467e+02 1.842e+24 5.889e+29 5.899e-28 9.702e-17 1.219e-15
5.012e+02 6.979e+23 2.809e+29 2.814e-28 4.627e-17 5.815e-16
5.623e+02 2.415e+23 1.224e+29 1.226e-28 2.016e-17 2.533e-16
6.310e+02 7.374e+22 4.703e+28 4.711e-29 7.748e-18 9.737e-17
7.079e+02 1.838e+22 1.476e+28 1.478e-29 2.431e-18 3.055e-17
7.943e+02 2.948e+21 2.980e+27 2.985e-30 4.910e-19 6.170e-18
8.913e+02 1.776e+19 2.260e+25 2.264e-32 3.723e-21 4.679e-20
1.000e+03 3.091e+18 4.952e+24 4.961e-33 8.158e-22 1.025e-20
1.122e+03 4.719e+17 9.519e+23 9.535e-34 1.568e-22 1.971e-21
1.259e+03 6.115e+16 1.553e+23 1.555e-34 2.558e-23 3.214e-22
1.413e+03 6.567e+15 2.099e+22 2.103e-35 3.458e-24 4.346e-23
1.585e+03 5.808e+14 2.337e+21 2.341e-36 3.851e-25 4.839e-24
1.778e+03 4.285e+13 2.171e+20 2.175e-37 3.577e-26 4.495e-25
1.995e+03 2.400e+12 1.531e+19 1.534e-38 2.522e-27 3.170e-26
2.239e+03 1.016e+11 8.159e+17 8.173e-40 1.344e-28 1.689e-27
2.512e+03 3.176e+09 3.210e+16 3.216e-41 5.289e-30 6.646e-29
2.818e+03 7.054e+07 8.977e+14 8.993e-43 1.479e-31 1.858e-30
3.162e+03 1.082e+06 1.734e+13 1.736e-44 2.856e-33 3.589e-32
3.548e+03 1.103e+04 2.224e+11 2.228e-46 3.664e-35 4.604e-34
3.981e+03 6.990e+01 1.775e+09 1.778e-48 2.924e-37 3.674e-36
4.467e+03 2.099e-01 6.711e+06 6.723e-51 1.106e-39 1.389e-38
5.012e+03 0.000e+00 0.000e+00 0.000e+00 0.000e+00 0.000e+00
5.623e+03 0.000e+00 0.000e+00 0.000e+00 0.000e+00 0.000e+00
6.310e+03 0.000e+00 0.000e+00 0.000e+00 0.000e+00 0.000e+00
7.079e+03 0.000e+00 0.000e+00 0.000e+00 0.000e+00 0.000e+00
7.943e+03 0.000e+00 0.000e+00 0.000e+00 0.000e+00 0.000e+00
8.913e+03 0.000e+00 0.000e+00 0.000e+00 0.000e+00 0.000e+00
1.000e+04 0.000e+00 0.000e+00 0.000e+00 0.000e+00 0.000e+00
1.122e+04 0.000e+00 0.000e+00 0.000e+00 0.000e+00 0.000e+00
1.259e+04 0.000e+00 0.000e+00 0.000e+00 0.000e+00 0.000e+00
1.413e+04 0.000e+00 0.000e+00 0.000e+00 0.000e+00 0.000e+00
1.585e+04 0.000e+00 0.000e+00 0.000e+00 0.000e+00 0.000e+00
1.778e+04 0.000e+00 0.000e+00 0.000e+00 0.000e+00 0.000e+00
1.995e+04 0.000e+00 0.000e+00 0.000e+00 0.000e+00 0.000e+00
2.239e+04 0.000e+00 0.000e+00 0.000e+00 0.000e+00 0.000e+00
2.512e+04 0.000e+00 0.000e+00 0.000e+00 0.000e+00 0.000e+00
2.818e+04 0.000e+00 0.000e+00 0.000e+00 0.000e+00 0.000e+00
3.162e+04 0.000e+00 0.000e+00 0.000e+00 0.000e+00 0.000e+00
3.548e+04 0.000e+00 0.000e+00 0.000e+00 0.000e+00 0.000e+00
3.981e+04 0.000e+00 0.000e+00 0.000e+00 0.000e+00 0.000e+00
4.467e+04 0.000e+00 0.000e+00 0.000e+00 0.000e+00 0.000e+00
5.012e+04 0.000e+00 0.000e+00 0.000e+00 0.000e+00 0.000e+00
5.623e+04 0.000e+00 0.000e+00 0.000e+00 0.000e+00 0.000e+00
6.310e+04 0.000e+00 0.000e+00 0.000e+00 0.000e+00 0.000e+00
7.079e+04 0.000e+00 0.000e+00 0.000e+00 0.000e+00 0.000e+00
7.943e+04 0.000e+00 0.000e+00 0.000e+00 0.000e+00 0.000e+00
8.913e+04 0.000e+00 0.000e+00 0.000e+00 0.000e+00 0.000e+00
1.000e+05 0.000e+00 0.000e+00 0.000e+00 0.000e+00 0.000e+00
1.122e+05 0.000e+00 0.000e+00 0.000e+00 0.000e+00 0.000e+00
1.259e+05 0.000e+00 0.000e+00 0.000e+00 0.000e+00 0.000e+00
1.413e+05 0.000e+00 0.000e+00 0.000e+00 0.000e+00 0.000e+00
1.585e+05 0.000e+00 0.000e+00 0.000e+00 0.000e+00 0.000e+00
1.778e+05 0.000e+00 0.000e+00 0.000e+00 0.000e+00 0.000e+00
1.995e+05 0.000e+00 0.000e+00 0.000e+00 0.000e+00 0.000e+00
2.239e+05 0.000e+00 0.000e+00 0.000e+00 0.000e+00 0.000e+00
2.512e+05 0.000e+00 0.000e+00 0.000e+00 0.000e+00 0.000e+00
2.818e+05 0.000e+00 0.000e+00 0.000e+00 0.000e+00 0.000e+00
3.162e+05 0.000e+00 0.000e+00 0.000e+00 0.000e+00 0.000e+00
3.548e+05 0.000e+00 0.000e+00 0.000e+00 0.000e+00 0.000e+00
3.981e+05 0.000e+00 0.000e+00 0.000e+00 0.000e+00 0.000e+00
4.467e+05 0.000e+00 0.000e+00 0.000e+00 0.000e+00 0.000e+00
5.012e+05 0.000e+00 0.000e+00 0.000e+00 0.000e+00 0.000e+00
5.623e+05 0.000e+00 0.000e+00 0.000e+00 0.000e+00 0.000e+00
6.310e+05 0.000e+00 0.000e+00 0.000e+00 0.000e+00 0.000e+00
7.079e+05 0.000e+00 0.000e+00 0.000e+00 0.000e+00 0.000e+00
7.943e+05 0.000e+00 0.000e+00 0.000e+00 0.000e+00 0.000e+00
8.913e+05 0.000e+00 0.000e+00 0.000e+00 0.000e+00 0.000e+00
1.000e+06 0.000e+00 0.000e+00 0.000e+00 0.000e+00 0.000e+00
1.122e+06 0.000e+00 0.000e+00 0.000e+00 0.000e+00 0.000e+00
1.259e+06 0.000e+00 0.000e+00 0.000e+00 0.000e+00 0.000e+00
1.413e+06 0.000e+00 0.000e+00 0.000e+00 0.000e+00 0.000e+00
1.585e+06 0.000e+00 0.000e+00 0.000e+00 0.000e+00 0.000e+00
1.778e+06 0.000e+00 0.000e+00 0.000e+00 0.000e+00 0.000e+00
1.995e+06 0.000e+00 0.000e+00 0.000e+00 0.000e+00 0.000e+00
2.239e+06 0.000e+00 0.000e+00 0.000e+00 0.000e+00 0.000e+00
2.512e+06 0.000e+00 0.000e+00 0.000e+00 0.000e+00 0.000e+00
2.818e+06 0.000e+00 0.000e+00 0.000e+00 0.000e+00 0.000e+00
3.162e+06 0.000e+00 0.000e+00 0.000e+00 0.000e+00 0.000e+00
3.548e+06 0.000e+00 0.000e+00 0.000e+00 0.000e+00 0.000e+00
3.981e+06 0.000e+00 0.000e+00 0.000e+00 0.000e+00 0.000e+00
4.467e+06 0.000e+00 0.000e+00 0.000e+00 0.000e+00 0.000e+00
5.012e+06 0.000e+00 0.000e+00 0.000e+00 0.000e+00 0.000e+00
5.623e+06 0.000e+00 0.000e+00 0.000e+00 0.000e+00 0.000e+00
6.310e+06 0.000e+00 0.000e+00 0.000e+00 0.000e+00 0.000e+00
7.079e+06 0.000e+00 0.000e+00 0.000e+00 0.000e+00 0.000e+00
7.943e+06 0.000e+00 0.000e+00 0.000e+00 0.000e+00 0.000e+00
8.913e+06 0.000e+00 0.000e+00 0.000e+00 0.000e+00 0.000e+00
1.000e+07 0.000e+00 0.000e+00 0.000e+00 0.000e+00 0.000e+00
1.122e+07 0.000e+00 0.000e+00 0.000e+00 0.000e+00 0.000e+00
1.259e+07 0.000e+00 0.000e+00 0.000e+00 0.000e+00 0.000e+00
1.413e+07 0.000e+00 0.000e+00 0.000e+00 0.000e+00 0.000e+00
1.585e+07 0.000e+00 0.000e+00 0.000e+00 0.000e+00 0.000e+00
1.778e+07 0.000e+00 0.000e+00 0.000e+00 0.000e+00 0.000e+00
1.995e+07 0.000e+00 0.000e+00 0.000e+00 0.000e+00 0.000e+00
2.239e+07 0.000e+00 0.000e+00 0.000e+00 0.000e+00 0.000e+00
2.512e+07 0.000e+00 0.000e+00 0.000e+00 0.000e+00 0.000e+00
2.818e+07 0.000e+00 0.000e+00 0.000e+00 0.000e+00 0.000e+00
3.162e+07 0.000e+00 0.000e+00 0.000e+00 0.000e+00 0.000e+00
3.548e+07 0.000e+00 0.000e+00 0.000e+00 0.000e+00 0.000e+00
3.981e+07 0.000e+00 0.000e+00 0.000e+00 0.000e+00 0.000e+00
4.467e+07 0.000e+00 0.000e+00 0.000e+00 0.000e+00 0.000e+00
5.012e+07 0.000e+00 0.000e+00 0.000e+00 0.000e+00 0.000e+00
5.623e+07 0.000e+00 0.000e+00 0.000e+00 0.000e+00 0.000e+00
6.310e+07 0.000e+00 0.000e+00 0.000e+00 0.000e+00 0.000e+00
7.079e+07 0.000e+00 0.000e+00 0.000e+00 0.000e+00 0.000e+00
7.943e+07 0.000e+00 0.000e+00 0.000e+00 0.000e+00 0.000e+00
8.913e+07 0.000e+00 0.000e+00 0.000e+00 0.000e+00 0.000e+00
1.000e+08 0.000e+00 0.000e+00 0.000e+00 0.000e+00 0.000e+00
