1.000e-20 4.933e+67 7.904e+27 7.917e-30 5.208e-18 6.545e-17
1.122e-20 4.151e+67 8.372e+27 8.387e-30 5.517e-18 6.933e-17
1.259e-20 3.493e+67 8.868e+27 8.884e-30 5.844e-18 7.344e-17
1.413e-20 2.939e+67 9.394e+27 9.410e-30 6.190e-18 7.779e-17
1.585e-20 2.473e+67 9.951e+27 9.967e-30 6.557e-18 8.240e-17
1.778e-20 2.080e+67 1.054e+28 1.056e-29 6.946e-18 8.728e-17
1.995e-20 1.750e+67 1.116e+28 1.118e-29 7.357e-18 9.245e-17
2.239e-20 1.473e+67 1.183e+28 1.185e-29 7.793e-18 9.793e-17
2.512e-20 1.239e+67 1.253e+28 1.255e-29 8.255e-18 1.037e-16
2.818e-20 1.043e+67 1.327e+28 1.329e-29 8.744e-18 1.099e-16
3.162e-20 8.773e+66 1.406e+28 1.408e-29 9.262e-18 1.164e-16
3.548e-20 7.381e+66 1.489e+28 1.491e-29 9.811e-18 1.233e-16
3.981e-20 6.211e+66 1.577e+28 1.580e-29 1.039e-17 1.306e-16
4.467e-20 5.226e+66 1.670e+28 1.673e-29 1.101e-17 1.383e-16
5.012e-20 4.397e+66 1.769e+28 1.772e-29 1.166e-17 1.465e-16
5.623e-20 3.699e+66 1.874e+28 1.877e-29 1.235e-17 1.552e-16
6.310e-20 3.113e+66 1.985e+28 1.989e-29 1.308e-17 1.644e-16
7.079e-20 2.619e+66 2.103e+28 2.107e-29 1.386e-17 1.741e-16
7.943e-20 2.204e+66 2.228e+28 2.231e-29 1.468e-17 1.845e-16
8.913e-20 1.854e+66 2.360e+28 2.364e-29 1.555e-17 1.954e-16
1.000e-19 1.560e+66 2.499e+28 2.504e-29 1.647e-17 2.070e-16
1.122e-19 1.313e+66 2.647e+28 2.652e-29 1.745e-17 2.192e-16
1.259e-19 1.104e+66 2.804e+28 2.809e-29 1.848e-17 2.322e-16
1.413e-19 9.292e+65 2.970e+28 2.976e-29 1.957e-17 2.460e-16
1.585e-19 7.818e+65 3.146e+28 3.152e-29 2.073e-17 2.605e-16
1.778e-19 6.578e+65 3.333e+28 3.339e-29 2.196e-17 2.760e-16
1.995e-19 5.535e+65 3.530e+28 3.536e-29 2.326e-17 2.923e-16
2.239e-19 4.657e+65 3.740e+28 3.746e-29 2.464e-17 3.097e-16
2.512e-19 3.918e+65 3.961e+28 3.968e-29 2.610e-17 3.280e-16
2.818e-19 3.297e+65 4.196e+28 4.203e-29 2.765e-17 3.474e-16
3.162e-19 2.774e+65 4.444e+28 4.452e-29 2.929e-17 3.680e-16
3.548e-19 2.334e+65 4.708e+28 4.716e-29 3.102e-17 3.898e-16
3.981e-19 1.964e+65 4.987e+28 4.995e-29 3.286e-17 4.129e-16
4.467e-19 1.652e+65 5.282e+28 5.291e-29 3.481e-17 4.374e-16
5.012e-19 1.390e+65 5.595e+28 5.604e-29 3.687e-17 4.633e-16
5.623e-19 1.170e+65 5.926e+28 5.936e-29 3.905e-17 4.907e-16
6.310e-19 9.842e+64 6.277e+28 6.288e-29 4.137e-17 5.198e-16
7.079e-19 8.281e+64 6.649e+28 6.661e-29 4.382e-17 5.506e-16
7.943e-19 6.967e+64 7.043e+28 7.055e-29 4.641e-17 5.832e-16
8.913e-19 5.862e+64 7.460e+28 7.473e-29 4.916e-17 6.178e-16
1.000e-18 4.932e+64 7.902e+28 7.916e-29 5.207e-17 6.544e-16
1.122e-18 4.150e+64 8.371e+28 8.385e-29 5.516e-17 6.931e-16
1.259e-18 3.492e+64 8.866e+28 8.881e-29 5.843e-17 7.342e-16
1.413e-18 2.938e+64 9.392e+28 9.408e-29 6.189e-17 7.777e-16
1.585e-18 2.472e+64 9.948e+28 9.965e-29 6.555e-17 8.238e-16
1.778e-18 2.080e+64 1.054e+29 1.056e-28 6.944e-17 8.725e-16
1.995e-18 1.750e+64 1.116e+29 1.118e-28 7.355e-17 9.242e-16
2.239e-18 1.472e+64 1.182e+29 1.184e-28 7.790e-17 9.790e-16
2.512e-18 1.239e+64 1.252e+29 1.254e-28 8.252e-17 1.037e-15
2.818e-18 1.042e+64 1.326e+29 1.329e-28 8.741e-17 1.098e-15
3.162e-18 8.769e+63 1.405e+29 1.407e-28 9.258e-17 1.163e-15
3.548e-18 7.378e+63 1.488e+29 1.491e-28 9.806e-17 1.232e-15
3.981e-18 6.208e+63 1.576e+29 1.579e-28 1.039e-16 1.305e-15
4.467e-18 5.223e+63 1.670e+29 1.672e-28 1.100e-16 1.383e-15
5.012e-18 4.394e+63 1.769e+29 1.772e-28 1.165e-16 1.464e-15
5.623e-18 3.697e+63 1.873e+29 1.876e-28 1.234e-16 1.551e-15
6.310e-18 3.111e+63 1.984e+29 1.988e-28 1.307e-16 1.643e-15
7.079e-18 2.617e+63 2.102e+29 2.105e-28 1.385e-16 1.740e-15
7.943e-18 2.202e+63 2.226e+29 2.230e-28 1.467e-16 1.843e-15
8.913e-18 1.853e+63 2.358e+29 2.362e-28 1.554e-16 1.952e-15
1.000e-17 1.559e+63 2.497e+29 2.502e-28 1.646e-16 2.068e-15
1.122e-17 1.311e+63 2.645e+29 2.650e-28 1.743e-16 2.190e-15
1.259e-17 1.103e+63 2.802e+29 2.807e-28 1.846e-16 2.320e-15
1.413e-17 9.283e+62 2.968e+29 2.973e-28 1.956e-16 2.457e-15
1.585e-17 7.810e+62 3.143e+29 3.149e-28 2.071e-16 2.603e-15
1.778e-17 6.571e+62 3.329e+29 3.335e-28 2.194e-16 2.757e-15
1.995e-17 5.528e+62 3.526e+29 3.532e-28 2.324e-16 2.920e-15
2.239e-17 4.651e+62 3.735e+29 3.741e-28 2.461e-16 3.093e-15
2.512e-17 3.913e+62 3.956e+29 3.962e-28 2.607e-16 3.276e-15
2.818e-17 3.292e+62 4.190e+29 4.197e-28 2.761e-16 3.469e-15
3.162e-17 2.770e+62 4.438e+29 4.445e-28 2.924e-16 3.675e-15
3.548e-17 2.330e+62 4.700e+29 4.708e-28 3.097e-16 3.892e-15
3.981e-17 1.960e+62 4.978e+29 4.986e-28 3.280e-16 4.122e-15
4.467e-17 1.649e+62 5.272e+29 5.281e-28 3.474e-16 4.366e-15
5.012e-17 1.387e+62 5.584e+29 5.593e-28 3.680e-16 4.624e-15
5.623e-17 1.167e+62 5.914e+29 5.924e-28 3.897e-16 4.897e-15
6.310e-17 9.820e+61 6.264e+29 6.274e-28 4.127e-16 5.187e-15
7.079e-17 8.261e+61 6.634e+29 6.645e-28 4.371e-16 5.493e-15
7.943e-17 6.950e+61 7.026e+29 7.038e-28 4.630e-16 5.818e-15
8.913e-17 5.847e+61 7.441e+29 7.453e-28 4.903e-16 6.161e-15
1.000e-16 4.918e+61 7.880e+29 7.894e-28 5.193e-16 6.525e-15
1.122e-16 4.138e+61 8.346e+29 8.360e-28 5.499e-16 6.911e-15
1.259e-16 3.481e+61 8.839e+29 8.854e-28 5.824e-16 7.319e-15
1.413e-16 2.928e+61 9.360e+29 9.376e-28 6.168e-16 7.751e-15
1.585e-16 2.463e+61 9.913e+29 9.930e-28 6.532e-16 8.209e-15
1.778e-16 2.072e+61 1.050e+30 1.052e-27 6.918e-16 8.693e-15
1.995e-16 1.743e+61 1.112e+30 1.114e-27 7.326e-16 9.206e-15
2.239e-16 1.466e+61 1.177e+30 1.179e-27 7.758e-16 9.749e-15
2.512e-16 1.233e+61 1.247e+30 1.249e-27 8.216e-16 1.032e-14
2.818e-16 1.037e+61 1.320e+30 1.322e-27 8.700e-16 1.093e-14
3.162e-16 8.726e+60 1.398e+30 1.400e-27 9.212e-16 1.158e-14
3.548e-16 7.340e+60 1.480e+30 1.483e-27 9.755e-16 1.226e-14
3.981e-16 6.173e+60 1.568e+30 1.570e-27 1.033e-15 1.298e-14
4.467e-16 5.192e+60 1.660e+30 1.663e-27 1.094e-15 1.374e-14
5.012e-16 4.367e+60 1.757e+30 1.760e-27 1.158e-15 1.455e-14
5.623e-16 3.673e+60 1.861e+30 1.864e-27 1.226e-15 1.541e-14
6.310e-16 3.089e+60 1.970e+30 1.973e-27 1.298e-15 1.631e-14
7.079e-16 2.598e+60 2.086e+30 2.089e-27 1.374e-15 1.727e-14
7.943e-16 2.184e+60 2.208e+30 2.212e-27 1.455e-15 1.829e-14
8.913e-16 1.837e+60 2.338e+30 2.342e-27 1.540e-15 1.936e-14
1.000e-15 1.544e+60 2.475e+30 2.479e-27 1.631e-15 2.049e-14
1.122e-15 1.299e+60 2.619e+30 2.624e-27 1.726e-15 2.169e-14
1.259e-15 1.092e+60 2.773e+30 2.777e-27 1.827e-15 2.296e-14
1.413e-15 9.180e+59 2.934e+30 2.939e-27 1.934e-15 2.430e-14
1.585e-15 7.717e+59 3.106e+30 3.111e-27 2.047e-15 2.572e-14
1.778e-15 6.487e+59 3.287e+30 3.292e-27 2.166e-15 2.722e-14
1.995e-15 5.453e+59 3.478e+30 3.484e-27 2.292e-15 2.880e-14
2.239e-15 4.583e+59 3.680e+30 3.686e-27 2.425e-15 3.047e-14
2.512e-15 3.852e+59 3.894e+30 3.900e-27 2.566e-15 3.224e-14
2.818e-15 3.237e+59 4.119e+30 4.126e-27 2.714e-15 3.411e-14
3.162e-15 2.720e+59 4.357e+30 4.365e-27 2.871e-15 3.608e-14
3.548e-15 2.285e+59 4.609e+30 4.617e-27 3.037e-15 3.816e-14
3.981e-15 1.919e+59 4.874e+30 4.882e-27 3.212e-15 4.036e-14
4.467e-15 1.612e+59 5.154e+30 5.163e-27 3.396e-15 4.268e-14
5.012e-15 1.354e+59 5.449e+30 5.459e-27 3.591e-15 4.513e-14
5.623e-15 1.137e+59 5.761e+30 5.771e-27 3.796e-15 4.770e-14
6.310e-15 9.546e+58 6.089e+30 6.099e-27 4.012e-15 5.042e-14
7.079e-15 8.014e+58 6.435e+30 6.446e-27 4.240e-15 5.329e-14
7.943e-15 6.726e+58 6.799e+30 6.811e-27 4.480e-15 5.630e-14
8.913e-15 5.644e+58 7.182e+30 7.194e-27 4.733e-15 5.947e-14
1.000e-14 4.734e+58 7.585e+30 7.598e-27 4.999e-15 6.281e-14
1.122e-14 3.971e+58 8.009e+30 8.023e-27 5.278e-15 6.632e-14
1.259e-14 3.330e+58 8.455e+30 8.469e-27 5.571e-15 7.001e-14
1.413e-14 2.791e+58 8.923e+30 8.938e-27 5.880e-15 7.388e-14
1.585e-14 2.339e+58 9.413e+30 9.429e-27 6.203e-15 7.795e-14
1.778e-14 1.959e+58 9.928e+30 9.945e-27 6.542e-15 8.221e-14
1.995e-14 1.641e+58 1.047e+31 1.048e-26 6.897e-15 8.667e-14
2.239e-14 1.374e+58 1.103e+31 1.105e-26 7.269e-15 9.134e-14
2.512e-14 1.149e+58 1.162e+31 1.164e-26 7.657e-15 9.622e-14
2.818e-14 9.614e+57 1.224e+31 1.226e-26 8.062e-15 1.013e-13
3.162e-14 8.037e+57 1.288e+31 1.290e-26 8.485e-15 1.066e-13
3.548e-14 6.715e+57 1.354e+31 1.357e-26 8.926e-15 1.122e-13
3.981e-14 5.608e+57 1.424e+31 1.426e-26 9.383e-15 1.179e-13
4.467e-14 4.680e+57 1.496e+31 1.499e-26 9.859e-15 1.239e-13
5.012e-14 3.903e+57 1.571e+31 1.574e-26 1.035e-14 1.301e-13
5.623e-14 3.253e+57 1.648e+31 1.651e-26 1.086e-14 1.365e-13
6.310e-14 2.709e+57 1.728e+31 1.731e-26 1.139e-14 1.431e-13
7.079e-14 2.254e+57 1.810e+31 1.813e-26 1.193e-14 1.499e-13
7.943e-14 1.874e+57 1.894e+31 1.898e-26 1.248e-14 1.569e-13
8.913e-14 1.556e+57 1.981e+31 1.984e-26 1.305e-14 1.640e-13
1.000e-13 1.291e+57 2.069e+31 2.073e-26 1.363e-14 1.713e-13
1.122e-13 1.070e+57 2.159e+31 2.162e-26 1.423e-14 1.788e-13
1.259e-13 8.860e+56 2.250e+31 2.254e-26 1.482e-14 1.863e-13
1.413e-13 7.325e+56 2.342e+31 2.346e-26 1.543e-14 1.939e-13
1.585e-13 6.048e+56 2.434e+31 2.438e-26 1.604e-14 2.015e-13
1.778e-13 4.986e+56 2.526e+31 2.530e-26 1.665e-14 2.092e-13
1.995e-13 4.104e+56 2.618e+31 2.622e-26 1.725e-14 2.168e-13
2.239e-13 3.373e+56 2.709e+31 2.713e-26 1.785e-14 2.243e-13
2.512e-13 2.768e+56 2.798e+31 2.802e-26 1.844e-14 2.317e-13
2.818e-13 2.266e+56 2.884e+31 2.889e-26 1.901e-14 2.388e-13
3.162e-13 1.852e+56 2.968e+31 2.973e-26 1.956e-14 2.458e-13
3.548e-13 1.511e+56 3.048e+31 3.053e-26 2.008e-14 2.524e-13
3.981e-13 1.230e+56 3.123e+31 3.129e-26 2.058e-14 2.586e-13
4.467e-13 9.991e+55 3.194e+31 3.199e-26 2.105e-14 2.645e-13
5.012e-13 8.097e+55 3.259e+31 3.264e-26 2.147e-14 2.698e-13
5.623e-13 6.546e+55 3.317e+31 3.322e-26 2.186e-14 2.746e-13
6.310e-13 5.280e+55 3.368e+31 3.374e-26 2.219e-14 2.789e-13
7.079e-13 4.249e+55 3.412e+31 3.418e-26 2.248e-14 2.825e-13
7.943e-13 3.411e+55 3.448e+31 3.454e-26 2.272e-14 2.855e-13
8.913e-13 2.731e+55 3.476e+31 3.482e-26 2.290e-14 2.878e-13
1.000e-12 2.182e+55 3.496e+31 3.502e-26 2.303e-14 2.895e-13
1.122e-12 1.739e+55 3.508e+31 3.514e-26 2.311e-14 2.905e-13
1.259e-12 1.383e+55 3.512e+31 3.518e-26 2.314e-14 2.908e-13
1.413e-12 1.097e+55 3.508e+31 3.514e-26 2.312e-14 2.905e-13
1.585e-12 8.692e+54 3.498e+31 3.504e-26 2.305e-14 2.897e-13
1.778e-12 6.871e+54 3.481e+31 3.487e-26 2.294e-14 2.883e-13
1.995e-12 5.423e+54 3.459e+31 3.465e-26 2.279e-14 2.864e-13
2.239e-12 4.273e+54 3.432e+31 3.437e-26 2.261e-14 2.842e-13
2.512e-12 3.363e+54 3.400e+31 3.405e-26 2.240e-14 2.815e-13
2.818e-12 2.643e+54 3.364e+31 3.370e-26 2.217e-14 2.786e-13
3.162e-12 2.075e+54 3.325e+31 3.331e-26 2.191e-14 2.754e-13
3.548e-12 1.628e+54 3.284e+31 3.289e-26 2.164e-14 2.719e-13
3.981e-12 1.276e+54 3.240e+31 3.246e-26 2.135e-14 2.683e-13
4.467e-12 9.993e+53 3.194e+31 3.200e-26 2.105e-14 2.645e-13
5.012e-12 7.820e+53 3.147e+31 3.152e-26 2.074e-14 2.606e-13
5.623e-12 6.115e+53 3.098e+31 3.103e-26 2.042e-14 2.565e-13
6.310e-12 4.779e+53 3.048e+31 3.053e-26 2.008e-14 2.524e-13
7.079e-12 3.732e+53 2.996e+31 3.002e-26 1.975e-14 2.481e-13
7.943e-12 2.912e+53 2.944e+31 2.949e-26 1.940e-14 2.438e-13
8.913e-12 2.271e+53 2.890e+31 2.895e-26 1.904e-14 2.393e-13
1.000e-11 1.769e+53 2.835e+31 2.840e-26 1.868e-14 2.347e-13
1.122e-11 1.378e+53 2.779e+31 2.784e-26 1.831e-14 2.301e-13
1.259e-11 1.072e+53 2.722e+31 2.726e-26 1.793e-14 2.254e-13
1.413e-11 8.331e+52 2.663e+31 2.668e-26 1.755e-14 2.205e-13
1.585e-11 6.471e+52 2.604e+31 2.608e-26 1.716e-14 2.156e-13
1.778e-11 5.021e+52 2.544e+31 2.548e-26 1.676e-14 2.106e-13
1.995e-11 3.892e+52 2.482e+31 2.487e-26 1.636e-14 2.056e-13
2.239e-11 3.014e+52 2.420e+31 2.424e-26 1.595e-14 2.004e-13
2.512e-11 2.332e+52 2.357e+31 2.361e-26 1.553e-14 1.952e-13
2.818e-11 1.802e+52 2.293e+31 2.297e-26 1.511e-14 1.899e-13
3.162e-11 1.391e+52 2.228e+31 2.232e-26 1.468e-14 1.845e-13
3.548e-11 1.072e+52 2.163e+31 2.167e-26 1.425e-14 1.791e-13
3.981e-11 8.257e+51 2.097e+31 2.100e-26 1.382e-14 1.736e-13
4.467e-11 6.350e+51 2.030e+31 2.033e-26 1.338e-14 1.681e-13
5.012e-11 4.877e+51 1.963e+31 1.966e-26 1.293e-14 1.625e-13
5.623e-11 3.740e+51 1.895e+31 1.898e-26 1.249e-14 1.569e-13
6.310e-11 2.864e+51 1.827e+31 1.830e-26 1.204e-14 1.513e-13
7.079e-11 2.189e+51 1.758e+31 1.761e-26 1.159e-14 1.456e-13
7.943e-11 1.671e+51 1.689e+31 1.692e-26 1.113e-14 1.399e-13
8.913e-11 1.274e+51 1.621e+31 1.624e-26 1.068e-14 1.342e-13
1.000e-10 9.687e+50 1.552e+31 1.555e-26 1.023e-14 1.285e-13
1.122e-10 7.355e+50 1.484e+31 1.486e-26 9.776e-15 1.228e-13
1.259e-10 5.574e+50 1.415e+31 1.418e-26 9.326e-15 1.172e-13
1.413e-10 4.215e+50 1.347e+31 1.350e-26 8.879e-15 1.116e-13
1.585e-10 3.181e+50 1.280e+31 1.282e-26 8.435e-15 1.060e-13
1.778e-10 2.395e+50 1.213e+31 1.215e-26 7.995e-15 1.005e-13
1.995e-10 1.799e+50 1.147e+31 1.149e-26 7.561e-15 9.502e-14
2.239e-10 1.348e+50 1.082e+31 1.084e-26 7.133e-15 8.964e-14
2.512e-10 1.008e+50 1.019e+31 1.020e-26 6.712e-15 8.435e-14
2.818e-10 7.511e+49 9.559e+30 9.575e-27 6.299e-15 7.916e-14
3.162e-10 5.584e+49 8.946e+30 8.961e-27 5.895e-15 7.408e-14
3.548e-10 4.139e+49 8.348e+30 8.362e-27 5.501e-15 6.912e-14
3.981e-10 3.058e+49 7.766e+30 7.779e-27 5.117e-15 6.430e-14
4.467e-10 2.253e+49 7.201e+30 7.213e-27 4.745e-15 5.963e-14
5.012e-10 1.654e+49 6.656e+30 6.667e-27 4.386e-15 5.511e-14
5.623e-10 1.210e+49 6.130e+30 6.140e-27 4.039e-15 5.076e-14
6.310e-10 8.819e+48 5.625e+30 5.635e-27 3.707e-15 4.658e-14
7.079e-10 6.404e+48 5.143e+30 5.151e-27 3.389e-15 4.258e-14
7.943e-10 4.632e+48 4.683e+30 4.691e-27 3.086e-15 3.878e-14
8.913e-10 3.337e+48 4.246e+30 4.253e-27 2.798e-15 3.516e-14
1.000e-09 2.393e+48 3.834e+30 3.841e-27 2.526e-15 3.175e-14
1.122e-09 1.709e+48 3.446e+30 3.452e-27 2.271e-15 2.854e-14
1.259e-09 1.214e+48 3.083e+30 3.088e-27 2.032e-15 2.553e-14
1.413e-09 8.586e+47 2.745e+30 2.749e-27 1.809e-15 2.273e-14
1.585e-09 6.041e+47 2.431e+30 2.435e-27 1.602e-15 2.013e-14
1.778e-09 4.227e+47 2.142e+30 2.145e-27 1.411e-15 1.774e-14
1.995e-09 2.942e+47 1.876e+30 1.880e-27 1.237e-15 1.554e-14
2.239e-09 2.036e+47 1.635e+30 1.637e-27 1.077e-15 1.354e-14
2.512e-09 1.400e+47 1.415e+30 1.418e-27 9.326e-16 1.172e-14
2.818e-09 9.569e+46 1.218e+30 1.220e-27 8.024e-16 1.008e-14
3.162e-09 6.497e+46 1.041e+30 1.043e-27 6.860e-16 8.620e-15
3.548e-09 4.382e+46 8.839e+29 8.854e-28 5.824e-16 7.319e-15
3.981e-09 2.934e+46 7.452e+29 7.464e-28 4.910e-16 6.170e-15
4.467e-09 1.951e+46 6.236e+29 6.247e-28 4.109e-16 5.164e-15
5.012e-09 1.287e+46 5.179e+29 5.188e-28 3.413e-16 4.289e-15
5.623e-09 8.423e+45 4.267e+29 4.275e-28 2.812e-16 3.534e-15
6.310e-09 5.467e+45 3.487e+29 3.493e-28 2.298e-16 2.888e-15
7.079e-09 3.518e+45 2.825e+29 2.830e-28 1.862e-16 2.339e-15
7.943e-09 2.244e+45 2.268e+29 2.272e-28 1.495e-16 1.878e-15
8.913e-09 1.418e+45 1.805e+29 1.808e-28 1.189e-16 1.494e-15
1.000e-08 8.874e+44 1.422e+29 1.424e-28 9.369e-17 1.177e-15
1.122e-08 5.499e+44 1.109e+29 1.111e-28 7.308e-17 9.184e-16
1.259e-08 3.372e+44 8.562e+28 8.576e-29 5.642e-17 7.090e-16
1.413e-08 2.045e+44 6.538e+28 6.549e-29 4.308e-17 5.414e-16
1.585e-08 1.227e+44 4.937e+28 4.946e-29 3.253e-17 4.088e-16
1.778e-08 7.274e+43 3.685e+28 3.691e-29 2.428e-17 3.052e-16
1.995e-08 4.260e+43 2.718e+28 2.722e-29 1.791e-17 2.250e-16
2.239e-08 2.464e+43 1.979e+28 1.982e-29 1.304e-17 1.639e-16
2.512e-08 1.407e+43 1.422e+28 1.425e-29 9.373e-18 1.178e-16
2.818e-08 7.926e+42 1.009e+28 1.010e-29 6.647e-18 8.352e-17
3.162e-08 4.402e+42 7.053e+27 7.065e-30 4.647e-18 5.840e-17
3.548e-08 2.409e+42 4.860e+27 4.868e-30 3.203e-18 4.024e-17
3.981e-08 1.299e+42 3.299e+27 3.304e-30 2.174e-18 2.732e-17
4.467e-08 6.895e+41 2.204e+27 2.208e-30 1.452e-18 1.825e-17
5.012e-08 3.600e+41 1.449e+27 1.451e-30 9.547e-19 1.200e-17
5.623e-08 1.848e+41 9.364e+26 9.380e-31 6.170e-19 7.754e-18
6.310e-08 9.322e+40 5.946e+26 5.956e-31 3.918e-19 4.924e-18
7.079e-08 4.617e+40 3.707e+26 3.714e-31 2.443e-19 3.070e-18
7.943e-08 2.244e+40 2.268e+26 2.272e-31 1.495e-19 1.878e-18
8.913e-08 1.069e+40 1.360e+26 1.363e-31 8.964e-20 1.126e-18
1.000e-07 4.988e+39 7.992e+25 8.006e-32 5.266e-20 6.618e-19
1.122e-07 2.278e+39 4.595e+25 4.603e-32 3.028e-20 3.805e-19
1.259e-07 1.017e+39 2.583e+25 2.587e-32 1.702e-20 2.139e-19
1.413e-07 4.435e+38 1.418e+25 1.420e-32 9.343e-21 1.174e-19
1.585e-07 1.886e+38 7.590e+24 7.602e-33 5.001e-21 6.285e-20
1.778e-07 7.806e+37 3.955e+24 3.962e-33 2.606e-21 3.275e-20
1.995e-07 3.139e+37 2.002e+24 2.006e-33 1.320e-21 1.658e-20
2.239e-07 1.224e+37 9.825e+23 9.842e-34 6.475e-22 8.136e-21
2.512e-07 4.607e+36 4.657e+23 4.665e-34 3.069e-22 3.856e-21
2.818e-07 1.669e+36 2.124e+23 2.128e-34 1.400e-22 1.759e-21
3.162e-07 5.789e+35 9.274e+22 9.290e-35 6.111e-23 7.680e-22
3.548e-07 1.910e+35 3.853e+22 3.860e-35 2.539e-23 3.191e-22
3.981e-07 5.951e+34 1.511e+22 1.514e-35 9.958e-24 1.251e-22
4.467e-07 1.735e+34 5.545e+21 5.555e-36 3.654e-24 4.592e-23
5.012e-07 4.675e+33 1.882e+21 1.885e-36 1.240e-24 1.558e-23
5.623e-07 1.151e+33 5.833e+20 5.843e-37 3.844e-25 4.830e-24
6.310e-07 2.544e+32 1.623e+20 1.626e-37 1.069e-25 1.344e-24
7.079e-07 4.977e+31 3.997e+19 4.003e-38 2.634e-26 3.309e-25
7.943e-07 8.347e+30 8.438e+18 8.453e-39 5.561e-27 6.988e-26
8.913e-07 1.195e+30 1.521e+18 1.524e-39 1.002e-27 1.260e-26
1.000e-06 1.311e+29 2.100e+17 2.104e-40 1.384e-28 1.739e-27
1.122e-06 1.233e+28 2.487e+16 2.491e-41 1.639e-29 2.059e-28
1.259e-06 0.000e+00 0.000e+00 0.000e+00 0.000e+00 0.000e+00
1.413e-06 0.000e+00 0.000e+00 0.000e+00 0.000e+00 0.000e+00
1.585e-06 0.000e+00 0.000e+00 0.000e+00 0.000e+00 0.000e+00
1.778e-06 0.000e+00 0.000e+00 0.000e+00 0.000e+00 0.000e+00
1.995e-06 0.000e+00 0.000e+00 0.000e+00 0.000e+00 0.000e+00
2.239e-06 0.000e+00 0.000e+00 0.000e+00 0.000e+00 0.000e+00
2.512e-06 0.000e+00 0.000e+00 0.000e+00 0.000e+00 0.000e+00
2.818e-06 0.000e+00 0.000e+00 0.000e+00 0.000e+00 0.000e+00
3.162e-06 0.000e+00 0.000e+00 0.000e+00 0.000e+00 0.000e+00
3.548e-06 0.000e+00 0.000e+00 0.000e+00 0.000e+00 0.000e+00
3.981e-06 0.000e+00 0.000e+00 0.000e+00 0.000e+00 0.000e+00
4.467e-06 0.000e+00 0.000e+00 0.000e+00 0.000e+00 0.000e+00
5.012e-06 0.000e+00 0.000e+00 0.000e+00 0.000e+00 0.000e+00
5.623e-06 0.000e+00 0.000e+00 0.000e+00 0.000e+00 0.000e+00
6.310e-06 0.000e+00 0.000e+00 0.000e+00 0.000e+00 0.000e+00
7.079e-06 0.000e+00 0.000e+00 0.000e+00 0.000e+00 0.000e+00
7.943e-06 0.000e+00 0.000e+00 0.000e+00 0.000e+00 0.000e+00
8.913e-06 0.000e+00 0.000e+00 0.000e+00 0.000e+00 0.000e+00
1.000e-05 0.000e+00 0.000e+00 0.000e+00 0.000e+00 0.000e+00
1.122e-05 0.000e+00 0.000e+00 0.000e+00 0.000e+00 0.000e+00
1.259e-05 0.000e+00 0.000e+00 0.000e+00 0.000e+00 0.000e+00
1.413e-05 0.000e+00 0.000e+00 0.000e+00 0.000e+00 0.000e+00
1.585e-05 0.000e+00 0.000e+00 0.000e+00 0.000e+00 0.000e+00
1.778e-05 0.000e+00 0.000e+00 0.000e+00 0.000e+00 0.000e+00
1.995e-05 0.000e+00 0.000e+00 0.000e+00 0.000e+00 0.000e+00
2.239e-05 0.000e+00 0.000e+00 0.000e+00 0.000e+00 0.000e+00
2.512e-05 0.000e+00 0.000e+00 0.000e+00 0.000e+00 0.000e+00
2.818e-05 0.000e+00 0.000e+00 0.000e+00 0.000e+00 0.000e+00
3.162e-05 0.000e+00 0.000e+00 0.000e+00 0.000e+00 0.000e+00
3.548e-05 0.000e+00 0.000e+00 0.000e+00 0.000e+00 0.000e+00
3.981e-05 0.000e+00 0.000e+00 0.000e+00 0.000e+00 0.000e+00
4.467e-05 0.000e+00 0.000e+00 0.000e+00 0.000e+00 0.000e+00
5.012e-05 0.000e+00 0.000e+00 0.000e+00 0.000e+00 0.000e+00
5.623e-05 0.000e+00 0.000e+00 0.000e+00 0.000e+00 0.000e+00
6.310e-05 0.000e+00 0.000e+00 0.000e+00 0.000e+00 0.000e+00
7.079e-05 0.000e+00 0.000e+00 0.000e+00 0.000e+00 0.000e+00
7.943e-05 0.000e+00 0.000e+00 0.000e+00 0.000e+00 0.000e+00
8.913e-05 0.000e+00 0.000e+00 0.000e+00 0.000e+00 0.000e+00
1.000e-04 0.000e+00 0.000e+00 0.000e+00 0.000e+00 0.000e+00
1.122e-04 0.000e+00 0.000e+00 0.000e+00 0.000e+00 0.000e+00
1.259e-04 0.000e+00 0.000e+00 0.000e+00 0.000e+00 0.000e+00
1.413e-04 0.000e+00 0.000e+00 0.000e+00 0.000e+00 0.000e+00
1.585e-04 0.000e+00 0.000e+00 0.000e+00 0.000e+00 0.000e+00
1.778e-04 0.000e+00 0.000e+00 0.000e+00 0.000e+00 0.000e+00
1.995e-04 0.000e+00 0.000e+00 0.000e+00 0.000e+00 0.000e+00
2.239e-04 0.000e+00 0.000e+00 0.000e+00 0.000e+00 0.000e+00
2.512e-04 0.000e+00 0.000e+00 0.000e+00 0.000e+00 0.000e+00
2.818e-04 0.000e+00 0.000e+00 0.000e+00 0.000e+00 0.000e+00
3.162e-04 0.000e+00 0.000e+00 0.000e+00 0.000e+00 0.000e+00
3.548e-04 0.000e+00 0.000e+00 0.000e+00 0.000e+00 0.000e+00
3.981e-04 0.000e+00 0.000e+00 0.000e+00 0.000e+00 0.000e+00
4.467e-04 0.000e+00 0.000e+00 0.000e+00 0.000e+00 0.000e+00
5.012e-04 0.000e+00 0.000e+00 0.000e+00 0.000e+00 0.000e+00
5.623e-04 0.000e+00 0.000e+00 0.000e+00 0.000e+00 0.000e+00
6.310e-04 0.000e+00 0.000e+00 0.000e+00 0.000e+00 0.000e+00
7.079e-04 0.000e+00 0.000e+00 0.000e+00 0.000e+00 0.000e+00
7.943e-04 0.000e+00 0.000e+00 0.000e+00 0.000e+00 0.000e+00
8.913e-04 0.000e+00 0.000e+00 0.000e+00 0.000e+00 0.000e+00
1.000e-03 0.000e+00 0.000e+00 0.000e+00 0.000e+00 0.000e+00
1.122e-03 0.000e+00 0.000e+00 0.000e+00 0.000e+00 0.000e+00
1.259e-03 0.000e+00 0.000e+00 0.000e+00 0.000e+00 0.000e+00
1.413e-03 0.000e+00 0.000e+00 0.000e+00 0.000e+00 0.000e+00
1.585e-03 0.000e+00 0.000e+00 0.000e+00 0.000e+00 0.000e+00
1.778e-03 0.000e+00 0.000e+00 0.000e+00 0.000e+00 0.000e+00
1.995e-03 0.000e+00 0.000e+00 0.000e+00 0.000e+00 0.000e+00
2.239e-03 0.000e+00 0.000e+00 0.000e+00 0.000e+00 0.000e+00
2.512e-03 0.000e+00 0.000e+00 0.000e+00 0.000e+00 0.000e+00
2.818e-03 0.000e+00 0.000e+00 0.000e+00 0.000e+00 0.000e+00
3.162e-03 0.000e+00 0.000e+00 0.000e+00 0.000e+00 0.000e+00
3.548e-03 0.000e+00 0.000e+00 0.000e+00 0.000e+00 0.000e+00
3.981e-03 0.000e+00 0.000e+00 0.000e+00 0.000e+00 0.000e+00
4.467e-03 0.000e+00 0.000e+00 0.000e+00 0.000e+00 0.000e+00
5.012e-03 0.000e+00 0.000e+00 0.000e+00 0.000e+00 0.000e+00
5.623e-03 0.000e+00 0.000e+00 0.000e+00 0.000e+00 0.000e+00
6.310e-03 0.000e+00 0.000e+00 0.000e+00 0.000e+00 0.000e+00
7.079e-03 0.000e+00 0.000e+00 0.000e+00 0.000e+00 0.000e+00
7.943e-03 0.000e+00 0.000e+00 0.000e+00 0.000e+00 0.000e+00
8.913e-03 0.000e+00 0.000e+00 0.000e+00 0.000e+00 0.000e+00
1.000e-02 0.000e+00 0.000e+00 0.000e+00 0.000e+00 0.000e+00
1.122e-02 0.000e+00 0.000e+00 0.000e+00 0.000e+00 0.000e+00
1.259e-02 0.000e+00 0.000e+00 0.000e+00 0.000e+00 0.000e+00
1.413e-02 0.000e+00 0.000e+00 0.000e+00 0.000e+00 0.000e+00
1.585e-02 0.000e+00 0.000e+00 0.000e+00 0.000e+00 0.000e+00
1.778e-02 0.000e+00 0.000e+00 0.000e+00 0.000e+00 0.000e+00
1.995e-02 0.000e+00 0.000e+00 0.000e+00 0.000e+00 0.000e+00
2.239e-02 0.000e+00 0.000e+00 0.000e+00 0.000e+00 0.000e+00
2.512e-02 0.000e+00 0.000e+00 0.000e+00 0.000e+00 0.000e+00
2.818e-02 0.000e+00 0.000e+00 0.000e+00 0.000e+00 0.000e+00
3.162e-02 0.000e+00 0.000e+00 0.000e+00 0.000e+00 0.000e+00
3.548e-02 0.000e+00 0.000e+00 0.000e+00 0.000e+00 0.000e+00
3.981e-02 0.000e+00 0.000e+00 0.000e+00 0.000e+00 0.000e+00
4.467e-02 0.000e+00 0.000e+00 0.000e+00 0.000e+00 0.000e+00
5.012e-02 0.000e+00 0.000e+00 0.000e+00 0.000e+00 0.000e+00
5.623e-02 0.000e+00 0.000e+00 0.000e+00 0.000e+00 0.000e+00
6.310e-02 0.000e+00 0.000e+00 0.000e+00 0.000e+00 0.000e+00
7.079e-02 0.000e+00 0.000e+00 0.000e+00 0.000e+00 0.000e+00
7.943e-02 0.000e+00 0.000e+00 0.000e+00 0.000e+00 0.000e+00
8.913e-02 0.000e+00 0.000e+00 0.000e+00 0.000e+00 0.000e+00
1.000e-01 0.000e+00 0.000e+00 0.000e+00 0.000e+00 0.000e+00
1.122e-01 0.000e+00 0.000e+00 0.000e+00 0.000e+00 0.000e+00
1.259e-01 0.000e+00 0.000e+00 0.000e+00 0.000e+00 0.000e+00
1.413e-01 0.000e+00 0.000e+00 0.000e+00 0.000e+00 0.000e+00
1.585e-01 0.000e+00 0.000e+00 0.000e+00 0.000e+00 0.000e+00
1.778e-01 0.000e+00 0.000e+00 0.000e+00 0.000e+00 0.000e+00
1.995e-01 0.000e+00 0.000e+00 0.000e+00 0.000e+00 0.000e+00
2.239e-01 0.000e+00 0.000e+00 0.000e+00 0.000e+00 0.000e+00
2.512e-01 0.000e+00 0.000e+00 0.000e+00 0.000e+00 0.000e+00
2.818e-01 0.000e+00 0.000e+00 0.000e+00 0.000e+00 0.000e+00
3.162e-01 0.000e+00 0.000e+00 0.000e+00 0.000e+00 0.000e+00
3.548e-01 0.000e+00 0.000e+00 0.000e+00 0.000e+00 0.000e+00
3.981e-01 0.000e+00 0.000e+00 0.000e+00 0.000e+00 0.000e+00
4.467e-01 0.000e+00 0.000e+00 0.000e+00 0.000e+00 0.000e+00
5.012e-01 0.000e+00 0.000e+00 0.000e+00 0.000e+00 0.000e+00
5.623e-01 0.000e+00 0.000e+00 0.000e+00 0.000e+00 0.000e+00
6.310e-01 0.000e+00 0.000e+00 0.000e+00 0.000e+00 0.000e+00
7.079e-01 0.000e+00 0.000e+00 0.000e+00 0.000e+00 0.000e+00
7.943e-01 0.000e+00 0.000e+00 0.000e+00 0.000e+00 0.000e+00
8.913e-01 0.000e+00 0.000e+00 0.000e+00 0.000e+00 0.000e+00
1.000e+00 0.000e+00 0.000e+00 0.000e+00 0.000e+00 0.000e+00
1.122e+00 0.000e+00 0.000e+00 0.000e+00 0.000e+00 0.000e+00
1.259e+00 0.000e+00 0.000e+00 0.000e+00 0.000e+00 0.000e+00
1.413e+00 0.000e+00 0.000e+00 0.000e+00 0.000e+00 0.000e+00
1.585e+00 0.000e+00 0.000e+00 0.000e+00 0.000e+00 0.000e+00
1.778e+00 0.000e+00 0.000e+00 0.000e+00 0.000e+00 0.000e+00
1.995e+00 0.000e+00 0.000e+00 0.000e+00 0.000e+00 0.000e+00
2.239e+00 0.000e+00 0.000e+00 0.000e+00 0.000e+00 0.000e+00
2.512e+00 0.000e+00 0.000e+00 0.000e+00 0.000e+00 0.000e+00
2.818e+00 0.000e+00 0.000e+00 0.000e+00 0.000e+00 0.000e+00
3.162e+00 0.000e+00 0.000e+00 0.000e+00 0.000e+00 0.000e+00
3.548e+00 0.000e+00 0.000e+00 0.000e+00 0.000e+00 0.000e+00
3.981e+00 0.000e+00 0.000e+00 0.000e+00 0.000e+00 0.000e+00
4.467e+00 0.000e+00 0.000e+00 0.000e+00 0.000e+00 0.000e+00
5.012e+00 0.000e+00 0.000e+00 0.000e+00 0.000e+00 0.000e+00
5.623e+00 0.000e+00 0.000e+00 0.000e+00 0.000e+00 0.000e+00
6.310e+00 0.000e+00 0.000e+00 0.000e+00 0.000e+00 0.000e+00
7.079e+00 0.000e+00 0.000e+00 0.000e+00 0.000e+00 0.000e+00
7.943e+00 0.000e+00 0.000e+00 0.000e+00 0.000e+00 0.000e+00
8.913e+00 0.000e+00 0.000e+00 0.000e+00 0.000e+00 0.000e+00
1.000e+01 0.000e+00 0.000e+00 0.000e+00 0.000e+00 0.000e+00
1.122e+01 0.000e+00 0.000e+00 0.000e+00 0.000e+00 0.000e+00
1.259e+01 0.000e+00 0.000e+00 0.000e+00 0.000e+00 0.000e+00
1.413e+01 0.000e+00 0.000e+00 0.000e+00 0.000e+00 0.000e+00
1.585e+01 0.000e+00 0.000e+00 0.000e+00 0.000e+00 0.000e+00
1.778e+01 0.000e+00 0.000e+00 0.000e+00 0.000e+00 0.000e+00
1.995e+01 0.000e+00 0.000e+00 0.000e+00 0.000e+00 0.000e+00
2.239e+01 0.000e+00 0.000e+00 0.000e+00 0.000e+00 0.000e+00
2.512e+01 0.000e+00 0.000e+00 0.000e+00 0.000e+00 0.000e+00
2.818e+01 0.000e+00 0.000e+00 0.000e+00 0.000e+00 0.000e+00
3.162e+01 0.000e+00 0.000e+00 0.000e+00 0.000e+00 0.000e+00
3.548e+01 0.000e+00 0.000e+00 0.000e+00 0.000e+00 0.000e+00
3.981e+01 0.000e+00 0.000e+00 0.000e+00 0.000e+00 0.000e+00
4.467e+01 0.000e+00 0.000e+00 0.000e+00 0.000e+00 0.000e+00
5.012e+01 0.000e+00 0.000e+00 0.000e+00 0.000e+00 0.000e+00
5.623e+01 0.000e+00 0.000e+00 0.000e+00 0.000e+00 0.000e+00
6.310e+01 0.000e+00 0.000e+00 0.000e+00 0.000e+00 0.000e+00
7.079e+01 0.000e+00 0.000e+00 0.000e+00 0.000e+00 0.000e+00
7.943e+01 0.000e+00 0.000e+00 0.000e+00 0.000e+00 0.000e+00
8.913e+01 0.000e+00 0.000e+00 0.000e+00 0.000e+00 0.000e+00
1.000e+02 0.000e+00 0.000e+00 0.000e+00 0.000e+00 0.000e+00
1.122e+02 0.000e+00 0.000e+00 0.000e+00 0.000e+00 0.000e+00
1.259e+02 0.000e+00 0.000e+00 0.000e+00 0.000e+00 0.000e+00
1.413e+02 0.000e+00 0.000e+00 0.000e+00 0.000e+00 0.000e+00
1.585e+02 0.000e+00 0.000e+00 0.000e+00 0.000e+00 0.000e+00
1.778e+02 0.000e+00 0.000e+00 0.000e+00 0.000e+00 0.000e+00
1.995e+02 0.000e+00 0.000e+00 0.000e+00 0.000e+00 0.000e+00
2.239e+02 0.000e+00 0.000e+00 0.000e+00 0.000e+00 0.000e+00
2.512e+02 0.000e+00 0.000e+00 0.000e+00 0.000e+00 0.000e+00
2.818e+02 0.000e+00 0.000e+00 0.000e+00 0.000e+00 0.000e+00
3.162e+02 0.000e+00 0.000e+00 0.000e+00 0.000e+00 0.000e+00
3.548e+02 0.000e+00 0.000e+00 0.000e+00 0.000e+00 0.000e+00
3.981e+02 0.000e+00 0.000e+00 0.000e+00 0.000e+00 0.000e+00
4.467e+02 0.000e+00 0.000e+00 0.000e+00 0.000e+00 0.000e+00
5.012e+02 0.000e+00 0.000e+00 0.000e+00 0.000e+00 0.000e+00
5.623e+02 0.000e+00 0.000e+00 0.000e+00 0.000e+00 0.000e+00
6.310e+02 0.000e+00 0.000e+00 0.000e+00 0.000e+00 0.000e+00
7.079e+02 0.000e+00 0.000e+00 0.000e+00 0.000e+00 0.000e+00
7.943e+02 0.000e+00 0.000e+00 0.000e+00 0.000e+00 0.000e+00
8.913e+02 0.000e+00 0.000e+00 0.000e+00 0.000e+00 0.000e+00
1.000e+03 0.000e+00 0.000e+00 0.000e+00 0.000e+00 0.000e+00
1.122e+03 0.000e+00 0.000e+00 0.000e+00 0.000e+00 0.000e+00
1.259e+03 0.000e+00 0.000e+00 0.000e+00 0.000e+00 0.000e+00
1.413e+03 0.000e+00 0.000e+00 0.000e+00 0.000e+00 0.000e+00
1.585e+03 0.000e+00 0.000e+00 0.000e+00 0.000e+00 0.000e+00
1.778e+03 0.000e+00 0.000e+00 0.000e+00 0.000e+00 0.000e+00
1.995e+03 0.000e+00 0.000e+00 0.000e+00 0.000e+00 0.000e+00
2.239e+03 0.000e+00 0.000e+00 0.000e+00 0.000e+00 0.000e+00
2.512e+03 0.000e+00 0.000e+00 0.000e+00 0.000e+00 0.000e+00
2.818e+03 0.000e+00 0.000e+00 0.000e+00 0.000e+00 0.000e+00
3.162e+03 0.000e+00 0.000e+00 0.000e+00 0.000e+00 0.000e+00
3.548e+03 0.000e+00 0.000e+00 0.000e+00 0.000e+00 0.000e+00
3.981e+03 0.000e+00 0.000e+00 0.000e+00 0.000e+00 0.000e+00
4.467e+03 0.000e+00 0.000e+00 0.000e+00 0.000e+00 0.000e+00
5.012e+03 0.000e+00 0.000e+00 0.000e+00 0.000e+00 0.000e+00
5.623e+03 0.000e+00 0.000e+00 0.000e+00 0.000e+00 0.000e+00
6.310e+03 0.000e+00 0.000e+00 0.000e+00 0.000e+00 0.000e+00
7.079e+03 0.000e+00 0.000e+00 0.000e+00 0.000e+00 0.000e+00
7.943e+03 0.000e+00 0.000e+00 0.000e+00 0.000e+00 0.000e+00
8.913e+03 0.000e+00 0.000e+00 0.000e+00 0.000e+00 0.000e+00
1.000e+04 0.000e+00 0.000e+00 0.000e+00 0.000e+00 0.000e+00
1.122e+04 0.000e+00 0.000e+00 0.000e+00 0.000e+00 0.000e+00
1.259e+04 0.000e+00 0.000e+00 0.000e+00 0.000e+00 0.000e+00
1.413e+04 0.000e+00 0.000e+00 0.000e+00 0.000e+00 0.000e+00
1.585e+04 0.000e+00 0.000e+00 0.000e+00 0.000e+00 0.000e+00
1.778e+04 0.000e+00 0.000e+00 0.000e+00 0.000e+00 0.000e+00
1.995e+04 0.000e+00 0.000e+00 0.000e+00 0.000e+00 0.000e+00
2.239e+04 0.000e+00 0.000e+00 0.000e+00 0.000e+00 0.000e+00
2.512e+04 0.000e+00 0.000e+00 0.000e+00 0.000e+00 0.000e+00
2.818e+04 0.000e+00 0.000e+00 0.000e+00 0.000e+00 0.000e+00
3.162e+04 0.000e+00 0.000e+00 0.000e+00 0.000e+00 0.000e+00
3.548e+04 0.000e+00 0.000e+00 0.000e+00 0.000e+00 0.000e+00
3.981e+04 0.000e+00 0.000e+00 0.000e+00 0.000e+00 0.000e+00
4.467e+04 0.000e+00 0.000e+00 0.000e+00 0.000e+00 0.000e+00
5.012e+04 0.000e+00 0.000e+00 0.000e+00 0.000e+00 0.000e+00
5.623e+04 0.000e+00 0.000e+00 0.000e+00 0.000e+00 0.000e+00
6.310e+04 0.000e+00 0.000e+00 0.000e+00 0.000e+00 0.000e+00
7.079e+04 0.000e+00 0.000e+00 0.000e+00 0.000e+00 0.000e+00
7.943e+04 0.000e+00 0.000e+00 0.000e+00 0.000e+00 0.000e+00
8.913e+04 0.000e+00 0.000e+00 0.000e+00 0.000e+00 0.000e+00
1.000e+05 0.000e+00 0.000e+00 0.000e+00 0.000e+00 0.000e+00
1.122e+05 0.000e+00 0.000e+00 0.000e+00 0.000e+00 0.000e+00
1.259e+05 0.000e+00 0.000e+00 0.000e+00 0.000e+00 0.000e+00
1.413e+05 0.000e+00 0.000e+00 0.000e+00 0.000e+00 0.000e+00
1.585e+05 0.000e+00 0.000e+00 0.000e+00 0.000e+00 0.000e+00
1.778e+05 0.000e+00 0.000e+00 0.000e+00 0.000e+00 0.000e+00
1.995e+05 0.000e+00 0.000e+00 0.000e+00 0.000e+00 0.000e+00
2.239e+05 0.000e+00 0.000e+00 0.000e+00 0.000e+00 0.000e+00
2.512e+05 0.000e+00 0.000e+00 0.000e+00 0.000e+00 0.000e+00
2.818e+05 0.000e+00 0.000e+00 0.000e+00 0.000e+00 0.000e+00
3.162e+05 0.000e+00 0.000e+00 0.000e+00 0.000e+00 0.000e+00
3.548e+05 0.000e+00 0.000e+00 0.000e+00 0.000e+00 0.000e+00
3.981e+05 0.000e+00 0.000e+00 0.000e+00 0.000e+00 0.000e+00
4.467e+05 0.000e+00 0.000e+00 0.000e+00 0.000e+00 0.000e+00
5.012e+05 0.000e+00 0.000e+00 0.000e+00 0.000e+00 0.000e+00
5.623e+05 0.000e+00 0.000e+00 0.000e+00 0.000e+00 0.000e+00
6.310e+05 0.000e+00 0.000e+00 0.000e+00 0.000e+00 0.000e+00
7.079e+05 0.000e+00 0.000e+00 0.000e+00 0.000e+00 0.000e+00
7.943e+05 0.000e+00 0.000e+00 0.000e+00 0.000e+00 0.000e+00
8.913e+05 0.000e+00 0.000e+00 0.000e+00 0.000e+00 0.000e+00
1.000e+06 0.000e+00 0.000e+00 0.000e+00 0.000e+00 0.000e+00
1.122e+06 0.000e+00 0.000e+00 0.000e+00 0.000e+00 0.000e+00
1.259e+06 0.000e+00 0.000e+00 0.000e+00 0.000e+00 0.000e+00
1.413e+06 0.000e+00 0.000e+00 0.000e+00 0.000e+00 0.000e+00
1.585e+06 0.000e+00 0.000e+00 0.000e+00 0.000e+00 0.000e+00
1.778e+06 0.000e+00 0.000e+00 0.000e+00 0.000e+00 0.000e+00
1.995e+06 0.000e+00 0.000e+00 0.000e+00 0.000e+00 0.000e+00
2.239e+06 0.000e+00 0.000e+00 0.000e+00 0.000e+00 0.000e+00
2.512e+06 0.000e+00 0.000e+00 0.000e+00 0.000e+00 0.000e+00
2.818e+06 0.000e+00 0.000e+00 0.000e+00 0.000e+00 0.000e+00
3.162e+06 0.000e+00 0.000e+00 0.000e+00 0.000e+00 0.000e+00
3.548e+06 0.000e+00 0.000e+00 0.000e+00 0.000e+00 0.000e+00
3.981e+06 0.000e+00 0.000e+00 0.000e+00 0.000e+00 0.000e+00
4.467e+06 0.000e+00 0.000e+00 0.000e+00 0.000e+00 0.000e+00
5.012e+06 0.000e+00 0.000e+00 0.000e+00 0.000e+00 0.000e+00
5.623e+06 0.000e+00 0.000e+00 0.000e+00 0.000e+00 0.000e+00
6.310e+06 0.000e+00 0.000e+00 0.000e+00 0.000e+00 0.000e+00
7.079e+06 0.000e+00 0.000e+00 0.000e+00 0.000e+00 0.000e+00
7.943e+06 0.000e+00 0.000e+00 0.000e+00 0.000e+00 0.000e+00
8.913e+06 0.000e+00 0.000e+00 0.000e+00 0.000e+00 0.000e+00
1.000e+07 0.000e+00 0.000e+00 0.000e+00 0.000e+00 0.000e+00
1.122e+07 0.000e+00 0.000e+00 0.000e+00 0.000e+00 0.000e+00
1.259e+07 0.000e+00 0.000e+00 0.000e+00 0.000e+00 0.000e+00
1.413e+07 0.000e+00 0.000e+00 0.000e+00 0.000e+00 0.000e+00
1.585e+07 0.000e+00 0.000e+00 0.000e+00 0.000e+00 0.000e+00
1.778e+07 0.000e+00 0.000e+00 0.000e+00 0.000e+00 0.000e+00
1.995e+07 0.000e+00 0.000e+00 0.000e+00 0.000e+00 0.000e+00
2.239e+07 0.000e+00 0.000e+00 0.000e+00 0.000e+00 0.000e+00
2.512e+07 0.000e+00 0.000e+00 0.000e+00 0.000e+00 0.000e+00
2.818e+07 0.000e+00 0.000e+00 0.000e+00 0.000e+00 0.000e+00
3.162e+07 0.000e+00 0.000e+00 0.000e+00 0.000e+00 0.000e+00
3.548e+07 0.000e+00 0.000e+00 0.000e+00 0.000e+00 0.000e+00
3.981e+07 0.000e+00 0.000e+00 0.000e+00 0.000e+00 0.000e+00
4.467e+07 0.000e+00 0.000e+00 0.000e+00 0.000e+00 0.000e+00
5.012e+07 0.000e+00 0.000e+00 0.000e+00 0.000e+00 0.000e+00
5.623e+07 0.000e+00 0.000e+00 0.000e+00 0.000e+00 0.000e+00
6.310e+07 0.000e+00 0.000e+00 0.000e+00 0.000e+00 0.000e+00
7.079e+07 0.000e+00 0.000e+00 0.000e+00 0.000e+00 0.000e+00
7.943e+07 0.000e+00 0.000e+00 0.000e+00 0.000e+00 0.000e+00
8.913e+07 0.000e+00 0.000e+00 0.000e+00 0.000e+00 0.000e+00
1.000e+08 0.000e+00 0.000e+00 0.000e+00 0.000e+00 0.000e+00
