1.000e-20 0.000e+00 0.000e+00 0.000e+00 0.000e+00 0.000e+00
1.122e-20 0.000e+00 0.000e+00 0.000e+00 0.000e+00 0.000e+00
1.259e-20 0.000e+00 0.000e+00 0.000e+00 0.000e+00 0.000e+00
1.413e-20 0.000e+00 0.000e+00 0.000e+00 0.000e+00 0.000e+00
1.585e-20 0.000e+00 0.000e+00 0.000e+00 0.000e+00 0.000e+00
1.778e-20 0.000e+00 0.000e+00 0.000e+00 0.000e+00 0.000e+00
1.995e-20 0.000e+00 0.000e+00 0.000e+00 0.000e+00 0.000e+00
2.239e-20 0.000e+00 0.000e+00 0.000e+00 0.000e+00 0.000e+00
2.512e-20 0.000e+00 0.000e+00 0.000e+00 0.000e+00 0.000e+00
2.818e-20 0.000e+00 0.000e+00 0.000e+00 0.000e+00 0.000e+00
3.162e-20 0.000e+00 0.000e+00 0.000e+00 0.000e+00 0.000e+00
3.548e-20 0.000e+00 0.000e+00 0.000e+00 0.000e+00 0.000e+00
3.981e-20 0.000e+00 0.000e+00 0.000e+00 0.000e+00 0.000e+00
4.467e-20 0.000e+00 0.000e+00 0.000e+00 0.000e+00 0.000e+00
5.012e-20 0.000e+00 0.000e+00 0.000e+00 0.000e+00 0.000e+00
5.623e-20 0.000e+00 0.000e+00 0.000e+00 0.000e+00 0.000e+00
6.310e-20 0.000e+00 0.000e+00 0.000e+00 0.000e+00 0.000e+00
7.079e-20 0.000e+00 0.000e+00 0.000e+00 0.000e+00 0.000e+00
7.943e-20 0.000e+00 0.000e+00 0.000e+00 0.000e+00 0.000e+00
8.913e-20 0.000e+00 0.000e+00 0.000e+00 0.000e+00 0.000e+00
1.000e-19 0.000e+00 0.000e+00 0.000e+00 0.000e+00 0.000e+00
1.122e-19 0.000e+00 0.000e+00 0.000e+00 0.000e+00 0.000e+00
1.259e-19 0.000e+00 0.000e+00 0.000e+00 0.000e+00 0.000e+00
1.413e-19 0.000e+00 0.000e+00 0.000e+00 0.000e+00 0.000e+00
1.585e-19 0.000e+00 0.000e+00 0.000e+00 0.000e+00 0.000e+00
1.778e-19 0.000e+00 0.000e+00 0.000e+00 0.000e+00 0.000e+00
1.995e-19 0.000e+00 0.000e+00 0.000e+00 0.000e+00 0.000e+00
2.239e-19 0.000e+00 0.000e+00 0.000e+00 0.000e+00 0.000e+00
2.512e-19 0.000e+00 0.000e+00 0.000e+00 0.000e+00 0.000e+00
2.818e-19 0.000e+00 0.000e+00 0.000e+00 0.000e+00 0.000e+00
3.162e-19 0.000e+00 0.000e+00 0.000e+00 0.000e+00 0.000e+00
3.548e-19 0.000e+00 0.000e+00 0.000e+00 0.000e+00 0.000e+00
3.981e-19 0.000e+00 0.000e+00 0.000e+00 0.000e+00 0.000e+00
4.467e-19 0.000e+00 0.000e+00 0.000e+00 0.000e+00 0.000e+00
5.012e-19 0.000e+00 0.000e+00 0.000e+00 0.000e+00 0.000e+00
5.623e-19 0.000e+00 0.000e+00 0.000e+00 0.000e+00 0.000e+00
6.310e-19 0.000e+00 0.000e+00 0.000e+00 0.000e+00 0.000e+00
7.079e-19 0.000e+00 0.000e+00 0.000e+00 0.000e+00 0.000e+00
7.943e-19 0.000e+00 0.000e+00 0.000e+00 0.000e+00 0.000e+00
8.913e-19 0.000e+00 0.000e+00 0.000e+00 0.000e+00 0.000e+00
1.000e-18 0.000e+00 0.000e+00 0.000e+00 0.000e+00 0.000e+00
1.122e-18 0.000e+00 0.000e+00 0.000e+00 0.000e+00 0.000e+00
1.259e-18 0.000e+00 0.000e+00 0.000e+00 0.000e+00 0.000e+00
1.413e-18 0.000e+00 0.000e+00 0.000e+00 0.000e+00 0.000e+00
1.585e-18 0.000e+00 0.000e+00 0.000e+00 0.000e+00 0.000e+00
1.778e-18 0.000e+00 0.000e+00 0.000e+00 0.000e+00 0.000e+00
1.995e-18 0.000e+00 0.000e+00 0.000e+00 0.000e+00 0.000e+00
2.239e-18 0.000e+00 0.000e+00 0.000e+00 0.000e+00 0.000e+00
2.512e-18 0.000e+00 0.000e+00 0.000e+00 0.000e+00 0.000e+00
2.818e-18 0.000e+00 0.000e+00 0.000e+00 0.000e+00 0.000e+00
3.162e-18 0.000e+00 0.000e+00 0.000e+00 0.000e+00 0.000e+00
3.548e-18 0.000e+00 0.000e+00 0.000e+00 0.000e+00 0.000e+00
3.981e-18 0.000e+00 0.000e+00 0.000e+00 0.000e+00 0.000e+00
4.467e-18 0.000e+00 0.000e+00 0.000e+00 0.000e+00 0.000e+00
5.012e-18 0.000e+00 0.000e+00 0.000e+00 0.000e+00 0.000e+00
5.623e-18 0.000e+00 0.000e+00 0.000e+00 0.000e+00 0.000e+00
6.310e-18 0.000e+00 0.000e+00 0.000e+00 0.000e+00 0.000e+00
7.079e-18 0.000e+00 0.000e+00 0.000e+00 0.000e+00 0.000e+00
7.943e-18 0.000e+00 0.000e+00 0.000e+00 0.000e+00 0.000e+00
8.913e-18 0.000e+00 0.000e+00 0.000e+00 0.000e+00 0.000e+00
1.000e-17 0.000e+00 0.000e+00 0.000e+00 0.000e+00 0.000e+00
1.122e-17 0.000e+00 0.000e+00 0.000e+00 0.000e+00 0.000e+00
1.259e-17 0.000e+00 0.000e+00 0.000e+00 0.000e+00 0.000e+00
1.413e-17 0.000e+00 0.000e+00 0.000e+00 0.000e+00 0.000e+00
1.585e-17 0.000e+00 0.000e+00 0.000e+00 0.000e+00 0.000e+00
1.778e-17 0.000e+00 0.000e+00 0.000e+00 0.000e+00 0.000e+00
1.995e-17 0.000e+00 0.000e+00 0.000e+00 0.000e+00 0.000e+00
2.239e-17 0.000e+00 0.000e+00 0.000e+00 0.000e+00 0.000e+00
2.512e-17 0.000e+00 0.000e+00 0.000e+00 0.000e+00 0.000e+00
2.818e-17 0.000e+00 0.000e+00 0.000e+00 0.000e+00 0.000e+00
3.162e-17 0.000e+00 0.000e+00 0.000e+00 0.000e+00 0.000e+00
3.548e-17 0.000e+00 0.000e+00 0.000e+00 0.000e+00 0.000e+00
3.981e-17 0.000e+00 0.000e+00 0.000e+00 0.000e+00 0.000e+00
4.467e-17 0.000e+00 0.000e+00 0.000e+00 0.000e+00 0.000e+00
5.012e-17 0.000e+00 0.000e+00 0.000e+00 0.000e+00 0.000e+00
5.623e-17 0.000e+00 0.000e+00 0.000e+00 0.000e+00 0.000e+00
6.310e-17 0.000e+00 0.000e+00 0.000e+00 0.000e+00 0.000e+00
7.079e-17 0.000e+00 0.000e+00 0.000e+00 0.000e+00 0.000e+00
7.943e-17 0.000e+00 0.000e+00 0.000e+00 0.000e+00 0.000e+00
8.913e-17 0.000e+00 0.000e+00 0.000e+00 0.000e+00 0.000e+00
1.000e-16 0.000e+00 0.000e+00 0.000e+00 0.000e+00 0.000e+00
1.122e-16 0.000e+00 0.000e+00 0.000e+00 0.000e+00 0.000e+00
1.259e-16 0.000e+00 0.000e+00 0.000e+00 0.000e+00 0.000e+00
1.413e-16 0.000e+00 0.000e+00 0.000e+00 0.000e+00 0.000e+00
1.585e-16 0.000e+00 0.000e+00 0.000e+00 0.000e+00 0.000e+00
1.778e-16 0.000e+00 0.000e+00 0.000e+00 0.000e+00 0.000e+00
1.995e-16 0.000e+00 0.000e+00 0.000e+00 0.000e+00 0.000e+00
2.239e-16 0.000e+00 0.000e+00 0.000e+00 0.000e+00 0.000e+00
2.512e-16 0.000e+00 0.000e+00 0.000e+00 0.000e+00 0.000e+00
2.818e-16 0.000e+00 0.000e+00 0.000e+00 0.000e+00 0.000e+00
3.162e-16 0.000e+00 0.000e+00 0.000e+00 0.000e+00 0.000e+00
3.548e-16 0.000e+00 0.000e+00 0.000e+00 0.000e+00 0.000e+00
3.981e-16 0.000e+00 0.000e+00 0.000e+00 0.000e+00 0.000e+00
4.467e-16 0.000e+00 0.000e+00 0.000e+00 0.000e+00 0.000e+00
5.012e-16 0.000e+00 0.000e+00 0.000e+00 0.000e+00 0.000e+00
5.623e-16 0.000e+00 0.000e+00 0.000e+00 0.000e+00 0.000e+00
6.310e-16 0.000e+00 0.000e+00 0.000e+00 0.000e+00 0.000e+00
7.079e-16 0.000e+00 0.000e+00 0.000e+00 0.000e+00 0.000e+00
7.943e-16 0.000e+00 0.000e+00 0.000e+00 0.000e+00 0.000e+00
8.913e-16 0.000e+00 0.000e+00 0.000e+00 0.000e+00 0.000e+00
1.000e-15 0.000e+00 0.000e+00 0.000e+00 0.000e+00 0.000e+00
1.122e-15 0.000e+00 0.000e+00 0.000e+00 0.000e+00 0.000e+00
1.259e-15 0.000e+00 0.000e+00 0.000e+00 0.000e+00 0.000e+00
1.413e-15 0.000e+00 0.000e+00 0.000e+00 0.000e+00 0.000e+00
1.585e-15 0.000e+00 0.000e+00 0.000e+00 0.000e+00 0.000e+00
1.778e-15 0.000e+00 0.000e+00 0.000e+00 0.000e+00 0.000e+00
1.995e-15 0.000e+00 0.000e+00 0.000e+00 0.000e+00 0.000e+00
2.239e-15 0.000e+00 0.000e+00 0.000e+00 0.000e+00 0.000e+00
2.512e-15 0.000e+00 0.000e+00 0.000e+00 0.000e+00 0.000e+00
2.818e-15 0.000e+00 0.000e+00 0.000e+00 0.000e+00 0.000e+00
3.162e-15 0.000e+00 0.000e+00 0.000e+00 0.000e+00 0.000e+00
3.548e-15 0.000e+00 0.000e+00 0.000e+00 0.000e+00 0.000e+00
3.981e-15 0.000e+00 0.000e+00 0.000e+00 0.000e+00 0.000e+00
4.467e-15 0.000e+00 0.000e+00 0.000e+00 0.000e+00 0.000e+00
5.012e-15 0.000e+00 0.000e+00 0.000e+00 0.000e+00 0.000e+00
5.623e-15 0.000e+00 0.000e+00 0.000e+00 0.000e+00 0.000e+00
6.310e-15 0.000e+00 0.000e+00 0.000e+00 0.000e+00 0.000e+00
7.079e-15 0.000e+00 0.000e+00 0.000e+00 0.000e+00 0.000e+00
7.943e-15 0.000e+00 0.000e+00 0.000e+00 0.000e+00 0.000e+00
8.913e-15 0.000e+00 0.000e+00 0.000e+00 0.000e+00 0.000e+00
1.000e-14 0.000e+00 0.000e+00 0.000e+00 0.000e+00 0.000e+00
1.122e-14 0.000e+00 0.000e+00 0.000e+00 0.000e+00 0.000e+00
1.259e-14 0.000e+00 0.000e+00 0.000e+00 0.000e+00 0.000e+00
1.413e-14 0.000e+00 0.000e+00 0.000e+00 0.000e+00 0.000e+00
1.585e-14 0.000e+00 0.000e+00 0.000e+00 0.000e+00 0.000e+00
1.778e-14 0.000e+00 0.000e+00 0.000e+00 0.000e+00 0.000e+00
1.995e-14 0.000e+00 0.000e+00 0.000e+00 0.000e+00 0.000e+00
2.239e-14 0.000e+00 0.000e+00 0.000e+00 0.000e+00 0.000e+00
2.512e-14 0.000e+00 0.000e+00 0.000e+00 0.000e+00 0.000e+00
2.818e-14 0.000e+00 0.000e+00 0.000e+00 0.000e+00 0.000e+00
3.162e-14 0.000e+00 0.000e+00 0.000e+00 0.000e+00 0.000e+00
3.548e-14 0.000e+00 0.000e+00 0.000e+00 0.000e+00 0.000e+00
3.981e-14 0.000e+00 0.000e+00 0.000e+00 0.000e+00 0.000e+00
4.467e-14 0.000e+00 0.000e+00 0.000e+00 0.000e+00 0.000e+00
5.012e-14 0.000e+00 0.000e+00 0.000e+00 0.000e+00 0.000e+00
5.623e-14 0.000e+00 0.000e+00 0.000e+00 0.000e+00 0.000e+00
6.310e-14 0.000e+00 0.000e+00 0.000e+00 0.000e+00 0.000e+00
7.079e-14 0.000e+00 0.000e+00 0.000e+00 0.000e+00 0.000e+00
7.943e-14 0.000e+00 0.000e+00 0.000e+00 0.000e+00 0.000e+00
8.913e-14 0.000e+00 0.000e+00 0.000e+00 0.000e+00 0.000e+00
1.000e-13 0.000e+00 0.000e+00 0.000e+00 0.000e+00 0.000e+00
1.122e-13 0.000e+00 0.000e+00 0.000e+00 0.000e+00 0.000e+00
1.259e-13 0.000e+00 0.000e+00 0.000e+00 0.000e+00 0.000e+00
1.413e-13 0.000e+00 0.000e+00 0.000e+00 0.000e+00 0.000e+00
1.585e-13 0.000e+00 0.000e+00 0.000e+00 0.000e+00 0.000e+00
1.778e-13 0.000e+00 0.000e+00 0.000e+00 0.000e+00 0.000e+00
1.995e-13 0.000e+00 0.000e+00 0.000e+00 0.000e+00 0.000e+00
2.239e-13 0.000e+00 0.000e+00 0.000e+00 0.000e+00 0.000e+00
2.512e-13 0.000e+00 0.000e+00 0.000e+00 0.000e+00 0.000e+00
2.818e-13 0.000e+00 0.000e+00 0.000e+00 0.000e+00 0.000e+00
3.162e-13 0.000e+00 0.000e+00 0.000e+00 0.000e+00 0.000e+00
3.548e-13 0.000e+00 0.000e+00 0.000e+00 0.000e+00 0.000e+00
3.981e-13 0.000e+00 0.000e+00 0.000e+00 0.000e+00 0.000e+00
4.467e-13 0.000e+00 0.000e+00 0.000e+00 0.000e+00 0.000e+00
5.012e-13 0.000e+00 0.000e+00 0.000e+00 0.000e+00 0.000e+00
5.623e-13 0.000e+00 0.000e+00 0.000e+00 0.000e+00 0.000e+00
6.310e-13 0.000e+00 0.000e+00 0.000e+00 0.000e+00 0.000e+00
7.079e-13 0.000e+00 0.000e+00 0.000e+00 0.000e+00 0.000e+00
7.943e-13 0.000e+00 0.000e+00 0.000e+00 0.000e+00 0.000e+00
8.913e-13 0.000e+00 0.000e+00 0.000e+00 0.000e+00 0.000e+00
1.000e-12 0.000e+00 0.000e+00 0.000e+00 0.000e+00 0.000e+00
1.122e-12 1.208e+54 2.436e+30 2.441e-27 3.211e-15 2.018e-14
1.259e-12 9.818e+53 2.493e+30 2.497e-27 3.286e-15 2.065e-14
1.413e-12 7.981e+53 2.551e+30 2.556e-27 3.362e-15 2.113e-14
1.585e-12 6.487e+53 2.611e+30 2.615e-27 3.441e-15 2.162e-14
1.778e-12 5.273e+53 2.671e+30 2.676e-27 3.521e-15 2.212e-14
1.995e-12 4.286e+53 2.734e+30 2.738e-27 3.603e-15 2.264e-14
2.239e-12 3.484e+53 2.797e+30 2.802e-27 3.687e-15 2.316e-14
2.512e-12 2.832e+53 2.863e+30 2.867e-27 3.773e-15 2.370e-14
2.818e-12 2.302e+53 2.929e+30 2.934e-27 3.860e-15 2.426e-14
3.162e-12 1.871e+53 2.997e+30 3.003e-27 3.950e-15 2.482e-14
3.548e-12 1.521e+53 3.067e+30 3.072e-27 4.042e-15 2.540e-14
3.981e-12 1.236e+53 3.139e+30 3.144e-27 4.137e-15 2.599e-14
4.467e-12 1.005e+53 3.212e+30 3.217e-27 4.233e-15 2.660e-14
5.012e-12 8.167e+52 3.287e+30 3.292e-27 4.332e-15 2.722e-14
5.623e-12 6.638e+52 3.363e+30 3.369e-27 4.432e-15 2.785e-14
6.310e-12 5.396e+52 3.442e+30 3.447e-27 4.536e-15 2.850e-14
7.079e-12 4.386e+52 3.522e+30 3.528e-27 4.641e-15 2.916e-14
7.943e-12 3.565e+52 3.604e+30 3.610e-27 4.749e-15 2.984e-14
8.913e-12 2.898e+52 3.688e+30 3.694e-27 4.860e-15 3.054e-14
1.000e-11 2.355e+52 3.774e+30 3.780e-27 4.973e-15 3.125e-14
1.122e-11 1.914e+52 3.861e+30 3.868e-27 5.089e-15 3.198e-14
1.259e-11 1.556e+52 3.951e+30 3.958e-27 5.208e-15 3.272e-14
1.413e-11 1.265e+52 4.043e+30 4.050e-27 5.329e-15 3.348e-14
1.585e-11 1.028e+52 4.138e+30 4.145e-27 5.453e-15 3.426e-14
1.778e-11 8.357e+51 4.234e+30 4.241e-27 5.580e-15 3.506e-14
1.995e-11 6.793e+51 4.333e+30 4.340e-27 5.710e-15 3.588e-14
2.239e-11 5.521e+51 4.434e+30 4.441e-27 5.843e-15 3.671e-14
2.512e-11 4.488e+51 4.537e+30 4.544e-27 5.979e-15 3.757e-14
2.818e-11 3.648e+51 4.642e+30 4.650e-27 6.118e-15 3.844e-14
3.162e-11 2.965e+51 4.751e+30 4.759e-27 6.261e-15 3.934e-14
3.548e-11 2.410e+51 4.861e+30 4.869e-27 6.407e-15 4.025e-14
3.981e-11 1.959e+51 4.974e+30 4.983e-27 6.556e-15 4.119e-14
4.467e-11 1.592e+51 5.090e+30 5.099e-27 6.709e-15 4.215e-14
5.012e-11 1.294e+51 5.209e+30 5.218e-27 6.865e-15 4.313e-14
5.623e-11 1.052e+51 5.330e+30 5.339e-27 7.025e-15 4.414e-14
6.310e-11 8.551e+50 5.454e+30 5.464e-27 7.188e-15 4.517e-14
7.079e-11 6.951e+50 5.581e+30 5.591e-27 7.356e-15 4.622e-14
7.943e-11 5.650e+50 5.711e+30 5.721e-27 7.527e-15 4.729e-14
8.913e-11 4.592e+50 5.844e+30 5.854e-27 7.702e-15 4.840e-14
1.000e-10 3.733e+50 5.980e+30 5.991e-27 7.882e-15 4.952e-14
1.122e-10 3.034e+50 6.120e+30 6.130e-27 8.065e-15 5.068e-14
1.259e-10 2.466e+50 6.262e+30 6.273e-27 8.253e-15 5.186e-14
1.413e-10 2.005e+50 6.408e+30 6.419e-27 8.445e-15 5.306e-14
1.585e-10 1.629e+50 6.557e+30 6.569e-27 8.642e-15 5.430e-14
1.778e-10 1.324e+50 6.710e+30 6.721e-27 8.843e-15 5.556e-14
1.995e-10 1.077e+50 6.866e+30 6.878e-27 9.049e-15 5.686e-14
2.239e-10 8.750e+49 7.026e+30 7.038e-27 9.260e-15 5.818e-14
2.512e-10 7.112e+49 7.190e+30 7.202e-27 9.476e-15 5.954e-14
2.818e-10 5.781e+49 7.357e+30 7.370e-27 9.696e-15 6.092e-14
3.162e-10 4.699e+49 7.529e+30 7.541e-27 9.922e-15 6.234e-14
3.548e-10 3.820e+49 7.704e+30 7.717e-27 1.015e-14 6.379e-14
3.981e-10 3.105e+49 7.883e+30 7.897e-27 1.039e-14 6.528e-14
4.467e-10 2.524e+49 8.067e+30 8.081e-27 1.063e-14 6.680e-14
5.012e-10 2.051e+49 8.255e+30 8.269e-27 1.088e-14 6.836e-14
5.623e-10 1.667e+49 8.447e+30 8.461e-27 1.113e-14 6.995e-14
6.310e-10 1.355e+49 8.644e+30 8.658e-27 1.139e-14 7.158e-14
7.079e-10 1.102e+49 8.845e+30 8.860e-27 1.166e-14 7.324e-14
7.943e-10 8.953e+48 9.051e+30 9.066e-27 1.193e-14 7.495e-14
8.913e-10 7.278e+48 9.262e+30 9.278e-27 1.221e-14 7.669e-14
1.000e-09 5.915e+48 9.477e+30 9.494e-27 1.249e-14 7.848e-14
1.122e-09 4.808e+48 9.698e+30 9.715e-27 1.278e-14 8.031e-14
1.259e-09 3.908e+48 9.924e+30 9.941e-27 1.308e-14 8.218e-14
1.413e-09 3.177e+48 1.016e+31 1.017e-26 1.338e-14 8.409e-14
1.585e-09 2.582e+48 1.039e+31 1.041e-26 1.370e-14 8.605e-14
1.778e-09 2.099e+48 1.063e+31 1.065e-26 1.401e-14 8.805e-14
1.995e-09 1.706e+48 1.088e+31 1.090e-26 1.434e-14 9.010e-14
2.239e-09 1.387e+48 1.113e+31 1.115e-26 1.467e-14 9.220e-14
2.512e-09 1.127e+48 1.139e+31 1.141e-26 1.502e-14 9.435e-14
2.818e-09 9.161e+47 1.166e+31 1.168e-26 1.537e-14 9.654e-14
3.162e-09 7.446e+47 1.193e+31 1.195e-26 1.572e-14 9.879e-14
3.548e-09 6.052e+47 1.221e+31 1.223e-26 1.609e-14 1.011e-13
3.981e-09 4.919e+47 1.249e+31 1.251e-26 1.646e-14 1.034e-13
4.467e-09 3.999e+47 1.278e+31 1.280e-26 1.685e-14 1.058e-13
5.012e-09 3.250e+47 1.308e+31 1.310e-26 1.724e-14 1.083e-13
5.623e-09 2.642e+47 1.338e+31 1.341e-26 1.764e-14 1.108e-13
6.310e-09 2.147e+47 1.370e+31 1.372e-26 1.805e-14 1.134e-13
7.079e-09 1.745e+47 1.401e+31 1.404e-26 1.847e-14 1.161e-13
7.943e-09 1.419e+47 1.434e+31 1.437e-26 1.890e-14 1.188e-13
8.913e-09 1.153e+47 1.467e+31 1.470e-26 1.934e-14 1.215e-13
1.000e-08 9.372e+46 1.502e+31 1.504e-26 1.979e-14 1.243e-13
1.122e-08 7.618e+46 1.537e+31 1.539e-26 2.025e-14 1.272e-13
1.259e-08 6.192e+46 1.572e+31 1.575e-26 2.072e-14 1.302e-13
1.413e-08 5.033e+46 1.609e+31 1.612e-26 2.120e-14 1.332e-13
1.585e-08 4.091e+46 1.646e+31 1.649e-26 2.170e-14 1.363e-13
1.778e-08 3.325e+46 1.685e+31 1.687e-26 2.220e-14 1.395e-13
1.995e-08 2.702e+46 1.724e+31 1.727e-26 2.272e-14 1.427e-13
2.239e-08 2.197e+46 1.764e+31 1.767e-26 2.325e-14 1.461e-13
2.512e-08 1.785e+46 1.805e+31 1.808e-26 2.379e-14 1.495e-13
2.818e-08 1.451e+46 1.847e+31 1.850e-26 2.434e-14 1.529e-13
3.162e-08 1.179e+46 1.890e+31 1.893e-26 2.491e-14 1.565e-13
3.548e-08 9.587e+45 1.934e+31 1.937e-26 2.548e-14 1.601e-13
3.981e-08 7.792e+45 1.979e+31 1.982e-26 2.608e-14 1.638e-13
4.467e-08 6.333e+45 2.025e+31 2.028e-26 2.668e-14 1.676e-13
5.012e-08 5.148e+45 2.072e+31 2.075e-26 2.730e-14 1.715e-13
5.623e-08 4.184e+45 2.120e+31 2.123e-26 2.794e-14 1.755e-13
6.310e-08 3.400e+45 2.169e+31 2.173e-26 2.859e-14 1.796e-13
7.079e-08 2.764e+45 2.219e+31 2.223e-26 2.925e-14 1.838e-13
7.943e-08 2.246e+45 2.271e+31 2.275e-26 2.993e-14 1.880e-13
8.913e-08 1.826e+45 2.324e+31 2.328e-26 3.062e-14 1.924e-13
1.000e-07 1.484e+45 2.378e+31 2.382e-26 3.133e-14 1.969e-13
1.122e-07 1.206e+45 2.433e+31 2.437e-26 3.206e-14 2.014e-13
1.259e-07 9.802e+44 2.489e+31 2.493e-26 3.280e-14 2.061e-13
1.413e-07 7.967e+44 2.547e+31 2.551e-26 3.357e-14 2.109e-13
1.585e-07 6.475e+44 2.606e+31 2.610e-26 3.434e-14 2.158e-13
1.778e-07 5.263e+44 2.666e+31 2.671e-26 3.514e-14 2.208e-13
1.995e-07 4.277e+44 2.728e+31 2.733e-26 3.595e-14 2.259e-13
2.239e-07 3.476e+44 2.791e+31 2.796e-26 3.679e-14 2.311e-13
2.512e-07 2.825e+44 2.856e+31 2.861e-26 3.764e-14 2.365e-13
2.818e-07 2.296e+44 2.922e+31 2.927e-26 3.851e-14 2.420e-13
3.162e-07 1.866e+44 2.990e+31 2.995e-26 3.940e-14 2.476e-13
3.548e-07 1.517e+44 3.059e+31 3.064e-26 4.031e-14 2.533e-13
3.981e-07 1.232e+44 3.130e+31 3.135e-26 4.125e-14 2.592e-13
4.467e-07 1.002e+44 3.202e+31 3.207e-26 4.220e-14 2.651e-13
5.012e-07 8.140e+43 3.276e+31 3.281e-26 4.317e-14 2.713e-13
5.623e-07 6.615e+43 3.352e+31 3.357e-26 4.417e-14 2.775e-13
6.310e-07 5.376e+43 3.429e+31 3.435e-26 4.519e-14 2.839e-13
7.079e-07 4.369e+43 3.508e+31 3.514e-26 4.623e-14 2.905e-13
7.943e-07 3.550e+43 3.589e+31 3.595e-26 4.730e-14 2.972e-13
8.913e-07 2.885e+43 3.672e+31 3.678e-26 4.839e-14 3.040e-13
1.000e-06 2.344e+43 3.756e+31 3.762e-26 4.950e-14 3.110e-13
1.122e-06 1.905e+43 3.843e+31 3.849e-26 5.064e-14 3.182e-13
1.259e-06 1.548e+43 3.931e+31 3.938e-26 5.181e-14 3.255e-13
1.413e-06 1.258e+43 4.021e+31 4.028e-26 5.299e-14 3.330e-13
1.585e-06 1.022e+43 4.113e+31 4.120e-26 5.421e-14 3.406e-13
1.778e-06 8.305e+42 4.208e+31 4.215e-26 5.545e-14 3.484e-13
1.995e-06 6.748e+42 4.304e+31 4.311e-26 5.672e-14 3.564e-13
2.239e-06 5.483e+42 4.403e+31 4.410e-26 5.802e-14 3.646e-13
2.512e-06 4.455e+42 4.503e+31 4.511e-26 5.935e-14 3.729e-13
2.818e-06 3.619e+42 4.606e+31 4.614e-26 6.070e-14 3.814e-13
3.162e-06 2.940e+42 4.711e+31 4.719e-26 6.208e-14 3.901e-13
3.548e-06 2.389e+42 4.818e+31 4.826e-26 6.350e-14 3.990e-13
3.981e-06 1.941e+42 4.928e+31 4.936e-26 6.494e-14 4.080e-13
4.467e-06 1.576e+42 5.039e+31 5.048e-26 6.641e-14 4.173e-13
5.012e-06 1.280e+42 5.153e+31 5.162e-26 6.792e-14 4.267e-13
5.623e-06 1.040e+42 5.270e+31 5.279e-26 6.945e-14 4.364e-13
6.310e-06 8.448e+41 5.388e+31 5.398e-26 7.102e-14 4.462e-13
7.079e-06 6.861e+41 5.510e+31 5.519e-26 7.261e-14 4.562e-13
7.943e-06 5.572e+41 5.633e+31 5.643e-26 7.424e-14 4.665e-13
8.913e-06 4.525e+41 5.759e+31 5.769e-26 7.590e-14 4.769e-13
1.000e-05 3.675e+41 5.888e+31 5.898e-26 7.759e-14 4.875e-13
1.122e-05 2.984e+41 6.018e+31 6.029e-26 7.932e-14 4.984e-13
1.259e-05 2.423e+41 6.152e+31 6.162e-26 8.107e-14 5.094e-13
1.413e-05 1.967e+41 6.287e+31 6.298e-26 8.286e-14 5.206e-13
1.585e-05 1.597e+41 6.426e+31 6.437e-26 8.468e-14 5.321e-13
1.778e-05 1.296e+41 6.566e+31 6.577e-26 8.654e-14 5.437e-13
1.995e-05 1.052e+41 6.709e+31 6.721e-26 8.842e-14 5.556e-13
2.239e-05 8.536e+40 6.855e+31 6.866e-26 9.034e-14 5.676e-13
2.512e-05 6.927e+40 7.003e+31 7.014e-26 9.229e-14 5.799e-13
2.818e-05 5.620e+40 7.153e+31 7.165e-26 9.427e-14 5.923e-13
3.162e-05 4.560e+40 7.306e+31 7.318e-26 9.628e-14 6.050e-13
3.548e-05 3.699e+40 7.461e+31 7.473e-26 9.833e-14 6.178e-13
3.981e-05 3.000e+40 7.618e+31 7.631e-26 1.004e-13 6.308e-13
4.467e-05 2.433e+40 7.778e+31 7.792e-26 1.025e-13 6.441e-13
5.012e-05 1.973e+40 7.941e+31 7.954e-26 1.047e-13 6.575e-13
5.623e-05 1.600e+40 8.106e+31 8.119e-26 1.068e-13 6.712e-13
6.310e-05 1.297e+40 8.273e+31 8.287e-26 1.090e-13 6.851e-13
7.079e-05 1.051e+40 8.443e+31 8.457e-26 1.113e-13 6.991e-13
7.943e-05 8.522e+39 8.615e+31 8.629e-26 1.135e-13 7.133e-13
8.913e-05 6.906e+39 8.789e+31 8.804e-26 1.158e-13 7.278e-13
1.000e-04 5.596e+39 8.965e+31 8.980e-26 1.182e-13 7.424e-13
1.122e-04 4.533e+39 9.143e+31 9.159e-26 1.205e-13 7.571e-13
1.259e-04 3.672e+39 9.323e+31 9.339e-26 1.229e-13 7.720e-13
1.413e-04 2.973e+39 9.505e+31 9.521e-26 1.253e-13 7.871e-13
1.585e-04 2.407e+39 9.688e+31 9.704e-26 1.277e-13 8.022e-13
1.778e-04 1.948e+39 9.872e+31 9.889e-26 1.301e-13 8.175e-13
1.995e-04 1.577e+39 1.006e+32 1.007e-25 1.325e-13 8.328e-13
2.239e-04 1.276e+39 1.024e+32 1.026e-25 1.350e-13 8.482e-13
2.512e-04 1.032e+39 1.043e+32 1.045e-25 1.374e-13 8.636e-13
2.818e-04 8.341e+38 1.062e+32 1.063e-25 1.399e-13 8.791e-13
3.162e-04 6.742e+38 1.080e+32 1.082e-25 1.424e-13 8.945e-13
3.548e-04 5.448e+38 1.099e+32 1.101e-25 1.448e-13 9.099e-13
3.981e-04 4.400e+38 1.117e+32 1.119e-25 1.473e-13 9.252e-13
4.467e-04 3.553e+38 1.136e+32 1.138e-25 1.497e-13 9.405e-13
5.012e-04 2.867e+38 1.154e+32 1.156e-25 1.521e-13 9.556e-13
5.623e-04 2.313e+38 1.172e+32 1.174e-25 1.545e-13 9.705e-13
6.310e-04 1.865e+38 1.190e+32 1.192e-25 1.568e-13 9.853e-13
7.079e-04 1.504e+38 1.207e+32 1.209e-25 1.591e-13 9.998e-13
7.943e-04 1.211e+38 1.224e+32 1.227e-25 1.614e-13 1.014e-12
8.913e-04 9.753e+37 1.241e+32 1.243e-25 1.636e-13 1.028e-12
1.000e-03 7.848e+37 1.257e+32 1.260e-25 1.657e-13 1.041e-12
1.122e-03 6.312e+37 1.273e+32 1.275e-25 1.678e-13 1.054e-12
1.259e-03 5.073e+37 1.288e+32 1.290e-25 1.698e-13 1.067e-12
1.413e-03 4.074e+37 1.303e+32 1.305e-25 1.717e-13 1.079e-12
1.585e-03 3.270e+37 1.316e+32 1.318e-25 1.735e-13 1.090e-12
1.778e-03 2.623e+37 1.329e+32 1.331e-25 1.751e-13 1.100e-12
1.995e-03 2.102e+37 1.341e+32 1.343e-25 1.767e-13 1.110e-12
2.239e-03 1.683e+37 1.351e+32 1.354e-25 1.781e-13 1.119e-12
2.512e-03 1.346e+37 1.361e+32 1.363e-25 1.794e-13 1.127e-12
2.818e-03 1.076e+37 1.370e+32 1.372e-25 1.805e-13 1.134e-12
3.162e-03 8.593e+36 1.377e+32 1.379e-25 1.815e-13 1.140e-12
3.548e-03 6.855e+36 1.383e+32 1.385e-25 1.822e-13 1.145e-12
3.981e-03 5.462e+36 1.387e+32 1.389e-25 1.828e-13 1.148e-12
4.467e-03 4.347e+36 1.390e+32 1.392e-25 1.831e-13 1.151e-12
5.012e-03 3.455e+36 1.391e+32 1.393e-25 1.833e-13 1.152e-12
5.623e-03 2.743e+36 1.390e+32 1.392e-25 1.832e-13 1.151e-12
6.310e-03 2.175e+36 1.387e+32 1.390e-25 1.828e-13 1.149e-12
7.079e-03 1.722e+36 1.383e+32 1.385e-25 1.822e-13 1.145e-12
7.943e-03 1.361e+36 1.376e+32 1.378e-25 1.813e-13 1.139e-12
8.913e-03 1.074e+36 1.367e+32 1.370e-25 1.802e-13 1.132e-12
1.000e-02 8.465e+35 1.356e+32 1.359e-25 1.787e-13 1.123e-12
1.122e-02 6.659e+35 1.343e+32 1.345e-25 1.770e-13 1.112e-12
1.259e-02 5.228e+35 1.328e+32 1.330e-25 1.750e-13 1.099e-12
1.413e-02 4.097e+35 1.310e+32 1.312e-25 1.726e-13 1.085e-12
1.585e-02 3.204e+35 1.290e+32 1.292e-25 1.700e-13 1.068e-12
1.778e-02 2.501e+35 1.267e+32 1.269e-25 1.670e-13 1.049e-12
1.995e-02 1.948e+35 1.242e+32 1.244e-25 1.637e-13 1.029e-12
2.239e-02 1.513e+35 1.215e+32 1.217e-25 1.601e-13 1.006e-12
2.512e-02 1.173e+35 1.185e+32 1.187e-25 1.562e-13 9.816e-13
2.818e-02 9.065e+34 1.154e+32 1.156e-25 1.520e-13 9.554e-13
3.162e-02 6.989e+34 1.120e+32 1.122e-25 1.476e-13 9.273e-13
3.548e-02 5.374e+34 1.084e+32 1.086e-25 1.429e-13 8.976e-13
3.981e-02 4.120e+34 1.046e+32 1.048e-25 1.379e-13 8.663e-13
4.467e-02 3.149e+34 1.007e+32 1.008e-25 1.327e-13 8.335e-13
5.012e-02 2.399e+34 9.654e+31 9.671e-26 1.272e-13 7.994e-13
5.623e-02 1.822e+34 9.229e+31 9.245e-26 1.216e-13 7.642e-13
6.310e-02 1.378e+34 8.792e+31 8.807e-26 1.159e-13 7.280e-13
7.079e-02 1.039e+34 8.345e+31 8.360e-26 1.100e-13 6.911e-13
7.943e-02 7.807e+33 7.892e+31 7.905e-26 1.040e-13 6.535e-13
8.913e-02 5.841e+33 7.433e+31 7.446e-26 9.797e-14 6.155e-13
1.000e-01 4.352e+33 6.973e+31 6.985e-26 9.190e-14 5.774e-13
1.122e-01 3.229e+33 6.514e+31 6.525e-26 8.584e-14 5.394e-13
1.259e-01 2.385e+33 6.057e+31 6.068e-26 7.983e-14 5.016e-13
1.413e-01 1.754e+33 5.607e+31 5.617e-26 7.390e-14 4.643e-13
1.585e-01 1.284e+33 5.166e+31 5.174e-26 6.808e-14 4.278e-13
1.778e-01 9.346e+32 4.735e+31 4.743e-26 6.241e-14 3.921e-13
1.995e-01 6.770e+32 4.318e+31 4.326e-26 5.691e-14 3.576e-13
2.239e-01 4.878e+32 3.917e+31 3.924e-26 5.162e-14 3.243e-13
2.512e-01 3.495e+32 3.533e+31 3.539e-26 4.656e-14 2.926e-13
2.818e-01 2.490e+32 3.169e+31 3.174e-26 4.176e-14 2.624e-13
3.162e-01 1.763e+32 2.825e+31 2.830e-26 3.723e-14 2.339e-13
3.548e-01 1.241e+32 2.503e+31 2.507e-26 3.299e-14 2.073e-13
3.981e-01 8.677e+31 2.203e+31 2.207e-26 2.904e-14 1.825e-13
4.467e-01 6.028e+31 1.927e+31 1.930e-26 2.540e-14 1.596e-13
5.012e-01 4.160e+31 1.674e+31 1.677e-26 2.206e-14 1.386e-13
5.623e-01 2.850e+31 1.444e+31 1.446e-26 1.903e-14 1.196e-13
6.310e-01 1.939e+31 1.237e+31 1.239e-26 1.630e-14 1.024e-13
7.079e-01 1.309e+31 1.051e+31 1.053e-26 1.385e-14 8.704e-14
7.943e-01 8.772e+30 8.868e+30 8.883e-27 1.169e-14 7.343e-14
8.913e-01 5.832e+30 7.423e+30 7.435e-27 9.782e-15 6.146e-14
1.000e+00 3.847e+30 6.163e+30 6.174e-27 8.123e-15 5.104e-14
1.122e+00 2.517e+30 5.076e+30 5.085e-27 6.690e-15 4.203e-14
1.259e+00 1.633e+30 4.145e+30 4.153e-27 5.463e-15 3.433e-14
1.413e+00 1.050e+30 3.357e+30 3.362e-27 4.424e-15 2.780e-14
1.585e+00 6.695e+29 2.694e+30 2.699e-27 3.551e-15 2.231e-14
1.778e+00 4.231e+29 2.144e+30 2.147e-27 2.825e-15 1.775e-14
1.995e+00 2.649e+29 1.690e+30 1.693e-27 2.227e-15 1.399e-14
2.239e+00 1.644e+29 1.320e+30 1.322e-27 1.739e-15 1.093e-14
2.512e+00 1.010e+29 1.021e+30 1.023e-27 1.345e-15 8.453e-15
2.818e+00 6.142e+28 7.817e+29 7.831e-28 1.030e-15 6.473e-15
3.162e+00 3.697e+28 5.924e+29 5.934e-28 7.807e-16 4.905e-15
3.548e+00 2.201e+28 4.440e+29 4.447e-28 5.851e-16 3.676e-15
3.981e+00 1.295e+28 3.288e+29 3.294e-28 4.333e-16 2.723e-15
4.467e+00 7.521e+27 2.404e+29 2.408e-28 3.168e-16 1.991e-15
5.012e+00 4.308e+27 1.734e+29 1.737e-28 2.285e-16 1.436e-15
5.623e+00 2.432e+27 1.232e+29 1.234e-28 1.624e-16 1.020e-15
6.310e+00 1.351e+27 8.619e+28 8.634e-29 1.136e-16 7.137e-16
7.079e+00 7.386e+26 5.931e+28 5.941e-29 7.816e-17 4.911e-16
7.943e+00 3.969e+26 4.012e+28 4.019e-29 5.287e-17 3.322e-16
8.913e+00 2.095e+26 2.667e+28 2.671e-29 3.514e-17 2.208e-16
1.000e+01 1.086e+26 1.741e+28 1.744e-29 2.294e-17 1.441e-16
1.122e+01 5.530e+25 1.115e+28 1.117e-29 1.470e-17 9.236e-17
1.259e+01 2.761e+25 7.011e+27 7.023e-30 9.240e-18 5.806e-17
1.413e+01 1.351e+25 4.320e+27 4.327e-30 5.693e-18 3.577e-17
1.585e+01 6.478e+24 2.607e+27 2.611e-30 3.436e-18 2.159e-17
1.778e+01 3.038e+24 1.539e+27 1.542e-30 2.029e-18 1.275e-17
1.995e+01 1.393e+24 8.884e+26 8.899e-31 1.171e-18 7.356e-18
2.239e+01 6.233e+23 5.005e+26 5.014e-31 6.596e-19 4.145e-18
2.512e+01 2.720e+23 2.750e+26 2.754e-31 3.624e-19 2.277e-18
2.818e+01 1.156e+23 1.471e+26 1.473e-31 1.938e-19 1.218e-18
3.162e+01 4.772e+22 7.646e+25 7.659e-32 1.008e-19 6.331e-19
3.548e+01 1.912e+22 3.856e+25 3.863e-32 5.082e-20 3.193e-19
3.981e+01 7.414e+21 1.883e+25 1.886e-32 2.481e-20 1.559e-19
4.467e+01 2.774e+21 8.868e+24 8.883e-33 1.169e-20 7.344e-20
5.012e+01 9.978e+20 4.016e+24 4.022e-33 5.292e-21 3.325e-20
5.623e+01 3.432e+20 1.739e+24 1.742e-33 2.292e-21 1.440e-20
6.310e+01 1.122e+20 7.154e+23 7.166e-34 9.428e-22 5.924e-21
7.079e+01 3.451e+19 2.771e+23 2.776e-34 3.652e-22 2.295e-21
7.943e+01 9.886e+18 9.994e+22 1.001e-34 1.317e-22 8.275e-22
8.913e+01 2.598e+18 3.307e+22 3.312e-35 4.358e-23 2.738e-22
1.000e+02 6.148e+17 9.851e+21 9.867e-36 1.298e-23 8.157e-23
1.122e+02 1.279e+17 2.580e+21 2.584e-36 3.400e-24 2.136e-23
1.259e+02 2.268e+16 5.758e+20 5.768e-37 7.588e-25 4.768e-24
1.413e+02 3.289e+15 1.051e+20 1.053e-37 1.386e-25 8.706e-25
1.585e+02 3.696e+14 1.487e+19 1.490e-38 1.960e-26 1.232e-25
1.778e+02 2.992e+13 1.516e+18 1.518e-39 1.998e-27 1.255e-26
1.995e+02 1.585e+12 1.011e+17 1.013e-40 1.333e-28 8.373e-28
2.239e+02 4.855e+10 3.898e+15 3.905e-42 5.138e-30 3.228e-29
2.512e+02 7.309e+08 7.389e+13 7.402e-44 9.738e-32 6.119e-31
2.818e+02 4.359e+06 5.547e+11 5.556e-46 7.310e-34 4.593e-33
3.162e+02 7.611e+03 1.219e+09 1.222e-48 1.607e-36 1.010e-35
3.548e+02 2.502e+00 5.047e+05 5.055e-52 6.651e-40 4.179e-39
3.981e+02 7.857e-05 1.995e+01 1.999e-56 2.629e-44 1.652e-43
4.467e+02 7.844e-11 2.508e-05 2.512e-62 3.305e-50 2.076e-49
5.012e+02 3.688e-19 1.484e-13 1.487e-70 1.956e-58 1.229e-57
5.623e+02 2.160e-31 1.095e-25 1.096e-82 1.443e-70 9.064e-70
6.310e+02 6.122e-51 3.905e-45 3.911e-102 5.146e-90 3.233e-89
7.079e+02 8.669e-87 6.961e-81 6.973e-138 9.174e-126 5.764e-125
7.943e+02 1.188e-172 1.201e-166 1.203e-223 1.583e-211 9.948e-211
8.913e+02 0.000e+00 0.000e+00 0.000e+00 0.000e+00 0.000e+00
1.000e+03 0.000e+00 0.000e+00 0.000e+00 0.000e+00 0.000e+00
1.122e+03 0.000e+00 0.000e+00 0.000e+00 0.000e+00 0.000e+00
1.259e+03 0.000e+00 0.000e+00 0.000e+00 0.000e+00 0.000e+00
1.413e+03 0.000e+00 0.000e+00 0.000e+00 0.000e+00 0.000e+00
1.585e+03 0.000e+00 0.000e+00 0.000e+00 0.000e+00 0.000e+00
1.778e+03 0.000e+00 0.000e+00 0.000e+00 0.000e+00 0.000e+00
1.995e+03 0.000e+00 0.000e+00 0.000e+00 0.000e+00 0.000e+00
2.239e+03 0.000e+00 0.000e+00 0.000e+00 0.000e+00 0.000e+00
2.512e+03 0.000e+00 0.000e+00 0.000e+00 0.000e+00 0.000e+00
2.818e+03 0.000e+00 0.000e+00 0.000e+00 0.000e+00 0.000e+00
3.162e+03 0.000e+00 0.000e+00 0.000e+00 0.000e+00 0.000e+00
3.548e+03 0.000e+00 0.000e+00 0.000e+00 0.000e+00 0.000e+00
3.981e+03 0.000e+00 0.000e+00 0.000e+00 0.000e+00 0.000e+00
4.467e+03 0.000e+00 0.000e+00 0.000e+00 0.000e+00 0.000e+00
5.012e+03 0.000e+00 0.000e+00 0.000e+00 0.000e+00 0.000e+00
5.623e+03 0.000e+00 0.000e+00 0.000e+00 0.000e+00 0.000e+00
6.310e+03 0.000e+00 0.000e+00 0.000e+00 0.000e+00 0.000e+00
7.079e+03 0.000e+00 0.000e+00 0.000e+00 0.000e+00 0.000e+00
7.943e+03 0.000e+00 0.000e+00 0.000e+00 0.000e+00 0.000e+00
8.913e+03 0.000e+00 0.000e+00 0.000e+00 0.000e+00 0.000e+00
1.000e+04 0.000e+00 0.000e+00 0.000e+00 0.000e+00 0.000e+00
1.122e+04 0.000e+00 0.000e+00 0.000e+00 0.000e+00 0.000e+00
1.259e+04 0.000e+00 0.000e+00 0.000e+00 0.000e+00 0.000e+00
1.413e+04 0.000e+00 0.000e+00 0.000e+00 0.000e+00 0.000e+00
1.585e+04 0.000e+00 0.000e+00 0.000e+00 0.000e+00 0.000e+00
1.778e+04 0.000e+00 0.000e+00 0.000e+00 0.000e+00 0.000e+00
1.995e+04 0.000e+00 0.000e+00 0.000e+00 0.000e+00 0.000e+00
2.239e+04 0.000e+00 0.000e+00 0.000e+00 0.000e+00 0.000e+00
2.512e+04 0.000e+00 0.000e+00 0.000e+00 0.000e+00 0.000e+00
2.818e+04 0.000e+00 0.000e+00 0.000e+00 0.000e+00 0.000e+00
3.162e+04 0.000e+00 0.000e+00 0.000e+00 0.000e+00 0.000e+00
3.548e+04 0.000e+00 0.000e+00 0.000e+00 0.000e+00 0.000e+00
3.981e+04 0.000e+00 0.000e+00 0.000e+00 0.000e+00 0.000e+00
4.467e+04 0.000e+00 0.000e+00 0.000e+00 0.000e+00 0.000e+00
5.012e+04 0.000e+00 0.000e+00 0.000e+00 0.000e+00 0.000e+00
5.623e+04 0.000e+00 0.000e+00 0.000e+00 0.000e+00 0.000e+00
6.310e+04 0.000e+00 0.000e+00 0.000e+00 0.000e+00 0.000e+00
7.079e+04 0.000e+00 0.000e+00 0.000e+00 0.000e+00 0.000e+00
7.943e+04 0.000e+00 0.000e+00 0.000e+00 0.000e+00 0.000e+00
8.913e+04 0.000e+00 0.000e+00 0.000e+00 0.000e+00 0.000e+00
1.000e+05 0.000e+00 0.000e+00 0.000e+00 0.000e+00 0.000e+00
1.122e+05 0.000e+00 0.000e+00 0.000e+00 0.000e+00 0.000e+00
1.259e+05 0.000e+00 0.000e+00 0.000e+00 0.000e+00 0.000e+00
1.413e+05 0.000e+00 0.000e+00 0.000e+00 0.000e+00 0.000e+00
1.585e+05 0.000e+00 0.000e+00 0.000e+00 0.000e+00 0.000e+00
1.778e+05 0.000e+00 0.000e+00 0.000e+00 0.000e+00 0.000e+00
1.995e+05 0.000e+00 0.000e+00 0.000e+00 0.000e+00 0.000e+00
2.239e+05 0.000e+00 0.000e+00 0.000e+00 0.000e+00 0.000e+00
2.512e+05 0.000e+00 0.000e+00 0.000e+00 0.000e+00 0.000e+00
2.818e+05 0.000e+00 0.000e+00 0.000e+00 0.000e+00 0.000e+00
3.162e+05 0.000e+00 0.000e+00 0.000e+00 0.000e+00 0.000e+00
3.548e+05 0.000e+00 0.000e+00 0.000e+00 0.000e+00 0.000e+00
3.981e+05 0.000e+00 0.000e+00 0.000e+00 0.000e+00 0.000e+00
4.467e+05 0.000e+00 0.000e+00 0.000e+00 0.000e+00 0.000e+00
5.012e+05 0.000e+00 0.000e+00 0.000e+00 0.000e+00 0.000e+00
5.623e+05 0.000e+00 0.000e+00 0.000e+00 0.000e+00 0.000e+00
6.310e+05 0.000e+00 0.000e+00 0.000e+00 0.000e+00 0.000e+00
7.079e+05 0.000e+00 0.000e+00 0.000e+00 0.000e+00 0.000e+00
7.943e+05 0.000e+00 0.000e+00 0.000e+00 0.000e+00 0.000e+00
8.913e+05 0.000e+00 0.000e+00 0.000e+00 0.000e+00 0.000e+00
1.000e+06 0.000e+00 0.000e+00 0.000e+00 0.000e+00 0.000e+00
1.122e+06 0.000e+00 0.000e+00 0.000e+00 0.000e+00 0.000e+00
1.259e+06 0.000e+00 0.000e+00 0.000e+00 0.000e+00 0.000e+00
1.413e+06 0.000e+00 0.000e+00 0.000e+00 0.000e+00 0.000e+00
1.585e+06 0.000e+00 0.000e+00 0.000e+00 0.000e+00 0.000e+00
1.778e+06 0.000e+00 0.000e+00 0.000e+00 0.000e+00 0.000e+00
1.995e+06 0.000e+00 0.000e+00 0.000e+00 0.000e+00 0.000e+00
2.239e+06 0.000e+00 0.000e+00 0.000e+00 0.000e+00 0.000e+00
2.512e+06 0.000e+00 0.000e+00 0.000e+00 0.000e+00 0.000e+00
2.818e+06 0.000e+00 0.000e+00 0.000e+00 0.000e+00 0.000e+00
3.162e+06 0.000e+00 0.000e+00 0.000e+00 0.000e+00 0.000e+00
3.548e+06 0.000e+00 0.000e+00 0.000e+00 0.000e+00 0.000e+00
3.981e+06 0.000e+00 0.000e+00 0.000e+00 0.000e+00 0.000e+00
4.467e+06 0.000e+00 0.000e+00 0.000e+00 0.000e+00 0.000e+00
5.012e+06 0.000e+00 0.000e+00 0.000e+00 0.000e+00 0.000e+00
5.623e+06 0.000e+00 0.000e+00 0.000e+00 0.000e+00 0.000e+00
6.310e+06 0.000e+00 0.000e+00 0.000e+00 0.000e+00 0.000e+00
7.079e+06 0.000e+00 0.000e+00 0.000e+00 0.000e+00 0.000e+00
7.943e+06 0.000e+00 0.000e+00 0.000e+00 0.000e+00 0.000e+00
8.913e+06 0.000e+00 0.000e+00 0.000e+00 0.000e+00 0.000e+00
1.000e+07 0.000e+00 0.000e+00 0.000e+00 0.000e+00 0.000e+00
1.122e+07 0.000e+00 0.000e+00 0.000e+00 0.000e+00 0.000e+00
1.259e+07 0.000e+00 0.000e+00 0.000e+00 0.000e+00 0.000e+00
1.413e+07 0.000e+00 0.000e+00 0.000e+00 0.000e+00 0.000e+00
1.585e+07 0.000e+00 0.000e+00 0.000e+00 0.000e+00 0.000e+00
1.778e+07 0.000e+00 0.000e+00 0.000e+00 0.000e+00 0.000e+00
1.995e+07 0.000e+00 0.000e+00 0.000e+00 0.000e+00 0.000e+00
2.239e+07 0.000e+00 0.000e+00 0.000e+00 0.000e+00 0.000e+00
2.512e+07 0.000e+00 0.000e+00 0.000e+00 0.000e+00 0.000e+00
2.818e+07 0.000e+00 0.000e+00 0.000e+00 0.000e+00 0.000e+00
3.162e+07 0.000e+00 0.000e+00 0.000e+00 0.000e+00 0.000e+00
3.548e+07 0.000e+00 0.000e+00 0.000e+00 0.000e+00 0.000e+00
3.981e+07 0.000e+00 0.000e+00 0.000e+00 0.000e+00 0.000e+00
4.467e+07 0.000e+00 0.000e+00 0.000e+00 0.000e+00 0.000e+00
5.012e+07 0.000e+00 0.000e+00 0.000e+00 0.000e+00 0.000e+00
5.623e+07 0.000e+00 0.000e+00 0.000e+00 0.000e+00 0.000e+00
6.310e+07 0.000e+00 0.000e+00 0.000e+00 0.000e+00 0.000e+00
7.079e+07 0.000e+00 0.000e+00 0.000e+00 0.000e+00 0.000e+00
7.943e+07 0.000e+00 0.000e+00 0.000e+00 0.000e+00 0.000e+00
8.913e+07 0.000e+00 0.000e+00 0.000e+00 0.000e+00 0.000e+00
1.000e+08 0.000e+00 0.000e+00 0.000e+00 0.000e+00 0.000e+00
