1.000e-20 2.857e+56 4.578e+16 4.586e-41 7.542e-30 9.478e-29
1.122e-20 2.547e+56 5.137e+16 5.146e-41 8.462e-30 1.063e-28
1.259e-20 2.270e+56 5.764e+16 5.773e-41 9.495e-30 1.193e-28
1.413e-20 2.023e+56 6.467e+16 6.478e-41 1.065e-29 1.339e-28
1.585e-20 1.803e+56 7.256e+16 7.268e-41 1.195e-29 1.502e-28
1.778e-20 1.607e+56 8.141e+16 8.155e-41 1.341e-29 1.685e-28
1.995e-20 1.432e+56 9.135e+16 9.150e-41 1.505e-29 1.891e-28
2.239e-20 1.276e+56 1.025e+17 1.027e-40 1.688e-29 2.122e-28
2.512e-20 1.138e+56 1.150e+17 1.152e-40 1.894e-29 2.381e-28
2.818e-20 1.014e+56 1.290e+17 1.292e-40 2.126e-29 2.671e-28
3.162e-20 9.036e+55 1.448e+17 1.450e-40 2.385e-29 2.997e-28
3.548e-20 8.053e+55 1.624e+17 1.627e-40 2.676e-29 3.363e-28
3.981e-20 7.178e+55 1.823e+17 1.826e-40 3.003e-29 3.773e-28
4.467e-20 6.397e+55 2.045e+17 2.048e-40 3.369e-29 4.234e-28
5.012e-20 5.701e+55 2.295e+17 2.298e-40 3.780e-29 4.750e-28
5.623e-20 5.081e+55 2.575e+17 2.579e-40 4.241e-29 5.330e-28
6.310e-20 4.529e+55 2.889e+17 2.894e-40 4.759e-29 5.980e-28
7.079e-20 4.036e+55 3.241e+17 3.247e-40 5.339e-29 6.710e-28
7.943e-20 3.597e+55 3.637e+17 3.643e-40 5.991e-29 7.528e-28
8.913e-20 3.206e+55 4.080e+17 4.087e-40 6.722e-29 8.447e-28
1.000e-19 2.857e+55 4.578e+17 4.586e-40 7.542e-29 9.478e-28
1.122e-19 2.547e+55 5.137e+17 5.146e-40 8.462e-29 1.063e-27
1.259e-19 2.270e+55 5.764e+17 5.773e-40 9.495e-29 1.193e-27
1.413e-19 2.023e+55 6.467e+17 6.478e-40 1.065e-28 1.339e-27
1.585e-19 1.803e+55 7.256e+17 7.268e-40 1.195e-28 1.502e-27
1.778e-19 1.607e+55 8.141e+17 8.155e-40 1.341e-28 1.685e-27
1.995e-19 1.432e+55 9.135e+17 9.150e-40 1.505e-28 1.891e-27
2.239e-19 1.276e+55 1.025e+18 1.027e-39 1.688e-28 2.122e-27
2.512e-19 1.138e+55 1.150e+18 1.152e-39 1.894e-28 2.381e-27
2.818e-19 1.014e+55 1.290e+18 1.292e-39 2.126e-28 2.671e-27
3.162e-19 9.036e+54 1.448e+18 1.450e-39 2.385e-28 2.997e-27
3.548e-19 8.053e+54 1.624e+18 1.627e-39 2.676e-28 3.363e-27
3.981e-19 7.178e+54 1.823e+18 1.826e-39 3.003e-28 3.773e-27
4.467e-19 6.397e+54 2.045e+18 2.048e-39 3.369e-28 4.234e-27
5.012e-19 5.701e+54 2.295e+18 2.298e-39 3.780e-28 4.750e-27
5.623e-19 5.081e+54 2.575e+18 2.579e-39 4.241e-28 5.330e-27
6.310e-19 4.529e+54 2.889e+18 2.894e-39 4.759e-28 5.980e-27
7.079e-19 4.036e+54 3.241e+18 3.247e-39 5.339e-28 6.710e-27
7.943e-19 3.597e+54 3.637e+18 3.643e-39 5.991e-28 7.528e-27
8.913e-19 3.206e+54 4.080e+18 4.087e-39 6.722e-28 8.447e-27
1.000e-18 2.857e+54 4.578e+18 4.586e-39 7.542e-28 9.478e-27
1.122e-18 2.547e+54 5.137e+18 5.146e-39 8.462e-28 1.063e-26
1.259e-18 2.270e+54 5.764e+18 5.773e-39 9.495e-28 1.193e-26
1.413e-18 2.023e+54 6.467e+18 6.478e-39 1.065e-27 1.339e-26
1.585e-18 1.803e+54 7.256e+18 7.268e-39 1.195e-27 1.502e-26
1.778e-18 1.607e+54 8.141e+18 8.155e-39 1.341e-27 1.685e-26
1.995e-18 1.432e+54 9.135e+18 9.150e-39 1.505e-27 1.891e-26
2.239e-18 1.276e+54 1.025e+19 1.027e-38 1.688e-27 2.122e-26
2.512e-18 1.138e+54 1.150e+19 1.152e-38 1.894e-27 2.381e-26
2.818e-18 1.014e+54 1.290e+19 1.292e-38 2.126e-27 2.671e-26
3.162e-18 9.036e+53 1.448e+19 1.450e-38 2.385e-27 2.997e-26
3.548e-18 8.053e+53 1.624e+19 1.627e-38 2.676e-27 3.363e-26
3.981e-18 7.178e+53 1.823e+19 1.826e-38 3.003e-27 3.773e-26
4.467e-18 6.397e+53 2.045e+19 2.048e-38 3.369e-27 4.234e-26
5.012e-18 5.701e+53 2.295e+19 2.298e-38 3.780e-27 4.750e-26
5.623e-18 5.081e+53 2.575e+19 2.579e-38 4.241e-27 5.330e-26
6.310e-18 4.529e+53 2.889e+19 2.894e-38 4.759e-27 5.980e-26
7.079e-18 4.036e+53 3.241e+19 3.247e-38 5.339e-27 6.710e-26
7.943e-18 3.597e+53 3.637e+19 3.643e-38 5.991e-27 7.528e-26
8.913e-18 3.206e+53 4.080e+19 4.087e-38 6.722e-27 8.447e-26
1.000e-17 2.857e+53 4.578e+19 4.586e-38 7.542e-27 9.478e-26
1.122e-17 2.547e+53 5.137e+19 5.146e-38 8.462e-27 1.063e-25
1.259e-17 2.270e+53 5.764e+19 5.773e-38 9.495e-27 1.193e-25
1.413e-17 2.023e+53 6.467e+19 6.478e-38 1.065e-26 1.339e-25
1.585e-17 1.803e+53 7.256e+19 7.268e-38 1.195e-26 1.502e-25
1.778e-17 1.607e+53 8.141e+19 8.155e-38 1.341e-26 1.685e-25
1.995e-17 1.432e+53 9.135e+19 9.150e-38 1.505e-26 1.891e-25
2.239e-17 1.276e+53 1.025e+20 1.027e-37 1.688e-26 2.122e-25
2.512e-17 1.138e+53 1.150e+20 1.152e-37 1.894e-26 2.381e-25
2.818e-17 1.014e+53 1.290e+20 1.292e-37 2.126e-26 2.671e-25
3.162e-17 9.036e+52 1.448e+20 1.450e-37 2.385e-26 2.997e-25
3.548e-17 8.053e+52 1.624e+20 1.627e-37 2.676e-26 3.363e-25
3.981e-17 7.178e+52 1.823e+20 1.826e-37 3.003e-26 3.773e-25
4.467e-17 6.397e+52 2.045e+20 2.048e-37 3.369e-26 4.234e-25
5.012e-17 5.701e+52 2.295e+20 2.298e-37 3.780e-26 4.750e-25
5.623e-17 5.081e+52 2.575e+20 2.579e-37 4.241e-26 5.330e-25
6.310e-17 4.529e+52 2.889e+20 2.894e-37 4.759e-26 5.980e-25
7.079e-17 4.036e+52 3.241e+20 3.247e-37 5.339e-26 6.710e-25
7.943e-17 3.597e+52 3.637e+20 3.643e-37 5.991e-26 7.528e-25
8.913e-17 3.206e+52 4.080e+20 4.087e-37 6.722e-26 8.447e-25
1.000e-16 2.857e+52 4.578e+20 4.586e-37 7.542e-26 9.478e-25
1.122e-16 2.547e+52 5.137e+20 5.146e-37 8.462e-26 1.063e-24
1.259e-16 2.270e+52 5.764e+20 5.773e-37 9.495e-26 1.193e-24
1.413e-16 2.023e+52 6.467e+20 6.478e-37 1.065e-25 1.339e-24
1.585e-16 1.803e+52 7.256e+20 7.268e-37 1.195e-25 1.502e-24
1.778e-16 1.607e+52 8.141e+20 8.155e-37 1.341e-25 1.685e-24
1.995e-16 1.432e+52 9.135e+20 9.150e-37 1.505e-25 1.891e-24
2.239e-16 1.276e+52 1.025e+21 1.027e-36 1.688e-25 2.122e-24
2.512e-16 1.138e+52 1.150e+21 1.152e-36 1.894e-25 2.381e-24
2.818e-16 1.014e+52 1.290e+21 1.292e-36 2.126e-25 2.671e-24
3.162e-16 9.036e+51 1.448e+21 1.450e-36 2.385e-25 2.997e-24
3.548e-16 8.053e+51 1.624e+21 1.627e-36 2.676e-25 3.363e-24
3.981e-16 7.178e+51 1.823e+21 1.826e-36 3.003e-25 3.773e-24
4.467e-16 6.397e+51 2.045e+21 2.048e-36 3.369e-25 4.234e-24
5.012e-16 5.701e+51 2.295e+21 2.298e-36 3.780e-25 4.750e-24
5.623e-16 5.081e+51 2.575e+21 2.579e-36 4.241e-25 5.330e-24
6.310e-16 4.529e+51 2.889e+21 2.894e-36 4.759e-25 5.980e-24
7.079e-16 4.036e+51 3.241e+21 3.247e-36 5.339e-25 6.710e-24
7.943e-16 3.597e+51 3.637e+21 3.643e-36 5.991e-25 7.528e-24
8.913e-16 3.206e+51 4.080e+21 4.087e-36 6.722e-25 8.447e-24
1.000e-15 2.857e+51 4.578e+21 4.586e-36 7.542e-25 9.478e-24
1.122e-15 2.547e+51 5.137e+21 5.146e-36 8.462e-25 1.063e-23
1.259e-15 2.270e+51 5.764e+21 5.773e-36 9.495e-25 1.193e-23
1.413e-15 2.023e+51 6.467e+21 6.478e-36 1.065e-24 1.339e-23
1.585e-15 1.803e+51 7.256e+21 7.268e-36 1.195e-24 1.502e-23
1.778e-15 1.607e+51 8.141e+21 8.155e-36 1.341e-24 1.685e-23
1.995e-15 1.432e+51 9.135e+21 9.150e-36 1.505e-24 1.891e-23
2.239e-15 1.276e+51 1.025e+22 1.027e-35 1.688e-24 2.122e-23
2.512e-15 1.138e+51 1.150e+22 1.152e-35 1.894e-24 2.381e-23
2.818e-15 1.014e+51 1.290e+22 1.292e-35 2.126e-24 2.671e-23
3.162e-15 9.036e+50 1.448e+22 1.450e-35 2.385e-24 2.997e-23
3.548e-15 8.053e+50 1.624e+22 1.627e-35 2.676e-24 3.363e-23
3.981e-15 7.178e+50 1.823e+22 1.826e-35 3.003e-24 3.773e-23
4.467e-15 6.397e+50 2.045e+22 2.048e-35 3.369e-24 4.234e-23
5.012e-15 5.701e+50 2.295e+22 2.298e-35 3.780e-24 4.750e-23
5.623e-15 5.081e+50 2.575e+22 2.579e-35 4.241e-24 5.330e-23
6.310e-15 4.529e+50 2.889e+22 2.894e-35 4.759e-24 5.980e-23
7.079e-15 4.036e+50 3.241e+22 3.247e-35 5.339e-24 6.710e-23
7.943e-15 3.597e+50 3.637e+22 3.643e-35 5.991e-24 7.528e-23
8.913e-15 3.206e+50 4.080e+22 4.087e-35 6.722e-24 8.447e-23
1.000e-14 2.857e+50 4.578e+22 4.586e-35 7.542e-24 9.478e-23
1.122e-14 2.547e+50 5.137e+22 5.146e-35 8.462e-24 1.063e-22
1.259e-14 2.270e+50 5.764e+22 5.773e-35 9.495e-24 1.193e-22
1.413e-14 2.023e+50 6.467e+22 6.478e-35 1.065e-23 1.339e-22
1.585e-14 1.803e+50 7.256e+22 7.268e-35 1.195e-23 1.502e-22
1.778e-14 1.607e+50 8.141e+22 8.155e-35 1.341e-23 1.685e-22
1.995e-14 1.432e+50 9.135e+22 9.150e-35 1.505e-23 1.891e-22
2.239e-14 1.276e+50 1.025e+23 1.027e-34 1.688e-23 2.122e-22
2.512e-14 1.138e+50 1.150e+23 1.152e-34 1.894e-23 2.381e-22
2.818e-14 1.014e+50 1.290e+23 1.293e-34 2.126e-23 2.671e-22
3.162e-14 9.036e+49 1.448e+23 1.450e-34 2.385e-23 2.997e-22
3.548e-14 8.053e+49 1.624e+23 1.627e-34 2.676e-23 3.363e-22
3.981e-14 7.178e+49 1.823e+23 1.826e-34 3.003e-23 3.773e-22
4.467e-14 6.397e+49 2.045e+23 2.048e-34 3.369e-23 4.234e-22
5.012e-14 5.701e+49 2.295e+23 2.298e-34 3.780e-23 4.750e-22
5.623e-14 5.081e+49 2.575e+23 2.579e-34 4.241e-23 5.330e-22
6.310e-14 4.529e+49 2.889e+23 2.894e-34 4.759e-23 5.980e-22
7.079e-14 4.036e+49 3.241e+23 3.247e-34 5.339e-23 6.710e-22
7.943e-14 3.597e+49 3.637e+23 3.643e-34 5.991e-23 7.528e-22
8.913e-14 3.206e+49 4.080e+23 4.087e-34 6.722e-23 8.447e-22
1.000e-13 2.857e+49 4.578e+23 4.586e-34 7.542e-23 9.478e-22
1.122e-13 2.547e+49 5.137e+23 5.146e-34 8.462e-23 1.063e-21
1.259e-13 2.270e+49 5.764e+23 5.773e-34 9.495e-23 1.193e-21
1.413e-13 2.023e+49 6.467e+23 6.478e-34 1.065e-22 1.339e-21
1.585e-13 1.803e+49 7.256e+23 7.268e-34 1.195e-22 1.502e-21
1.778e-13 1.607e+49 8.141e+23 8.155e-34 1.341e-22 1.685e-21
1.995e-13 1.432e+49 9.135e+23 9.150e-34 1.505e-22 1.891e-21
2.239e-13 1.276e+49 1.025e+24 1.027e-33 1.688e-22 2.122e-21
2.512e-13 1.138e+49 1.150e+24 1.152e-33 1.894e-22 2.381e-21
2.818e-13 1.014e+49 1.290e+24 1.293e-33 2.126e-22 2.671e-21
3.162e-13 9.036e+48 1.448e+24 1.450e-33 2.385e-22 2.997e-21
3.548e-13 8.054e+48 1.624e+24 1.627e-33 2.676e-22 3.363e-21
3.981e-13 7.178e+48 1.823e+24 1.826e-33 3.003e-22 3.773e-21
4.467e-13 6.397e+48 2.045e+24 2.048e-33 3.369e-22 4.234e-21
5.012e-13 5.702e+48 2.295e+24 2.298e-33 3.780e-22 4.750e-21
5.623e-13 5.081e+48 2.575e+24 2.579e-33 4.241e-22 5.330e-21
6.310e-13 4.529e+48 2.889e+24 2.894e-33 4.759e-22 5.980e-21
7.079e-13 4.036e+48 3.241e+24 3.247e-33 5.339e-22 6.710e-21
7.943e-13 3.597e+48 3.637e+24 3.643e-33 5.991e-22 7.529e-21
8.913e-13 3.206e+48 4.080e+24 4.087e-33 6.722e-22 8.447e-21
1.000e-12 2.858e+48 4.578e+24 4.586e-33 7.542e-22 9.478e-21
1.122e-12 2.547e+48 5.137e+24 5.146e-33 8.463e-22 1.063e-20
1.259e-12 2.270e+48 5.764e+24 5.774e-33 9.495e-22 1.193e-20
1.413e-12 2.023e+48 6.467e+24 6.478e-33 1.065e-21 1.339e-20
1.585e-12 1.803e+48 7.256e+24 7.268e-33 1.195e-21 1.502e-20
1.778e-12 1.607e+48 8.142e+24 8.155e-33 1.341e-21 1.685e-20
1.995e-12 1.432e+48 9.135e+24 9.151e-33 1.505e-21 1.891e-20
2.239e-12 1.276e+48 1.025e+25 1.027e-32 1.689e-21 2.122e-20
2.512e-12 1.138e+48 1.150e+25 1.152e-32 1.895e-21 2.381e-20
2.818e-12 1.014e+48 1.290e+25 1.293e-32 2.126e-21 2.671e-20
3.162e-12 9.037e+47 1.448e+25 1.450e-32 2.385e-21 2.997e-20
3.548e-12 8.054e+47 1.624e+25 1.627e-32 2.676e-21 3.363e-20
3.981e-12 7.178e+47 1.823e+25 1.826e-32 3.003e-21 3.773e-20
4.467e-12 6.397e+47 2.045e+25 2.049e-32 3.369e-21 4.234e-20
5.012e-12 5.702e+47 2.295e+25 2.299e-32 3.780e-21 4.750e-20
5.623e-12 5.082e+47 2.575e+25 2.579e-32 4.242e-21 5.330e-20
6.310e-12 4.529e+47 2.889e+25 2.894e-32 4.759e-21 5.980e-20
7.079e-12 4.037e+47 3.241e+25 3.247e-32 5.340e-21 6.710e-20
7.943e-12 3.598e+47 3.637e+25 3.643e-32 5.991e-21 7.529e-20
8.913e-12 3.206e+47 4.081e+25 4.088e-32 6.723e-21 8.448e-20
1.000e-11 2.858e+47 4.579e+25 4.586e-32 7.543e-21 9.479e-20
1.122e-11 2.547e+47 5.137e+25 5.146e-32 8.463e-21 1.064e-19
1.259e-11 2.270e+47 5.764e+25 5.774e-32 9.496e-21 1.193e-19
1.413e-11 2.023e+47 6.468e+25 6.479e-32 1.065e-20 1.339e-19
1.585e-11 1.803e+47 7.257e+25 7.269e-32 1.196e-20 1.502e-19
1.778e-11 1.607e+47 8.143e+25 8.156e-32 1.341e-20 1.686e-19
1.995e-11 1.432e+47 9.136e+25 9.152e-32 1.505e-20 1.891e-19
2.239e-11 1.277e+47 1.025e+26 1.027e-31 1.689e-20 2.122e-19
2.512e-11 1.138e+47 1.150e+26 1.152e-31 1.895e-20 2.381e-19
2.818e-11 1.014e+47 1.291e+26 1.293e-31 2.126e-20 2.672e-19
3.162e-11 9.038e+46 1.448e+26 1.451e-31 2.386e-20 2.998e-19
3.548e-11 8.055e+46 1.625e+26 1.628e-31 2.677e-20 3.364e-19
3.981e-11 7.179e+46 1.823e+26 1.826e-31 3.003e-20 3.774e-19
4.467e-11 6.399e+46 2.046e+26 2.049e-31 3.370e-20 4.235e-19
5.012e-11 5.703e+46 2.295e+26 2.299e-31 3.781e-20 4.751e-19
5.623e-11 5.083e+46 2.575e+26 2.580e-31 4.243e-20 5.331e-19
6.310e-11 4.530e+46 2.890e+26 2.895e-31 4.760e-20 5.982e-19
7.079e-11 4.038e+46 3.242e+26 3.248e-31 5.341e-20 6.712e-19
7.943e-11 3.599e+46 3.638e+26 3.644e-31 5.993e-20 7.531e-19
8.913e-11 3.208e+46 4.082e+26 4.089e-31 6.725e-20 8.451e-19
1.000e-10 2.859e+46 4.580e+26 4.588e-31 7.546e-20 9.482e-19
1.122e-10 2.548e+46 5.139e+26 5.148e-31 8.467e-20 1.064e-18
1.259e-10 2.271e+46 5.767e+26 5.776e-31 9.500e-20 1.194e-18
1.413e-10 2.024e+46 6.471e+26 6.482e-31 1.066e-19 1.340e-18
1.585e-10 1.804e+46 7.260e+26 7.273e-31 1.196e-19 1.503e-18
1.778e-10 1.608e+46 8.147e+26 8.161e-31 1.342e-19 1.687e-18
1.995e-10 1.433e+46 9.141e+26 9.157e-31 1.506e-19 1.892e-18
2.239e-10 1.277e+46 1.026e+27 1.027e-30 1.690e-19 2.123e-18
2.512e-10 1.139e+46 1.151e+27 1.153e-30 1.896e-19 2.383e-18
2.818e-10 1.015e+46 1.291e+27 1.294e-30 2.128e-19 2.674e-18
3.162e-10 9.045e+45 1.449e+27 1.452e-30 2.387e-19 3.000e-18
3.548e-10 8.062e+45 1.626e+27 1.629e-30 2.679e-19 3.366e-18
3.981e-10 7.186e+45 1.825e+27 1.828e-30 3.006e-19 3.777e-18
4.467e-10 6.405e+45 2.047e+27 2.051e-30 3.373e-19 4.239e-18
5.012e-10 5.709e+45 2.297e+27 2.301e-30 3.785e-19 4.756e-18
5.623e-10 5.088e+45 2.578e+27 2.582e-30 4.247e-19 5.337e-18
6.310e-10 4.535e+45 2.893e+27 2.898e-30 4.766e-19 5.989e-18
7.079e-10 4.043e+45 3.246e+27 3.252e-30 5.348e-19 6.720e-18
7.943e-10 3.603e+45 3.643e+27 3.649e-30 6.001e-19 7.541e-18
8.913e-10 3.212e+45 4.088e+27 4.095e-30 6.734e-19 8.462e-18
1.000e-09 2.863e+45 4.587e+27 4.595e-30 7.557e-19 9.496e-18
1.122e-09 2.552e+45 5.148e+27 5.156e-30 8.480e-19 1.066e-17
1.259e-09 2.275e+45 5.777e+27 5.786e-30 9.516e-19 1.196e-17
1.413e-09 2.028e+45 6.483e+27 6.494e-30 1.068e-18 1.342e-17
1.585e-09 1.808e+45 7.275e+27 7.287e-30 1.198e-18 1.506e-17
1.778e-09 1.611e+45 8.164e+27 8.178e-30 1.345e-18 1.690e-17
1.995e-09 1.436e+45 9.162e+27 9.178e-30 1.509e-18 1.897e-17
2.239e-09 1.281e+45 1.028e+28 1.030e-29 1.694e-18 2.129e-17
2.512e-09 1.142e+45 1.154e+28 1.156e-29 1.901e-18 2.389e-17
2.818e-09 1.018e+45 1.295e+28 1.297e-29 2.134e-18 2.681e-17
3.162e-09 9.072e+44 1.454e+28 1.456e-29 2.395e-18 3.009e-17
3.548e-09 8.088e+44 1.631e+28 1.634e-29 2.688e-18 3.377e-17
3.981e-09 7.211e+44 1.831e+28 1.834e-29 3.016e-18 3.791e-17
4.467e-09 6.429e+44 2.055e+28 2.059e-29 3.386e-18 4.255e-17
5.012e-09 5.732e+44 2.307e+28 2.311e-29 3.800e-18 4.775e-17
5.623e-09 5.111e+44 2.589e+28 2.594e-29 4.266e-18 5.360e-17
6.310e-09 4.557e+44 2.906e+28 2.911e-29 4.788e-18 6.017e-17
7.079e-09 4.063e+44 3.263e+28 3.268e-29 5.375e-18 6.754e-17
7.943e-09 3.623e+44 3.662e+28 3.669e-29 6.033e-18 7.582e-17
8.913e-09 3.231e+44 4.111e+28 4.118e-29 6.773e-18 8.511e-17
1.000e-08 2.881e+44 4.616e+28 4.623e-29 7.604e-18 9.555e-17
1.122e-08 2.569e+44 5.182e+28 5.191e-29 8.536e-18 1.073e-16
1.259e-08 2.291e+44 5.818e+28 5.828e-29 9.584e-18 1.204e-16
1.413e-08 2.043e+44 6.532e+28 6.543e-29 1.076e-17 1.352e-16
1.585e-08 1.822e+44 7.334e+28 7.347e-29 1.208e-17 1.518e-16
1.778e-08 1.625e+44 8.236e+28 8.250e-29 1.357e-17 1.705e-16
1.995e-08 1.450e+44 9.248e+28 9.264e-29 1.524e-17 1.915e-16
2.239e-08 1.293e+44 1.039e+29 1.040e-28 1.711e-17 2.150e-16
2.512e-08 1.154e+44 1.166e+29 1.168e-28 1.921e-17 2.415e-16
2.818e-08 1.029e+44 1.310e+29 1.312e-28 2.158e-17 2.712e-16
3.162e-08 9.184e+43 1.471e+29 1.474e-28 2.424e-17 3.046e-16
3.548e-08 8.195e+43 1.653e+29 1.656e-28 2.723e-17 3.422e-16
3.981e-08 7.313e+43 1.857e+29 1.860e-28 3.059e-17 3.844e-16
4.467e-08 6.526e+43 2.086e+29 2.090e-28 3.437e-17 4.319e-16
5.012e-08 5.824e+43 2.344e+29 2.348e-28 3.861e-17 4.852e-16
5.623e-08 5.199e+43 2.634e+29 2.638e-28 4.339e-17 5.453e-16
6.310e-08 4.641e+43 2.960e+29 2.965e-28 4.876e-17 6.128e-16
7.079e-08 4.143e+43 3.327e+29 3.332e-28 5.480e-17 6.887e-16
7.943e-08 3.699e+43 3.739e+29 3.746e-28 6.160e-17 7.741e-16
8.913e-08 3.303e+43 4.204e+29 4.211e-28 6.925e-17 8.702e-16
1.000e-07 2.950e+43 4.726e+29 4.734e-28 7.786e-17 9.784e-16
1.122e-07 2.635e+43 5.315e+29 5.324e-28 8.755e-17 1.100e-15
1.259e-07 2.354e+43 5.977e+29 5.987e-28 9.846e-17 1.237e-15
1.413e-07 2.103e+43 6.723e+29 6.734e-28 1.107e-16 1.392e-15
1.585e-07 1.879e+43 7.563e+29 7.575e-28 1.246e-16 1.566e-15
1.778e-07 1.679e+43 8.509e+29 8.523e-28 1.402e-16 1.761e-15
1.995e-07 1.501e+43 9.575e+29 9.591e-28 1.577e-16 1.982e-15
2.239e-07 1.342e+43 1.078e+30 1.080e-27 1.775e-16 2.231e-15
2.512e-07 1.200e+43 1.213e+30 1.215e-27 1.999e-16 2.511e-15
2.818e-07 1.073e+43 1.366e+30 1.368e-27 2.250e-16 2.828e-15
3.162e-07 9.601e+42 1.538e+30 1.541e-27 2.534e-16 3.185e-15
3.548e-07 8.591e+42 1.733e+30 1.736e-27 2.855e-16 3.587e-15
3.981e-07 7.688e+42 1.952e+30 1.956e-27 3.216e-16 4.041e-15
4.467e-07 6.882e+42 2.200e+30 2.204e-27 3.624e-16 4.554e-15
5.012e-07 6.162e+42 2.480e+30 2.484e-27 4.085e-16 5.134e-15
5.623e-07 5.518e+42 2.796e+30 2.801e-27 4.606e-16 5.788e-15
6.310e-07 4.943e+42 3.153e+30 3.158e-27 5.194e-16 6.527e-15
7.079e-07 4.429e+42 3.557e+30 3.563e-27 5.859e-16 7.363e-15
7.943e-07 3.970e+42 4.013e+30 4.020e-27 6.611e-16 8.308e-15
8.913e-07 3.559e+42 4.529e+30 4.537e-27 7.462e-16 9.377e-15
1.000e-06 3.192e+42 5.113e+30 5.122e-27 8.424e-16 1.059e-14
1.122e-06 2.863e+42 5.775e+30 5.784e-27 9.513e-16 1.195e-14
1.259e-06 2.569e+42 6.523e+30 6.534e-27 1.075e-15 1.350e-14
1.413e-06 2.306e+42 7.370e+30 7.383e-27 1.214e-15 1.526e-14
1.585e-06 2.070e+42 8.330e+30 8.344e-27 1.372e-15 1.724e-14
1.778e-06 1.859e+42 9.418e+30 9.434e-27 1.551e-15 1.950e-14
1.995e-06 1.670e+42 1.065e+31 1.067e-26 1.755e-15 2.205e-14
2.239e-06 1.500e+42 1.205e+31 1.207e-26 1.985e-15 2.494e-14
2.512e-06 1.348e+42 1.363e+31 1.365e-26 2.246e-15 2.822e-14
2.818e-06 1.212e+42 1.543e+31 1.545e-26 2.542e-15 3.194e-14
3.162e-06 1.090e+42 1.746e+31 1.749e-26 2.877e-15 3.616e-14
3.548e-06 9.804e+41 1.977e+31 1.981e-26 3.258e-15 4.094e-14
3.981e-06 8.819e+41 2.240e+31 2.243e-26 3.689e-15 4.636e-14
4.467e-06 7.935e+41 2.537e+31 2.541e-26 4.179e-15 5.251e-14
5.012e-06 7.140e+41 2.874e+31 2.878e-26 4.734e-15 5.949e-14
5.623e-06 6.426e+41 3.256e+31 3.261e-26 5.363e-15 6.740e-14
6.310e-06 5.783e+41 3.689e+31 3.695e-26 6.077e-15 7.636e-14
7.079e-06 5.205e+41 4.179e+31 4.186e-26 6.885e-15 8.652e-14
7.943e-06 4.684e+41 4.735e+31 4.743e-26 7.801e-15 9.802e-14
8.913e-06 4.215e+41 5.364e+31 5.373e-26 8.837e-15 1.110e-13
1.000e-05 3.792e+41 6.076e+31 6.086e-26 1.001e-14 1.258e-13
1.122e-05 3.411e+41 6.880e+31 6.892e-26 1.133e-14 1.424e-13
1.259e-05 3.067e+41 7.788e+31 7.801e-26 1.283e-14 1.612e-13
1.413e-05 2.757e+41 8.812e+31 8.827e-26 1.452e-14 1.824e-13
1.585e-05 2.476e+41 9.966e+31 9.983e-26 1.642e-14 2.063e-13
1.778e-05 2.223e+41 1.126e+32 1.128e-25 1.856e-14 2.332e-13
1.995e-05 1.994e+41 1.272e+32 1.274e-25 2.096e-14 2.633e-13
2.239e-05 1.788e+41 1.435e+32 1.438e-25 2.365e-14 2.972e-13
2.512e-05 1.601e+41 1.618e+32 1.621e-25 2.666e-14 3.350e-13
2.818e-05 1.432e+41 1.822e+32 1.825e-25 3.002e-14 3.772e-13
3.162e-05 1.279e+41 2.049e+32 2.053e-25 3.376e-14 4.242e-13
3.548e-05 1.141e+41 2.301e+32 2.305e-25 3.791e-14 4.764e-13
3.981e-05 1.016e+41 2.580e+32 2.584e-25 4.250e-14 5.341e-13
4.467e-05 9.032e+40 2.887e+32 2.892e-25 4.756e-14 5.977e-13
5.012e-05 8.013e+40 3.225e+32 3.230e-25 5.313e-14 6.676e-13
5.623e-05 7.094e+40 3.594e+32 3.600e-25 5.921e-14 7.441e-13
6.310e-05 6.266e+40 3.997e+32 4.003e-25 6.584e-14 8.274e-13
7.079e-05 5.520e+40 4.433e+32 4.440e-25 7.302e-14 9.176e-13
7.943e-05 4.850e+40 4.903e+32 4.911e-25 8.077e-14 1.015e-12
8.913e-05 4.248e+40 5.406e+32 5.416e-25 8.907e-14 1.119e-12
1.000e-04 3.709e+40 5.943e+32 5.953e-25 9.791e-14 1.230e-12
1.122e-04 3.228e+40 6.511e+32 6.522e-25 1.073e-13 1.348e-12
1.259e-04 2.799e+40 7.107e+32 7.119e-25 1.171e-13 1.471e-12
1.413e-04 2.418e+40 7.728e+32 7.741e-25 1.273e-13 1.600e-12
1.585e-04 2.080e+40 8.370e+32 8.384e-25 1.379e-13 1.733e-12
1.778e-04 1.782e+40 9.027e+32 9.042e-25 1.487e-13 1.869e-12
1.995e-04 1.520e+40 9.692e+32 9.709e-25 1.597e-13 2.006e-12
2.239e-04 1.290e+40 1.036e+33 1.038e-24 1.707e-13 2.145e-12
2.512e-04 1.090e+40 1.102e+33 1.104e-24 1.815e-13 2.281e-12
2.818e-04 9.166e+39 1.166e+33 1.168e-24 1.922e-13 2.415e-12
3.162e-04 7.669e+39 1.229e+33 1.231e-24 2.024e-13 2.543e-12
3.548e-04 6.383e+39 1.288e+33 1.290e-24 2.121e-13 2.665e-12
3.981e-04 5.287e+39 1.342e+33 1.345e-24 2.211e-13 2.779e-12
4.467e-04 4.356e+39 1.392e+33 1.395e-24 2.294e-13 2.883e-12
5.012e-04 3.571e+39 1.437e+33 1.439e-24 2.367e-13 2.975e-12
5.623e-04 2.913e+39 1.476e+33 1.478e-24 2.431e-13 3.055e-12
6.310e-04 2.364e+39 1.508e+33 1.511e-24 2.484e-13 3.122e-12
7.079e-04 1.911e+39 1.534e+33 1.537e-24 2.527e-13 3.176e-12
7.943e-04 1.537e+39 1.554e+33 1.557e-24 2.560e-13 3.217e-12
8.913e-04 1.232e+39 1.568e+33 1.571e-24 2.584e-13 3.247e-12
1.000e-03 9.846e+38 1.578e+33 1.580e-24 2.599e-13 3.266e-12
1.122e-03 7.846e+38 1.583e+33 1.585e-24 2.607e-13 3.276e-12
1.259e-03 6.239e+38 1.584e+33 1.587e-24 2.610e-13 3.280e-12
1.413e-03 4.955e+38 1.584e+33 1.587e-24 2.610e-13 3.279e-12
1.585e-03 3.932e+38 1.583e+33 1.585e-24 2.607e-13 3.276e-12
1.778e-03 3.119e+38 1.580e+33 1.583e-24 2.603e-13 3.271e-12
1.995e-03 2.474e+38 1.578e+33 1.580e-24 2.599e-13 3.266e-12
2.239e-03 1.962e+38 1.575e+33 1.578e-24 2.595e-13 3.261e-12
2.512e-03 1.556e+38 1.573e+33 1.576e-24 2.591e-13 3.256e-12
2.818e-03 1.234e+38 1.571e+33 1.573e-24 2.588e-13 3.252e-12
3.162e-03 9.793e+37 1.569e+33 1.572e-24 2.585e-13 3.248e-12
3.548e-03 7.772e+37 1.568e+33 1.570e-24 2.582e-13 3.245e-12
3.981e-03 6.169e+37 1.566e+33 1.569e-24 2.581e-13 3.243e-12
4.467e-03 4.898e+37 1.566e+33 1.568e-24 2.579e-13 3.241e-12
5.012e-03 3.890e+37 1.565e+33 1.568e-24 2.579e-13 3.241e-12
5.623e-03 3.090e+37 1.565e+33 1.568e-24 2.579e-13 3.241e-12
6.310e-03 2.455e+37 1.566e+33 1.568e-24 2.579e-13 3.241e-12
7.079e-03 1.951e+37 1.567e+33 1.569e-24 2.581e-13 3.243e-12
7.943e-03 1.551e+37 1.568e+33 1.570e-24 2.583e-13 3.245e-12
8.913e-03 1.233e+37 1.569e+33 1.572e-24 2.585e-13 3.248e-12
1.000e-02 9.805e+36 1.571e+33 1.574e-24 2.588e-13 3.252e-12
1.122e-02 7.799e+36 1.573e+33 1.576e-24 2.592e-13 3.257e-12
1.259e-02 6.205e+36 1.576e+33 1.578e-24 2.596e-13 3.262e-12
1.413e-02 4.938e+36 1.579e+33 1.581e-24 2.600e-13 3.268e-12
1.585e-02 3.930e+36 1.582e+33 1.584e-24 2.606e-13 3.274e-12
1.778e-02 3.129e+36 1.585e+33 1.588e-24 2.612e-13 3.282e-12
1.995e-02 2.491e+36 1.589e+33 1.592e-24 2.618e-13 3.290e-12
2.239e-02 1.984e+36 1.593e+33 1.596e-24 2.624e-13 3.298e-12
2.512e-02 1.580e+36 1.597e+33 1.600e-24 2.631e-13 3.307e-12
2.818e-02 1.259e+36 1.602e+33 1.604e-24 2.639e-13 3.316e-12
3.162e-02 1.003e+36 1.606e+33 1.609e-24 2.646e-13 3.325e-12
3.548e-02 7.987e+35 1.611e+33 1.614e-24 2.654e-13 3.335e-12
3.981e-02 6.363e+35 1.616e+33 1.619e-24 2.662e-13 3.345e-12
4.467e-02 5.069e+35 1.621e+33 1.623e-24 2.670e-13 3.355e-12
5.012e-02 4.039e+35 1.625e+33 1.628e-24 2.678e-13 3.365e-12
5.623e-02 3.218e+35 1.630e+33 1.633e-24 2.686e-13 3.375e-12
6.310e-02 2.563e+35 1.635e+33 1.638e-24 2.693e-13 3.384e-12
7.079e-02 2.042e+35 1.639e+33 1.642e-24 2.701e-13 3.394e-12
7.943e-02 1.626e+35 1.644e+33 1.647e-24 2.708e-13 3.403e-12
8.913e-02 1.295e+35 1.648e+33 1.651e-24 2.715e-13 3.411e-12
1.000e-01 1.031e+35 1.652e+33 1.655e-24 2.721e-13 3.419e-12
1.122e-01 8.206e+34 1.655e+33 1.658e-24 2.727e-13 3.426e-12
1.259e-01 6.530e+34 1.658e+33 1.661e-24 2.731e-13 3.432e-12
1.413e-01 5.194e+34 1.660e+33 1.663e-24 2.735e-13 3.437e-12
1.585e-01 4.130e+34 1.662e+33 1.665e-24 2.738e-13 3.441e-12
1.778e-01 3.282e+34 1.663e+33 1.666e-24 2.740e-13 3.443e-12
1.995e-01 2.607e+34 1.663e+33 1.666e-24 2.740e-13 3.443e-12
2.239e-01 2.070e+34 1.662e+33 1.665e-24 2.738e-13 3.441e-12
2.512e-01 1.642e+34 1.660e+33 1.663e-24 2.734e-13 3.436e-12
2.818e-01 1.302e+34 1.656e+33 1.659e-24 2.729e-13 3.429e-12
3.162e-01 1.031e+34 1.652e+33 1.655e-24 2.721e-13 3.419e-12
3.548e-01 8.158e+33 1.645e+33 1.648e-24 2.711e-13 3.406e-12
3.981e-01 6.449e+33 1.638e+33 1.640e-24 2.698e-13 3.390e-12
4.467e-01 5.093e+33 1.628e+33 1.631e-24 2.682e-13 3.370e-12
5.012e-01 4.016e+33 1.616e+33 1.619e-24 2.663e-13 3.346e-12
5.623e-01 3.164e+33 1.603e+33 1.606e-24 2.641e-13 3.318e-12
6.310e-01 2.488e+33 1.587e+33 1.590e-24 2.615e-13 3.286e-12
7.079e-01 1.954e+33 1.569e+33 1.572e-24 2.585e-13 3.249e-12
7.943e-01 1.533e+33 1.549e+33 1.552e-24 2.552e-13 3.207e-12
8.913e-01 1.200e+33 1.527e+33 1.530e-24 2.516e-13 3.162e-12
1.000e+00 9.381e+32 1.503e+33 1.506e-24 2.476e-13 3.111e-12
1.122e+00 7.320e+32 1.477e+33 1.479e-24 2.432e-13 3.057e-12
1.259e+00 5.702e+32 1.448e+33 1.450e-24 2.385e-13 2.997e-12
1.413e+00 4.433e+32 1.417e+33 1.419e-24 2.334e-13 2.933e-12
1.585e+00 3.439e+32 1.384e+33 1.386e-24 2.280e-13 2.865e-12
1.778e+00 2.662e+32 1.349e+33 1.351e-24 2.222e-13 2.792e-12
1.995e+00 2.055e+32 1.311e+33 1.313e-24 2.160e-13 2.714e-12
2.239e+00 1.583e+32 1.271e+33 1.274e-24 2.095e-13 2.632e-12
2.512e+00 1.217e+32 1.230e+33 1.232e-24 2.026e-13 2.546e-12
2.818e+00 9.320e+31 1.186e+33 1.188e-24 1.954e-13 2.456e-12
3.162e+00 7.120e+31 1.141e+33 1.143e-24 1.879e-13 2.361e-12
3.548e+00 5.421e+31 1.094e+33 1.095e-24 1.801e-13 2.264e-12
3.981e+00 4.115e+31 1.045e+33 1.047e-24 1.721e-13 2.163e-12
4.467e+00 3.112e+31 9.947e+32 9.964e-25 1.639e-13 2.059e-12
5.012e+00 2.344e+31 9.434e+32 9.450e-25 1.554e-13 1.953e-12
5.623e+00 1.759e+31 8.912e+32 8.927e-25 1.468e-13 1.845e-12
6.310e+00 1.314e+31 8.383e+32 8.397e-25 1.381e-13 1.735e-12
7.079e+00 9.777e+30 7.851e+32 7.864e-25 1.293e-13 1.625e-12
7.943e+00 7.240e+30 7.319e+32 7.331e-25 1.206e-13 1.515e-12
8.913e+00 5.334e+30 6.789e+32 6.800e-25 1.118e-13 1.405e-12
1.000e+01 3.910e+30 6.265e+32 6.275e-25 1.032e-13 1.297e-12
1.122e+01 2.850e+30 5.749e+32 5.759e-25 9.471e-14 1.190e-12
1.259e+01 2.065e+30 5.245e+32 5.253e-25 8.640e-14 1.086e-12
1.413e+01 1.487e+30 4.754e+32 4.762e-25 7.832e-14 9.842e-13
1.585e+01 1.064e+30 4.281e+32 4.289e-25 7.053e-14 8.863e-13
1.778e+01 7.555e+29 3.828e+32 3.834e-25 6.305e-14 7.924e-13
1.995e+01 5.323e+29 3.396e+32 3.401e-25 5.594e-14 7.029e-13
2.239e+01 3.720e+29 2.987e+32 2.992e-25 4.921e-14 6.184e-13
2.512e+01 2.577e+29 2.605e+32 2.609e-25 4.291e-14 5.392e-13
2.818e+01 1.768e+29 2.250e+32 2.254e-25 3.706e-14 4.657e-13
3.162e+01 1.201e+29 1.924e+32 1.927e-25 3.169e-14 3.983e-13
3.548e+01 8.069e+28 1.628e+32 1.630e-25 2.681e-14 3.369e-13
3.981e+01 5.361e+28 1.361e+32 1.364e-25 2.243e-14 2.818e-13
4.467e+01 3.518e+28 1.125e+32 1.127e-25 1.853e-14 2.328e-13
5.012e+01 2.278e+28 9.168e+31 9.184e-26 1.510e-14 1.898e-13
5.623e+01 1.454e+28 7.369e+31 7.381e-26 1.214e-14 1.525e-13
6.310e+01 9.143e+27 5.832e+31 5.842e-26 9.608e-15 1.207e-13
7.079e+01 5.654e+27 4.540e+31 4.548e-26 7.479e-15 9.399e-14
7.943e+01 3.435e+27 3.472e+31 3.478e-26 5.720e-15 7.188e-14
8.913e+01 2.047e+27 2.605e+31 2.609e-26 4.291e-15 5.392e-14
1.000e+02 1.195e+27 1.914e+31 1.917e-26 3.153e-15 3.962e-14
1.122e+02 6.819e+26 1.375e+31 1.378e-26 2.266e-15 2.847e-14
1.259e+02 3.799e+26 9.647e+30 9.664e-27 1.589e-15 1.997e-14
1.413e+02 2.062e+26 6.593e+30 6.604e-27 1.086e-15 1.365e-14
1.585e+02 1.088e+26 4.380e+30 4.388e-27 7.216e-16 9.068e-15
1.778e+02 5.572e+25 2.823e+30 2.828e-27 4.651e-16 5.844e-15
1.995e+02 2.760e+25 1.760e+30 1.763e-27 2.900e-16 3.644e-15
2.239e+02 1.318e+25 1.059e+30 1.060e-27 1.744e-16 2.191e-15
2.512e+02 6.044e+24 6.110e+29 6.120e-28 1.007e-16 1.265e-15
2.818e+02 2.645e+24 3.366e+29 3.372e-28 5.546e-17 6.969e-16
3.162e+02 1.101e+24 1.764e+29 1.767e-28 2.906e-17 3.652e-16
3.548e+02 4.343e+23 8.761e+28 8.776e-29 1.443e-17 1.814e-16
3.981e+02 1.615e+23 4.100e+28 4.107e-29 6.754e-18 8.488e-17
4.467e+02 5.620e+22 1.797e+28 1.800e-29 2.960e-18 3.719e-17
5.012e+02 1.820e+22 7.325e+27 7.337e-30 1.207e-18 1.516e-17
5.623e+02 5.455e+21 2.764e+27 2.768e-30 4.553e-19 5.722e-18
6.310e+02 1.508e+21 9.618e+26 9.635e-31 1.585e-19 1.991e-18
7.079e+02 3.825e+20 3.071e+26 3.077e-31 5.060e-20 6.358e-19
7.943e+02 8.725e+19 8.820e+25 8.835e-32 1.453e-20 1.826e-19
8.913e+02 1.752e+19 2.230e+25 2.234e-32 3.674e-21 4.617e-20
1.000e+03 3.091e+18 4.952e+24 4.961e-33 8.158e-22 1.025e-20
1.122e+03 4.719e+17 9.519e+23 9.535e-34 1.568e-22 1.971e-21
1.259e+03 6.115e+16 1.553e+23 1.555e-34 2.558e-23 3.214e-22
1.413e+03 6.567e+15 2.099e+22 2.103e-35 3.458e-24 4.346e-23
1.585e+03 5.808e+14 2.337e+21 2.341e-36 3.851e-25 4.839e-24
1.778e+03 4.285e+13 2.171e+20 2.175e-37 3.577e-26 4.495e-25
1.995e+03 2.400e+12 1.531e+19 1.534e-38 2.522e-27 3.170e-26
2.239e+03 1.016e+11 8.159e+17 8.173e-40 1.344e-28 1.689e-27
2.512e+03 3.176e+09 3.210e+16 3.216e-41 5.289e-30 6.646e-29
2.818e+03 7.054e+07 8.977e+14 8.993e-43 1.479e-31 1.858e-30
3.162e+03 1.082e+06 1.734e+13 1.736e-44 2.856e-33 3.589e-32
3.548e+03 1.103e+04 2.224e+11 2.228e-46 3.664e-35 4.604e-34
3.981e+03 6.990e+01 1.775e+09 1.778e-48 2.924e-37 3.674e-36
4.467e+03 2.099e-01 6.711e+06 6.723e-51 1.106e-39 1.389e-38
5.012e+03 0.000e+00 0.000e+00 0.000e+00 0.000e+00 0.000e+00
5.623e+03 0.000e+00 0.000e+00 0.000e+00 0.000e+00 0.000e+00
6.310e+03 0.000e+00 0.000e+00 0.000e+00 0.000e+00 0.000e+00
7.079e+03 0.000e+00 0.000e+00 0.000e+00 0.000e+00 0.000e+00
7.943e+03 0.000e+00 0.000e+00 0.000e+00 0.000e+00 0.000e+00
8.913e+03 0.000e+00 0.000e+00 0.000e+00 0.000e+00 0.000e+00
1.000e+04 0.000e+00 0.000e+00 0.000e+00 0.000e+00 0.000e+00
1.122e+04 0.000e+00 0.000e+00 0.000e+00 0.000e+00 0.000e+00
1.259e+04 0.000e+00 0.000e+00 0.000e+00 0.000e+00 0.000e+00
1.413e+04 0.000e+00 0.000e+00 0.000e+00 0.000e+00 0.000e+00
1.585e+04 0.000e+00 0.000e+00 0.000e+00 0.000e+00 0.000e+00
1.778e+04 0.000e+00 0.000e+00 0.000e+00 0.000e+00 0.000e+00
1.995e+04 0.000e+00 0.000e+00 0.000e+00 0.000e+00 0.000e+00
2.239e+04 0.000e+00 0.000e+00 0.000e+00 0.000e+00 0.000e+00
2.512e+04 0.000e+00 0.000e+00 0.000e+00 0.000e+00 0.000e+00
2.818e+04 0.000e+00 0.000e+00 0.000e+00 0.000e+00 0.000e+00
3.162e+04 0.000e+00 0.000e+00 0.000e+00 0.000e+00 0.000e+00
3.548e+04 0.000e+00 0.000e+00 0.000e+00 0.000e+00 0.000e+00
3.981e+04 0.000e+00 0.000e+00 0.000e+00 0.000e+00 0.000e+00
4.467e+04 0.000e+00 0.000e+00 0.000e+00 0.000e+00 0.000e+00
5.012e+04 0.000e+00 0.000e+00 0.000e+00 0.000e+00 0.000e+00
5.623e+04 0.000e+00 0.000e+00 0.000e+00 0.000e+00 0.000e+00
6.310e+04 0.000e+00 0.000e+00 0.000e+00 0.000e+00 0.000e+00
7.079e+04 0.000e+00 0.000e+00 0.000e+00 0.000e+00 0.000e+00
7.943e+04 0.000e+00 0.000e+00 0.000e+00 0.000e+00 0.000e+00
8.913e+04 0.000e+00 0.000e+00 0.000e+00 0.000e+00 0.000e+00
1.000e+05 0.000e+00 0.000e+00 0.000e+00 0.000e+00 0.000e+00
1.122e+05 0.000e+00 0.000e+00 0.000e+00 0.000e+00 0.000e+00
1.259e+05 0.000e+00 0.000e+00 0.000e+00 0.000e+00 0.000e+00
1.413e+05 0.000e+00 0.000e+00 0.000e+00 0.000e+00 0.000e+00
1.585e+05 0.000e+00 0.000e+00 0.000e+00 0.000e+00 0.000e+00
1.778e+05 0.000e+00 0.000e+00 0.000e+00 0.000e+00 0.000e+00
1.995e+05 0.000e+00 0.000e+00 0.000e+00 0.000e+00 0.000e+00
2.239e+05 0.000e+00 0.000e+00 0.000e+00 0.000e+00 0.000e+00
2.512e+05 0.000e+00 0.000e+00 0.000e+00 0.000e+00 0.000e+00
2.818e+05 0.000e+00 0.000e+00 0.000e+00 0.000e+00 0.000e+00
3.162e+05 0.000e+00 0.000e+00 0.000e+00 0.000e+00 0.000e+00
3.548e+05 0.000e+00 0.000e+00 0.000e+00 0.000e+00 0.000e+00
3.981e+05 0.000e+00 0.000e+00 0.000e+00 0.000e+00 0.000e+00
4.467e+05 0.000e+00 0.000e+00 0.000e+00 0.000e+00 0.000e+00
5.012e+05 0.000e+00 0.000e+00 0.000e+00 0.000e+00 0.000e+00
5.623e+05 0.000e+00 0.000e+00 0.000e+00 0.000e+00 0.000e+00
6.310e+05 0.000e+00 0.000e+00 0.000e+00 0.000e+00 0.000e+00
7.079e+05 0.000e+00 0.000e+00 0.000e+00 0.000e+00 0.000e+00
7.943e+05 0.000e+00 0.000e+00 0.000e+00 0.000e+00 0.000e+00
8.913e+05 0.000e+00 0.000e+00 0.000e+00 0.000e+00 0.000e+00
1.000e+06 0.000e+00 0.000e+00 0.000e+00 0.000e+00 0.000e+00
1.122e+06 0.000e+00 0.000e+00 0.000e+00 0.000e+00 0.000e+00
1.259e+06 0.000e+00 0.000e+00 0.000e+00 0.000e+00 0.000e+00
1.413e+06 0.000e+00 0.000e+00 0.000e+00 0.000e+00 0.000e+00
1.585e+06 0.000e+00 0.000e+00 0.000e+00 0.000e+00 0.000e+00
1.778e+06 0.000e+00 0.000e+00 0.000e+00 0.000e+00 0.000e+00
1.995e+06 0.000e+00 0.000e+00 0.000e+00 0.000e+00 0.000e+00
2.239e+06 0.000e+00 0.000e+00 0.000e+00 0.000e+00 0.000e+00
2.512e+06 0.000e+00 0.000e+00 0.000e+00 0.000e+00 0.000e+00
2.818e+06 0.000e+00 0.000e+00 0.000e+00 0.000e+00 0.000e+00
3.162e+06 0.000e+00 0.000e+00 0.000e+00 0.000e+00 0.000e+00
3.548e+06 0.000e+00 0.000e+00 0.000e+00 0.000e+00 0.000e+00
3.981e+06 0.000e+00 0.000e+00 0.000e+00 0.000e+00 0.000e+00
4.467e+06 0.000e+00 0.000e+00 0.000e+00 0.000e+00 0.000e+00
5.012e+06 0.000e+00 0.000e+00 0.000e+00 0.000e+00 0.000e+00
5.623e+06 0.000e+00 0.000e+00 0.000e+00 0.000e+00 0.000e+00
6.310e+06 0.000e+00 0.000e+00 0.000e+00 0.000e+00 0.000e+00
7.079e+06 0.000e+00 0.000e+00 0.000e+00 0.000e+00 0.000e+00
7.943e+06 0.000e+00 0.000e+00 0.000e+00 0.000e+00 0.000e+00
8.913e+06 0.000e+00 0.000e+00 0.000e+00 0.000e+00 0.000e+00
1.000e+07 0.000e+00 0.000e+00 0.000e+00 0.000e+00 0.000e+00
1.122e+07 0.000e+00 0.000e+00 0.000e+00 0.000e+00 0.000e+00
1.259e+07 0.000e+00 0.000e+00 0.000e+00 0.000e+00 0.000e+00
1.413e+07 0.000e+00 0.000e+00 0.000e+00 0.000e+00 0.000e+00
1.585e+07 0.000e+00 0.000e+00 0.000e+00 0.000e+00 0.000e+00
1.778e+07 0.000e+00 0.000e+00 0.000e+00 0.000e+00 0.000e+00
1.995e+07 0.000e+00 0.000e+00 0.000e+00 0.000e+00 0.000e+00
2.239e+07 0.000e+00 0.000e+00 0.000e+00 0.000e+00 0.000e+00
2.512e+07 0.000e+00 0.000e+00 0.000e+00 0.000e+00 0.000e+00
2.818e+07 0.000e+00 0.000e+00 0.000e+00 0.000e+00 0.000e+00
3.162e+07 0.000e+00 0.000e+00 0.000e+00 0.000e+00 0.000e+00
3.548e+07 0.000e+00 0.000e+00 0.000e+00 0.000e+00 0.000e+00
3.981e+07 0.000e+00 0.000e+00 0.000e+00 0.000e+00 0.000e+00
4.467e+07 0.000e+00 0.000e+00 0.000e+00 0.000e+00 0.000e+00
5.012e+07 0.000e+00 0.000e+00 0.000e+00 0.000e+00 0.000e+00
5.623e+07 0.000e+00 0.000e+00 0.000e+00 0.000e+00 0.000e+00
6.310e+07 0.000e+00 0.000e+00 0.000e+00 0.000e+00 0.000e+00
7.079e+07 0.000e+00 0.000e+00 0.000e+00 0.000e+00 0.000e+00
7.943e+07 0.000e+00 0.000e+00 0.000e+00 0.000e+00 0.000e+00
8.913e+07 0.000e+00 0.000e+00 0.000e+00 0.000e+00 0.000e+00
1.000e+08 0.000e+00 0.000e+00 0.000e+00 0.000e+00 0.000e+00
