1.000e-20 0.000e+00 0.000e+00 0.000e+00 0.000e+00 0.000e+00
1.122e-20 0.000e+00 0.000e+00 0.000e+00 0.000e+00 0.000e+00
1.259e-20 0.000e+00 0.000e+00 0.000e+00 0.000e+00 0.000e+00
1.413e-20 0.000e+00 0.000e+00 0.000e+00 0.000e+00 0.000e+00
1.585e-20 0.000e+00 0.000e+00 0.000e+00 0.000e+00 0.000e+00
1.778e-20 0.000e+00 0.000e+00 0.000e+00 0.000e+00 0.000e+00
1.995e-20 0.000e+00 0.000e+00 0.000e+00 0.000e+00 0.000e+00
2.239e-20 0.000e+00 0.000e+00 0.000e+00 0.000e+00 0.000e+00
2.512e-20 0.000e+00 0.000e+00 0.000e+00 0.000e+00 0.000e+00
2.818e-20 0.000e+00 0.000e+00 0.000e+00 0.000e+00 0.000e+00
3.162e-20 0.000e+00 0.000e+00 0.000e+00 0.000e+00 0.000e+00
3.548e-20 0.000e+00 0.000e+00 0.000e+00 0.000e+00 0.000e+00
3.981e-20 0.000e+00 0.000e+00 0.000e+00 0.000e+00 0.000e+00
4.467e-20 0.000e+00 0.000e+00 0.000e+00 0.000e+00 0.000e+00
5.012e-20 0.000e+00 0.000e+00 0.000e+00 0.000e+00 0.000e+00
5.623e-20 0.000e+00 0.000e+00 0.000e+00 0.000e+00 0.000e+00
6.310e-20 0.000e+00 0.000e+00 0.000e+00 0.000e+00 0.000e+00
7.079e-20 0.000e+00 0.000e+00 0.000e+00 0.000e+00 0.000e+00
7.943e-20 0.000e+00 0.000e+00 0.000e+00 0.000e+00 0.000e+00
8.913e-20 0.000e+00 0.000e+00 0.000e+00 0.000e+00 0.000e+00
1.000e-19 0.000e+00 0.000e+00 0.000e+00 0.000e+00 0.000e+00
1.122e-19 0.000e+00 0.000e+00 0.000e+00 0.000e+00 0.000e+00
1.259e-19 0.000e+00 0.000e+00 0.000e+00 0.000e+00 0.000e+00
1.413e-19 0.000e+00 0.000e+00 0.000e+00 0.000e+00 0.000e+00
1.585e-19 0.000e+00 0.000e+00 0.000e+00 0.000e+00 0.000e+00
1.778e-19 0.000e+00 0.000e+00 0.000e+00 0.000e+00 0.000e+00
1.995e-19 0.000e+00 0.000e+00 0.000e+00 0.000e+00 0.000e+00
2.239e-19 0.000e+00 0.000e+00 0.000e+00 0.000e+00 0.000e+00
2.512e-19 0.000e+00 0.000e+00 0.000e+00 0.000e+00 0.000e+00
2.818e-19 0.000e+00 0.000e+00 0.000e+00 0.000e+00 0.000e+00
3.162e-19 0.000e+00 0.000e+00 0.000e+00 0.000e+00 0.000e+00
3.548e-19 0.000e+00 0.000e+00 0.000e+00 0.000e+00 0.000e+00
3.981e-19 0.000e+00 0.000e+00 0.000e+00 0.000e+00 0.000e+00
4.467e-19 0.000e+00 0.000e+00 0.000e+00 0.000e+00 0.000e+00
5.012e-19 0.000e+00 0.000e+00 0.000e+00 0.000e+00 0.000e+00
5.623e-19 0.000e+00 0.000e+00 0.000e+00 0.000e+00 0.000e+00
6.310e-19 0.000e+00 0.000e+00 0.000e+00 0.000e+00 0.000e+00
7.079e-19 0.000e+00 0.000e+00 0.000e+00 0.000e+00 0.000e+00
7.943e-19 0.000e+00 0.000e+00 0.000e+00 0.000e+00 0.000e+00
8.913e-19 0.000e+00 0.000e+00 0.000e+00 0.000e+00 0.000e+00
1.000e-18 0.000e+00 0.000e+00 0.000e+00 0.000e+00 0.000e+00
1.122e-18 0.000e+00 0.000e+00 0.000e+00 0.000e+00 0.000e+00
1.259e-18 0.000e+00 0.000e+00 0.000e+00 0.000e+00 0.000e+00
1.413e-18 0.000e+00 0.000e+00 0.000e+00 0.000e+00 0.000e+00
1.585e-18 0.000e+00 0.000e+00 0.000e+00 0.000e+00 0.000e+00
1.778e-18 0.000e+00 0.000e+00 0.000e+00 0.000e+00 0.000e+00
1.995e-18 0.000e+00 0.000e+00 0.000e+00 0.000e+00 0.000e+00
2.239e-18 0.000e+00 0.000e+00 0.000e+00 0.000e+00 0.000e+00
2.512e-18 0.000e+00 0.000e+00 0.000e+00 0.000e+00 0.000e+00
2.818e-18 0.000e+00 0.000e+00 0.000e+00 0.000e+00 0.000e+00
3.162e-18 0.000e+00 0.000e+00 0.000e+00 0.000e+00 0.000e+00
3.548e-18 0.000e+00 0.000e+00 0.000e+00 0.000e+00 0.000e+00
3.981e-18 0.000e+00 0.000e+00 0.000e+00 0.000e+00 0.000e+00
4.467e-18 0.000e+00 0.000e+00 0.000e+00 0.000e+00 0.000e+00
5.012e-18 0.000e+00 0.000e+00 0.000e+00 0.000e+00 0.000e+00
5.623e-18 0.000e+00 0.000e+00 0.000e+00 0.000e+00 0.000e+00
6.310e-18 0.000e+00 0.000e+00 0.000e+00 0.000e+00 0.000e+00
7.079e-18 0.000e+00 0.000e+00 0.000e+00 0.000e+00 0.000e+00
7.943e-18 0.000e+00 0.000e+00 0.000e+00 0.000e+00 0.000e+00
8.913e-18 0.000e+00 0.000e+00 0.000e+00 0.000e+00 0.000e+00
1.000e-17 0.000e+00 0.000e+00 0.000e+00 0.000e+00 0.000e+00
1.122e-17 0.000e+00 0.000e+00 0.000e+00 0.000e+00 0.000e+00
1.259e-17 0.000e+00 0.000e+00 0.000e+00 0.000e+00 0.000e+00
1.413e-17 0.000e+00 0.000e+00 0.000e+00 0.000e+00 0.000e+00
1.585e-17 0.000e+00 0.000e+00 0.000e+00 0.000e+00 0.000e+00
1.778e-17 0.000e+00 0.000e+00 0.000e+00 0.000e+00 0.000e+00
1.995e-17 0.000e+00 0.000e+00 0.000e+00 0.000e+00 0.000e+00
2.239e-17 0.000e+00 0.000e+00 0.000e+00 0.000e+00 0.000e+00
2.512e-17 0.000e+00 0.000e+00 0.000e+00 0.000e+00 0.000e+00
2.818e-17 0.000e+00 0.000e+00 0.000e+00 0.000e+00 0.000e+00
3.162e-17 0.000e+00 0.000e+00 0.000e+00 0.000e+00 0.000e+00
3.548e-17 0.000e+00 0.000e+00 0.000e+00 0.000e+00 0.000e+00
3.981e-17 0.000e+00 0.000e+00 0.000e+00 0.000e+00 0.000e+00
4.467e-17 0.000e+00 0.000e+00 0.000e+00 0.000e+00 0.000e+00
5.012e-17 0.000e+00 0.000e+00 0.000e+00 0.000e+00 0.000e+00
5.623e-17 0.000e+00 0.000e+00 0.000e+00 0.000e+00 0.000e+00
6.310e-17 0.000e+00 0.000e+00 0.000e+00 0.000e+00 0.000e+00
7.079e-17 0.000e+00 0.000e+00 0.000e+00 0.000e+00 0.000e+00
7.943e-17 0.000e+00 0.000e+00 0.000e+00 0.000e+00 0.000e+00
8.913e-17 0.000e+00 0.000e+00 0.000e+00 0.000e+00 0.000e+00
1.000e-16 0.000e+00 0.000e+00 0.000e+00 0.000e+00 0.000e+00
1.122e-16 0.000e+00 0.000e+00 0.000e+00 0.000e+00 0.000e+00
1.259e-16 0.000e+00 0.000e+00 0.000e+00 0.000e+00 0.000e+00
1.413e-16 0.000e+00 0.000e+00 0.000e+00 0.000e+00 0.000e+00
1.585e-16 0.000e+00 0.000e+00 0.000e+00 0.000e+00 0.000e+00
1.778e-16 0.000e+00 0.000e+00 0.000e+00 0.000e+00 0.000e+00
1.995e-16 0.000e+00 0.000e+00 0.000e+00 0.000e+00 0.000e+00
2.239e-16 0.000e+00 0.000e+00 0.000e+00 0.000e+00 0.000e+00
2.512e-16 0.000e+00 0.000e+00 0.000e+00 0.000e+00 0.000e+00
2.818e-16 0.000e+00 0.000e+00 0.000e+00 0.000e+00 0.000e+00
3.162e-16 0.000e+00 0.000e+00 0.000e+00 0.000e+00 0.000e+00
3.548e-16 0.000e+00 0.000e+00 0.000e+00 0.000e+00 0.000e+00
3.981e-16 0.000e+00 0.000e+00 0.000e+00 0.000e+00 0.000e+00
4.467e-16 0.000e+00 0.000e+00 0.000e+00 0.000e+00 0.000e+00
5.012e-16 0.000e+00 0.000e+00 0.000e+00 0.000e+00 0.000e+00
5.623e-16 0.000e+00 0.000e+00 0.000e+00 0.000e+00 0.000e+00
6.310e-16 0.000e+00 0.000e+00 0.000e+00 0.000e+00 0.000e+00
7.079e-16 0.000e+00 0.000e+00 0.000e+00 0.000e+00 0.000e+00
7.943e-16 0.000e+00 0.000e+00 0.000e+00 0.000e+00 0.000e+00
8.913e-16 0.000e+00 0.000e+00 0.000e+00 0.000e+00 0.000e+00
1.000e-15 0.000e+00 0.000e+00 0.000e+00 0.000e+00 0.000e+00
1.122e-15 5.594e+51 1.128e+22 1.130e-35 1.859e-24 2.336e-23
1.259e-15 4.958e+51 1.259e+22 1.261e-35 2.074e-24 2.606e-23
1.413e-15 4.395e+51 1.405e+22 1.407e-35 2.314e-24 2.908e-23
1.585e-15 3.895e+51 1.568e+22 1.570e-35 2.582e-24 3.245e-23
1.778e-15 3.452e+51 1.749e+22 1.752e-35 2.881e-24 3.621e-23
1.995e-15 3.059e+51 1.951e+22 1.955e-35 3.215e-24 4.040e-23
2.239e-15 2.711e+51 2.177e+22 2.181e-35 3.587e-24 4.507e-23
2.512e-15 2.403e+51 2.429e+22 2.433e-35 4.001e-24 5.028e-23
2.818e-15 2.129e+51 2.710e+22 2.714e-35 4.464e-24 5.610e-23
3.162e-15 1.887e+51 3.023e+22 3.028e-35 4.980e-24 6.258e-23
3.548e-15 1.672e+51 3.372e+22 3.378e-35 5.555e-24 6.981e-23
3.981e-15 1.481e+51 3.762e+22 3.768e-35 6.197e-24 7.787e-23
4.467e-15 1.313e+51 4.196e+22 4.203e-35 6.913e-24 8.687e-23
5.012e-15 1.163e+51 4.680e+22 4.688e-35 7.710e-24 9.689e-23
5.623e-15 1.030e+51 5.220e+22 5.229e-35 8.600e-24 1.081e-22
6.310e-15 9.129e+50 5.823e+22 5.833e-35 9.592e-24 1.205e-22
7.079e-15 8.087e+50 6.494e+22 6.505e-35 1.070e-23 1.344e-22
7.943e-15 7.164e+50 7.243e+22 7.255e-35 1.193e-23 1.499e-22
8.913e-15 6.347e+50 8.077e+22 8.091e-35 1.331e-23 1.672e-22
1.000e-14 5.622e+50 9.008e+22 9.023e-35 1.484e-23 1.865e-22
1.122e-14 4.980e+50 1.004e+23 1.006e-34 1.655e-23 2.079e-22
1.259e-14 4.411e+50 1.120e+23 1.122e-34 1.845e-23 2.319e-22
1.413e-14 3.907e+50 1.249e+23 1.251e-34 2.058e-23 2.586e-22
1.585e-14 3.460e+50 1.393e+23 1.395e-34 2.294e-23 2.883e-22
1.778e-14 3.065e+50 1.553e+23 1.555e-34 2.558e-23 3.214e-22
1.995e-14 2.714e+50 1.731e+23 1.734e-34 2.852e-23 3.584e-22
2.239e-14 2.404e+50 1.930e+23 1.933e-34 3.180e-23 3.996e-22
2.512e-14 2.128e+50 2.152e+23 2.155e-34 3.545e-23 4.454e-22
2.818e-14 1.885e+50 2.399e+23 2.403e-34 3.952e-23 4.966e-22
3.162e-14 1.669e+50 2.674e+23 2.678e-34 4.405e-23 5.535e-22
3.548e-14 1.478e+50 2.981e+23 2.986e-34 4.910e-23 6.170e-22
3.981e-14 1.308e+50 3.322e+23 3.328e-34 5.473e-23 6.878e-22
4.467e-14 1.158e+50 3.703e+23 3.709e-34 6.100e-23 7.666e-22
5.012e-14 1.026e+50 4.127e+23 4.134e-34 6.799e-23 8.544e-22
5.623e-14 9.079e+49 4.600e+23 4.608e-34 7.578e-23 9.522e-22
6.310e-14 8.037e+49 5.126e+23 5.135e-34 8.445e-23 1.061e-21
7.079e-14 7.114e+49 5.713e+23 5.722e-34 9.411e-23 1.183e-21
7.943e-14 6.297e+49 6.366e+23 6.377e-34 1.049e-22 1.318e-21
8.913e-14 5.574e+49 7.093e+23 7.105e-34 1.169e-22 1.468e-21
1.000e-13 4.933e+49 7.904e+23 7.917e-34 1.302e-22 1.636e-21
1.122e-13 4.366e+49 8.806e+23 8.821e-34 1.451e-22 1.823e-21
1.259e-13 3.864e+49 9.811e+23 9.828e-34 1.616e-22 2.031e-21
1.413e-13 3.419e+49 1.093e+24 1.095e-33 1.801e-22 2.263e-21
1.585e-13 3.026e+49 1.218e+24 1.220e-33 2.006e-22 2.521e-21
1.778e-13 2.677e+49 1.356e+24 1.359e-33 2.235e-22 2.808e-21
1.995e-13 2.369e+49 1.511e+24 1.513e-33 2.489e-22 3.128e-21
2.239e-13 2.096e+49 1.683e+24 1.686e-33 2.772e-22 3.484e-21
2.512e-13 1.854e+49 1.874e+24 1.878e-33 3.088e-22 3.880e-21
2.818e-13 1.640e+49 2.088e+24 2.091e-33 3.439e-22 4.322e-21
3.162e-13 1.451e+49 2.325e+24 2.329e-33 3.830e-22 4.813e-21
3.548e-13 1.284e+49 2.589e+24 2.593e-33 4.265e-22 5.359e-21
3.981e-13 1.135e+49 2.883e+24 2.888e-33 4.749e-22 5.968e-21
4.467e-13 1.004e+49 3.210e+24 3.215e-33 5.288e-22 6.645e-21
5.012e-13 8.880e+48 3.574e+24 3.580e-33 5.888e-22 7.399e-21
5.623e-13 7.853e+48 3.979e+24 3.986e-33 6.555e-22 8.237e-21
6.310e-13 6.945e+48 4.430e+24 4.437e-33 7.297e-22 9.170e-21
7.079e-13 6.141e+48 4.931e+24 4.939e-33 8.123e-22 1.021e-20
7.943e-13 5.430e+48 5.489e+24 5.498e-33 9.042e-22 1.136e-20
8.913e-13 4.801e+48 6.109e+24 6.120e-33 1.006e-21 1.265e-20
1.000e-12 4.244e+48 6.800e+24 6.811e-33 1.120e-21 1.408e-20
1.122e-12 3.752e+48 7.568e+24 7.580e-33 1.247e-21 1.567e-20
1.259e-12 3.316e+48 8.421e+24 8.436e-33 1.387e-21 1.743e-20
1.413e-12 2.931e+48 9.371e+24 9.387e-33 1.544e-21 1.940e-20
1.585e-12 2.591e+48 1.043e+25 1.044e-32 1.718e-21 2.159e-20
1.778e-12 2.290e+48 1.160e+25 1.162e-32 1.911e-21 2.402e-20
1.995e-12 2.024e+48 1.291e+25 1.293e-32 2.126e-21 2.672e-20
2.239e-12 1.788e+48 1.436e+25 1.438e-32 2.365e-21 2.972e-20
2.512e-12 1.580e+48 1.597e+25 1.600e-32 2.631e-21 3.306e-20
2.818e-12 1.396e+48 1.776e+25 1.779e-32 2.927e-21 3.678e-20
3.162e-12 1.233e+48 1.976e+25 1.979e-32 3.255e-21 4.090e-20
3.548e-12 1.089e+48 2.197e+25 2.201e-32 3.620e-21 4.549e-20
3.981e-12 9.623e+47 2.443e+25 2.448e-32 4.025e-21 5.058e-20
4.467e-12 8.499e+47 2.717e+25 2.722e-32 4.476e-21 5.625e-20
5.012e-12 7.506e+47 3.021e+25 3.026e-32 4.976e-21 6.254e-20
5.623e-12 6.629e+47 3.358e+25 3.364e-32 5.533e-21 6.952e-20
6.310e-12 5.853e+47 3.733e+25 3.740e-32 6.150e-21 7.729e-20
7.079e-12 5.168e+47 4.150e+25 4.157e-32 6.836e-21 8.591e-20
7.943e-12 4.563e+47 4.612e+25 4.620e-32 7.598e-21 9.549e-20
8.913e-12 4.028e+47 5.126e+25 5.135e-32 8.445e-21 1.061e-19
1.000e-11 3.555e+47 5.696e+25 5.706e-32 9.384e-21 1.179e-19
1.122e-11 3.138e+47 6.330e+25 6.340e-32 1.043e-20 1.310e-19
1.259e-11 2.770e+47 7.033e+25 7.045e-32 1.159e-20 1.456e-19
1.413e-11 2.444e+47 7.813e+25 7.826e-32 1.287e-20 1.617e-19
1.585e-11 2.157e+47 8.679e+25 8.694e-32 1.430e-20 1.797e-19
1.778e-11 1.903e+47 9.640e+25 9.656e-32 1.588e-20 1.996e-19
1.995e-11 1.679e+47 1.071e+26 1.072e-31 1.764e-20 2.216e-19
2.239e-11 1.481e+47 1.189e+26 1.191e-31 1.959e-20 2.461e-19
2.512e-11 1.306e+47 1.320e+26 1.322e-31 2.175e-20 2.733e-19
2.818e-11 1.152e+47 1.466e+26 1.468e-31 2.415e-20 3.034e-19
3.162e-11 1.016e+47 1.627e+26 1.630e-31 2.681e-20 3.369e-19
3.548e-11 8.955e+46 1.806e+26 1.809e-31 2.976e-20 3.739e-19
3.981e-11 7.895e+46 2.005e+26 2.008e-31 3.303e-20 4.150e-19
4.467e-11 6.960e+46 2.225e+26 2.229e-31 3.665e-20 4.606e-19
5.012e-11 6.134e+46 2.469e+26 2.473e-31 4.067e-20 5.111e-19
5.623e-11 5.406e+46 2.739e+26 2.744e-31 4.512e-20 5.670e-19
6.310e-11 4.764e+46 3.039e+26 3.044e-31 5.006e-20 6.291e-19
7.079e-11 4.198e+46 3.371e+26 3.376e-31 5.553e-20 6.978e-19
7.943e-11 3.698e+46 3.738e+26 3.745e-31 6.159e-20 7.739e-19
8.913e-11 3.258e+46 4.146e+26 4.153e-31 6.830e-20 8.583e-19
1.000e-10 2.869e+46 4.597e+26 4.605e-31 7.573e-20 9.517e-19
1.122e-10 2.527e+46 5.097e+26 5.105e-31 8.396e-20 1.055e-18
1.259e-10 2.225e+46 5.650e+26 5.659e-31 9.307e-20 1.170e-18
1.413e-10 1.959e+46 6.262e+26 6.273e-31 1.032e-19 1.296e-18
1.585e-10 1.724e+46 6.940e+26 6.952e-31 1.143e-19 1.437e-18
1.778e-10 1.518e+46 7.690e+26 7.703e-31 1.267e-19 1.592e-18
1.995e-10 1.336e+46 8.520e+26 8.534e-31 1.404e-19 1.764e-18
2.239e-10 1.175e+46 9.438e+26 9.454e-31 1.555e-19 1.954e-18
2.512e-10 1.034e+46 1.045e+27 1.047e-30 1.722e-19 2.164e-18
2.818e-10 9.097e+45 1.158e+27 1.160e-30 1.907e-19 2.397e-18
3.162e-10 8.002e+45 1.282e+27 1.284e-30 2.112e-19 2.654e-18
3.548e-10 7.037e+45 1.419e+27 1.422e-30 2.338e-19 2.938e-18
3.981e-10 6.188e+45 1.571e+27 1.574e-30 2.588e-19 3.253e-18
4.467e-10 5.440e+45 1.739e+27 1.742e-30 2.865e-19 3.600e-18
5.012e-10 4.782e+45 1.925e+27 1.928e-30 3.171e-19 3.984e-18
5.623e-10 4.203e+45 2.130e+27 2.133e-30 3.508e-19 4.409e-18
6.310e-10 3.694e+45 2.356e+27 2.360e-30 3.881e-19 4.878e-18
7.079e-10 3.246e+45 2.606e+27 2.611e-30 4.294e-19 5.396e-18
7.943e-10 2.852e+45 2.883e+27 2.888e-30 4.749e-19 5.968e-18
8.913e-10 2.505e+45 3.188e+27 3.194e-30 5.252e-19 6.600e-18
1.000e-09 2.200e+45 3.525e+27 3.531e-30 5.808e-19 7.298e-18
1.122e-09 1.933e+45 3.898e+27 3.905e-30 6.421e-19 8.069e-18
1.259e-09 1.697e+45 4.309e+27 4.317e-30 7.099e-19 8.921e-18
1.413e-09 1.490e+45 4.763e+27 4.771e-30 7.847e-19 9.861e-18
1.585e-09 1.308e+45 5.265e+27 5.274e-30 8.673e-19 1.090e-17
1.778e-09 1.148e+45 5.819e+27 5.829e-30 9.586e-19 1.205e-17
1.995e-09 1.008e+45 6.430e+27 6.441e-30 1.059e-18 1.331e-17
2.239e-09 8.848e+44 7.105e+27 7.117e-30 1.171e-18 1.471e-17
2.512e-09 7.766e+44 7.851e+27 7.864e-30 1.293e-18 1.625e-17
2.818e-09 6.816e+44 8.674e+27 8.689e-30 1.429e-18 1.796e-17
3.162e-09 5.981e+44 9.583e+27 9.599e-30 1.579e-18 1.984e-17
3.548e-09 5.249e+44 1.059e+28 1.060e-29 1.744e-18 2.192e-17
3.981e-09 4.606e+44 1.170e+28 1.172e-29 1.927e-18 2.421e-17
4.467e-09 4.041e+44 1.292e+28 1.294e-29 2.128e-18 2.675e-17
5.012e-09 3.546e+44 1.427e+28 1.430e-29 2.351e-18 2.955e-17
5.623e-09 3.112e+44 1.577e+28 1.579e-29 2.597e-18 3.264e-17
6.310e-09 2.730e+44 1.742e+28 1.744e-29 2.869e-18 3.605e-17
7.079e-09 2.396e+44 1.924e+28 1.927e-29 3.169e-18 3.982e-17
7.943e-09 2.102e+44 2.125e+28 2.128e-29 3.500e-18 4.399e-17
8.913e-09 1.844e+44 2.347e+28 2.351e-29 3.866e-18 4.858e-17
1.000e-08 1.618e+44 2.592e+28 2.596e-29 4.270e-18 5.365e-17
1.122e-08 1.419e+44 2.862e+28 2.867e-29 4.714e-18 5.924e-17
1.259e-08 1.244e+44 3.159e+28 3.165e-29 5.204e-18 6.540e-17
1.413e-08 1.091e+44 3.486e+28 3.492e-29 5.744e-18 7.218e-17
1.585e-08 9.556e+43 3.846e+28 3.852e-29 6.336e-18 7.962e-17
1.778e-08 8.369e+43 4.240e+28 4.247e-29 6.985e-18 8.778e-17
1.995e-08 7.323e+43 4.671e+28 4.679e-29 7.695e-18 9.670e-17
2.239e-08 6.403e+43 5.141e+28 5.150e-29 8.470e-18 1.064e-16
2.512e-08 5.591e+43 5.652e+28 5.661e-29 9.311e-18 1.170e-16
2.818e-08 4.875e+43 6.204e+28 6.214e-29 1.022e-17 1.284e-16
3.162e-08 4.242e+43 6.797e+28 6.809e-29 1.120e-17 1.407e-16
3.548e-08 3.684e+43 7.431e+28 7.443e-29 1.224e-17 1.538e-16
3.981e-08 3.190e+43 8.101e+28 8.115e-29 1.335e-17 1.677e-16
4.467e-08 2.754e+43 8.803e+28 8.818e-29 1.450e-17 1.822e-16
5.012e-08 2.367e+43 9.525e+28 9.542e-29 1.569e-17 1.972e-16
5.623e-08 2.024e+43 1.025e+29 1.027e-28 1.689e-17 2.123e-16
6.310e-08 1.718e+43 1.096e+29 1.097e-28 1.805e-17 2.268e-16
7.079e-08 1.436e+43 1.153e+29 1.155e-28 1.900e-17 2.388e-16
7.943e-08 1.185e+43 1.198e+29 1.200e-28 1.974e-17 2.481e-16
8.913e-08 1.011e+43 1.286e+29 1.289e-28 2.119e-17 2.663e-16
1.000e-07 8.576e+42 1.374e+29 1.376e-28 2.263e-17 2.844e-16
1.122e-07 7.231e+42 1.459e+29 1.461e-28 2.403e-17 3.020e-16
1.259e-07 6.051e+42 1.536e+29 1.539e-28 2.531e-17 3.181e-16
1.413e-07 4.989e+42 1.595e+29 1.597e-28 2.627e-17 3.301e-16
1.585e-07 4.098e+42 1.649e+29 1.652e-28 2.717e-17 3.414e-16
1.778e-07 3.420e+42 1.733e+29 1.736e-28 2.855e-17 3.587e-16
1.995e-07 2.831e+42 1.806e+29 1.809e-28 2.975e-17 3.739e-16
2.239e-07 2.299e+42 1.846e+29 1.849e-28 3.041e-17 3.821e-16
2.512e-07 1.887e+42 1.908e+29 1.911e-28 3.143e-17 3.950e-16
2.818e-07 1.551e+42 1.974e+29 1.977e-28 3.252e-17 4.086e-16
3.162e-07 1.241e+42 1.989e+29 1.992e-28 3.277e-17 4.118e-16
3.548e-07 1.019e+42 2.056e+29 2.059e-28 3.386e-17 4.255e-16
3.981e-07 8.260e+41 2.097e+29 2.101e-28 3.455e-17 4.342e-16
4.467e-07 6.620e+41 2.116e+29 2.120e-28 3.486e-17 4.381e-16
5.012e-07 5.350e+41 2.153e+29 2.157e-28 3.547e-17 4.457e-16
5.623e-07 4.259e+41 2.158e+29 2.162e-28 3.555e-17 4.467e-16
6.310e-07 3.422e+41 2.182e+29 2.186e-28 3.595e-17 4.518e-16
7.079e-07 2.719e+41 2.183e+29 2.187e-28 3.596e-17 4.519e-16
7.943e-07 2.155e+41 2.178e+29 2.182e-28 3.589e-17 4.510e-16
8.913e-07 1.725e+41 2.196e+29 2.199e-28 3.617e-17 4.545e-16
1.000e-06 1.450e+41 2.323e+29 2.327e-28 3.827e-17 4.809e-16
1.122e-06 1.150e+41 2.320e+29 2.324e-28 3.822e-17 4.803e-16
1.259e-06 9.702e+40 2.464e+29 2.468e-28 4.059e-17 5.100e-16
1.413e-06 8.102e+40 2.590e+29 2.595e-28 4.267e-17 5.362e-16
1.585e-06 6.290e+40 2.531e+29 2.536e-28 4.170e-17 5.240e-16
1.778e-06 5.303e+40 2.687e+29 2.692e-28 4.427e-17 5.563e-16
1.995e-06 4.137e+40 2.639e+29 2.643e-28 4.347e-17 5.463e-16
2.239e-06 3.418e+40 2.745e+29 2.749e-28 4.521e-17 5.682e-16
2.512e-06 2.817e+40 2.847e+29 2.852e-28 4.691e-17 5.894e-16
2.818e-06 2.159e+40 2.747e+29 2.752e-28 4.526e-17 5.688e-16
3.162e-06 1.788e+40 2.864e+29 2.869e-28 4.719e-17 5.930e-16
3.548e-06 1.485e+40 2.995e+29 3.000e-28 4.933e-17 6.199e-16
3.981e-06 1.225e+40 3.111e+29 3.116e-28 5.124e-17 6.440e-16
4.467e-06 9.329e+39 2.982e+29 2.987e-28 4.913e-17 6.174e-16
5.012e-06 7.629e+39 3.070e+29 3.075e-28 5.058e-17 6.356e-16
5.623e-06 6.232e+39 3.157e+29 3.163e-28 5.201e-17 6.536e-16
6.310e-06 5.086e+39 3.244e+29 3.250e-28 5.344e-17 6.716e-16
7.079e-06 3.802e+39 3.053e+29 3.058e-28 5.029e-17 6.319e-16
7.943e-06 3.080e+39 3.114e+29 3.119e-28 5.130e-17 6.446e-16
8.913e-06 2.495e+39 3.175e+29 3.180e-28 5.230e-17 6.572e-16
1.000e-05 2.020e+39 3.236e+29 3.241e-28 5.331e-17 6.699e-16
1.122e-05 1.484e+39 2.994e+29 2.999e-28 4.932e-17 6.198e-16
1.259e-05 1.192e+39 3.027e+29 3.032e-28 4.986e-17 6.266e-16
1.413e-05 9.798e+38 3.132e+29 3.138e-28 5.160e-17 6.484e-16
1.585e-05 7.976e+38 3.210e+29 3.215e-28 5.288e-17 6.645e-16
1.778e-05 6.477e+38 3.282e+29 3.287e-28 5.406e-17 6.793e-16
1.995e-05 5.254e+38 3.351e+29 3.357e-28 5.520e-17 6.937e-16
2.239e-05 4.259e+38 3.420e+29 3.426e-28 5.634e-17 7.080e-16
2.512e-05 3.079e+38 3.112e+29 3.117e-28 5.127e-17 6.443e-16
2.818e-05 2.474e+38 3.149e+29 3.154e-28 5.187e-17 6.518e-16
3.162e-05 1.988e+38 3.185e+29 3.191e-28 5.248e-17 6.594e-16
3.548e-05 1.598e+38 3.222e+29 3.228e-28 5.309e-17 6.671e-16
3.981e-05 1.284e+38 3.260e+29 3.265e-28 5.370e-17 6.748e-16
4.467e-05 1.031e+38 3.297e+29 3.303e-28 5.432e-17 6.826e-16
5.012e-05 8.286e+37 3.335e+29 3.340e-28 5.494e-17 6.903e-16
5.623e-05 6.656e+37 3.372e+29 3.378e-28 5.556e-17 6.981e-16
6.310e-05 5.346e+37 3.410e+29 3.416e-28 5.618e-17 7.060e-16
7.079e-05 4.294e+37 3.448e+29 3.454e-28 5.680e-17 7.138e-16
7.943e-05 3.448e+37 3.486e+29 3.492e-28 5.742e-17 7.216e-16
8.913e-05 2.769e+37 3.523e+29 3.529e-28 5.804e-17 7.294e-16
1.000e-04 2.223e+37 3.561e+29 3.567e-28 5.867e-17 7.372e-16
1.122e-04 1.569e+37 3.164e+29 3.170e-28 5.213e-17 6.551e-16
1.259e-04 1.246e+37 3.164e+29 3.170e-28 5.213e-17 6.551e-16
1.413e-04 9.899e+36 3.164e+29 3.170e-28 5.213e-17 6.551e-16
1.585e-04 7.863e+36 3.164e+29 3.170e-28 5.213e-17 6.551e-16
1.778e-04 6.246e+36 3.164e+29 3.170e-28 5.213e-17 6.551e-16
1.995e-04 4.961e+36 3.164e+29 3.170e-28 5.213e-17 6.551e-16
2.239e-04 3.941e+36 3.164e+29 3.170e-28 5.213e-17 6.551e-16
2.512e-04 3.130e+36 3.164e+29 3.170e-28 5.213e-17 6.551e-16
2.818e-04 2.486e+36 3.164e+29 3.170e-28 5.213e-17 6.551e-16
3.162e-04 1.975e+36 3.164e+29 3.170e-28 5.213e-17 6.551e-16
3.548e-04 1.569e+36 3.164e+29 3.170e-28 5.213e-17 6.551e-16
3.981e-04 1.246e+36 3.164e+29 3.170e-28 5.213e-17 6.551e-16
4.467e-04 9.898e+35 3.164e+29 3.170e-28 5.213e-17 6.551e-16
5.012e-04 7.863e+35 3.164e+29 3.170e-28 5.213e-17 6.551e-16
5.623e-04 6.245e+35 3.164e+29 3.170e-28 5.213e-17 6.551e-16
6.310e-04 4.961e+35 3.164e+29 3.170e-28 5.213e-17 6.550e-16
7.079e-04 3.940e+35 3.164e+29 3.170e-28 5.213e-17 6.550e-16
7.943e-04 3.130e+35 3.164e+29 3.169e-28 5.213e-17 6.550e-16
8.913e-04 2.486e+35 3.164e+29 3.169e-28 5.212e-17 6.550e-16
1.000e-03 1.975e+35 3.164e+29 3.169e-28 5.212e-17 6.550e-16
1.122e-03 1.569e+35 3.164e+29 3.169e-28 5.212e-17 6.550e-16
1.259e-03 1.246e+35 3.164e+29 3.169e-28 5.212e-17 6.550e-16
1.413e-03 9.897e+34 3.164e+29 3.169e-28 5.212e-17 6.550e-16
1.585e-03 7.861e+34 3.164e+29 3.169e-28 5.212e-17 6.550e-16
1.778e-03 6.244e+34 3.164e+29 3.169e-28 5.212e-17 6.549e-16
1.995e-03 4.960e+34 3.164e+29 3.169e-28 5.212e-17 6.549e-16
2.239e-03 3.940e+34 3.164e+29 3.169e-28 5.212e-17 6.549e-16
2.512e-03 3.129e+34 3.163e+29 3.169e-28 5.211e-17 6.549e-16
2.818e-03 2.486e+34 3.163e+29 3.169e-28 5.211e-17 6.549e-16
3.162e-03 1.974e+34 3.163e+29 3.169e-28 5.211e-17 6.548e-16
3.548e-03 1.568e+34 3.163e+29 3.168e-28 5.211e-17 6.548e-16
3.981e-03 1.246e+34 3.163e+29 3.168e-28 5.210e-17 6.548e-16
4.467e-03 9.893e+33 3.163e+29 3.168e-28 5.210e-17 6.547e-16
5.012e-03 7.858e+33 3.162e+29 3.168e-28 5.210e-17 6.547e-16
5.623e-03 6.241e+33 3.162e+29 3.168e-28 5.209e-17 6.546e-16
6.310e-03 4.957e+33 3.162e+29 3.167e-28 5.209e-17 6.546e-16
7.079e-03 3.937e+33 3.162e+29 3.167e-28 5.209e-17 6.545e-16
7.943e-03 3.127e+33 3.161e+29 3.167e-28 5.208e-17 6.545e-16
8.913e-03 2.484e+33 3.161e+29 3.166e-28 5.208e-17 6.544e-16
1.000e-02 1.973e+33 3.161e+29 3.166e-28 5.207e-17 6.543e-16
1.122e-02 1.567e+33 3.160e+29 3.166e-28 5.206e-17 6.542e-16
1.259e-02 1.244e+33 3.160e+29 3.165e-28 5.205e-17 6.541e-16
1.413e-02 9.883e+32 3.159e+29 3.165e-28 5.205e-17 6.540e-16
1.585e-02 7.849e+32 3.159e+29 3.164e-28 5.204e-17 6.539e-16
1.778e-02 6.233e+32 3.158e+29 3.164e-28 5.203e-17 6.538e-16
1.995e-02 4.950e+32 3.157e+29 3.163e-28 5.202e-17 6.536e-16
2.239e-02 3.931e+32 3.157e+29 3.162e-28 5.200e-17 6.535e-16
2.512e-02 3.122e+32 3.156e+29 3.161e-28 5.199e-17 6.533e-16
2.818e-02 2.479e+32 3.155e+29 3.160e-28 5.197e-17 6.531e-16
3.162e-02 1.969e+32 3.154e+29 3.159e-28 5.196e-17 6.529e-16
3.548e-02 1.563e+32 3.153e+29 3.158e-28 5.194e-17 6.527e-16
3.981e-02 1.241e+32 3.152e+29 3.157e-28 5.192e-17 6.524e-16
4.467e-02 9.855e+31 3.150e+29 3.156e-28 5.190e-17 6.522e-16
5.012e-02 7.824e+31 3.149e+29 3.154e-28 5.187e-17 6.518e-16
5.623e-02 6.212e+31 3.147e+29 3.152e-28 5.185e-17 6.515e-16
6.310e-02 4.931e+31 3.145e+29 3.151e-28 5.182e-17 6.511e-16
7.079e-02 3.914e+31 3.143e+29 3.149e-28 5.178e-17 6.507e-16
7.943e-02 3.107e+31 3.141e+29 3.146e-28 5.175e-17 6.503e-16
8.913e-02 2.466e+31 3.139e+29 3.144e-28 5.171e-17 6.498e-16
1.000e-01 1.957e+31 3.136e+29 3.141e-28 5.166e-17 6.492e-16
1.122e-01 1.553e+31 3.133e+29 3.138e-28 5.161e-17 6.486e-16
1.259e-01 1.233e+31 3.130e+29 3.135e-28 5.156e-17 6.479e-16
1.413e-01 9.780e+30 3.126e+29 3.132e-28 5.150e-17 6.472e-16
1.585e-01 7.759e+30 3.122e+29 3.128e-28 5.144e-17 6.464e-16
1.778e-01 6.154e+30 3.118e+29 3.123e-28 5.137e-17 6.455e-16
1.995e-01 4.881e+30 3.113e+29 3.119e-28 5.129e-17 6.445e-16
2.239e-01 3.871e+30 3.108e+29 3.114e-28 5.121e-17 6.435e-16
2.512e-01 3.069e+30 3.103e+29 3.108e-28 5.111e-17 6.423e-16
2.818e-01 2.433e+30 3.097e+29 3.102e-28 5.101e-17 6.410e-16
3.162e-01 1.929e+30 3.090e+29 3.095e-28 5.090e-17 6.396e-16
3.548e-01 1.528e+30 3.082e+29 3.088e-28 5.078e-17 6.381e-16
3.981e-01 1.211e+30 3.074e+29 3.080e-28 5.065e-17 6.364e-16
4.467e-01 9.589e+29 3.065e+29 3.071e-28 5.050e-17 6.346e-16
5.012e-01 7.593e+29 3.056e+29 3.061e-28 5.034e-17 6.326e-16
5.623e-01 6.011e+29 3.045e+29 3.050e-28 5.017e-17 6.304e-16
6.310e-01 4.756e+29 3.034e+29 3.039e-28 4.998e-17 6.280e-16
7.079e-01 3.762e+29 3.021e+29 3.026e-28 4.977e-17 6.254e-16
7.943e-01 2.975e+29 3.008e+29 3.013e-28 4.955e-17 6.226e-16
8.913e-01 2.352e+29 2.993e+29 2.998e-28 4.930e-17 6.195e-16
1.000e+00 1.858e+29 2.977e+29 2.982e-28 4.903e-17 6.162e-16
1.122e+00 1.467e+29 2.959e+29 2.964e-28 4.875e-17 6.126e-16
1.259e+00 1.158e+29 2.940e+29 2.945e-28 4.843e-17 6.086e-16
1.413e+00 9.132e+28 2.919e+29 2.924e-28 4.809e-17 6.043e-16
1.585e+00 7.198e+28 2.897e+29 2.902e-28 4.772e-17 5.997e-16
1.778e+00 5.669e+28 2.872e+29 2.877e-28 4.732e-17 5.946e-16
1.995e+00 4.462e+28 2.846e+29 2.851e-28 4.689e-17 5.892e-16
2.239e+00 3.509e+28 2.818e+29 2.823e-28 4.642e-17 5.833e-16
2.512e+00 2.757e+28 2.787e+29 2.792e-28 4.592e-17 5.770e-16
2.818e+00 2.164e+28 2.754e+29 2.759e-28 4.537e-17 5.702e-16
3.162e+00 1.697e+28 2.719e+29 2.723e-28 4.479e-17 5.629e-16
3.548e+00 1.329e+28 2.681e+29 2.685e-28 4.416e-17 5.550e-16
3.981e+00 1.040e+28 2.640e+29 2.644e-28 4.349e-17 5.465e-16
4.467e+00 8.122e+27 2.596e+29 2.601e-28 4.277e-17 5.375e-16
5.012e+00 6.335e+27 2.550e+29 2.554e-28 4.200e-17 5.278e-16
5.623e+00 4.934e+27 2.500e+29 2.504e-28 4.118e-17 5.175e-16
6.310e+00 3.836e+27 2.447e+29 2.451e-28 4.031e-17 5.065e-16
7.079e+00 2.977e+27 2.390e+29 2.394e-28 3.938e-17 4.948e-16
7.943e+00 2.305e+27 2.330e+29 2.334e-28 3.839e-17 4.824e-16
8.913e+00 1.781e+27 2.267e+29 2.271e-28 3.735e-17 4.693e-16
1.000e+01 1.373e+27 2.200e+29 2.204e-28 3.624e-17 4.555e-16
1.122e+01 1.056e+27 2.130e+29 2.133e-28 3.508e-17 4.409e-16
1.259e+01 8.096e+26 2.056e+29 2.059e-28 3.387e-17 4.256e-16
1.413e+01 6.189e+26 1.978e+29 1.982e-28 3.259e-17 4.096e-16
1.585e+01 4.715e+26 1.898e+29 1.901e-28 3.126e-17 3.929e-16
1.778e+01 3.580e+26 1.814e+29 1.817e-28 2.988e-17 3.755e-16
1.995e+01 2.707e+26 1.727e+29 1.730e-28 2.845e-17 3.575e-16
2.239e+01 2.039e+26 1.637e+29 1.640e-28 2.697e-17 3.389e-16
2.512e+01 1.528e+26 1.545e+29 1.547e-28 2.545e-17 3.198e-16
2.818e+01 1.140e+26 1.450e+29 1.453e-28 2.389e-17 3.002e-16
3.162e+01 8.453e+25 1.354e+29 1.357e-28 2.231e-17 2.804e-16
3.548e+01 6.232e+25 1.257e+29 1.259e-28 2.071e-17 2.602e-16
3.981e+01 4.565e+25 1.159e+29 1.161e-28 1.910e-17 2.400e-16
4.467e+01 3.320e+25 1.061e+29 1.063e-28 1.748e-17 2.197e-16
5.012e+01 2.396e+25 9.641e+28 9.658e-29 1.588e-17 1.996e-16
5.623e+01 1.714e+25 8.683e+28 8.698e-29 1.430e-17 1.798e-16
6.310e+01 1.215e+25 7.747e+28 7.761e-29 1.276e-17 1.604e-16
7.079e+01 8.519e+24 6.841e+28 6.853e-29 1.127e-17 1.416e-16
7.943e+01 5.908e+24 5.972e+28 5.982e-29 9.839e-18 1.236e-16
8.913e+01 4.046e+24 5.149e+28 5.157e-29 8.482e-18 1.066e-16
1.000e+02 2.732e+24 4.377e+28 4.385e-29 7.211e-18 9.062e-17
1.122e+02 1.817e+24 3.665e+28 3.671e-29 6.038e-18 7.588e-17
1.259e+02 1.188e+24 3.017e+28 3.022e-29 4.971e-18 6.246e-17
1.413e+02 7.625e+23 2.438e+28 2.442e-29 4.016e-18 5.046e-17
1.585e+02 4.792e+23 1.928e+28 1.932e-29 3.177e-18 3.992e-17
1.778e+02 2.942e+23 1.491e+28 1.493e-29 2.455e-18 3.086e-17
1.995e+02 1.760e+23 1.122e+28 1.124e-29 1.849e-18 2.324e-17
2.239e+02 1.022e+23 8.208e+27 8.222e-30 1.352e-18 1.699e-17
2.512e+02 5.744e+22 5.806e+27 5.816e-30 9.565e-19 1.202e-17
2.818e+02 3.106e+22 3.953e+27 3.960e-30 6.513e-19 8.184e-18
3.162e+02 1.606e+22 2.573e+27 2.578e-30 4.239e-19 5.327e-18
3.548e+02 7.855e+21 1.584e+27 1.587e-30 2.610e-19 3.280e-18
3.981e+02 3.563e+21 9.047e+26 9.063e-31 1.490e-19 1.873e-18
4.467e+02 1.431e+21 4.575e+26 4.583e-31 7.537e-20 9.471e-19
5.012e+02 4.343e+20 1.748e+26 1.751e-31 2.879e-20 3.618e-19
5.623e+02 0.000e+00 0.000e+00 0.000e+00 0.000e+00 0.000e+00
6.310e+02 0.000e+00 0.000e+00 0.000e+00 0.000e+00 0.000e+00
7.079e+02 0.000e+00 0.000e+00 0.000e+00 0.000e+00 0.000e+00
7.943e+02 0.000e+00 0.000e+00 0.000e+00 0.000e+00 0.000e+00
8.913e+02 0.000e+00 0.000e+00 0.000e+00 0.000e+00 0.000e+00
1.000e+03 0.000e+00 0.000e+00 0.000e+00 0.000e+00 0.000e+00
1.122e+03 0.000e+00 0.000e+00 0.000e+00 0.000e+00 0.000e+00
1.259e+03 0.000e+00 0.000e+00 0.000e+00 0.000e+00 0.000e+00
1.413e+03 0.000e+00 0.000e+00 0.000e+00 0.000e+00 0.000e+00
1.585e+03 0.000e+00 0.000e+00 0.000e+00 0.000e+00 0.000e+00
1.778e+03 0.000e+00 0.000e+00 0.000e+00 0.000e+00 0.000e+00
1.995e+03 0.000e+00 0.000e+00 0.000e+00 0.000e+00 0.000e+00
2.239e+03 0.000e+00 0.000e+00 0.000e+00 0.000e+00 0.000e+00
2.512e+03 0.000e+00 0.000e+00 0.000e+00 0.000e+00 0.000e+00
2.818e+03 0.000e+00 0.000e+00 0.000e+00 0.000e+00 0.000e+00
3.162e+03 0.000e+00 0.000e+00 0.000e+00 0.000e+00 0.000e+00
3.548e+03 0.000e+00 0.000e+00 0.000e+00 0.000e+00 0.000e+00
3.981e+03 0.000e+00 0.000e+00 0.000e+00 0.000e+00 0.000e+00
4.467e+03 0.000e+00 0.000e+00 0.000e+00 0.000e+00 0.000e+00
5.012e+03 0.000e+00 0.000e+00 0.000e+00 0.000e+00 0.000e+00
5.623e+03 0.000e+00 0.000e+00 0.000e+00 0.000e+00 0.000e+00
6.310e+03 0.000e+00 0.000e+00 0.000e+00 0.000e+00 0.000e+00
7.079e+03 0.000e+00 0.000e+00 0.000e+00 0.000e+00 0.000e+00
7.943e+03 0.000e+00 0.000e+00 0.000e+00 0.000e+00 0.000e+00
8.913e+03 0.000e+00 0.000e+00 0.000e+00 0.000e+00 0.000e+00
1.000e+04 0.000e+00 0.000e+00 0.000e+00 0.000e+00 0.000e+00
1.122e+04 0.000e+00 0.000e+00 0.000e+00 0.000e+00 0.000e+00
1.259e+04 0.000e+00 0.000e+00 0.000e+00 0.000e+00 0.000e+00
1.413e+04 0.000e+00 0.000e+00 0.000e+00 0.000e+00 0.000e+00
1.585e+04 0.000e+00 0.000e+00 0.000e+00 0.000e+00 0.000e+00
1.778e+04 0.000e+00 0.000e+00 0.000e+00 0.000e+00 0.000e+00
1.995e+04 0.000e+00 0.000e+00 0.000e+00 0.000e+00 0.000e+00
2.239e+04 0.000e+00 0.000e+00 0.000e+00 0.000e+00 0.000e+00
2.512e+04 0.000e+00 0.000e+00 0.000e+00 0.000e+00 0.000e+00
2.818e+04 0.000e+00 0.000e+00 0.000e+00 0.000e+00 0.000e+00
3.162e+04 0.000e+00 0.000e+00 0.000e+00 0.000e+00 0.000e+00
3.548e+04 0.000e+00 0.000e+00 0.000e+00 0.000e+00 0.000e+00
3.981e+04 0.000e+00 0.000e+00 0.000e+00 0.000e+00 0.000e+00
4.467e+04 0.000e+00 0.000e+00 0.000e+00 0.000e+00 0.000e+00
5.012e+04 0.000e+00 0.000e+00 0.000e+00 0.000e+00 0.000e+00
5.623e+04 0.000e+00 0.000e+00 0.000e+00 0.000e+00 0.000e+00
6.310e+04 0.000e+00 0.000e+00 0.000e+00 0.000e+00 0.000e+00
7.079e+04 0.000e+00 0.000e+00 0.000e+00 0.000e+00 0.000e+00
7.943e+04 0.000e+00 0.000e+00 0.000e+00 0.000e+00 0.000e+00
8.913e+04 0.000e+00 0.000e+00 0.000e+00 0.000e+00 0.000e+00
1.000e+05 0.000e+00 0.000e+00 0.000e+00 0.000e+00 0.000e+00
1.122e+05 0.000e+00 0.000e+00 0.000e+00 0.000e+00 0.000e+00
1.259e+05 0.000e+00 0.000e+00 0.000e+00 0.000e+00 0.000e+00
1.413e+05 0.000e+00 0.000e+00 0.000e+00 0.000e+00 0.000e+00
1.585e+05 0.000e+00 0.000e+00 0.000e+00 0.000e+00 0.000e+00
1.778e+05 0.000e+00 0.000e+00 0.000e+00 0.000e+00 0.000e+00
1.995e+05 0.000e+00 0.000e+00 0.000e+00 0.000e+00 0.000e+00
2.239e+05 0.000e+00 0.000e+00 0.000e+00 0.000e+00 0.000e+00
2.512e+05 0.000e+00 0.000e+00 0.000e+00 0.000e+00 0.000e+00
2.818e+05 0.000e+00 0.000e+00 0.000e+00 0.000e+00 0.000e+00
3.162e+05 0.000e+00 0.000e+00 0.000e+00 0.000e+00 0.000e+00
3.548e+05 0.000e+00 0.000e+00 0.000e+00 0.000e+00 0.000e+00
3.981e+05 0.000e+00 0.000e+00 0.000e+00 0.000e+00 0.000e+00
4.467e+05 0.000e+00 0.000e+00 0.000e+00 0.000e+00 0.000e+00
5.012e+05 0.000e+00 0.000e+00 0.000e+00 0.000e+00 0.000e+00
5.623e+05 0.000e+00 0.000e+00 0.000e+00 0.000e+00 0.000e+00
6.310e+05 0.000e+00 0.000e+00 0.000e+00 0.000e+00 0.000e+00
7.079e+05 0.000e+00 0.000e+00 0.000e+00 0.000e+00 0.000e+00
7.943e+05 0.000e+00 0.000e+00 0.000e+00 0.000e+00 0.000e+00
8.913e+05 0.000e+00 0.000e+00 0.000e+00 0.000e+00 0.000e+00
1.000e+06 0.000e+00 0.000e+00 0.000e+00 0.000e+00 0.000e+00
1.122e+06 0.000e+00 0.000e+00 0.000e+00 0.000e+00 0.000e+00
1.259e+06 0.000e+00 0.000e+00 0.000e+00 0.000e+00 0.000e+00
1.413e+06 0.000e+00 0.000e+00 0.000e+00 0.000e+00 0.000e+00
1.585e+06 0.000e+00 0.000e+00 0.000e+00 0.000e+00 0.000e+00
1.778e+06 0.000e+00 0.000e+00 0.000e+00 0.000e+00 0.000e+00
1.995e+06 0.000e+00 0.000e+00 0.000e+00 0.000e+00 0.000e+00
2.239e+06 0.000e+00 0.000e+00 0.000e+00 0.000e+00 0.000e+00
2.512e+06 0.000e+00 0.000e+00 0.000e+00 0.000e+00 0.000e+00
2.818e+06 0.000e+00 0.000e+00 0.000e+00 0.000e+00 0.000e+00
3.162e+06 0.000e+00 0.000e+00 0.000e+00 0.000e+00 0.000e+00
3.548e+06 0.000e+00 0.000e+00 0.000e+00 0.000e+00 0.000e+00
3.981e+06 0.000e+00 0.000e+00 0.000e+00 0.000e+00 0.000e+00
4.467e+06 0.000e+00 0.000e+00 0.000e+00 0.000e+00 0.000e+00
5.012e+06 0.000e+00 0.000e+00 0.000e+00 0.000e+00 0.000e+00
5.623e+06 0.000e+00 0.000e+00 0.000e+00 0.000e+00 0.000e+00
6.310e+06 0.000e+00 0.000e+00 0.000e+00 0.000e+00 0.000e+00
7.079e+06 0.000e+00 0.000e+00 0.000e+00 0.000e+00 0.000e+00
7.943e+06 0.000e+00 0.000e+00 0.000e+00 0.000e+00 0.000e+00
8.913e+06 0.000e+00 0.000e+00 0.000e+00 0.000e+00 0.000e+00
1.000e+07 0.000e+00 0.000e+00 0.000e+00 0.000e+00 0.000e+00
1.122e+07 0.000e+00 0.000e+00 0.000e+00 0.000e+00 0.000e+00
1.259e+07 0.000e+00 0.000e+00 0.000e+00 0.000e+00 0.000e+00
1.413e+07 0.000e+00 0.000e+00 0.000e+00 0.000e+00 0.000e+00
1.585e+07 0.000e+00 0.000e+00 0.000e+00 0.000e+00 0.000e+00
1.778e+07 0.000e+00 0.000e+00 0.000e+00 0.000e+00 0.000e+00
1.995e+07 0.000e+00 0.000e+00 0.000e+00 0.000e+00 0.000e+00
2.239e+07 0.000e+00 0.000e+00 0.000e+00 0.000e+00 0.000e+00
2.512e+07 0.000e+00 0.000e+00 0.000e+00 0.000e+00 0.000e+00
2.818e+07 0.000e+00 0.000e+00 0.000e+00 0.000e+00 0.000e+00
3.162e+07 0.000e+00 0.000e+00 0.000e+00 0.000e+00 0.000e+00
3.548e+07 0.000e+00 0.000e+00 0.000e+00 0.000e+00 0.000e+00
3.981e+07 0.000e+00 0.000e+00 0.000e+00 0.000e+00 0.000e+00
4.467e+07 0.000e+00 0.000e+00 0.000e+00 0.000e+00 0.000e+00
5.012e+07 0.000e+00 0.000e+00 0.000e+00 0.000e+00 0.000e+00
5.623e+07 0.000e+00 0.000e+00 0.000e+00 0.000e+00 0.000e+00
6.310e+07 0.000e+00 0.000e+00 0.000e+00 0.000e+00 0.000e+00
7.079e+07 0.000e+00 0.000e+00 0.000e+00 0.000e+00 0.000e+00
7.943e+07 0.000e+00 0.000e+00 0.000e+00 0.000e+00 0.000e+00
8.913e+07 0.000e+00 0.000e+00 0.000e+00 0.000e+00 0.000e+00
1.000e+08 0.000e+00 0.000e+00 0.000e+00 0.000e+00 0.000e+00
