1.000e-20 0.000e+00 0.000e+00 0.000e+00 0.000e+00 0.000e+00
1.122e-20 0.000e+00 0.000e+00 0.000e+00 0.000e+00 0.000e+00
1.259e-20 0.000e+00 0.000e+00 0.000e+00 0.000e+00 0.000e+00
1.413e-20 0.000e+00 0.000e+00 0.000e+00 0.000e+00 0.000e+00
1.585e-20 0.000e+00 0.000e+00 0.000e+00 0.000e+00 0.000e+00
1.778e-20 0.000e+00 0.000e+00 0.000e+00 0.000e+00 0.000e+00
1.995e-20 0.000e+00 0.000e+00 0.000e+00 0.000e+00 0.000e+00
2.239e-20 0.000e+00 0.000e+00 0.000e+00 0.000e+00 0.000e+00
2.512e-20 0.000e+00 0.000e+00 0.000e+00 0.000e+00 0.000e+00
2.818e-20 0.000e+00 0.000e+00 0.000e+00 0.000e+00 0.000e+00
3.162e-20 0.000e+00 0.000e+00 0.000e+00 0.000e+00 0.000e+00
3.548e-20 0.000e+00 0.000e+00 0.000e+00 0.000e+00 0.000e+00
3.981e-20 0.000e+00 0.000e+00 0.000e+00 0.000e+00 0.000e+00
4.467e-20 0.000e+00 0.000e+00 0.000e+00 0.000e+00 0.000e+00
5.012e-20 0.000e+00 0.000e+00 0.000e+00 0.000e+00 0.000e+00
5.623e-20 0.000e+00 0.000e+00 0.000e+00 0.000e+00 0.000e+00
6.310e-20 0.000e+00 0.000e+00 0.000e+00 0.000e+00 0.000e+00
7.079e-20 0.000e+00 0.000e+00 0.000e+00 0.000e+00 0.000e+00
7.943e-20 0.000e+00 0.000e+00 0.000e+00 0.000e+00 0.000e+00
8.913e-20 0.000e+00 0.000e+00 0.000e+00 0.000e+00 0.000e+00
1.000e-19 0.000e+00 0.000e+00 0.000e+00 0.000e+00 0.000e+00
1.122e-19 0.000e+00 0.000e+00 0.000e+00 0.000e+00 0.000e+00
1.259e-19 0.000e+00 0.000e+00 0.000e+00 0.000e+00 0.000e+00
1.413e-19 0.000e+00 0.000e+00 0.000e+00 0.000e+00 0.000e+00
1.585e-19 0.000e+00 0.000e+00 0.000e+00 0.000e+00 0.000e+00
1.778e-19 0.000e+00 0.000e+00 0.000e+00 0.000e+00 0.000e+00
1.995e-19 0.000e+00 0.000e+00 0.000e+00 0.000e+00 0.000e+00
2.239e-19 0.000e+00 0.000e+00 0.000e+00 0.000e+00 0.000e+00
2.512e-19 0.000e+00 0.000e+00 0.000e+00 0.000e+00 0.000e+00
2.818e-19 0.000e+00 0.000e+00 0.000e+00 0.000e+00 0.000e+00
3.162e-19 0.000e+00 0.000e+00 0.000e+00 0.000e+00 0.000e+00
3.548e-19 0.000e+00 0.000e+00 0.000e+00 0.000e+00 0.000e+00
3.981e-19 0.000e+00 0.000e+00 0.000e+00 0.000e+00 0.000e+00
4.467e-19 0.000e+00 0.000e+00 0.000e+00 0.000e+00 0.000e+00
5.012e-19 0.000e+00 0.000e+00 0.000e+00 0.000e+00 0.000e+00
5.623e-19 0.000e+00 0.000e+00 0.000e+00 0.000e+00 0.000e+00
6.310e-19 0.000e+00 0.000e+00 0.000e+00 0.000e+00 0.000e+00
7.079e-19 0.000e+00 0.000e+00 0.000e+00 0.000e+00 0.000e+00
7.943e-19 0.000e+00 0.000e+00 0.000e+00 0.000e+00 0.000e+00
8.913e-19 0.000e+00 0.000e+00 0.000e+00 0.000e+00 0.000e+00
1.000e-18 0.000e+00 0.000e+00 0.000e+00 0.000e+00 0.000e+00
1.122e-18 0.000e+00 0.000e+00 0.000e+00 0.000e+00 0.000e+00
1.259e-18 0.000e+00 0.000e+00 0.000e+00 0.000e+00 0.000e+00
1.413e-18 0.000e+00 0.000e+00 0.000e+00 0.000e+00 0.000e+00
1.585e-18 0.000e+00 0.000e+00 0.000e+00 0.000e+00 0.000e+00
1.778e-18 0.000e+00 0.000e+00 0.000e+00 0.000e+00 0.000e+00
1.995e-18 0.000e+00 0.000e+00 0.000e+00 0.000e+00 0.000e+00
2.239e-18 0.000e+00 0.000e+00 0.000e+00 0.000e+00 0.000e+00
2.512e-18 0.000e+00 0.000e+00 0.000e+00 0.000e+00 0.000e+00
2.818e-18 0.000e+00 0.000e+00 0.000e+00 0.000e+00 0.000e+00
3.162e-18 0.000e+00 0.000e+00 0.000e+00 0.000e+00 0.000e+00
3.548e-18 0.000e+00 0.000e+00 0.000e+00 0.000e+00 0.000e+00
3.981e-18 0.000e+00 0.000e+00 0.000e+00 0.000e+00 0.000e+00
4.467e-18 0.000e+00 0.000e+00 0.000e+00 0.000e+00 0.000e+00
5.012e-18 0.000e+00 0.000e+00 0.000e+00 0.000e+00 0.000e+00
5.623e-18 0.000e+00 0.000e+00 0.000e+00 0.000e+00 0.000e+00
6.310e-18 0.000e+00 0.000e+00 0.000e+00 0.000e+00 0.000e+00
7.079e-18 0.000e+00 0.000e+00 0.000e+00 0.000e+00 0.000e+00
7.943e-18 0.000e+00 0.000e+00 0.000e+00 0.000e+00 0.000e+00
8.913e-18 0.000e+00 0.000e+00 0.000e+00 0.000e+00 0.000e+00
1.000e-17 0.000e+00 0.000e+00 0.000e+00 0.000e+00 0.000e+00
1.122e-17 0.000e+00 0.000e+00 0.000e+00 0.000e+00 0.000e+00
1.259e-17 0.000e+00 0.000e+00 0.000e+00 0.000e+00 0.000e+00
1.413e-17 0.000e+00 0.000e+00 0.000e+00 0.000e+00 0.000e+00
1.585e-17 0.000e+00 0.000e+00 0.000e+00 0.000e+00 0.000e+00
1.778e-17 0.000e+00 0.000e+00 0.000e+00 0.000e+00 0.000e+00
1.995e-17 0.000e+00 0.000e+00 0.000e+00 0.000e+00 0.000e+00
2.239e-17 0.000e+00 0.000e+00 0.000e+00 0.000e+00 0.000e+00
2.512e-17 0.000e+00 0.000e+00 0.000e+00 0.000e+00 0.000e+00
2.818e-17 0.000e+00 0.000e+00 0.000e+00 0.000e+00 0.000e+00
3.162e-17 0.000e+00 0.000e+00 0.000e+00 0.000e+00 0.000e+00
3.548e-17 0.000e+00 0.000e+00 0.000e+00 0.000e+00 0.000e+00
3.981e-17 0.000e+00 0.000e+00 0.000e+00 0.000e+00 0.000e+00
4.467e-17 0.000e+00 0.000e+00 0.000e+00 0.000e+00 0.000e+00
5.012e-17 0.000e+00 0.000e+00 0.000e+00 0.000e+00 0.000e+00
5.623e-17 0.000e+00 0.000e+00 0.000e+00 0.000e+00 0.000e+00
6.310e-17 0.000e+00 0.000e+00 0.000e+00 0.000e+00 0.000e+00
7.079e-17 0.000e+00 0.000e+00 0.000e+00 0.000e+00 0.000e+00
7.943e-17 0.000e+00 0.000e+00 0.000e+00 0.000e+00 0.000e+00
8.913e-17 0.000e+00 0.000e+00 0.000e+00 0.000e+00 0.000e+00
1.000e-16 0.000e+00 0.000e+00 0.000e+00 0.000e+00 0.000e+00
1.122e-16 0.000e+00 0.000e+00 0.000e+00 0.000e+00 0.000e+00
1.259e-16 0.000e+00 0.000e+00 0.000e+00 0.000e+00 0.000e+00
1.413e-16 0.000e+00 0.000e+00 0.000e+00 0.000e+00 0.000e+00
1.585e-16 0.000e+00 0.000e+00 0.000e+00 0.000e+00 0.000e+00
1.778e-16 0.000e+00 0.000e+00 0.000e+00 0.000e+00 0.000e+00
1.995e-16 0.000e+00 0.000e+00 0.000e+00 0.000e+00 0.000e+00
2.239e-16 0.000e+00 0.000e+00 0.000e+00 0.000e+00 0.000e+00
2.512e-16 0.000e+00 0.000e+00 0.000e+00 0.000e+00 0.000e+00
2.818e-16 0.000e+00 0.000e+00 0.000e+00 0.000e+00 0.000e+00
3.162e-16 0.000e+00 0.000e+00 0.000e+00 0.000e+00 0.000e+00
3.548e-16 0.000e+00 0.000e+00 0.000e+00 0.000e+00 0.000e+00
3.981e-16 0.000e+00 0.000e+00 0.000e+00 0.000e+00 0.000e+00
4.467e-16 0.000e+00 0.000e+00 0.000e+00 0.000e+00 0.000e+00
5.012e-16 0.000e+00 0.000e+00 0.000e+00 0.000e+00 0.000e+00
5.623e-16 0.000e+00 0.000e+00 0.000e+00 0.000e+00 0.000e+00
6.310e-16 0.000e+00 0.000e+00 0.000e+00 0.000e+00 0.000e+00
7.079e-16 0.000e+00 0.000e+00 0.000e+00 0.000e+00 0.000e+00
7.943e-16 0.000e+00 0.000e+00 0.000e+00 0.000e+00 0.000e+00
8.913e-16 0.000e+00 0.000e+00 0.000e+00 0.000e+00 0.000e+00
1.000e-15 0.000e+00 0.000e+00 0.000e+00 0.000e+00 0.000e+00
1.122e-15 0.000e+00 0.000e+00 0.000e+00 0.000e+00 0.000e+00
1.259e-15 0.000e+00 0.000e+00 0.000e+00 0.000e+00 0.000e+00
1.413e-15 0.000e+00 0.000e+00 0.000e+00 0.000e+00 0.000e+00
1.585e-15 0.000e+00 0.000e+00 0.000e+00 0.000e+00 0.000e+00
1.778e-15 0.000e+00 0.000e+00 0.000e+00 0.000e+00 0.000e+00
1.995e-15 0.000e+00 0.000e+00 0.000e+00 0.000e+00 0.000e+00
2.239e-15 0.000e+00 0.000e+00 0.000e+00 0.000e+00 0.000e+00
2.512e-15 0.000e+00 0.000e+00 0.000e+00 0.000e+00 0.000e+00
2.818e-15 0.000e+00 0.000e+00 0.000e+00 0.000e+00 0.000e+00
3.162e-15 0.000e+00 0.000e+00 0.000e+00 0.000e+00 0.000e+00
3.548e-15 0.000e+00 0.000e+00 0.000e+00 0.000e+00 0.000e+00
3.981e-15 0.000e+00 0.000e+00 0.000e+00 0.000e+00 0.000e+00
4.467e-15 0.000e+00 0.000e+00 0.000e+00 0.000e+00 0.000e+00
5.012e-15 0.000e+00 0.000e+00 0.000e+00 0.000e+00 0.000e+00
5.623e-15 0.000e+00 0.000e+00 0.000e+00 0.000e+00 0.000e+00
6.310e-15 0.000e+00 0.000e+00 0.000e+00 0.000e+00 0.000e+00
7.079e-15 0.000e+00 0.000e+00 0.000e+00 0.000e+00 0.000e+00
7.943e-15 0.000e+00 0.000e+00 0.000e+00 0.000e+00 0.000e+00
8.913e-15 0.000e+00 0.000e+00 0.000e+00 0.000e+00 0.000e+00
1.000e-14 0.000e+00 0.000e+00 0.000e+00 0.000e+00 0.000e+00
1.122e-14 0.000e+00 0.000e+00 0.000e+00 0.000e+00 0.000e+00
1.259e-14 0.000e+00 0.000e+00 0.000e+00 0.000e+00 0.000e+00
1.413e-14 0.000e+00 0.000e+00 0.000e+00 0.000e+00 0.000e+00
1.585e-14 0.000e+00 0.000e+00 0.000e+00 0.000e+00 0.000e+00
1.778e-14 0.000e+00 0.000e+00 0.000e+00 0.000e+00 0.000e+00
1.995e-14 0.000e+00 0.000e+00 0.000e+00 0.000e+00 0.000e+00
2.239e-14 0.000e+00 0.000e+00 0.000e+00 0.000e+00 0.000e+00
2.512e-14 0.000e+00 0.000e+00 0.000e+00 0.000e+00 0.000e+00
2.818e-14 0.000e+00 0.000e+00 0.000e+00 0.000e+00 0.000e+00
3.162e-14 0.000e+00 0.000e+00 0.000e+00 0.000e+00 0.000e+00
3.548e-14 0.000e+00 0.000e+00 0.000e+00 0.000e+00 0.000e+00
3.981e-14 0.000e+00 0.000e+00 0.000e+00 0.000e+00 0.000e+00
4.467e-14 0.000e+00 0.000e+00 0.000e+00 0.000e+00 0.000e+00
5.012e-14 0.000e+00 0.000e+00 0.000e+00 0.000e+00 0.000e+00
5.623e-14 0.000e+00 0.000e+00 0.000e+00 0.000e+00 0.000e+00
6.310e-14 0.000e+00 0.000e+00 0.000e+00 0.000e+00 0.000e+00
7.079e-14 0.000e+00 0.000e+00 0.000e+00 0.000e+00 0.000e+00
7.943e-14 0.000e+00 0.000e+00 0.000e+00 0.000e+00 0.000e+00
8.913e-14 0.000e+00 0.000e+00 0.000e+00 0.000e+00 0.000e+00
1.000e-13 0.000e+00 0.000e+00 0.000e+00 0.000e+00 0.000e+00
1.122e-13 0.000e+00 0.000e+00 0.000e+00 0.000e+00 0.000e+00
1.259e-13 0.000e+00 0.000e+00 0.000e+00 0.000e+00 0.000e+00
1.413e-13 0.000e+00 0.000e+00 0.000e+00 0.000e+00 0.000e+00
1.585e-13 0.000e+00 0.000e+00 0.000e+00 0.000e+00 0.000e+00
1.778e-13 0.000e+00 0.000e+00 0.000e+00 0.000e+00 0.000e+00
1.995e-13 0.000e+00 0.000e+00 0.000e+00 0.000e+00 0.000e+00
2.239e-13 0.000e+00 0.000e+00 0.000e+00 0.000e+00 0.000e+00
2.512e-13 0.000e+00 0.000e+00 0.000e+00 0.000e+00 0.000e+00
2.818e-13 0.000e+00 0.000e+00 0.000e+00 0.000e+00 0.000e+00
3.162e-13 0.000e+00 0.000e+00 0.000e+00 0.000e+00 0.000e+00
3.548e-13 0.000e+00 0.000e+00 0.000e+00 0.000e+00 0.000e+00
3.981e-13 0.000e+00 0.000e+00 0.000e+00 0.000e+00 0.000e+00
4.467e-13 0.000e+00 0.000e+00 0.000e+00 0.000e+00 0.000e+00
5.012e-13 0.000e+00 0.000e+00 0.000e+00 0.000e+00 0.000e+00
5.623e-13 0.000e+00 0.000e+00 0.000e+00 0.000e+00 0.000e+00
6.310e-13 0.000e+00 0.000e+00 0.000e+00 0.000e+00 0.000e+00
7.079e-13 0.000e+00 0.000e+00 0.000e+00 0.000e+00 0.000e+00
7.943e-13 0.000e+00 0.000e+00 0.000e+00 0.000e+00 0.000e+00
8.913e-13 0.000e+00 0.000e+00 0.000e+00 0.000e+00 0.000e+00
1.000e-12 0.000e+00 0.000e+00 0.000e+00 0.000e+00 0.000e+00
1.122e-12 2.991e+50 6.033e+26 6.044e-31 1.988e-19 1.249e-18
1.259e-12 2.517e+50 6.391e+26 6.402e-31 2.106e-19 1.323e-18
1.413e-12 2.118e+50 6.770e+26 6.781e-31 2.230e-19 1.401e-18
1.585e-12 1.782e+50 7.171e+26 7.183e-31 2.363e-19 1.484e-18
1.778e-12 1.499e+50 7.596e+26 7.609e-31 2.503e-19 1.572e-18
1.995e-12 1.261e+50 8.046e+26 8.059e-31 2.651e-19 1.666e-18
2.239e-12 1.061e+50 8.522e+26 8.537e-31 2.808e-19 1.764e-18
2.512e-12 8.930e+49 9.027e+26 9.043e-31 2.974e-19 1.869e-18
2.818e-12 7.514e+49 9.562e+26 9.579e-31 3.151e-19 1.980e-18
3.162e-12 6.322e+49 1.013e+27 1.015e-30 3.337e-19 2.097e-18
3.548e-12 5.319e+49 1.073e+27 1.075e-30 3.535e-19 2.221e-18
3.981e-12 4.476e+49 1.136e+27 1.138e-30 3.744e-19 2.353e-18
4.467e-12 3.766e+49 1.204e+27 1.206e-30 3.966e-19 2.492e-18
5.012e-12 3.169e+49 1.275e+27 1.277e-30 4.201e-19 2.640e-18
5.623e-12 2.666e+49 1.351e+27 1.353e-30 4.450e-19 2.796e-18
6.310e-12 2.243e+49 1.431e+27 1.433e-30 4.714e-19 2.962e-18
7.079e-12 1.887e+49 1.516e+27 1.518e-30 4.993e-19 3.137e-18
7.943e-12 1.588e+49 1.605e+27 1.608e-30 5.289e-19 3.323e-18
8.913e-12 1.336e+49 1.700e+27 1.703e-30 5.603e-19 3.520e-18
1.000e-11 1.124e+49 1.801e+27 1.804e-30 5.935e-19 3.729e-18
1.122e-11 9.459e+48 1.908e+27 1.911e-30 6.286e-19 3.950e-18
1.259e-11 7.959e+48 2.021e+27 2.024e-30 6.659e-19 4.184e-18
1.413e-11 6.697e+48 2.141e+27 2.144e-30 7.053e-19 4.432e-18
1.585e-11 5.635e+48 2.268e+27 2.271e-30 7.471e-19 4.694e-18
1.778e-11 4.741e+48 2.402e+27 2.406e-30 7.914e-19 4.972e-18
1.995e-11 3.989e+48 2.544e+27 2.549e-30 8.383e-19 5.267e-18
2.239e-11 3.356e+48 2.695e+27 2.700e-30 8.880e-19 5.579e-18
2.512e-11 2.824e+48 2.855e+27 2.860e-30 9.406e-19 5.910e-18
2.818e-11 2.376e+48 3.024e+27 3.029e-30 9.963e-19 6.260e-18
3.162e-11 1.999e+48 3.203e+27 3.209e-30 1.055e-18 6.631e-18
3.548e-11 1.682e+48 3.393e+27 3.399e-30 1.118e-18 7.024e-18
3.981e-11 1.415e+48 3.594e+27 3.600e-30 1.184e-18 7.440e-18
4.467e-11 1.191e+48 3.807e+27 3.813e-30 1.254e-18 7.881e-18
5.012e-11 1.002e+48 4.032e+27 4.039e-30 1.329e-18 8.348e-18
5.623e-11 8.431e+47 4.271e+27 4.279e-30 1.407e-18 8.842e-18
6.310e-11 7.093e+47 4.524e+27 4.532e-30 1.491e-18 9.366e-18
7.079e-11 5.968e+47 4.793e+27 4.801e-30 1.579e-18 9.921e-18
7.943e-11 5.022e+47 5.077e+27 5.085e-30 1.673e-18 1.051e-17
8.913e-11 4.225e+47 5.377e+27 5.386e-30 1.772e-18 1.113e-17
1.000e-10 3.555e+47 5.696e+27 5.706e-30 1.877e-18 1.179e-17
1.122e-10 2.991e+47 6.033e+27 6.044e-30 1.988e-18 1.249e-17
1.259e-10 2.517e+47 6.391e+27 6.402e-30 2.106e-18 1.323e-17
1.413e-10 2.118e+47 6.770e+27 6.781e-30 2.230e-18 1.401e-17
1.585e-10 1.782e+47 7.171e+27 7.183e-30 2.363e-18 1.484e-17
1.778e-10 1.499e+47 7.596e+27 7.609e-30 2.503e-18 1.572e-17
1.995e-10 1.261e+47 8.046e+27 8.059e-30 2.651e-18 1.666e-17
2.239e-10 1.061e+47 8.522e+27 8.537e-30 2.808e-18 1.764e-17
2.512e-10 8.930e+46 9.027e+27 9.043e-30 2.974e-18 1.869e-17
2.818e-10 7.514e+46 9.562e+27 9.579e-30 3.151e-18 1.980e-17
3.162e-10 6.322e+46 1.013e+28 1.015e-29 3.337e-18 2.097e-17
3.548e-10 5.319e+46 1.073e+28 1.075e-29 3.535e-18 2.221e-17
3.981e-10 4.476e+46 1.136e+28 1.138e-29 3.744e-18 2.353e-17
4.467e-10 3.766e+46 1.204e+28 1.206e-29 3.966e-18 2.492e-17
5.012e-10 3.168e+46 1.275e+28 1.277e-29 4.201e-18 2.640e-17
5.623e-10 2.666e+46 1.351e+28 1.353e-29 4.450e-18 2.796e-17
6.310e-10 2.243e+46 1.431e+28 1.433e-29 4.714e-18 2.962e-17
7.079e-10 1.887e+46 1.516e+28 1.518e-29 4.993e-18 3.137e-17
7.943e-10 1.588e+46 1.605e+28 1.608e-29 5.289e-18 3.323e-17
8.913e-10 1.336e+46 1.700e+28 1.703e-29 5.603e-18 3.520e-17
1.000e-09 1.124e+46 1.801e+28 1.804e-29 5.935e-18 3.729e-17
1.122e-09 9.459e+45 1.908e+28 1.911e-29 6.286e-18 3.950e-17
1.259e-09 7.959e+45 2.021e+28 2.024e-29 6.659e-18 4.184e-17
1.413e-09 6.697e+45 2.141e+28 2.144e-29 7.053e-18 4.432e-17
1.585e-09 5.634e+45 2.268e+28 2.271e-29 7.471e-18 4.694e-17
1.778e-09 4.741e+45 2.402e+28 2.406e-29 7.914e-18 4.972e-17
1.995e-09 3.989e+45 2.544e+28 2.549e-29 8.383e-18 5.267e-17
2.239e-09 3.356e+45 2.695e+28 2.700e-29 8.879e-18 5.579e-17
2.512e-09 2.824e+45 2.855e+28 2.860e-29 9.406e-18 5.910e-17
2.818e-09 2.376e+45 3.024e+28 3.029e-29 9.963e-18 6.260e-17
3.162e-09 1.999e+45 3.203e+28 3.208e-29 1.055e-17 6.631e-17
3.548e-09 1.682e+45 3.393e+28 3.399e-29 1.118e-17 7.024e-17
3.981e-09 1.415e+45 3.594e+28 3.600e-29 1.184e-17 7.440e-17
4.467e-09 1.191e+45 3.807e+28 3.813e-29 1.254e-17 7.881e-17
5.012e-09 1.002e+45 4.032e+28 4.039e-29 1.329e-17 8.348e-17
5.623e-09 8.430e+44 4.271e+28 4.279e-29 1.407e-17 8.842e-17
6.310e-09 7.093e+44 4.524e+28 4.532e-29 1.491e-17 9.366e-17
7.079e-09 5.968e+44 4.792e+28 4.801e-29 1.579e-17 9.921e-17
7.943e-09 5.022e+44 5.076e+28 5.085e-29 1.673e-17 1.051e-16
8.913e-09 4.225e+44 5.377e+28 5.386e-29 1.772e-17 1.113e-16
1.000e-08 3.555e+44 5.696e+28 5.705e-29 1.877e-17 1.179e-16
1.122e-08 2.991e+44 6.033e+28 6.043e-29 1.988e-17 1.249e-16
1.259e-08 2.517e+44 6.391e+28 6.402e-29 2.106e-17 1.323e-16
1.413e-08 2.118e+44 6.769e+28 6.781e-29 2.230e-17 1.401e-16
1.585e-08 1.782e+44 7.170e+28 7.183e-29 2.363e-17 1.484e-16
1.778e-08 1.499e+44 7.595e+28 7.608e-29 2.503e-17 1.572e-16
1.995e-08 1.261e+44 8.045e+28 8.059e-29 2.651e-17 1.666e-16
2.239e-08 1.061e+44 8.522e+28 8.537e-29 2.808e-17 1.764e-16
2.512e-08 8.930e+43 9.027e+28 9.042e-29 2.974e-17 1.869e-16
2.818e-08 7.513e+43 9.562e+28 9.578e-29 3.150e-17 1.979e-16
3.162e-08 6.322e+43 1.013e+29 1.015e-28 3.337e-17 2.097e-16
3.548e-08 5.319e+43 1.073e+29 1.075e-28 3.535e-17 2.221e-16
3.981e-08 4.475e+43 1.136e+29 1.138e-28 3.744e-17 2.353e-16
4.467e-08 3.766e+43 1.204e+29 1.206e-28 3.966e-17 2.492e-16
5.012e-08 3.168e+43 1.275e+29 1.277e-28 4.201e-17 2.640e-16
5.623e-08 2.666e+43 1.351e+29 1.353e-28 4.450e-17 2.796e-16
6.310e-08 2.243e+43 1.431e+29 1.433e-28 4.714e-17 2.962e-16
7.079e-08 1.887e+43 1.515e+29 1.518e-28 4.993e-17 3.137e-16
7.943e-08 1.588e+43 1.605e+29 1.608e-28 5.289e-17 3.323e-16
8.913e-08 1.336e+43 1.700e+29 1.703e-28 5.602e-17 3.520e-16
1.000e-07 1.124e+43 1.801e+29 1.804e-28 5.934e-17 3.728e-16
1.122e-07 9.458e+42 1.908e+29 1.911e-28 6.286e-17 3.949e-16
1.259e-07 7.958e+42 2.021e+29 2.024e-28 6.658e-17 4.183e-16
1.413e-07 6.696e+42 2.140e+29 2.144e-28 7.052e-17 4.431e-16
1.585e-07 5.634e+42 2.267e+29 2.271e-28 7.470e-17 4.694e-16
1.778e-07 4.740e+42 2.402e+29 2.406e-28 7.913e-17 4.972e-16
1.995e-07 3.988e+42 2.544e+29 2.548e-28 8.382e-17 5.266e-16
2.239e-07 3.356e+42 2.695e+29 2.699e-28 8.878e-17 5.578e-16
2.512e-07 2.823e+42 2.854e+29 2.859e-28 9.404e-17 5.909e-16
2.818e-07 2.376e+42 3.023e+29 3.028e-28 9.961e-17 6.259e-16
3.162e-07 1.999e+42 3.202e+29 3.208e-28 1.055e-16 6.630e-16
3.548e-07 1.682e+42 3.392e+29 3.398e-28 1.118e-16 7.022e-16
3.981e-07 1.415e+42 3.593e+29 3.599e-28 1.184e-16 7.438e-16
4.467e-07 1.191e+42 3.806e+29 3.812e-28 1.254e-16 7.879e-16
5.012e-07 1.002e+42 4.031e+29 4.038e-28 1.328e-16 8.346e-16
5.623e-07 8.428e+41 4.270e+29 4.278e-28 1.407e-16 8.840e-16
6.310e-07 7.092e+41 4.523e+29 4.531e-28 1.490e-16 9.364e-16
7.079e-07 5.967e+41 4.791e+29 4.799e-28 1.579e-16 9.919e-16
7.943e-07 5.020e+41 5.075e+29 5.084e-28 1.672e-16 1.051e-15
8.913e-07 4.224e+41 5.376e+29 5.385e-28 1.771e-16 1.113e-15
1.000e-06 3.554e+41 5.694e+29 5.704e-28 1.876e-16 1.179e-15
1.122e-06 2.990e+41 6.031e+29 6.042e-28 1.987e-16 1.249e-15
1.259e-06 2.516e+41 6.389e+29 6.399e-28 2.105e-16 1.323e-15
1.413e-06 2.117e+41 6.767e+29 6.778e-28 2.230e-16 1.401e-15
1.585e-06 1.781e+41 7.168e+29 7.180e-28 2.362e-16 1.484e-15
1.778e-06 1.499e+41 7.592e+29 7.605e-28 2.501e-16 1.572e-15
1.995e-06 1.261e+41 8.042e+29 8.056e-28 2.650e-16 1.665e-15
2.239e-06 1.061e+41 8.518e+29 8.533e-28 2.807e-16 1.763e-15
2.512e-06 8.925e+40 9.023e+29 9.038e-28 2.973e-16 1.868e-15
2.818e-06 7.510e+40 9.557e+29 9.573e-28 3.149e-16 1.978e-15
3.162e-06 6.318e+40 1.012e+30 1.014e-27 3.335e-16 2.096e-15
3.548e-06 5.316e+40 1.072e+30 1.074e-27 3.533e-16 2.220e-15
3.981e-06 4.473e+40 1.136e+30 1.138e-27 3.742e-16 2.351e-15
4.467e-06 3.763e+40 1.203e+30 1.205e-27 3.964e-16 2.490e-15
5.012e-06 3.166e+40 1.274e+30 1.276e-27 4.198e-16 2.638e-15
5.623e-06 2.664e+40 1.350e+30 1.352e-27 4.447e-16 2.794e-15
6.310e-06 2.241e+40 1.430e+30 1.432e-27 4.710e-16 2.959e-15
7.079e-06 1.886e+40 1.514e+30 1.517e-27 4.989e-16 3.135e-15
7.943e-06 1.587e+40 1.604e+30 1.607e-27 5.284e-16 3.320e-15
8.913e-06 1.335e+40 1.699e+30 1.702e-27 5.597e-16 3.517e-15
1.000e-05 1.123e+40 1.799e+30 1.802e-27 5.928e-16 3.725e-15
1.122e-05 9.449e+39 1.906e+30 1.909e-27 6.279e-16 3.945e-15
1.259e-05 7.949e+39 2.019e+30 2.022e-27 6.651e-16 4.179e-15
1.413e-05 6.688e+39 2.138e+30 2.142e-27 7.044e-16 4.426e-15
1.585e-05 5.627e+39 2.265e+30 2.268e-27 7.461e-16 4.688e-15
1.778e-05 4.734e+39 2.399e+30 2.403e-27 7.903e-16 4.965e-15
1.995e-05 3.983e+39 2.540e+30 2.545e-27 8.370e-16 5.259e-15
2.239e-05 3.351e+39 2.691e+30 2.695e-27 8.866e-16 5.570e-15
2.512e-05 2.819e+39 2.850e+30 2.855e-27 9.390e-16 5.900e-15
2.818e-05 2.372e+39 3.019e+30 3.024e-27 9.945e-16 6.249e-15
3.162e-05 1.995e+39 3.197e+30 3.202e-27 1.053e-15 6.618e-15
3.548e-05 1.679e+39 3.386e+30 3.392e-27 1.116e-15 7.010e-15
3.981e-05 1.412e+39 3.586e+30 3.592e-27 1.182e-15 7.424e-15
4.467e-05 1.188e+39 3.798e+30 3.805e-27 1.251e-15 7.863e-15
5.012e-05 9.996e+38 4.023e+30 4.030e-27 1.325e-15 8.328e-15
5.623e-05 8.409e+38 4.261e+30 4.268e-27 1.404e-15 8.820e-15
6.310e-05 7.075e+38 4.512e+30 4.520e-27 1.487e-15 9.341e-15
7.079e-05 5.952e+38 4.779e+30 4.787e-27 1.575e-15 9.893e-15
7.943e-05 5.007e+38 5.061e+30 5.070e-27 1.668e-15 1.048e-14
8.913e-05 4.212e+38 5.360e+30 5.369e-27 1.766e-15 1.110e-14
1.000e-04 3.543e+38 5.677e+30 5.687e-27 1.870e-15 1.175e-14
1.122e-04 2.981e+38 6.012e+30 6.022e-27 1.981e-15 1.245e-14
1.259e-04 2.507e+38 6.367e+30 6.378e-27 2.098e-15 1.318e-14
1.413e-04 2.109e+38 6.743e+30 6.754e-27 2.222e-15 1.396e-14
1.585e-04 1.774e+38 7.141e+30 7.153e-27 2.353e-15 1.478e-14
1.778e-04 1.492e+38 7.562e+30 7.575e-27 2.491e-15 1.565e-14
1.995e-04 1.255e+38 8.008e+30 8.021e-27 2.638e-15 1.658e-14
2.239e-04 1.056e+38 8.480e+30 8.494e-27 2.794e-15 1.755e-14
2.512e-04 8.883e+37 8.980e+30 8.995e-27 2.959e-15 1.859e-14
2.818e-04 7.472e+37 9.509e+30 9.525e-27 3.133e-15 1.968e-14
3.162e-04 6.284e+37 1.007e+31 1.009e-26 3.317e-15 2.084e-14
3.548e-04 5.286e+37 1.066e+31 1.068e-26 3.513e-15 2.207e-14
3.981e-04 4.446e+37 1.129e+31 1.131e-26 3.720e-15 2.337e-14
4.467e-04 3.739e+37 1.195e+31 1.197e-26 3.938e-15 2.475e-14
5.012e-04 3.145e+37 1.266e+31 1.268e-26 4.170e-15 2.620e-14
5.623e-04 2.645e+37 1.340e+31 1.342e-26 4.415e-15 2.774e-14
6.310e-04 2.224e+37 1.419e+31 1.421e-26 4.674e-15 2.937e-14
7.079e-04 1.871e+37 1.502e+31 1.505e-26 4.949e-15 3.110e-14
7.943e-04 1.573e+37 1.590e+31 1.593e-26 5.239e-15 3.292e-14
8.913e-04 1.323e+37 1.684e+31 1.686e-26 5.547e-15 3.485e-14
1.000e-03 1.112e+37 1.782e+31 1.785e-26 5.872e-15 3.689e-14
1.122e-03 9.354e+36 1.887e+31 1.890e-26 6.216e-15 3.906e-14
1.259e-03 7.865e+36 1.997e+31 2.000e-26 6.580e-15 4.134e-14
1.413e-03 6.613e+36 2.114e+31 2.118e-26 6.965e-15 4.376e-14
1.585e-03 5.560e+36 2.238e+31 2.241e-26 7.372e-15 4.632e-14
1.778e-03 4.674e+36 2.368e+31 2.372e-26 7.803e-15 4.903e-14
1.995e-03 3.930e+36 2.506e+31 2.511e-26 8.258e-15 5.189e-14
2.239e-03 3.303e+36 2.653e+31 2.657e-26 8.740e-15 5.491e-14
2.512e-03 2.777e+36 2.807e+31 2.812e-26 9.249e-15 5.811e-14
2.818e-03 2.334e+36 2.970e+31 2.976e-26 9.787e-15 6.149e-14
3.162e-03 1.962e+36 3.143e+31 3.149e-26 1.036e-14 6.507e-14
3.548e-03 1.649e+36 3.326e+31 3.331e-26 1.096e-14 6.885e-14
3.981e-03 1.386e+36 3.519e+31 3.525e-26 1.159e-14 7.284e-14
4.467e-03 1.164e+36 3.722e+31 3.729e-26 1.226e-14 7.706e-14
5.012e-03 9.784e+35 3.938e+31 3.944e-26 1.297e-14 8.152e-14
5.623e-03 8.221e+35 4.165e+31 4.172e-26 1.372e-14 8.622e-14
6.310e-03 6.907e+35 4.405e+31 4.413e-26 1.451e-14 9.120e-14
7.079e-03 5.802e+35 4.659e+31 4.667e-26 1.535e-14 9.645e-14
7.943e-03 4.874e+35 4.927e+31 4.935e-26 1.623e-14 1.020e-13
8.913e-03 4.093e+35 5.209e+31 5.218e-26 1.716e-14 1.078e-13
1.000e-02 3.437e+35 5.507e+31 5.517e-26 1.815e-14 1.140e-13
1.122e-02 2.886e+35 5.822e+31 5.832e-26 1.918e-14 1.205e-13
1.259e-02 2.424e+35 6.154e+31 6.164e-26 2.028e-14 1.274e-13
1.413e-02 2.035e+35 6.504e+31 6.515e-26 2.143e-14 1.346e-13
1.585e-02 1.708e+35 6.873e+31 6.884e-26 2.264e-14 1.423e-13
1.778e-02 1.433e+35 7.262e+31 7.274e-26 2.393e-14 1.503e-13
1.995e-02 1.203e+35 7.671e+31 7.684e-26 2.527e-14 1.588e-13
2.239e-02 1.009e+35 8.102e+31 8.116e-26 2.670e-14 1.677e-13
2.512e-02 8.464e+34 8.556e+31 8.571e-26 2.819e-14 1.771e-13
2.818e-02 7.099e+34 9.034e+31 9.049e-26 2.977e-14 1.870e-13
3.162e-02 5.952e+34 9.537e+31 9.553e-26 3.142e-14 1.974e-13
3.548e-02 4.990e+34 1.007e+32 1.008e-25 3.316e-14 2.084e-13
3.981e-02 4.182e+34 1.062e+32 1.064e-25 3.499e-14 2.199e-13
4.467e-02 3.505e+34 1.120e+32 1.122e-25 3.691e-14 2.319e-13
5.012e-02 2.936e+34 1.182e+32 1.184e-25 3.893e-14 2.446e-13
5.623e-02 2.459e+34 1.246e+32 1.248e-25 4.104e-14 2.579e-13
6.310e-02 2.059e+34 1.313e+32 1.315e-25 4.326e-14 2.718e-13
7.079e-02 1.723e+34 1.384e+32 1.386e-25 4.559e-14 2.864e-13
7.943e-02 1.442e+34 1.457e+32 1.460e-25 4.802e-14 3.017e-13
8.913e-02 1.206e+34 1.535e+32 1.537e-25 5.056e-14 3.177e-13
1.000e-01 1.008e+34 1.615e+32 1.618e-25 5.322e-14 3.344e-13
1.122e-01 8.426e+33 1.700e+32 1.702e-25 5.600e-14 3.518e-13
1.259e-01 7.039e+33 1.787e+32 1.790e-25 5.889e-14 3.700e-13
1.413e-01 5.877e+33 1.879e+32 1.882e-25 6.191e-14 3.890e-13
1.585e-01 4.905e+33 1.974e+32 1.977e-25 6.504e-14 4.087e-13
1.778e-01 4.092e+33 2.073e+32 2.077e-25 6.830e-14 4.292e-13
1.995e-01 3.411e+33 2.176e+32 2.180e-25 7.169e-14 4.504e-13
2.239e-01 2.842e+33 2.282e+32 2.286e-25 7.520e-14 4.725e-13
2.512e-01 2.367e+33 2.393e+32 2.397e-25 7.883e-14 4.953e-13
2.818e-01 1.969e+33 2.506e+32 2.511e-25 8.258e-14 5.189e-13
3.162e-01 1.638e+33 2.624e+32 2.628e-25 8.645e-14 5.432e-13
3.548e-01 1.361e+33 2.745e+32 2.749e-25 9.043e-14 5.682e-13
3.981e-01 1.130e+33 2.869e+32 2.874e-25 9.453e-14 5.939e-13
4.467e-01 9.373e+32 2.996e+32 3.002e-25 9.873e-14 6.203e-13
5.012e-01 7.770e+32 3.127e+32 3.132e-25 1.030e-13 6.473e-13
5.623e-01 6.434e+32 3.260e+32 3.266e-25 1.074e-13 6.749e-13
6.310e-01 5.324e+32 3.396e+32 3.401e-25 1.119e-13 7.029e-13
7.079e-01 4.400e+32 3.533e+32 3.539e-25 1.164e-13 7.314e-13
7.943e-01 3.633e+32 3.673e+32 3.679e-25 1.210e-13 7.603e-13
8.913e-01 2.996e+32 3.813e+32 3.819e-25 1.256e-13 7.894e-13
1.000e+00 2.468e+32 3.954e+32 3.961e-25 1.303e-13 8.186e-13
1.122e+00 2.030e+32 4.095e+32 4.102e-25 1.349e-13 8.477e-13
1.259e+00 1.668e+32 4.235e+32 4.242e-25 1.395e-13 8.768e-13
1.413e+00 1.368e+32 4.374e+32 4.381e-25 1.441e-13 9.055e-13
1.585e+00 1.121e+32 4.510e+32 4.518e-25 1.486e-13 9.336e-13
1.778e+00 9.163e+31 4.642e+32 4.650e-25 1.530e-13 9.611e-13
1.995e+00 7.479e+31 4.771e+32 4.779e-25 1.572e-13 9.876e-13
2.239e+00 6.094e+31 4.893e+32 4.901e-25 1.612e-13 1.013e-12
2.512e+00 4.955e+31 5.009e+32 5.017e-25 1.650e-13 1.037e-12
2.818e+00 4.020e+31 5.116e+32 5.125e-25 1.686e-13 1.059e-12
3.162e+00 3.255e+31 5.215e+32 5.224e-25 1.718e-13 1.080e-12
3.548e+00 2.629e+31 5.302e+32 5.311e-25 1.747e-13 1.098e-12
3.981e+00 2.118e+31 5.378e+32 5.387e-25 1.772e-13 1.113e-12
4.467e+00 1.702e+31 5.440e+32 5.450e-25 1.793e-13 1.126e-12
5.012e+00 1.364e+31 5.488e+32 5.497e-25 1.808e-13 1.136e-12
5.623e+00 1.089e+31 5.519e+32 5.529e-25 1.819e-13 1.143e-12
6.310e+00 8.675e+30 5.533e+32 5.543e-25 1.823e-13 1.146e-12
7.079e+00 6.885e+30 5.529e+32 5.538e-25 1.822e-13 1.145e-12
7.943e+00 5.445e+30 5.505e+32 5.514e-25 1.814e-13 1.140e-12
8.913e+00 4.290e+30 5.460e+32 5.469e-25 1.799e-13 1.130e-12
1.000e+01 3.366e+30 5.394e+32 5.403e-25 1.777e-13 1.117e-12
1.122e+01 2.630e+30 5.305e+32 5.314e-25 1.748e-13 1.098e-12
1.259e+01 2.046e+30 5.195e+32 5.204e-25 1.712e-13 1.075e-12
1.413e+01 1.584e+30 5.062e+32 5.071e-25 1.668e-13 1.048e-12
1.585e+01 1.219e+30 4.908e+32 4.916e-25 1.617e-13 1.016e-12
1.778e+01 9.339e+29 4.732e+32 4.740e-25 1.559e-13 9.796e-13
1.995e+01 7.111e+29 4.535e+32 4.543e-25 1.494e-13 9.389e-13
2.239e+01 5.380e+29 4.320e+32 4.328e-25 1.423e-13 8.944e-13
2.512e+01 4.044e+29 4.088e+32 4.095e-25 1.347e-13 8.462e-13
2.818e+01 3.017e+29 3.840e+32 3.847e-25 1.265e-13 7.950e-13
3.162e+01 2.234e+29 3.580e+32 3.586e-25 1.179e-13 7.411e-13
3.548e+01 1.641e+29 3.309e+32 3.315e-25 1.090e-13 6.851e-13
3.981e+01 1.194e+29 3.033e+32 3.038e-25 9.991e-14 6.278e-13
4.467e+01 8.609e+28 2.752e+32 2.757e-25 9.067e-14 5.697e-13
5.012e+01 6.141e+28 2.472e+32 2.476e-25 8.143e-14 5.117e-13
5.623e+01 4.332e+28 2.195e+32 2.198e-25 7.231e-14 4.543e-13
6.310e+01 3.018e+28 1.925e+32 1.928e-25 6.342e-14 3.985e-13
7.079e+01 2.075e+28 1.666e+32 1.669e-25 5.488e-14 3.449e-13
7.943e+01 1.405e+28 1.421e+32 1.423e-25 4.680e-14 2.941e-13
8.913e+01 9.366e+27 1.192e+32 1.194e-25 3.927e-14 2.468e-13
1.000e+02 6.133e+27 9.826e+31 9.843e-26 3.238e-14 2.034e-13
1.122e+02 3.939e+27 7.945e+31 7.959e-26 2.618e-14 1.645e-13
1.259e+02 2.477e+27 6.289e+31 6.299e-26 2.072e-14 1.302e-13
1.413e+02 1.521e+27 4.862e+31 4.870e-26 1.602e-14 1.007e-13
1.585e+02 9.102e+26 3.663e+31 3.669e-26 1.207e-14 7.583e-14
1.778e+02 5.293e+26 2.682e+31 2.686e-26 8.835e-15 5.551e-14
1.995e+02 2.982e+26 1.902e+31 1.905e-26 6.266e-15 3.937e-14
2.239e+02 1.623e+26 1.303e+31 1.305e-26 4.294e-15 2.698e-14
2.512e+02 8.522e+25 8.615e+30 8.629e-27 2.838e-15 1.783e-14
2.818e+02 4.314e+25 5.491e+30 5.500e-27 1.809e-15 1.137e-14
3.162e+02 2.107e+25 3.376e+30 3.382e-27 1.112e-15 6.990e-15
3.548e+02 9.897e+24 1.996e+30 2.000e-27 6.577e-16 4.132e-15
3.981e+02 4.348e+24 1.104e+30 1.106e-27 3.638e-16 2.286e-15
4.467e+02 1.779e+24 5.687e+29 5.697e-28 1.874e-16 1.177e-15
5.012e+02 6.771e+23 2.725e+29 2.730e-28 8.979e-17 5.642e-16
5.623e+02 2.352e+23 1.191e+29 1.193e-28 3.926e-17 2.466e-16
6.310e+02 7.196e+22 4.590e+28 4.598e-29 1.512e-17 9.502e-17
7.079e+02 1.793e+22 1.440e+28 1.442e-29 4.743e-18 2.980e-17
7.943e+02 2.850e+21 2.881e+27 2.886e-30 9.493e-19 5.964e-18
8.913e+02 2.552e+16 3.248e+22 3.254e-35 1.070e-23 6.724e-23
1.000e+03 0.000e+00 0.000e+00 0.000e+00 0.000e+00 0.000e+00
1.122e+03 0.000e+00 0.000e+00 0.000e+00 0.000e+00 0.000e+00
1.259e+03 0.000e+00 0.000e+00 0.000e+00 0.000e+00 0.000e+00
1.413e+03 0.000e+00 0.000e+00 0.000e+00 0.000e+00 0.000e+00
1.585e+03 0.000e+00 0.000e+00 0.000e+00 0.000e+00 0.000e+00
1.778e+03 0.000e+00 0.000e+00 0.000e+00 0.000e+00 0.000e+00
1.995e+03 0.000e+00 0.000e+00 0.000e+00 0.000e+00 0.000e+00
2.239e+03 0.000e+00 0.000e+00 0.000e+00 0.000e+00 0.000e+00
2.512e+03 0.000e+00 0.000e+00 0.000e+00 0.000e+00 0.000e+00
2.818e+03 0.000e+00 0.000e+00 0.000e+00 0.000e+00 0.000e+00
3.162e+03 0.000e+00 0.000e+00 0.000e+00 0.000e+00 0.000e+00
3.548e+03 0.000e+00 0.000e+00 0.000e+00 0.000e+00 0.000e+00
3.981e+03 0.000e+00 0.000e+00 0.000e+00 0.000e+00 0.000e+00
4.467e+03 0.000e+00 0.000e+00 0.000e+00 0.000e+00 0.000e+00
5.012e+03 0.000e+00 0.000e+00 0.000e+00 0.000e+00 0.000e+00
5.623e+03 0.000e+00 0.000e+00 0.000e+00 0.000e+00 0.000e+00
6.310e+03 0.000e+00 0.000e+00 0.000e+00 0.000e+00 0.000e+00
7.079e+03 0.000e+00 0.000e+00 0.000e+00 0.000e+00 0.000e+00
7.943e+03 0.000e+00 0.000e+00 0.000e+00 0.000e+00 0.000e+00
8.913e+03 0.000e+00 0.000e+00 0.000e+00 0.000e+00 0.000e+00
1.000e+04 0.000e+00 0.000e+00 0.000e+00 0.000e+00 0.000e+00
1.122e+04 0.000e+00 0.000e+00 0.000e+00 0.000e+00 0.000e+00
1.259e+04 0.000e+00 0.000e+00 0.000e+00 0.000e+00 0.000e+00
1.413e+04 0.000e+00 0.000e+00 0.000e+00 0.000e+00 0.000e+00
1.585e+04 0.000e+00 0.000e+00 0.000e+00 0.000e+00 0.000e+00
1.778e+04 0.000e+00 0.000e+00 0.000e+00 0.000e+00 0.000e+00
1.995e+04 0.000e+00 0.000e+00 0.000e+00 0.000e+00 0.000e+00
2.239e+04 0.000e+00 0.000e+00 0.000e+00 0.000e+00 0.000e+00
2.512e+04 0.000e+00 0.000e+00 0.000e+00 0.000e+00 0.000e+00
2.818e+04 0.000e+00 0.000e+00 0.000e+00 0.000e+00 0.000e+00
3.162e+04 0.000e+00 0.000e+00 0.000e+00 0.000e+00 0.000e+00
3.548e+04 0.000e+00 0.000e+00 0.000e+00 0.000e+00 0.000e+00
3.981e+04 0.000e+00 0.000e+00 0.000e+00 0.000e+00 0.000e+00
4.467e+04 0.000e+00 0.000e+00 0.000e+00 0.000e+00 0.000e+00
5.012e+04 0.000e+00 0.000e+00 0.000e+00 0.000e+00 0.000e+00
5.623e+04 0.000e+00 0.000e+00 0.000e+00 0.000e+00 0.000e+00
6.310e+04 0.000e+00 0.000e+00 0.000e+00 0.000e+00 0.000e+00
7.079e+04 0.000e+00 0.000e+00 0.000e+00 0.000e+00 0.000e+00
7.943e+04 0.000e+00 0.000e+00 0.000e+00 0.000e+00 0.000e+00
8.913e+04 0.000e+00 0.000e+00 0.000e+00 0.000e+00 0.000e+00
1.000e+05 0.000e+00 0.000e+00 0.000e+00 0.000e+00 0.000e+00
1.122e+05 0.000e+00 0.000e+00 0.000e+00 0.000e+00 0.000e+00
1.259e+05 0.000e+00 0.000e+00 0.000e+00 0.000e+00 0.000e+00
1.413e+05 0.000e+00 0.000e+00 0.000e+00 0.000e+00 0.000e+00
1.585e+05 0.000e+00 0.000e+00 0.000e+00 0.000e+00 0.000e+00
1.778e+05 0.000e+00 0.000e+00 0.000e+00 0.000e+00 0.000e+00
1.995e+05 0.000e+00 0.000e+00 0.000e+00 0.000e+00 0.000e+00
2.239e+05 0.000e+00 0.000e+00 0.000e+00 0.000e+00 0.000e+00
2.512e+05 0.000e+00 0.000e+00 0.000e+00 0.000e+00 0.000e+00
2.818e+05 0.000e+00 0.000e+00 0.000e+00 0.000e+00 0.000e+00
3.162e+05 0.000e+00 0.000e+00 0.000e+00 0.000e+00 0.000e+00
3.548e+05 0.000e+00 0.000e+00 0.000e+00 0.000e+00 0.000e+00
3.981e+05 0.000e+00 0.000e+00 0.000e+00 0.000e+00 0.000e+00
4.467e+05 0.000e+00 0.000e+00 0.000e+00 0.000e+00 0.000e+00
5.012e+05 0.000e+00 0.000e+00 0.000e+00 0.000e+00 0.000e+00
5.623e+05 0.000e+00 0.000e+00 0.000e+00 0.000e+00 0.000e+00
6.310e+05 0.000e+00 0.000e+00 0.000e+00 0.000e+00 0.000e+00
7.079e+05 0.000e+00 0.000e+00 0.000e+00 0.000e+00 0.000e+00
7.943e+05 0.000e+00 0.000e+00 0.000e+00 0.000e+00 0.000e+00
8.913e+05 0.000e+00 0.000e+00 0.000e+00 0.000e+00 0.000e+00
1.000e+06 0.000e+00 0.000e+00 0.000e+00 0.000e+00 0.000e+00
1.122e+06 0.000e+00 0.000e+00 0.000e+00 0.000e+00 0.000e+00
1.259e+06 0.000e+00 0.000e+00 0.000e+00 0.000e+00 0.000e+00
1.413e+06 0.000e+00 0.000e+00 0.000e+00 0.000e+00 0.000e+00
1.585e+06 0.000e+00 0.000e+00 0.000e+00 0.000e+00 0.000e+00
1.778e+06 0.000e+00 0.000e+00 0.000e+00 0.000e+00 0.000e+00
1.995e+06 0.000e+00 0.000e+00 0.000e+00 0.000e+00 0.000e+00
2.239e+06 0.000e+00 0.000e+00 0.000e+00 0.000e+00 0.000e+00
2.512e+06 0.000e+00 0.000e+00 0.000e+00 0.000e+00 0.000e+00
2.818e+06 0.000e+00 0.000e+00 0.000e+00 0.000e+00 0.000e+00
3.162e+06 0.000e+00 0.000e+00 0.000e+00 0.000e+00 0.000e+00
3.548e+06 0.000e+00 0.000e+00 0.000e+00 0.000e+00 0.000e+00
3.981e+06 0.000e+00 0.000e+00 0.000e+00 0.000e+00 0.000e+00
4.467e+06 0.000e+00 0.000e+00 0.000e+00 0.000e+00 0.000e+00
5.012e+06 0.000e+00 0.000e+00 0.000e+00 0.000e+00 0.000e+00
5.623e+06 0.000e+00 0.000e+00 0.000e+00 0.000e+00 0.000e+00
6.310e+06 0.000e+00 0.000e+00 0.000e+00 0.000e+00 0.000e+00
7.079e+06 0.000e+00 0.000e+00 0.000e+00 0.000e+00 0.000e+00
7.943e+06 0.000e+00 0.000e+00 0.000e+00 0.000e+00 0.000e+00
8.913e+06 0.000e+00 0.000e+00 0.000e+00 0.000e+00 0.000e+00
1.000e+07 0.000e+00 0.000e+00 0.000e+00 0.000e+00 0.000e+00
1.122e+07 0.000e+00 0.000e+00 0.000e+00 0.000e+00 0.000e+00
1.259e+07 0.000e+00 0.000e+00 0.000e+00 0.000e+00 0.000e+00
1.413e+07 0.000e+00 0.000e+00 0.000e+00 0.000e+00 0.000e+00
1.585e+07 0.000e+00 0.000e+00 0.000e+00 0.000e+00 0.000e+00
1.778e+07 0.000e+00 0.000e+00 0.000e+00 0.000e+00 0.000e+00
1.995e+07 0.000e+00 0.000e+00 0.000e+00 0.000e+00 0.000e+00
2.239e+07 0.000e+00 0.000e+00 0.000e+00 0.000e+00 0.000e+00
2.512e+07 0.000e+00 0.000e+00 0.000e+00 0.000e+00 0.000e+00
2.818e+07 0.000e+00 0.000e+00 0.000e+00 0.000e+00 0.000e+00
3.162e+07 0.000e+00 0.000e+00 0.000e+00 0.000e+00 0.000e+00
3.548e+07 0.000e+00 0.000e+00 0.000e+00 0.000e+00 0.000e+00
3.981e+07 0.000e+00 0.000e+00 0.000e+00 0.000e+00 0.000e+00
4.467e+07 0.000e+00 0.000e+00 0.000e+00 0.000e+00 0.000e+00
5.012e+07 0.000e+00 0.000e+00 0.000e+00 0.000e+00 0.000e+00
5.623e+07 0.000e+00 0.000e+00 0.000e+00 0.000e+00 0.000e+00
6.310e+07 0.000e+00 0.000e+00 0.000e+00 0.000e+00 0.000e+00
7.079e+07 0.000e+00 0.000e+00 0.000e+00 0.000e+00 0.000e+00
7.943e+07 0.000e+00 0.000e+00 0.000e+00 0.000e+00 0.000e+00
8.913e+07 0.000e+00 0.000e+00 0.000e+00 0.000e+00 0.000e+00
1.000e+08 0.000e+00 0.000e+00 0.000e+00 0.000e+00 0.000e+00
