1.000e-20 0.000e+00 0.000e+00 0.000e+00 0.000e+00 0.000e+00
1.122e-20 0.000e+00 0.000e+00 0.000e+00 0.000e+00 0.000e+00
1.259e-20 0.000e+00 0.000e+00 0.000e+00 0.000e+00 0.000e+00
1.413e-20 0.000e+00 0.000e+00 0.000e+00 0.000e+00 0.000e+00
1.585e-20 0.000e+00 0.000e+00 0.000e+00 0.000e+00 0.000e+00
1.778e-20 0.000e+00 0.000e+00 0.000e+00 0.000e+00 0.000e+00
1.995e-20 0.000e+00 0.000e+00 0.000e+00 0.000e+00 0.000e+00
2.239e-20 0.000e+00 0.000e+00 0.000e+00 0.000e+00 0.000e+00
2.512e-20 0.000e+00 0.000e+00 0.000e+00 0.000e+00 0.000e+00
2.818e-20 0.000e+00 0.000e+00 0.000e+00 0.000e+00 0.000e+00
3.162e-20 0.000e+00 0.000e+00 0.000e+00 0.000e+00 0.000e+00
3.548e-20 0.000e+00 0.000e+00 0.000e+00 0.000e+00 0.000e+00
3.981e-20 0.000e+00 0.000e+00 0.000e+00 0.000e+00 0.000e+00
4.467e-20 0.000e+00 0.000e+00 0.000e+00 0.000e+00 0.000e+00
5.012e-20 0.000e+00 0.000e+00 0.000e+00 0.000e+00 0.000e+00
5.623e-20 0.000e+00 0.000e+00 0.000e+00 0.000e+00 0.000e+00
6.310e-20 0.000e+00 0.000e+00 0.000e+00 0.000e+00 0.000e+00
7.079e-20 0.000e+00 0.000e+00 0.000e+00 0.000e+00 0.000e+00
7.943e-20 0.000e+00 0.000e+00 0.000e+00 0.000e+00 0.000e+00
8.913e-20 0.000e+00 0.000e+00 0.000e+00 0.000e+00 0.000e+00
1.000e-19 0.000e+00 0.000e+00 0.000e+00 0.000e+00 0.000e+00
1.122e-19 0.000e+00 0.000e+00 0.000e+00 0.000e+00 0.000e+00
1.259e-19 0.000e+00 0.000e+00 0.000e+00 0.000e+00 0.000e+00
1.413e-19 0.000e+00 0.000e+00 0.000e+00 0.000e+00 0.000e+00
1.585e-19 0.000e+00 0.000e+00 0.000e+00 0.000e+00 0.000e+00
1.778e-19 0.000e+00 0.000e+00 0.000e+00 0.000e+00 0.000e+00
1.995e-19 0.000e+00 0.000e+00 0.000e+00 0.000e+00 0.000e+00
2.239e-19 0.000e+00 0.000e+00 0.000e+00 0.000e+00 0.000e+00
2.512e-19 0.000e+00 0.000e+00 0.000e+00 0.000e+00 0.000e+00
2.818e-19 0.000e+00 0.000e+00 0.000e+00 0.000e+00 0.000e+00
3.162e-19 0.000e+00 0.000e+00 0.000e+00 0.000e+00 0.000e+00
3.548e-19 0.000e+00 0.000e+00 0.000e+00 0.000e+00 0.000e+00
3.981e-19 0.000e+00 0.000e+00 0.000e+00 0.000e+00 0.000e+00
4.467e-19 0.000e+00 0.000e+00 0.000e+00 0.000e+00 0.000e+00
5.012e-19 0.000e+00 0.000e+00 0.000e+00 0.000e+00 0.000e+00
5.623e-19 0.000e+00 0.000e+00 0.000e+00 0.000e+00 0.000e+00
6.310e-19 0.000e+00 0.000e+00 0.000e+00 0.000e+00 0.000e+00
7.079e-19 0.000e+00 0.000e+00 0.000e+00 0.000e+00 0.000e+00
7.943e-19 0.000e+00 0.000e+00 0.000e+00 0.000e+00 0.000e+00
8.913e-19 0.000e+00 0.000e+00 0.000e+00 0.000e+00 0.000e+00
1.000e-18 0.000e+00 0.000e+00 0.000e+00 0.000e+00 0.000e+00
1.122e-18 0.000e+00 0.000e+00 0.000e+00 0.000e+00 0.000e+00
1.259e-18 0.000e+00 0.000e+00 0.000e+00 0.000e+00 0.000e+00
1.413e-18 0.000e+00 0.000e+00 0.000e+00 0.000e+00 0.000e+00
1.585e-18 0.000e+00 0.000e+00 0.000e+00 0.000e+00 0.000e+00
1.778e-18 0.000e+00 0.000e+00 0.000e+00 0.000e+00 0.000e+00
1.995e-18 0.000e+00 0.000e+00 0.000e+00 0.000e+00 0.000e+00
2.239e-18 0.000e+00 0.000e+00 0.000e+00 0.000e+00 0.000e+00
2.512e-18 0.000e+00 0.000e+00 0.000e+00 0.000e+00 0.000e+00
2.818e-18 0.000e+00 0.000e+00 0.000e+00 0.000e+00 0.000e+00
3.162e-18 0.000e+00 0.000e+00 0.000e+00 0.000e+00 0.000e+00
3.548e-18 0.000e+00 0.000e+00 0.000e+00 0.000e+00 0.000e+00
3.981e-18 0.000e+00 0.000e+00 0.000e+00 0.000e+00 0.000e+00
4.467e-18 0.000e+00 0.000e+00 0.000e+00 0.000e+00 0.000e+00
5.012e-18 0.000e+00 0.000e+00 0.000e+00 0.000e+00 0.000e+00
5.623e-18 0.000e+00 0.000e+00 0.000e+00 0.000e+00 0.000e+00
6.310e-18 0.000e+00 0.000e+00 0.000e+00 0.000e+00 0.000e+00
7.079e-18 0.000e+00 0.000e+00 0.000e+00 0.000e+00 0.000e+00
7.943e-18 0.000e+00 0.000e+00 0.000e+00 0.000e+00 0.000e+00
8.913e-18 0.000e+00 0.000e+00 0.000e+00 0.000e+00 0.000e+00
1.000e-17 0.000e+00 0.000e+00 0.000e+00 0.000e+00 0.000e+00
1.122e-17 0.000e+00 0.000e+00 0.000e+00 0.000e+00 0.000e+00
1.259e-17 0.000e+00 0.000e+00 0.000e+00 0.000e+00 0.000e+00
1.413e-17 0.000e+00 0.000e+00 0.000e+00 0.000e+00 0.000e+00
1.585e-17 0.000e+00 0.000e+00 0.000e+00 0.000e+00 0.000e+00
1.778e-17 0.000e+00 0.000e+00 0.000e+00 0.000e+00 0.000e+00
1.995e-17 0.000e+00 0.000e+00 0.000e+00 0.000e+00 0.000e+00
2.239e-17 0.000e+00 0.000e+00 0.000e+00 0.000e+00 0.000e+00
2.512e-17 0.000e+00 0.000e+00 0.000e+00 0.000e+00 0.000e+00
2.818e-17 0.000e+00 0.000e+00 0.000e+00 0.000e+00 0.000e+00
3.162e-17 0.000e+00 0.000e+00 0.000e+00 0.000e+00 0.000e+00
3.548e-17 0.000e+00 0.000e+00 0.000e+00 0.000e+00 0.000e+00
3.981e-17 0.000e+00 0.000e+00 0.000e+00 0.000e+00 0.000e+00
4.467e-17 0.000e+00 0.000e+00 0.000e+00 0.000e+00 0.000e+00
5.012e-17 0.000e+00 0.000e+00 0.000e+00 0.000e+00 0.000e+00
5.623e-17 0.000e+00 0.000e+00 0.000e+00 0.000e+00 0.000e+00
6.310e-17 0.000e+00 0.000e+00 0.000e+00 0.000e+00 0.000e+00
7.079e-17 0.000e+00 0.000e+00 0.000e+00 0.000e+00 0.000e+00
7.943e-17 0.000e+00 0.000e+00 0.000e+00 0.000e+00 0.000e+00
8.913e-17 0.000e+00 0.000e+00 0.000e+00 0.000e+00 0.000e+00
1.000e-16 0.000e+00 0.000e+00 0.000e+00 0.000e+00 0.000e+00
1.122e-16 0.000e+00 0.000e+00 0.000e+00 0.000e+00 0.000e+00
1.259e-16 0.000e+00 0.000e+00 0.000e+00 0.000e+00 0.000e+00
1.413e-16 0.000e+00 0.000e+00 0.000e+00 0.000e+00 0.000e+00
1.585e-16 0.000e+00 0.000e+00 0.000e+00 0.000e+00 0.000e+00
1.778e-16 0.000e+00 0.000e+00 0.000e+00 0.000e+00 0.000e+00
1.995e-16 0.000e+00 0.000e+00 0.000e+00 0.000e+00 0.000e+00
2.239e-16 0.000e+00 0.000e+00 0.000e+00 0.000e+00 0.000e+00
2.512e-16 0.000e+00 0.000e+00 0.000e+00 0.000e+00 0.000e+00
2.818e-16 0.000e+00 0.000e+00 0.000e+00 0.000e+00 0.000e+00
3.162e-16 0.000e+00 0.000e+00 0.000e+00 0.000e+00 0.000e+00
3.548e-16 0.000e+00 0.000e+00 0.000e+00 0.000e+00 0.000e+00
3.981e-16 0.000e+00 0.000e+00 0.000e+00 0.000e+00 0.000e+00
4.467e-16 0.000e+00 0.000e+00 0.000e+00 0.000e+00 0.000e+00
5.012e-16 0.000e+00 0.000e+00 0.000e+00 0.000e+00 0.000e+00
5.623e-16 0.000e+00 0.000e+00 0.000e+00 0.000e+00 0.000e+00
6.310e-16 0.000e+00 0.000e+00 0.000e+00 0.000e+00 0.000e+00
7.079e-16 0.000e+00 0.000e+00 0.000e+00 0.000e+00 0.000e+00
7.943e-16 0.000e+00 0.000e+00 0.000e+00 0.000e+00 0.000e+00
8.913e-16 0.000e+00 0.000e+00 0.000e+00 0.000e+00 0.000e+00
1.000e-15 0.000e+00 0.000e+00 0.000e+00 0.000e+00 0.000e+00
1.122e-15 0.000e+00 0.000e+00 0.000e+00 0.000e+00 0.000e+00
1.259e-15 0.000e+00 0.000e+00 0.000e+00 0.000e+00 0.000e+00
1.413e-15 0.000e+00 0.000e+00 0.000e+00 0.000e+00 0.000e+00
1.585e-15 0.000e+00 0.000e+00 0.000e+00 0.000e+00 0.000e+00
1.778e-15 0.000e+00 0.000e+00 0.000e+00 0.000e+00 0.000e+00
1.995e-15 0.000e+00 0.000e+00 0.000e+00 0.000e+00 0.000e+00
2.239e-15 0.000e+00 0.000e+00 0.000e+00 0.000e+00 0.000e+00
2.512e-15 0.000e+00 0.000e+00 0.000e+00 0.000e+00 0.000e+00
2.818e-15 0.000e+00 0.000e+00 0.000e+00 0.000e+00 0.000e+00
3.162e-15 0.000e+00 0.000e+00 0.000e+00 0.000e+00 0.000e+00
3.548e-15 0.000e+00 0.000e+00 0.000e+00 0.000e+00 0.000e+00
3.981e-15 0.000e+00 0.000e+00 0.000e+00 0.000e+00 0.000e+00
4.467e-15 0.000e+00 0.000e+00 0.000e+00 0.000e+00 0.000e+00
5.012e-15 0.000e+00 0.000e+00 0.000e+00 0.000e+00 0.000e+00
5.623e-15 0.000e+00 0.000e+00 0.000e+00 0.000e+00 0.000e+00
6.310e-15 0.000e+00 0.000e+00 0.000e+00 0.000e+00 0.000e+00
7.079e-15 0.000e+00 0.000e+00 0.000e+00 0.000e+00 0.000e+00
7.943e-15 0.000e+00 0.000e+00 0.000e+00 0.000e+00 0.000e+00
8.913e-15 0.000e+00 0.000e+00 0.000e+00 0.000e+00 0.000e+00
1.000e-14 0.000e+00 0.000e+00 0.000e+00 0.000e+00 0.000e+00
1.122e-14 0.000e+00 0.000e+00 0.000e+00 0.000e+00 0.000e+00
1.259e-14 0.000e+00 0.000e+00 0.000e+00 0.000e+00 0.000e+00
1.413e-14 0.000e+00 0.000e+00 0.000e+00 0.000e+00 0.000e+00
1.585e-14 0.000e+00 0.000e+00 0.000e+00 0.000e+00 0.000e+00
1.778e-14 0.000e+00 0.000e+00 0.000e+00 0.000e+00 0.000e+00
1.995e-14 0.000e+00 0.000e+00 0.000e+00 0.000e+00 0.000e+00
2.239e-14 0.000e+00 0.000e+00 0.000e+00 0.000e+00 0.000e+00
2.512e-14 0.000e+00 0.000e+00 0.000e+00 0.000e+00 0.000e+00
2.818e-14 0.000e+00 0.000e+00 0.000e+00 0.000e+00 0.000e+00
3.162e-14 0.000e+00 0.000e+00 0.000e+00 0.000e+00 0.000e+00
3.548e-14 0.000e+00 0.000e+00 0.000e+00 0.000e+00 0.000e+00
3.981e-14 0.000e+00 0.000e+00 0.000e+00 0.000e+00 0.000e+00
4.467e-14 0.000e+00 0.000e+00 0.000e+00 0.000e+00 0.000e+00
5.012e-14 0.000e+00 0.000e+00 0.000e+00 0.000e+00 0.000e+00
5.623e-14 0.000e+00 0.000e+00 0.000e+00 0.000e+00 0.000e+00
6.310e-14 0.000e+00 0.000e+00 0.000e+00 0.000e+00 0.000e+00
7.079e-14 0.000e+00 0.000e+00 0.000e+00 0.000e+00 0.000e+00
7.943e-14 0.000e+00 0.000e+00 0.000e+00 0.000e+00 0.000e+00
8.913e-14 0.000e+00 0.000e+00 0.000e+00 0.000e+00 0.000e+00
1.000e-13 0.000e+00 0.000e+00 0.000e+00 0.000e+00 0.000e+00
1.122e-13 0.000e+00 0.000e+00 0.000e+00 0.000e+00 0.000e+00
1.259e-13 0.000e+00 0.000e+00 0.000e+00 0.000e+00 0.000e+00
1.413e-13 0.000e+00 0.000e+00 0.000e+00 0.000e+00 0.000e+00
1.585e-13 0.000e+00 0.000e+00 0.000e+00 0.000e+00 0.000e+00
1.778e-13 0.000e+00 0.000e+00 0.000e+00 0.000e+00 0.000e+00
1.995e-13 0.000e+00 0.000e+00 0.000e+00 0.000e+00 0.000e+00
2.239e-13 0.000e+00 0.000e+00 0.000e+00 0.000e+00 0.000e+00
2.512e-13 0.000e+00 0.000e+00 0.000e+00 0.000e+00 0.000e+00
2.818e-13 0.000e+00 0.000e+00 0.000e+00 0.000e+00 0.000e+00
3.162e-13 0.000e+00 0.000e+00 0.000e+00 0.000e+00 0.000e+00
3.548e-13 0.000e+00 0.000e+00 0.000e+00 0.000e+00 0.000e+00
3.981e-13 0.000e+00 0.000e+00 0.000e+00 0.000e+00 0.000e+00
4.467e-13 0.000e+00 0.000e+00 0.000e+00 0.000e+00 0.000e+00
5.012e-13 0.000e+00 0.000e+00 0.000e+00 0.000e+00 0.000e+00
5.623e-13 0.000e+00 0.000e+00 0.000e+00 0.000e+00 0.000e+00
6.310e-13 0.000e+00 0.000e+00 0.000e+00 0.000e+00 0.000e+00
7.079e-13 0.000e+00 0.000e+00 0.000e+00 0.000e+00 0.000e+00
7.943e-13 0.000e+00 0.000e+00 0.000e+00 0.000e+00 0.000e+00
8.913e-13 0.000e+00 0.000e+00 0.000e+00 0.000e+00 0.000e+00
1.000e-12 0.000e+00 0.000e+00 0.000e+00 0.000e+00 0.000e+00
1.122e-12 3.026e+51 6.104e+27 6.114e-30 2.011e-18 1.264e-17
1.259e-12 2.546e+51 6.466e+27 6.477e-30 2.130e-18 1.339e-17
1.413e-12 2.142e+51 6.849e+27 6.860e-30 2.257e-18 1.418e-17
1.585e-12 1.803e+51 7.255e+27 7.267e-30 2.390e-18 1.502e-17
1.778e-12 1.517e+51 7.684e+27 7.698e-30 2.532e-18 1.591e-17
1.995e-12 1.276e+51 8.140e+27 8.154e-30 2.682e-18 1.685e-17
2.239e-12 1.074e+51 8.622e+27 8.637e-30 2.841e-18 1.785e-17
2.512e-12 9.034e+50 9.133e+27 9.149e-30 3.009e-18 1.891e-17
2.818e-12 7.602e+50 9.674e+27 9.691e-30 3.187e-18 2.003e-17
3.162e-12 6.396e+50 1.025e+28 1.026e-29 3.376e-18 2.121e-17
3.548e-12 5.381e+50 1.085e+28 1.087e-29 3.576e-18 2.247e-17
3.981e-12 4.528e+50 1.150e+28 1.152e-29 3.788e-18 2.380e-17
4.467e-12 3.810e+50 1.218e+28 1.220e-29 4.013e-18 2.521e-17
5.012e-12 3.206e+50 1.290e+28 1.292e-29 4.251e-18 2.671e-17
5.623e-12 2.697e+50 1.367e+28 1.369e-29 4.502e-18 2.829e-17
6.310e-12 2.269e+50 1.447e+28 1.450e-29 4.769e-18 2.997e-17
7.079e-12 1.909e+50 1.533e+28 1.536e-29 5.052e-18 3.174e-17
7.943e-12 1.607e+50 1.624e+28 1.627e-29 5.351e-18 3.362e-17
8.913e-12 1.352e+50 1.720e+28 1.723e-29 5.668e-18 3.561e-17
1.000e-11 1.137e+50 1.822e+28 1.825e-29 6.004e-18 3.772e-17
1.122e-11 9.570e+49 1.930e+28 1.934e-29 6.360e-18 3.996e-17
1.259e-11 8.052e+49 2.045e+28 2.048e-29 6.737e-18 4.233e-17
1.413e-11 6.775e+49 2.166e+28 2.169e-29 7.136e-18 4.484e-17
1.585e-11 5.700e+49 2.294e+28 2.298e-29 7.559e-18 4.749e-17
1.778e-11 4.796e+49 2.430e+28 2.434e-29 8.006e-18 5.031e-17
1.995e-11 4.036e+49 2.574e+28 2.578e-29 8.481e-18 5.329e-17
2.239e-11 3.395e+49 2.727e+28 2.731e-29 8.983e-18 5.644e-17
2.512e-11 2.857e+49 2.888e+28 2.893e-29 9.516e-18 5.979e-17
2.818e-11 2.404e+49 3.059e+28 3.064e-29 1.008e-17 6.333e-17
3.162e-11 2.023e+49 3.240e+28 3.246e-29 1.068e-17 6.708e-17
3.548e-11 1.702e+49 3.433e+28 3.438e-29 1.131e-17 7.106e-17
3.981e-11 1.432e+49 3.636e+28 3.642e-29 1.198e-17 7.527e-17
4.467e-11 1.205e+49 3.851e+28 3.858e-29 1.269e-17 7.973e-17
5.012e-11 1.014e+49 4.080e+28 4.086e-29 1.344e-17 8.445e-17
5.623e-11 8.529e+48 4.321e+28 4.329e-29 1.424e-17 8.946e-17
6.310e-11 7.176e+48 4.577e+28 4.585e-29 1.508e-17 9.476e-17
7.079e-11 6.038e+48 4.849e+28 4.857e-29 1.597e-17 1.004e-16
7.943e-11 5.080e+48 5.136e+28 5.145e-29 1.692e-17 1.063e-16
8.913e-11 4.275e+48 5.440e+28 5.449e-29 1.792e-17 1.126e-16
1.000e-10 3.597e+48 5.762e+28 5.772e-29 1.899e-17 1.193e-16
1.122e-10 3.026e+48 6.104e+28 6.114e-29 2.011e-17 1.264e-16
1.259e-10 2.546e+48 6.466e+28 6.477e-29 2.130e-17 1.338e-16
1.413e-10 2.142e+48 6.849e+28 6.860e-29 2.257e-17 1.418e-16
1.585e-10 1.803e+48 7.255e+28 7.267e-29 2.390e-17 1.502e-16
1.778e-10 1.517e+48 7.684e+28 7.697e-29 2.532e-17 1.591e-16
1.995e-10 1.276e+48 8.140e+28 8.153e-29 2.682e-17 1.685e-16
2.239e-10 1.074e+48 8.622e+28 8.637e-29 2.841e-17 1.785e-16
2.512e-10 9.034e+47 9.133e+28 9.148e-29 3.009e-17 1.891e-16
2.818e-10 7.601e+47 9.674e+28 9.690e-29 3.187e-17 2.003e-16
3.162e-10 6.396e+47 1.025e+29 1.026e-28 3.376e-17 2.121e-16
3.548e-10 5.381e+47 1.085e+29 1.087e-28 3.576e-17 2.247e-16
3.981e-10 4.528e+47 1.150e+29 1.152e-28 3.788e-17 2.380e-16
4.467e-10 3.810e+47 1.218e+29 1.220e-28 4.013e-17 2.521e-16
5.012e-10 3.205e+47 1.290e+29 1.292e-28 4.250e-17 2.671e-16
5.623e-10 2.697e+47 1.366e+29 1.369e-28 4.502e-17 2.829e-16
6.310e-10 2.269e+47 1.447e+29 1.450e-28 4.769e-17 2.996e-16
7.079e-10 1.909e+47 1.533e+29 1.536e-28 5.052e-17 3.174e-16
7.943e-10 1.607e+47 1.624e+29 1.627e-28 5.351e-17 3.362e-16
8.913e-10 1.352e+47 1.720e+29 1.723e-28 5.668e-17 3.561e-16
1.000e-09 1.137e+47 1.822e+29 1.825e-28 6.004e-17 3.772e-16
1.122e-09 9.569e+46 1.930e+29 1.933e-28 6.360e-17 3.996e-16
1.259e-09 8.052e+46 2.045e+29 2.048e-28 6.736e-17 4.233e-16
1.413e-09 6.775e+46 2.166e+29 2.169e-28 7.135e-17 4.483e-16
1.585e-09 5.700e+46 2.294e+29 2.298e-28 7.558e-17 4.749e-16
1.778e-09 4.796e+46 2.430e+29 2.434e-28 8.006e-17 5.030e-16
1.995e-09 4.035e+46 2.574e+29 2.578e-28 8.480e-17 5.328e-16
2.239e-09 3.395e+46 2.726e+29 2.731e-28 8.983e-17 5.644e-16
2.512e-09 2.857e+46 2.888e+29 2.893e-28 9.515e-17 5.979e-16
2.818e-09 2.404e+46 3.059e+29 3.064e-28 1.008e-16 6.333e-16
3.162e-09 2.022e+46 3.240e+29 3.246e-28 1.068e-16 6.708e-16
3.548e-09 1.702e+46 3.432e+29 3.438e-28 1.131e-16 7.105e-16
3.981e-09 1.432e+46 3.636e+29 3.642e-28 1.198e-16 7.526e-16
4.467e-09 1.205e+46 3.851e+29 3.858e-28 1.269e-16 7.972e-16
5.012e-09 1.014e+46 4.079e+29 4.086e-28 1.344e-16 8.445e-16
5.623e-09 8.528e+45 4.321e+29 4.328e-28 1.424e-16 8.945e-16
6.310e-09 7.176e+45 4.577e+29 4.585e-28 1.508e-16 9.475e-16
7.079e-09 6.038e+45 4.848e+29 4.856e-28 1.597e-16 1.004e-15
7.943e-09 5.080e+45 5.135e+29 5.144e-28 1.692e-16 1.063e-15
8.913e-09 4.274e+45 5.440e+29 5.449e-28 1.792e-16 1.126e-15
1.000e-08 3.596e+45 5.762e+29 5.772e-28 1.898e-16 1.193e-15
1.122e-08 3.026e+45 6.103e+29 6.114e-28 2.011e-16 1.263e-15
1.259e-08 2.546e+45 6.465e+29 6.476e-28 2.130e-16 1.338e-15
1.413e-08 2.142e+45 6.848e+29 6.860e-28 2.256e-16 1.418e-15
1.585e-08 1.802e+45 7.254e+29 7.266e-28 2.390e-16 1.502e-15
1.778e-08 1.516e+45 7.683e+29 7.696e-28 2.532e-16 1.591e-15
1.995e-08 1.276e+45 8.139e+29 8.152e-28 2.681e-16 1.685e-15
2.239e-08 1.074e+45 8.621e+29 8.635e-28 2.840e-16 1.785e-15
2.512e-08 9.033e+44 9.131e+29 9.147e-28 3.009e-16 1.890e-15
2.818e-08 7.600e+44 9.672e+29 9.689e-28 3.187e-16 2.002e-15
3.162e-08 6.395e+44 1.025e+30 1.026e-27 3.376e-16 2.121e-15
3.548e-08 5.380e+44 1.085e+30 1.087e-27 3.576e-16 2.247e-15
3.981e-08 4.527e+44 1.150e+30 1.151e-27 3.787e-16 2.380e-15
4.467e-08 3.809e+44 1.218e+30 1.220e-27 4.012e-16 2.521e-15
5.012e-08 3.205e+44 1.290e+30 1.292e-27 4.249e-16 2.670e-15
5.623e-08 2.696e+44 1.366e+30 1.368e-27 4.501e-16 2.828e-15
6.310e-08 2.269e+44 1.447e+30 1.450e-27 4.768e-16 2.996e-15
7.079e-08 1.909e+44 1.533e+30 1.535e-27 5.050e-16 3.173e-15
7.943e-08 1.606e+44 1.624e+30 1.626e-27 5.349e-16 3.361e-15
8.913e-08 1.351e+44 1.720e+30 1.723e-27 5.666e-16 3.560e-15
1.000e-07 1.137e+44 1.822e+30 1.825e-27 6.002e-16 3.771e-15
1.122e-07 9.566e+43 1.930e+30 1.933e-27 6.357e-16 3.995e-15
1.259e-07 8.049e+43 2.044e+30 2.047e-27 6.734e-16 4.231e-15
1.413e-07 6.772e+43 2.165e+30 2.169e-27 7.133e-16 4.482e-15
1.585e-07 5.698e+43 2.293e+30 2.297e-27 7.555e-16 4.747e-15
1.778e-07 4.794e+43 2.429e+30 2.433e-27 8.003e-16 5.028e-15
1.995e-07 4.034e+43 2.573e+30 2.577e-27 8.477e-16 5.326e-15
2.239e-07 3.394e+43 2.725e+30 2.730e-27 8.979e-16 5.642e-15
2.512e-07 2.855e+43 2.887e+30 2.891e-27 9.511e-16 5.976e-15
2.818e-07 2.402e+43 3.057e+30 3.063e-27 1.007e-15 6.330e-15
3.162e-07 2.021e+43 3.239e+30 3.244e-27 1.067e-15 6.704e-15
3.548e-07 1.701e+43 3.430e+30 3.436e-27 1.130e-15 7.101e-15
3.981e-07 1.431e+43 3.633e+30 3.640e-27 1.197e-15 7.522e-15
4.467e-07 1.204e+43 3.849e+30 3.855e-27 1.268e-15 7.967e-15
5.012e-07 1.013e+43 4.076e+30 4.083e-27 1.343e-15 8.439e-15
5.623e-07 8.522e+42 4.318e+30 4.325e-27 1.423e-15 8.939e-15
6.310e-07 7.170e+42 4.573e+30 4.581e-27 1.507e-15 9.468e-15
7.079e-07 6.033e+42 4.844e+30 4.852e-27 1.596e-15 1.003e-14
7.943e-07 5.076e+42 5.131e+30 5.140e-27 1.691e-15 1.062e-14
8.913e-07 4.270e+42 5.435e+30 5.444e-27 1.791e-15 1.125e-14
1.000e-06 3.593e+42 5.756e+30 5.766e-27 1.897e-15 1.192e-14
1.122e-06 3.023e+42 6.097e+30 6.107e-27 2.009e-15 1.262e-14
1.259e-06 2.543e+42 6.458e+30 6.469e-27 2.128e-15 1.337e-14
1.413e-06 2.140e+42 6.840e+30 6.852e-27 2.254e-15 1.416e-14
1.585e-06 1.800e+42 7.245e+30 7.257e-27 2.387e-15 1.500e-14
1.778e-06 1.515e+42 7.673e+30 7.686e-27 2.528e-15 1.589e-14
1.995e-06 1.274e+42 8.127e+30 8.141e-27 2.678e-15 1.682e-14
2.239e-06 1.072e+42 8.608e+30 8.623e-27 2.836e-15 1.782e-14
2.512e-06 9.019e+41 9.117e+30 9.133e-27 3.004e-15 1.887e-14
2.818e-06 7.588e+41 9.657e+30 9.673e-27 3.182e-15 1.999e-14
3.162e-06 6.384e+41 1.023e+31 1.024e-26 3.370e-15 2.117e-14
3.548e-06 5.370e+41 1.083e+31 1.085e-26 3.569e-15 2.242e-14
3.981e-06 4.518e+41 1.147e+31 1.149e-26 3.780e-15 2.375e-14
4.467e-06 3.801e+41 1.215e+31 1.217e-26 4.004e-15 2.515e-14
5.012e-06 3.198e+41 1.287e+31 1.289e-26 4.240e-15 2.664e-14
5.623e-06 2.690e+41 1.363e+31 1.365e-26 4.491e-15 2.822e-14
6.310e-06 2.263e+41 1.444e+31 1.446e-26 4.756e-15 2.988e-14
7.079e-06 1.904e+41 1.529e+31 1.531e-26 5.037e-15 3.165e-14
7.943e-06 1.602e+41 1.619e+31 1.622e-26 5.335e-15 3.352e-14
8.913e-06 1.347e+41 1.715e+31 1.718e-26 5.650e-15 3.550e-14
1.000e-05 1.133e+41 1.816e+31 1.819e-26 5.983e-15 3.759e-14
1.122e-05 9.535e+40 1.923e+31 1.927e-26 6.337e-15 3.981e-14
1.259e-05 8.021e+40 2.037e+31 2.040e-26 6.711e-15 4.216e-14
1.413e-05 6.747e+40 2.157e+31 2.161e-26 7.107e-15 4.465e-14
1.585e-05 5.676e+40 2.284e+31 2.288e-26 7.526e-15 4.729e-14
1.778e-05 4.774e+40 2.419e+31 2.423e-26 7.970e-15 5.008e-14
1.995e-05 4.016e+40 2.562e+31 2.566e-26 8.440e-15 5.303e-14
2.239e-05 3.378e+40 2.713e+31 2.717e-26 8.937e-15 5.616e-14
2.512e-05 2.841e+40 2.872e+31 2.877e-26 9.464e-15 5.946e-14
2.818e-05 2.390e+40 3.042e+31 3.047e-26 1.002e-14 6.297e-14
3.162e-05 2.010e+40 3.221e+31 3.226e-26 1.061e-14 6.668e-14
3.548e-05 1.691e+40 3.410e+31 3.416e-26 1.124e-14 7.060e-14
3.981e-05 1.422e+40 3.611e+31 3.617e-26 1.190e-14 7.476e-14
4.467e-05 1.196e+40 3.824e+31 3.830e-26 1.260e-14 7.915e-14
5.012e-05 1.006e+40 4.048e+31 4.055e-26 1.334e-14 8.381e-14
5.623e-05 8.460e+39 4.286e+31 4.294e-26 1.412e-14 8.873e-14
6.310e-05 7.115e+39 4.538e+31 4.546e-26 1.495e-14 9.395e-14
7.079e-05 5.983e+39 4.805e+31 4.813e-26 1.583e-14 9.946e-14
7.943e-05 5.032e+39 5.086e+31 5.095e-26 1.676e-14 1.053e-13
8.913e-05 4.231e+39 5.385e+31 5.394e-26 1.774e-14 1.115e-13
1.000e-04 3.558e+39 5.700e+31 5.710e-26 1.878e-14 1.180e-13
1.122e-04 2.992e+39 6.034e+31 6.045e-26 1.988e-14 1.249e-13
1.259e-04 2.515e+39 6.388e+31 6.398e-26 2.105e-14 1.322e-13
1.413e-04 2.115e+39 6.761e+31 6.773e-26 2.228e-14 1.400e-13
1.585e-04 1.778e+39 7.156e+31 7.168e-26 2.358e-14 1.481e-13
1.778e-04 1.495e+39 7.574e+31 7.587e-26 2.496e-14 1.568e-13
1.995e-04 1.257e+39 8.016e+31 8.030e-26 2.641e-14 1.660e-13
2.239e-04 1.057e+39 8.484e+31 8.498e-26 2.795e-14 1.756e-13
2.512e-04 8.881e+38 8.978e+31 8.993e-26 2.958e-14 1.859e-13
2.818e-04 7.465e+38 9.500e+31 9.516e-26 3.130e-14 1.967e-13
3.162e-04 6.274e+38 1.005e+32 1.007e-25 3.312e-14 2.081e-13
3.548e-04 5.273e+38 1.064e+32 1.065e-25 3.504e-14 2.202e-13
3.981e-04 4.431e+38 1.125e+32 1.127e-25 3.707e-14 2.329e-13
4.467e-04 3.724e+38 1.190e+32 1.192e-25 3.922e-14 2.464e-13
5.012e-04 3.129e+38 1.259e+32 1.261e-25 4.149e-14 2.607e-13
5.623e-04 2.629e+38 1.332e+32 1.334e-25 4.389e-14 2.757e-13
6.310e-04 2.209e+38 1.409e+32 1.411e-25 4.642e-14 2.916e-13
7.079e-04 1.855e+38 1.490e+32 1.492e-25 4.909e-14 3.084e-13
7.943e-04 1.559e+38 1.576e+32 1.578e-25 5.191e-14 3.262e-13
8.913e-04 1.309e+38 1.666e+32 1.669e-25 5.489e-14 3.449e-13
1.000e-03 1.099e+38 1.761e+32 1.764e-25 5.803e-14 3.646e-13
1.122e-03 9.231e+37 1.862e+32 1.865e-25 6.135e-14 3.855e-13
1.259e-03 7.751e+37 1.968e+32 1.971e-25 6.485e-14 4.074e-13
1.413e-03 6.507e+37 2.080e+32 2.084e-25 6.853e-14 4.306e-13
1.585e-03 5.462e+37 2.198e+32 2.202e-25 7.242e-14 4.551e-13
1.778e-03 4.584e+37 2.323e+32 2.327e-25 7.652e-14 4.808e-13
1.995e-03 3.847e+37 2.454e+32 2.458e-25 8.084e-14 5.080e-13
2.239e-03 3.228e+37 2.592e+32 2.596e-25 8.540e-14 5.366e-13
2.512e-03 2.708e+37 2.737e+32 2.742e-25 9.019e-14 5.667e-13
2.818e-03 2.271e+37 2.890e+32 2.895e-25 9.523e-14 5.984e-13
3.162e-03 1.905e+37 3.052e+32 3.057e-25 1.005e-13 6.317e-13
3.548e-03 1.597e+37 3.221e+32 3.227e-25 1.061e-13 6.668e-13
3.981e-03 1.339e+37 3.399e+32 3.405e-25 1.120e-13 7.037e-13
4.467e-03 1.122e+37 3.587e+32 3.593e-25 1.182e-13 7.425e-13
5.012e-03 9.402e+36 3.784e+32 3.790e-25 1.247e-13 7.833e-13
5.623e-03 7.876e+36 3.990e+32 3.997e-25 1.315e-13 8.261e-13
6.310e-03 6.596e+36 4.207e+32 4.215e-25 1.386e-13 8.710e-13
7.079e-03 5.523e+36 4.435e+32 4.443e-25 1.461e-13 9.181e-13
7.943e-03 4.623e+36 4.674e+32 4.682e-25 1.540e-13 9.675e-13
8.913e-03 3.869e+36 4.924e+32 4.932e-25 1.622e-13 1.019e-12
1.000e-02 3.237e+36 5.186e+32 5.194e-25 1.709e-13 1.074e-12
1.122e-02 2.707e+36 5.460e+32 5.469e-25 1.799e-13 1.130e-12
1.259e-02 2.263e+36 5.746e+32 5.756e-25 1.893e-13 1.190e-12
1.413e-02 1.891e+36 6.045e+32 6.056e-25 1.992e-13 1.252e-12
1.585e-02 1.580e+36 6.358e+32 6.369e-25 2.095e-13 1.316e-12
1.778e-02 1.319e+36 6.684e+32 6.695e-25 2.202e-13 1.384e-12
1.995e-02 1.101e+36 7.024e+32 7.036e-25 2.314e-13 1.454e-12
2.239e-02 9.187e+35 7.377e+32 7.390e-25 2.431e-13 1.527e-12
2.512e-02 7.662e+35 7.745e+32 7.759e-25 2.552e-13 1.603e-12
2.818e-02 6.386e+35 8.128e+32 8.141e-25 2.678e-13 1.683e-12
3.162e-02 5.321e+35 8.524e+32 8.539e-25 2.809e-13 1.765e-12
3.548e-02 4.430e+35 8.936e+32 8.951e-25 2.944e-13 1.850e-12
3.981e-02 3.687e+35 9.361e+32 9.377e-25 3.084e-13 1.938e-12
4.467e-02 3.066e+35 9.801e+32 9.818e-25 3.229e-13 2.029e-12
5.012e-02 2.548e+35 1.026e+33 1.027e-24 3.379e-13 2.123e-12
5.623e-02 2.117e+35 1.072e+33 1.074e-24 3.533e-13 2.220e-12
6.310e-02 1.757e+35 1.121e+33 1.122e-24 3.692e-13 2.320e-12
7.079e-02 1.457e+35 1.170e+33 1.172e-24 3.855e-13 2.422e-12
7.943e-02 1.207e+35 1.221e+33 1.223e-24 4.022e-13 2.527e-12
8.913e-02 9.999e+34 1.272e+33 1.275e-24 4.193e-13 2.634e-12
1.000e-01 8.272e+34 1.325e+33 1.328e-24 4.367e-13 2.744e-12
1.122e-01 6.838e+34 1.379e+33 1.382e-24 4.544e-13 2.855e-12
1.259e-01 5.647e+34 1.434e+33 1.436e-24 4.724e-13 2.968e-12
1.413e-01 4.659e+34 1.489e+33 1.492e-24 4.907e-13 3.083e-12
1.585e-01 3.839e+34 1.545e+33 1.548e-24 5.091e-13 3.199e-12
1.778e-01 3.161e+34 1.601e+33 1.604e-24 5.276e-13 3.315e-12
1.995e-01 2.599e+34 1.658e+33 1.661e-24 5.462e-13 3.432e-12
2.239e-01 2.135e+34 1.714e+33 1.717e-24 5.648e-13 3.548e-12
2.512e-01 1.751e+34 1.770e+33 1.773e-24 5.832e-13 3.664e-12
2.818e-01 1.434e+34 1.825e+33 1.828e-24 6.014e-13 3.779e-12
3.162e-01 1.173e+34 1.880e+33 1.883e-24 6.194e-13 3.892e-12
3.548e-01 9.584e+33 1.933e+33 1.936e-24 6.369e-13 4.002e-12
3.981e-01 7.816e+33 1.985e+33 1.988e-24 6.539e-13 4.109e-12
4.467e-01 6.364e+33 2.034e+33 2.038e-24 6.703e-13 4.212e-12
5.012e-01 5.173e+33 2.082e+33 2.086e-24 6.860e-13 4.310e-12
5.623e-01 4.198e+33 2.127e+33 2.130e-24 7.007e-13 4.403e-12
6.310e-01 3.400e+33 2.169e+33 2.172e-24 7.145e-13 4.489e-12
7.079e-01 2.748e+33 2.207e+33 2.211e-24 7.271e-13 4.569e-12
7.943e-01 2.217e+33 2.241e+33 2.245e-24 7.384e-13 4.640e-12
8.913e-01 1.785e+33 2.271e+33 2.275e-24 7.483e-13 4.702e-12
1.000e+00 1.433e+33 2.297e+33 2.300e-24 7.567e-13 4.754e-12
1.122e+00 1.149e+33 2.317e+33 2.321e-24 7.633e-13 4.796e-12
1.259e+00 9.180e+32 2.331e+33 2.335e-24 7.681e-13 4.826e-12
1.413e+00 7.319e+32 2.340e+33 2.344e-24 7.709e-13 4.843e-12
1.585e+00 5.819e+32 2.342e+33 2.346e-24 7.716e-13 4.848e-12
1.778e+00 4.613e+32 2.337e+33 2.341e-24 7.701e-13 4.839e-12
1.995e+00 3.646e+32 2.326e+33 2.330e-24 7.663e-13 4.815e-12
2.239e+00 2.873e+32 2.307e+33 2.311e-24 7.602e-13 4.776e-12
2.512e+00 2.257e+32 2.281e+33 2.285e-24 7.516e-13 4.723e-12
2.818e+00 1.766e+32 2.248e+33 2.252e-24 7.406e-13 4.653e-12
3.162e+00 1.377e+32 2.207e+33 2.210e-24 7.271e-13 4.568e-12
3.548e+00 1.070e+32 2.158e+33 2.162e-24 7.111e-13 4.468e-12
3.981e+00 8.280e+31 2.102e+33 2.106e-24 6.927e-13 4.352e-12
4.467e+00 6.380e+31 2.039e+33 2.043e-24 6.720e-13 4.222e-12
5.012e+00 4.894e+31 1.970e+33 1.973e-24 6.490e-13 4.078e-12
5.623e+00 3.737e+31 1.893e+33 1.897e-24 6.239e-13 3.920e-12
6.310e+00 2.840e+31 1.811e+33 1.814e-24 5.968e-13 3.750e-12
7.079e+00 2.147e+31 1.724e+33 1.727e-24 5.680e-13 3.569e-12
7.943e+00 1.614e+31 1.632e+33 1.635e-24 5.377e-13 3.378e-12
8.913e+00 1.207e+31 1.536e+33 1.539e-24 5.061e-13 3.180e-12
1.000e+01 8.970e+30 1.437e+33 1.440e-24 4.735e-13 2.975e-12
1.122e+01 6.624e+30 1.336e+33 1.338e-24 4.402e-13 2.766e-12
1.259e+01 4.859e+30 1.234e+33 1.236e-24 4.065e-13 2.554e-12
1.413e+01 3.539e+30 1.131e+33 1.133e-24 3.727e-13 2.342e-12
1.585e+01 2.558e+30 1.029e+33 1.031e-24 3.392e-13 2.131e-12
1.778e+01 1.834e+30 9.292e+32 9.308e-25 3.062e-13 1.924e-12
1.995e+01 1.304e+30 8.317e+32 8.331e-25 2.740e-13 1.722e-12
2.239e+01 9.184e+29 7.375e+32 7.387e-25 2.430e-13 1.527e-12
2.512e+01 6.406e+29 6.476e+32 6.487e-25 2.134e-13 1.341e-12
2.818e+01 4.420e+29 5.625e+32 5.635e-25 1.853e-13 1.165e-12
3.162e+01 3.015e+29 4.830e+32 4.838e-25 1.591e-13 9.999e-13
3.548e+01 2.030e+29 4.094e+32 4.101e-25 1.349e-13 8.476e-13
3.981e+01 1.348e+29 3.422e+32 3.428e-25 1.127e-13 7.084e-13
4.467e+01 8.804e+28 2.814e+32 2.819e-25 9.273e-14 5.826e-13
5.012e+01 5.649e+28 2.274e+32 2.277e-25 7.491e-14 4.707e-13
5.623e+01 3.550e+28 1.799e+32 1.802e-25 5.926e-14 3.724e-13
6.310e+01 2.178e+28 1.389e+32 1.391e-25 4.576e-14 2.875e-13
7.079e+01 1.298e+28 1.042e+32 1.044e-25 3.433e-14 2.157e-13
7.943e+01 7.470e+27 7.551e+31 7.564e-26 2.488e-14 1.563e-13
8.913e+01 4.121e+27 5.244e+31 5.253e-26 1.728e-14 1.086e-13
1.000e+02 2.156e+27 3.455e+31 3.460e-26 1.138e-14 7.152e-14
1.122e+02 1.056e+27 2.129e+31 2.133e-26 7.016e-15 4.408e-14
1.259e+02 4.747e+26 1.205e+31 1.207e-26 3.971e-15 2.495e-14
1.413e+02 1.911e+26 6.109e+30 6.119e-27 2.013e-15 1.265e-14
1.585e+02 6.645e+25 2.674e+30 2.679e-27 8.811e-16 5.536e-15
1.778e+02 1.895e+25 9.603e+29 9.620e-28 3.164e-16 1.988e-15
1.995e+02 4.103e+24 2.617e+29 2.621e-28 8.623e-17 5.418e-16
2.239e+02 5.958e+23 4.784e+28 4.792e-29 1.576e-17 9.904e-17
2.512e+02 4.717e+22 4.768e+27 4.776e-30 1.571e-18 9.871e-18
2.818e+02 1.405e+21 1.788e+26 1.791e-31 5.890e-20 3.701e-19
3.162e+02 7.746e+18 1.241e+24 1.243e-33 4.089e-22 2.569e-21
3.548e+02 1.693e+15 3.414e+20 3.420e-37 1.125e-25 7.068e-25
3.981e+02 2.237e+08 5.682e+13 5.691e-44 1.872e-32 1.176e-31
4.467e+02 9.091e-10 2.906e-04 2.911e-61 9.575e-50 6.016e-49
5.012e+02 1.070e-132 4.308e-127 4.315e-184 1.419e-172 8.918e-172
5.623e+02 0.000e+00 0.000e+00 0.000e+00 0.000e+00 0.000e+00
6.310e+02 0.000e+00 0.000e+00 0.000e+00 0.000e+00 0.000e+00
7.079e+02 0.000e+00 0.000e+00 0.000e+00 0.000e+00 0.000e+00
7.943e+02 0.000e+00 0.000e+00 0.000e+00 0.000e+00 0.000e+00
8.913e+02 0.000e+00 0.000e+00 0.000e+00 0.000e+00 0.000e+00
1.000e+03 0.000e+00 0.000e+00 0.000e+00 0.000e+00 0.000e+00
1.122e+03 0.000e+00 0.000e+00 0.000e+00 0.000e+00 0.000e+00
1.259e+03 0.000e+00 0.000e+00 0.000e+00 0.000e+00 0.000e+00
1.413e+03 0.000e+00 0.000e+00 0.000e+00 0.000e+00 0.000e+00
1.585e+03 0.000e+00 0.000e+00 0.000e+00 0.000e+00 0.000e+00
1.778e+03 0.000e+00 0.000e+00 0.000e+00 0.000e+00 0.000e+00
1.995e+03 0.000e+00 0.000e+00 0.000e+00 0.000e+00 0.000e+00
2.239e+03 0.000e+00 0.000e+00 0.000e+00 0.000e+00 0.000e+00
2.512e+03 0.000e+00 0.000e+00 0.000e+00 0.000e+00 0.000e+00
2.818e+03 0.000e+00 0.000e+00 0.000e+00 0.000e+00 0.000e+00
3.162e+03 0.000e+00 0.000e+00 0.000e+00 0.000e+00 0.000e+00
3.548e+03 0.000e+00 0.000e+00 0.000e+00 0.000e+00 0.000e+00
3.981e+03 0.000e+00 0.000e+00 0.000e+00 0.000e+00 0.000e+00
4.467e+03 0.000e+00 0.000e+00 0.000e+00 0.000e+00 0.000e+00
5.012e+03 0.000e+00 0.000e+00 0.000e+00 0.000e+00 0.000e+00
5.623e+03 0.000e+00 0.000e+00 0.000e+00 0.000e+00 0.000e+00
6.310e+03 0.000e+00 0.000e+00 0.000e+00 0.000e+00 0.000e+00
7.079e+03 0.000e+00 0.000e+00 0.000e+00 0.000e+00 0.000e+00
7.943e+03 0.000e+00 0.000e+00 0.000e+00 0.000e+00 0.000e+00
8.913e+03 0.000e+00 0.000e+00 0.000e+00 0.000e+00 0.000e+00
1.000e+04 0.000e+00 0.000e+00 0.000e+00 0.000e+00 0.000e+00
1.122e+04 0.000e+00 0.000e+00 0.000e+00 0.000e+00 0.000e+00
1.259e+04 0.000e+00 0.000e+00 0.000e+00 0.000e+00 0.000e+00
1.413e+04 0.000e+00 0.000e+00 0.000e+00 0.000e+00 0.000e+00
1.585e+04 0.000e+00 0.000e+00 0.000e+00 0.000e+00 0.000e+00
1.778e+04 0.000e+00 0.000e+00 0.000e+00 0.000e+00 0.000e+00
1.995e+04 0.000e+00 0.000e+00 0.000e+00 0.000e+00 0.000e+00
2.239e+04 0.000e+00 0.000e+00 0.000e+00 0.000e+00 0.000e+00
2.512e+04 0.000e+00 0.000e+00 0.000e+00 0.000e+00 0.000e+00
2.818e+04 0.000e+00 0.000e+00 0.000e+00 0.000e+00 0.000e+00
3.162e+04 0.000e+00 0.000e+00 0.000e+00 0.000e+00 0.000e+00
3.548e+04 0.000e+00 0.000e+00 0.000e+00 0.000e+00 0.000e+00
3.981e+04 0.000e+00 0.000e+00 0.000e+00 0.000e+00 0.000e+00
4.467e+04 0.000e+00 0.000e+00 0.000e+00 0.000e+00 0.000e+00
5.012e+04 0.000e+00 0.000e+00 0.000e+00 0.000e+00 0.000e+00
5.623e+04 0.000e+00 0.000e+00 0.000e+00 0.000e+00 0.000e+00
6.310e+04 0.000e+00 0.000e+00 0.000e+00 0.000e+00 0.000e+00
7.079e+04 0.000e+00 0.000e+00 0.000e+00 0.000e+00 0.000e+00
7.943e+04 0.000e+00 0.000e+00 0.000e+00 0.000e+00 0.000e+00
8.913e+04 0.000e+00 0.000e+00 0.000e+00 0.000e+00 0.000e+00
1.000e+05 0.000e+00 0.000e+00 0.000e+00 0.000e+00 0.000e+00
1.122e+05 0.000e+00 0.000e+00 0.000e+00 0.000e+00 0.000e+00
1.259e+05 0.000e+00 0.000e+00 0.000e+00 0.000e+00 0.000e+00
1.413e+05 0.000e+00 0.000e+00 0.000e+00 0.000e+00 0.000e+00
1.585e+05 0.000e+00 0.000e+00 0.000e+00 0.000e+00 0.000e+00
1.778e+05 0.000e+00 0.000e+00 0.000e+00 0.000e+00 0.000e+00
1.995e+05 0.000e+00 0.000e+00 0.000e+00 0.000e+00 0.000e+00
2.239e+05 0.000e+00 0.000e+00 0.000e+00 0.000e+00 0.000e+00
2.512e+05 0.000e+00 0.000e+00 0.000e+00 0.000e+00 0.000e+00
2.818e+05 0.000e+00 0.000e+00 0.000e+00 0.000e+00 0.000e+00
3.162e+05 0.000e+00 0.000e+00 0.000e+00 0.000e+00 0.000e+00
3.548e+05 0.000e+00 0.000e+00 0.000e+00 0.000e+00 0.000e+00
3.981e+05 0.000e+00 0.000e+00 0.000e+00 0.000e+00 0.000e+00
4.467e+05 0.000e+00 0.000e+00 0.000e+00 0.000e+00 0.000e+00
5.012e+05 0.000e+00 0.000e+00 0.000e+00 0.000e+00 0.000e+00
5.623e+05 0.000e+00 0.000e+00 0.000e+00 0.000e+00 0.000e+00
6.310e+05 0.000e+00 0.000e+00 0.000e+00 0.000e+00 0.000e+00
7.079e+05 0.000e+00 0.000e+00 0.000e+00 0.000e+00 0.000e+00
7.943e+05 0.000e+00 0.000e+00 0.000e+00 0.000e+00 0.000e+00
8.913e+05 0.000e+00 0.000e+00 0.000e+00 0.000e+00 0.000e+00
1.000e+06 0.000e+00 0.000e+00 0.000e+00 0.000e+00 0.000e+00
1.122e+06 0.000e+00 0.000e+00 0.000e+00 0.000e+00 0.000e+00
1.259e+06 0.000e+00 0.000e+00 0.000e+00 0.000e+00 0.000e+00
1.413e+06 0.000e+00 0.000e+00 0.000e+00 0.000e+00 0.000e+00
1.585e+06 0.000e+00 0.000e+00 0.000e+00 0.000e+00 0.000e+00
1.778e+06 0.000e+00 0.000e+00 0.000e+00 0.000e+00 0.000e+00
1.995e+06 0.000e+00 0.000e+00 0.000e+00 0.000e+00 0.000e+00
2.239e+06 0.000e+00 0.000e+00 0.000e+00 0.000e+00 0.000e+00
2.512e+06 0.000e+00 0.000e+00 0.000e+00 0.000e+00 0.000e+00
2.818e+06 0.000e+00 0.000e+00 0.000e+00 0.000e+00 0.000e+00
3.162e+06 0.000e+00 0.000e+00 0.000e+00 0.000e+00 0.000e+00
3.548e+06 0.000e+00 0.000e+00 0.000e+00 0.000e+00 0.000e+00
3.981e+06 0.000e+00 0.000e+00 0.000e+00 0.000e+00 0.000e+00
4.467e+06 0.000e+00 0.000e+00 0.000e+00 0.000e+00 0.000e+00
5.012e+06 0.000e+00 0.000e+00 0.000e+00 0.000e+00 0.000e+00
5.623e+06 0.000e+00 0.000e+00 0.000e+00 0.000e+00 0.000e+00
6.310e+06 0.000e+00 0.000e+00 0.000e+00 0.000e+00 0.000e+00
7.079e+06 0.000e+00 0.000e+00 0.000e+00 0.000e+00 0.000e+00
7.943e+06 0.000e+00 0.000e+00 0.000e+00 0.000e+00 0.000e+00
8.913e+06 0.000e+00 0.000e+00 0.000e+00 0.000e+00 0.000e+00
1.000e+07 0.000e+00 0.000e+00 0.000e+00 0.000e+00 0.000e+00
1.122e+07 0.000e+00 0.000e+00 0.000e+00 0.000e+00 0.000e+00
1.259e+07 0.000e+00 0.000e+00 0.000e+00 0.000e+00 0.000e+00
1.413e+07 0.000e+00 0.000e+00 0.000e+00 0.000e+00 0.000e+00
1.585e+07 0.000e+00 0.000e+00 0.000e+00 0.000e+00 0.000e+00
1.778e+07 0.000e+00 0.000e+00 0.000e+00 0.000e+00 0.000e+00
1.995e+07 0.000e+00 0.000e+00 0.000e+00 0.000e+00 0.000e+00
2.239e+07 0.000e+00 0.000e+00 0.000e+00 0.000e+00 0.000e+00
2.512e+07 0.000e+00 0.000e+00 0.000e+00 0.000e+00 0.000e+00
2.818e+07 0.000e+00 0.000e+00 0.000e+00 0.000e+00 0.000e+00
3.162e+07 0.000e+00 0.000e+00 0.000e+00 0.000e+00 0.000e+00
3.548e+07 0.000e+00 0.000e+00 0.000e+00 0.000e+00 0.000e+00
3.981e+07 0.000e+00 0.000e+00 0.000e+00 0.000e+00 0.000e+00
4.467e+07 0.000e+00 0.000e+00 0.000e+00 0.000e+00 0.000e+00
5.012e+07 0.000e+00 0.000e+00 0.000e+00 0.000e+00 0.000e+00
5.623e+07 0.000e+00 0.000e+00 0.000e+00 0.000e+00 0.000e+00
6.310e+07 0.000e+00 0.000e+00 0.000e+00 0.000e+00 0.000e+00
7.079e+07 0.000e+00 0.000e+00 0.000e+00 0.000e+00 0.000e+00
7.943e+07 0.000e+00 0.000e+00 0.000e+00 0.000e+00 0.000e+00
8.913e+07 0.000e+00 0.000e+00 0.000e+00 0.000e+00 0.000e+00
1.000e+08 0.000e+00 0.000e+00 0.000e+00 0.000e+00 0.000e+00
