1.000e-20 0.000e+00 0.000e+00 0.000e+00 0.000e+00 0.000e+00
1.122e-20 0.000e+00 0.000e+00 0.000e+00 0.000e+00 0.000e+00
1.259e-20 0.000e+00 0.000e+00 0.000e+00 0.000e+00 0.000e+00
1.413e-20 0.000e+00 0.000e+00 0.000e+00 0.000e+00 0.000e+00
1.585e-20 0.000e+00 0.000e+00 0.000e+00 0.000e+00 0.000e+00
1.778e-20 0.000e+00 0.000e+00 0.000e+00 0.000e+00 0.000e+00
1.995e-20 0.000e+00 0.000e+00 0.000e+00 0.000e+00 0.000e+00
2.239e-20 0.000e+00 0.000e+00 0.000e+00 0.000e+00 0.000e+00
2.512e-20 0.000e+00 0.000e+00 0.000e+00 0.000e+00 0.000e+00
2.818e-20 0.000e+00 0.000e+00 0.000e+00 0.000e+00 0.000e+00
3.162e-20 0.000e+00 0.000e+00 0.000e+00 0.000e+00 0.000e+00
3.548e-20 0.000e+00 0.000e+00 0.000e+00 0.000e+00 0.000e+00
3.981e-20 0.000e+00 0.000e+00 0.000e+00 0.000e+00 0.000e+00
4.467e-20 0.000e+00 0.000e+00 0.000e+00 0.000e+00 0.000e+00
5.012e-20 0.000e+00 0.000e+00 0.000e+00 0.000e+00 0.000e+00
5.623e-20 0.000e+00 0.000e+00 0.000e+00 0.000e+00 0.000e+00
6.310e-20 0.000e+00 0.000e+00 0.000e+00 0.000e+00 0.000e+00
7.079e-20 0.000e+00 0.000e+00 0.000e+00 0.000e+00 0.000e+00
7.943e-20 0.000e+00 0.000e+00 0.000e+00 0.000e+00 0.000e+00
8.913e-20 0.000e+00 0.000e+00 0.000e+00 0.000e+00 0.000e+00
1.000e-19 0.000e+00 0.000e+00 0.000e+00 0.000e+00 0.000e+00
1.122e-19 0.000e+00 0.000e+00 0.000e+00 0.000e+00 0.000e+00
1.259e-19 0.000e+00 0.000e+00 0.000e+00 0.000e+00 0.000e+00
1.413e-19 0.000e+00 0.000e+00 0.000e+00 0.000e+00 0.000e+00
1.585e-19 0.000e+00 0.000e+00 0.000e+00 0.000e+00 0.000e+00
1.778e-19 0.000e+00 0.000e+00 0.000e+00 0.000e+00 0.000e+00
1.995e-19 0.000e+00 0.000e+00 0.000e+00 0.000e+00 0.000e+00
2.239e-19 0.000e+00 0.000e+00 0.000e+00 0.000e+00 0.000e+00
2.512e-19 0.000e+00 0.000e+00 0.000e+00 0.000e+00 0.000e+00
2.818e-19 0.000e+00 0.000e+00 0.000e+00 0.000e+00 0.000e+00
3.162e-19 0.000e+00 0.000e+00 0.000e+00 0.000e+00 0.000e+00
3.548e-19 0.000e+00 0.000e+00 0.000e+00 0.000e+00 0.000e+00
3.981e-19 0.000e+00 0.000e+00 0.000e+00 0.000e+00 0.000e+00
4.467e-19 0.000e+00 0.000e+00 0.000e+00 0.000e+00 0.000e+00
5.012e-19 0.000e+00 0.000e+00 0.000e+00 0.000e+00 0.000e+00
5.623e-19 0.000e+00 0.000e+00 0.000e+00 0.000e+00 0.000e+00
6.310e-19 0.000e+00 0.000e+00 0.000e+00 0.000e+00 0.000e+00
7.079e-19 0.000e+00 0.000e+00 0.000e+00 0.000e+00 0.000e+00
7.943e-19 0.000e+00 0.000e+00 0.000e+00 0.000e+00 0.000e+00
8.913e-19 0.000e+00 0.000e+00 0.000e+00 0.000e+00 0.000e+00
1.000e-18 0.000e+00 0.000e+00 0.000e+00 0.000e+00 0.000e+00
1.122e-18 0.000e+00 0.000e+00 0.000e+00 0.000e+00 0.000e+00
1.259e-18 0.000e+00 0.000e+00 0.000e+00 0.000e+00 0.000e+00
1.413e-18 0.000e+00 0.000e+00 0.000e+00 0.000e+00 0.000e+00
1.585e-18 0.000e+00 0.000e+00 0.000e+00 0.000e+00 0.000e+00
1.778e-18 0.000e+00 0.000e+00 0.000e+00 0.000e+00 0.000e+00
1.995e-18 0.000e+00 0.000e+00 0.000e+00 0.000e+00 0.000e+00
2.239e-18 0.000e+00 0.000e+00 0.000e+00 0.000e+00 0.000e+00
2.512e-18 0.000e+00 0.000e+00 0.000e+00 0.000e+00 0.000e+00
2.818e-18 0.000e+00 0.000e+00 0.000e+00 0.000e+00 0.000e+00
3.162e-18 0.000e+00 0.000e+00 0.000e+00 0.000e+00 0.000e+00
3.548e-18 0.000e+00 0.000e+00 0.000e+00 0.000e+00 0.000e+00
3.981e-18 0.000e+00 0.000e+00 0.000e+00 0.000e+00 0.000e+00
4.467e-18 0.000e+00 0.000e+00 0.000e+00 0.000e+00 0.000e+00
5.012e-18 0.000e+00 0.000e+00 0.000e+00 0.000e+00 0.000e+00
5.623e-18 0.000e+00 0.000e+00 0.000e+00 0.000e+00 0.000e+00
6.310e-18 0.000e+00 0.000e+00 0.000e+00 0.000e+00 0.000e+00
7.079e-18 0.000e+00 0.000e+00 0.000e+00 0.000e+00 0.000e+00
7.943e-18 0.000e+00 0.000e+00 0.000e+00 0.000e+00 0.000e+00
8.913e-18 0.000e+00 0.000e+00 0.000e+00 0.000e+00 0.000e+00
1.000e-17 0.000e+00 0.000e+00 0.000e+00 0.000e+00 0.000e+00
1.122e-17 0.000e+00 0.000e+00 0.000e+00 0.000e+00 0.000e+00
1.259e-17 0.000e+00 0.000e+00 0.000e+00 0.000e+00 0.000e+00
1.413e-17 0.000e+00 0.000e+00 0.000e+00 0.000e+00 0.000e+00
1.585e-17 0.000e+00 0.000e+00 0.000e+00 0.000e+00 0.000e+00
1.778e-17 0.000e+00 0.000e+00 0.000e+00 0.000e+00 0.000e+00
1.995e-17 0.000e+00 0.000e+00 0.000e+00 0.000e+00 0.000e+00
2.239e-17 0.000e+00 0.000e+00 0.000e+00 0.000e+00 0.000e+00
2.512e-17 0.000e+00 0.000e+00 0.000e+00 0.000e+00 0.000e+00
2.818e-17 0.000e+00 0.000e+00 0.000e+00 0.000e+00 0.000e+00
3.162e-17 0.000e+00 0.000e+00 0.000e+00 0.000e+00 0.000e+00
3.548e-17 0.000e+00 0.000e+00 0.000e+00 0.000e+00 0.000e+00
3.981e-17 0.000e+00 0.000e+00 0.000e+00 0.000e+00 0.000e+00
4.467e-17 0.000e+00 0.000e+00 0.000e+00 0.000e+00 0.000e+00
5.012e-17 0.000e+00 0.000e+00 0.000e+00 0.000e+00 0.000e+00
5.623e-17 0.000e+00 0.000e+00 0.000e+00 0.000e+00 0.000e+00
6.310e-17 0.000e+00 0.000e+00 0.000e+00 0.000e+00 0.000e+00
7.079e-17 0.000e+00 0.000e+00 0.000e+00 0.000e+00 0.000e+00
7.943e-17 0.000e+00 0.000e+00 0.000e+00 0.000e+00 0.000e+00
8.913e-17 0.000e+00 0.000e+00 0.000e+00 0.000e+00 0.000e+00
1.000e-16 0.000e+00 0.000e+00 0.000e+00 0.000e+00 0.000e+00
1.122e-16 0.000e+00 0.000e+00 0.000e+00 0.000e+00 0.000e+00
1.259e-16 0.000e+00 0.000e+00 0.000e+00 0.000e+00 0.000e+00
1.413e-16 0.000e+00 0.000e+00 0.000e+00 0.000e+00 0.000e+00
1.585e-16 0.000e+00 0.000e+00 0.000e+00 0.000e+00 0.000e+00
1.778e-16 0.000e+00 0.000e+00 0.000e+00 0.000e+00 0.000e+00
1.995e-16 0.000e+00 0.000e+00 0.000e+00 0.000e+00 0.000e+00
2.239e-16 0.000e+00 0.000e+00 0.000e+00 0.000e+00 0.000e+00
2.512e-16 0.000e+00 0.000e+00 0.000e+00 0.000e+00 0.000e+00
2.818e-16 0.000e+00 0.000e+00 0.000e+00 0.000e+00 0.000e+00
3.162e-16 0.000e+00 0.000e+00 0.000e+00 0.000e+00 0.000e+00
3.548e-16 0.000e+00 0.000e+00 0.000e+00 0.000e+00 0.000e+00
3.981e-16 0.000e+00 0.000e+00 0.000e+00 0.000e+00 0.000e+00
4.467e-16 0.000e+00 0.000e+00 0.000e+00 0.000e+00 0.000e+00
5.012e-16 0.000e+00 0.000e+00 0.000e+00 0.000e+00 0.000e+00
5.623e-16 0.000e+00 0.000e+00 0.000e+00 0.000e+00 0.000e+00
6.310e-16 0.000e+00 0.000e+00 0.000e+00 0.000e+00 0.000e+00
7.079e-16 0.000e+00 0.000e+00 0.000e+00 0.000e+00 0.000e+00
7.943e-16 0.000e+00 0.000e+00 0.000e+00 0.000e+00 0.000e+00
8.913e-16 0.000e+00 0.000e+00 0.000e+00 0.000e+00 0.000e+00
1.000e-15 0.000e+00 0.000e+00 0.000e+00 0.000e+00 0.000e+00
1.122e-15 0.000e+00 0.000e+00 0.000e+00 0.000e+00 0.000e+00
1.259e-15 0.000e+00 0.000e+00 0.000e+00 0.000e+00 0.000e+00
1.413e-15 0.000e+00 0.000e+00 0.000e+00 0.000e+00 0.000e+00
1.585e-15 0.000e+00 0.000e+00 0.000e+00 0.000e+00 0.000e+00
1.778e-15 0.000e+00 0.000e+00 0.000e+00 0.000e+00 0.000e+00
1.995e-15 0.000e+00 0.000e+00 0.000e+00 0.000e+00 0.000e+00
2.239e-15 0.000e+00 0.000e+00 0.000e+00 0.000e+00 0.000e+00
2.512e-15 0.000e+00 0.000e+00 0.000e+00 0.000e+00 0.000e+00
2.818e-15 0.000e+00 0.000e+00 0.000e+00 0.000e+00 0.000e+00
3.162e-15 0.000e+00 0.000e+00 0.000e+00 0.000e+00 0.000e+00
3.548e-15 0.000e+00 0.000e+00 0.000e+00 0.000e+00 0.000e+00
3.981e-15 0.000e+00 0.000e+00 0.000e+00 0.000e+00 0.000e+00
4.467e-15 0.000e+00 0.000e+00 0.000e+00 0.000e+00 0.000e+00
5.012e-15 0.000e+00 0.000e+00 0.000e+00 0.000e+00 0.000e+00
5.623e-15 0.000e+00 0.000e+00 0.000e+00 0.000e+00 0.000e+00
6.310e-15 0.000e+00 0.000e+00 0.000e+00 0.000e+00 0.000e+00
7.079e-15 0.000e+00 0.000e+00 0.000e+00 0.000e+00 0.000e+00
7.943e-15 0.000e+00 0.000e+00 0.000e+00 0.000e+00 0.000e+00
8.913e-15 0.000e+00 0.000e+00 0.000e+00 0.000e+00 0.000e+00
1.000e-14 0.000e+00 0.000e+00 0.000e+00 0.000e+00 0.000e+00
1.122e-14 0.000e+00 0.000e+00 0.000e+00 0.000e+00 0.000e+00
1.259e-14 0.000e+00 0.000e+00 0.000e+00 0.000e+00 0.000e+00
1.413e-14 0.000e+00 0.000e+00 0.000e+00 0.000e+00 0.000e+00
1.585e-14 0.000e+00 0.000e+00 0.000e+00 0.000e+00 0.000e+00
1.778e-14 0.000e+00 0.000e+00 0.000e+00 0.000e+00 0.000e+00
1.995e-14 0.000e+00 0.000e+00 0.000e+00 0.000e+00 0.000e+00
2.239e-14 0.000e+00 0.000e+00 0.000e+00 0.000e+00 0.000e+00
2.512e-14 0.000e+00 0.000e+00 0.000e+00 0.000e+00 0.000e+00
2.818e-14 0.000e+00 0.000e+00 0.000e+00 0.000e+00 0.000e+00
3.162e-14 0.000e+00 0.000e+00 0.000e+00 0.000e+00 0.000e+00
3.548e-14 0.000e+00 0.000e+00 0.000e+00 0.000e+00 0.000e+00
3.981e-14 0.000e+00 0.000e+00 0.000e+00 0.000e+00 0.000e+00
4.467e-14 0.000e+00 0.000e+00 0.000e+00 0.000e+00 0.000e+00
5.012e-14 0.000e+00 0.000e+00 0.000e+00 0.000e+00 0.000e+00
5.623e-14 0.000e+00 0.000e+00 0.000e+00 0.000e+00 0.000e+00
6.310e-14 0.000e+00 0.000e+00 0.000e+00 0.000e+00 0.000e+00
7.079e-14 0.000e+00 0.000e+00 0.000e+00 0.000e+00 0.000e+00
7.943e-14 0.000e+00 0.000e+00 0.000e+00 0.000e+00 0.000e+00
8.913e-14 0.000e+00 0.000e+00 0.000e+00 0.000e+00 0.000e+00
1.000e-13 0.000e+00 0.000e+00 0.000e+00 0.000e+00 0.000e+00
1.122e-13 0.000e+00 0.000e+00 0.000e+00 0.000e+00 0.000e+00
1.259e-13 0.000e+00 0.000e+00 0.000e+00 0.000e+00 0.000e+00
1.413e-13 0.000e+00 0.000e+00 0.000e+00 0.000e+00 0.000e+00
1.585e-13 0.000e+00 0.000e+00 0.000e+00 0.000e+00 0.000e+00
1.778e-13 0.000e+00 0.000e+00 0.000e+00 0.000e+00 0.000e+00
1.995e-13 0.000e+00 0.000e+00 0.000e+00 0.000e+00 0.000e+00
2.239e-13 0.000e+00 0.000e+00 0.000e+00 0.000e+00 0.000e+00
2.512e-13 0.000e+00 0.000e+00 0.000e+00 0.000e+00 0.000e+00
2.818e-13 0.000e+00 0.000e+00 0.000e+00 0.000e+00 0.000e+00
3.162e-13 0.000e+00 0.000e+00 0.000e+00 0.000e+00 0.000e+00
3.548e-13 0.000e+00 0.000e+00 0.000e+00 0.000e+00 0.000e+00
3.981e-13 0.000e+00 0.000e+00 0.000e+00 0.000e+00 0.000e+00
4.467e-13 0.000e+00 0.000e+00 0.000e+00 0.000e+00 0.000e+00
5.012e-13 0.000e+00 0.000e+00 0.000e+00 0.000e+00 0.000e+00
5.623e-13 0.000e+00 0.000e+00 0.000e+00 0.000e+00 0.000e+00
6.310e-13 0.000e+00 0.000e+00 0.000e+00 0.000e+00 0.000e+00
7.079e-13 0.000e+00 0.000e+00 0.000e+00 0.000e+00 0.000e+00
7.943e-13 0.000e+00 0.000e+00 0.000e+00 0.000e+00 0.000e+00
8.913e-13 0.000e+00 0.000e+00 0.000e+00 0.000e+00 0.000e+00
1.000e-12 0.000e+00 0.000e+00 0.000e+00 0.000e+00 0.000e+00
1.122e-12 3.000e+50 6.050e+26 6.061e-31 1.993e-19 1.253e-18
1.259e-12 2.524e+50 6.409e+26 6.420e-31 2.112e-19 1.327e-18
1.413e-12 2.124e+50 6.789e+26 6.800e-31 2.237e-19 1.405e-18
1.585e-12 1.787e+50 7.191e+26 7.203e-31 2.369e-19 1.489e-18
1.778e-12 1.503e+50 7.617e+26 7.630e-31 2.510e-19 1.577e-18
1.995e-12 1.265e+50 8.068e+26 8.082e-31 2.658e-19 1.670e-18
2.239e-12 1.064e+50 8.546e+26 8.561e-31 2.816e-19 1.769e-18
2.512e-12 8.955e+49 9.053e+26 9.068e-31 2.983e-19 1.874e-18
2.818e-12 7.535e+49 9.589e+26 9.606e-31 3.159e-19 1.985e-18
3.162e-12 6.340e+49 1.016e+27 1.017e-30 3.347e-19 2.103e-18
3.548e-12 5.334e+49 1.076e+27 1.078e-30 3.545e-19 2.227e-18
3.981e-12 4.488e+49 1.140e+27 1.142e-30 3.755e-19 2.359e-18
4.467e-12 3.776e+49 1.207e+27 1.209e-30 3.978e-19 2.499e-18
5.012e-12 3.177e+49 1.279e+27 1.281e-30 4.213e-19 2.647e-18
5.623e-12 2.673e+49 1.355e+27 1.357e-30 4.463e-19 2.804e-18
6.310e-12 2.249e+49 1.435e+27 1.437e-30 4.727e-19 2.970e-18
7.079e-12 1.893e+49 1.520e+27 1.522e-30 5.007e-19 3.146e-18
7.943e-12 1.592e+49 1.610e+27 1.613e-30 5.304e-19 3.333e-18
8.913e-12 1.340e+49 1.705e+27 1.708e-30 5.618e-19 3.530e-18
1.000e-11 1.127e+49 1.806e+27 1.809e-30 5.951e-19 3.739e-18
1.122e-11 9.486e+48 1.913e+27 1.917e-30 6.304e-19 3.961e-18
1.259e-11 7.981e+48 2.027e+27 2.030e-30 6.678e-19 4.196e-18
1.413e-11 6.715e+48 2.147e+27 2.150e-30 7.073e-19 4.444e-18
1.585e-11 5.650e+48 2.274e+27 2.278e-30 7.492e-19 4.708e-18
1.778e-11 4.754e+48 2.409e+27 2.413e-30 7.936e-19 4.986e-18
1.995e-11 4.000e+48 2.551e+27 2.556e-30 8.406e-19 5.282e-18
2.239e-11 3.366e+48 2.703e+27 2.707e-30 8.905e-19 5.595e-18
2.512e-11 2.832e+48 2.863e+27 2.868e-30 9.432e-19 5.926e-18
2.818e-11 2.383e+48 3.032e+27 3.038e-30 9.991e-19 6.278e-18
3.162e-11 2.005e+48 3.212e+27 3.218e-30 1.058e-18 6.650e-18
3.548e-11 1.687e+48 3.402e+27 3.408e-30 1.121e-18 7.044e-18
3.981e-11 1.419e+48 3.604e+27 3.610e-30 1.187e-18 7.461e-18
4.467e-11 1.194e+48 3.818e+27 3.824e-30 1.258e-18 7.903e-18
5.012e-11 1.005e+48 4.044e+27 4.051e-30 1.332e-18 8.371e-18
5.623e-11 8.454e+47 4.283e+27 4.291e-30 1.411e-18 8.867e-18
6.310e-11 7.113e+47 4.537e+27 4.545e-30 1.495e-18 9.393e-18
7.079e-11 5.985e+47 4.806e+27 4.814e-30 1.583e-18 9.949e-18
7.943e-11 5.036e+47 5.091e+27 5.099e-30 1.677e-18 1.054e-17
8.913e-11 4.237e+47 5.392e+27 5.402e-30 1.777e-18 1.116e-17
1.000e-10 3.565e+47 5.712e+27 5.722e-30 1.882e-18 1.182e-17
1.122e-10 3.000e+47 6.050e+27 6.061e-30 1.993e-18 1.253e-17
1.259e-10 2.524e+47 6.409e+27 6.420e-30 2.112e-18 1.327e-17
1.413e-10 2.124e+47 6.789e+27 6.800e-30 2.237e-18 1.405e-17
1.585e-10 1.787e+47 7.191e+27 7.203e-30 2.369e-18 1.489e-17
1.778e-10 1.503e+47 7.617e+27 7.630e-30 2.510e-18 1.577e-17
1.995e-10 1.265e+47 8.068e+27 8.082e-30 2.658e-18 1.670e-17
2.239e-10 1.064e+47 8.546e+27 8.561e-30 2.816e-18 1.769e-17
2.512e-10 8.955e+46 9.053e+27 9.068e-30 2.983e-18 1.874e-17
2.818e-10 7.535e+46 9.589e+27 9.606e-30 3.159e-18 1.985e-17
3.162e-10 6.340e+46 1.016e+28 1.017e-29 3.347e-18 2.103e-17
3.548e-10 5.334e+46 1.076e+28 1.078e-29 3.545e-18 2.227e-17
3.981e-10 4.488e+46 1.140e+28 1.142e-29 3.755e-18 2.359e-17
4.467e-10 3.776e+46 1.207e+28 1.209e-29 3.978e-18 2.499e-17
5.012e-10 3.177e+46 1.279e+28 1.281e-29 4.213e-18 2.647e-17
5.623e-10 2.673e+46 1.355e+28 1.357e-29 4.463e-18 2.804e-17
6.310e-10 2.249e+46 1.435e+28 1.437e-29 4.727e-18 2.970e-17
7.079e-10 1.893e+46 1.520e+28 1.522e-29 5.007e-18 3.146e-17
7.943e-10 1.592e+46 1.610e+28 1.613e-29 5.304e-18 3.333e-17
8.913e-10 1.340e+46 1.705e+28 1.708e-29 5.618e-18 3.530e-17
1.000e-09 1.127e+46 1.806e+28 1.809e-29 5.951e-18 3.739e-17
1.122e-09 9.486e+45 1.913e+28 1.917e-29 6.304e-18 3.961e-17
1.259e-09 7.981e+45 2.027e+28 2.030e-29 6.677e-18 4.196e-17
1.413e-09 6.715e+45 2.147e+28 2.150e-29 7.073e-18 4.444e-17
1.585e-09 5.650e+45 2.274e+28 2.278e-29 7.492e-18 4.707e-17
1.778e-09 4.754e+45 2.409e+28 2.413e-29 7.936e-18 4.986e-17
1.995e-09 4.000e+45 2.551e+28 2.556e-29 8.406e-18 5.282e-17
2.239e-09 3.366e+45 2.703e+28 2.707e-29 8.904e-18 5.595e-17
2.512e-09 2.832e+45 2.863e+28 2.868e-29 9.432e-18 5.926e-17
2.818e-09 2.383e+45 3.032e+28 3.037e-29 9.991e-18 6.277e-17
3.162e-09 2.005e+45 3.212e+28 3.217e-29 1.058e-17 6.649e-17
3.548e-09 1.687e+45 3.402e+28 3.408e-29 1.121e-17 7.043e-17
3.981e-09 1.419e+45 3.604e+28 3.610e-29 1.187e-17 7.461e-17
4.467e-09 1.194e+45 3.817e+28 3.824e-29 1.258e-17 7.903e-17
5.012e-09 1.005e+45 4.044e+28 4.051e-29 1.332e-17 8.371e-17
5.623e-09 8.454e+44 4.283e+28 4.291e-29 1.411e-17 8.867e-17
6.310e-09 7.113e+44 4.537e+28 4.545e-29 1.495e-17 9.393e-17
7.079e-09 5.985e+44 4.806e+28 4.814e-29 1.583e-17 9.949e-17
7.943e-09 5.036e+44 5.091e+28 5.099e-29 1.677e-17 1.054e-16
8.913e-09 4.237e+44 5.392e+28 5.401e-29 1.777e-17 1.116e-16
1.000e-08 3.565e+44 5.712e+28 5.721e-29 1.882e-17 1.182e-16
1.122e-08 3.000e+44 6.050e+28 6.061e-29 1.993e-17 1.253e-16
1.259e-08 2.524e+44 6.409e+28 6.420e-29 2.112e-17 1.327e-16
1.413e-08 2.124e+44 6.788e+28 6.800e-29 2.237e-17 1.405e-16
1.585e-08 1.787e+44 7.191e+28 7.203e-29 2.369e-17 1.489e-16
1.778e-08 1.503e+44 7.617e+28 7.630e-29 2.510e-17 1.577e-16
1.995e-08 1.265e+44 8.068e+28 8.082e-29 2.658e-17 1.670e-16
2.239e-08 1.064e+44 8.546e+28 8.561e-29 2.816e-17 1.769e-16
2.512e-08 8.955e+43 9.052e+28 9.068e-29 2.983e-17 1.874e-16
2.818e-08 7.534e+43 9.589e+28 9.605e-29 3.159e-17 1.985e-16
3.162e-08 6.339e+43 1.016e+29 1.017e-28 3.346e-17 2.103e-16
3.548e-08 5.334e+43 1.076e+29 1.078e-28 3.545e-17 2.227e-16
3.981e-08 4.488e+43 1.140e+29 1.142e-28 3.755e-17 2.359e-16
4.467e-08 3.776e+43 1.207e+29 1.209e-28 3.977e-17 2.499e-16
5.012e-08 3.177e+43 1.279e+29 1.281e-28 4.213e-17 2.647e-16
5.623e-08 2.673e+43 1.354e+29 1.357e-28 4.463e-17 2.804e-16
6.310e-08 2.249e+43 1.435e+29 1.437e-28 4.727e-17 2.970e-16
7.079e-08 1.893e+43 1.520e+29 1.522e-28 5.007e-17 3.146e-16
7.943e-08 1.592e+43 1.610e+29 1.612e-28 5.304e-17 3.332e-16
8.913e-08 1.340e+43 1.705e+29 1.708e-28 5.618e-17 3.530e-16
1.000e-07 1.127e+43 1.806e+29 1.809e-28 5.951e-17 3.739e-16
1.122e-07 9.485e+42 1.913e+29 1.916e-28 6.303e-17 3.960e-16
1.259e-07 7.980e+42 2.026e+29 2.030e-28 6.677e-17 4.195e-16
1.413e-07 6.715e+42 2.147e+29 2.150e-28 7.072e-17 4.444e-16
1.585e-07 5.650e+42 2.274e+29 2.278e-28 7.491e-17 4.707e-16
1.778e-07 4.754e+42 2.408e+29 2.412e-28 7.935e-17 4.986e-16
1.995e-07 4.000e+42 2.551e+29 2.555e-28 8.405e-17 5.281e-16
2.239e-07 3.365e+42 2.702e+29 2.707e-28 8.903e-17 5.594e-16
2.512e-07 2.831e+42 2.862e+29 2.867e-28 9.431e-17 5.925e-16
2.818e-07 2.382e+42 3.032e+29 3.037e-28 9.989e-17 6.276e-16
3.162e-07 2.004e+42 3.211e+29 3.217e-28 1.058e-16 6.648e-16
3.548e-07 1.687e+42 3.402e+29 3.408e-28 1.121e-16 7.042e-16
3.981e-07 1.419e+42 3.603e+29 3.609e-28 1.187e-16 7.459e-16
4.467e-07 1.194e+42 3.817e+29 3.823e-28 1.258e-16 7.901e-16
5.012e-07 1.005e+42 4.043e+29 4.050e-28 1.332e-16 8.369e-16
5.623e-07 8.452e+41 4.282e+29 4.290e-28 1.411e-16 8.865e-16
6.310e-07 7.112e+41 4.536e+29 4.544e-28 1.495e-16 9.390e-16
7.079e-07 5.983e+41 4.805e+29 4.813e-28 1.583e-16 9.947e-16
7.943e-07 5.034e+41 5.089e+29 5.098e-28 1.677e-16 1.054e-15
8.913e-07 4.236e+41 5.391e+29 5.400e-28 1.776e-16 1.116e-15
1.000e-06 3.564e+41 5.710e+29 5.720e-28 1.881e-16 1.182e-15
1.122e-06 2.999e+41 6.048e+29 6.059e-28 1.993e-16 1.252e-15
1.259e-06 2.523e+41 6.407e+29 6.417e-28 2.111e-16 1.326e-15
1.413e-06 2.123e+41 6.786e+29 6.798e-28 2.236e-16 1.405e-15
1.585e-06 1.786e+41 7.188e+29 7.200e-28 2.368e-16 1.488e-15
1.778e-06 1.503e+41 7.614e+29 7.627e-28 2.509e-16 1.576e-15
1.995e-06 1.264e+41 8.065e+29 8.078e-28 2.657e-16 1.670e-15
2.239e-06 1.064e+41 8.542e+29 8.557e-28 2.814e-16 1.768e-15
2.512e-06 8.950e+40 9.048e+29 9.063e-28 2.981e-16 1.873e-15
2.818e-06 7.531e+40 9.584e+29 9.600e-28 3.158e-16 1.984e-15
3.162e-06 6.336e+40 1.015e+30 1.017e-27 3.345e-16 2.102e-15
3.548e-06 5.331e+40 1.075e+30 1.077e-27 3.543e-16 2.226e-15
3.981e-06 4.485e+40 1.139e+30 1.141e-27 3.753e-16 2.358e-15
4.467e-06 3.774e+40 1.206e+30 1.208e-27 3.975e-16 2.497e-15
5.012e-06 3.175e+40 1.278e+30 1.280e-27 4.210e-16 2.645e-15
5.623e-06 2.671e+40 1.353e+30 1.356e-27 4.459e-16 2.802e-15
6.310e-06 2.248e+40 1.434e+30 1.436e-27 4.723e-16 2.968e-15
7.079e-06 1.891e+40 1.518e+30 1.521e-27 5.003e-16 3.143e-15
7.943e-06 1.591e+40 1.608e+30 1.611e-27 5.299e-16 3.330e-15
8.913e-06 1.339e+40 1.704e+30 1.706e-27 5.613e-16 3.527e-15
1.000e-05 1.126e+40 1.804e+30 1.807e-27 5.945e-16 3.735e-15
1.122e-05 9.475e+39 1.911e+30 1.914e-27 6.297e-16 3.956e-15
1.259e-05 7.972e+39 2.024e+30 2.028e-27 6.670e-16 4.191e-15
1.413e-05 6.707e+39 2.144e+30 2.148e-27 7.064e-16 4.439e-15
1.585e-05 5.643e+39 2.271e+30 2.275e-27 7.482e-16 4.701e-15
1.778e-05 4.747e+39 2.405e+30 2.409e-27 7.925e-16 4.979e-15
1.995e-05 3.994e+39 2.548e+30 2.552e-27 8.394e-16 5.274e-15
2.239e-05 3.360e+39 2.698e+30 2.703e-27 8.890e-16 5.586e-15
2.512e-05 2.827e+39 2.858e+30 2.863e-27 9.416e-16 5.916e-15
2.818e-05 2.379e+39 3.027e+30 3.032e-27 9.973e-16 6.266e-15
3.162e-05 2.001e+39 3.206e+30 3.211e-27 1.056e-15 6.637e-15
3.548e-05 1.683e+39 3.396e+30 3.401e-27 1.119e-15 7.030e-15
3.981e-05 1.416e+39 3.596e+30 3.603e-27 1.185e-15 7.445e-15
4.467e-05 1.192e+39 3.809e+30 3.815e-27 1.255e-15 7.885e-15
5.012e-05 1.002e+39 4.034e+30 4.041e-27 1.329e-15 8.351e-15
5.623e-05 8.433e+38 4.273e+30 4.280e-27 1.408e-15 8.845e-15
6.310e-05 7.094e+38 4.525e+30 4.533e-27 1.491e-15 9.368e-15
7.079e-05 5.968e+38 4.792e+30 4.801e-27 1.579e-15 9.921e-15
7.943e-05 5.021e+38 5.076e+30 5.084e-27 1.672e-15 1.051e-14
8.913e-05 4.224e+38 5.375e+30 5.385e-27 1.771e-15 1.113e-14
1.000e-04 3.553e+38 5.693e+30 5.703e-27 1.876e-15 1.179e-14
1.122e-04 2.989e+38 6.029e+30 6.039e-27 1.986e-15 1.248e-14
1.259e-04 2.514e+38 6.385e+30 6.396e-27 2.104e-15 1.322e-14
1.413e-04 2.115e+38 6.762e+30 6.773e-27 2.228e-15 1.400e-14
1.585e-04 1.779e+38 7.161e+30 7.173e-27 2.359e-15 1.482e-14
1.778e-04 1.497e+38 7.583e+30 7.596e-27 2.498e-15 1.570e-14
1.995e-04 1.259e+38 8.030e+30 8.044e-27 2.646e-15 1.662e-14
2.239e-04 1.059e+38 8.504e+30 8.518e-27 2.802e-15 1.760e-14
2.512e-04 8.908e+37 9.005e+30 9.020e-27 2.967e-15 1.864e-14
2.818e-04 7.493e+37 9.535e+30 9.552e-27 3.142e-15 1.974e-14
3.162e-04 6.302e+37 1.010e+31 1.011e-26 3.327e-15 2.090e-14
3.548e-04 5.301e+37 1.069e+31 1.071e-26 3.523e-15 2.213e-14
3.981e-04 4.458e+37 1.132e+31 1.134e-26 3.730e-15 2.344e-14
4.467e-04 3.750e+37 1.199e+31 1.201e-26 3.949e-15 2.482e-14
5.012e-04 3.154e+37 1.269e+31 1.271e-26 4.182e-15 2.627e-14
5.623e-04 2.652e+37 1.344e+31 1.346e-26 4.428e-15 2.782e-14
6.310e-04 2.231e+37 1.423e+31 1.425e-26 4.688e-15 2.945e-14
7.079e-04 1.876e+37 1.506e+31 1.509e-26 4.963e-15 3.118e-14
7.943e-04 1.578e+37 1.595e+31 1.597e-26 5.254e-15 3.301e-14
8.913e-04 1.327e+37 1.688e+31 1.691e-26 5.562e-15 3.495e-14
1.000e-03 1.116e+37 1.787e+31 1.790e-26 5.889e-15 3.700e-14
1.122e-03 9.380e+36 1.892e+31 1.895e-26 6.234e-15 3.917e-14
1.259e-03 7.887e+36 2.003e+31 2.006e-26 6.599e-15 4.146e-14
1.413e-03 6.631e+36 2.120e+31 2.123e-26 6.985e-15 4.389e-14
1.585e-03 5.575e+36 2.244e+31 2.248e-26 7.393e-15 4.645e-14
1.778e-03 4.687e+36 2.375e+31 2.379e-26 7.825e-15 4.916e-14
1.995e-03 3.941e+36 2.514e+31 2.518e-26 8.282e-15 5.203e-14
2.239e-03 3.313e+36 2.660e+31 2.665e-26 8.764e-15 5.507e-14
2.512e-03 2.785e+36 2.815e+31 2.820e-26 9.275e-15 5.828e-14
2.818e-03 2.341e+36 2.979e+31 2.984e-26 9.815e-15 6.167e-14
3.162e-03 1.967e+36 3.152e+31 3.157e-26 1.039e-14 6.525e-14
3.548e-03 1.654e+36 3.335e+31 3.341e-26 1.099e-14 6.904e-14
3.981e-03 1.390e+36 3.529e+31 3.535e-26 1.163e-14 7.305e-14
4.467e-03 1.168e+36 3.733e+31 3.739e-26 1.230e-14 7.728e-14
5.012e-03 9.812e+35 3.949e+31 3.956e-26 1.301e-14 8.175e-14
5.623e-03 8.245e+35 4.177e+31 4.184e-26 1.376e-14 8.647e-14
6.310e-03 6.927e+35 4.418e+31 4.426e-26 1.456e-14 9.146e-14
7.079e-03 5.819e+35 4.673e+31 4.680e-26 1.539e-14 9.673e-14
7.943e-03 4.888e+35 4.941e+31 4.950e-26 1.628e-14 1.023e-13
8.913e-03 4.105e+35 5.225e+31 5.234e-26 1.721e-14 1.082e-13
1.000e-02 3.448e+35 5.524e+31 5.533e-26 1.820e-14 1.144e-13
1.122e-02 2.895e+35 5.840e+31 5.850e-26 1.924e-14 1.209e-13
1.259e-02 2.431e+35 6.173e+31 6.183e-26 2.034e-14 1.278e-13
1.413e-02 2.041e+35 6.524e+31 6.535e-26 2.150e-14 1.351e-13
1.585e-02 1.713e+35 6.894e+31 6.906e-26 2.272e-14 1.427e-13
1.778e-02 1.438e+35 7.285e+31 7.297e-26 2.400e-14 1.508e-13
1.995e-02 1.207e+35 7.696e+31 7.709e-26 2.536e-14 1.593e-13
2.239e-02 1.012e+35 8.129e+31 8.143e-26 2.678e-14 1.683e-13
2.512e-02 8.493e+34 8.586e+31 8.600e-26 2.829e-14 1.777e-13
2.818e-02 7.124e+34 9.066e+31 9.081e-26 2.987e-14 1.877e-13
3.162e-02 5.974e+34 9.571e+31 9.588e-26 3.154e-14 1.981e-13
3.548e-02 5.009e+34 1.010e+32 1.012e-25 3.329e-14 2.092e-13
3.981e-02 4.199e+34 1.066e+32 1.068e-25 3.513e-14 2.207e-13
4.467e-02 3.519e+34 1.125e+32 1.127e-25 3.706e-14 2.329e-13
5.012e-02 2.949e+34 1.187e+32 1.189e-25 3.910e-14 2.457e-13
5.623e-02 2.470e+34 1.251e+32 1.254e-25 4.123e-14 2.591e-13
6.310e-02 2.069e+34 1.319e+32 1.322e-25 4.347e-14 2.731e-13
7.079e-02 1.732e+34 1.391e+32 1.393e-25 4.582e-14 2.879e-13
7.943e-02 1.450e+34 1.465e+32 1.468e-25 4.828e-14 3.034e-13
8.913e-02 1.213e+34 1.544e+32 1.546e-25 5.086e-14 3.196e-13
1.000e-01 1.015e+34 1.626e+32 1.628e-25 5.356e-14 3.365e-13
1.122e-01 8.484e+33 1.711e+32 1.714e-25 5.638e-14 3.543e-13
1.259e-01 7.092e+33 1.801e+32 1.804e-25 5.933e-14 3.728e-13
1.413e-01 5.925e+33 1.894e+32 1.897e-25 6.241e-14 3.921e-13
1.585e-01 4.949e+33 1.992e+32 1.995e-25 6.562e-14 4.123e-13
1.778e-01 4.132e+33 2.093e+32 2.097e-25 6.897e-14 4.334e-13
1.995e-01 3.448e+33 2.199e+32 2.203e-25 7.246e-14 4.553e-13
2.239e-01 2.876e+33 2.309e+32 2.313e-25 7.608e-14 4.780e-13
2.512e-01 2.397e+33 2.423e+32 2.428e-25 7.985e-14 5.017e-13
2.818e-01 1.997e+33 2.542e+32 2.546e-25 8.375e-14 5.262e-13
3.162e-01 1.663e+33 2.665e+32 2.669e-25 8.780e-14 5.517e-13
3.548e-01 1.384e+33 2.792e+32 2.797e-25 9.199e-14 5.780e-13
3.981e-01 1.151e+33 2.923e+32 2.928e-25 9.631e-14 6.052e-13
4.467e-01 9.568e+32 3.059e+32 3.064e-25 1.008e-13 6.332e-13
5.012e-01 7.946e+32 3.198e+32 3.203e-25 1.054e-13 6.620e-13
5.623e-01 6.594e+32 3.341e+32 3.347e-25 1.101e-13 6.916e-13
6.310e-01 5.468e+32 3.488e+32 3.494e-25 1.149e-13 7.220e-13
7.079e-01 4.530e+32 3.638e+32 3.644e-25 1.199e-13 7.531e-13
7.943e-01 3.750e+32 3.791e+32 3.797e-25 1.249e-13 7.848e-13
8.913e-01 3.101e+32 3.947e+32 3.953e-25 1.300e-13 8.170e-13
1.000e+00 2.562e+32 4.105e+32 4.112e-25 1.352e-13 8.497e-13
1.122e+00 2.114e+32 4.264e+32 4.272e-25 1.405e-13 8.828e-13
1.259e+00 1.743e+32 4.425e+32 4.433e-25 1.458e-13 9.161e-13
1.413e+00 1.435e+32 4.587e+32 4.595e-25 1.511e-13 9.495e-13
1.585e+00 1.180e+32 4.748e+32 4.756e-25 1.564e-13 9.829e-13
1.778e+00 9.688e+31 4.909e+32 4.917e-25 1.617e-13 1.016e-12
1.995e+00 7.944e+31 5.067e+32 5.076e-25 1.670e-13 1.049e-12
2.239e+00 6.504e+31 5.223e+32 5.232e-25 1.721e-13 1.081e-12
2.512e+00 5.317e+31 5.375e+32 5.384e-25 1.771e-13 1.113e-12
2.818e+00 4.339e+31 5.522e+32 5.531e-25 1.819e-13 1.143e-12
3.162e+00 3.535e+31 5.663e+32 5.673e-25 1.866e-13 1.172e-12
3.548e+00 2.874e+31 5.796e+32 5.806e-25 1.910e-13 1.200e-12
3.981e+00 2.332e+31 5.921e+32 5.931e-25 1.951e-13 1.226e-12
4.467e+00 1.888e+31 6.035e+32 6.046e-25 1.989e-13 1.249e-12
5.012e+00 1.525e+31 6.138e+32 6.148e-25 2.022e-13 1.271e-12
5.623e+00 1.229e+31 6.227e+32 6.238e-25 2.052e-13 1.289e-12
6.310e+00 9.880e+30 6.302e+32 6.313e-25 2.076e-13 1.305e-12
7.079e+00 7.920e+30 6.360e+32 6.371e-25 2.096e-13 1.317e-12
7.943e+00 6.331e+30 6.400e+32 6.411e-25 2.109e-13 1.325e-12
8.913e+00 5.045e+30 6.421e+32 6.432e-25 2.116e-13 1.329e-12
1.000e+01 4.008e+30 6.421e+32 6.432e-25 2.116e-13 1.329e-12
1.122e+01 3.172e+30 6.398e+32 6.409e-25 2.108e-13 1.325e-12
1.259e+01 2.502e+30 6.353e+32 6.363e-25 2.093e-13 1.315e-12
1.413e+01 1.965e+30 6.282e+32 6.293e-25 2.070e-13 1.301e-12
1.585e+01 1.537e+30 6.187e+32 6.197e-25 2.038e-13 1.281e-12
1.778e+01 1.197e+30 6.065e+32 6.076e-25 1.998e-13 1.256e-12
1.995e+01 9.278e+29 5.918e+32 5.928e-25 1.950e-13 1.225e-12
2.239e+01 7.154e+29 5.745e+32 5.755e-25 1.893e-13 1.189e-12
2.512e+01 5.486e+29 5.546e+32 5.556e-25 1.827e-13 1.148e-12
2.818e+01 4.183e+29 5.323e+32 5.332e-25 1.754e-13 1.102e-12
3.162e+01 3.169e+29 5.077e+32 5.085e-25 1.673e-13 1.051e-12
3.548e+01 2.384e+29 4.809e+32 4.817e-25 1.584e-13 9.955e-13
3.981e+01 1.781e+29 4.522e+32 4.529e-25 1.490e-13 9.360e-13
4.467e+01 1.320e+29 4.218e+32 4.225e-25 1.390e-13 8.732e-13
5.012e+01 9.694e+28 3.901e+32 3.908e-25 1.285e-13 8.077e-13
5.623e+01 7.056e+28 3.575e+32 3.581e-25 1.178e-13 7.401e-13
6.310e+01 5.085e+28 3.243e+32 3.249e-25 1.069e-13 6.714e-13
7.079e+01 3.624e+28 2.910e+32 2.915e-25 9.587e-14 6.024e-13
7.943e+01 2.552e+28 2.579e+32 2.584e-25 8.499e-14 5.340e-13
8.913e+01 1.773e+28 2.257e+32 2.260e-25 7.435e-14 4.672e-13
1.000e+02 1.215e+28 1.946e+32 1.949e-25 6.411e-14 4.028e-13
1.122e+02 8.188e+27 1.651e+32 1.654e-25 5.441e-14 3.419e-13
1.259e+02 5.424e+27 1.377e+32 1.380e-25 4.538e-14 2.851e-13
1.413e+02 3.523e+27 1.126e+32 1.128e-25 3.711e-14 2.332e-13
1.585e+02 2.239e+27 9.011e+31 9.026e-26 2.969e-14 1.865e-13
1.778e+02 1.388e+27 7.033e+31 7.045e-26 2.317e-14 1.456e-13
1.995e+02 8.367e+26 5.337e+31 5.346e-26 1.758e-14 1.105e-13
2.239e+02 4.885e+26 3.922e+31 3.929e-26 1.292e-14 8.120e-14
2.512e+02 2.747e+26 2.777e+31 2.782e-26 9.149e-15 5.749e-14
2.818e+02 1.475e+26 1.877e+31 1.881e-26 6.186e-15 3.887e-14
3.162e+02 7.444e+25 1.193e+31 1.195e-26 3.929e-15 2.469e-14
3.548e+02 3.408e+25 6.874e+30 6.885e-27 2.265e-15 1.423e-14
3.981e+02 1.294e+25 3.287e+30 3.292e-27 1.083e-15 6.804e-15
4.467e+02 3.008e+24 9.615e+29 9.632e-28 3.168e-16 1.991e-15
5.012e+02 3.896e+20 1.568e+26 1.571e-31 5.166e-20 3.246e-19
5.623e+02 0.000e+00 0.000e+00 0.000e+00 0.000e+00 0.000e+00
6.310e+02 0.000e+00 0.000e+00 0.000e+00 0.000e+00 0.000e+00
7.079e+02 0.000e+00 0.000e+00 0.000e+00 0.000e+00 0.000e+00
7.943e+02 0.000e+00 0.000e+00 0.000e+00 0.000e+00 0.000e+00
8.913e+02 0.000e+00 0.000e+00 0.000e+00 0.000e+00 0.000e+00
1.000e+03 0.000e+00 0.000e+00 0.000e+00 0.000e+00 0.000e+00
1.122e+03 0.000e+00 0.000e+00 0.000e+00 0.000e+00 0.000e+00
1.259e+03 0.000e+00 0.000e+00 0.000e+00 0.000e+00 0.000e+00
1.413e+03 0.000e+00 0.000e+00 0.000e+00 0.000e+00 0.000e+00
1.585e+03 0.000e+00 0.000e+00 0.000e+00 0.000e+00 0.000e+00
1.778e+03 0.000e+00 0.000e+00 0.000e+00 0.000e+00 0.000e+00
1.995e+03 0.000e+00 0.000e+00 0.000e+00 0.000e+00 0.000e+00
2.239e+03 0.000e+00 0.000e+00 0.000e+00 0.000e+00 0.000e+00
2.512e+03 0.000e+00 0.000e+00 0.000e+00 0.000e+00 0.000e+00
2.818e+03 0.000e+00 0.000e+00 0.000e+00 0.000e+00 0.000e+00
3.162e+03 0.000e+00 0.000e+00 0.000e+00 0.000e+00 0.000e+00
3.548e+03 0.000e+00 0.000e+00 0.000e+00 0.000e+00 0.000e+00
3.981e+03 0.000e+00 0.000e+00 0.000e+00 0.000e+00 0.000e+00
4.467e+03 0.000e+00 0.000e+00 0.000e+00 0.000e+00 0.000e+00
5.012e+03 0.000e+00 0.000e+00 0.000e+00 0.000e+00 0.000e+00
5.623e+03 0.000e+00 0.000e+00 0.000e+00 0.000e+00 0.000e+00
6.310e+03 0.000e+00 0.000e+00 0.000e+00 0.000e+00 0.000e+00
7.079e+03 0.000e+00 0.000e+00 0.000e+00 0.000e+00 0.000e+00
7.943e+03 0.000e+00 0.000e+00 0.000e+00 0.000e+00 0.000e+00
8.913e+03 0.000e+00 0.000e+00 0.000e+00 0.000e+00 0.000e+00
1.000e+04 0.000e+00 0.000e+00 0.000e+00 0.000e+00 0.000e+00
1.122e+04 0.000e+00 0.000e+00 0.000e+00 0.000e+00 0.000e+00
1.259e+04 0.000e+00 0.000e+00 0.000e+00 0.000e+00 0.000e+00
1.413e+04 0.000e+00 0.000e+00 0.000e+00 0.000e+00 0.000e+00
1.585e+04 0.000e+00 0.000e+00 0.000e+00 0.000e+00 0.000e+00
1.778e+04 0.000e+00 0.000e+00 0.000e+00 0.000e+00 0.000e+00
1.995e+04 0.000e+00 0.000e+00 0.000e+00 0.000e+00 0.000e+00
2.239e+04 0.000e+00 0.000e+00 0.000e+00 0.000e+00 0.000e+00
2.512e+04 0.000e+00 0.000e+00 0.000e+00 0.000e+00 0.000e+00
2.818e+04 0.000e+00 0.000e+00 0.000e+00 0.000e+00 0.000e+00
3.162e+04 0.000e+00 0.000e+00 0.000e+00 0.000e+00 0.000e+00
3.548e+04 0.000e+00 0.000e+00 0.000e+00 0.000e+00 0.000e+00
3.981e+04 0.000e+00 0.000e+00 0.000e+00 0.000e+00 0.000e+00
4.467e+04 0.000e+00 0.000e+00 0.000e+00 0.000e+00 0.000e+00
5.012e+04 0.000e+00 0.000e+00 0.000e+00 0.000e+00 0.000e+00
5.623e+04 0.000e+00 0.000e+00 0.000e+00 0.000e+00 0.000e+00
6.310e+04 0.000e+00 0.000e+00 0.000e+00 0.000e+00 0.000e+00
7.079e+04 0.000e+00 0.000e+00 0.000e+00 0.000e+00 0.000e+00
7.943e+04 0.000e+00 0.000e+00 0.000e+00 0.000e+00 0.000e+00
8.913e+04 0.000e+00 0.000e+00 0.000e+00 0.000e+00 0.000e+00
1.000e+05 0.000e+00 0.000e+00 0.000e+00 0.000e+00 0.000e+00
1.122e+05 0.000e+00 0.000e+00 0.000e+00 0.000e+00 0.000e+00
1.259e+05 0.000e+00 0.000e+00 0.000e+00 0.000e+00 0.000e+00
1.413e+05 0.000e+00 0.000e+00 0.000e+00 0.000e+00 0.000e+00
1.585e+05 0.000e+00 0.000e+00 0.000e+00 0.000e+00 0.000e+00
1.778e+05 0.000e+00 0.000e+00 0.000e+00 0.000e+00 0.000e+00
1.995e+05 0.000e+00 0.000e+00 0.000e+00 0.000e+00 0.000e+00
2.239e+05 0.000e+00 0.000e+00 0.000e+00 0.000e+00 0.000e+00
2.512e+05 0.000e+00 0.000e+00 0.000e+00 0.000e+00 0.000e+00
2.818e+05 0.000e+00 0.000e+00 0.000e+00 0.000e+00 0.000e+00
3.162e+05 0.000e+00 0.000e+00 0.000e+00 0.000e+00 0.000e+00
3.548e+05 0.000e+00 0.000e+00 0.000e+00 0.000e+00 0.000e+00
3.981e+05 0.000e+00 0.000e+00 0.000e+00 0.000e+00 0.000e+00
4.467e+05 0.000e+00 0.000e+00 0.000e+00 0.000e+00 0.000e+00
5.012e+05 0.000e+00 0.000e+00 0.000e+00 0.000e+00 0.000e+00
5.623e+05 0.000e+00 0.000e+00 0.000e+00 0.000e+00 0.000e+00
6.310e+05 0.000e+00 0.000e+00 0.000e+00 0.000e+00 0.000e+00
7.079e+05 0.000e+00 0.000e+00 0.000e+00 0.000e+00 0.000e+00
7.943e+05 0.000e+00 0.000e+00 0.000e+00 0.000e+00 0.000e+00
8.913e+05 0.000e+00 0.000e+00 0.000e+00 0.000e+00 0.000e+00
1.000e+06 0.000e+00 0.000e+00 0.000e+00 0.000e+00 0.000e+00
1.122e+06 0.000e+00 0.000e+00 0.000e+00 0.000e+00 0.000e+00
1.259e+06 0.000e+00 0.000e+00 0.000e+00 0.000e+00 0.000e+00
1.413e+06 0.000e+00 0.000e+00 0.000e+00 0.000e+00 0.000e+00
1.585e+06 0.000e+00 0.000e+00 0.000e+00 0.000e+00 0.000e+00
1.778e+06 0.000e+00 0.000e+00 0.000e+00 0.000e+00 0.000e+00
1.995e+06 0.000e+00 0.000e+00 0.000e+00 0.000e+00 0.000e+00
2.239e+06 0.000e+00 0.000e+00 0.000e+00 0.000e+00 0.000e+00
2.512e+06 0.000e+00 0.000e+00 0.000e+00 0.000e+00 0.000e+00
2.818e+06 0.000e+00 0.000e+00 0.000e+00 0.000e+00 0.000e+00
3.162e+06 0.000e+00 0.000e+00 0.000e+00 0.000e+00 0.000e+00
3.548e+06 0.000e+00 0.000e+00 0.000e+00 0.000e+00 0.000e+00
3.981e+06 0.000e+00 0.000e+00 0.000e+00 0.000e+00 0.000e+00
4.467e+06 0.000e+00 0.000e+00 0.000e+00 0.000e+00 0.000e+00
5.012e+06 0.000e+00 0.000e+00 0.000e+00 0.000e+00 0.000e+00
5.623e+06 0.000e+00 0.000e+00 0.000e+00 0.000e+00 0.000e+00
6.310e+06 0.000e+00 0.000e+00 0.000e+00 0.000e+00 0.000e+00
7.079e+06 0.000e+00 0.000e+00 0.000e+00 0.000e+00 0.000e+00
7.943e+06 0.000e+00 0.000e+00 0.000e+00 0.000e+00 0.000e+00
8.913e+06 0.000e+00 0.000e+00 0.000e+00 0.000e+00 0.000e+00
1.000e+07 0.000e+00 0.000e+00 0.000e+00 0.000e+00 0.000e+00
1.122e+07 0.000e+00 0.000e+00 0.000e+00 0.000e+00 0.000e+00
1.259e+07 0.000e+00 0.000e+00 0.000e+00 0.000e+00 0.000e+00
1.413e+07 0.000e+00 0.000e+00 0.000e+00 0.000e+00 0.000e+00
1.585e+07 0.000e+00 0.000e+00 0.000e+00 0.000e+00 0.000e+00
1.778e+07 0.000e+00 0.000e+00 0.000e+00 0.000e+00 0.000e+00
1.995e+07 0.000e+00 0.000e+00 0.000e+00 0.000e+00 0.000e+00
2.239e+07 0.000e+00 0.000e+00 0.000e+00 0.000e+00 0.000e+00
2.512e+07 0.000e+00 0.000e+00 0.000e+00 0.000e+00 0.000e+00
2.818e+07 0.000e+00 0.000e+00 0.000e+00 0.000e+00 0.000e+00
3.162e+07 0.000e+00 0.000e+00 0.000e+00 0.000e+00 0.000e+00
3.548e+07 0.000e+00 0.000e+00 0.000e+00 0.000e+00 0.000e+00
3.981e+07 0.000e+00 0.000e+00 0.000e+00 0.000e+00 0.000e+00
4.467e+07 0.000e+00 0.000e+00 0.000e+00 0.000e+00 0.000e+00
5.012e+07 0.000e+00 0.000e+00 0.000e+00 0.000e+00 0.000e+00
5.623e+07 0.000e+00 0.000e+00 0.000e+00 0.000e+00 0.000e+00
6.310e+07 0.000e+00 0.000e+00 0.000e+00 0.000e+00 0.000e+00
7.079e+07 0.000e+00 0.000e+00 0.000e+00 0.000e+00 0.000e+00
7.943e+07 0.000e+00 0.000e+00 0.000e+00 0.000e+00 0.000e+00
8.913e+07 0.000e+00 0.000e+00 0.000e+00 0.000e+00 0.000e+00
1.000e+08 0.000e+00 0.000e+00 0.000e+00 0.000e+00 0.000e+00
