1.000e-20 0.000e+00 0.000e+00 0.000e+00 0.000e+00 0.000e+00
1.122e-20 0.000e+00 0.000e+00 0.000e+00 0.000e+00 0.000e+00
1.259e-20 0.000e+00 0.000e+00 0.000e+00 0.000e+00 0.000e+00
1.413e-20 0.000e+00 0.000e+00 0.000e+00 0.000e+00 0.000e+00
1.585e-20 0.000e+00 0.000e+00 0.000e+00 0.000e+00 0.000e+00
1.778e-20 0.000e+00 0.000e+00 0.000e+00 0.000e+00 0.000e+00
1.995e-20 0.000e+00 0.000e+00 0.000e+00 0.000e+00 0.000e+00
2.239e-20 0.000e+00 0.000e+00 0.000e+00 0.000e+00 0.000e+00
2.512e-20 0.000e+00 0.000e+00 0.000e+00 0.000e+00 0.000e+00
2.818e-20 0.000e+00 0.000e+00 0.000e+00 0.000e+00 0.000e+00
3.162e-20 0.000e+00 0.000e+00 0.000e+00 0.000e+00 0.000e+00
3.548e-20 0.000e+00 0.000e+00 0.000e+00 0.000e+00 0.000e+00
3.981e-20 0.000e+00 0.000e+00 0.000e+00 0.000e+00 0.000e+00
4.467e-20 0.000e+00 0.000e+00 0.000e+00 0.000e+00 0.000e+00
5.012e-20 0.000e+00 0.000e+00 0.000e+00 0.000e+00 0.000e+00
5.623e-20 0.000e+00 0.000e+00 0.000e+00 0.000e+00 0.000e+00
6.310e-20 0.000e+00 0.000e+00 0.000e+00 0.000e+00 0.000e+00
7.079e-20 0.000e+00 0.000e+00 0.000e+00 0.000e+00 0.000e+00
7.943e-20 0.000e+00 0.000e+00 0.000e+00 0.000e+00 0.000e+00
8.913e-20 0.000e+00 0.000e+00 0.000e+00 0.000e+00 0.000e+00
1.000e-19 0.000e+00 0.000e+00 0.000e+00 0.000e+00 0.000e+00
1.122e-19 0.000e+00 0.000e+00 0.000e+00 0.000e+00 0.000e+00
1.259e-19 0.000e+00 0.000e+00 0.000e+00 0.000e+00 0.000e+00
1.413e-19 0.000e+00 0.000e+00 0.000e+00 0.000e+00 0.000e+00
1.585e-19 0.000e+00 0.000e+00 0.000e+00 0.000e+00 0.000e+00
1.778e-19 0.000e+00 0.000e+00 0.000e+00 0.000e+00 0.000e+00
1.995e-19 0.000e+00 0.000e+00 0.000e+00 0.000e+00 0.000e+00
2.239e-19 0.000e+00 0.000e+00 0.000e+00 0.000e+00 0.000e+00
2.512e-19 0.000e+00 0.000e+00 0.000e+00 0.000e+00 0.000e+00
2.818e-19 0.000e+00 0.000e+00 0.000e+00 0.000e+00 0.000e+00
3.162e-19 0.000e+00 0.000e+00 0.000e+00 0.000e+00 0.000e+00
3.548e-19 0.000e+00 0.000e+00 0.000e+00 0.000e+00 0.000e+00
3.981e-19 0.000e+00 0.000e+00 0.000e+00 0.000e+00 0.000e+00
4.467e-19 0.000e+00 0.000e+00 0.000e+00 0.000e+00 0.000e+00
5.012e-19 0.000e+00 0.000e+00 0.000e+00 0.000e+00 0.000e+00
5.623e-19 0.000e+00 0.000e+00 0.000e+00 0.000e+00 0.000e+00
6.310e-19 0.000e+00 0.000e+00 0.000e+00 0.000e+00 0.000e+00
7.079e-19 0.000e+00 0.000e+00 0.000e+00 0.000e+00 0.000e+00
7.943e-19 0.000e+00 0.000e+00 0.000e+00 0.000e+00 0.000e+00
8.913e-19 0.000e+00 0.000e+00 0.000e+00 0.000e+00 0.000e+00
1.000e-18 0.000e+00 0.000e+00 0.000e+00 0.000e+00 0.000e+00
1.122e-18 0.000e+00 0.000e+00 0.000e+00 0.000e+00 0.000e+00
1.259e-18 0.000e+00 0.000e+00 0.000e+00 0.000e+00 0.000e+00
1.413e-18 0.000e+00 0.000e+00 0.000e+00 0.000e+00 0.000e+00
1.585e-18 0.000e+00 0.000e+00 0.000e+00 0.000e+00 0.000e+00
1.778e-18 0.000e+00 0.000e+00 0.000e+00 0.000e+00 0.000e+00
1.995e-18 0.000e+00 0.000e+00 0.000e+00 0.000e+00 0.000e+00
2.239e-18 0.000e+00 0.000e+00 0.000e+00 0.000e+00 0.000e+00
2.512e-18 0.000e+00 0.000e+00 0.000e+00 0.000e+00 0.000e+00
2.818e-18 0.000e+00 0.000e+00 0.000e+00 0.000e+00 0.000e+00
3.162e-18 0.000e+00 0.000e+00 0.000e+00 0.000e+00 0.000e+00
3.548e-18 0.000e+00 0.000e+00 0.000e+00 0.000e+00 0.000e+00
3.981e-18 0.000e+00 0.000e+00 0.000e+00 0.000e+00 0.000e+00
4.467e-18 0.000e+00 0.000e+00 0.000e+00 0.000e+00 0.000e+00
5.012e-18 0.000e+00 0.000e+00 0.000e+00 0.000e+00 0.000e+00
5.623e-18 0.000e+00 0.000e+00 0.000e+00 0.000e+00 0.000e+00
6.310e-18 0.000e+00 0.000e+00 0.000e+00 0.000e+00 0.000e+00
7.079e-18 0.000e+00 0.000e+00 0.000e+00 0.000e+00 0.000e+00
7.943e-18 0.000e+00 0.000e+00 0.000e+00 0.000e+00 0.000e+00
8.913e-18 0.000e+00 0.000e+00 0.000e+00 0.000e+00 0.000e+00
1.000e-17 0.000e+00 0.000e+00 0.000e+00 0.000e+00 0.000e+00
1.122e-17 0.000e+00 0.000e+00 0.000e+00 0.000e+00 0.000e+00
1.259e-17 0.000e+00 0.000e+00 0.000e+00 0.000e+00 0.000e+00
1.413e-17 0.000e+00 0.000e+00 0.000e+00 0.000e+00 0.000e+00
1.585e-17 0.000e+00 0.000e+00 0.000e+00 0.000e+00 0.000e+00
1.778e-17 0.000e+00 0.000e+00 0.000e+00 0.000e+00 0.000e+00
1.995e-17 0.000e+00 0.000e+00 0.000e+00 0.000e+00 0.000e+00
2.239e-17 0.000e+00 0.000e+00 0.000e+00 0.000e+00 0.000e+00
2.512e-17 0.000e+00 0.000e+00 0.000e+00 0.000e+00 0.000e+00
2.818e-17 0.000e+00 0.000e+00 0.000e+00 0.000e+00 0.000e+00
3.162e-17 0.000e+00 0.000e+00 0.000e+00 0.000e+00 0.000e+00
3.548e-17 0.000e+00 0.000e+00 0.000e+00 0.000e+00 0.000e+00
3.981e-17 0.000e+00 0.000e+00 0.000e+00 0.000e+00 0.000e+00
4.467e-17 0.000e+00 0.000e+00 0.000e+00 0.000e+00 0.000e+00
5.012e-17 0.000e+00 0.000e+00 0.000e+00 0.000e+00 0.000e+00
5.623e-17 0.000e+00 0.000e+00 0.000e+00 0.000e+00 0.000e+00
6.310e-17 0.000e+00 0.000e+00 0.000e+00 0.000e+00 0.000e+00
7.079e-17 0.000e+00 0.000e+00 0.000e+00 0.000e+00 0.000e+00
7.943e-17 0.000e+00 0.000e+00 0.000e+00 0.000e+00 0.000e+00
8.913e-17 0.000e+00 0.000e+00 0.000e+00 0.000e+00 0.000e+00
1.000e-16 0.000e+00 0.000e+00 0.000e+00 0.000e+00 0.000e+00
1.122e-16 0.000e+00 0.000e+00 0.000e+00 0.000e+00 0.000e+00
1.259e-16 0.000e+00 0.000e+00 0.000e+00 0.000e+00 0.000e+00
1.413e-16 0.000e+00 0.000e+00 0.000e+00 0.000e+00 0.000e+00
1.585e-16 0.000e+00 0.000e+00 0.000e+00 0.000e+00 0.000e+00
1.778e-16 0.000e+00 0.000e+00 0.000e+00 0.000e+00 0.000e+00
1.995e-16 0.000e+00 0.000e+00 0.000e+00 0.000e+00 0.000e+00
2.239e-16 0.000e+00 0.000e+00 0.000e+00 0.000e+00 0.000e+00
2.512e-16 0.000e+00 0.000e+00 0.000e+00 0.000e+00 0.000e+00
2.818e-16 0.000e+00 0.000e+00 0.000e+00 0.000e+00 0.000e+00
3.162e-16 0.000e+00 0.000e+00 0.000e+00 0.000e+00 0.000e+00
3.548e-16 0.000e+00 0.000e+00 0.000e+00 0.000e+00 0.000e+00
3.981e-16 0.000e+00 0.000e+00 0.000e+00 0.000e+00 0.000e+00
4.467e-16 0.000e+00 0.000e+00 0.000e+00 0.000e+00 0.000e+00
5.012e-16 0.000e+00 0.000e+00 0.000e+00 0.000e+00 0.000e+00
5.623e-16 0.000e+00 0.000e+00 0.000e+00 0.000e+00 0.000e+00
6.310e-16 0.000e+00 0.000e+00 0.000e+00 0.000e+00 0.000e+00
7.079e-16 0.000e+00 0.000e+00 0.000e+00 0.000e+00 0.000e+00
7.943e-16 0.000e+00 0.000e+00 0.000e+00 0.000e+00 0.000e+00
8.913e-16 0.000e+00 0.000e+00 0.000e+00 0.000e+00 0.000e+00
1.000e-15 0.000e+00 0.000e+00 0.000e+00 0.000e+00 0.000e+00
1.122e-15 2.586e+50 5.217e+20 1.524e-36 9.549e-27 1.200e-25
1.259e-15 2.295e+50 5.826e+20 1.702e-36 1.066e-26 1.340e-25
1.413e-15 2.036e+50 6.507e+20 1.900e-36 1.191e-26 1.497e-25
1.585e-15 1.806e+50 7.267e+20 2.122e-36 1.330e-26 1.672e-25
1.778e-15 1.602e+50 8.116e+20 2.370e-36 1.486e-26 1.867e-25
1.995e-15 1.421e+50 9.063e+20 2.647e-36 1.659e-26 2.085e-25
2.239e-15 1.260e+50 1.012e+21 2.956e-36 1.853e-26 2.328e-25
2.512e-15 1.118e+50 1.130e+21 3.301e-36 2.069e-26 2.600e-25
2.818e-15 9.917e+49 1.262e+21 3.686e-36 2.310e-26 2.903e-25
3.162e-15 8.797e+49 1.409e+21 4.116e-36 2.580e-26 3.242e-25
3.548e-15 7.802e+49 1.574e+21 4.596e-36 2.881e-26 3.620e-25
3.981e-15 6.920e+49 1.757e+21 5.132e-36 3.217e-26 4.042e-25
4.467e-15 6.138e+49 1.962e+21 5.730e-36 3.591e-26 4.513e-25
5.012e-15 5.444e+49 2.191e+21 6.398e-36 4.010e-26 5.039e-25
5.623e-15 4.828e+49 2.446e+21 7.143e-36 4.477e-26 5.626e-25
6.310e-15 4.282e+49 2.731e+21 7.976e-36 4.999e-26 6.282e-25
7.079e-15 3.797e+49 3.049e+21 8.905e-36 5.581e-26 7.013e-25
7.943e-15 3.367e+49 3.404e+21 9.941e-36 6.231e-26 7.830e-25
8.913e-15 2.986e+49 3.800e+21 1.110e-35 6.956e-26 8.742e-25
1.000e-14 2.648e+49 4.243e+21 1.239e-35 7.766e-26 9.759e-25
1.122e-14 2.348e+49 4.736e+21 1.383e-35 8.670e-26 1.089e-24
1.259e-14 2.082e+49 5.287e+21 1.544e-35 9.678e-26 1.216e-24
1.413e-14 1.846e+49 5.902e+21 1.724e-35 1.080e-25 1.358e-24
1.585e-14 1.637e+49 6.589e+21 1.924e-35 1.206e-25 1.515e-24
1.778e-14 1.452e+49 7.354e+21 2.148e-35 1.346e-25 1.692e-24
1.995e-14 1.287e+49 8.209e+21 2.397e-35 1.503e-25 1.888e-24
2.239e-14 1.141e+49 9.163e+21 2.676e-35 1.677e-25 2.108e-24
2.512e-14 1.012e+49 1.023e+22 2.987e-35 1.872e-25 2.352e-24
2.818e-14 8.969e+48 1.141e+22 3.333e-35 2.089e-25 2.626e-24
3.162e-14 7.951e+48 1.274e+22 3.720e-35 2.332e-25 2.930e-24
3.548e-14 7.049e+48 1.422e+22 4.152e-35 2.603e-25 3.270e-24
3.981e-14 6.249e+48 1.587e+22 4.634e-35 2.904e-25 3.650e-24
4.467e-14 5.539e+48 1.771e+22 5.171e-35 3.241e-25 4.073e-24
5.012e-14 4.910e+48 1.976e+22 5.771e-35 3.617e-25 4.546e-24
5.623e-14 4.353e+48 2.205e+22 6.440e-35 4.037e-25 5.072e-24
6.310e-14 3.858e+48 2.461e+22 7.187e-35 4.504e-25 5.660e-24
7.079e-14 3.420e+48 2.746e+22 8.019e-35 5.026e-25 6.316e-24
7.943e-14 3.031e+48 3.064e+22 8.948e-35 5.608e-25 7.048e-24
8.913e-14 2.686e+48 3.419e+22 9.984e-35 6.258e-25 7.864e-24
1.000e-13 2.381e+48 3.814e+22 1.114e-34 6.982e-25 8.774e-24
1.122e-13 2.110e+48 4.256e+22 1.243e-34 7.790e-25 9.789e-24
1.259e-13 1.870e+48 4.748e+22 1.387e-34 8.691e-25 1.092e-23
1.413e-13 1.657e+48 5.297e+22 1.547e-34 9.697e-25 1.218e-23
1.585e-13 1.468e+48 5.910e+22 1.726e-34 1.082e-24 1.359e-23
1.778e-13 1.301e+48 6.593e+22 1.925e-34 1.207e-24 1.516e-23
1.995e-13 1.153e+48 7.355e+22 2.148e-34 1.346e-24 1.692e-23
2.239e-13 1.022e+48 8.204e+22 2.396e-34 1.502e-24 1.887e-23
2.512e-13 9.053e+47 9.151e+22 2.673e-34 1.675e-24 2.105e-23
2.818e-13 8.021e+47 1.021e+23 2.981e-34 1.868e-24 2.348e-23
3.162e-13 7.106e+47 1.139e+23 3.325e-34 2.084e-24 2.619e-23
3.548e-13 6.296e+47 1.270e+23 3.709e-34 2.324e-24 2.921e-23
3.981e-13 5.578e+47 1.416e+23 4.136e-34 2.592e-24 3.258e-23
4.467e-13 4.941e+47 1.580e+23 4.613e-34 2.891e-24 3.633e-23
5.012e-13 4.377e+47 1.762e+23 5.144e-34 3.224e-24 4.052e-23
5.623e-13 3.877e+47 1.964e+23 5.737e-34 3.596e-24 4.519e-23
6.310e-13 3.434e+47 2.191e+23 6.398e-34 4.010e-24 5.039e-23
7.079e-13 3.042e+47 2.443e+23 7.134e-34 4.471e-24 5.619e-23
7.943e-13 2.694e+47 2.724e+23 7.955e-34 4.986e-24 6.265e-23
8.913e-13 2.386e+47 3.037e+23 8.870e-34 5.559e-24 6.986e-23
1.000e-12 2.114e+47 3.386e+23 9.889e-34 6.198e-24 7.789e-23
1.122e-12 1.872e+47 3.775e+23 1.103e-33 6.911e-24 8.684e-23
1.259e-12 1.658e+47 4.209e+23 1.229e-33 7.705e-24 9.682e-23
1.413e-12 1.468e+47 4.693e+23 1.370e-33 8.589e-24 1.079e-22
1.585e-12 1.300e+47 5.231e+23 1.528e-33 9.575e-24 1.203e-22
1.778e-12 1.151e+47 5.831e+23 1.703e-33 1.067e-23 1.341e-22
1.995e-12 1.019e+47 6.500e+23 1.898e-33 1.190e-23 1.495e-22
2.239e-12 9.023e+46 7.245e+23 2.116e-33 1.326e-23 1.667e-22
2.512e-12 7.989e+46 8.076e+23 2.358e-33 1.478e-23 1.858e-22
2.818e-12 7.073e+46 9.001e+23 2.629e-33 1.648e-23 2.070e-22
3.162e-12 6.261e+46 1.003e+24 2.930e-33 1.836e-23 2.307e-22
3.548e-12 5.543e+46 1.118e+24 3.265e-33 2.046e-23 2.572e-22
3.981e-12 4.906e+46 1.246e+24 3.638e-33 2.280e-23 2.866e-22
4.467e-12 4.343e+46 1.388e+24 4.054e-33 2.541e-23 3.193e-22
5.012e-12 3.844e+46 1.547e+24 4.518e-33 2.832e-23 3.558e-22
5.623e-12 3.402e+46 1.724e+24 5.034e-33 3.155e-23 3.965e-22
6.310e-12 3.011e+46 1.921e+24 5.609e-33 3.515e-23 4.418e-22
7.079e-12 2.665e+46 2.140e+24 6.249e-33 3.917e-23 4.922e-22
7.943e-12 2.358e+46 2.384e+24 6.962e-33 4.363e-23 5.483e-22
8.913e-12 2.087e+46 2.656e+24 7.755e-33 4.861e-23 6.108e-22
1.000e-11 1.846e+46 2.958e+24 8.639e-33 5.415e-23 6.805e-22
1.122e-11 1.634e+46 3.295e+24 9.623e-33 6.032e-23 7.580e-22
1.259e-11 1.445e+46 3.670e+24 1.072e-32 6.718e-23 8.443e-22
1.413e-11 1.279e+46 4.088e+24 1.194e-32 7.483e-23 9.403e-22
1.585e-11 1.131e+46 4.553e+24 1.330e-32 8.334e-23 1.047e-21
1.778e-11 1.001e+46 5.071e+24 1.481e-32 9.281e-23 1.166e-21
1.995e-11 8.853e+45 5.647e+24 1.649e-32 1.034e-22 1.299e-21
2.239e-11 7.830e+45 6.288e+24 1.836e-32 1.151e-22 1.446e-21
2.512e-11 6.926e+45 7.001e+24 2.045e-32 1.282e-22 1.610e-21
2.818e-11 6.125e+45 7.795e+24 2.277e-32 1.427e-22 1.793e-21
3.162e-11 5.417e+45 8.679e+24 2.535e-32 1.589e-22 1.996e-21
3.548e-11 4.790e+45 9.662e+24 2.822e-32 1.769e-22 2.223e-21
3.981e-11 4.236e+45 1.076e+25 3.141e-32 1.969e-22 2.474e-21
4.467e-11 3.746e+45 1.197e+25 3.497e-32 2.192e-22 2.754e-21
5.012e-11 3.312e+45 1.333e+25 3.892e-32 2.440e-22 3.066e-21
5.623e-11 2.928e+45 1.483e+25 4.332e-32 2.715e-22 3.412e-21
6.310e-11 2.588e+45 1.651e+25 4.822e-32 3.022e-22 3.798e-21
7.079e-11 2.288e+45 1.837e+25 5.366e-32 3.363e-22 4.226e-21
7.943e-11 2.023e+45 2.045e+25 5.971e-32 3.743e-22 4.703e-21
8.913e-11 1.788e+45 2.275e+25 6.645e-32 4.165e-22 5.234e-21
1.000e-10 1.580e+45 2.532e+25 7.393e-32 4.634e-22 5.823e-21
1.122e-10 1.397e+45 2.817e+25 8.226e-32 5.156e-22 6.479e-21
1.259e-10 1.234e+45 3.134e+25 9.152e-32 5.736e-22 7.208e-21
1.413e-10 1.091e+45 3.486e+25 1.018e-31 6.381e-22 8.019e-21
1.585e-10 9.636e+44 3.878e+25 1.133e-31 7.099e-22 8.921e-21
1.778e-10 8.514e+44 4.314e+25 1.260e-31 7.896e-22 9.923e-21
1.995e-10 7.523e+44 4.798e+25 1.401e-31 8.783e-22 1.104e-20
2.239e-10 6.646e+44 5.336e+25 1.558e-31 9.768e-22 1.227e-20
2.512e-10 5.871e+44 5.935e+25 1.733e-31 1.086e-21 1.365e-20
2.818e-10 5.186e+44 6.600e+25 1.927e-31 1.208e-21 1.518e-20
3.162e-10 4.581e+44 7.339e+25 2.143e-31 1.343e-21 1.688e-20
3.548e-10 4.046e+44 8.161e+25 2.383e-31 1.494e-21 1.877e-20
3.981e-10 3.573e+44 9.073e+25 2.650e-31 1.661e-21 2.087e-20
4.467e-10 3.156e+44 1.009e+26 2.946e-31 1.847e-21 2.320e-20
5.012e-10 2.787e+44 1.122e+26 3.275e-31 2.053e-21 2.580e-20
5.623e-10 2.461e+44 1.247e+26 3.641e-31 2.282e-21 2.868e-20
6.310e-10 2.173e+44 1.386e+26 4.048e-31 2.537e-21 3.188e-20
7.079e-10 1.919e+44 1.541e+26 4.499e-31 2.820e-21 3.544e-20
7.943e-10 1.694e+44 1.712e+26 5.001e-31 3.134e-21 3.939e-20
8.913e-10 1.496e+44 1.903e+26 5.558e-31 3.484e-21 4.378e-20
1.000e-09 1.320e+44 2.115e+26 6.178e-31 3.872e-21 4.866e-20
1.122e-09 1.166e+44 2.351e+26 6.866e-31 4.304e-21 5.408e-20
1.259e-09 1.029e+44 2.613e+26 7.631e-31 4.783e-21 6.010e-20
1.413e-09 9.084e+43 2.904e+26 8.481e-31 5.316e-21 6.680e-20
1.585e-09 8.019e+43 3.227e+26 9.425e-31 5.907e-21 7.424e-20
1.778e-09 7.079e+43 3.587e+26 1.047e-30 6.565e-21 8.250e-20
1.995e-09 6.249e+43 3.986e+26 1.164e-30 7.296e-21 9.169e-20
2.239e-09 5.517e+43 4.430e+26 1.294e-30 8.109e-21 1.019e-19
2.512e-09 4.870e+43 4.923e+26 1.438e-30 9.012e-21 1.132e-19
2.818e-09 4.299e+43 5.472e+26 1.598e-30 1.002e-20 1.259e-19
3.162e-09 3.796e+43 6.081e+26 1.776e-30 1.113e-20 1.399e-19
3.548e-09 3.351e+43 6.759e+26 1.974e-30 1.237e-20 1.555e-19
3.981e-09 2.959e+43 7.513e+26 2.194e-30 1.375e-20 1.728e-19
4.467e-09 2.612e+43 8.351e+26 2.439e-30 1.529e-20 1.921e-19
5.012e-09 2.307e+43 9.284e+26 2.711e-30 1.699e-20 2.135e-19
5.623e-09 2.037e+43 1.032e+27 3.014e-30 1.889e-20 2.374e-19
6.310e-09 1.799e+43 1.148e+27 3.351e-30 2.100e-20 2.639e-19
7.079e-09 1.589e+43 1.276e+27 3.726e-30 2.335e-20 2.935e-19
7.943e-09 1.403e+43 1.419e+27 4.143e-30 2.597e-20 3.263e-19
8.913e-09 1.240e+43 1.578e+27 4.607e-30 2.888e-20 3.629e-19
1.000e-08 1.095e+43 1.754e+27 5.124e-30 3.211e-20 4.036e-19
1.122e-08 9.674e+42 1.951e+27 5.698e-30 3.571e-20 4.488e-19
1.259e-08 8.545e+42 2.170e+27 6.337e-30 3.972e-20 4.991e-19
1.413e-08 7.548e+42 2.413e+27 7.047e-30 4.417e-20 5.550e-19
1.585e-08 6.667e+42 2.683e+27 7.836e-30 4.911e-20 6.172e-19
1.778e-08 5.888e+42 2.983e+27 8.712e-30 5.460e-20 6.862e-19
1.995e-08 5.198e+42 3.316e+27 9.683e-30 6.069e-20 7.627e-19
2.239e-08 4.588e+42 3.684e+27 1.076e-29 6.744e-20 8.474e-19
2.512e-08 4.048e+42 4.092e+27 1.195e-29 7.490e-20 9.412e-19
2.818e-08 3.569e+42 4.542e+27 1.326e-29 8.314e-20 1.045e-18
3.162e-08 3.145e+42 5.038e+27 1.471e-29 9.222e-20 1.159e-18
3.548e-08 2.768e+42 5.584e+27 1.631e-29 1.022e-19 1.284e-18
3.981e-08 2.434e+42 6.181e+27 1.805e-29 1.131e-19 1.422e-18
4.467e-08 2.138e+42 6.833e+27 1.996e-29 1.251e-19 1.572e-18
5.012e-08 1.874e+42 7.541e+27 2.202e-29 1.380e-19 1.734e-18
5.623e-08 1.638e+42 8.300e+27 2.424e-29 1.519e-19 1.909e-18
6.310e-08 1.418e+42 9.045e+27 2.641e-29 1.656e-19 2.081e-18
7.079e-08 1.243e+42 9.980e+27 2.914e-29 1.827e-19 2.296e-18
7.943e-08 1.087e+42 1.099e+28 3.210e-29 2.012e-19 2.529e-18
8.913e-08 9.498e+41 1.209e+28 3.530e-29 2.213e-19 2.780e-18
1.000e-07 8.280e+41 1.327e+28 3.874e-29 2.428e-19 3.052e-18
1.122e-07 7.203e+41 1.453e+28 4.243e-29 2.659e-19 3.342e-18
1.259e-07 6.246e+41 1.586e+28 4.632e-29 2.903e-19 3.648e-18
1.413e-07 5.398e+41 1.726e+28 5.039e-29 3.158e-19 3.969e-18
1.585e-07 4.692e+41 1.888e+28 5.515e-29 3.456e-19 4.343e-18
1.778e-07 4.072e+41 2.063e+28 6.025e-29 3.776e-19 4.745e-18
1.995e-07 3.525e+41 2.248e+28 6.566e-29 4.115e-19 5.171e-18
2.239e-07 3.043e+41 2.443e+28 7.135e-29 4.472e-19 5.620e-18
2.512e-07 2.638e+41 2.667e+28 7.789e-29 4.882e-19 6.135e-18
2.818e-07 2.283e+41 2.906e+28 8.486e-29 5.319e-19 6.683e-18
3.162e-07 1.970e+41 3.157e+28 9.220e-29 5.779e-19 7.262e-18
3.548e-07 1.707e+41 3.443e+28 1.006e-28 6.303e-19 7.920e-18
3.981e-07 1.472e+41 3.737e+28 1.091e-28 6.840e-19 8.596e-18
4.467e-07 1.276e+41 4.079e+28 1.191e-28 7.466e-19 9.382e-18
5.012e-07 1.103e+41 4.439e+28 1.297e-28 8.126e-19 1.021e-17
5.623e-07 9.546e+40 4.837e+28 1.412e-28 8.853e-19 1.113e-17
6.310e-07 8.253e+40 5.264e+28 1.537e-28 9.636e-19 1.211e-17
7.079e-07 7.156e+40 5.746e+28 1.678e-28 1.052e-18 1.322e-17
7.943e-07 6.191e+40 6.258e+28 1.828e-28 1.146e-18 1.440e-17
8.913e-07 5.378e+40 6.845e+28 1.999e-28 1.253e-18 1.574e-17
1.000e-06 4.744e+40 7.601e+28 2.220e-28 1.391e-18 1.748e-17
1.122e-06 4.104e+40 8.277e+28 2.417e-28 1.515e-18 1.904e-17
1.259e-06 3.622e+40 9.196e+28 2.686e-28 1.683e-18 2.115e-17
1.413e-06 3.189e+40 1.019e+29 2.977e-28 1.866e-18 2.345e-17
1.585e-06 2.752e+40 1.108e+29 3.235e-28 2.027e-18 2.548e-17
1.778e-06 2.415e+40 1.223e+29 3.573e-28 2.239e-18 2.814e-17
1.995e-06 2.128e+40 1.357e+29 3.963e-28 2.484e-18 3.122e-17
2.239e-06 1.834e+40 1.473e+29 4.302e-28 2.696e-18 3.388e-17
2.512e-06 1.610e+40 1.627e+29 4.752e-28 2.978e-18 3.743e-17
2.818e-06 1.412e+40 1.796e+29 5.246e-28 3.288e-18 4.132e-17
3.162e-06 1.213e+40 1.943e+29 5.674e-28 3.556e-18 4.469e-17
3.548e-06 1.061e+40 2.139e+29 6.248e-28 3.916e-18 4.921e-17
3.981e-06 9.318e+39 2.366e+29 6.910e-28 4.331e-18 5.442e-17
4.467e-06 8.002e+39 2.558e+29 7.471e-28 4.683e-18 5.884e-17
5.012e-06 6.995e+39 2.815e+29 8.221e-28 5.153e-18 6.475e-17
5.623e-06 6.114e+39 3.097e+29 9.046e-28 5.670e-18 7.125e-17
6.310e-06 5.342e+39 3.407e+29 9.951e-28 6.237e-18 7.838e-17
7.079e-06 4.570e+39 3.670e+29 1.072e-27 6.717e-18 8.441e-17
7.943e-06 3.985e+39 4.028e+29 1.176e-27 7.374e-18 9.266e-17
8.913e-06 3.474e+39 4.421e+29 1.291e-27 8.093e-18 1.017e-16
1.000e-05 3.029e+39 4.853e+29 1.417e-27 8.882e-18 1.116e-16
1.122e-05 2.640e+39 5.325e+29 1.555e-27 9.748e-18 1.225e-16
1.259e-05 2.249e+39 5.710e+29 1.668e-27 1.045e-17 1.313e-16
1.413e-05 1.956e+39 6.252e+29 1.826e-27 1.144e-17 1.438e-16
1.585e-05 1.701e+39 6.845e+29 1.999e-27 1.253e-17 1.574e-16
1.778e-05 1.479e+39 7.493e+29 2.188e-27 1.372e-17 1.724e-16
1.995e-05 1.286e+39 8.202e+29 2.395e-27 1.501e-17 1.887e-16
2.239e-05 1.118e+39 8.976e+29 2.621e-27 1.643e-17 2.065e-16
2.512e-05 9.717e+38 9.823e+29 2.869e-27 1.798e-17 2.260e-16
2.818e-05 8.266e+38 1.052e+30 3.072e-27 1.925e-17 2.420e-16
3.162e-05 7.188e+38 1.152e+30 3.363e-27 2.108e-17 2.649e-16
3.548e-05 6.248e+38 1.260e+30 3.680e-27 2.307e-17 2.899e-16
3.981e-05 5.429e+38 1.379e+30 4.026e-27 2.523e-17 3.171e-16
4.467e-05 4.717e+38 1.508e+30 4.404e-27 2.760e-17 3.468e-16
5.012e-05 4.098e+38 1.649e+30 4.816e-27 3.019e-17 3.793e-16
5.623e-05 3.559e+38 1.803e+30 5.266e-27 3.301e-17 4.148e-16
6.310e-05 3.091e+38 1.972e+30 5.758e-27 3.609e-17 4.535e-16
7.079e-05 2.685e+38 2.156e+30 6.295e-27 3.946e-17 4.958e-16
7.943e-05 2.331e+38 2.356e+30 6.882e-27 4.313e-17 5.420e-16
8.913e-05 2.024e+38 2.576e+30 7.522e-27 4.715e-17 5.924e-16
1.000e-04 1.757e+38 2.815e+30 8.220e-27 5.152e-17 6.475e-16
1.122e-04 1.525e+38 3.076e+30 8.983e-27 5.630e-17 7.075e-16
1.259e-04 1.323e+38 3.360e+30 9.814e-27 6.151e-17 7.730e-16
1.413e-04 1.148e+38 3.671e+30 1.072e-26 6.719e-17 8.444e-16
1.585e-04 9.963e+37 4.009e+30 1.171e-26 7.339e-17 9.223e-16
1.778e-04 8.642e+37 4.378e+30 1.279e-26 8.015e-17 1.007e-15
1.995e-04 7.495e+37 4.781e+30 1.396e-26 8.751e-17 1.100e-15
2.239e-04 6.306e+37 5.064e+30 1.479e-26 9.268e-17 1.165e-15
2.512e-04 5.451e+37 5.511e+30 1.609e-26 1.009e-16 1.268e-15
2.818e-04 4.711e+37 5.996e+30 1.751e-26 1.098e-16 1.379e-15
3.162e-04 4.071e+37 6.522e+30 1.905e-26 1.194e-16 1.500e-15
3.548e-04 3.517e+37 7.093e+30 2.072e-26 1.298e-16 1.632e-15
3.981e-04 3.037e+37 7.712e+30 2.252e-26 1.412e-16 1.774e-15
4.467e-04 2.622e+37 8.383e+30 2.448e-26 1.534e-16 1.928e-15
5.012e-04 2.263e+37 9.109e+30 2.660e-26 1.667e-16 2.095e-15
5.623e-04 1.953e+37 9.896e+30 2.890e-26 1.811e-16 2.276e-15
6.310e-04 1.685e+37 1.075e+31 3.138e-26 1.967e-16 2.472e-15
7.079e-04 1.453e+37 1.167e+31 3.407e-26 2.136e-16 2.684e-15
7.943e-04 1.253e+37 1.266e+31 3.698e-26 2.318e-16 2.913e-15
8.913e-04 1.079e+37 1.374e+31 4.012e-26 2.515e-16 3.160e-15
1.000e-03 9.299e+36 1.490e+31 4.351e-26 2.727e-16 3.427e-15
1.122e-03 8.008e+36 1.615e+31 4.717e-26 2.956e-16 3.715e-15
1.259e-03 6.893e+36 1.750e+31 5.112e-26 3.204e-16 4.026e-15
1.413e-03 5.931e+36 1.896e+31 5.537e-26 3.471e-16 4.361e-15
1.585e-03 5.101e+36 2.053e+31 5.995e-26 3.758e-16 4.722e-15
1.778e-03 4.385e+36 2.222e+31 6.489e-26 4.067e-16 5.111e-15
1.995e-03 3.768e+36 2.404e+31 7.019e-26 4.400e-16 5.529e-15
2.239e-03 3.236e+36 2.599e+31 7.589e-26 4.757e-16 5.978e-15
2.512e-03 2.778e+36 2.808e+31 8.202e-26 5.141e-16 6.460e-15
2.818e-03 2.383e+36 3.033e+31 8.858e-26 5.552e-16 6.977e-15
3.162e-03 2.044e+36 3.274e+31 9.562e-26 5.993e-16 7.531e-15
3.548e-03 1.751e+36 3.532e+31 1.032e-25 6.465e-16 8.125e-15
3.981e-03 1.500e+36 3.808e+31 1.112e-25 6.970e-16 8.759e-15
4.467e-03 1.283e+36 4.103e+31 1.198e-25 7.510e-16 9.437e-15
5.012e-03 1.098e+36 4.417e+31 1.290e-25 8.085e-16 1.016e-14
5.623e-03 9.379e+35 4.752e+31 1.388e-25 8.698e-16 1.093e-14
6.310e-03 8.008e+35 5.108e+31 1.492e-25 9.350e-16 1.175e-14
7.079e-03 6.832e+35 5.486e+31 1.602e-25 1.004e-15 1.262e-14
7.943e-03 5.824e+35 5.887e+31 1.719e-25 1.078e-15 1.354e-14
8.913e-03 4.959e+35 6.312e+31 1.843e-25 1.155e-15 1.452e-14
1.000e-02 4.219e+35 6.760e+31 1.974e-25 1.237e-15 1.555e-14
1.122e-02 3.586e+35 7.232e+31 2.112e-25 1.324e-15 1.664e-14
1.259e-02 3.044e+35 7.729e+31 2.257e-25 1.415e-15 1.778e-14
1.413e-02 2.581e+35 8.250e+31 2.409e-25 1.510e-15 1.898e-14
1.585e-02 2.185e+35 8.794e+31 2.568e-25 1.610e-15 2.023e-14
1.778e-02 1.848e+35 9.362e+31 2.734e-25 1.714e-15 2.154e-14
1.995e-02 1.560e+35 9.952e+31 2.907e-25 1.822e-15 2.289e-14
2.239e-02 1.315e+35 1.056e+32 3.085e-25 1.934e-15 2.430e-14
2.512e-02 1.107e+35 1.119e+32 3.269e-25 2.049e-15 2.575e-14
2.818e-02 9.302e+34 1.184e+32 3.457e-25 2.167e-15 2.723e-14
3.162e-02 7.801e+34 1.250e+32 3.650e-25 2.288e-15 2.875e-14
3.548e-02 6.528e+34 1.317e+32 3.845e-25 2.410e-15 3.029e-14
3.981e-02 5.450e+34 1.384e+32 4.042e-25 2.533e-15 3.183e-14
4.467e-02 4.540e+34 1.451e+32 4.238e-25 2.656e-15 3.338e-14
5.012e-02 3.771e+34 1.518e+32 4.433e-25 2.778e-15 3.491e-14
5.623e-02 3.124e+34 1.583e+32 4.623e-25 2.897e-15 3.641e-14
6.310e-02 2.580e+34 1.646e+32 4.806e-25 3.012e-15 3.786e-14
7.079e-02 2.124e+34 1.705e+32 4.980e-25 3.121e-15 3.923e-14
7.943e-02 1.741e+34 1.760e+32 5.141e-25 3.222e-15 4.049e-14
8.913e-02 1.422e+34 1.810e+32 5.285e-25 3.313e-15 4.163e-14
1.000e-01 1.156e+34 1.852e+32 5.409e-25 3.390e-15 4.260e-14
1.122e-01 9.348e+33 1.885e+32 5.506e-25 3.451e-15 4.337e-14
1.259e-01 7.514e+33 1.908e+32 5.572e-25 3.493e-15 4.389e-14
1.413e-01 5.999e+33 1.918e+32 5.600e-25 3.510e-15 4.411e-14
1.585e-01 4.750e+33 1.912e+32 5.582e-25 3.499e-15 4.397e-14
1.778e-01 3.723e+33 1.886e+32 5.509e-25 3.453e-15 4.339e-14
1.995e-01 2.881e+33 1.838e+32 5.367e-25 3.364e-15 4.227e-14
2.239e-01 2.192e+33 1.760e+32 5.140e-25 3.222e-15 4.049e-14
2.512e-01 1.629e+33 1.646e+32 4.808e-25 3.014e-15 3.787e-14
2.818e-01 1.179e+33 1.501e+32 4.383e-25 2.747e-15 3.452e-14
3.162e-01 8.538e+32 1.368e+32 3.995e-25 2.504e-15 3.146e-14
3.548e-01 6.180e+32 1.247e+32 3.641e-25 2.282e-15 2.867e-14
3.981e-01 4.473e+32 1.136e+32 3.317e-25 2.079e-15 2.613e-14
4.467e-01 3.237e+32 1.035e+32 3.022e-25 1.894e-15 2.380e-14
5.012e-01 2.342e+32 9.425e+31 2.752e-25 1.725e-15 2.168e-14
5.623e-01 1.694e+32 8.582e+31 2.506e-25 1.571e-15 1.974e-14
6.310e-01 1.225e+32 7.811e+31 2.281e-25 1.430e-15 1.797e-14
7.079e-01 8.851e+31 7.107e+31 2.076e-25 1.301e-15 1.635e-14
7.943e-01 6.394e+31 6.463e+31 1.888e-25 1.183e-15 1.487e-14
8.913e-01 4.616e+31 5.875e+31 1.716e-25 1.075e-15 1.351e-14
1.000e+00 3.330e+31 5.336e+31 1.558e-25 9.767e-16 1.227e-14
1.122e+00 2.400e+31 4.842e+31 1.414e-25 8.863e-16 1.114e-14
1.259e+00 1.728e+31 4.389e+31 1.282e-25 8.034e-16 1.010e-14
1.413e+00 1.243e+31 3.973e+31 1.160e-25 7.272e-16 9.138e-15
1.585e+00 8.920e+30 3.590e+31 1.048e-25 6.571e-16 8.257e-15
1.778e+00 6.386e+30 3.236e+31 9.450e-26 5.923e-16 7.443e-15
1.995e+00 4.593e+30 2.930e+31 8.556e-26 5.362e-16 6.739e-15
2.239e+00 3.301e+30 2.650e+31 7.740e-26 4.851e-16 6.096e-15
2.512e+00 2.370e+30 2.395e+31 6.996e-26 4.385e-16 5.510e-15
2.818e+00 1.700e+30 2.163e+31 6.317e-26 3.959e-16 4.975e-15
3.162e+00 1.218e+30 1.951e+31 5.697e-26 3.571e-16 4.487e-15
3.548e+00 8.713e+29 1.757e+31 5.133e-26 3.217e-16 4.043e-15
3.981e+00 6.227e+29 1.581e+31 4.617e-26 2.894e-16 3.637e-15
4.467e+00 4.443e+29 1.420e+31 4.148e-26 2.600e-16 3.267e-15
5.012e+00 3.165e+29 1.274e+31 3.720e-26 2.331e-16 2.930e-15
5.623e+00 2.250e+29 1.140e+31 3.330e-26 2.087e-16 2.622e-15
6.310e+00 1.597e+29 1.018e+31 2.974e-26 1.864e-16 2.343e-15
7.079e+00 1.130e+29 9.077e+30 2.651e-26 1.661e-16 2.088e-15
7.943e+00 7.982e+28 8.069e+30 2.356e-26 1.477e-16 1.856e-15
8.913e+00 5.620e+28 7.152e+30 2.089e-26 1.309e-16 1.645e-15
1.000e+01 3.944e+28 6.320e+30 1.846e-26 1.157e-16 1.454e-15
1.122e+01 2.758e+28 5.564e+30 1.625e-26 1.018e-16 1.280e-15
1.259e+01 1.921e+28 4.879e+30 1.425e-26 8.930e-17 1.122e-15
1.413e+01 1.332e+28 4.258e+30 1.244e-26 7.794e-17 9.794e-16
1.585e+01 9.187e+27 3.697e+30 1.080e-26 6.767e-17 8.504e-16
1.778e+01 6.298e+27 3.191e+30 9.319e-27 5.841e-17 7.340e-16
1.995e+01 4.289e+27 2.736e+30 7.990e-27 5.008e-17 6.293e-16
2.239e+01 2.899e+27 2.328e+30 6.799e-27 4.261e-17 5.355e-16
2.512e+01 1.943e+27 1.964e+30 5.736e-27 3.595e-17 4.518e-16
2.818e+01 1.290e+27 1.642e+30 4.795e-27 3.006e-17 3.777e-16
3.162e+01 8.486e+26 1.360e+30 3.971e-27 2.489e-17 3.127e-16
3.548e+01 5.534e+26 1.116e+30 3.260e-27 2.043e-17 2.567e-16
3.981e+01 3.567e+26 9.058e+29 2.645e-27 1.658e-17 2.083e-16
4.467e+01 2.294e+26 7.333e+29 2.142e-27 1.342e-17 1.687e-16
5.012e+01 1.471e+26 5.921e+29 1.729e-27 1.084e-17 1.362e-16
5.623e+01 9.407e+25 4.766e+29 1.392e-27 8.724e-18 1.096e-16
6.310e+01 5.992e+25 3.822e+29 1.116e-27 6.996e-18 8.791e-17
7.079e+01 3.800e+25 3.051e+29 8.910e-28 5.585e-18 7.018e-17
7.943e+01 2.396e+25 2.423e+29 7.075e-28 4.434e-18 5.572e-17
8.913e+01 1.502e+25 1.911e+29 5.581e-28 3.498e-18 4.396e-17
1.000e+02 9.334e+24 1.495e+29 4.367e-28 2.737e-18 3.440e-17
1.122e+02 5.745e+24 1.159e+29 3.384e-28 2.121e-18 2.666e-17
1.259e+02 3.493e+24 8.870e+28 2.590e-28 1.624e-18 2.040e-17
1.413e+02 2.091e+24 6.685e+28 1.952e-28 1.224e-18 1.538e-17
1.585e+02 1.227e+24 4.938e+28 1.442e-28 9.038e-19 1.136e-17
1.778e+02 7.012e+23 3.552e+28 1.037e-28 6.502e-19 8.171e-18
1.995e+02 3.867e+23 2.466e+28 7.203e-29 4.514e-19 5.673e-18
2.239e+02 2.028e+23 1.628e+28 4.756e-29 2.981e-19 3.746e-18
2.512e+02 9.870e+22 9.977e+27 2.914e-29 1.826e-19 2.295e-18
2.818e+02 4.256e+22 5.417e+27 1.582e-29 9.915e-20 1.246e-18
3.162e+02 1.465e+22 2.348e+27 6.857e-30 4.298e-20 5.401e-19
3.548e+02 2.892e+21 5.834e+26 1.704e-30 1.068e-20 1.342e-19
3.981e+02 0.000e+00 0.000e+00 0.000e+00 0.000e+00 0.000e+00
4.467e+02 0.000e+00 0.000e+00 0.000e+00 0.000e+00 0.000e+00
5.012e+02 0.000e+00 0.000e+00 0.000e+00 0.000e+00 0.000e+00
5.623e+02 0.000e+00 0.000e+00 0.000e+00 0.000e+00 0.000e+00
6.310e+02 0.000e+00 0.000e+00 0.000e+00 0.000e+00 0.000e+00
7.079e+02 0.000e+00 0.000e+00 0.000e+00 0.000e+00 0.000e+00
7.943e+02 0.000e+00 0.000e+00 0.000e+00 0.000e+00 0.000e+00
8.913e+02 0.000e+00 0.000e+00 0.000e+00 0.000e+00 0.000e+00
1.000e+03 0.000e+00 0.000e+00 0.000e+00 0.000e+00 0.000e+00
1.122e+03 0.000e+00 0.000e+00 0.000e+00 0.000e+00 0.000e+00
1.259e+03 0.000e+00 0.000e+00 0.000e+00 0.000e+00 0.000e+00
1.413e+03 0.000e+00 0.000e+00 0.000e+00 0.000e+00 0.000e+00
1.585e+03 0.000e+00 0.000e+00 0.000e+00 0.000e+00 0.000e+00
1.778e+03 0.000e+00 0.000e+00 0.000e+00 0.000e+00 0.000e+00
1.995e+03 0.000e+00 0.000e+00 0.000e+00 0.000e+00 0.000e+00
2.239e+03 0.000e+00 0.000e+00 0.000e+00 0.000e+00 0.000e+00
2.512e+03 0.000e+00 0.000e+00 0.000e+00 0.000e+00 0.000e+00
2.818e+03 0.000e+00 0.000e+00 0.000e+00 0.000e+00 0.000e+00
3.162e+03 0.000e+00 0.000e+00 0.000e+00 0.000e+00 0.000e+00
3.548e+03 0.000e+00 0.000e+00 0.000e+00 0.000e+00 0.000e+00
3.981e+03 0.000e+00 0.000e+00 0.000e+00 0.000e+00 0.000e+00
4.467e+03 0.000e+00 0.000e+00 0.000e+00 0.000e+00 0.000e+00
5.012e+03 0.000e+00 0.000e+00 0.000e+00 0.000e+00 0.000e+00
5.623e+03 0.000e+00 0.000e+00 0.000e+00 0.000e+00 0.000e+00
6.310e+03 0.000e+00 0.000e+00 0.000e+00 0.000e+00 0.000e+00
7.079e+03 0.000e+00 0.000e+00 0.000e+00 0.000e+00 0.000e+00
7.943e+03 0.000e+00 0.000e+00 0.000e+00 0.000e+00 0.000e+00
8.913e+03 0.000e+00 0.000e+00 0.000e+00 0.000e+00 0.000e+00
1.000e+04 0.000e+00 0.000e+00 0.000e+00 0.000e+00 0.000e+00
1.122e+04 0.000e+00 0.000e+00 0.000e+00 0.000e+00 0.000e+00
1.259e+04 0.000e+00 0.000e+00 0.000e+00 0.000e+00 0.000e+00
1.413e+04 0.000e+00 0.000e+00 0.000e+00 0.000e+00 0.000e+00
1.585e+04 0.000e+00 0.000e+00 0.000e+00 0.000e+00 0.000e+00
1.778e+04 0.000e+00 0.000e+00 0.000e+00 0.000e+00 0.000e+00
1.995e+04 0.000e+00 0.000e+00 0.000e+00 0.000e+00 0.000e+00
2.239e+04 0.000e+00 0.000e+00 0.000e+00 0.000e+00 0.000e+00
2.512e+04 0.000e+00 0.000e+00 0.000e+00 0.000e+00 0.000e+00
2.818e+04 0.000e+00 0.000e+00 0.000e+00 0.000e+00 0.000e+00
3.162e+04 0.000e+00 0.000e+00 0.000e+00 0.000e+00 0.000e+00
3.548e+04 0.000e+00 0.000e+00 0.000e+00 0.000e+00 0.000e+00
3.981e+04 0.000e+00 0.000e+00 0.000e+00 0.000e+00 0.000e+00
4.467e+04 0.000e+00 0.000e+00 0.000e+00 0.000e+00 0.000e+00
5.012e+04 0.000e+00 0.000e+00 0.000e+00 0.000e+00 0.000e+00
5.623e+04 0.000e+00 0.000e+00 0.000e+00 0.000e+00 0.000e+00
6.310e+04 0.000e+00 0.000e+00 0.000e+00 0.000e+00 0.000e+00
7.079e+04 0.000e+00 0.000e+00 0.000e+00 0.000e+00 0.000e+00
7.943e+04 0.000e+00 0.000e+00 0.000e+00 0.000e+00 0.000e+00
8.913e+04 0.000e+00 0.000e+00 0.000e+00 0.000e+00 0.000e+00
1.000e+05 0.000e+00 0.000e+00 0.000e+00 0.000e+00 0.000e+00
1.122e+05 0.000e+00 0.000e+00 0.000e+00 0.000e+00 0.000e+00
1.259e+05 0.000e+00 0.000e+00 0.000e+00 0.000e+00 0.000e+00
1.413e+05 0.000e+00 0.000e+00 0.000e+00 0.000e+00 0.000e+00
1.585e+05 0.000e+00 0.000e+00 0.000e+00 0.000e+00 0.000e+00
1.778e+05 0.000e+00 0.000e+00 0.000e+00 0.000e+00 0.000e+00
1.995e+05 0.000e+00 0.000e+00 0.000e+00 0.000e+00 0.000e+00
2.239e+05 0.000e+00 0.000e+00 0.000e+00 0.000e+00 0.000e+00
2.512e+05 0.000e+00 0.000e+00 0.000e+00 0.000e+00 0.000e+00
2.818e+05 0.000e+00 0.000e+00 0.000e+00 0.000e+00 0.000e+00
3.162e+05 0.000e+00 0.000e+00 0.000e+00 0.000e+00 0.000e+00
3.548e+05 0.000e+00 0.000e+00 0.000e+00 0.000e+00 0.000e+00
3.981e+05 0.000e+00 0.000e+00 0.000e+00 0.000e+00 0.000e+00
4.467e+05 0.000e+00 0.000e+00 0.000e+00 0.000e+00 0.000e+00
5.012e+05 0.000e+00 0.000e+00 0.000e+00 0.000e+00 0.000e+00
5.623e+05 0.000e+00 0.000e+00 0.000e+00 0.000e+00 0.000e+00
6.310e+05 0.000e+00 0.000e+00 0.000e+00 0.000e+00 0.000e+00
7.079e+05 0.000e+00 0.000e+00 0.000e+00 0.000e+00 0.000e+00
7.943e+05 0.000e+00 0.000e+00 0.000e+00 0.000e+00 0.000e+00
8.913e+05 0.000e+00 0.000e+00 0.000e+00 0.000e+00 0.000e+00
1.000e+06 0.000e+00 0.000e+00 0.000e+00 0.000e+00 0.000e+00
1.122e+06 0.000e+00 0.000e+00 0.000e+00 0.000e+00 0.000e+00
1.259e+06 0.000e+00 0.000e+00 0.000e+00 0.000e+00 0.000e+00
1.413e+06 0.000e+00 0.000e+00 0.000e+00 0.000e+00 0.000e+00
1.585e+06 0.000e+00 0.000e+00 0.000e+00 0.000e+00 0.000e+00
1.778e+06 0.000e+00 0.000e+00 0.000e+00 0.000e+00 0.000e+00
1.995e+06 0.000e+00 0.000e+00 0.000e+00 0.000e+00 0.000e+00
2.239e+06 0.000e+00 0.000e+00 0.000e+00 0.000e+00 0.000e+00
2.512e+06 0.000e+00 0.000e+00 0.000e+00 0.000e+00 0.000e+00
2.818e+06 0.000e+00 0.000e+00 0.000e+00 0.000e+00 0.000e+00
3.162e+06 0.000e+00 0.000e+00 0.000e+00 0.000e+00 0.000e+00
3.548e+06 0.000e+00 0.000e+00 0.000e+00 0.000e+00 0.000e+00
3.981e+06 0.000e+00 0.000e+00 0.000e+00 0.000e+00 0.000e+00
4.467e+06 0.000e+00 0.000e+00 0.000e+00 0.000e+00 0.000e+00
5.012e+06 0.000e+00 0.000e+00 0.000e+00 0.000e+00 0.000e+00
5.623e+06 0.000e+00 0.000e+00 0.000e+00 0.000e+00 0.000e+00
6.310e+06 0.000e+00 0.000e+00 0.000e+00 0.000e+00 0.000e+00
7.079e+06 0.000e+00 0.000e+00 0.000e+00 0.000e+00 0.000e+00
7.943e+06 0.000e+00 0.000e+00 0.000e+00 0.000e+00 0.000e+00
8.913e+06 0.000e+00 0.000e+00 0.000e+00 0.000e+00 0.000e+00
1.000e+07 0.000e+00 0.000e+00 0.000e+00 0.000e+00 0.000e+00
1.122e+07 0.000e+00 0.000e+00 0.000e+00 0.000e+00 0.000e+00
1.259e+07 0.000e+00 0.000e+00 0.000e+00 0.000e+00 0.000e+00
1.413e+07 0.000e+00 0.000e+00 0.000e+00 0.000e+00 0.000e+00
1.585e+07 0.000e+00 0.000e+00 0.000e+00 0.000e+00 0.000e+00
1.778e+07 0.000e+00 0.000e+00 0.000e+00 0.000e+00 0.000e+00
1.995e+07 0.000e+00 0.000e+00 0.000e+00 0.000e+00 0.000e+00
2.239e+07 0.000e+00 0.000e+00 0.000e+00 0.000e+00 0.000e+00
2.512e+07 0.000e+00 0.000e+00 0.000e+00 0.000e+00 0.000e+00
2.818e+07 0.000e+00 0.000e+00 0.000e+00 0.000e+00 0.000e+00
3.162e+07 0.000e+00 0.000e+00 0.000e+00 0.000e+00 0.000e+00
3.548e+07 0.000e+00 0.000e+00 0.000e+00 0.000e+00 0.000e+00
3.981e+07 0.000e+00 0.000e+00 0.000e+00 0.000e+00 0.000e+00
4.467e+07 0.000e+00 0.000e+00 0.000e+00 0.000e+00 0.000e+00
5.012e+07 0.000e+00 0.000e+00 0.000e+00 0.000e+00 0.000e+00
5.623e+07 0.000e+00 0.000e+00 0.000e+00 0.000e+00 0.000e+00
6.310e+07 0.000e+00 0.000e+00 0.000e+00 0.000e+00 0.000e+00
7.079e+07 0.000e+00 0.000e+00 0.000e+00 0.000e+00 0.000e+00
7.943e+07 0.000e+00 0.000e+00 0.000e+00 0.000e+00 0.000e+00
8.913e+07 0.000e+00 0.000e+00 0.000e+00 0.000e+00 0.000e+00
1.000e+08 0.000e+00 0.000e+00 0.000e+00 0.000e+00 0.000e+00
