1.000e-20 0.000e+00 0.000e+00 0.000e+00 0.000e+00 0.000e+00
1.122e-20 0.000e+00 0.000e+00 0.000e+00 0.000e+00 0.000e+00
1.259e-20 0.000e+00 0.000e+00 0.000e+00 0.000e+00 0.000e+00
1.413e-20 0.000e+00 0.000e+00 0.000e+00 0.000e+00 0.000e+00
1.585e-20 0.000e+00 0.000e+00 0.000e+00 0.000e+00 0.000e+00
1.778e-20 0.000e+00 0.000e+00 0.000e+00 0.000e+00 0.000e+00
1.995e-20 0.000e+00 0.000e+00 0.000e+00 0.000e+00 0.000e+00
2.239e-20 0.000e+00 0.000e+00 0.000e+00 0.000e+00 0.000e+00
2.512e-20 0.000e+00 0.000e+00 0.000e+00 0.000e+00 0.000e+00
2.818e-20 0.000e+00 0.000e+00 0.000e+00 0.000e+00 0.000e+00
3.162e-20 0.000e+00 0.000e+00 0.000e+00 0.000e+00 0.000e+00
3.548e-20 0.000e+00 0.000e+00 0.000e+00 0.000e+00 0.000e+00
3.981e-20 0.000e+00 0.000e+00 0.000e+00 0.000e+00 0.000e+00
4.467e-20 0.000e+00 0.000e+00 0.000e+00 0.000e+00 0.000e+00
5.012e-20 0.000e+00 0.000e+00 0.000e+00 0.000e+00 0.000e+00
5.623e-20 0.000e+00 0.000e+00 0.000e+00 0.000e+00 0.000e+00
6.310e-20 0.000e+00 0.000e+00 0.000e+00 0.000e+00 0.000e+00
7.079e-20 0.000e+00 0.000e+00 0.000e+00 0.000e+00 0.000e+00
7.943e-20 0.000e+00 0.000e+00 0.000e+00 0.000e+00 0.000e+00
8.913e-20 0.000e+00 0.000e+00 0.000e+00 0.000e+00 0.000e+00
1.000e-19 0.000e+00 0.000e+00 0.000e+00 0.000e+00 0.000e+00
1.122e-19 0.000e+00 0.000e+00 0.000e+00 0.000e+00 0.000e+00
1.259e-19 0.000e+00 0.000e+00 0.000e+00 0.000e+00 0.000e+00
1.413e-19 0.000e+00 0.000e+00 0.000e+00 0.000e+00 0.000e+00
1.585e-19 0.000e+00 0.000e+00 0.000e+00 0.000e+00 0.000e+00
1.778e-19 0.000e+00 0.000e+00 0.000e+00 0.000e+00 0.000e+00
1.995e-19 0.000e+00 0.000e+00 0.000e+00 0.000e+00 0.000e+00
2.239e-19 0.000e+00 0.000e+00 0.000e+00 0.000e+00 0.000e+00
2.512e-19 0.000e+00 0.000e+00 0.000e+00 0.000e+00 0.000e+00
2.818e-19 0.000e+00 0.000e+00 0.000e+00 0.000e+00 0.000e+00
3.162e-19 0.000e+00 0.000e+00 0.000e+00 0.000e+00 0.000e+00
3.548e-19 0.000e+00 0.000e+00 0.000e+00 0.000e+00 0.000e+00
3.981e-19 0.000e+00 0.000e+00 0.000e+00 0.000e+00 0.000e+00
4.467e-19 0.000e+00 0.000e+00 0.000e+00 0.000e+00 0.000e+00
5.012e-19 0.000e+00 0.000e+00 0.000e+00 0.000e+00 0.000e+00
5.623e-19 0.000e+00 0.000e+00 0.000e+00 0.000e+00 0.000e+00
6.310e-19 0.000e+00 0.000e+00 0.000e+00 0.000e+00 0.000e+00
7.079e-19 0.000e+00 0.000e+00 0.000e+00 0.000e+00 0.000e+00
7.943e-19 0.000e+00 0.000e+00 0.000e+00 0.000e+00 0.000e+00
8.913e-19 0.000e+00 0.000e+00 0.000e+00 0.000e+00 0.000e+00
1.000e-18 0.000e+00 0.000e+00 0.000e+00 0.000e+00 0.000e+00
1.122e-18 0.000e+00 0.000e+00 0.000e+00 0.000e+00 0.000e+00
1.259e-18 0.000e+00 0.000e+00 0.000e+00 0.000e+00 0.000e+00
1.413e-18 0.000e+00 0.000e+00 0.000e+00 0.000e+00 0.000e+00
1.585e-18 0.000e+00 0.000e+00 0.000e+00 0.000e+00 0.000e+00
1.778e-18 0.000e+00 0.000e+00 0.000e+00 0.000e+00 0.000e+00
1.995e-18 0.000e+00 0.000e+00 0.000e+00 0.000e+00 0.000e+00
2.239e-18 0.000e+00 0.000e+00 0.000e+00 0.000e+00 0.000e+00
2.512e-18 0.000e+00 0.000e+00 0.000e+00 0.000e+00 0.000e+00
2.818e-18 0.000e+00 0.000e+00 0.000e+00 0.000e+00 0.000e+00
3.162e-18 0.000e+00 0.000e+00 0.000e+00 0.000e+00 0.000e+00
3.548e-18 0.000e+00 0.000e+00 0.000e+00 0.000e+00 0.000e+00
3.981e-18 0.000e+00 0.000e+00 0.000e+00 0.000e+00 0.000e+00
4.467e-18 0.000e+00 0.000e+00 0.000e+00 0.000e+00 0.000e+00
5.012e-18 0.000e+00 0.000e+00 0.000e+00 0.000e+00 0.000e+00
5.623e-18 0.000e+00 0.000e+00 0.000e+00 0.000e+00 0.000e+00
6.310e-18 0.000e+00 0.000e+00 0.000e+00 0.000e+00 0.000e+00
7.079e-18 0.000e+00 0.000e+00 0.000e+00 0.000e+00 0.000e+00
7.943e-18 0.000e+00 0.000e+00 0.000e+00 0.000e+00 0.000e+00
8.913e-18 0.000e+00 0.000e+00 0.000e+00 0.000e+00 0.000e+00
1.000e-17 0.000e+00 0.000e+00 0.000e+00 0.000e+00 0.000e+00
1.122e-17 0.000e+00 0.000e+00 0.000e+00 0.000e+00 0.000e+00
1.259e-17 0.000e+00 0.000e+00 0.000e+00 0.000e+00 0.000e+00
1.413e-17 0.000e+00 0.000e+00 0.000e+00 0.000e+00 0.000e+00
1.585e-17 0.000e+00 0.000e+00 0.000e+00 0.000e+00 0.000e+00
1.778e-17 0.000e+00 0.000e+00 0.000e+00 0.000e+00 0.000e+00
1.995e-17 0.000e+00 0.000e+00 0.000e+00 0.000e+00 0.000e+00
2.239e-17 0.000e+00 0.000e+00 0.000e+00 0.000e+00 0.000e+00
2.512e-17 0.000e+00 0.000e+00 0.000e+00 0.000e+00 0.000e+00
2.818e-17 0.000e+00 0.000e+00 0.000e+00 0.000e+00 0.000e+00
3.162e-17 0.000e+00 0.000e+00 0.000e+00 0.000e+00 0.000e+00
3.548e-17 0.000e+00 0.000e+00 0.000e+00 0.000e+00 0.000e+00
3.981e-17 0.000e+00 0.000e+00 0.000e+00 0.000e+00 0.000e+00
4.467e-17 0.000e+00 0.000e+00 0.000e+00 0.000e+00 0.000e+00
5.012e-17 0.000e+00 0.000e+00 0.000e+00 0.000e+00 0.000e+00
5.623e-17 0.000e+00 0.000e+00 0.000e+00 0.000e+00 0.000e+00
6.310e-17 0.000e+00 0.000e+00 0.000e+00 0.000e+00 0.000e+00
7.079e-17 0.000e+00 0.000e+00 0.000e+00 0.000e+00 0.000e+00
7.943e-17 0.000e+00 0.000e+00 0.000e+00 0.000e+00 0.000e+00
8.913e-17 0.000e+00 0.000e+00 0.000e+00 0.000e+00 0.000e+00
1.000e-16 0.000e+00 0.000e+00 0.000e+00 0.000e+00 0.000e+00
1.122e-16 0.000e+00 0.000e+00 0.000e+00 0.000e+00 0.000e+00
1.259e-16 0.000e+00 0.000e+00 0.000e+00 0.000e+00 0.000e+00
1.413e-16 0.000e+00 0.000e+00 0.000e+00 0.000e+00 0.000e+00
1.585e-16 0.000e+00 0.000e+00 0.000e+00 0.000e+00 0.000e+00
1.778e-16 0.000e+00 0.000e+00 0.000e+00 0.000e+00 0.000e+00
1.995e-16 0.000e+00 0.000e+00 0.000e+00 0.000e+00 0.000e+00
2.239e-16 0.000e+00 0.000e+00 0.000e+00 0.000e+00 0.000e+00
2.512e-16 0.000e+00 0.000e+00 0.000e+00 0.000e+00 0.000e+00
2.818e-16 0.000e+00 0.000e+00 0.000e+00 0.000e+00 0.000e+00
3.162e-16 0.000e+00 0.000e+00 0.000e+00 0.000e+00 0.000e+00
3.548e-16 0.000e+00 0.000e+00 0.000e+00 0.000e+00 0.000e+00
3.981e-16 0.000e+00 0.000e+00 0.000e+00 0.000e+00 0.000e+00
4.467e-16 0.000e+00 0.000e+00 0.000e+00 0.000e+00 0.000e+00
5.012e-16 0.000e+00 0.000e+00 0.000e+00 0.000e+00 0.000e+00
5.623e-16 0.000e+00 0.000e+00 0.000e+00 0.000e+00 0.000e+00
6.310e-16 0.000e+00 0.000e+00 0.000e+00 0.000e+00 0.000e+00
7.079e-16 0.000e+00 0.000e+00 0.000e+00 0.000e+00 0.000e+00
7.943e-16 0.000e+00 0.000e+00 0.000e+00 0.000e+00 0.000e+00
8.913e-16 0.000e+00 0.000e+00 0.000e+00 0.000e+00 0.000e+00
1.000e-15 0.000e+00 0.000e+00 0.000e+00 0.000e+00 0.000e+00
1.122e-15 2.819e+58 5.686e+28 1.661e-28 1.041e-18 1.308e-17
1.259e-15 2.188e+58 5.557e+28 1.623e-28 1.017e-18 1.278e-17
1.413e-15 1.699e+58 5.431e+28 1.586e-28 9.940e-19 1.249e-17
1.585e-15 1.319e+58 5.307e+28 1.550e-28 9.714e-19 1.221e-17
1.778e-15 1.024e+58 5.186e+28 1.515e-28 9.493e-19 1.193e-17
1.995e-15 7.946e+57 5.068e+28 1.480e-28 9.277e-19 1.166e-17
2.239e-15 6.168e+57 4.953e+28 1.446e-28 9.066e-19 1.139e-17
2.512e-15 4.788e+57 4.840e+28 1.413e-28 8.859e-19 1.113e-17
2.818e-15 3.716e+57 4.730e+28 1.381e-28 8.658e-19 1.088e-17
3.162e-15 2.885e+57 4.622e+28 1.350e-28 8.461e-19 1.063e-17
3.548e-15 2.239e+57 4.517e+28 1.319e-28 8.268e-19 1.039e-17
3.981e-15 1.738e+57 4.414e+28 1.289e-28 8.080e-19 1.015e-17
4.467e-15 1.349e+57 4.314e+28 1.260e-28 7.896e-19 9.922e-18
5.012e-15 1.008e+57 4.056e+28 1.184e-28 7.424e-19 9.329e-18
5.623e-15 6.507e+56 3.297e+28 9.628e-29 6.034e-19 7.583e-18
6.310e-15 4.201e+56 2.680e+28 7.826e-29 4.905e-19 6.164e-18
7.079e-15 2.712e+56 2.178e+28 6.361e-29 3.987e-19 5.010e-18
7.943e-15 1.751e+56 1.770e+28 5.170e-29 3.241e-19 4.072e-18
8.913e-15 1.131e+56 1.439e+28 4.203e-29 2.634e-19 3.310e-18
1.000e-14 7.301e+55 1.170e+28 3.416e-29 2.141e-19 2.691e-18
1.122e-14 4.714e+55 9.508e+27 2.777e-29 1.740e-19 2.187e-18
1.259e-14 3.043e+55 7.728e+27 2.257e-29 1.415e-19 1.778e-18
1.413e-14 1.965e+55 6.282e+27 1.834e-29 1.150e-19 1.445e-18
1.585e-14 1.269e+55 5.106e+27 1.491e-29 9.346e-20 1.174e-18
1.778e-14 8.192e+54 4.150e+27 1.212e-29 7.597e-20 9.546e-19
1.995e-14 5.289e+54 3.373e+27 9.852e-30 6.175e-20 7.760e-19
2.239e-14 3.415e+54 2.742e+27 8.008e-30 5.019e-20 6.307e-19
2.512e-14 2.205e+54 2.229e+27 6.509e-30 4.080e-20 5.127e-19
2.818e-14 1.424e+54 1.812e+27 5.291e-30 3.316e-20 4.167e-19
3.162e-14 9.191e+53 1.473e+27 4.300e-30 2.695e-20 3.387e-19
3.548e-14 5.759e+53 1.162e+27 3.393e-30 2.126e-20 2.672e-19
3.981e-14 3.705e+53 9.409e+26 2.748e-30 1.722e-20 2.164e-19
4.467e-14 2.383e+53 7.617e+26 2.224e-30 1.394e-20 1.752e-19
5.012e-14 1.531e+53 6.163e+26 1.800e-30 1.128e-20 1.418e-19
5.623e-14 9.839e+52 4.985e+26 1.456e-30 9.124e-21 1.147e-19
6.310e-14 6.316e+52 4.029e+26 1.177e-30 7.374e-21 9.267e-20
7.079e-14 4.052e+52 3.254e+26 9.503e-31 5.956e-21 7.485e-20
7.943e-14 2.598e+52 2.626e+26 7.670e-31 4.808e-21 6.041e-20
8.913e-14 1.664e+52 2.118e+26 6.185e-31 3.877e-21 4.872e-20
1.000e-13 1.065e+52 1.706e+26 4.983e-31 3.123e-21 3.925e-20
1.122e-13 6.809e+51 1.373e+26 4.011e-31 2.514e-21 3.159e-20
1.259e-13 4.348e+51 1.104e+26 3.224e-31 2.021e-21 2.540e-20
1.413e-13 2.773e+51 8.864e+25 2.589e-31 1.623e-21 2.039e-20
1.585e-13 1.766e+51 7.107e+25 2.075e-31 1.301e-21 1.635e-20
1.778e-13 1.123e+51 5.688e+25 1.661e-31 1.041e-21 1.308e-20
1.995e-13 7.125e+50 4.545e+25 1.327e-31 8.319e-22 1.045e-20
2.239e-13 4.513e+50 3.624e+25 1.058e-31 6.633e-22 8.335e-21
2.512e-13 2.851e+50 2.882e+25 8.418e-32 5.276e-22 6.630e-21
2.818e-13 1.797e+50 2.286e+25 6.677e-32 4.185e-22 5.259e-21
3.162e-13 1.128e+50 1.808e+25 5.280e-32 3.309e-22 4.159e-21
3.548e-13 7.061e+49 1.424e+25 4.159e-32 2.607e-22 3.276e-21
3.981e-13 4.397e+49 1.117e+25 3.261e-32 2.044e-22 2.568e-21
4.467e-13 2.722e+49 8.702e+24 2.541e-32 1.593e-22 2.002e-21
5.012e-13 1.673e+49 6.733e+24 1.966e-32 1.232e-22 1.549e-21
5.623e-13 1.018e+49 5.160e+24 1.507e-32 9.445e-23 1.187e-21
6.310e-13 6.118e+48 3.902e+24 1.140e-32 7.143e-23 8.976e-22
7.079e-13 3.665e+48 2.943e+24 8.594e-33 5.387e-23 6.769e-22
7.943e-13 2.119e+48 2.142e+24 6.255e-33 3.921e-23 4.927e-22
8.913e-13 1.223e+48 1.557e+24 4.547e-33 2.850e-23 3.581e-22
1.000e-12 7.053e+47 1.130e+24 3.300e-33 2.069e-23 2.599e-22
1.122e-12 4.060e+47 8.188e+23 2.391e-33 1.499e-23 1.883e-22
1.259e-12 2.332e+47 5.921e+23 1.729e-33 1.084e-23 1.362e-22
1.413e-12 1.336e+47 4.272e+23 1.248e-33 7.819e-24 9.826e-23
1.585e-12 7.637e+46 3.073e+23 8.975e-34 5.626e-24 7.069e-23
1.778e-12 4.349e+46 2.204e+23 6.436e-34 4.034e-24 5.069e-23
1.995e-12 2.467e+46 1.574e+23 4.595e-34 2.880e-24 3.619e-23
2.239e-12 1.392e+46 1.118e+23 3.264e-34 2.046e-24 2.571e-23
2.512e-12 7.804e+45 7.889e+22 2.304e-34 1.444e-24 1.815e-23
2.818e-12 4.338e+45 5.521e+22 1.612e-34 1.011e-24 1.270e-23
3.162e-12 2.385e+45 3.821e+22 1.116e-34 6.995e-25 8.790e-24
3.548e-12 1.292e+45 2.606e+22 7.611e-35 4.770e-25 5.994e-24
3.981e-12 6.856e+44 1.741e+22 5.084e-35 3.186e-25 4.004e-24
4.467e-12 3.530e+44 1.129e+22 3.296e-35 2.066e-25 2.596e-24
5.012e-12 1.735e+44 6.983e+21 2.039e-35 1.278e-25 1.606e-24
5.623e-12 7.873e+43 3.989e+21 1.165e-35 7.302e-26 9.175e-25
6.310e-12 3.029e+43 1.932e+21 5.642e-36 3.536e-26 4.443e-25
7.079e-12 6.757e+42 5.426e+20 1.585e-36 9.932e-27 1.248e-25
7.943e-12 0.000e+00 0.000e+00 0.000e+00 0.000e+00 0.000e+00
8.913e-12 1.663e-315 0.000e+00 0.000e+00 0.000e+00 0.000e+00
1.000e-11 3.334e+05 5.342e-17 1.560e-73 9.778e-64 1.229e-62
1.122e-11 3.204e+05 6.462e-17 1.887e-73 1.183e-63 1.486e-62
1.259e-11 3.088e+05 7.841e-17 2.290e-73 1.435e-63 1.803e-62
1.413e-11 2.984e+05 9.539e-17 2.786e-73 1.746e-63 2.194e-62
1.585e-11 2.891e+05 1.164e-16 3.398e-73 2.130e-63 2.677e-62
1.778e-11 2.809e+05 1.423e-16 4.156e-73 2.605e-63 3.273e-62
1.995e-11 2.735e+05 1.745e-16 5.095e-73 3.193e-63 4.013e-62
2.239e-11 2.669e+05 2.143e-16 6.260e-73 3.923e-63 4.930e-62
2.512e-11 2.611e+05 2.639e-16 7.707e-73 4.831e-63 6.070e-62
2.818e-11 2.558e+05 3.256e-16 9.508e-73 5.959e-63 7.489e-62
3.162e-11 2.511e+05 4.024e-16 1.175e-72 7.365e-63 9.255e-62
3.548e-11 2.470e+05 4.982e-16 1.455e-72 9.118e-63 1.146e-61
3.981e-11 2.433e+05 6.177e-16 1.804e-72 1.131e-62 1.421e-61
4.467e-11 2.399e+05 7.670e-16 2.240e-72 1.404e-62 1.764e-61
5.012e-11 2.370e+05 9.537e-16 2.785e-72 1.746e-62 2.194e-61
5.623e-11 2.343e+05 1.187e-15 3.467e-72 2.173e-62 2.731e-61
6.310e-11 2.320e+05 1.479e-15 4.321e-72 2.708e-62 3.403e-61
7.079e-11 2.298e+05 1.846e-15 5.390e-72 3.378e-62 4.245e-61
7.943e-11 2.280e+05 2.305e-15 6.730e-72 4.218e-62 5.301e-61
8.913e-11 2.123e+05 2.702e-15 7.890e-72 4.945e-62 6.214e-61
1.000e-10 2.123e+05 3.401e-15 9.933e-72 6.226e-62 7.823e-61
1.122e-10 2.123e+05 4.282e-15 1.250e-71 7.838e-62 9.849e-61
1.259e-10 2.123e+05 5.390e-15 1.574e-71 9.867e-62 1.240e-60
1.413e-10 2.123e+05 6.786e-15 1.982e-71 1.242e-61 1.561e-60
1.585e-10 2.123e+05 8.543e-15 2.495e-71 1.564e-61 1.965e-60
1.778e-10 2.123e+05 1.076e-14 3.141e-71 1.969e-61 2.474e-60
1.995e-10 2.123e+05 1.354e-14 3.954e-71 2.478e-61 3.115e-60
2.239e-10 2.123e+05 1.705e-14 4.978e-71 3.120e-61 3.921e-60
2.512e-10 2.123e+05 2.146e-14 6.267e-71 3.928e-61 4.936e-60
2.818e-10 2.123e+05 2.702e-14 7.890e-71 4.945e-61 6.214e-60
3.162e-10 2.123e+05 3.401e-14 9.933e-71 6.226e-61 7.823e-60
3.548e-10 2.123e+05 4.282e-14 1.250e-70 7.838e-61 9.849e-60
3.981e-10 2.123e+05 5.390e-14 1.574e-70 9.867e-61 1.240e-59
4.467e-10 2.123e+05 6.786e-14 1.982e-70 1.242e-60 1.561e-59
5.012e-10 2.123e+05 8.543e-14 2.495e-70 1.564e-60 1.965e-59
5.623e-10 2.123e+05 1.076e-13 3.141e-70 1.969e-60 2.474e-59
6.310e-10 2.123e+05 1.354e-13 3.954e-70 2.478e-60 3.115e-59
7.079e-10 2.123e+05 1.705e-13 4.978e-70 3.120e-60 3.921e-59
7.943e-10 2.123e+05 2.146e-13 6.267e-70 3.928e-60 4.936e-59
8.913e-10 2.123e+05 2.702e-13 7.890e-70 4.945e-60 6.214e-59
1.000e-09 2.123e+05 3.401e-13 9.933e-70 6.226e-60 7.823e-59
1.122e-09 2.123e+05 4.282e-13 1.250e-69 7.838e-60 9.849e-59
1.259e-09 2.123e+05 5.390e-13 1.574e-69 9.867e-60 1.240e-58
1.413e-09 2.123e+05 6.786e-13 1.982e-69 1.242e-59 1.561e-58
1.585e-09 2.123e+05 8.543e-13 2.495e-69 1.564e-59 1.965e-58
1.778e-09 2.123e+05 1.076e-12 3.141e-69 1.969e-59 2.474e-58
1.995e-09 2.123e+05 1.354e-12 3.954e-69 2.478e-59 3.115e-58
2.239e-09 2.123e+05 1.705e-12 4.978e-69 3.120e-59 3.921e-58
2.512e-09 2.123e+05 2.146e-12 6.267e-69 3.928e-59 4.936e-58
2.818e-09 2.123e+05 2.702e-12 7.890e-69 4.945e-59 6.214e-58
3.162e-09 2.123e+05 3.401e-12 9.933e-69 6.226e-59 7.823e-58
3.548e-09 2.123e+05 4.282e-12 1.250e-68 7.838e-59 9.849e-58
3.981e-09 2.123e+05 5.390e-12 1.574e-68 9.867e-59 1.240e-57
4.467e-09 2.123e+05 6.786e-12 1.982e-68 1.242e-58 1.561e-57
5.012e-09 2.123e+05 8.543e-12 2.495e-68 1.564e-58 1.965e-57
5.623e-09 2.123e+05 1.076e-11 3.141e-68 1.969e-58 2.474e-57
6.310e-09 2.123e+05 1.354e-11 3.954e-68 2.478e-58 3.115e-57
7.079e-09 2.123e+05 1.705e-11 4.978e-68 3.120e-58 3.921e-57
7.943e-09 2.123e+05 2.146e-11 6.267e-68 3.928e-58 4.936e-57
8.913e-09 2.123e+05 2.702e-11 7.890e-68 4.945e-58 6.214e-57
1.000e-08 2.123e+05 3.401e-11 9.933e-68 6.226e-58 7.823e-57
1.122e-08 2.123e+05 4.282e-11 1.250e-67 7.838e-58 9.849e-57
1.259e-08 2.123e+05 5.390e-11 1.574e-67 9.867e-58 1.240e-56
1.413e-08 2.123e+05 6.786e-11 1.982e-67 1.242e-57 1.561e-56
1.585e-08 2.123e+05 8.543e-11 2.495e-67 1.564e-57 1.965e-56
1.778e-08 2.123e+05 1.076e-10 3.141e-67 1.969e-57 2.474e-56
1.995e-08 2.123e+05 1.354e-10 3.954e-67 2.478e-57 3.115e-56
2.239e-08 2.123e+05 1.705e-10 4.978e-67 3.120e-57 3.921e-56
2.512e-08 2.123e+05 2.146e-10 6.267e-67 3.928e-57 4.936e-56
2.818e-08 2.123e+05 2.702e-10 7.890e-67 4.945e-57 6.214e-56
3.162e-08 2.123e+05 3.401e-10 9.933e-67 6.226e-57 7.823e-56
3.548e-08 2.123e+05 4.282e-10 1.250e-66 7.838e-57 9.849e-56
3.981e-08 2.123e+05 5.390e-10 1.574e-66 9.867e-57 1.240e-55
4.467e-08 2.123e+05 6.786e-10 1.982e-66 1.242e-56 1.561e-55
5.012e-08 2.123e+05 8.543e-10 2.495e-66 1.564e-56 1.965e-55
5.623e-08 2.123e+05 1.076e-09 3.141e-66 1.969e-56 2.474e-55
6.310e-08 2.123e+05 1.354e-09 3.954e-66 2.478e-56 3.115e-55
7.079e-08 2.123e+05 1.705e-09 4.978e-66 3.120e-56 3.921e-55
7.943e-08 2.123e+05 2.146e-09 6.267e-66 3.928e-56 4.936e-55
8.913e-08 2.123e+05 2.702e-09 7.890e-66 4.945e-56 6.214e-55
1.000e-07 2.123e+05 3.401e-09 9.933e-66 6.226e-56 7.823e-55
1.122e-07 2.123e+05 4.282e-09 1.250e-65 7.838e-56 9.849e-55
1.259e-07 2.123e+05 5.390e-09 1.574e-65 9.867e-56 1.240e-54
1.413e-07 2.123e+05 6.786e-09 1.982e-65 1.242e-55 1.561e-54
1.585e-07 2.123e+05 8.543e-09 2.495e-65 1.564e-55 1.965e-54
1.778e-07 2.123e+05 1.076e-08 3.141e-65 1.969e-55 2.474e-54
1.995e-07 2.123e+05 1.354e-08 3.954e-65 2.478e-55 3.115e-54
2.239e-07 2.123e+05 1.705e-08 4.978e-65 3.120e-55 3.921e-54
2.512e-07 2.123e+05 2.146e-08 6.267e-65 3.928e-55 4.936e-54
2.818e-07 2.123e+05 2.702e-08 7.890e-65 4.945e-55 6.214e-54
3.162e-07 2.123e+05 3.401e-08 9.933e-65 6.226e-55 7.823e-54
3.548e-07 2.123e+05 4.282e-08 1.250e-64 7.838e-55 9.849e-54
3.981e-07 2.123e+05 5.390e-08 1.574e-64 9.867e-55 1.240e-53
4.467e-07 2.123e+05 6.786e-08 1.982e-64 1.242e-54 1.561e-53
5.012e-07 2.123e+05 8.543e-08 2.495e-64 1.564e-54 1.965e-53
5.623e-07 2.123e+05 1.076e-07 3.141e-64 1.969e-54 2.474e-53
6.310e-07 2.123e+05 1.354e-07 3.954e-64 2.478e-54 3.115e-53
7.079e-07 2.123e+05 1.705e-07 4.978e-64 3.120e-54 3.921e-53
7.943e-07 2.123e+05 2.146e-07 6.267e-64 3.928e-54 4.936e-53
8.913e-07 2.123e+05 2.702e-07 7.890e-64 4.945e-54 6.214e-53
1.000e-06 2.123e+05 3.401e-07 9.933e-64 6.226e-54 7.823e-53
1.122e-06 2.123e+05 4.282e-07 1.250e-63 7.838e-54 9.849e-53
1.259e-06 2.123e+05 5.390e-07 1.574e-63 9.867e-54 1.240e-52
1.413e-06 2.123e+05 6.786e-07 1.982e-63 1.242e-53 1.561e-52
1.585e-06 2.123e+05 8.543e-07 2.495e-63 1.564e-53 1.965e-52
1.778e-06 2.123e+05 1.076e-06 3.141e-63 1.969e-53 2.474e-52
1.995e-06 2.123e+05 1.354e-06 3.954e-63 2.478e-53 3.115e-52
2.239e-06 2.123e+05 1.705e-06 4.978e-63 3.120e-53 3.921e-52
2.512e-06 2.123e+05 2.146e-06 6.267e-63 3.928e-53 4.936e-52
2.818e-06 2.123e+05 2.702e-06 7.890e-63 4.945e-53 6.214e-52
3.162e-06 2.123e+05 3.401e-06 9.933e-63 6.226e-53 7.823e-52
3.548e-06 2.123e+05 4.282e-06 1.250e-62 7.838e-53 9.849e-52
3.981e-06 2.123e+05 5.390e-06 1.574e-62 9.867e-53 1.240e-51
4.467e-06 2.123e+05 6.786e-06 1.982e-62 1.242e-52 1.561e-51
5.012e-06 2.123e+05 8.543e-06 2.495e-62 1.564e-52 1.965e-51
5.623e-06 2.123e+05 1.076e-05 3.141e-62 1.969e-52 2.474e-51
6.310e-06 2.123e+05 1.354e-05 3.954e-62 2.478e-52 3.115e-51
7.079e-06 2.123e+05 1.705e-05 4.978e-62 3.120e-52 3.921e-51
7.943e-06 2.123e+05 2.146e-05 6.267e-62 3.928e-52 4.936e-51
8.913e-06 2.123e+05 2.702e-05 7.890e-62 4.945e-52 6.214e-51
1.000e-05 2.123e+05 3.401e-05 9.933e-62 6.226e-52 7.823e-51
1.122e-05 2.123e+05 4.282e-05 1.250e-61 7.838e-52 9.849e-51
1.259e-05 2.123e+05 5.390e-05 1.574e-61 9.867e-52 1.240e-50
1.413e-05 2.123e+05 6.786e-05 1.982e-61 1.242e-51 1.561e-50
1.585e-05 2.123e+05 8.543e-05 2.495e-61 1.564e-51 1.965e-50
1.778e-05 2.123e+05 1.076e-04 3.141e-61 1.969e-51 2.474e-50
1.995e-05 2.123e+05 1.354e-04 3.954e-61 2.478e-51 3.115e-50
2.239e-05 2.123e+05 1.705e-04 4.978e-61 3.120e-51 3.921e-50
2.512e-05 2.123e+05 2.146e-04 6.267e-61 3.928e-51 4.936e-50
2.818e-05 2.123e+05 2.702e-04 7.890e-61 4.945e-51 6.214e-50
3.162e-05 2.123e+05 3.401e-04 9.933e-61 6.226e-51 7.823e-50
3.548e-05 2.278e+05 4.595e-04 1.342e-60 8.410e-51 1.057e-49
3.981e-05 2.297e+05 5.833e-04 1.703e-60 1.068e-50 1.342e-49
4.467e-05 2.319e+05 7.412e-04 2.165e-60 1.357e-50 1.705e-49
5.012e-05 2.343e+05 9.430e-04 2.754e-60 1.726e-50 2.169e-49
5.623e-05 2.371e+05 1.201e-03 3.508e-60 2.199e-50 2.763e-49
6.310e-05 2.402e+05 1.532e-03 4.475e-60 2.805e-50 3.524e-49
7.079e-05 2.438e+05 1.958e-03 5.717e-60 3.583e-50 4.503e-49
7.943e-05 2.479e+05 2.506e-03 7.317e-60 4.586e-50 5.763e-49
8.913e-05 2.525e+05 3.214e-03 9.385e-60 5.882e-50 7.392e-49
1.000e-04 2.579e+05 4.132e-03 1.207e-59 7.563e-50 9.503e-49
1.122e-04 2.640e+05 5.326e-03 1.555e-59 9.749e-50 1.225e-48
1.259e-04 2.712e+05 6.887e-03 2.011e-59 1.261e-49 1.584e-48
1.413e-04 2.796e+05 8.938e-03 2.610e-59 1.636e-49 2.056e-48
1.585e-04 2.894e+05 1.165e-02 3.402e-59 2.132e-49 2.679e-48
1.778e-04 3.011e+05 1.526e-02 4.456e-59 2.793e-49 3.510e-48
1.995e-04 3.152e+05 2.011e-02 5.872e-59 3.680e-49 4.625e-48
2.239e-04 3.324e+05 2.669e-02 7.795e-59 4.886e-49 6.140e-48
2.512e-04 3.537e+05 3.576e-02 1.044e-58 6.545e-49 8.225e-48
2.818e-04 3.807e+05 4.846e-02 1.415e-58 8.869e-49 1.115e-47
3.162e-04 4.160e+05 6.665e-02 1.946e-58 1.220e-48 1.533e-47
3.548e-04 4.635e+05 9.348e-02 2.730e-58 1.711e-48 2.150e-47
3.981e-04 5.309e+05 1.348e-01 3.937e-58 2.468e-48 3.101e-47
4.467e-04 6.335e+05 2.025e-01 5.914e-58 3.707e-48 4.658e-47
5.012e-04 8.071e+05 3.248e-01 9.486e-58 5.945e-48 7.471e-47
5.623e-04 1.162e+06 5.886e-01 1.719e-57 1.077e-47 1.354e-46
6.310e-04 2.279e+06 1.454e+00 4.245e-57 2.661e-47 3.343e-46
7.079e-04 -2.999e-03 -2.408e-09 -7.032e-66 -4.407e-56 -5.538e-55
7.943e-04 -2.672e-03 -2.702e-09 -7.890e-66 -4.945e-56 -6.214e-55
8.913e-04 -2.382e-03 -3.031e-09 -8.853e-66 -5.549e-56 -6.973e-55
1.000e-03 -2.123e-03 -3.401e-09 -9.933e-66 -6.226e-56 -7.823e-55
1.122e-03 -1.892e-03 -3.816e-09 -1.114e-65 -6.985e-56 -8.778e-55
1.259e-03 -1.686e-03 -4.282e-09 -1.250e-65 -7.838e-56 -9.849e-55
1.413e-03 -1.503e-03 -4.804e-09 -1.403e-65 -8.794e-56 -1.105e-54
1.585e-03 -1.339e-03 -5.390e-09 -1.574e-65 -9.867e-56 -1.240e-54
1.778e-03 -1.194e-03 -6.048e-09 -1.766e-65 -1.107e-55 -1.391e-54
1.995e-03 -1.064e-03 -6.786e-09 -1.982e-65 -1.242e-55 -1.561e-54
2.239e-03 -9.482e-04 -7.614e-09 -2.224e-65 -1.394e-55 -1.751e-54
2.512e-03 -8.451e-04 -8.543e-09 -2.495e-65 -1.564e-55 -1.965e-54
2.818e-03 -7.532e-04 -9.586e-09 -2.799e-65 -1.755e-55 -2.205e-54
3.162e-03 -6.713e-04 -1.076e-08 -3.141e-65 -1.969e-55 -2.474e-54
3.548e-03 -5.983e-04 -1.207e-08 -3.524e-65 -2.209e-55 -2.776e-54
3.981e-03 -5.332e-04 -1.354e-08 -3.954e-65 -2.478e-55 -3.115e-54
4.467e-03 -4.752e-04 -1.519e-08 -4.437e-65 -2.781e-55 -3.495e-54
5.012e-03 -4.236e-04 -1.705e-08 -4.978e-65 -3.120e-55 -3.921e-54
5.623e-03 -3.775e-04 -1.913e-08 -5.586e-65 -3.501e-55 -4.399e-54
6.310e-03 -3.364e-04 -2.146e-08 -6.267e-65 -3.928e-55 -4.936e-54
7.079e-03 -2.999e-04 -2.408e-08 -7.032e-65 -4.407e-55 -5.538e-54
7.943e-03 0.000e+00 0.000e+00 0.000e+00 0.000e+00 0.000e+00
8.913e-03 0.000e+00 0.000e+00 0.000e+00 0.000e+00 0.000e+00
1.000e-02 6.368e-04 1.020e-07 2.980e-64 1.868e-54 2.347e-53
1.122e-02 5.676e-04 1.145e-07 3.343e-64 2.096e-54 2.633e-53
1.259e-02 5.059e-04 1.285e-07 3.751e-64 2.351e-54 2.955e-53
1.413e-02 4.509e-04 1.441e-07 4.209e-64 2.638e-54 3.315e-53
1.585e-02 4.018e-04 1.617e-07 4.723e-64 2.960e-54 3.720e-53
1.778e-02 3.581e-04 1.814e-07 5.299e-64 3.321e-54 4.174e-53
1.995e-02 3.192e-04 2.036e-07 5.945e-64 3.726e-54 4.683e-53
2.239e-02 2.845e-04 2.284e-07 6.671e-64 4.181e-54 5.254e-53
2.512e-02 2.535e-04 2.563e-07 7.485e-64 4.691e-54 5.895e-53
2.818e-02 2.260e-04 2.876e-07 8.398e-64 5.264e-54 6.615e-53
3.162e-02 2.014e-04 3.227e-07 9.423e-64 5.906e-54 7.422e-53
3.548e-02 1.795e-04 3.620e-07 1.057e-63 6.627e-54 8.327e-53
3.981e-02 1.600e-04 4.062e-07 1.186e-63 7.435e-54 9.344e-53
4.467e-02 1.426e-04 4.558e-07 1.331e-63 8.343e-54 1.048e-52
5.012e-02 1.271e-04 5.114e-07 1.493e-63 9.361e-54 1.176e-52
5.623e-02 1.132e-04 5.738e-07 1.676e-63 1.050e-53 1.320e-52
6.310e-02 1.009e-04 6.438e-07 1.880e-63 1.178e-53 1.481e-52
7.079e-02 8.996e-05 7.223e-07 2.110e-63 1.322e-53 1.662e-52
7.943e-02 8.017e-05 8.105e-07 2.367e-63 1.484e-53 1.864e-52
8.913e-02 9.527e-05 1.213e-06 3.541e-63 2.219e-53 2.789e-52
1.000e-01 8.491e-05 1.360e-06 3.973e-63 2.490e-53 3.129e-52
1.122e-01 7.568e-05 1.526e-06 4.458e-63 2.794e-53 3.511e-52
1.259e-01 6.745e-05 1.713e-06 5.002e-63 3.135e-53 3.940e-52
1.413e-01 6.011e-05 1.922e-06 5.612e-63 3.518e-53 4.420e-52
1.585e-01 5.358e-05 2.156e-06 6.297e-63 3.947e-53 4.960e-52
1.778e-01 4.775e-05 2.419e-06 7.065e-63 4.428e-53 5.565e-52
1.995e-01 4.256e-05 2.714e-06 7.927e-63 4.969e-53 6.244e-52
2.239e-01 3.793e-05 3.046e-06 8.895e-63 5.575e-53 7.006e-52
2.512e-01 3.380e-05 3.417e-06 9.980e-63 6.255e-53 7.860e-52
2.818e-01 3.013e-05 3.834e-06 1.120e-62 7.018e-53 8.820e-52
3.162e-01 2.685e-05 4.302e-06 1.256e-62 7.875e-53 9.896e-52
3.548e-01 2.393e-05 4.827e-06 1.410e-62 8.836e-53 1.110e-51
3.981e-01 2.133e-05 5.416e-06 1.582e-62 9.914e-53 1.246e-51
4.467e-01 1.901e-05 6.077e-06 1.775e-62 1.112e-52 1.398e-51
5.012e-01 1.694e-05 6.818e-06 1.991e-62 1.248e-52 1.568e-51
5.623e-01 1.510e-05 7.650e-06 2.234e-62 1.400e-52 1.760e-51
6.310e-01 1.346e-05 8.584e-06 2.507e-62 1.571e-52 1.974e-51
7.079e-01 1.199e-05 9.631e-06 2.813e-62 1.763e-52 2.215e-51
7.943e-01 1.069e-05 1.081e-05 3.156e-62 1.978e-52 2.486e-51
8.913e-01 9.527e-06 1.213e-05 3.541e-62 2.219e-52 2.789e-51
1.000e+00 8.491e-06 1.360e-05 3.973e-62 2.490e-52 3.129e-51
1.122e+00 7.568e-06 1.526e-05 4.458e-62 2.794e-52 3.511e-51
1.259e+00 6.745e-06 1.713e-05 5.002e-62 3.135e-52 3.940e-51
1.413e+00 6.011e-06 1.922e-05 5.612e-62 3.518e-52 4.420e-51
1.585e+00 5.358e-06 2.156e-05 6.297e-62 3.947e-52 4.960e-51
1.778e+00 4.775e-06 2.419e-05 7.065e-62 4.428e-52 5.565e-51
1.995e+00 4.256e-06 2.714e-05 7.927e-62 4.969e-52 6.244e-51
2.239e+00 3.793e-06 3.046e-05 8.895e-62 5.575e-52 7.006e-51
2.512e+00 3.380e-06 3.417e-05 9.980e-62 6.255e-52 7.860e-51
2.818e+00 3.013e-06 3.834e-05 1.120e-61 7.018e-52 8.820e-51
3.162e+00 2.685e-06 4.302e-05 1.256e-61 7.875e-52 9.896e-51
3.548e+00 2.393e-06 4.827e-05 1.410e-61 8.836e-52 1.110e-50
3.981e+00 2.133e-06 5.416e-05 1.582e-61 9.914e-52 1.246e-50
4.467e+00 1.901e-06 6.077e-05 1.775e-61 1.112e-51 1.398e-50
5.012e+00 1.694e-06 6.818e-05 1.991e-61 1.248e-51 1.568e-50
5.623e+00 1.510e-06 7.650e-05 2.234e-61 1.400e-51 1.760e-50
6.310e+00 1.346e-06 8.584e-05 2.507e-61 1.571e-51 1.974e-50
7.079e+00 1.199e-06 9.631e-05 2.813e-61 1.763e-51 2.215e-50
7.943e+00 1.069e-06 1.081e-04 3.156e-61 1.978e-51 2.486e-50
8.913e+00 9.527e-07 1.213e-04 3.541e-61 2.219e-51 2.789e-50
1.000e+01 8.491e-07 1.360e-04 3.973e-61 2.490e-51 3.129e-50
1.122e+01 7.568e-07 1.526e-04 4.458e-61 2.794e-51 3.511e-50
1.259e+01 6.745e-07 1.713e-04 5.002e-61 3.135e-51 3.940e-50
1.413e+01 6.011e-07 1.922e-04 5.612e-61 3.518e-51 4.420e-50
1.585e+01 5.358e-07 2.156e-04 6.297e-61 3.947e-51 4.960e-50
1.778e+01 4.775e-07 2.419e-04 7.065e-61 4.428e-51 5.565e-50
1.995e+01 4.256e-07 2.714e-04 7.927e-61 4.969e-51 6.244e-50
2.239e+01 3.793e-07 3.046e-04 8.895e-61 5.575e-51 7.006e-50
2.512e+01 3.380e-07 3.417e-04 9.980e-61 6.255e-51 7.860e-50
2.818e+01 3.013e-07 3.834e-04 1.120e-60 7.018e-51 8.820e-50
3.162e+01 2.685e-07 4.302e-04 1.256e-60 7.875e-51 9.896e-50
3.548e+01 2.393e-07 4.827e-04 1.410e-60 8.836e-51 1.110e-49
3.981e+01 2.133e-07 5.416e-04 1.582e-60 9.914e-51 1.246e-49
4.467e+01 1.901e-07 6.077e-04 1.775e-60 1.112e-50 1.398e-49
5.012e+01 1.694e-07 6.818e-04 1.991e-60 1.248e-50 1.568e-49
5.623e+01 1.510e-07 7.650e-04 2.234e-60 1.400e-50 1.760e-49
6.310e+01 1.346e-07 8.584e-04 2.507e-60 1.571e-50 1.974e-49
7.079e+01 1.199e-07 9.631e-04 2.813e-60 1.763e-50 2.215e-49
7.943e+01 1.069e-07 1.081e-03 3.156e-60 1.978e-50 2.486e-49
8.913e+01 9.527e-08 1.212e-03 3.541e-60 2.219e-50 2.789e-49
1.000e+02 8.491e-08 1.360e-03 3.973e-60 2.490e-50 3.129e-49
1.122e+02 7.568e-08 1.526e-03 4.458e-60 2.794e-50 3.511e-49
1.259e+02 6.745e-08 1.713e-03 5.002e-60 3.135e-50 3.940e-49
1.413e+02 6.011e-08 1.922e-03 5.612e-60 3.517e-50 4.420e-49
1.585e+02 5.358e-08 2.156e-03 6.297e-60 3.947e-50 4.960e-49
1.778e+02 4.775e-08 2.419e-03 7.065e-60 4.428e-50 5.565e-49
1.995e+02 4.256e-08 2.714e-03 7.927e-60 4.969e-50 6.244e-49
2.239e+02 3.793e-08 3.046e-03 8.894e-60 5.575e-50 7.005e-49
2.512e+02 3.380e-08 3.417e-03 9.980e-60 6.255e-50 7.860e-49
2.818e+02 3.013e-08 3.834e-03 1.120e-59 7.018e-50 8.819e-49
3.162e+02 2.685e-08 4.302e-03 1.256e-59 7.874e-50 9.895e-49
3.548e+02 2.393e-08 4.827e-03 1.410e-59 8.835e-50 1.110e-48
3.981e+02 2.133e-08 5.416e-03 1.582e-59 9.913e-50 1.246e-48
4.467e+02 1.901e-08 6.077e-03 1.775e-59 1.112e-49 1.398e-48
5.012e+02 1.694e-08 6.818e-03 1.991e-59 1.248e-49 1.568e-48
5.623e+02 1.510e-08 7.650e-03 2.234e-59 1.400e-49 1.760e-48
6.310e+02 1.346e-08 8.583e-03 2.507e-59 1.571e-49 1.974e-48
7.079e+02 1.199e-08 9.631e-03 2.812e-59 1.763e-49 2.215e-48
7.943e+02 1.069e-08 1.081e-02 3.156e-59 1.978e-49 2.485e-48
8.913e+02 9.526e-09 1.212e-02 3.541e-59 2.219e-49 2.789e-48
1.000e+03 8.490e-09 1.360e-02 3.973e-59 2.490e-49 3.129e-48
1.122e+03 7.567e-09 1.526e-02 4.457e-59 2.794e-49 3.511e-48
1.259e+03 6.744e-09 1.712e-02 5.001e-59 3.135e-49 3.939e-48
1.413e+03 6.010e-09 1.921e-02 5.611e-59 3.517e-49 4.420e-48
1.585e+03 5.357e-09 2.156e-02 6.296e-59 3.946e-49 4.959e-48
1.778e+03 4.774e-09 2.419e-02 7.064e-59 4.427e-49 5.564e-48
1.995e+03 4.255e-09 2.714e-02 7.926e-59 4.968e-49 6.242e-48
2.239e+03 3.792e-09 3.045e-02 8.893e-59 5.574e-49 7.004e-48
2.512e+03 3.380e-09 3.416e-02 9.977e-59 6.254e-49 7.858e-48
2.818e+03 3.012e-09 3.833e-02 1.119e-58 7.016e-49 8.817e-48
3.162e+03 2.684e-09 4.301e-02 1.256e-58 7.872e-49 9.893e-48
3.548e+03 2.392e-09 4.825e-02 1.409e-58 8.833e-49 1.110e-47
3.981e+03 2.132e-09 5.414e-02 1.581e-58 9.910e-49 1.245e-47
4.467e+03 1.900e-09 6.074e-02 1.774e-58 1.112e-48 1.397e-47
5.012e+03 1.693e-09 6.815e-02 1.990e-58 1.247e-48 1.568e-47
5.623e+03 1.509e-09 7.646e-02 2.233e-58 1.400e-48 1.759e-47
6.310e+03 1.345e-09 8.579e-02 2.505e-58 1.570e-48 1.973e-47
7.079e+03 1.199e-09 9.625e-02 2.811e-58 1.762e-48 2.214e-47
7.943e+03 1.068e-09 1.080e-01 3.154e-58 1.977e-48 2.484e-47
8.913e+03 9.520e-10 1.212e-01 3.538e-58 2.218e-48 2.787e-47
1.000e+04 8.484e-10 1.359e-01 3.969e-58 2.488e-48 3.126e-47
1.122e+04 7.560e-10 1.525e-01 4.453e-58 2.791e-48 3.508e-47
1.259e+04 6.737e-10 1.711e-01 4.996e-58 3.132e-48 3.935e-47
1.413e+04 6.004e-10 1.919e-01 5.605e-58 3.513e-48 4.415e-47
1.585e+04 5.350e-10 2.153e-01 6.288e-58 3.941e-48 4.953e-47
1.778e+04 4.768e-10 2.416e-01 7.055e-58 4.422e-48 5.556e-47
1.995e+04 4.249e-10 2.710e-01 7.914e-58 4.960e-48 6.233e-47
2.239e+04 3.786e-10 3.040e-01 8.878e-58 5.565e-48 6.993e-47
2.512e+04 3.373e-10 3.410e-01 9.959e-58 6.242e-48 7.844e-47
2.818e+04 3.006e-10 3.826e-01 1.117e-57 7.002e-48 8.799e-47
3.162e+04 2.678e-10 4.291e-01 1.253e-57 7.855e-48 9.871e-47
3.548e+04 1.790e-10 3.610e-01 1.054e-57 6.608e-48 8.304e-47
3.981e+04 1.595e-10 4.049e-01 1.183e-57 7.412e-48 9.315e-47
4.467e+04 1.421e-10 4.542e-01 1.326e-57 8.314e-48 1.045e-46
5.012e+04 1.266e-10 5.094e-01 1.488e-57 9.325e-48 1.172e-46
5.623e+04 1.128e-10 5.714e-01 1.669e-57 1.046e-47 1.314e-46
6.310e+04 1.005e-10 6.408e-01 1.871e-57 1.173e-47 1.474e-46
7.079e+04 8.950e-11 7.186e-01 2.099e-57 1.315e-47 1.653e-46
7.943e+04 7.972e-11 8.059e-01 2.354e-57 1.475e-47 1.854e-46
8.913e+04 7.101e-11 9.037e-01 2.639e-57 1.654e-47 2.079e-46
1.000e+05 6.324e-11 1.013e+00 2.959e-57 1.855e-47 2.331e-46
1.122e+05 5.633e-11 1.136e+00 3.318e-57 2.080e-47 2.613e-46
1.259e+05 5.016e-11 1.274e+00 3.720e-57 2.331e-47 2.930e-46
1.413e+05 4.467e-11 1.428e+00 4.170e-57 2.614e-47 3.284e-46
1.585e+05 3.977e-11 1.601e+00 4.674e-57 2.930e-47 3.682e-46
1.778e+05 3.541e-11 1.794e+00 5.239e-57 3.284e-47 4.126e-46
1.995e+05 3.152e-11 2.010e+00 5.871e-57 3.680e-47 4.624e-46
2.239e+05 2.806e-11 2.253e+00 6.579e-57 4.124e-47 5.182e-46
2.512e+05 2.497e-11 2.524e+00 7.371e-57 4.620e-47 5.806e-46
2.818e+05 2.222e-11 2.828e+00 8.258e-57 5.176e-47 6.504e-46
3.162e+05 1.977e-11 3.167e+00 9.249e-57 5.797e-47 7.285e-46
3.548e+05 1.172e-11 2.365e+00 6.906e-57 4.328e-47 5.439e-46
3.981e+05 1.043e-11 2.648e+00 7.732e-57 4.846e-47 6.090e-46
4.467e+05 9.271e-12 2.964e+00 8.656e-57 5.425e-47 6.817e-46
5.012e+05 8.242e-12 3.317e+00 9.687e-57 6.072e-47 7.630e-46
5.623e+05 7.326e-12 3.712e+00 1.084e-56 6.794e-47 8.537e-46
6.310e+05 6.509e-12 4.152e+00 1.213e-56 7.600e-47 9.550e-46
7.079e+05 0.000e+00 0.000e+00 0.000e+00 0.000e+00 0.000e+00
7.943e+05 0.000e+00 0.000e+00 0.000e+00 0.000e+00 0.000e+00
8.913e+05 0.000e+00 0.000e+00 0.000e+00 0.000e+00 0.000e+00
1.000e+06 0.000e+00 0.000e+00 0.000e+00 0.000e+00 0.000e+00
1.122e+06 0.000e+00 0.000e+00 0.000e+00 0.000e+00 0.000e+00
1.259e+06 0.000e+00 0.000e+00 0.000e+00 0.000e+00 0.000e+00
1.413e+06 0.000e+00 0.000e+00 0.000e+00 0.000e+00 0.000e+00
1.585e+06 0.000e+00 0.000e+00 0.000e+00 0.000e+00 0.000e+00
1.778e+06 0.000e+00 0.000e+00 0.000e+00 0.000e+00 0.000e+00
1.995e+06 0.000e+00 0.000e+00 0.000e+00 0.000e+00 0.000e+00
2.239e+06 0.000e+00 0.000e+00 0.000e+00 0.000e+00 0.000e+00
2.512e+06 0.000e+00 0.000e+00 0.000e+00 0.000e+00 0.000e+00
2.818e+06 0.000e+00 0.000e+00 0.000e+00 0.000e+00 0.000e+00
3.162e+06 0.000e+00 0.000e+00 0.000e+00 0.000e+00 0.000e+00
3.548e+06 0.000e+00 0.000e+00 0.000e+00 0.000e+00 0.000e+00
3.981e+06 0.000e+00 0.000e+00 0.000e+00 0.000e+00 0.000e+00
4.467e+06 0.000e+00 0.000e+00 0.000e+00 0.000e+00 0.000e+00
5.012e+06 0.000e+00 0.000e+00 0.000e+00 0.000e+00 0.000e+00
5.623e+06 0.000e+00 0.000e+00 0.000e+00 0.000e+00 0.000e+00
6.310e+06 0.000e+00 0.000e+00 0.000e+00 0.000e+00 0.000e+00
7.079e+06 0.000e+00 0.000e+00 0.000e+00 0.000e+00 0.000e+00
7.943e+06 0.000e+00 0.000e+00 0.000e+00 0.000e+00 0.000e+00
8.913e+06 0.000e+00 0.000e+00 0.000e+00 0.000e+00 0.000e+00
1.000e+07 1.567e-33 2.510e-19 7.331e-76 4.595e-66 5.774e-65
1.122e+07 1.523e-33 3.072e-19 8.971e-76 5.623e-66 7.066e-65
1.259e+07 1.477e-33 3.749e-19 1.095e-75 6.863e-66 8.624e-65
1.413e+07 1.427e-33 4.563e-19 1.333e-75 8.353e-66 1.050e-64
1.585e+07 1.376e-33 5.536e-19 1.617e-75 1.013e-65 1.273e-64
1.778e+07 1.321e-33 6.693e-19 1.955e-75 1.225e-65 1.540e-64
1.995e+07 1.264e-33 8.060e-19 2.354e-75 1.475e-65 1.854e-64
2.239e+07 1.203e-33 9.662e-19 2.822e-75 1.769e-65 2.223e-64
2.512e+07 1.140e-33 1.153e-18 3.366e-75 2.110e-65 2.651e-64
2.818e+07 1.074e-33 1.367e-18 3.991e-75 2.502e-65 3.144e-64
3.162e+07 1.005e-33 1.610e-18 4.701e-75 2.947e-65 3.703e-64
3.548e+07 9.323e-34 1.880e-18 5.492e-75 3.442e-65 4.325e-64
3.981e+07 8.563e-34 2.174e-18 6.350e-75 3.980e-65 5.002e-64
4.467e+07 7.765e-34 2.482e-18 7.249e-75 4.544e-65 5.710e-64
5.012e+07 6.921e-34 2.785e-18 8.135e-75 5.099e-65 6.407e-64
5.623e+07 6.023e-34 3.052e-18 8.912e-75 5.586e-65 7.020e-64
6.310e+07 5.058e-34 3.226e-18 9.421e-75 5.905e-65 7.420e-64
7.079e+07 4.005e-34 3.216e-18 9.392e-75 5.887e-65 7.397e-64
7.943e+07 2.838e-34 2.869e-18 8.380e-75 5.252e-65 6.600e-64
8.913e+07 1.521e-34 1.935e-18 5.651e-75 3.542e-65 4.451e-64
1.000e+08 0.000e+00 0.000e+00 0.000e+00 0.000e+00 0.000e+00
