1.000e-20 2.917e+24 4.674e-16 1.365e-72 8.555e-63 1.075e-61
1.122e-20 2.667e+24 5.379e-16 1.571e-72 9.845e-63 1.237e-61
1.259e-20 2.435e+24 6.184e-16 1.806e-72 1.132e-62 1.422e-61
1.413e-20 2.222e+24 7.102e-16 2.074e-72 1.300e-62 1.634e-61
1.585e-20 2.024e+24 8.147e-16 2.379e-72 1.491e-62 1.874e-61
1.778e-20 1.842e+24 9.335e-16 2.726e-72 1.709e-62 2.147e-61
1.995e-20 1.675e+24 1.068e-15 3.119e-72 1.955e-62 2.457e-61
2.239e-20 1.520e+24 1.220e-15 3.564e-72 2.234e-62 2.807e-61
2.512e-20 1.377e+24 1.392e-15 4.066e-72 2.548e-62 3.202e-61
2.818e-20 1.246e+24 1.585e-15 4.630e-72 2.902e-62 3.647e-61
3.162e-20 1.125e+24 1.802e-15 5.263e-72 3.299e-62 4.145e-61
3.548e-20 1.014e+24 2.044e-15 5.970e-72 3.742e-62 4.702e-61
3.981e-20 9.113e+23 2.314e-15 6.758e-72 4.236e-62 5.323e-61
4.467e-20 8.174e+23 2.613e-15 7.631e-72 4.783e-62 6.011e-61
5.012e-20 7.313e+23 2.943e-15 8.595e-72 5.387e-62 6.770e-61
5.623e-20 6.525e+23 3.306e-15 9.654e-72 6.051e-62 7.604e-61
6.310e-20 5.803e+23 3.701e-15 1.081e-71 6.775e-62 8.514e-61
7.079e-20 5.144e+23 4.130e-15 1.206e-71 7.561e-62 9.501e-61
7.943e-20 4.543e+23 4.592e-15 1.341e-71 8.406e-62 1.056e-60
8.913e-20 3.996e+23 5.086e-15 1.485e-71 9.309e-62 1.170e-60
1.000e-19 3.500e+23 5.607e-15 1.637e-71 1.026e-61 1.290e-60
1.122e-19 3.050e+23 6.152e-15 1.797e-71 1.126e-61 1.415e-60
1.259e-19 2.644e+23 6.714e-15 1.961e-71 1.229e-61 1.544e-60
1.413e-19 2.279e+23 7.286e-15 2.128e-71 1.334e-61 1.676e-60
1.585e-19 1.952e+23 7.856e-15 2.294e-71 1.438e-61 1.807e-60
1.778e-19 1.660e+23 8.411e-15 2.456e-71 1.540e-61 1.935e-60
1.995e-19 1.401e+23 8.936e-15 2.610e-71 1.636e-61 2.056e-60
2.239e-19 1.172e+23 9.414e-15 2.749e-71 1.723e-61 2.165e-60
2.512e-19 9.719e+22 9.825e-15 2.869e-71 1.798e-61 2.260e-60
2.818e-19 7.974e+22 1.015e-14 2.964e-71 1.857e-61 2.334e-60
3.162e-19 6.468e+22 1.036e-14 3.026e-71 1.897e-61 2.384e-60
3.548e-19 5.180e+22 1.045e-14 3.051e-71 1.913e-61 2.403e-60
3.981e-19 4.091e+22 1.039e-14 3.034e-71 1.902e-61 2.390e-60
4.467e-19 3.182e+22 1.017e-14 2.970e-71 1.862e-61 2.340e-60
5.012e-19 2.432e+22 9.789e-15 2.859e-71 1.792e-61 2.252e-60
5.623e-19 1.824e+22 9.243e-15 2.699e-71 1.692e-61 2.126e-60
6.310e-19 1.340e+22 8.545e-15 2.496e-71 1.564e-61 1.966e-60
7.079e-19 9.610e+21 7.717e-15 2.254e-71 1.413e-61 1.775e-60
7.943e-19 6.716e+21 6.790e-15 1.983e-71 1.243e-61 1.562e-60
8.913e-19 4.560e+21 5.803e-15 1.695e-71 1.062e-61 1.335e-60
1.000e-18 2.998e+21 4.803e-15 1.403e-71 8.791e-62 1.105e-60
1.122e-18 1.902e+21 3.835e-15 1.120e-71 7.021e-62 8.822e-61
1.259e-18 1.159e+21 2.944e-15 8.598e-72 5.389e-62 6.772e-61
1.413e-18 6.767e+20 2.163e-15 6.318e-72 3.960e-62 4.976e-61
1.585e-18 3.766e+20 1.516e-15 4.427e-72 2.774e-62 3.487e-61
1.778e-18 1.993e+20 1.010e-15 2.948e-72 1.848e-62 2.322e-61
1.995e-18 1.002e+20 6.389e-16 1.866e-72 1.169e-62 1.470e-61
2.239e-18 4.818e+19 3.869e-16 1.130e-72 7.082e-63 8.899e-62
2.512e-18 2.272e+19 2.297e-16 6.707e-73 4.204e-63 5.283e-62
2.818e-18 1.113e+19 1.416e-16 4.136e-73 2.593e-63 3.258e-62
3.162e-18 6.216e+18 9.959e-17 2.909e-73 1.823e-63 2.291e-62
3.548e-18 4.234e+18 8.540e-17 2.494e-73 1.563e-63 1.964e-62
3.981e-18 3.416e+18 8.675e-17 2.533e-73 1.588e-63 1.995e-62
4.467e-18 3.017e+18 9.644e-17 2.816e-73 1.765e-63 2.218e-62
5.012e-18 2.757e+18 1.109e-16 3.240e-73 2.031e-63 2.552e-62
5.623e-18 2.545e+18 1.290e-16 3.766e-73 2.360e-63 2.966e-62
6.310e-18 2.356e+18 1.503e-16 4.388e-73 2.750e-63 3.456e-62
7.079e-18 2.182e+18 1.752e-16 5.116e-73 3.206e-63 4.029e-62
7.943e-18 2.020e+18 2.042e-16 5.965e-73 3.738e-63 4.698e-62
8.913e-18 1.871e+18 2.381e-16 6.954e-73 4.359e-63 5.477e-62
1.000e-17 1.733e+18 2.776e-16 8.108e-73 5.082e-63 6.386e-62
1.122e-17 1.605e+18 3.237e-16 9.453e-73 5.925e-63 7.445e-62
1.259e-17 1.486e+18 3.774e-16 1.102e-72 6.908e-63 8.681e-62
1.413e-17 1.376e+18 4.400e-16 1.285e-72 8.054e-63 1.012e-61
1.585e-17 1.275e+18 5.130e-16 1.498e-72 9.390e-63 1.180e-61
1.778e-17 1.180e+18 5.981e-16 1.747e-72 1.095e-62 1.376e-61
1.995e-17 1.093e+18 6.973e-16 2.036e-72 1.276e-62 1.604e-61
2.239e-17 1.012e+18 8.130e-16 2.374e-72 1.488e-62 1.870e-61
2.512e-17 9.376e+17 9.479e-16 2.768e-72 1.735e-62 2.180e-61
2.818e-17 8.684e+17 1.105e-15 3.227e-72 2.023e-62 2.542e-61
3.162e-17 8.042e+17 1.288e-15 3.763e-72 2.358e-62 2.964e-61
3.548e-17 7.447e+17 1.502e-15 4.387e-72 2.750e-62 3.455e-61
3.981e-17 6.897e+17 1.751e-15 5.115e-72 3.206e-62 4.028e-61
4.467e-17 6.387e+17 2.042e-15 5.963e-72 3.738e-62 4.697e-61
5.012e-17 5.915e+17 2.381e-15 6.952e-72 4.357e-62 5.476e-61
5.623e-17 5.478e+17 2.775e-15 8.105e-72 5.080e-62 6.384e-61
6.310e-17 5.073e+17 3.236e-15 9.450e-72 5.923e-62 7.443e-61
7.079e-17 4.698e+17 3.772e-15 1.102e-71 6.905e-62 8.677e-61
7.943e-17 4.351e+17 4.398e-15 1.284e-71 8.051e-62 1.012e-60
8.913e-17 4.029e+17 5.128e-15 1.497e-71 9.386e-62 1.179e-60
1.000e-16 3.731e+17 5.978e-15 1.746e-71 1.094e-61 1.375e-60
1.122e-16 3.455e+17 6.970e-15 2.035e-71 1.276e-61 1.603e-60
1.259e-16 3.200e+17 8.126e-15 2.373e-71 1.487e-61 1.869e-60
1.413e-16 2.963e+17 9.473e-15 2.767e-71 1.734e-61 2.179e-60
1.585e-16 2.744e+17 1.104e-14 3.225e-71 2.022e-61 2.540e-60
1.778e-16 2.541e+17 1.288e-14 3.760e-71 2.357e-61 2.962e-60
1.995e-16 2.353e+17 1.501e-14 4.384e-71 2.748e-61 3.453e-60
2.239e-16 2.179e+17 1.750e-14 5.111e-71 3.203e-61 4.025e-60
2.512e-16 2.018e+17 2.040e-14 5.958e-71 3.735e-61 4.693e-60
2.818e-16 1.869e+17 2.379e-14 6.946e-71 4.354e-61 5.471e-60
3.162e-16 1.731e+17 2.773e-14 8.098e-71 5.076e-61 6.378e-60
3.548e-16 1.603e+17 3.233e-14 9.441e-71 5.917e-61 7.436e-60
3.981e-16 1.484e+17 3.769e-14 1.101e-70 6.899e-61 8.669e-60
4.467e-16 1.374e+17 4.394e-14 1.283e-70 8.043e-61 1.011e-59
5.012e-16 1.273e+17 5.122e-14 1.496e-70 9.376e-61 1.178e-59
5.623e-16 1.179e+17 5.972e-14 1.744e-70 1.093e-60 1.374e-59
6.310e-16 1.092e+17 6.962e-14 2.033e-70 1.274e-60 1.601e-59
7.079e-16 1.011e+17 8.116e-14 2.370e-70 1.486e-60 1.867e-59
7.943e-16 9.360e+16 9.462e-14 2.763e-70 1.732e-60 2.176e-59
8.913e-16 8.668e+16 1.103e-13 3.222e-70 2.019e-60 2.537e-59
1.000e-15 8.027e+16 1.286e-13 3.756e-70 2.354e-60 2.958e-59
1.122e-15 7.433e+16 1.499e-13 4.378e-70 2.744e-60 3.448e-59
1.259e-15 6.883e+16 1.748e-13 5.104e-70 3.199e-60 4.020e-59
1.413e-15 6.374e+16 2.038e-13 5.950e-70 3.730e-60 4.687e-59
1.585e-15 5.902e+16 2.375e-13 6.937e-70 4.348e-60 5.464e-59
1.778e-15 5.466e+16 2.769e-13 8.087e-70 5.069e-60 6.370e-59
1.995e-15 5.061e+16 3.228e-13 9.428e-70 5.909e-60 7.426e-59
2.239e-15 4.687e+16 3.763e-13 1.099e-69 6.889e-60 8.657e-59
2.512e-15 4.340e+16 4.387e-13 1.281e-69 8.031e-60 1.009e-58
2.818e-15 4.019e+16 5.115e-13 1.494e-69 9.362e-60 1.176e-58
3.162e-15 3.721e+16 5.962e-13 1.741e-69 1.091e-59 1.371e-58
3.548e-15 3.446e+16 6.951e-13 2.030e-69 1.272e-59 1.599e-58
3.981e-15 3.191e+16 8.103e-13 2.366e-69 1.483e-59 1.864e-58
4.467e-15 2.955e+16 9.446e-13 2.759e-69 1.729e-59 2.173e-58
5.012e-15 2.736e+16 1.101e-12 3.216e-69 2.016e-59 2.533e-58
5.623e-15 2.534e+16 1.284e-12 3.749e-69 2.350e-59 2.953e-58
6.310e-15 2.346e+16 1.496e-12 4.370e-69 2.739e-59 3.442e-58
7.079e-15 2.172e+16 1.744e-12 5.095e-69 3.193e-59 4.013e-58
7.943e-15 2.012e+16 2.034e-12 5.939e-69 3.722e-59 4.678e-58
8.913e-15 1.863e+16 2.371e-12 6.923e-69 4.339e-59 5.453e-58
1.000e-14 1.725e+16 2.763e-12 8.070e-69 5.058e-59 6.357e-58
1.122e-14 1.597e+16 3.221e-12 9.408e-69 5.897e-59 7.410e-58
1.259e-14 1.479e+16 3.755e-12 1.097e-68 6.874e-59 8.638e-58
1.413e-14 1.369e+16 4.378e-12 1.278e-68 8.013e-59 1.007e-57
1.585e-14 1.268e+16 5.103e-12 1.490e-68 9.341e-59 1.174e-57
1.778e-14 1.174e+16 5.949e-12 1.737e-68 1.089e-58 1.368e-57
1.995e-14 1.087e+16 6.934e-12 2.025e-68 1.269e-58 1.595e-57
2.239e-14 1.007e+16 8.083e-12 2.361e-68 1.480e-58 1.859e-57
2.512e-14 9.321e+15 9.422e-12 2.752e-68 1.725e-58 2.167e-57
2.818e-14 8.630e+15 1.098e-11 3.208e-68 2.010e-58 2.526e-57
3.162e-14 7.991e+15 1.280e-11 3.739e-68 2.344e-58 2.945e-57
3.548e-14 7.399e+15 1.492e-11 4.358e-68 2.732e-58 3.433e-57
3.981e-14 6.851e+15 1.740e-11 5.081e-68 3.184e-58 4.002e-57
4.467e-14 6.344e+15 2.028e-11 5.922e-68 3.712e-58 4.665e-57
5.012e-14 5.874e+15 2.364e-11 6.903e-68 4.327e-58 5.437e-57
5.623e-14 5.438e+15 2.755e-11 8.047e-68 5.044e-58 6.338e-57
6.310e-14 5.035e+15 3.212e-11 9.380e-68 5.879e-58 7.388e-57
7.079e-14 4.662e+15 3.744e-11 1.093e-67 6.853e-58 8.612e-57
7.943e-14 4.317e+15 4.364e-11 1.274e-67 7.988e-58 1.004e-56
8.913e-14 3.997e+15 5.087e-11 1.486e-67 9.311e-58 1.170e-56
1.000e-13 3.701e+15 5.929e-11 1.732e-67 1.085e-57 1.364e-56
1.122e-13 3.426e+15 6.911e-11 2.018e-67 1.265e-57 1.590e-56
1.259e-13 3.173e+15 8.056e-11 2.353e-67 1.475e-57 1.853e-56
1.413e-13 2.937e+15 9.390e-11 2.742e-67 1.719e-57 2.160e-56
1.585e-13 2.720e+15 1.095e-10 3.196e-67 2.003e-57 2.518e-56
1.778e-13 2.518e+15 1.276e-10 3.726e-67 2.335e-57 2.934e-56
1.995e-13 2.331e+15 1.487e-10 4.343e-67 2.722e-57 3.420e-56
2.239e-13 2.158e+15 1.733e-10 5.062e-67 3.173e-57 3.987e-56
2.512e-13 1.998e+15 2.020e-10 5.900e-67 3.698e-57 4.647e-56
2.818e-13 1.850e+15 2.355e-10 6.877e-67 4.310e-57 5.416e-56
3.162e-13 1.713e+15 2.745e-10 8.015e-67 5.024e-57 6.313e-56
3.548e-13 1.586e+15 3.199e-10 9.342e-67 5.855e-57 7.358e-56
3.981e-13 1.468e+15 3.729e-10 1.089e-66 6.825e-57 8.576e-56
4.467e-13 1.359e+15 4.346e-10 1.269e-66 7.955e-57 9.996e-56
5.012e-13 1.259e+15 5.065e-10 1.479e-66 9.271e-57 1.165e-55
5.623e-13 1.165e+15 5.904e-10 1.724e-66 1.081e-56 1.358e-55
6.310e-13 1.079e+15 6.881e-10 2.009e-66 1.259e-56 1.583e-55
7.079e-13 9.987e+14 8.020e-10 2.342e-66 1.468e-56 1.845e-55
7.943e-13 9.246e+14 9.347e-10 2.730e-66 1.711e-56 2.150e-55
8.913e-13 8.560e+14 1.089e-09 3.181e-66 1.994e-56 2.506e-55
1.000e-12 7.925e+14 1.270e-09 3.708e-66 2.324e-56 2.920e-55
1.122e-12 7.336e+14 1.480e-09 4.321e-66 2.709e-56 3.404e-55
1.259e-12 6.792e+14 1.725e-09 5.037e-66 3.157e-56 3.967e-55
1.413e-12 6.288e+14 2.010e-09 5.870e-66 3.679e-56 4.623e-55
1.585e-12 5.821e+14 2.343e-09 6.841e-66 4.288e-56 5.388e-55
1.778e-12 5.388e+14 2.730e-09 7.973e-66 4.997e-56 6.280e-55
1.995e-12 4.988e+14 3.182e-09 9.292e-66 5.824e-56 7.319e-55
2.239e-12 4.618e+14 3.708e-09 1.083e-65 6.787e-56 8.529e-55
2.512e-12 4.275e+14 4.321e-09 1.262e-65 7.910e-56 9.940e-55
2.818e-12 3.957e+14 5.036e-09 1.471e-65 9.219e-56 1.158e-54
3.162e-12 3.663e+14 5.869e-09 1.714e-65 1.074e-55 1.350e-54
3.548e-12 3.391e+14 6.840e-09 1.998e-65 1.252e-55 1.573e-54
3.981e-12 3.139e+14 7.971e-09 2.328e-65 1.459e-55 1.834e-54
4.467e-12 2.906e+14 9.289e-09 2.713e-65 1.700e-55 2.137e-54
5.012e-12 2.690e+14 1.083e-08 3.161e-65 1.982e-55 2.490e-54
5.623e-12 2.490e+14 1.262e-08 3.684e-65 2.309e-55 2.902e-54
6.310e-12 2.305e+14 1.470e-08 4.293e-65 2.691e-55 3.381e-54
7.079e-12 2.133e+14 1.713e-08 5.003e-65 3.136e-55 3.941e-54
7.943e-12 1.975e+14 1.996e-08 5.830e-65 3.654e-55 4.592e-54
8.913e-12 1.828e+14 2.326e-08 6.794e-65 4.258e-55 5.351e-54
1.000e-11 1.692e+14 2.711e-08 7.917e-65 4.962e-55 6.235e-54
1.122e-11 1.566e+14 3.159e-08 9.225e-65 5.782e-55 7.266e-54
1.259e-11 1.450e+14 3.681e-08 1.075e-64 6.738e-55 8.467e-54
1.413e-11 1.342e+14 4.289e-08 1.253e-64 7.851e-55 9.866e-54
1.585e-11 1.242e+14 4.998e-08 1.460e-64 9.148e-55 1.150e-53
1.778e-11 1.149e+14 5.824e-08 1.701e-64 1.066e-54 1.340e-53
1.995e-11 1.064e+14 6.786e-08 1.982e-64 1.242e-54 1.561e-53
2.239e-11 9.846e+13 7.907e-08 2.309e-64 1.447e-54 1.819e-53
2.512e-11 9.113e+13 9.213e-08 2.690e-64 1.686e-54 2.119e-53
2.818e-11 8.434e+13 1.073e-07 3.135e-64 1.965e-54 2.469e-53
3.162e-11 7.806e+13 1.251e-07 3.652e-64 2.289e-54 2.877e-53
3.548e-11 7.225e+13 1.457e-07 4.256e-64 2.667e-54 3.352e-53
3.981e-11 6.686e+13 1.698e-07 4.958e-64 3.108e-54 3.905e-53
4.467e-11 6.188e+13 1.978e-07 5.777e-64 3.621e-54 4.550e-53
5.012e-11 5.727e+13 2.305e-07 6.731e-64 4.219e-54 5.301e-53
5.623e-11 5.300e+13 2.685e-07 7.842e-64 4.915e-54 6.176e-53
6.310e-11 4.905e+13 3.128e-07 9.136e-64 5.726e-54 7.196e-53
7.079e-11 4.539e+13 3.645e-07 1.064e-63 6.671e-54 8.383e-53
7.943e-11 4.200e+13 4.246e-07 1.240e-63 7.772e-54 9.767e-53
8.913e-11 3.887e+13 4.947e-07 1.445e-63 9.054e-54 1.138e-52
1.000e-10 3.597e+13 5.763e-07 1.683e-63 1.055e-53 1.326e-52
1.122e-10 3.328e+13 6.713e-07 1.961e-63 1.229e-53 1.544e-52
1.259e-10 3.080e+13 7.820e-07 2.284e-63 1.431e-53 1.799e-52
1.413e-10 2.850e+13 9.110e-07 2.661e-63 1.668e-53 2.096e-52
1.585e-10 2.637e+13 1.061e-06 3.099e-63 1.943e-53 2.441e-52
1.778e-10 2.440e+13 1.236e-06 3.610e-63 2.263e-53 2.844e-52
1.995e-10 2.258e+13 1.440e-06 4.205e-63 2.636e-53 3.312e-52
2.239e-10 2.089e+13 1.677e-06 4.899e-63 3.070e-53 3.858e-52
2.512e-10 1.933e+13 1.954e-06 5.706e-63 3.576e-53 4.494e-52
2.818e-10 1.788e+13 2.276e-06 6.646e-63 4.166e-53 5.235e-52
3.162e-10 1.655e+13 2.651e-06 7.741e-63 4.852e-53 6.097e-52
3.548e-10 1.531e+13 3.088e-06 9.017e-63 5.652e-53 7.102e-52
3.981e-10 1.416e+13 3.596e-06 1.050e-62 6.582e-53 8.272e-52
4.467e-10 1.310e+13 4.188e-06 1.223e-62 7.667e-53 9.634e-52
5.012e-10 1.212e+13 4.878e-06 1.425e-62 8.929e-53 1.122e-51
5.623e-10 1.121e+13 5.681e-06 1.659e-62 1.040e-52 1.307e-51
6.310e-10 1.037e+13 6.617e-06 1.932e-62 1.211e-52 1.522e-51
7.079e-10 9.596e+12 7.706e-06 2.250e-62 1.410e-52 1.772e-51
7.943e-10 8.877e+12 8.974e-06 2.621e-62 1.643e-52 2.064e-51
8.913e-10 8.211e+12 1.045e-05 3.052e-62 1.913e-52 2.404e-51
1.000e-09 7.596e+12 1.217e-05 3.554e-62 2.228e-52 2.799e-51
1.122e-09 7.026e+12 1.417e-05 4.139e-62 2.594e-52 3.260e-51
1.259e-09 6.499e+12 1.650e-05 4.819e-62 3.021e-52 3.796e-51
1.413e-09 6.011e+12 1.922e-05 5.612e-62 3.517e-52 4.420e-51
1.585e-09 5.559e+12 2.237e-05 6.534e-62 4.095e-52 5.146e-51
1.778e-09 5.142e+12 2.605e-05 7.608e-62 4.769e-52 5.992e-51
1.995e-09 4.755e+12 3.033e-05 8.858e-62 5.552e-52 6.977e-51
2.239e-09 4.398e+12 3.532e-05 1.031e-61 6.464e-52 8.123e-51
2.512e-09 4.067e+12 4.112e-05 1.201e-61 7.526e-52 9.458e-51
2.818e-09 3.761e+12 4.787e-05 1.398e-61 8.762e-52 1.101e-50
3.162e-09 3.478e+12 5.573e-05 1.628e-61 1.020e-51 1.282e-50
3.548e-09 3.217e+12 6.488e-05 1.895e-61 1.188e-51 1.492e-50
3.981e-09 2.974e+12 7.553e-05 2.206e-61 1.382e-51 1.737e-50
4.467e-09 2.750e+12 8.792e-05 2.568e-61 1.609e-51 2.022e-50
5.012e-09 2.543e+12 1.023e-04 2.989e-61 1.873e-51 2.354e-50
5.623e-09 2.351e+12 1.191e-04 3.479e-61 2.181e-51 2.740e-50
6.310e-09 2.174e+12 1.387e-04 4.049e-61 2.538e-51 3.189e-50
7.079e-09 2.010e+12 1.614e-04 4.713e-61 2.954e-51 3.712e-50
7.943e-09 1.858e+12 1.878e-04 5.486e-61 3.438e-51 4.321e-50
8.913e-09 1.718e+12 2.186e-04 6.384e-61 4.002e-51 5.029e-50
1.000e-08 1.588e+12 2.544e-04 7.430e-61 4.657e-51 5.852e-50
1.122e-08 1.468e+12 2.961e-04 8.647e-61 5.420e-51 6.810e-50
1.259e-08 1.357e+12 3.446e-04 1.006e-60 6.307e-51 7.925e-50
1.413e-08 1.254e+12 4.009e-04 1.171e-60 7.339e-51 9.222e-50
1.585e-08 1.159e+12 4.665e-04 1.362e-60 8.540e-51 1.073e-49
1.778e-08 1.071e+12 5.429e-04 1.585e-60 9.937e-51 1.249e-49
1.995e-08 9.902e+11 6.316e-04 1.845e-60 1.156e-50 1.453e-49
2.239e-08 9.152e+11 7.349e-04 2.146e-60 1.345e-50 1.690e-49
2.512e-08 8.457e+11 8.549e-04 2.497e-60 1.565e-50 1.967e-49
2.818e-08 7.815e+11 9.946e-04 2.905e-60 1.821e-50 2.288e-49
3.162e-08 7.222e+11 1.157e-03 3.379e-60 2.118e-50 2.661e-49
3.548e-08 6.673e+11 1.346e-03 3.931e-60 2.464e-50 3.096e-49
3.981e-08 6.165e+11 1.566e-03 4.572e-60 2.866e-50 3.601e-49
4.467e-08 5.696e+11 1.821e-03 5.318e-60 3.333e-50 4.188e-49
5.012e-08 5.262e+11 2.118e-03 6.185e-60 3.877e-50 4.871e-49
5.623e-08 4.861e+11 2.463e-03 7.193e-60 4.508e-50 5.665e-49
6.310e-08 4.491e+11 2.864e-03 8.365e-60 5.243e-50 6.589e-49
7.079e-08 4.148e+11 3.331e-03 9.728e-60 6.097e-50 7.662e-49
7.943e-08 3.831e+11 3.873e-03 1.131e-59 7.090e-50 8.909e-49
8.913e-08 3.539e+11 4.504e-03 1.315e-59 8.243e-50 1.036e-48
1.000e-07 3.268e+11 5.236e-03 1.529e-59 9.584e-50 1.204e-48
1.122e-07 3.018e+11 6.088e-03 1.778e-59 1.114e-49 1.400e-48
1.259e-07 2.787e+11 7.077e-03 2.067e-59 1.295e-49 1.628e-48
1.413e-07 2.573e+11 8.227e-03 2.402e-59 1.506e-49 1.892e-48
1.585e-07 2.376e+11 9.562e-03 2.793e-59 1.750e-49 2.200e-48
1.778e-07 2.194e+11 1.111e-02 3.246e-59 2.034e-49 2.556e-48
1.995e-07 2.025e+11 1.292e-02 3.772e-59 2.364e-49 2.971e-48
2.239e-07 1.869e+11 1.501e-02 4.384e-59 2.748e-49 3.453e-48
2.512e-07 1.726e+11 1.744e-02 5.094e-59 3.193e-49 4.012e-48
2.818e-07 1.593e+11 2.027e-02 5.919e-59 3.710e-49 4.662e-48
3.162e-07 1.470e+11 2.355e-02 6.878e-59 4.311e-49 5.417e-48
3.548e-07 1.356e+11 2.736e-02 7.990e-59 5.008e-49 6.293e-48
3.981e-07 1.252e+11 3.178e-02 9.282e-59 5.818e-49 7.311e-48
4.467e-07 1.155e+11 3.692e-02 1.078e-58 6.758e-49 8.492e-48
5.012e-07 1.066e+11 4.288e-02 1.252e-58 7.849e-49 9.864e-48
5.623e-07 9.830e+10 4.980e-02 1.454e-58 9.116e-49 1.146e-47
6.310e-07 9.067e+10 5.784e-02 1.689e-58 1.059e-48 1.330e-47
7.079e-07 8.363e+10 6.716e-02 1.961e-58 1.229e-48 1.545e-47
7.943e-07 7.713e+10 7.798e-02 2.277e-58 1.427e-48 1.794e-47
8.913e-07 7.113e+10 9.053e-02 2.644e-58 1.657e-48 2.082e-47
1.000e-06 6.559e+10 1.051e-01 3.069e-58 1.924e-48 2.417e-47
1.122e-06 6.047e+10 1.220e-01 3.562e-58 2.233e-48 2.806e-47
1.259e-06 5.575e+10 1.416e-01 4.134e-58 2.591e-48 3.256e-47
1.413e-06 5.139e+10 1.643e-01 4.798e-58 3.007e-48 3.779e-47
1.585e-06 4.737e+10 1.906e-01 5.567e-58 3.489e-48 4.385e-47
1.778e-06 4.365e+10 2.212e-01 6.459e-58 4.048e-48 5.087e-47
1.995e-06 4.023e+10 2.566e-01 7.493e-58 4.697e-48 5.902e-47
2.239e-06 3.706e+10 2.976e-01 8.692e-58 5.448e-48 6.846e-47
2.512e-06 3.415e+10 3.452e-01 1.008e-57 6.318e-48 7.940e-47
2.818e-06 3.145e+10 4.003e-01 1.169e-57 7.327e-48 9.208e-47
3.162e-06 2.897e+10 4.642e-01 1.356e-57 8.496e-48 1.068e-46
3.548e-06 2.668e+10 5.381e-01 1.572e-57 9.850e-48 1.238e-46
3.981e-06 2.457e+10 6.238e-01 1.822e-57 1.142e-47 1.435e-46
4.467e-06 2.262e+10 7.230e-01 2.111e-57 1.323e-47 1.663e-46
5.012e-06 2.082e+10 8.379e-01 2.447e-57 1.534e-47 1.927e-46
5.623e-06 1.916e+10 9.708e-01 2.835e-57 1.777e-47 2.233e-46
6.310e-06 1.763e+10 1.125e+00 3.285e-57 2.059e-47 2.587e-46
7.079e-06 1.623e+10 1.303e+00 3.805e-57 2.385e-47 2.997e-46
7.943e-06 1.493e+10 1.509e+00 4.407e-57 2.762e-47 3.471e-46
8.913e-06 1.373e+10 1.747e+00 5.103e-57 3.198e-47 4.019e-46
1.000e-05 1.263e+10 2.023e+00 5.908e-57 3.703e-47 4.653e-46
1.122e-05 1.161e+10 2.342e+00 6.839e-57 4.286e-47 5.386e-46
1.259e-05 1.067e+10 2.710e+00 7.915e-57 4.961e-47 6.234e-46
1.413e-05 9.811e+09 3.136e+00 9.159e-57 5.741e-47 7.214e-46
1.585e-05 9.016e+09 3.628e+00 1.060e-56 6.642e-47 8.346e-46
1.778e-05 8.284e+09 4.197e+00 1.226e-56 7.682e-47 9.654e-46
1.995e-05 7.610e+09 4.854e+00 1.418e-56 8.885e-47 1.116e-45
2.239e-05 6.989e+09 5.612e+00 1.639e-56 1.027e-46 1.291e-45
2.512e-05 6.418e+09 6.488e+00 1.895e-56 1.188e-46 1.492e-45
2.818e-05 5.892e+09 7.498e+00 2.190e-56 1.373e-46 1.725e-45
3.162e-05 5.408e+09 8.664e+00 2.530e-56 1.586e-46 1.993e-45
3.548e-05 4.963e+09 1.001e+01 2.923e-56 1.832e-46 2.302e-45
3.981e-05 4.553e+09 1.156e+01 3.376e-56 2.116e-46 2.659e-45
4.467e-05 4.176e+09 1.335e+01 3.899e-56 2.443e-46 3.071e-45
5.012e-05 3.829e+09 1.541e+01 4.501e-56 2.821e-46 3.545e-45
5.623e-05 3.510e+09 1.779e+01 5.194e-56 3.256e-46 4.091e-45
6.310e-05 3.217e+09 2.052e+01 5.993e-56 3.756e-46 4.720e-45
7.079e-05 2.948e+09 2.367e+01 6.913e-56 4.333e-46 5.445e-45
7.943e-05 2.700e+09 2.730e+01 7.972e-56 4.997e-46 6.279e-45
8.913e-05 2.473e+09 3.147e+01 9.191e-56 5.761e-46 7.239e-45
1.000e-04 2.264e+09 3.627e+01 1.059e-55 6.640e-46 8.344e-45
1.122e-04 2.072e+09 4.180e+01 1.221e-55 7.650e-46 9.614e-45
1.259e-04 1.896e+09 4.814e+01 1.406e-55 8.812e-46 1.107e-44
1.413e-04 1.734e+09 5.544e+01 1.619e-55 1.015e-45 1.275e-44
1.585e-04 1.586e+09 6.382e+01 1.864e-55 1.168e-45 1.468e-44
1.778e-04 1.450e+09 7.344e+01 2.145e-55 1.344e-45 1.689e-44
1.995e-04 1.325e+09 8.449e+01 2.467e-55 1.547e-45 1.943e-44
2.239e-04 1.210e+09 9.717e+01 2.838e-55 1.779e-45 2.235e-44
2.512e-04 1.105e+09 1.117e+02 3.262e-55 2.045e-45 2.570e-44
2.818e-04 1.009e+09 1.284e+02 3.749e-55 2.350e-45 2.953e-44
3.162e-04 9.206e+08 1.475e+02 4.307e-55 2.700e-45 3.393e-44
3.548e-04 8.398e+08 1.694e+02 4.947e-55 3.101e-45 3.896e-44
3.981e-04 7.658e+08 1.945e+02 5.679e-55 3.559e-45 4.473e-44
4.467e-04 6.981e+08 2.232e+02 6.517e-55 4.085e-45 5.133e-44
5.012e-04 6.361e+08 2.560e+02 7.476e-55 4.686e-45 5.888e-44
5.623e-04 5.794e+08 2.935e+02 8.573e-55 5.373e-45 6.752e-44
6.310e-04 5.275e+08 3.365e+02 9.826e-55 6.159e-45 7.739e-44
7.079e-04 4.801e+08 3.855e+02 1.126e-54 7.056e-45 8.867e-44
7.943e-04 4.367e+08 4.415e+02 1.289e-54 8.081e-45 1.016e-43
8.913e-04 3.971e+08 5.054e+02 1.476e-54 9.251e-45 1.162e-43
1.000e-03 3.609e+08 5.783e+02 1.689e-54 1.058e-44 1.330e-43
1.122e-03 3.279e+08 6.613e+02 1.931e-54 1.210e-44 1.521e-43
1.259e-03 2.977e+08 7.559e+02 2.208e-54 1.384e-44 1.739e-43
1.413e-03 2.701e+08 8.636e+02 2.522e-54 1.581e-44 1.986e-43
1.585e-03 2.450e+08 9.860e+02 2.880e-54 1.805e-44 2.268e-43
1.778e-03 2.221e+08 1.125e+03 3.286e-54 2.060e-44 2.588e-43
1.995e-03 2.012e+08 1.283e+03 3.747e-54 2.349e-44 2.951e-43
2.239e-03 1.821e+08 1.462e+03 4.270e-54 2.676e-44 3.363e-43
2.512e-03 1.647e+08 1.665e+03 4.863e-54 3.048e-44 3.830e-43
2.818e-03 1.489e+08 1.895e+03 5.533e-54 3.468e-44 4.358e-43
3.162e-03 1.344e+08 2.154e+03 6.291e-54 3.943e-44 4.955e-43
3.548e-03 1.213e+08 2.447e+03 7.146e-54 4.479e-44 5.628e-43
3.981e-03 1.093e+08 2.777e+03 8.109e-54 5.082e-44 6.387e-43
4.467e-03 9.847e+07 3.148e+03 9.193e-54 5.762e-44 7.241e-43
5.012e-03 8.858e+07 3.565e+03 1.041e-53 6.525e-44 8.200e-43
5.623e-03 7.959e+07 4.033e+03 1.178e-53 7.381e-44 9.276e-43
6.310e-03 7.143e+07 4.556e+03 1.331e-53 8.340e-44 1.048e-42
7.079e-03 6.403e+07 5.141e+03 1.501e-53 9.411e-44 1.183e-42
7.943e-03 5.731e+07 5.794e+03 1.692e-53 1.060e-43 1.333e-42
8.913e-03 5.123e+07 6.520e+03 1.904e-53 1.193e-43 1.500e-42
1.000e-02 4.572e+07 7.326e+03 2.139e-53 1.341e-43 1.685e-42
1.122e-02 4.075e+07 8.219e+03 2.400e-53 1.504e-43 1.890e-42
1.259e-02 3.625e+07 9.205e+03 2.688e-53 1.685e-43 2.117e-42
1.413e-02 3.219e+07 1.029e+04 3.006e-53 1.884e-43 2.367e-42
1.585e-02 2.854e+07 1.149e+04 3.354e-53 2.102e-43 2.642e-42
1.778e-02 2.525e+07 1.279e+04 3.736e-53 2.342e-43 2.943e-42
1.995e-02 2.229e+07 1.422e+04 4.153e-53 2.603e-43 3.271e-42
2.239e-02 1.964e+07 1.577e+04 4.605e-53 2.887e-43 3.627e-42
2.512e-02 1.726e+07 1.745e+04 5.096e-53 3.194e-43 4.013e-42
2.818e-02 1.513e+07 1.926e+04 5.624e-53 3.525e-43 4.430e-42
3.162e-02 1.323e+07 2.120e+04 6.191e-53 3.881e-43 4.877e-42
3.548e-02 1.154e+07 2.327e+04 6.797e-53 4.260e-43 5.354e-42
3.981e-02 1.003e+07 2.548e+04 7.440e-53 4.663e-43 5.860e-42
4.467e-02 8.695e+06 2.780e+04 8.118e-53 5.088e-43 6.394e-42
5.012e-02 7.512e+06 3.023e+04 8.828e-53 5.533e-43 6.953e-42
5.623e-02 6.466e+06 3.276e+04 9.567e-53 5.996e-43 7.535e-42
6.310e-02 5.545e+06 3.537e+04 1.033e-52 6.474e-43 8.135e-42
7.079e-02 4.736e+06 3.803e+04 1.111e-52 6.962e-43 8.748e-42
7.943e-02 4.028e+06 4.072e+04 1.189e-52 7.454e-43 9.367e-42
8.913e-02 3.411e+06 4.340e+04 1.268e-52 7.945e-43 9.984e-42
1.000e-01 2.874e+06 4.604e+04 1.345e-52 8.427e-43 1.059e-41
1.122e-01 2.409e+06 4.858e+04 1.419e-52 8.893e-43 1.117e-41
1.259e-01 2.008e+06 5.098e+04 1.489e-52 9.331e-43 1.173e-41
1.413e-01 1.663e+06 5.318e+04 1.553e-52 9.733e-43 1.223e-41
1.585e-01 1.369e+06 5.511e+04 1.609e-52 1.009e-42 1.268e-41
1.778e-01 1.119e+06 5.672e+04 1.656e-52 1.038e-42 1.305e-41
1.995e-01 9.082e+05 5.793e+04 1.692e-52 1.060e-42 1.332e-41
2.239e-01 7.308e+05 5.868e+04 1.714e-52 1.074e-42 1.350e-41
2.512e-01 5.827e+05 5.891e+04 1.720e-52 1.078e-42 1.355e-41
2.818e-01 4.601e+05 5.855e+04 1.710e-52 1.072e-42 1.347e-41
3.162e-01 3.593e+05 5.756e+04 1.681e-52 1.054e-42 1.324e-41
3.548e-01 2.772e+05 5.591e+04 1.633e-52 1.023e-42 1.286e-41
3.981e-01 2.110e+05 5.359e+04 1.565e-52 9.808e-43 1.233e-41
4.467e-01 1.583e+05 5.060e+04 1.478e-52 9.262e-43 1.164e-41
5.012e-01 1.168e+05 4.699e+04 1.372e-52 8.602e-43 1.081e-41
5.623e-01 8.457e+04 4.285e+04 1.251e-52 7.843e-43 9.856e-42
6.310e-01 6.001e+04 3.827e+04 1.118e-52 7.006e-43 8.804e-42
7.079e-01 4.162e+04 3.342e+04 9.759e-53 6.117e-43 7.687e-42
7.943e-01 2.814e+04 2.844e+04 8.307e-53 5.206e-43 6.543e-42
8.913e-01 1.849e+04 2.353e+04 6.873e-53 4.308e-43 5.413e-42
1.000e+00 1.178e+04 1.887e+04 5.510e-53 3.453e-43 4.339e-42
1.122e+00 7.239e+03 1.460e+04 4.264e-53 2.672e-43 3.358e-42
1.259e+00 4.278e+03 1.086e+04 3.173e-53 1.989e-43 2.499e-42
1.413e+00 2.420e+03 7.737e+03 2.260e-53 1.416e-43 1.780e-42
1.585e+00 1.304e+03 5.246e+03 1.532e-53 9.603e-44 1.207e-42
1.778e+00 6.647e+02 3.368e+03 9.835e-54 6.165e-44 7.747e-43
1.995e+00 3.187e+02 2.033e+03 5.937e-54 3.721e-44 4.676e-43
2.239e+00 1.427e+02 1.146e+03 3.346e-54 2.097e-44 2.635e-43
2.512e+00 5.911e+01 5.976e+02 1.745e-54 1.094e-44 1.375e-43
2.818e+00 2.246e+01 2.858e+02 8.346e-55 5.231e-45 6.574e-44
3.162e+00 7.737e+00 1.240e+02 3.620e-55 2.269e-45 2.851e-44
3.548e+00 2.389e+00 4.818e+01 1.407e-55 8.819e-46 1.108e-44
3.981e+00 6.516e-01 1.655e+01 4.832e-56 3.029e-46 3.806e-45
4.467e+00 1.546e-01 4.944e+00 1.444e-56 9.049e-47 1.137e-45
5.012e+00 3.137e-02 1.262e+00 3.687e-57 2.311e-47 2.904e-46
5.623e+00 5.331e-03 2.701e-01 7.888e-58 4.944e-48 6.213e-47
6.310e+00 7.414e-04 4.729e-02 1.381e-58 8.656e-49 1.088e-47
7.079e+00 8.167e-05 6.558e-03 1.915e-59 1.200e-49 1.509e-48
7.943e+00 6.242e-06 6.310e-04 1.843e-60 1.155e-50 1.451e-49
8.913e+00 7.920e-14 1.008e-11 2.943e-68 1.845e-58 2.318e-57
1.000e+01 7.316e-14 1.172e-11 3.423e-68 2.146e-58 2.696e-57
1.122e+01 6.758e-14 1.363e-11 3.981e-68 2.495e-58 3.135e-57
1.259e+01 6.240e-14 1.585e-11 4.628e-68 2.901e-58 3.645e-57
1.413e+01 5.761e-14 1.842e-11 5.379e-68 3.371e-58 4.236e-57
1.585e+01 5.318e-14 2.140e-11 6.250e-68 3.917e-58 4.923e-57
1.778e+01 4.907e-14 2.486e-11 7.260e-68 4.551e-58 5.719e-57
1.995e+01 4.527e-14 2.887e-11 8.432e-68 5.285e-58 6.641e-57
2.239e+01 4.174e-14 3.352e-11 9.789e-68 6.136e-58 7.710e-57
2.512e+01 3.848e-14 3.890e-11 1.136e-67 7.121e-58 8.948e-57
2.818e+01 3.546e-14 4.513e-11 1.318e-67 8.261e-58 1.038e-56
3.162e+01 3.267e-14 5.234e-11 1.529e-67 9.580e-58 1.204e-56
3.548e+01 3.008e-14 6.067e-11 1.772e-67 1.111e-57 1.396e-56
3.981e+01 2.768e-14 7.030e-11 2.053e-67 1.287e-57 1.617e-56
4.467e+01 2.547e-14 8.141e-11 2.378e-67 1.490e-57 1.873e-56
5.012e+01 2.342e-14 9.424e-11 2.752e-67 1.725e-57 2.168e-56
5.623e+01 2.152e-14 1.090e-10 3.184e-67 1.996e-57 2.508e-56
6.310e+01 1.976e-14 1.260e-10 3.681e-67 2.307e-57 2.899e-56
7.079e+01 1.814e-14 1.456e-10 4.253e-67 2.666e-57 3.350e-56
7.943e+01 1.663e-14 1.682e-10 4.911e-67 3.078e-57 3.868e-56
8.913e+01 1.524e-14 1.940e-10 5.666e-67 3.551e-57 4.463e-56
1.000e+02 1.396e-14 2.237e-10 6.532e-67 4.094e-57 5.145e-56
1.122e+02 1.278e-14 2.577e-10 7.525e-67 4.717e-57 5.927e-56
1.259e+02 1.168e-14 2.966e-10 8.661e-67 5.429e-57 6.822e-56
1.413e+02 1.067e-14 3.410e-10 9.960e-67 6.243e-57 7.845e-56
1.585e+02 9.735e-15 3.918e-10 1.144e-66 7.171e-57 9.012e-56
1.778e+02 8.874e-15 4.496e-10 1.313e-66 8.230e-57 1.034e-55
1.995e+02 8.081e-15 5.154e-10 1.505e-66 9.435e-57 1.186e-55
2.239e+02 7.350e-15 5.902e-10 1.724e-66 1.080e-56 1.358e-55
2.512e+02 6.677e-15 6.750e-10 1.971e-66 1.236e-56 1.553e-55
2.818e+02 6.058e-15 7.710e-10 2.252e-66 1.411e-56 1.773e-55
3.162e+02 5.489e-15 8.794e-10 2.568e-66 1.610e-56 2.023e-55
3.548e+02 4.966e-15 1.002e-09 2.925e-66 1.833e-56 2.304e-55
3.981e+02 4.486e-15 1.139e-09 3.326e-66 2.085e-56 2.620e-55
4.467e+02 4.045e-15 1.293e-09 3.776e-66 2.367e-56 2.974e-55
5.012e+02 3.641e-15 1.465e-09 4.280e-66 2.682e-56 3.371e-55
5.623e+02 3.272e-15 1.658e-09 4.841e-66 3.034e-56 3.813e-55
6.310e+02 2.934e-15 1.871e-09 5.465e-66 3.425e-56 4.304e-55
7.079e+02 2.625e-15 2.108e-09 6.156e-66 3.858e-56 4.848e-55
7.943e+02 2.343e-15 2.369e-09 6.917e-66 4.336e-56 5.448e-55
8.913e+02 2.086e-15 2.655e-09 7.754e-66 4.860e-56 6.107e-55
1.000e+03 1.853e-15 2.968e-09 8.668e-66 5.433e-56 6.827e-55
1.122e+03 1.640e-15 3.309e-09 9.662e-66 6.056e-56 7.610e-55
1.259e+03 1.448e-15 3.676e-09 1.074e-65 6.729e-56 8.457e-55
1.413e+03 1.274e-15 4.071e-09 1.189e-65 7.452e-56 9.365e-55
1.585e+03 1.116e-15 4.492e-09 1.312e-65 8.223e-56 1.033e-54
1.778e+03 9.745e-16 4.937e-09 1.442e-65 9.038e-56 1.136e-54
1.995e+03 8.472e-16 5.404e-09 1.578e-65 9.891e-56 1.243e-54
2.239e+03 7.331e-16 5.886e-09 1.719e-65 1.077e-55 1.354e-54
2.512e+03 6.312e-16 6.381e-09 1.863e-65 1.168e-55 1.468e-54
2.818e+03 5.405e-16 6.879e-09 2.009e-65 1.259e-55 1.582e-54
3.162e+03 4.602e-16 7.372e-09 2.153e-65 1.349e-55 1.696e-54
3.548e+03 3.892e-16 7.851e-09 2.293e-65 1.437e-55 1.806e-54
3.981e+03 3.270e-16 8.303e-09 2.425e-65 1.520e-55 1.910e-54
4.467e+03 2.726e-16 8.714e-09 2.545e-65 1.595e-55 2.004e-54
5.012e+03 2.254e-16 9.071e-09 2.649e-65 1.660e-55 2.086e-54
5.623e+03 1.847e-16 9.357e-09 2.733e-65 1.713e-55 2.152e-54
6.310e+03 1.498e-16 9.557e-09 2.791e-65 1.749e-55 2.198e-54
7.079e+03 1.202e-16 9.656e-09 2.820e-65 1.767e-55 2.221e-54
7.943e+03 9.537e-17 9.641e-09 2.815e-65 1.765e-55 2.218e-54
8.913e+03 7.465e-17 9.501e-09 2.775e-65 1.739e-55 2.185e-54
1.000e+04 5.761e-17 9.230e-09 2.695e-65 1.689e-55 2.123e-54
1.122e+04 4.376e-17 8.826e-09 2.578e-65 1.616e-55 2.030e-54
1.259e+04 3.266e-17 8.294e-09 2.422e-65 1.518e-55 1.908e-54
1.413e+04 2.392e-17 7.646e-09 2.233e-65 1.400e-55 1.759e-54
1.585e+04 1.715e-17 6.901e-09 2.015e-65 1.263e-55 1.587e-54
1.778e+04 1.201e-17 6.083e-09 1.777e-65 1.113e-55 1.399e-54
1.995e+04 8.191e-18 5.225e-09 1.526e-65 9.563e-56 1.202e-54
2.239e+04 5.429e-18 4.360e-09 1.273e-65 7.980e-56 1.003e-54
2.512e+04 3.485e-18 3.523e-09 1.029e-65 6.448e-56 8.103e-55
2.818e+04 2.158e-18 2.747e-09 8.022e-66 5.028e-56 6.318e-55
3.162e+04 1.285e-18 2.058e-09 6.011e-66 3.768e-56 4.734e-55
3.548e+04 7.315e-19 1.475e-09 4.309e-66 2.701e-56 3.394e-55
3.981e+04 3.964e-19 1.007e-09 2.940e-66 1.842e-56 2.315e-55
4.467e+04 2.032e-19 6.497e-10 1.898e-66 1.189e-56 1.495e-55
5.012e+04 9.796e-20 3.942e-10 1.151e-66 7.216e-57 9.068e-56
5.623e+04 4.405e-20 2.232e-10 6.518e-67 4.085e-57 5.133e-56
6.310e+04 1.832e-20 1.169e-10 3.413e-67 2.139e-57 2.689e-56
7.079e+04 6.986e-21 5.610e-11 1.638e-67 1.027e-57 1.290e-56
7.943e+04 2.415e-21 2.441e-11 7.128e-68 4.468e-58 5.615e-57
8.913e+04 7.474e-22 9.511e-12 2.778e-68 1.741e-58 2.188e-57
1.000e+05 2.043e-22 3.274e-12 9.561e-69 5.992e-59 7.530e-58
1.122e+05 4.858e-23 9.798e-13 2.862e-69 1.794e-59 2.254e-58
1.259e+05 9.868e-24 2.506e-13 7.317e-70 4.586e-60 5.763e-59
1.413e+05 1.679e-24 5.366e-14 1.567e-70 9.823e-61 1.234e-59
1.585e+05 2.336e-25 9.403e-15 2.746e-71 1.721e-61 2.163e-60
1.778e+05 2.577e-26 1.305e-15 3.812e-72 2.390e-62 3.003e-61
1.995e+05 1.969e-27 1.256e-16 3.668e-73 2.299e-63 2.889e-62
2.239e+05 0.000e+00 0.000e+00 0.000e+00 0.000e+00 0.000e+00
2.512e+05 0.000e+00 0.000e+00 0.000e+00 0.000e+00 0.000e+00
2.818e+05 0.000e+00 0.000e+00 0.000e+00 0.000e+00 0.000e+00
3.162e+05 0.000e+00 0.000e+00 0.000e+00 0.000e+00 0.000e+00
3.548e+05 0.000e+00 0.000e+00 0.000e+00 0.000e+00 0.000e+00
3.981e+05 0.000e+00 0.000e+00 0.000e+00 0.000e+00 0.000e+00
4.467e+05 0.000e+00 0.000e+00 0.000e+00 0.000e+00 0.000e+00
5.012e+05 0.000e+00 0.000e+00 0.000e+00 0.000e+00 0.000e+00
5.623e+05 0.000e+00 0.000e+00 0.000e+00 0.000e+00 0.000e+00
6.310e+05 0.000e+00 0.000e+00 0.000e+00 0.000e+00 0.000e+00
7.079e+05 0.000e+00 0.000e+00 0.000e+00 0.000e+00 0.000e+00
7.943e+05 0.000e+00 0.000e+00 0.000e+00 0.000e+00 0.000e+00
8.913e+05 0.000e+00 0.000e+00 0.000e+00 0.000e+00 0.000e+00
1.000e+06 0.000e+00 0.000e+00 0.000e+00 0.000e+00 0.000e+00
1.122e+06 0.000e+00 0.000e+00 0.000e+00 0.000e+00 0.000e+00
1.259e+06 0.000e+00 0.000e+00 0.000e+00 0.000e+00 0.000e+00
1.413e+06 0.000e+00 0.000e+00 0.000e+00 0.000e+00 0.000e+00
1.585e+06 0.000e+00 0.000e+00 0.000e+00 0.000e+00 0.000e+00
1.778e+06 0.000e+00 0.000e+00 0.000e+00 0.000e+00 0.000e+00
1.995e+06 0.000e+00 0.000e+00 0.000e+00 0.000e+00 0.000e+00
2.239e+06 0.000e+00 0.000e+00 0.000e+00 0.000e+00 0.000e+00
2.512e+06 0.000e+00 0.000e+00 0.000e+00 0.000e+00 0.000e+00
2.818e+06 0.000e+00 0.000e+00 0.000e+00 0.000e+00 0.000e+00
3.162e+06 0.000e+00 0.000e+00 0.000e+00 0.000e+00 0.000e+00
3.548e+06 0.000e+00 0.000e+00 0.000e+00 0.000e+00 0.000e+00
3.981e+06 0.000e+00 0.000e+00 0.000e+00 0.000e+00 0.000e+00
4.467e+06 0.000e+00 0.000e+00 0.000e+00 0.000e+00 0.000e+00
5.012e+06 0.000e+00 0.000e+00 0.000e+00 0.000e+00 0.000e+00
5.623e+06 0.000e+00 0.000e+00 0.000e+00 0.000e+00 0.000e+00
6.310e+06 0.000e+00 0.000e+00 0.000e+00 0.000e+00 0.000e+00
7.079e+06 0.000e+00 0.000e+00 0.000e+00 0.000e+00 0.000e+00
7.943e+06 0.000e+00 0.000e+00 0.000e+00 0.000e+00 0.000e+00
8.913e+06 0.000e+00 0.000e+00 0.000e+00 0.000e+00 0.000e+00
1.000e+07 0.000e+00 0.000e+00 0.000e+00 0.000e+00 0.000e+00
1.122e+07 0.000e+00 0.000e+00 0.000e+00 0.000e+00 0.000e+00
1.259e+07 0.000e+00 0.000e+00 0.000e+00 0.000e+00 0.000e+00
1.413e+07 0.000e+00 0.000e+00 0.000e+00 0.000e+00 0.000e+00
1.585e+07 0.000e+00 0.000e+00 0.000e+00 0.000e+00 0.000e+00
1.778e+07 0.000e+00 0.000e+00 0.000e+00 0.000e+00 0.000e+00
1.995e+07 0.000e+00 0.000e+00 0.000e+00 0.000e+00 0.000e+00
2.239e+07 0.000e+00 0.000e+00 0.000e+00 0.000e+00 0.000e+00
2.512e+07 0.000e+00 0.000e+00 0.000e+00 0.000e+00 0.000e+00
2.818e+07 0.000e+00 0.000e+00 0.000e+00 0.000e+00 0.000e+00
3.162e+07 0.000e+00 0.000e+00 0.000e+00 0.000e+00 0.000e+00
3.548e+07 0.000e+00 0.000e+00 0.000e+00 0.000e+00 0.000e+00
3.981e+07 0.000e+00 0.000e+00 0.000e+00 0.000e+00 0.000e+00
4.467e+07 0.000e+00 0.000e+00 0.000e+00 0.000e+00 0.000e+00
5.012e+07 0.000e+00 0.000e+00 0.000e+00 0.000e+00 0.000e+00
5.623e+07 0.000e+00 0.000e+00 0.000e+00 0.000e+00 0.000e+00
6.310e+07 0.000e+00 0.000e+00 0.000e+00 0.000e+00 0.000e+00
7.079e+07 0.000e+00 0.000e+00 0.000e+00 0.000e+00 0.000e+00
7.943e+07 0.000e+00 0.000e+00 0.000e+00 0.000e+00 0.000e+00
8.913e+07 0.000e+00 0.000e+00 0.000e+00 0.000e+00 0.000e+00
1.000e+08 0.000e+00 0.000e+00 0.000e+00 0.000e+00 0.000e+00
