9.384e-04 3.014e+53 2.654e+47
1.053e-03 2.340e+53 2.594e+47
1.181e-03 1.816e+53 2.535e+47
1.325e-03 1.163e+53 2.044e+47
1.487e-03 9.063e+52 2.005e+47
1.669e-03 7.037e+52 1.959e+47
1.872e-03 5.459e+52 1.914e+47
2.101e-03 4.254e+52 1.878e+47
2.357e-03 3.303e+52 1.835e+47
2.645e-03 2.565e+52 1.794e+47
2.967e-03 1.990e+52 1.753e+47
3.329e-03 1.551e+52 1.719e+47
3.736e-03 1.204e+52 1.680e+47
4.192e-03 9.348e+51 1.642e+47
4.703e-03 7.258e+51 1.605e+47
5.277e-03 5.633e+51 1.568e+47
5.921e-03 4.375e+51 1.534e+47
6.643e-03 3.407e+51 1.504e+47
7.454e-03 2.646e+51 1.470e+47
8.363e-03 2.054e+51 1.437e+47
9.384e-03 1.595e+51 1.404e+47
1.053e-02 1.238e+51 1.373e+47
1.181e-02 9.605e+50 1.340e+47
1.325e-02 7.460e+50 1.311e+47
1.487e-02 5.792e+50 1.281e+47
1.669e-02 4.499e+50 1.253e+47
1.872e-02 3.493e+50 1.224e+47
2.101e-02 2.712e+50 1.197e+47
2.357e-02 2.106e+50 1.170e+47
2.645e-02 1.635e+50 1.144e+47
2.967e-02 1.270e+50 1.118e+47
3.329e-02 9.855e+49 1.092e+47
3.736e-02 7.652e+49 1.068e+47
4.192e-02 5.946e+49 1.045e+47
4.703e-02 4.617e+49 1.021e+47
5.277e-02 3.585e+49 9.982e+46
5.921e-02 2.784e+49 9.758e+46
6.643e-02 2.161e+49 9.538e+46
7.454e-02 1.678e+49 9.323e+46
8.363e-02 1.299e+49 9.086e+46
9.384e-02 1.008e+49 8.877e+46
1.053e-01 7.834e+48 8.684e+46
1.181e-01 6.082e+48 8.488e+46
1.325e-01 4.723e+48 8.297e+46
1.487e-01 3.656e+48 8.086e+46
1.669e-01 2.837e+48 7.900e+46
1.872e-01 2.204e+48 7.728e+46
2.101e-01 1.712e+48 7.554e+46
2.357e-01 1.325e+48 7.362e+46
2.645e-01 1.029e+48 7.197e+46
2.967e-01 7.989e+47 7.035e+46
3.329e-01 6.187e+47 6.858e+46
3.736e-01 4.803e+47 6.703e+46
4.192e-01 3.729e+47 6.552e+46
4.703e-01 2.887e+47 6.385e+46
5.277e-01 2.242e+47 6.242e+46
5.921e-01 1.740e+47 6.101e+46
6.643e-01 1.347e+47 5.944e+46
7.454e-01 1.046e+47 5.813e+46
8.363e-01 8.099e+46 5.665e+46
9.384e-01 6.289e+46 5.538e+46
1.053e+00 4.882e+46 5.412e+46
1.181e+00 3.780e+46 5.275e+46
1.325e+00 2.934e+46 5.155e+46
1.487e+00 2.272e+46 5.025e+46
1.669e+00 1.763e+46 4.910e+46
1.872e+00 1.365e+46 4.786e+46
2.101e+00 1.060e+46 4.677e+46
2.357e+00 8.203e+45 4.558e+46
2.645e+00 6.348e+45 4.440e+46
2.967e+00 4.928e+45 4.340e+46
3.329e+00 3.815e+45 4.229e+46
3.736e+00 2.960e+45 4.131e+46
4.192e+00 2.291e+45 4.025e+46
4.703e+00 1.772e+45 3.919e+46
5.277e+00 1.376e+45 3.830e+46
5.921e+00 1.064e+45 3.731e+46
6.643e+00 8.230e+44 3.632e+46
7.454e+00 6.387e+44 3.548e+46
8.363e+00 4.940e+44 3.455e+46
9.384e+00 3.821e+44 3.364e+46
1.053e+01 2.962e+44 3.283e+46
1.181e+01 2.290e+44 3.196e+46
1.325e+01 1.770e+44 3.110e+46
1.487e+01 1.368e+44 3.026e+46
1.669e+01 1.057e+44 2.942e+46
1.872e+01 8.185e+43 2.869e+46
2.101e+01 6.320e+43 2.789e+46
2.357e+01 4.878e+43 2.710e+46
2.645e+01 3.764e+43 2.632e+46
2.967e+01 2.903e+43 2.556e+46
3.329e+01 2.237e+43 2.480e+46
3.736e+01 1.728e+43 2.412e+46
4.192e+01 1.331e+43 2.338e+46
4.703e+01 1.024e+43 2.264e+46
5.277e+01 7.869e+42 2.191e+46
5.921e+01 6.044e+42 2.119e+46
6.643e+01 4.637e+42 2.046e+46
7.454e+01 3.554e+42 1.974e+46
8.363e+01 2.720e+42 1.902e+46
9.384e+01 2.079e+42 1.830e+46
1.053e+02 1.586e+42 1.758e+46
1.181e+02 1.208e+42 1.686e+46
1.325e+02 9.182e+41 1.613e+46
1.487e+02 6.963e+41 1.540e+46
1.669e+02 5.266e+41 1.466e+46
1.872e+02 3.971e+41 1.392e+46
2.101e+02 2.985e+41 1.317e+46
2.357e+02 2.228e+41 1.238e+46
2.645e+02 1.661e+41 1.162e+46
2.967e+02 1.233e+41 1.086e+46
3.329e+02 9.104e+40 1.009e+46
3.736e+02 6.681e+40 9.324e+45
4.192e+02 4.871e+40 8.557e+45
4.703e+02 3.524e+40 7.795e+45
5.277e+02 2.518e+40 7.012e+45
5.921e+02 1.789e+40 6.272e+45
6.643e+02 1.258e+40 5.551e+45
7.454e+02 8.737e+39 4.854e+45
8.363e+02 5.957e+39 4.166e+45
9.384e+02 4.019e+39 3.539e+45
1.053e+03 2.665e+39 2.954e+45
1.181e+03 1.723e+39 2.405e+45
1.325e+03 1.096e+39 1.926e+45
1.487e+03 6.807e+38 1.506e+45
1.669e+03 4.080e+38 1.136e+45
1.872e+03 2.388e+38 8.371e+44
2.101e+03 1.350e+38 5.957e+44
2.357e+03 7.263e+37 4.035e+44
2.645e+03 3.773e+37 2.639e+44
2.967e+03 1.865e+37 1.643e+44
3.329e+03 8.607e+36 9.541e+43
3.736e+03 3.773e+36 5.266e+43
4.192e+03 1.517e+36 2.665e+43
4.703e+03 5.711e+35 1.263e+43
