5.110e-07 2.502e+55 6.534e+42
5.734e-07 2.496e+55 8.205e+42
6.433e-07 2.489e+55 1.030e+43
7.218e-07 2.483e+55 1.294e+43
8.099e-07 2.475e+55 1.624e+43
9.087e-07 2.468e+55 2.038e+43
1.020e-06 2.460e+55 2.557e+43
1.144e-06 2.451e+55 3.208e+43
1.284e-06 2.442e+55 4.023e+43
1.440e-06 2.433e+55 5.046e+43
1.616e-06 2.422e+55 6.325e+43
1.813e-06 2.411e+55 7.927e+43
2.034e-06 2.400e+55 9.931e+43
2.283e-06 2.388e+55 1.244e+44
2.561e-06 2.375e+55 1.558e+44
2.874e-06 2.360e+55 1.949e+44
3.224e-06 2.345e+55 2.438e+44
3.618e-06 2.328e+55 3.047e+44
4.059e-06 2.310e+55 3.806e+44
4.554e-06 2.290e+55 4.750e+44
5.110e-06 2.268e+55 5.922e+44
5.734e-06 2.245e+55 7.380e+44
6.433e-06 2.220e+55 9.188e+44
7.218e-06 2.192e+55 1.142e+45
8.099e-06 2.162e+55 1.418e+45
9.087e-06 2.130e+55 1.759e+45
1.020e-05 2.094e+55 2.177e+45
1.144e-05 2.056e+55 2.691e+45
1.284e-05 2.015e+55 3.320e+45
1.440e-05 1.971e+55 4.087e+45
1.616e-05 1.923e+55 5.020e+45
1.813e-05 1.870e+55 6.149e+45
2.034e-05 1.815e+55 7.512e+45
2.283e-05 1.756e+55 9.151e+45
2.561e-05 1.694e+55 1.111e+46
2.874e-05 1.627e+55 1.343e+46
3.224e-05 1.557e+55 1.618e+46
3.618e-05 1.483e+55 1.941e+46
4.059e-05 1.407e+55 2.318e+46
4.554e-05 1.328e+55 2.755e+46
5.110e-05 1.247e+55 3.256e+46
5.734e-05 1.164e+55 3.826e+46
6.433e-05 1.081e+55 4.473e+46
7.218e-05 9.971e+54 5.195e+46
8.099e-05 9.136e+54 5.992e+46
9.087e-05 8.317e+54 6.867e+46
1.020e-04 7.519e+54 7.816e+46
1.144e-04 6.750e+54 8.834e+46
1.284e-04 6.013e+54 9.907e+46
1.440e-04 5.319e+54 1.103e+47
1.616e-04 4.670e+54 1.220e+47
1.813e-04 4.070e+54 1.338e+47
2.034e-04 3.521e+54 1.457e+47
2.283e-04 3.023e+54 1.575e+47
2.561e-04 2.577e+54 1.690e+47
2.874e-04 2.182e+54 1.802e+47
3.224e-04 1.835e+54 1.908e+47
3.618e-04 1.533e+54 2.006e+47
4.059e-04 1.272e+54 2.096e+47
4.554e-04 1.050e+54 2.178e+47
5.110e-04 8.620e+53 2.251e+47
5.734e-04 7.037e+53 2.313e+47
6.433e-04 5.717e+53 2.366e+47
7.218e-04 4.623e+53 2.409e+47
8.099e-04 3.722e+53 2.441e+47
9.087e-04 2.985e+53 2.465e+47
1.020e-03 2.385e+53 2.480e+47
1.144e-03 1.900e+53 2.486e+47
1.284e-03 1.508e+53 2.485e+47
1.440e-03 1.194e+53 2.477e+47
1.616e-03 9.429e+52 2.462e+47
1.813e-03 7.428e+52 2.442e+47
2.034e-03 5.840e+52 2.417e+47
2.283e-03 4.582e+52 2.387e+47
2.561e-03 3.589e+52 2.354e+47
2.874e-03 2.807e+52 2.318e+47
3.224e-03 2.192e+52 2.279e+47
3.618e-03 1.710e+52 2.237e+47
4.059e-03 1.332e+52 2.194e+47
4.554e-03 1.037e+52 2.150e+47
5.110e-03 8.059e+51 2.104e+47
5.734e-03 6.261e+51 2.058e+47
6.433e-03 4.861e+51 2.012e+47
7.218e-03 3.771e+51 1.965e+47
8.099e-03 2.924e+51 1.918e+47
9.087e-03 2.266e+51 1.871e+47
1.020e-02 1.755e+51 1.824e+47
1.144e-02 1.359e+51 1.778e+47
1.284e-02 1.052e+51 1.732e+47
1.440e-02 8.135e+50 1.687e+47
1.616e-02 6.292e+50 1.643e+47
1.813e-02 4.865e+50 1.599e+47
2.034e-02 3.761e+50 1.556e+47
2.283e-02 2.907e+50 1.514e+47
2.561e-02 2.246e+50 1.473e+47
2.874e-02 1.735e+50 1.433e+47
3.224e-02 1.340e+50 1.393e+47
3.618e-02 1.035e+50 1.355e+47
4.059e-02 7.995e+49 1.317e+47
4.554e-02 6.173e+49 1.280e+47
5.110e-02 4.766e+49 1.245e+47
5.734e-02 3.680e+49 1.210e+47
6.433e-02 2.841e+49 1.176e+47
7.218e-02 2.193e+49 1.142e+47
8.099e-02 1.692e+49 1.110e+47
9.087e-02 1.306e+49 1.078e+47
1.020e-01 1.008e+49 1.048e+47
1.144e-01 7.778e+48 1.018e+47
1.284e-01 6.002e+48 9.888e+46
1.440e-01 4.631e+48 9.605e+46
1.616e-01 3.573e+48 9.330e+46
1.813e-01 2.757e+48 9.062e+46
2.034e-01 2.127e+48 8.801e+46
2.283e-01 1.641e+48 8.548e+46
2.561e-01 1.266e+48 8.301e+46
2.874e-01 9.761e+47 8.060e+46
3.224e-01 7.529e+47 7.827e+46
3.618e-01 5.807e+47 7.599e+46
4.059e-01 4.478e+47 7.378e+46
4.554e-01 3.453e+47 7.162e+46
5.110e-01 2.662e+47 6.952e+46
5.734e-01 2.053e+47 6.748e+46
6.433e-01 1.582e+47 6.549e+46
7.218e-01 1.220e+47 6.354e+46
8.099e-01 9.400e+46 6.165e+46
9.087e-01 7.244e+46 5.982e+46
1.020e+00 5.582e+46 5.802e+46
1.144e+00 4.299e+46 5.626e+46
1.284e+00 3.311e+46 5.454e+46
1.440e+00 2.548e+46 5.285e+46
1.616e+00 1.961e+46 5.121e+46
1.813e+00 1.509e+46 4.960e+46
2.034e+00 1.160e+46 4.801e+46
2.283e+00 8.915e+45 4.645e+46
2.561e+00 6.848e+45 4.492e+46
2.874e+00 5.255e+45 4.339e+46
3.224e+00 4.030e+45 4.190e+46
3.618e+00 3.087e+45 4.040e+46
4.059e+00 2.362e+45 3.892e+46
4.554e+00 1.805e+45 3.743e+46
5.110e+00 1.376e+45 3.594e+46
5.734e+00 1.047e+45 3.443e+46
6.433e+00 7.950e+44 3.290e+46
7.218e+00 6.015e+44 3.134e+46
8.099e+00 4.533e+44 2.973e+46
9.087e+00 3.399e+44 2.807e+46
1.020e+01 2.534e+44 2.634e+46
1.144e+01 1.875e+44 2.454e+46
1.284e+01 1.374e+44 2.265e+46
1.440e+01 9.960e+43 2.066e+46
1.616e+01 7.110e+43 1.856e+46
1.813e+01 4.977e+43 1.636e+46
2.034e+01 3.389e+43 1.403e+46
2.283e+01 2.210e+43 1.151e+46
2.561e+01 1.323e+43 8.681e+45
2.874e+01 6.159e+42 5.085e+45
3.224e+01 1.802e+41 1.873e+44
