1.000e-20 0.000e+00 0.000e+00 0.000e+00 0.000e+00 0.000e+00
1.122e-20 0.000e+00 0.000e+00 0.000e+00 0.000e+00 0.000e+00
1.259e-20 0.000e+00 0.000e+00 0.000e+00 0.000e+00 0.000e+00
1.413e-20 0.000e+00 0.000e+00 0.000e+00 0.000e+00 0.000e+00
1.585e-20 0.000e+00 0.000e+00 0.000e+00 0.000e+00 0.000e+00
1.778e-20 0.000e+00 0.000e+00 0.000e+00 0.000e+00 0.000e+00
1.995e-20 0.000e+00 0.000e+00 0.000e+00 0.000e+00 0.000e+00
2.239e-20 0.000e+00 0.000e+00 0.000e+00 0.000e+00 0.000e+00
2.512e-20 0.000e+00 0.000e+00 0.000e+00 0.000e+00 0.000e+00
2.818e-20 0.000e+00 0.000e+00 0.000e+00 0.000e+00 0.000e+00
3.162e-20 0.000e+00 0.000e+00 0.000e+00 0.000e+00 0.000e+00
3.548e-20 0.000e+00 0.000e+00 0.000e+00 0.000e+00 0.000e+00
3.981e-20 0.000e+00 0.000e+00 0.000e+00 0.000e+00 0.000e+00
4.467e-20 0.000e+00 0.000e+00 0.000e+00 0.000e+00 0.000e+00
5.012e-20 0.000e+00 0.000e+00 0.000e+00 0.000e+00 0.000e+00
5.623e-20 0.000e+00 0.000e+00 0.000e+00 0.000e+00 0.000e+00
6.310e-20 0.000e+00 0.000e+00 0.000e+00 0.000e+00 0.000e+00
7.079e-20 0.000e+00 0.000e+00 0.000e+00 0.000e+00 0.000e+00
7.943e-20 0.000e+00 0.000e+00 0.000e+00 0.000e+00 0.000e+00
8.913e-20 0.000e+00 0.000e+00 0.000e+00 0.000e+00 0.000e+00
1.000e-19 0.000e+00 0.000e+00 0.000e+00 0.000e+00 0.000e+00
1.122e-19 0.000e+00 0.000e+00 0.000e+00 0.000e+00 0.000e+00
1.259e-19 0.000e+00 0.000e+00 0.000e+00 0.000e+00 0.000e+00
1.413e-19 0.000e+00 0.000e+00 0.000e+00 0.000e+00 0.000e+00
1.585e-19 0.000e+00 0.000e+00 0.000e+00 0.000e+00 0.000e+00
1.778e-19 0.000e+00 0.000e+00 0.000e+00 0.000e+00 0.000e+00
1.995e-19 0.000e+00 0.000e+00 0.000e+00 0.000e+00 0.000e+00
2.239e-19 0.000e+00 0.000e+00 0.000e+00 0.000e+00 0.000e+00
2.512e-19 0.000e+00 0.000e+00 0.000e+00 0.000e+00 0.000e+00
2.818e-19 0.000e+00 0.000e+00 0.000e+00 0.000e+00 0.000e+00
3.162e-19 0.000e+00 0.000e+00 0.000e+00 0.000e+00 0.000e+00
3.548e-19 0.000e+00 0.000e+00 0.000e+00 0.000e+00 0.000e+00
3.981e-19 0.000e+00 0.000e+00 0.000e+00 0.000e+00 0.000e+00
4.467e-19 0.000e+00 0.000e+00 0.000e+00 0.000e+00 0.000e+00
5.012e-19 0.000e+00 0.000e+00 0.000e+00 0.000e+00 0.000e+00
5.623e-19 0.000e+00 0.000e+00 0.000e+00 0.000e+00 0.000e+00
6.310e-19 0.000e+00 0.000e+00 0.000e+00 0.000e+00 0.000e+00
7.079e-19 0.000e+00 0.000e+00 0.000e+00 0.000e+00 0.000e+00
7.943e-19 0.000e+00 0.000e+00 0.000e+00 0.000e+00 0.000e+00
8.913e-19 0.000e+00 0.000e+00 0.000e+00 0.000e+00 0.000e+00
1.000e-18 0.000e+00 0.000e+00 0.000e+00 0.000e+00 0.000e+00
1.122e-18 0.000e+00 0.000e+00 0.000e+00 0.000e+00 0.000e+00
1.259e-18 0.000e+00 0.000e+00 0.000e+00 0.000e+00 0.000e+00
1.413e-18 0.000e+00 0.000e+00 0.000e+00 0.000e+00 0.000e+00
1.585e-18 0.000e+00 0.000e+00 0.000e+00 0.000e+00 0.000e+00
1.778e-18 0.000e+00 0.000e+00 0.000e+00 0.000e+00 0.000e+00
1.995e-18 0.000e+00 0.000e+00 0.000e+00 0.000e+00 0.000e+00
2.239e-18 0.000e+00 0.000e+00 0.000e+00 0.000e+00 0.000e+00
2.512e-18 0.000e+00 0.000e+00 0.000e+00 0.000e+00 0.000e+00
2.818e-18 0.000e+00 0.000e+00 0.000e+00 0.000e+00 0.000e+00
3.162e-18 0.000e+00 0.000e+00 0.000e+00 0.000e+00 0.000e+00
3.548e-18 0.000e+00 0.000e+00 0.000e+00 0.000e+00 0.000e+00
3.981e-18 0.000e+00 0.000e+00 0.000e+00 0.000e+00 0.000e+00
4.467e-18 0.000e+00 0.000e+00 0.000e+00 0.000e+00 0.000e+00
5.012e-18 0.000e+00 0.000e+00 0.000e+00 0.000e+00 0.000e+00
5.623e-18 0.000e+00 0.000e+00 0.000e+00 0.000e+00 0.000e+00
6.310e-18 0.000e+00 0.000e+00 0.000e+00 0.000e+00 0.000e+00
7.079e-18 0.000e+00 0.000e+00 0.000e+00 0.000e+00 0.000e+00
7.943e-18 0.000e+00 0.000e+00 0.000e+00 0.000e+00 0.000e+00
8.913e-18 0.000e+00 0.000e+00 0.000e+00 0.000e+00 0.000e+00
1.000e-17 0.000e+00 0.000e+00 0.000e+00 0.000e+00 0.000e+00
1.122e-17 0.000e+00 0.000e+00 0.000e+00 0.000e+00 0.000e+00
1.259e-17 0.000e+00 0.000e+00 0.000e+00 0.000e+00 0.000e+00
1.413e-17 0.000e+00 0.000e+00 0.000e+00 0.000e+00 0.000e+00
1.585e-17 0.000e+00 0.000e+00 0.000e+00 0.000e+00 0.000e+00
1.778e-17 0.000e+00 0.000e+00 0.000e+00 0.000e+00 0.000e+00
1.995e-17 0.000e+00 0.000e+00 0.000e+00 0.000e+00 0.000e+00
2.239e-17 0.000e+00 0.000e+00 0.000e+00 0.000e+00 0.000e+00
2.512e-17 0.000e+00 0.000e+00 0.000e+00 0.000e+00 0.000e+00
2.818e-17 0.000e+00 0.000e+00 0.000e+00 0.000e+00 0.000e+00
3.162e-17 0.000e+00 0.000e+00 0.000e+00 0.000e+00 0.000e+00
3.548e-17 0.000e+00 0.000e+00 0.000e+00 0.000e+00 0.000e+00
3.981e-17 0.000e+00 0.000e+00 0.000e+00 0.000e+00 0.000e+00
4.467e-17 0.000e+00 0.000e+00 0.000e+00 0.000e+00 0.000e+00
5.012e-17 0.000e+00 0.000e+00 0.000e+00 0.000e+00 0.000e+00
5.623e-17 0.000e+00 0.000e+00 0.000e+00 0.000e+00 0.000e+00
6.310e-17 0.000e+00 0.000e+00 0.000e+00 0.000e+00 0.000e+00
7.079e-17 0.000e+00 0.000e+00 0.000e+00 0.000e+00 0.000e+00
7.943e-17 0.000e+00 0.000e+00 0.000e+00 0.000e+00 0.000e+00
8.913e-17 0.000e+00 0.000e+00 0.000e+00 0.000e+00 0.000e+00
1.000e-16 0.000e+00 0.000e+00 0.000e+00 0.000e+00 0.000e+00
1.122e-16 0.000e+00 0.000e+00 0.000e+00 0.000e+00 0.000e+00
1.259e-16 0.000e+00 0.000e+00 0.000e+00 0.000e+00 0.000e+00
1.413e-16 0.000e+00 0.000e+00 0.000e+00 0.000e+00 0.000e+00
1.585e-16 0.000e+00 0.000e+00 0.000e+00 0.000e+00 0.000e+00
1.778e-16 0.000e+00 0.000e+00 0.000e+00 0.000e+00 0.000e+00
1.995e-16 0.000e+00 0.000e+00 0.000e+00 0.000e+00 0.000e+00
2.239e-16 0.000e+00 0.000e+00 0.000e+00 0.000e+00 0.000e+00
2.512e-16 0.000e+00 0.000e+00 0.000e+00 0.000e+00 0.000e+00
2.818e-16 0.000e+00 0.000e+00 0.000e+00 0.000e+00 0.000e+00
3.162e-16 0.000e+00 0.000e+00 0.000e+00 0.000e+00 0.000e+00
3.548e-16 0.000e+00 0.000e+00 0.000e+00 0.000e+00 0.000e+00
3.981e-16 0.000e+00 0.000e+00 0.000e+00 0.000e+00 0.000e+00
4.467e-16 0.000e+00 0.000e+00 0.000e+00 0.000e+00 0.000e+00
5.012e-16 0.000e+00 0.000e+00 0.000e+00 0.000e+00 0.000e+00
5.623e-16 0.000e+00 0.000e+00 0.000e+00 0.000e+00 0.000e+00
6.310e-16 0.000e+00 0.000e+00 0.000e+00 0.000e+00 0.000e+00
7.079e-16 0.000e+00 0.000e+00 0.000e+00 0.000e+00 0.000e+00
7.943e-16 0.000e+00 0.000e+00 0.000e+00 0.000e+00 0.000e+00
8.913e-16 0.000e+00 0.000e+00 0.000e+00 0.000e+00 0.000e+00
1.000e-15 0.000e+00 0.000e+00 0.000e+00 0.000e+00 0.000e+00
1.122e-15 2.522e+53 5.087e+23 5.096e-34 2.095e-23 2.633e-22
1.259e-15 2.245e+53 5.702e+23 5.711e-34 2.348e-23 2.951e-22
1.413e-15 1.999e+53 6.391e+23 6.401e-34 2.632e-23 3.307e-22
1.585e-15 1.780e+53 7.163e+23 7.175e-34 2.950e-23 3.707e-22
1.778e-15 1.585e+53 8.028e+23 8.042e-34 3.306e-23 4.155e-22
1.995e-15 1.411e+53 8.998e+23 9.014e-34 3.706e-23 4.657e-22
2.239e-15 1.256e+53 1.009e+24 1.010e-33 4.154e-23 5.220e-22
2.512e-15 1.118e+53 1.130e+24 1.132e-33 4.656e-23 5.850e-22
2.818e-15 9.956e+52 1.267e+24 1.269e-33 5.218e-23 6.557e-22
3.162e-15 8.863e+52 1.420e+24 1.422e-33 5.849e-23 7.350e-22
3.548e-15 7.891e+52 1.592e+24 1.594e-33 6.555e-23 8.238e-22
3.981e-15 7.025e+52 1.784e+24 1.787e-33 7.347e-23 9.233e-22
4.467e-15 6.255e+52 2.000e+24 2.003e-33 8.235e-23 1.035e-21
5.012e-15 5.569e+52 2.241e+24 2.245e-33 9.230e-23 1.160e-21
5.623e-15 4.958e+52 2.512e+24 2.516e-33 1.034e-22 1.300e-21
6.310e-15 4.414e+52 2.815e+24 2.820e-33 1.159e-22 1.457e-21
7.079e-15 3.930e+52 3.155e+24 3.161e-33 1.300e-22 1.633e-21
7.943e-15 3.499e+52 3.537e+24 3.543e-33 1.457e-22 1.830e-21
8.913e-15 3.115e+52 3.964e+24 3.971e-33 1.633e-22 2.052e-21
1.000e-14 2.773e+52 4.443e+24 4.450e-33 1.830e-22 2.299e-21
1.122e-14 2.469e+52 4.980e+24 4.988e-33 2.051e-22 2.577e-21
1.259e-14 2.198e+52 5.581e+24 5.591e-33 2.299e-22 2.888e-21
1.413e-14 1.957e+52 6.255e+24 6.266e-33 2.576e-22 3.237e-21
1.585e-14 1.742e+52 7.011e+24 7.023e-33 2.887e-22 3.629e-21
1.778e-14 1.551e+52 7.858e+24 7.871e-33 3.236e-22 4.067e-21
1.995e-14 1.381e+52 8.807e+24 8.822e-33 3.627e-22 4.558e-21
2.239e-14 1.229e+52 9.871e+24 9.888e-33 4.065e-22 5.109e-21
2.512e-14 1.094e+52 1.106e+25 1.108e-32 4.557e-22 5.726e-21
2.818e-14 9.744e+51 1.240e+25 1.242e-32 5.107e-22 6.418e-21
3.162e-14 8.675e+51 1.390e+25 1.392e-32 5.724e-22 7.193e-21
3.548e-14 7.723e+51 1.558e+25 1.560e-32 6.415e-22 8.062e-21
3.981e-14 6.875e+51 1.746e+25 1.749e-32 7.190e-22 9.036e-21
4.467e-14 6.121e+51 1.957e+25 1.960e-32 8.059e-22 1.013e-20
5.012e-14 5.449e+51 2.193e+25 2.197e-32 9.032e-22 1.135e-20
5.623e-14 4.852e+51 2.458e+25 2.462e-32 1.012e-21 1.272e-20
6.310e-14 4.319e+51 2.755e+25 2.760e-32 1.135e-21 1.426e-20
7.079e-14 3.845e+51 3.088e+25 3.093e-32 1.272e-21 1.598e-20
7.943e-14 3.423e+51 3.461e+25 3.467e-32 1.425e-21 1.791e-20
8.913e-14 3.048e+51 3.879e+25 3.885e-32 1.597e-21 2.007e-20
1.000e-13 2.713e+51 4.347e+25 4.355e-32 1.790e-21 2.250e-20
1.122e-13 2.416e+51 4.872e+25 4.880e-32 2.007e-21 2.522e-20
1.259e-13 2.150e+51 5.461e+25 5.470e-32 2.249e-21 2.826e-20
1.413e-13 1.915e+51 6.120e+25 6.131e-32 2.521e-21 3.167e-20
1.585e-13 1.704e+51 6.859e+25 6.871e-32 2.825e-21 3.550e-20
1.778e-13 1.517e+51 7.688e+25 7.701e-32 3.166e-21 3.979e-20
1.995e-13 1.351e+51 8.616e+25 8.631e-32 3.549e-21 4.459e-20
2.239e-13 1.203e+51 9.657e+25 9.673e-32 3.977e-21 4.998e-20
2.512e-13 1.071e+51 1.082e+26 1.084e-31 4.458e-21 5.602e-20
2.818e-13 9.532e+50 1.213e+26 1.215e-31 4.996e-21 6.278e-20
3.162e-13 8.486e+50 1.360e+26 1.362e-31 5.599e-21 7.036e-20
3.548e-13 7.554e+50 1.524e+26 1.526e-31 6.276e-21 7.886e-20
3.981e-13 6.725e+50 1.708e+26 1.711e-31 7.033e-21 8.838e-20
4.467e-13 5.987e+50 1.914e+26 1.917e-31 7.883e-21 9.906e-20
5.012e-13 5.330e+50 2.145e+26 2.149e-31 8.835e-21 1.110e-19
5.623e-13 4.745e+50 2.404e+26 2.408e-31 9.902e-21 1.244e-19
6.310e-13 4.225e+50 2.695e+26 2.699e-31 1.110e-20 1.395e-19
7.079e-13 3.761e+50 3.020e+26 3.025e-31 1.244e-20 1.563e-19
7.943e-13 3.348e+50 3.385e+26 3.390e-31 1.394e-20 1.752e-19
8.913e-13 2.981e+50 3.793e+26 3.800e-31 1.562e-20 1.963e-19
1.000e-12 2.654e+50 4.251e+26 4.259e-31 1.751e-20 2.200e-19
1.122e-12 2.362e+50 4.765e+26 4.773e-31 1.962e-20 2.466e-19
1.259e-12 2.103e+50 5.340e+26 5.349e-31 2.199e-20 2.764e-19
1.413e-12 1.872e+50 5.985e+26 5.995e-31 2.465e-20 3.098e-19
1.585e-12 1.667e+50 6.708e+26 6.719e-31 2.763e-20 3.472e-19
1.778e-12 1.484e+50 7.518e+26 7.530e-31 3.096e-20 3.891e-19
1.995e-12 1.321e+50 8.425e+26 8.440e-31 3.470e-20 4.361e-19
2.239e-12 1.176e+50 9.443e+26 9.459e-31 3.889e-20 4.887e-19
2.512e-12 1.047e+50 1.058e+27 1.060e-30 4.359e-20 5.477e-19
2.818e-12 9.320e+49 1.186e+27 1.188e-30 4.885e-20 6.139e-19
3.162e-12 8.297e+49 1.329e+27 1.332e-30 5.475e-20 6.880e-19
3.548e-12 7.386e+49 1.490e+27 1.492e-30 6.136e-20 7.710e-19
3.981e-12 6.575e+49 1.670e+27 1.673e-30 6.877e-20 8.641e-19
4.467e-12 5.854e+49 1.871e+27 1.874e-30 7.707e-20 9.685e-19
5.012e-12 5.211e+49 2.097e+27 2.101e-30 8.637e-20 1.085e-18
5.623e-12 4.639e+49 2.350e+27 2.354e-30 9.680e-20 1.216e-18
6.310e-12 4.130e+49 2.634e+27 2.639e-30 1.085e-19 1.363e-18
7.079e-12 3.677e+49 2.952e+27 2.957e-30 1.216e-19 1.528e-18
7.943e-12 3.273e+49 3.309e+27 3.314e-30 1.363e-19 1.712e-18
8.913e-12 2.914e+49 3.708e+27 3.714e-30 1.527e-19 1.919e-18
1.000e-11 2.594e+49 4.156e+27 4.163e-30 1.712e-19 2.151e-18
1.122e-11 2.309e+49 4.658e+27 4.665e-30 1.918e-19 2.410e-18
1.259e-11 2.056e+49 5.220e+27 5.229e-30 2.150e-19 2.701e-18
1.413e-11 1.830e+49 5.850e+27 5.860e-30 2.409e-19 3.028e-18
1.585e-11 1.629e+49 6.556e+27 6.567e-30 2.700e-19 3.393e-18
1.778e-11 1.450e+49 7.348e+27 7.360e-30 3.026e-19 3.803e-18
1.995e-11 1.291e+49 8.235e+27 8.249e-30 3.391e-19 4.262e-18
2.239e-11 1.149e+49 9.229e+27 9.245e-30 3.801e-19 4.776e-18
2.512e-11 1.023e+49 1.034e+28 1.036e-29 4.260e-19 5.353e-18
2.818e-11 9.108e+48 1.159e+28 1.161e-29 4.774e-19 5.999e-18
3.162e-11 8.108e+48 1.299e+28 1.301e-29 5.350e-19 6.723e-18
3.548e-11 7.218e+48 1.456e+28 1.458e-29 5.996e-19 7.535e-18
3.981e-11 6.426e+48 1.632e+28 1.634e-29 6.720e-19 8.445e-18
4.467e-11 5.720e+48 1.829e+28 1.832e-29 7.531e-19 9.464e-18
5.012e-11 5.092e+48 2.049e+28 2.053e-29 8.440e-19 1.061e-17
5.623e-11 4.533e+48 2.297e+28 2.301e-29 9.459e-19 1.189e-17
6.310e-11 4.035e+48 2.574e+28 2.578e-29 1.060e-18 1.332e-17
7.079e-11 3.592e+48 2.885e+28 2.890e-29 1.188e-18 1.493e-17
7.943e-11 3.198e+48 3.233e+28 3.238e-29 1.331e-18 1.673e-17
8.913e-11 2.847e+48 3.623e+28 3.629e-29 1.492e-18 1.875e-17
1.000e-10 2.534e+48 4.061e+28 4.067e-29 1.672e-18 2.101e-17
1.122e-10 2.256e+48 4.551e+28 4.558e-29 1.874e-18 2.355e-17
1.259e-10 2.008e+48 5.100e+28 5.109e-29 2.100e-18 2.639e-17
1.413e-10 1.788e+48 5.716e+28 5.725e-29 2.354e-18 2.958e-17
1.585e-10 1.592e+48 6.406e+28 6.416e-29 2.638e-18 3.315e-17
1.778e-10 1.417e+48 7.179e+28 7.191e-29 2.957e-18 3.715e-17
1.995e-10 1.261e+48 8.045e+28 8.059e-29 3.313e-18 4.164e-17
2.239e-10 1.123e+48 9.016e+28 9.032e-29 3.713e-18 4.666e-17
2.512e-10 9.996e+47 1.010e+29 1.012e-28 4.162e-18 5.230e-17
2.818e-10 8.899e+47 1.132e+29 1.134e-28 4.664e-18 5.861e-17
3.162e-10 7.922e+47 1.269e+29 1.271e-28 5.227e-18 6.569e-17
3.548e-10 7.052e+47 1.422e+29 1.425e-28 5.858e-18 7.362e-17
3.981e-10 6.278e+47 1.594e+29 1.597e-28 6.565e-18 8.250e-17
4.467e-10 5.589e+47 1.787e+29 1.790e-28 7.358e-18 9.246e-17
5.012e-10 4.975e+47 2.002e+29 2.006e-28 8.246e-18 1.036e-16
5.623e-10 4.429e+47 2.244e+29 2.248e-28 9.242e-18 1.161e-16
6.310e-10 3.943e+47 2.515e+29 2.519e-28 1.036e-17 1.302e-16
7.079e-10 3.510e+47 2.819e+29 2.823e-28 1.161e-17 1.459e-16
7.943e-10 3.125e+47 3.159e+29 3.164e-28 1.301e-17 1.635e-16
8.913e-10 2.782e+47 3.540e+29 3.546e-28 1.458e-17 1.832e-16
1.000e-09 2.477e+47 3.968e+29 3.975e-28 1.634e-17 2.054e-16
1.122e-09 2.205e+47 4.447e+29 4.455e-28 1.832e-17 2.302e-16
1.259e-09 1.963e+47 4.984e+29 4.993e-28 2.053e-17 2.580e-16
1.413e-09 1.747e+47 5.586e+29 5.596e-28 2.301e-17 2.891e-16
1.585e-09 1.556e+47 6.261e+29 6.272e-28 2.579e-17 3.240e-16
1.778e-09 1.385e+47 7.017e+29 7.029e-28 2.890e-17 3.632e-16
1.995e-09 1.233e+47 7.865e+29 7.879e-28 3.239e-17 4.071e-16
2.239e-09 1.098e+47 8.816e+29 8.831e-28 3.631e-17 4.562e-16
2.512e-09 9.774e+46 9.881e+29 9.898e-28 4.069e-17 5.114e-16
2.818e-09 8.702e+46 1.108e+30 1.109e-27 4.561e-17 5.732e-16
3.162e-09 7.748e+46 1.241e+30 1.244e-27 5.113e-17 6.425e-16
3.548e-09 6.899e+46 1.391e+30 1.394e-27 5.731e-17 7.202e-16
3.981e-09 6.142e+46 1.560e+30 1.562e-27 6.424e-17 8.072e-16
4.467e-09 5.469e+46 1.748e+30 1.751e-27 7.201e-17 9.049e-16
5.012e-09 4.870e+46 1.960e+30 1.963e-27 8.072e-17 1.014e-15
5.623e-09 4.336e+46 2.197e+30 2.201e-27 9.048e-17 1.137e-15
6.310e-09 3.861e+46 2.463e+30 2.467e-27 1.014e-16 1.275e-15
7.079e-09 3.438e+46 2.761e+30 2.765e-27 1.137e-16 1.429e-15
7.943e-09 3.062e+46 3.095e+30 3.100e-27 1.275e-16 1.602e-15
8.913e-09 2.726e+46 3.470e+30 3.476e-27 1.429e-16 1.796e-15
1.000e-08 2.428e+46 3.890e+30 3.896e-27 1.602e-16 2.013e-15
1.122e-08 2.162e+46 4.361e+30 4.368e-27 1.796e-16 2.257e-15
1.259e-08 1.925e+46 4.889e+30 4.897e-27 2.013e-16 2.530e-15
1.413e-08 1.715e+46 5.481e+30 5.490e-27 2.257e-16 2.837e-15
1.585e-08 1.527e+46 6.145e+30 6.155e-27 2.531e-16 3.180e-15
1.778e-08 1.360e+46 6.889e+30 6.901e-27 2.837e-16 3.565e-15
1.995e-08 1.211e+46 7.723e+30 7.736e-27 3.181e-16 3.997e-15
2.239e-08 1.078e+46 8.658e+30 8.673e-27 3.566e-16 4.481e-15
2.512e-08 9.601e+45 9.706e+30 9.722e-27 3.997e-16 5.023e-15
2.818e-08 8.549e+45 1.088e+31 1.090e-26 4.481e-16 5.631e-15
3.162e-08 7.612e+45 1.220e+31 1.222e-26 5.023e-16 6.312e-15
3.548e-08 6.777e+45 1.367e+31 1.369e-26 5.630e-16 7.074e-15
3.981e-08 6.033e+45 1.532e+31 1.535e-26 6.309e-16 7.928e-15
4.467e-08 5.370e+45 1.717e+31 1.720e-26 7.070e-16 8.884e-15
5.012e-08 4.779e+45 1.923e+31 1.927e-26 7.921e-16 9.954e-15
5.623e-08 4.253e+45 2.155e+31 2.158e-26 8.874e-16 1.115e-14
6.310e-08 3.782e+45 2.412e+31 2.417e-26 9.936e-16 1.249e-14
7.079e-08 3.366e+45 2.703e+31 2.707e-26 1.113e-15 1.399e-14
7.943e-08 2.994e+45 3.027e+31 3.032e-26 1.247e-15 1.567e-14
8.913e-08 2.664e+45 3.390e+31 3.396e-26 1.396e-15 1.755e-14
1.000e-07 2.369e+45 3.796e+31 3.803e-26 1.563e-15 1.965e-14
1.122e-07 2.107e+45 4.250e+31 4.257e-26 1.750e-15 2.200e-14
1.259e-07 1.874e+45 4.757e+31 4.766e-26 1.959e-15 2.462e-14
1.413e-07 1.666e+45 5.324e+31 5.333e-26 2.193e-15 2.756e-14
1.585e-07 1.481e+45 5.960e+31 5.970e-26 2.455e-15 3.084e-14
1.778e-07 1.317e+45 6.670e+31 6.682e-26 2.747e-15 3.452e-14
1.995e-07 1.170e+45 7.464e+31 7.477e-26 3.074e-15 3.863e-14
2.239e-07 1.040e+45 8.351e+31 8.366e-26 3.440e-15 4.322e-14
2.512e-07 9.244e+44 9.345e+31 9.361e-26 3.849e-15 4.837e-14
2.818e-07 8.216e+44 1.046e+32 1.047e-25 4.306e-15 5.411e-14
3.162e-07 7.300e+44 1.170e+32 1.172e-25 4.817e-15 6.053e-14
3.548e-07 6.487e+44 1.308e+32 1.311e-25 5.389e-15 6.772e-14
3.981e-07 5.763e+44 1.463e+32 1.466e-25 6.027e-15 7.574e-14
4.467e-07 5.121e+44 1.637e+32 1.640e-25 6.742e-15 8.472e-14
5.012e-07 4.549e+44 1.831e+32 1.834e-25 7.539e-15 9.474e-14
5.623e-07 4.041e+44 2.047e+32 2.051e-25 8.431e-15 1.059e-13
6.310e-07 3.588e+44 2.289e+32 2.293e-25 9.426e-15 1.185e-13
7.079e-07 3.187e+44 2.559e+32 2.563e-25 1.054e-14 1.324e-13
7.943e-07 2.830e+44 2.860e+32 2.865e-25 1.178e-14 1.480e-13
8.913e-07 2.512e+44 3.197e+32 3.203e-25 1.317e-14 1.655e-13
1.000e-06 2.234e+44 3.580e+32 3.586e-25 1.474e-14 1.853e-13
1.122e-06 1.982e+44 3.998e+32 4.005e-25 1.647e-14 2.069e-13
1.259e-06 1.762e+44 4.474e+32 4.482e-25 1.843e-14 2.315e-13
1.413e-06 1.566e+44 5.005e+32 5.014e-25 2.061e-14 2.590e-13
1.585e-06 1.387e+44 5.583e+32 5.592e-25 2.299e-14 2.889e-13
1.778e-06 1.232e+44 6.240e+32 6.250e-25 2.570e-14 3.229e-13
1.995e-06 1.094e+44 6.975e+32 6.987e-25 2.873e-14 3.610e-13
2.239e-06 9.674e+43 7.768e+32 7.781e-25 3.199e-14 4.020e-13
2.512e-06 8.579e+43 8.673e+32 8.687e-25 3.572e-14 4.488e-13
2.818e-06 7.606e+43 9.680e+32 9.697e-25 3.987e-14 5.010e-13
3.162e-06 6.713e+43 1.076e+33 1.077e-24 4.429e-14 5.566e-13
3.548e-06 5.943e+43 1.199e+33 1.201e-24 4.937e-14 6.204e-13
3.981e-06 5.264e+43 1.337e+33 1.339e-24 5.505e-14 6.918e-13
4.467e-06 4.635e+43 1.482e+33 1.484e-24 6.102e-14 7.668e-13
5.012e-06 4.096e+43 1.649e+33 1.651e-24 6.789e-14 8.532e-13
5.623e-06 3.619e+43 1.833e+33 1.837e-24 7.551e-14 9.489e-13
6.310e-06 3.195e+43 2.038e+33 2.042e-24 8.394e-14 1.055e-12
7.079e-06 2.799e+43 2.247e+33 2.251e-24 9.255e-14 1.163e-12
7.943e-06 2.465e+43 2.492e+33 2.496e-24 1.026e-13 1.289e-12
8.913e-06 2.169e+43 2.761e+33 2.765e-24 1.137e-13 1.429e-12
1.000e-05 1.908e+43 3.056e+33 3.062e-24 1.259e-13 1.582e-12
1.122e-05 1.676e+43 3.381e+33 3.387e-24 1.393e-13 1.750e-12
1.259e-05 1.454e+43 3.691e+33 3.697e-24 1.520e-13 1.910e-12
1.413e-05 1.272e+43 4.066e+33 4.073e-24 1.675e-13 2.104e-12
1.585e-05 1.112e+43 4.474e+33 4.482e-24 1.843e-13 2.316e-12
1.778e-05 9.704e+42 4.917e+33 4.925e-24 2.025e-13 2.545e-12
1.995e-05 8.460e+42 5.396e+33 5.405e-24 2.222e-13 2.793e-12
2.239e-05 7.364e+42 5.913e+33 5.923e-24 2.435e-13 3.060e-12
2.512e-05 6.401e+42 6.471e+33 6.482e-24 2.665e-13 3.349e-12
2.818e-05 5.434e+42 6.916e+33 6.928e-24 2.848e-13 3.579e-12
3.162e-05 4.700e+42 7.531e+33 7.544e-24 3.102e-13 3.898e-12
3.548e-05 4.057e+42 8.182e+33 8.196e-24 3.370e-13 4.235e-12
3.981e-05 3.493e+42 8.871e+33 8.886e-24 3.653e-13 4.591e-12
4.467e-05 3.002e+42 9.598e+33 9.614e-24 3.953e-13 4.967e-12
5.012e-05 2.575e+42 1.036e+34 1.038e-23 4.267e-13 5.362e-12
5.623e-05 2.203e+42 1.116e+34 1.118e-23 4.597e-13 5.776e-12
6.310e-05 1.881e+42 1.200e+34 1.202e-23 4.940e-13 6.208e-12
7.079e-05 1.602e+42 1.286e+34 1.288e-23 5.297e-13 6.656e-12
7.943e-05 1.361e+42 1.375e+34 1.378e-23 5.665e-13 7.119e-12
8.913e-05 1.153e+42 1.467e+34 1.470e-23 6.043e-13 7.594e-12
1.000e-04 9.744e+41 1.561e+34 1.564e-23 6.430e-13 8.080e-12
1.122e-04 8.212e+41 1.656e+34 1.659e-23 6.822e-13 8.573e-12
1.259e-04 6.901e+41 1.752e+34 1.755e-23 7.217e-13 9.070e-12
1.413e-04 5.783e+41 1.849e+34 1.852e-23 7.613e-13 9.567e-12
1.585e-04 4.831e+41 1.944e+34 1.947e-23 8.007e-13 1.006e-11
1.778e-04 4.023e+41 2.038e+34 2.042e-23 8.395e-13 1.055e-11
1.995e-04 3.340e+41 2.130e+34 2.134e-23 8.773e-13 1.103e-11
2.239e-04 2.505e+41 2.012e+34 2.015e-23 8.285e-13 1.041e-11
2.512e-04 2.040e+41 2.062e+34 2.066e-23 8.493e-13 1.067e-11
2.818e-04 1.655e+41 2.106e+34 2.110e-23 8.674e-13 1.090e-11
3.162e-04 1.338e+41 2.143e+34 2.147e-23 8.827e-13 1.109e-11
3.548e-04 1.078e+41 2.174e+34 2.177e-23 8.953e-13 1.125e-11
3.981e-04 8.654e+40 2.197e+34 2.201e-23 9.050e-13 1.137e-11
4.467e-04 6.927e+40 2.214e+34 2.218e-23 9.120e-13 1.146e-11
5.012e-04 5.528e+40 2.225e+34 2.228e-23 9.162e-13 1.151e-11
5.623e-04 4.399e+40 2.229e+34 2.233e-23 9.179e-13 1.153e-11
6.310e-04 3.491e+40 2.227e+34 2.231e-23 9.172e-13 1.153e-11
7.079e-04 2.764e+40 2.220e+34 2.223e-23 9.141e-13 1.149e-11
7.943e-04 2.183e+40 2.207e+34 2.211e-23 9.090e-13 1.142e-11
8.913e-04 1.721e+40 2.190e+34 2.194e-23 9.019e-13 1.133e-11
1.000e-03 1.354e+40 2.169e+34 2.172e-23 8.931e-13 1.122e-11
1.122e-03 1.063e+40 2.144e+34 2.147e-23 8.828e-13 1.109e-11
1.259e-03 8.330e+39 2.115e+34 2.119e-23 8.711e-13 1.095e-11
1.413e-03 6.519e+39 2.084e+34 2.088e-23 8.583e-13 1.079e-11
1.585e-03 5.095e+39 2.050e+34 2.054e-23 8.444e-13 1.061e-11
1.778e-03 3.976e+39 2.015e+34 2.018e-23 8.297e-13 1.043e-11
1.995e-03 3.100e+39 1.977e+34 1.981e-23 8.144e-13 1.023e-11
2.239e-03 2.414e+39 1.939e+34 1.942e-23 7.984e-13 1.003e-11
2.512e-03 1.878e+39 1.899e+34 1.902e-23 7.820e-13 9.827e-12
2.818e-03 1.460e+39 1.858e+34 1.861e-23 7.653e-13 9.617e-12
3.162e-03 1.134e+39 1.817e+34 1.820e-23 7.483e-13 9.404e-12
3.548e-03 8.802e+38 1.775e+34 1.778e-23 7.312e-13 9.189e-12
3.981e-03 6.828e+38 1.734e+34 1.737e-23 7.141e-13 8.973e-12
4.467e-03 5.293e+38 1.692e+34 1.695e-23 6.969e-13 8.758e-12
5.012e-03 4.101e+38 1.651e+34 1.653e-23 6.798e-13 8.543e-12
5.623e-03 3.176e+38 1.609e+34 1.612e-23 6.628e-13 8.329e-12
6.310e-03 2.459e+38 1.569e+34 1.571e-23 6.460e-13 8.118e-12
7.079e-03 1.903e+38 1.528e+34 1.531e-23 6.293e-13 7.909e-12
7.943e-03 1.472e+38 1.488e+34 1.491e-23 6.129e-13 7.702e-12
8.913e-03 1.139e+38 1.449e+34 1.451e-23 5.968e-13 7.499e-12
1.000e-02 8.803e+37 1.410e+34 1.413e-23 5.809e-13 7.299e-12
1.122e-02 6.804e+37 1.372e+34 1.375e-23 5.652e-13 7.103e-12
1.259e-02 5.258e+37 1.335e+34 1.338e-23 5.499e-13 6.910e-12
1.413e-02 4.063e+37 1.299e+34 1.301e-23 5.349e-13 6.722e-12
1.585e-02 3.139e+37 1.263e+34 1.265e-23 5.202e-13 6.537e-12
1.778e-02 2.424e+37 1.228e+34 1.230e-23 5.058e-13 6.356e-12
1.995e-02 1.872e+37 1.194e+34 1.196e-23 4.918e-13 6.180e-12
2.239e-02 1.446e+37 1.161e+34 1.163e-23 4.780e-13 6.007e-12
2.512e-02 1.116e+37 1.128e+34 1.130e-23 4.646e-13 5.839e-12
2.818e-02 8.615e+36 1.096e+34 1.098e-23 4.516e-13 5.674e-12
3.162e-02 6.650e+36 1.065e+34 1.067e-23 4.388e-13 5.514e-12
3.548e-02 5.132e+36 1.035e+34 1.037e-23 4.263e-13 5.358e-12
3.981e-02 3.961e+36 1.006e+34 1.007e-23 4.142e-13 5.205e-12
4.467e-02 3.056e+36 9.770e+33 9.786e-24 4.024e-13 5.056e-12
5.012e-02 2.358e+36 9.490e+33 9.506e-24 3.908e-13 4.911e-12
5.623e-02 1.819e+36 9.217e+33 9.233e-24 3.796e-13 4.770e-12
6.310e-02 1.403e+36 8.951e+33 8.966e-24 3.686e-13 4.633e-12
7.079e-02 1.082e+36 8.692e+33 8.707e-24 3.580e-13 4.498e-12
7.943e-02 8.349e+35 8.440e+33 8.454e-24 3.476e-13 4.368e-12
8.913e-02 6.438e+35 8.194e+33 8.207e-24 3.375e-13 4.241e-12
1.000e-01 4.964e+35 7.954e+33 7.967e-24 3.276e-13 4.116e-12
1.122e-01 3.828e+35 7.720e+33 7.733e-24 3.180e-13 3.996e-12
1.259e-01 2.951e+35 7.492e+33 7.505e-24 3.086e-13 3.878e-12
1.413e-01 2.274e+35 7.270e+33 7.283e-24 2.994e-13 3.763e-12
1.585e-01 1.753e+35 7.054e+33 7.066e-24 2.905e-13 3.651e-12
1.778e-01 1.351e+35 6.843e+33 6.854e-24 2.818e-13 3.541e-12
1.995e-01 1.040e+35 6.636e+33 6.648e-24 2.733e-13 3.435e-12
2.239e-01 8.014e+34 6.435e+33 6.446e-24 2.650e-13 3.330e-12
2.512e-01 6.171e+34 6.238e+33 6.249e-24 2.569e-13 3.229e-12
2.818e-01 4.751e+34 6.046e+33 6.057e-24 2.490e-13 3.129e-12
3.162e-01 3.657e+34 5.858e+33 5.868e-24 2.413e-13 3.032e-12
3.548e-01 2.813e+34 5.674e+33 5.684e-24 2.337e-13 2.937e-12
3.981e-01 2.164e+34 5.494e+33 5.504e-24 2.263e-13 2.844e-12
4.467e-01 1.664e+34 5.318e+33 5.327e-24 2.190e-13 2.752e-12
5.012e-01 1.278e+34 5.145e+33 5.154e-24 2.119e-13 2.663e-12
5.623e-01 9.819e+33 4.975e+33 4.983e-24 2.049e-13 2.575e-12
6.310e-01 7.538e+33 4.808e+33 4.816e-24 1.980e-13 2.488e-12
7.079e-01 5.783e+33 4.644e+33 4.652e-24 1.913e-13 2.403e-12
7.943e-01 4.434e+33 4.482e+33 4.490e-24 1.846e-13 2.320e-12
8.913e-01 3.396e+33 4.323e+33 4.330e-24 1.780e-13 2.237e-12
1.000e+00 2.600e+33 4.165e+33 4.172e-24 1.715e-13 2.155e-12
1.122e+00 1.988e+33 4.009e+33 4.016e-24 1.651e-13 2.075e-12
1.259e+00 1.518e+33 3.855e+33 3.861e-24 1.588e-13 1.995e-12
1.413e+00 1.158e+33 3.701e+33 3.708e-24 1.524e-13 1.916e-12
1.585e+00 8.820e+32 3.550e+33 3.556e-24 1.462e-13 1.837e-12
1.778e+00 6.708e+32 3.398e+33 3.404e-24 1.400e-13 1.759e-12
1.995e+00 5.092e+32 3.248e+33 3.253e-24 1.338e-13 1.681e-12
2.239e+00 3.858e+32 3.098e+33 3.103e-24 1.276e-13 1.603e-12
2.512e+00 2.916e+32 2.948e+33 2.953e-24 1.214e-13 1.526e-12
2.818e+00 2.199e+32 2.798e+33 2.803e-24 1.152e-13 1.448e-12
3.162e+00 1.653e+32 2.648e+33 2.653e-24 1.091e-13 1.371e-12
3.548e+00 1.238e+32 2.498e+33 2.502e-24 1.029e-13 1.293e-12
3.981e+00 9.245e+31 2.348e+33 2.352e-24 9.668e-14 1.215e-12
4.467e+00 6.872e+31 2.197e+33 2.200e-24 9.047e-14 1.137e-12
5.012e+00 5.083e+31 2.046e+33 2.049e-24 8.424e-14 1.059e-12
5.623e+00 3.738e+31 1.894e+33 1.897e-24 7.801e-14 9.803e-13
6.310e+00 2.732e+31 1.742e+33 1.745e-24 7.176e-14 9.018e-13
7.079e+00 1.981e+31 1.591e+33 1.594e-24 6.552e-14 8.234e-13
7.943e+00 1.424e+31 1.440e+33 1.442e-24 5.930e-14 7.452e-13
8.913e+00 1.013e+31 1.290e+33 1.292e-24 5.312e-14 6.675e-13
1.000e+01 7.122e+30 1.141e+33 1.143e-24 4.700e-14 5.906e-13
1.122e+01 4.932e+30 9.947e+32 9.964e-25 4.097e-14 5.148e-13
1.259e+01 3.353e+30 8.515e+32 8.529e-25 3.507e-14 4.407e-13
1.413e+01 2.229e+30 7.125e+32 7.137e-25 2.934e-14 3.688e-13
1.585e+01 1.439e+30 5.790e+32 5.800e-25 2.384e-14 2.996e-13
1.778e+01 8.926e+29 4.522e+32 4.530e-25 1.863e-14 2.341e-13
1.995e+01 5.234e+29 3.338e+32 3.344e-25 1.375e-14 1.728e-13
2.239e+01 2.810e+29 2.256e+32 2.260e-25 9.292e-15 1.168e-13
2.512e+01 1.287e+29 1.301e+32 1.303e-25 5.357e-15 6.732e-14
2.818e+01 4.076e+28 5.187e+31 5.196e-26 2.136e-15 2.685e-14
3.162e+01 1.156e+27 1.852e+30 1.856e-27 7.629e-17 9.587e-16
3.548e+01 0.000e+00 0.000e+00 0.000e+00 0.000e+00 0.000e+00
3.981e+01 0.000e+00 0.000e+00 0.000e+00 0.000e+00 0.000e+00
4.467e+01 0.000e+00 0.000e+00 0.000e+00 0.000e+00 0.000e+00
5.012e+01 0.000e+00 0.000e+00 0.000e+00 0.000e+00 0.000e+00
5.623e+01 0.000e+00 0.000e+00 0.000e+00 0.000e+00 0.000e+00
6.310e+01 0.000e+00 0.000e+00 0.000e+00 0.000e+00 0.000e+00
7.079e+01 0.000e+00 0.000e+00 0.000e+00 0.000e+00 0.000e+00
7.943e+01 0.000e+00 0.000e+00 0.000e+00 0.000e+00 0.000e+00
8.913e+01 0.000e+00 0.000e+00 0.000e+00 0.000e+00 0.000e+00
1.000e+02 0.000e+00 0.000e+00 0.000e+00 0.000e+00 0.000e+00
1.122e+02 0.000e+00 0.000e+00 0.000e+00 0.000e+00 0.000e+00
1.259e+02 0.000e+00 0.000e+00 0.000e+00 0.000e+00 0.000e+00
1.413e+02 0.000e+00 0.000e+00 0.000e+00 0.000e+00 0.000e+00
1.585e+02 0.000e+00 0.000e+00 0.000e+00 0.000e+00 0.000e+00
1.778e+02 0.000e+00 0.000e+00 0.000e+00 0.000e+00 0.000e+00
1.995e+02 0.000e+00 0.000e+00 0.000e+00 0.000e+00 0.000e+00
2.239e+02 0.000e+00 0.000e+00 0.000e+00 0.000e+00 0.000e+00
2.512e+02 0.000e+00 0.000e+00 0.000e+00 0.000e+00 0.000e+00
2.818e+02 0.000e+00 0.000e+00 0.000e+00 0.000e+00 0.000e+00
3.162e+02 0.000e+00 0.000e+00 0.000e+00 0.000e+00 0.000e+00
3.548e+02 0.000e+00 0.000e+00 0.000e+00 0.000e+00 0.000e+00
3.981e+02 0.000e+00 0.000e+00 0.000e+00 0.000e+00 0.000e+00
4.467e+02 0.000e+00 0.000e+00 0.000e+00 0.000e+00 0.000e+00
5.012e+02 0.000e+00 0.000e+00 0.000e+00 0.000e+00 0.000e+00
5.623e+02 0.000e+00 0.000e+00 0.000e+00 0.000e+00 0.000e+00
6.310e+02 0.000e+00 0.000e+00 0.000e+00 0.000e+00 0.000e+00
7.079e+02 0.000e+00 0.000e+00 0.000e+00 0.000e+00 0.000e+00
7.943e+02 0.000e+00 0.000e+00 0.000e+00 0.000e+00 0.000e+00
8.913e+02 0.000e+00 0.000e+00 0.000e+00 0.000e+00 0.000e+00
1.000e+03 0.000e+00 0.000e+00 0.000e+00 0.000e+00 0.000e+00
1.122e+03 0.000e+00 0.000e+00 0.000e+00 0.000e+00 0.000e+00
1.259e+03 0.000e+00 0.000e+00 0.000e+00 0.000e+00 0.000e+00
1.413e+03 0.000e+00 0.000e+00 0.000e+00 0.000e+00 0.000e+00
1.585e+03 0.000e+00 0.000e+00 0.000e+00 0.000e+00 0.000e+00
1.778e+03 0.000e+00 0.000e+00 0.000e+00 0.000e+00 0.000e+00
1.995e+03 0.000e+00 0.000e+00 0.000e+00 0.000e+00 0.000e+00
2.239e+03 0.000e+00 0.000e+00 0.000e+00 0.000e+00 0.000e+00
2.512e+03 0.000e+00 0.000e+00 0.000e+00 0.000e+00 0.000e+00
2.818e+03 0.000e+00 0.000e+00 0.000e+00 0.000e+00 0.000e+00
3.162e+03 0.000e+00 0.000e+00 0.000e+00 0.000e+00 0.000e+00
3.548e+03 0.000e+00 0.000e+00 0.000e+00 0.000e+00 0.000e+00
3.981e+03 0.000e+00 0.000e+00 0.000e+00 0.000e+00 0.000e+00
4.467e+03 0.000e+00 0.000e+00 0.000e+00 0.000e+00 0.000e+00
5.012e+03 0.000e+00 0.000e+00 0.000e+00 0.000e+00 0.000e+00
5.623e+03 0.000e+00 0.000e+00 0.000e+00 0.000e+00 0.000e+00
6.310e+03 0.000e+00 0.000e+00 0.000e+00 0.000e+00 0.000e+00
7.079e+03 0.000e+00 0.000e+00 0.000e+00 0.000e+00 0.000e+00
7.943e+03 0.000e+00 0.000e+00 0.000e+00 0.000e+00 0.000e+00
8.913e+03 0.000e+00 0.000e+00 0.000e+00 0.000e+00 0.000e+00
1.000e+04 0.000e+00 0.000e+00 0.000e+00 0.000e+00 0.000e+00
1.122e+04 0.000e+00 0.000e+00 0.000e+00 0.000e+00 0.000e+00
1.259e+04 0.000e+00 0.000e+00 0.000e+00 0.000e+00 0.000e+00
1.413e+04 0.000e+00 0.000e+00 0.000e+00 0.000e+00 0.000e+00
1.585e+04 0.000e+00 0.000e+00 0.000e+00 0.000e+00 0.000e+00
1.778e+04 0.000e+00 0.000e+00 0.000e+00 0.000e+00 0.000e+00
1.995e+04 0.000e+00 0.000e+00 0.000e+00 0.000e+00 0.000e+00
2.239e+04 0.000e+00 0.000e+00 0.000e+00 0.000e+00 0.000e+00
2.512e+04 0.000e+00 0.000e+00 0.000e+00 0.000e+00 0.000e+00
2.818e+04 0.000e+00 0.000e+00 0.000e+00 0.000e+00 0.000e+00
3.162e+04 0.000e+00 0.000e+00 0.000e+00 0.000e+00 0.000e+00
3.548e+04 0.000e+00 0.000e+00 0.000e+00 0.000e+00 0.000e+00
3.981e+04 0.000e+00 0.000e+00 0.000e+00 0.000e+00 0.000e+00
4.467e+04 0.000e+00 0.000e+00 0.000e+00 0.000e+00 0.000e+00
5.012e+04 0.000e+00 0.000e+00 0.000e+00 0.000e+00 0.000e+00
5.623e+04 0.000e+00 0.000e+00 0.000e+00 0.000e+00 0.000e+00
6.310e+04 0.000e+00 0.000e+00 0.000e+00 0.000e+00 0.000e+00
7.079e+04 0.000e+00 0.000e+00 0.000e+00 0.000e+00 0.000e+00
7.943e+04 0.000e+00 0.000e+00 0.000e+00 0.000e+00 0.000e+00
8.913e+04 0.000e+00 0.000e+00 0.000e+00 0.000e+00 0.000e+00
1.000e+05 0.000e+00 0.000e+00 0.000e+00 0.000e+00 0.000e+00
1.122e+05 0.000e+00 0.000e+00 0.000e+00 0.000e+00 0.000e+00
1.259e+05 0.000e+00 0.000e+00 0.000e+00 0.000e+00 0.000e+00
1.413e+05 0.000e+00 0.000e+00 0.000e+00 0.000e+00 0.000e+00
1.585e+05 0.000e+00 0.000e+00 0.000e+00 0.000e+00 0.000e+00
1.778e+05 0.000e+00 0.000e+00 0.000e+00 0.000e+00 0.000e+00
1.995e+05 0.000e+00 0.000e+00 0.000e+00 0.000e+00 0.000e+00
2.239e+05 0.000e+00 0.000e+00 0.000e+00 0.000e+00 0.000e+00
2.512e+05 0.000e+00 0.000e+00 0.000e+00 0.000e+00 0.000e+00
2.818e+05 0.000e+00 0.000e+00 0.000e+00 0.000e+00 0.000e+00
3.162e+05 0.000e+00 0.000e+00 0.000e+00 0.000e+00 0.000e+00
3.548e+05 0.000e+00 0.000e+00 0.000e+00 0.000e+00 0.000e+00
3.981e+05 0.000e+00 0.000e+00 0.000e+00 0.000e+00 0.000e+00
4.467e+05 0.000e+00 0.000e+00 0.000e+00 0.000e+00 0.000e+00
5.012e+05 0.000e+00 0.000e+00 0.000e+00 0.000e+00 0.000e+00
5.623e+05 0.000e+00 0.000e+00 0.000e+00 0.000e+00 0.000e+00
6.310e+05 0.000e+00 0.000e+00 0.000e+00 0.000e+00 0.000e+00
7.079e+05 0.000e+00 0.000e+00 0.000e+00 0.000e+00 0.000e+00
7.943e+05 0.000e+00 0.000e+00 0.000e+00 0.000e+00 0.000e+00
8.913e+05 0.000e+00 0.000e+00 0.000e+00 0.000e+00 0.000e+00
1.000e+06 0.000e+00 0.000e+00 0.000e+00 0.000e+00 0.000e+00
1.122e+06 0.000e+00 0.000e+00 0.000e+00 0.000e+00 0.000e+00
1.259e+06 0.000e+00 0.000e+00 0.000e+00 0.000e+00 0.000e+00
1.413e+06 0.000e+00 0.000e+00 0.000e+00 0.000e+00 0.000e+00
1.585e+06 0.000e+00 0.000e+00 0.000e+00 0.000e+00 0.000e+00
1.778e+06 0.000e+00 0.000e+00 0.000e+00 0.000e+00 0.000e+00
1.995e+06 0.000e+00 0.000e+00 0.000e+00 0.000e+00 0.000e+00
2.239e+06 0.000e+00 0.000e+00 0.000e+00 0.000e+00 0.000e+00
2.512e+06 0.000e+00 0.000e+00 0.000e+00 0.000e+00 0.000e+00
2.818e+06 0.000e+00 0.000e+00 0.000e+00 0.000e+00 0.000e+00
3.162e+06 0.000e+00 0.000e+00 0.000e+00 0.000e+00 0.000e+00
3.548e+06 0.000e+00 0.000e+00 0.000e+00 0.000e+00 0.000e+00
3.981e+06 0.000e+00 0.000e+00 0.000e+00 0.000e+00 0.000e+00
4.467e+06 0.000e+00 0.000e+00 0.000e+00 0.000e+00 0.000e+00
5.012e+06 0.000e+00 0.000e+00 0.000e+00 0.000e+00 0.000e+00
5.623e+06 0.000e+00 0.000e+00 0.000e+00 0.000e+00 0.000e+00
6.310e+06 0.000e+00 0.000e+00 0.000e+00 0.000e+00 0.000e+00
7.079e+06 0.000e+00 0.000e+00 0.000e+00 0.000e+00 0.000e+00
7.943e+06 0.000e+00 0.000e+00 0.000e+00 0.000e+00 0.000e+00
8.913e+06 0.000e+00 0.000e+00 0.000e+00 0.000e+00 0.000e+00
1.000e+07 0.000e+00 0.000e+00 0.000e+00 0.000e+00 0.000e+00
1.122e+07 0.000e+00 0.000e+00 0.000e+00 0.000e+00 0.000e+00
1.259e+07 0.000e+00 0.000e+00 0.000e+00 0.000e+00 0.000e+00
1.413e+07 0.000e+00 0.000e+00 0.000e+00 0.000e+00 0.000e+00
1.585e+07 0.000e+00 0.000e+00 0.000e+00 0.000e+00 0.000e+00
1.778e+07 0.000e+00 0.000e+00 0.000e+00 0.000e+00 0.000e+00
1.995e+07 0.000e+00 0.000e+00 0.000e+00 0.000e+00 0.000e+00
2.239e+07 0.000e+00 0.000e+00 0.000e+00 0.000e+00 0.000e+00
2.512e+07 0.000e+00 0.000e+00 0.000e+00 0.000e+00 0.000e+00
2.818e+07 0.000e+00 0.000e+00 0.000e+00 0.000e+00 0.000e+00
3.162e+07 0.000e+00 0.000e+00 0.000e+00 0.000e+00 0.000e+00
3.548e+07 0.000e+00 0.000e+00 0.000e+00 0.000e+00 0.000e+00
3.981e+07 0.000e+00 0.000e+00 0.000e+00 0.000e+00 0.000e+00
4.467e+07 0.000e+00 0.000e+00 0.000e+00 0.000e+00 0.000e+00
5.012e+07 0.000e+00 0.000e+00 0.000e+00 0.000e+00 0.000e+00
5.623e+07 0.000e+00 0.000e+00 0.000e+00 0.000e+00 0.000e+00
6.310e+07 0.000e+00 0.000e+00 0.000e+00 0.000e+00 0.000e+00
7.079e+07 0.000e+00 0.000e+00 0.000e+00 0.000e+00 0.000e+00
7.943e+07 0.000e+00 0.000e+00 0.000e+00 0.000e+00 0.000e+00
8.913e+07 0.000e+00 0.000e+00 0.000e+00 0.000e+00 0.000e+00
1.000e+08 0.000e+00 0.000e+00 0.000e+00 0.000e+00 0.000e+00
