1.000e-20 7.166e+69 1.148e+30 1.150e-27 4.728e-17 5.942e-16
1.122e-20 6.153e+69 1.241e+30 1.243e-27 5.111e-17 6.423e-16
1.259e-20 5.278e+69 1.340e+30 1.342e-27 5.519e-17 6.936e-16
1.413e-20 4.522e+69 1.446e+30 1.448e-27 5.953e-17 7.481e-16
1.585e-20 3.870e+69 1.557e+30 1.560e-27 6.414e-17 8.061e-16
1.778e-20 3.309e+69 1.676e+30 1.679e-27 6.904e-17 8.676e-16
1.995e-20 2.826e+69 1.802e+30 1.805e-27 7.423e-17 9.328e-16
2.239e-20 2.411e+69 1.936e+30 1.939e-27 7.973e-17 1.002e-15
2.512e-20 2.055e+69 2.077e+30 2.081e-27 8.555e-17 1.075e-15
2.818e-20 1.749e+69 2.226e+30 2.230e-27 9.170e-17 1.152e-15
3.162e-20 1.488e+69 2.384e+30 2.388e-27 9.819e-17 1.234e-15
3.548e-20 1.265e+69 2.551e+30 2.555e-27 1.050e-16 1.320e-15
3.981e-20 1.074e+69 2.726e+30 2.731e-27 1.123e-16 1.411e-15
4.467e-20 9.107e+68 2.911e+30 2.916e-27 1.199e-16 1.507e-15
5.012e-20 7.718e+68 3.106e+30 3.111e-27 1.279e-16 1.607e-15
5.623e-20 6.535e+68 3.311e+30 3.316e-27 1.364e-16 1.713e-15
6.310e-20 5.528e+68 3.526e+30 3.532e-27 1.452e-16 1.825e-15
7.079e-20 4.673e+68 3.752e+30 3.759e-27 1.545e-16 1.942e-15
7.943e-20 3.947e+68 3.990e+30 3.997e-27 1.643e-16 2.065e-15
8.913e-20 3.331e+68 4.239e+30 4.247e-27 1.746e-16 2.194e-15
1.000e-19 2.809e+68 4.501e+30 4.509e-27 1.854e-16 2.329e-15
1.122e-19 2.367e+68 4.775e+30 4.783e-27 1.967e-16 2.471e-15
1.259e-19 1.994e+68 5.062e+30 5.071e-27 2.085e-16 2.620e-15
1.413e-19 1.678e+68 5.363e+30 5.372e-27 2.209e-16 2.776e-15
1.585e-19 1.411e+68 5.678e+30 5.688e-27 2.339e-16 2.939e-15
1.778e-19 1.186e+68 6.008e+30 6.018e-27 2.474e-16 3.109e-15
1.995e-19 9.960e+67 6.353e+30 6.364e-27 2.616e-16 3.288e-15
2.239e-19 8.361e+67 6.714e+30 6.725e-27 2.765e-16 3.475e-15
2.512e-19 7.014e+67 7.091e+30 7.103e-27 2.920e-16 3.670e-15
2.818e-19 5.881e+67 7.485e+30 7.498e-27 3.083e-16 3.874e-15
3.162e-19 4.929e+67 7.897e+30 7.910e-27 3.252e-16 4.087e-15
3.548e-19 4.128e+67 8.327e+30 8.341e-27 3.430e-16 4.310e-15
3.981e-19 3.456e+67 8.777e+30 8.792e-27 3.615e-16 4.542e-15
4.467e-19 2.892e+67 9.246e+30 9.262e-27 3.808e-16 4.785e-15
5.012e-19 2.419e+67 9.737e+30 9.753e-27 4.010e-16 5.039e-15
5.623e-19 2.023e+67 1.025e+31 1.027e-26 4.221e-16 5.304e-15
6.310e-19 1.691e+67 1.078e+31 1.080e-26 4.441e-16 5.581e-15
7.079e-19 1.412e+67 1.134e+31 1.136e-26 4.671e-16 5.869e-15
7.943e-19 1.179e+67 1.192e+31 1.194e-26 4.910e-16 6.171e-15
8.913e-19 9.846e+66 1.253e+31 1.255e-26 5.161e-16 6.485e-15
1.000e-18 8.216e+66 1.316e+31 1.319e-26 5.422e-16 6.813e-15
1.122e-18 6.855e+66 1.383e+31 1.385e-26 5.694e-16 7.155e-15
1.259e-18 5.717e+66 1.452e+31 1.454e-26 5.978e-16 7.513e-15
1.413e-18 4.766e+66 1.524e+31 1.526e-26 6.275e-16 7.886e-15
1.585e-18 3.973e+66 1.599e+31 1.602e-26 6.585e-16 8.274e-15
1.778e-18 3.310e+66 1.677e+31 1.680e-26 6.908e-16 8.680e-15
1.995e-18 2.758e+66 1.759e+31 1.762e-26 7.244e-16 9.104e-15
2.239e-18 2.297e+66 1.844e+31 1.847e-26 7.596e-16 9.545e-15
2.512e-18 1.913e+66 1.933e+31 1.937e-26 7.963e-16 1.001e-14
2.818e-18 1.592e+66 2.026e+31 2.030e-26 8.345e-16 1.049e-14
3.162e-18 1.325e+66 2.123e+31 2.127e-26 8.744e-16 1.099e-14
3.548e-18 1.103e+66 2.224e+31 2.228e-26 9.161e-16 1.151e-14
3.981e-18 9.175e+65 2.330e+31 2.334e-26 9.595e-16 1.206e-14
4.467e-18 7.632e+65 2.440e+31 2.444e-26 1.005e-15 1.263e-14
5.012e-18 6.348e+65 2.555e+31 2.559e-26 1.052e-15 1.322e-14
5.623e-18 5.278e+65 2.674e+31 2.679e-26 1.101e-15 1.384e-14
6.310e-18 4.389e+65 2.799e+31 2.804e-26 1.153e-15 1.449e-14
7.079e-18 3.648e+65 2.930e+31 2.935e-26 1.207e-15 1.516e-14
7.943e-18 3.033e+65 3.066e+31 3.071e-26 1.263e-15 1.587e-14
8.913e-18 2.520e+65 3.208e+31 3.213e-26 1.321e-15 1.660e-14
1.000e-17 2.094e+65 3.356e+31 3.361e-26 1.382e-15 1.737e-14
1.122e-17 1.740e+65 3.510e+31 3.516e-26 1.446e-15 1.817e-14
1.259e-17 1.446e+65 3.671e+31 3.678e-26 1.512e-15 1.900e-14
1.413e-17 1.201e+65 3.840e+31 3.846e-26 1.581e-15 1.987e-14
1.585e-17 9.977e+64 4.015e+31 4.022e-26 1.654e-15 2.078e-14
1.778e-17 8.286e+64 4.198e+31 4.205e-26 1.729e-15 2.173e-14
1.995e-17 6.882e+64 4.389e+31 4.397e-26 1.808e-15 2.272e-14
2.239e-17 5.715e+64 4.589e+31 4.597e-26 1.890e-15 2.375e-14
2.512e-17 4.745e+64 4.797e+31 4.805e-26 1.976e-15 2.483e-14
2.818e-17 3.940e+64 5.014e+31 5.022e-26 2.065e-15 2.595e-14
3.162e-17 3.271e+64 5.241e+31 5.249e-26 2.158e-15 2.712e-14
3.548e-17 2.715e+64 5.477e+31 5.486e-26 2.256e-15 2.835e-14
3.981e-17 2.254e+64 5.724e+31 5.733e-26 2.357e-15 2.962e-14
4.467e-17 1.871e+64 5.981e+31 5.991e-26 2.463e-15 3.096e-14
5.012e-17 1.553e+64 6.250e+31 6.261e-26 2.574e-15 3.235e-14
5.623e-17 1.289e+64 6.530e+31 6.541e-26 2.690e-15 3.380e-14
6.310e-17 1.070e+64 6.823e+31 6.835e-26 2.810e-15 3.531e-14
7.079e-17 8.877e+63 7.128e+31 7.141e-26 2.936e-15 3.689e-14
7.943e-17 7.367e+63 7.447e+31 7.460e-26 3.067e-15 3.854e-14
8.913e-17 6.113e+63 7.780e+31 7.793e-26 3.204e-15 4.026e-14
1.000e-16 5.072e+63 8.127e+31 8.141e-26 3.347e-15 4.206e-14
1.122e-16 4.209e+63 8.489e+31 8.504e-26 3.496e-15 4.394e-14
1.259e-16 3.492e+63 8.867e+31 8.882e-26 3.652e-15 4.589e-14
1.413e-16 2.897e+63 9.262e+31 9.278e-26 3.815e-15 4.793e-14
1.585e-16 2.404e+63 9.674e+31 9.690e-26 3.984e-15 5.007e-14
1.778e-16 1.994e+63 1.010e+32 1.012e-25 4.161e-15 5.229e-14
1.995e-16 1.654e+63 1.055e+32 1.057e-25 4.346e-15 5.461e-14
2.239e-16 1.372e+63 1.102e+32 1.104e-25 4.539e-15 5.704e-14
2.512e-16 1.138e+63 1.151e+32 1.153e-25 4.740e-15 5.956e-14
2.818e-16 9.444e+62 1.202e+32 1.204e-25 4.950e-15 6.220e-14
3.162e-16 7.834e+62 1.255e+32 1.257e-25 5.169e-15 6.496e-14
3.548e-16 6.498e+62 1.311e+32 1.313e-25 5.398e-15 6.783e-14
3.981e-16 5.390e+62 1.369e+32 1.371e-25 5.637e-15 7.083e-14
4.467e-16 4.471e+62 1.429e+32 1.432e-25 5.886e-15 7.396e-14
5.012e-16 3.708e+62 1.492e+32 1.495e-25 6.146e-15 7.723e-14
5.623e-16 3.075e+62 1.558e+32 1.561e-25 6.417e-15 8.064e-14
6.310e-16 2.551e+62 1.627e+32 1.630e-25 6.701e-15 8.420e-14
7.079e-16 2.116e+62 1.699e+32 1.702e-25 6.996e-15 8.792e-14
7.943e-16 1.755e+62 1.774e+32 1.777e-25 7.305e-15 9.179e-14
8.913e-16 1.455e+62 1.852e+32 1.855e-25 7.627e-15 9.584e-14
1.000e-15 1.207e+62 1.933e+32 1.937e-25 7.963e-15 1.001e-13
1.122e-15 1.001e+62 2.019e+32 2.022e-25 8.313e-15 1.045e-13
1.259e-15 8.299e+61 2.107e+32 2.111e-25 8.679e-15 1.091e-13
1.413e-15 6.882e+61 2.200e+32 2.204e-25 9.061e-15 1.139e-13
1.585e-15 5.707e+61 2.297e+32 2.301e-25 9.460e-15 1.189e-13
1.778e-15 4.733e+61 2.398e+32 2.402e-25 9.875e-15 1.241e-13
1.995e-15 3.924e+61 2.503e+32 2.507e-25 1.031e-14 1.296e-13
2.239e-15 3.254e+61 2.613e+32 2.618e-25 1.076e-14 1.352e-13
2.512e-15 2.698e+61 2.728e+32 2.732e-25 1.123e-14 1.412e-13
2.818e-15 2.237e+61 2.848e+32 2.852e-25 1.173e-14 1.474e-13
3.162e-15 1.855e+61 2.972e+32 2.977e-25 1.224e-14 1.538e-13
3.548e-15 1.538e+61 3.103e+32 3.108e-25 1.278e-14 1.606e-13
3.981e-15 1.275e+61 3.239e+32 3.244e-25 1.334e-14 1.676e-13
4.467e-15 1.058e+61 3.381e+32 3.386e-25 1.392e-14 1.750e-13
5.012e-15 8.768e+60 3.529e+32 3.535e-25 1.453e-14 1.826e-13
5.623e-15 7.269e+60 3.683e+32 3.689e-25 1.517e-14 1.906e-13
6.310e-15 6.027e+60 3.844e+32 3.851e-25 1.583e-14 1.989e-13
7.079e-15 4.996e+60 4.012e+32 4.019e-25 1.652e-14 2.076e-13
7.943e-15 4.142e+60 4.187e+32 4.194e-25 1.725e-14 2.167e-13
8.913e-15 3.434e+60 4.370e+32 4.377e-25 1.800e-14 2.262e-13
1.000e-14 2.847e+60 4.561e+32 4.568e-25 1.878e-14 2.360e-13
1.122e-14 2.360e+60 4.760e+32 4.768e-25 1.960e-14 2.463e-13
1.259e-14 1.956e+60 4.967e+32 4.975e-25 2.046e-14 2.571e-13
1.413e-14 1.621e+60 5.183e+32 5.192e-25 2.135e-14 2.682e-13
1.585e-14 1.344e+60 5.409e+32 5.418e-25 2.228e-14 2.799e-13
1.778e-14 1.114e+60 5.644e+32 5.653e-25 2.324e-14 2.921e-13
1.995e-14 9.232e+59 5.889e+32 5.899e-25 2.425e-14 3.048e-13
2.239e-14 7.652e+59 6.144e+32 6.155e-25 2.530e-14 3.180e-13
2.512e-14 6.341e+59 6.410e+32 6.421e-25 2.640e-14 3.318e-13
2.818e-14 5.255e+59 6.688e+32 6.699e-25 2.754e-14 3.461e-13
3.162e-14 4.355e+59 6.977e+32 6.989e-25 2.874e-14 3.611e-13
3.548e-14 3.609e+59 7.278e+32 7.291e-25 2.998e-14 3.767e-13
3.981e-14 2.990e+59 7.592e+32 7.605e-25 3.127e-14 3.929e-13
4.467e-14 2.477e+59 7.919e+32 7.933e-25 3.262e-14 4.099e-13
5.012e-14 2.052e+59 8.260e+32 8.274e-25 3.402e-14 4.275e-13
5.623e-14 1.700e+59 8.615e+32 8.629e-25 3.548e-14 4.459e-13
6.310e-14 1.409e+59 8.984e+32 8.999e-25 3.700e-14 4.650e-13
7.079e-14 1.167e+59 9.368e+32 9.384e-25 3.858e-14 4.849e-13
7.943e-14 9.663e+58 9.769e+32 9.785e-25 4.023e-14 5.056e-13
8.913e-14 8.003e+58 1.018e+33 1.020e-24 4.195e-14 5.271e-13
1.000e-13 6.627e+58 1.062e+33 1.064e-24 4.373e-14 5.495e-13
1.122e-13 5.487e+58 1.107e+33 1.109e-24 4.558e-14 5.728e-13
1.259e-13 4.543e+58 1.154e+33 1.156e-24 4.751e-14 5.971e-13
1.413e-13 3.761e+58 1.202e+33 1.204e-24 4.952e-14 6.223e-13
1.585e-13 3.113e+58 1.253e+33 1.255e-24 5.160e-14 6.484e-13
1.778e-13 2.577e+58 1.305e+33 1.308e-24 5.376e-14 6.756e-13
1.995e-13 2.132e+58 1.360e+33 1.362e-24 5.601e-14 7.038e-13
2.239e-13 1.764e+58 1.417e+33 1.419e-24 5.834e-14 7.331e-13
2.512e-13 1.459e+58 1.475e+33 1.478e-24 6.076e-14 7.635e-13
2.818e-13 1.207e+58 1.536e+33 1.539e-24 6.327e-14 7.950e-13
3.162e-13 9.982e+57 1.599e+33 1.602e-24 6.587e-14 8.277e-13
3.548e-13 8.253e+57 1.665e+33 1.667e-24 6.856e-14 8.615e-13
3.981e-13 6.822e+57 1.732e+33 1.735e-24 7.134e-14 8.965e-13
4.467e-13 5.638e+57 1.802e+33 1.805e-24 7.423e-14 9.327e-13
5.012e-13 4.658e+57 1.875e+33 1.878e-24 7.720e-14 9.702e-13
5.623e-13 3.847e+57 1.949e+33 1.953e-24 8.028e-14 1.009e-12
6.310e-13 3.177e+57 2.026e+33 2.030e-24 8.346e-14 1.049e-12
7.079e-13 2.623e+57 2.106e+33 2.110e-24 8.673e-14 1.090e-12
7.943e-13 2.164e+57 2.188e+33 2.192e-24 9.011e-14 1.132e-12
8.913e-13 1.785e+57 2.272e+33 2.276e-24 9.358e-14 1.176e-12
1.000e-12 1.472e+57 2.359e+33 2.363e-24 9.715e-14 1.221e-12
1.122e-12 1.214e+57 2.448e+33 2.452e-24 1.008e-13 1.267e-12
1.259e-12 9.999e+56 2.539e+33 2.543e-24 1.046e-13 1.314e-12
1.413e-12 8.235e+56 2.632e+33 2.637e-24 1.084e-13 1.362e-12
1.585e-12 6.778e+56 2.728e+33 2.732e-24 1.123e-13 1.412e-12
1.778e-12 5.576e+56 2.825e+33 2.830e-24 1.164e-13 1.462e-12
1.995e-12 4.585e+56 2.924e+33 2.929e-24 1.204e-13 1.513e-12
2.239e-12 3.767e+56 3.025e+33 3.030e-24 1.246e-13 1.566e-12
2.512e-12 3.093e+56 3.127e+33 3.132e-24 1.288e-13 1.618e-12
2.818e-12 2.538e+56 3.230e+33 3.235e-24 1.330e-13 1.672e-12
3.162e-12 2.081e+56 3.334e+33 3.340e-24 1.373e-13 1.725e-12
3.548e-12 1.705e+56 3.438e+33 3.444e-24 1.416e-13 1.779e-12
3.981e-12 1.395e+56 3.543e+33 3.549e-24 1.459e-13 1.834e-12
4.467e-12 1.141e+56 3.647e+33 3.653e-24 1.502e-13 1.887e-12
5.012e-12 9.318e+55 3.750e+33 3.756e-24 1.544e-13 1.941e-12
5.623e-12 7.603e+55 3.852e+33 3.858e-24 1.586e-13 1.994e-12
6.310e-12 6.196e+55 3.952e+33 3.959e-24 1.628e-13 2.045e-12
7.079e-12 5.043e+55 4.049e+33 4.056e-24 1.668e-13 2.096e-12
7.943e-12 4.098e+55 4.143e+33 4.150e-24 1.706e-13 2.144e-12
8.913e-12 3.326e+55 4.233e+33 4.240e-24 1.743e-13 2.191e-12
1.000e-11 2.695e+55 4.317e+33 4.325e-24 1.778e-13 2.234e-12
1.122e-11 2.180e+55 4.396e+33 4.404e-24 1.811e-13 2.275e-12
1.259e-11 1.760e+55 4.468e+33 4.476e-24 1.840e-13 2.313e-12
1.413e-11 1.418e+55 4.532e+33 4.540e-24 1.867e-13 2.346e-12
1.585e-11 1.140e+55 4.587e+33 4.595e-24 1.889e-13 2.374e-12
1.778e-11 9.143e+54 4.632e+33 4.640e-24 1.908e-13 2.397e-12
1.995e-11 7.315e+54 4.666e+33 4.674e-24 1.922e-13 2.415e-12
2.239e-11 5.837e+54 4.687e+33 4.695e-24 1.930e-13 2.426e-12
2.512e-11 4.644e+54 4.695e+33 4.703e-24 1.933e-13 2.430e-12
2.818e-11 3.683e+54 4.687e+33 4.695e-24 1.930e-13 2.426e-12
3.162e-11 2.911e+54 4.664e+33 4.672e-24 1.921e-13 2.414e-12
3.548e-11 2.292e+54 4.624e+33 4.632e-24 1.904e-13 2.393e-12
3.981e-11 1.798e+54 4.565e+33 4.573e-24 1.880e-13 2.363e-12
4.467e-11 1.404e+54 4.488e+33 4.496e-24 1.848e-13 2.323e-12
5.012e-11 1.091e+54 4.392e+33 4.399e-24 1.809e-13 2.273e-12
5.623e-11 8.437e+53 4.275e+33 4.282e-24 1.761e-13 2.212e-12
6.310e-11 6.487e+53 4.138e+33 4.145e-24 1.704e-13 2.142e-12
7.079e-11 4.958e+53 3.981e+33 3.988e-24 1.640e-13 2.060e-12
7.943e-11 3.764e+53 3.805e+33 3.811e-24 1.567e-13 1.969e-12
8.913e-11 2.836e+53 3.610e+33 3.616e-24 1.487e-13 1.868e-12
1.000e-10 2.120e+53 3.397e+33 3.403e-24 1.399e-13 1.758e-12
1.122e-10 1.571e+53 3.170e+33 3.175e-24 1.305e-13 1.640e-12
1.259e-10 1.153e+53 2.929e+33 2.934e-24 1.206e-13 1.516e-12
1.413e-10 8.377e+52 2.678e+33 2.683e-24 1.103e-13 1.386e-12
1.585e-10 6.014e+52 2.420e+33 2.424e-24 9.968e-14 1.253e-12
1.778e-10 4.262e+52 2.159e+33 2.163e-24 8.894e-14 1.118e-12
1.995e-10 2.978e+52 1.900e+33 1.903e-24 7.823e-14 9.831e-13
2.239e-10 2.049e+52 1.645e+33 1.648e-24 6.775e-14 8.514e-13
2.512e-10 1.385e+52 1.400e+33 1.403e-24 5.766e-14 7.246e-13
2.818e-10 9.186e+51 1.169e+33 1.171e-24 4.815e-14 6.050e-13
3.162e-10 5.964e+51 9.555e+32 9.571e-25 3.935e-14 4.945e-13
3.548e-10 3.782e+51 7.628e+32 7.640e-25 3.141e-14 3.948e-13
3.981e-10 2.336e+51 5.931e+32 5.941e-25 2.443e-14 3.069e-13
4.467e-10 1.401e+51 4.479e+32 4.486e-25 1.845e-14 2.318e-13
5.012e-10 8.135e+50 3.274e+32 3.279e-25 1.348e-14 1.694e-13
5.623e-10 4.555e+50 2.308e+32 2.312e-25 9.505e-15 1.194e-13
6.310e-10 2.450e+50 1.563e+32 1.565e-25 6.435e-15 8.087e-14
7.079e-10 1.259e+50 1.011e+32 1.013e-25 4.165e-15 5.233e-14
7.943e-10 6.155e+49 6.223e+31 6.233e-26 2.563e-15 3.220e-14
8.913e-10 2.844e+49 3.620e+31 3.626e-26 1.491e-15 1.873e-14
1.000e-09 1.234e+49 1.978e+31 1.981e-26 8.145e-16 1.024e-14
1.122e-09 4.994e+48 1.007e+31 1.009e-26 4.149e-16 5.213e-15
1.259e-09 1.869e+48 4.746e+30 4.754e-27 1.954e-16 2.456e-15
1.413e-09 6.411e+47 2.049e+30 2.053e-27 8.441e-17 1.061e-15
1.585e-09 1.997e+47 8.037e+29 8.051e-28 3.310e-17 4.160e-16
1.778e-09 5.592e+46 2.833e+29 2.838e-28 1.167e-17 1.466e-16
1.995e-09 1.393e+46 8.887e+28 8.902e-29 3.660e-18 4.599e-17
2.239e-09 3.056e+45 2.454e+28 2.458e-29 1.011e-18 1.270e-17
2.512e-09 5.843e+44 5.907e+27 5.917e-30 2.433e-19 3.057e-18
2.818e-09 9.634e+43 1.226e+27 1.228e-30 5.050e-20 6.345e-19
3.162e-09 1.351e+43 2.164e+26 2.168e-31 8.914e-21 1.120e-19
3.548e-09 1.555e+42 3.136e+25 3.142e-32 1.292e-21 1.623e-20
3.981e-09 1.301e+41 3.304e+24 3.309e-33 1.361e-22 1.710e-21
4.467e-09 9.699e+39 3.100e+23 3.106e-34 1.277e-23 1.605e-22
5.012e-09 0.000e+00 0.000e+00 0.000e+00 0.000e+00 0.000e+00
5.623e-09 0.000e+00 0.000e+00 0.000e+00 0.000e+00 0.000e+00
6.310e-09 0.000e+00 0.000e+00 0.000e+00 0.000e+00 0.000e+00
7.079e-09 0.000e+00 0.000e+00 0.000e+00 0.000e+00 0.000e+00
7.943e-09 0.000e+00 0.000e+00 0.000e+00 0.000e+00 0.000e+00
8.913e-09 0.000e+00 0.000e+00 0.000e+00 0.000e+00 0.000e+00
1.000e-08 0.000e+00 0.000e+00 0.000e+00 0.000e+00 0.000e+00
1.122e-08 0.000e+00 0.000e+00 0.000e+00 0.000e+00 0.000e+00
1.259e-08 0.000e+00 0.000e+00 0.000e+00 0.000e+00 0.000e+00
1.413e-08 0.000e+00 0.000e+00 0.000e+00 0.000e+00 0.000e+00
1.585e-08 0.000e+00 0.000e+00 0.000e+00 0.000e+00 0.000e+00
1.778e-08 0.000e+00 0.000e+00 0.000e+00 0.000e+00 0.000e+00
1.995e-08 0.000e+00 0.000e+00 0.000e+00 0.000e+00 0.000e+00
2.239e-08 0.000e+00 0.000e+00 0.000e+00 0.000e+00 0.000e+00
2.512e-08 0.000e+00 0.000e+00 0.000e+00 0.000e+00 0.000e+00
2.818e-08 0.000e+00 0.000e+00 0.000e+00 0.000e+00 0.000e+00
3.162e-08 0.000e+00 0.000e+00 0.000e+00 0.000e+00 0.000e+00
3.548e-08 0.000e+00 0.000e+00 0.000e+00 0.000e+00 0.000e+00
3.981e-08 0.000e+00 0.000e+00 0.000e+00 0.000e+00 0.000e+00
4.467e-08 0.000e+00 0.000e+00 0.000e+00 0.000e+00 0.000e+00
5.012e-08 0.000e+00 0.000e+00 0.000e+00 0.000e+00 0.000e+00
5.623e-08 0.000e+00 0.000e+00 0.000e+00 0.000e+00 0.000e+00
6.310e-08 0.000e+00 0.000e+00 0.000e+00 0.000e+00 0.000e+00
7.079e-08 0.000e+00 0.000e+00 0.000e+00 0.000e+00 0.000e+00
7.943e-08 0.000e+00 0.000e+00 0.000e+00 0.000e+00 0.000e+00
8.913e-08 0.000e+00 0.000e+00 0.000e+00 0.000e+00 0.000e+00
1.000e-07 0.000e+00 0.000e+00 0.000e+00 0.000e+00 0.000e+00
1.122e-07 0.000e+00 0.000e+00 0.000e+00 0.000e+00 0.000e+00
1.259e-07 0.000e+00 0.000e+00 0.000e+00 0.000e+00 0.000e+00
1.413e-07 0.000e+00 0.000e+00 0.000e+00 0.000e+00 0.000e+00
1.585e-07 0.000e+00 0.000e+00 0.000e+00 0.000e+00 0.000e+00
1.778e-07 0.000e+00 0.000e+00 0.000e+00 0.000e+00 0.000e+00
1.995e-07 0.000e+00 0.000e+00 0.000e+00 0.000e+00 0.000e+00
2.239e-07 0.000e+00 0.000e+00 0.000e+00 0.000e+00 0.000e+00
2.512e-07 0.000e+00 0.000e+00 0.000e+00 0.000e+00 0.000e+00
2.818e-07 0.000e+00 0.000e+00 0.000e+00 0.000e+00 0.000e+00
3.162e-07 0.000e+00 0.000e+00 0.000e+00 0.000e+00 0.000e+00
3.548e-07 0.000e+00 0.000e+00 0.000e+00 0.000e+00 0.000e+00
3.981e-07 0.000e+00 0.000e+00 0.000e+00 0.000e+00 0.000e+00
4.467e-07 0.000e+00 0.000e+00 0.000e+00 0.000e+00 0.000e+00
5.012e-07 0.000e+00 0.000e+00 0.000e+00 0.000e+00 0.000e+00
5.623e-07 0.000e+00 0.000e+00 0.000e+00 0.000e+00 0.000e+00
6.310e-07 0.000e+00 0.000e+00 0.000e+00 0.000e+00 0.000e+00
7.079e-07 0.000e+00 0.000e+00 0.000e+00 0.000e+00 0.000e+00
7.943e-07 0.000e+00 0.000e+00 0.000e+00 0.000e+00 0.000e+00
8.913e-07 0.000e+00 0.000e+00 0.000e+00 0.000e+00 0.000e+00
1.000e-06 0.000e+00 0.000e+00 0.000e+00 0.000e+00 0.000e+00
1.122e-06 0.000e+00 0.000e+00 0.000e+00 0.000e+00 0.000e+00
1.259e-06 0.000e+00 0.000e+00 0.000e+00 0.000e+00 0.000e+00
1.413e-06 0.000e+00 0.000e+00 0.000e+00 0.000e+00 0.000e+00
1.585e-06 0.000e+00 0.000e+00 0.000e+00 0.000e+00 0.000e+00
1.778e-06 0.000e+00 0.000e+00 0.000e+00 0.000e+00 0.000e+00
1.995e-06 0.000e+00 0.000e+00 0.000e+00 0.000e+00 0.000e+00
2.239e-06 0.000e+00 0.000e+00 0.000e+00 0.000e+00 0.000e+00
2.512e-06 0.000e+00 0.000e+00 0.000e+00 0.000e+00 0.000e+00
2.818e-06 0.000e+00 0.000e+00 0.000e+00 0.000e+00 0.000e+00
3.162e-06 0.000e+00 0.000e+00 0.000e+00 0.000e+00 0.000e+00
3.548e-06 0.000e+00 0.000e+00 0.000e+00 0.000e+00 0.000e+00
3.981e-06 0.000e+00 0.000e+00 0.000e+00 0.000e+00 0.000e+00
4.467e-06 0.000e+00 0.000e+00 0.000e+00 0.000e+00 0.000e+00
5.012e-06 0.000e+00 0.000e+00 0.000e+00 0.000e+00 0.000e+00
5.623e-06 0.000e+00 0.000e+00 0.000e+00 0.000e+00 0.000e+00
6.310e-06 0.000e+00 0.000e+00 0.000e+00 0.000e+00 0.000e+00
7.079e-06 0.000e+00 0.000e+00 0.000e+00 0.000e+00 0.000e+00
7.943e-06 0.000e+00 0.000e+00 0.000e+00 0.000e+00 0.000e+00
8.913e-06 0.000e+00 0.000e+00 0.000e+00 0.000e+00 0.000e+00
1.000e-05 0.000e+00 0.000e+00 0.000e+00 0.000e+00 0.000e+00
1.122e-05 0.000e+00 0.000e+00 0.000e+00 0.000e+00 0.000e+00
1.259e-05 0.000e+00 0.000e+00 0.000e+00 0.000e+00 0.000e+00
1.413e-05 0.000e+00 0.000e+00 0.000e+00 0.000e+00 0.000e+00
1.585e-05 0.000e+00 0.000e+00 0.000e+00 0.000e+00 0.000e+00
1.778e-05 0.000e+00 0.000e+00 0.000e+00 0.000e+00 0.000e+00
1.995e-05 0.000e+00 0.000e+00 0.000e+00 0.000e+00 0.000e+00
2.239e-05 0.000e+00 0.000e+00 0.000e+00 0.000e+00 0.000e+00
2.512e-05 0.000e+00 0.000e+00 0.000e+00 0.000e+00 0.000e+00
2.818e-05 0.000e+00 0.000e+00 0.000e+00 0.000e+00 0.000e+00
3.162e-05 0.000e+00 0.000e+00 0.000e+00 0.000e+00 0.000e+00
3.548e-05 0.000e+00 0.000e+00 0.000e+00 0.000e+00 0.000e+00
3.981e-05 0.000e+00 0.000e+00 0.000e+00 0.000e+00 0.000e+00
4.467e-05 0.000e+00 0.000e+00 0.000e+00 0.000e+00 0.000e+00
5.012e-05 0.000e+00 0.000e+00 0.000e+00 0.000e+00 0.000e+00
5.623e-05 0.000e+00 0.000e+00 0.000e+00 0.000e+00 0.000e+00
6.310e-05 0.000e+00 0.000e+00 0.000e+00 0.000e+00 0.000e+00
7.079e-05 0.000e+00 0.000e+00 0.000e+00 0.000e+00 0.000e+00
7.943e-05 0.000e+00 0.000e+00 0.000e+00 0.000e+00 0.000e+00
8.913e-05 0.000e+00 0.000e+00 0.000e+00 0.000e+00 0.000e+00
1.000e-04 0.000e+00 0.000e+00 0.000e+00 0.000e+00 0.000e+00
1.122e-04 0.000e+00 0.000e+00 0.000e+00 0.000e+00 0.000e+00
1.259e-04 0.000e+00 0.000e+00 0.000e+00 0.000e+00 0.000e+00
1.413e-04 0.000e+00 0.000e+00 0.000e+00 0.000e+00 0.000e+00
1.585e-04 0.000e+00 0.000e+00 0.000e+00 0.000e+00 0.000e+00
1.778e-04 0.000e+00 0.000e+00 0.000e+00 0.000e+00 0.000e+00
1.995e-04 0.000e+00 0.000e+00 0.000e+00 0.000e+00 0.000e+00
2.239e-04 0.000e+00 0.000e+00 0.000e+00 0.000e+00 0.000e+00
2.512e-04 0.000e+00 0.000e+00 0.000e+00 0.000e+00 0.000e+00
2.818e-04 0.000e+00 0.000e+00 0.000e+00 0.000e+00 0.000e+00
3.162e-04 0.000e+00 0.000e+00 0.000e+00 0.000e+00 0.000e+00
3.548e-04 0.000e+00 0.000e+00 0.000e+00 0.000e+00 0.000e+00
3.981e-04 0.000e+00 0.000e+00 0.000e+00 0.000e+00 0.000e+00
4.467e-04 0.000e+00 0.000e+00 0.000e+00 0.000e+00 0.000e+00
5.012e-04 0.000e+00 0.000e+00 0.000e+00 0.000e+00 0.000e+00
5.623e-04 0.000e+00 0.000e+00 0.000e+00 0.000e+00 0.000e+00
6.310e-04 0.000e+00 0.000e+00 0.000e+00 0.000e+00 0.000e+00
7.079e-04 0.000e+00 0.000e+00 0.000e+00 0.000e+00 0.000e+00
7.943e-04 0.000e+00 0.000e+00 0.000e+00 0.000e+00 0.000e+00
8.913e-04 0.000e+00 0.000e+00 0.000e+00 0.000e+00 0.000e+00
1.000e-03 0.000e+00 0.000e+00 0.000e+00 0.000e+00 0.000e+00
1.122e-03 0.000e+00 0.000e+00 0.000e+00 0.000e+00 0.000e+00
1.259e-03 0.000e+00 0.000e+00 0.000e+00 0.000e+00 0.000e+00
1.413e-03 0.000e+00 0.000e+00 0.000e+00 0.000e+00 0.000e+00
1.585e-03 0.000e+00 0.000e+00 0.000e+00 0.000e+00 0.000e+00
1.778e-03 0.000e+00 0.000e+00 0.000e+00 0.000e+00 0.000e+00
1.995e-03 0.000e+00 0.000e+00 0.000e+00 0.000e+00 0.000e+00
2.239e-03 0.000e+00 0.000e+00 0.000e+00 0.000e+00 0.000e+00
2.512e-03 0.000e+00 0.000e+00 0.000e+00 0.000e+00 0.000e+00
2.818e-03 0.000e+00 0.000e+00 0.000e+00 0.000e+00 0.000e+00
3.162e-03 0.000e+00 0.000e+00 0.000e+00 0.000e+00 0.000e+00
3.548e-03 0.000e+00 0.000e+00 0.000e+00 0.000e+00 0.000e+00
3.981e-03 0.000e+00 0.000e+00 0.000e+00 0.000e+00 0.000e+00
4.467e-03 0.000e+00 0.000e+00 0.000e+00 0.000e+00 0.000e+00
5.012e-03 0.000e+00 0.000e+00 0.000e+00 0.000e+00 0.000e+00
5.623e-03 0.000e+00 0.000e+00 0.000e+00 0.000e+00 0.000e+00
6.310e-03 0.000e+00 0.000e+00 0.000e+00 0.000e+00 0.000e+00
7.079e-03 0.000e+00 0.000e+00 0.000e+00 0.000e+00 0.000e+00
7.943e-03 0.000e+00 0.000e+00 0.000e+00 0.000e+00 0.000e+00
8.913e-03 0.000e+00 0.000e+00 0.000e+00 0.000e+00 0.000e+00
1.000e-02 0.000e+00 0.000e+00 0.000e+00 0.000e+00 0.000e+00
1.122e-02 0.000e+00 0.000e+00 0.000e+00 0.000e+00 0.000e+00
1.259e-02 0.000e+00 0.000e+00 0.000e+00 0.000e+00 0.000e+00
1.413e-02 0.000e+00 0.000e+00 0.000e+00 0.000e+00 0.000e+00
1.585e-02 0.000e+00 0.000e+00 0.000e+00 0.000e+00 0.000e+00
1.778e-02 0.000e+00 0.000e+00 0.000e+00 0.000e+00 0.000e+00
1.995e-02 0.000e+00 0.000e+00 0.000e+00 0.000e+00 0.000e+00
2.239e-02 0.000e+00 0.000e+00 0.000e+00 0.000e+00 0.000e+00
2.512e-02 0.000e+00 0.000e+00 0.000e+00 0.000e+00 0.000e+00
2.818e-02 0.000e+00 0.000e+00 0.000e+00 0.000e+00 0.000e+00
3.162e-02 0.000e+00 0.000e+00 0.000e+00 0.000e+00 0.000e+00
3.548e-02 0.000e+00 0.000e+00 0.000e+00 0.000e+00 0.000e+00
3.981e-02 0.000e+00 0.000e+00 0.000e+00 0.000e+00 0.000e+00
4.467e-02 0.000e+00 0.000e+00 0.000e+00 0.000e+00 0.000e+00
5.012e-02 0.000e+00 0.000e+00 0.000e+00 0.000e+00 0.000e+00
5.623e-02 0.000e+00 0.000e+00 0.000e+00 0.000e+00 0.000e+00
6.310e-02 0.000e+00 0.000e+00 0.000e+00 0.000e+00 0.000e+00
7.079e-02 0.000e+00 0.000e+00 0.000e+00 0.000e+00 0.000e+00
7.943e-02 0.000e+00 0.000e+00 0.000e+00 0.000e+00 0.000e+00
8.913e-02 0.000e+00 0.000e+00 0.000e+00 0.000e+00 0.000e+00
1.000e-01 0.000e+00 0.000e+00 0.000e+00 0.000e+00 0.000e+00
1.122e-01 0.000e+00 0.000e+00 0.000e+00 0.000e+00 0.000e+00
1.259e-01 0.000e+00 0.000e+00 0.000e+00 0.000e+00 0.000e+00
1.413e-01 0.000e+00 0.000e+00 0.000e+00 0.000e+00 0.000e+00
1.585e-01 0.000e+00 0.000e+00 0.000e+00 0.000e+00 0.000e+00
1.778e-01 0.000e+00 0.000e+00 0.000e+00 0.000e+00 0.000e+00
1.995e-01 0.000e+00 0.000e+00 0.000e+00 0.000e+00 0.000e+00
2.239e-01 0.000e+00 0.000e+00 0.000e+00 0.000e+00 0.000e+00
2.512e-01 0.000e+00 0.000e+00 0.000e+00 0.000e+00 0.000e+00
2.818e-01 0.000e+00 0.000e+00 0.000e+00 0.000e+00 0.000e+00
3.162e-01 0.000e+00 0.000e+00 0.000e+00 0.000e+00 0.000e+00
3.548e-01 0.000e+00 0.000e+00 0.000e+00 0.000e+00 0.000e+00
3.981e-01 0.000e+00 0.000e+00 0.000e+00 0.000e+00 0.000e+00
4.467e-01 0.000e+00 0.000e+00 0.000e+00 0.000e+00 0.000e+00
5.012e-01 0.000e+00 0.000e+00 0.000e+00 0.000e+00 0.000e+00
5.623e-01 0.000e+00 0.000e+00 0.000e+00 0.000e+00 0.000e+00
6.310e-01 0.000e+00 0.000e+00 0.000e+00 0.000e+00 0.000e+00
7.079e-01 0.000e+00 0.000e+00 0.000e+00 0.000e+00 0.000e+00
7.943e-01 0.000e+00 0.000e+00 0.000e+00 0.000e+00 0.000e+00
8.913e-01 0.000e+00 0.000e+00 0.000e+00 0.000e+00 0.000e+00
1.000e+00 0.000e+00 0.000e+00 0.000e+00 0.000e+00 0.000e+00
1.122e+00 0.000e+00 0.000e+00 0.000e+00 0.000e+00 0.000e+00
1.259e+00 0.000e+00 0.000e+00 0.000e+00 0.000e+00 0.000e+00
1.413e+00 0.000e+00 0.000e+00 0.000e+00 0.000e+00 0.000e+00
1.585e+00 0.000e+00 0.000e+00 0.000e+00 0.000e+00 0.000e+00
1.778e+00 0.000e+00 0.000e+00 0.000e+00 0.000e+00 0.000e+00
1.995e+00 0.000e+00 0.000e+00 0.000e+00 0.000e+00 0.000e+00
2.239e+00 0.000e+00 0.000e+00 0.000e+00 0.000e+00 0.000e+00
2.512e+00 0.000e+00 0.000e+00 0.000e+00 0.000e+00 0.000e+00
2.818e+00 0.000e+00 0.000e+00 0.000e+00 0.000e+00 0.000e+00
3.162e+00 0.000e+00 0.000e+00 0.000e+00 0.000e+00 0.000e+00
3.548e+00 0.000e+00 0.000e+00 0.000e+00 0.000e+00 0.000e+00
3.981e+00 0.000e+00 0.000e+00 0.000e+00 0.000e+00 0.000e+00
4.467e+00 0.000e+00 0.000e+00 0.000e+00 0.000e+00 0.000e+00
5.012e+00 0.000e+00 0.000e+00 0.000e+00 0.000e+00 0.000e+00
5.623e+00 0.000e+00 0.000e+00 0.000e+00 0.000e+00 0.000e+00
6.310e+00 0.000e+00 0.000e+00 0.000e+00 0.000e+00 0.000e+00
7.079e+00 0.000e+00 0.000e+00 0.000e+00 0.000e+00 0.000e+00
7.943e+00 0.000e+00 0.000e+00 0.000e+00 0.000e+00 0.000e+00
8.913e+00 0.000e+00 0.000e+00 0.000e+00 0.000e+00 0.000e+00
1.000e+01 0.000e+00 0.000e+00 0.000e+00 0.000e+00 0.000e+00
1.122e+01 0.000e+00 0.000e+00 0.000e+00 0.000e+00 0.000e+00
1.259e+01 0.000e+00 0.000e+00 0.000e+00 0.000e+00 0.000e+00
1.413e+01 0.000e+00 0.000e+00 0.000e+00 0.000e+00 0.000e+00
1.585e+01 0.000e+00 0.000e+00 0.000e+00 0.000e+00 0.000e+00
1.778e+01 0.000e+00 0.000e+00 0.000e+00 0.000e+00 0.000e+00
1.995e+01 0.000e+00 0.000e+00 0.000e+00 0.000e+00 0.000e+00
2.239e+01 0.000e+00 0.000e+00 0.000e+00 0.000e+00 0.000e+00
2.512e+01 0.000e+00 0.000e+00 0.000e+00 0.000e+00 0.000e+00
2.818e+01 0.000e+00 0.000e+00 0.000e+00 0.000e+00 0.000e+00
3.162e+01 0.000e+00 0.000e+00 0.000e+00 0.000e+00 0.000e+00
3.548e+01 0.000e+00 0.000e+00 0.000e+00 0.000e+00 0.000e+00
3.981e+01 0.000e+00 0.000e+00 0.000e+00 0.000e+00 0.000e+00
4.467e+01 0.000e+00 0.000e+00 0.000e+00 0.000e+00 0.000e+00
5.012e+01 0.000e+00 0.000e+00 0.000e+00 0.000e+00 0.000e+00
5.623e+01 0.000e+00 0.000e+00 0.000e+00 0.000e+00 0.000e+00
6.310e+01 0.000e+00 0.000e+00 0.000e+00 0.000e+00 0.000e+00
7.079e+01 0.000e+00 0.000e+00 0.000e+00 0.000e+00 0.000e+00
7.943e+01 0.000e+00 0.000e+00 0.000e+00 0.000e+00 0.000e+00
8.913e+01 0.000e+00 0.000e+00 0.000e+00 0.000e+00 0.000e+00
1.000e+02 0.000e+00 0.000e+00 0.000e+00 0.000e+00 0.000e+00
1.122e+02 0.000e+00 0.000e+00 0.000e+00 0.000e+00 0.000e+00
1.259e+02 0.000e+00 0.000e+00 0.000e+00 0.000e+00 0.000e+00
1.413e+02 0.000e+00 0.000e+00 0.000e+00 0.000e+00 0.000e+00
1.585e+02 0.000e+00 0.000e+00 0.000e+00 0.000e+00 0.000e+00
1.778e+02 0.000e+00 0.000e+00 0.000e+00 0.000e+00 0.000e+00
1.995e+02 0.000e+00 0.000e+00 0.000e+00 0.000e+00 0.000e+00
2.239e+02 0.000e+00 0.000e+00 0.000e+00 0.000e+00 0.000e+00
2.512e+02 0.000e+00 0.000e+00 0.000e+00 0.000e+00 0.000e+00
2.818e+02 0.000e+00 0.000e+00 0.000e+00 0.000e+00 0.000e+00
3.162e+02 0.000e+00 0.000e+00 0.000e+00 0.000e+00 0.000e+00
3.548e+02 0.000e+00 0.000e+00 0.000e+00 0.000e+00 0.000e+00
3.981e+02 0.000e+00 0.000e+00 0.000e+00 0.000e+00 0.000e+00
4.467e+02 0.000e+00 0.000e+00 0.000e+00 0.000e+00 0.000e+00
5.012e+02 0.000e+00 0.000e+00 0.000e+00 0.000e+00 0.000e+00
5.623e+02 0.000e+00 0.000e+00 0.000e+00 0.000e+00 0.000e+00
6.310e+02 0.000e+00 0.000e+00 0.000e+00 0.000e+00 0.000e+00
7.079e+02 0.000e+00 0.000e+00 0.000e+00 0.000e+00 0.000e+00
7.943e+02 0.000e+00 0.000e+00 0.000e+00 0.000e+00 0.000e+00
8.913e+02 0.000e+00 0.000e+00 0.000e+00 0.000e+00 0.000e+00
1.000e+03 0.000e+00 0.000e+00 0.000e+00 0.000e+00 0.000e+00
1.122e+03 0.000e+00 0.000e+00 0.000e+00 0.000e+00 0.000e+00
1.259e+03 0.000e+00 0.000e+00 0.000e+00 0.000e+00 0.000e+00
1.413e+03 0.000e+00 0.000e+00 0.000e+00 0.000e+00 0.000e+00
1.585e+03 0.000e+00 0.000e+00 0.000e+00 0.000e+00 0.000e+00
1.778e+03 0.000e+00 0.000e+00 0.000e+00 0.000e+00 0.000e+00
1.995e+03 0.000e+00 0.000e+00 0.000e+00 0.000e+00 0.000e+00
2.239e+03 0.000e+00 0.000e+00 0.000e+00 0.000e+00 0.000e+00
2.512e+03 0.000e+00 0.000e+00 0.000e+00 0.000e+00 0.000e+00
2.818e+03 0.000e+00 0.000e+00 0.000e+00 0.000e+00 0.000e+00
3.162e+03 0.000e+00 0.000e+00 0.000e+00 0.000e+00 0.000e+00
3.548e+03 0.000e+00 0.000e+00 0.000e+00 0.000e+00 0.000e+00
3.981e+03 0.000e+00 0.000e+00 0.000e+00 0.000e+00 0.000e+00
4.467e+03 0.000e+00 0.000e+00 0.000e+00 0.000e+00 0.000e+00
5.012e+03 0.000e+00 0.000e+00 0.000e+00 0.000e+00 0.000e+00
5.623e+03 0.000e+00 0.000e+00 0.000e+00 0.000e+00 0.000e+00
6.310e+03 0.000e+00 0.000e+00 0.000e+00 0.000e+00 0.000e+00
7.079e+03 0.000e+00 0.000e+00 0.000e+00 0.000e+00 0.000e+00
7.943e+03 0.000e+00 0.000e+00 0.000e+00 0.000e+00 0.000e+00
8.913e+03 0.000e+00 0.000e+00 0.000e+00 0.000e+00 0.000e+00
1.000e+04 0.000e+00 0.000e+00 0.000e+00 0.000e+00 0.000e+00
1.122e+04 0.000e+00 0.000e+00 0.000e+00 0.000e+00 0.000e+00
1.259e+04 0.000e+00 0.000e+00 0.000e+00 0.000e+00 0.000e+00
1.413e+04 0.000e+00 0.000e+00 0.000e+00 0.000e+00 0.000e+00
1.585e+04 0.000e+00 0.000e+00 0.000e+00 0.000e+00 0.000e+00
1.778e+04 0.000e+00 0.000e+00 0.000e+00 0.000e+00 0.000e+00
1.995e+04 0.000e+00 0.000e+00 0.000e+00 0.000e+00 0.000e+00
2.239e+04 0.000e+00 0.000e+00 0.000e+00 0.000e+00 0.000e+00
2.512e+04 0.000e+00 0.000e+00 0.000e+00 0.000e+00 0.000e+00
2.818e+04 0.000e+00 0.000e+00 0.000e+00 0.000e+00 0.000e+00
3.162e+04 0.000e+00 0.000e+00 0.000e+00 0.000e+00 0.000e+00
3.548e+04 0.000e+00 0.000e+00 0.000e+00 0.000e+00 0.000e+00
3.981e+04 0.000e+00 0.000e+00 0.000e+00 0.000e+00 0.000e+00
4.467e+04 0.000e+00 0.000e+00 0.000e+00 0.000e+00 0.000e+00
5.012e+04 0.000e+00 0.000e+00 0.000e+00 0.000e+00 0.000e+00
5.623e+04 0.000e+00 0.000e+00 0.000e+00 0.000e+00 0.000e+00
6.310e+04 0.000e+00 0.000e+00 0.000e+00 0.000e+00 0.000e+00
7.079e+04 0.000e+00 0.000e+00 0.000e+00 0.000e+00 0.000e+00
7.943e+04 0.000e+00 0.000e+00 0.000e+00 0.000e+00 0.000e+00
8.913e+04 0.000e+00 0.000e+00 0.000e+00 0.000e+00 0.000e+00
1.000e+05 0.000e+00 0.000e+00 0.000e+00 0.000e+00 0.000e+00
1.122e+05 0.000e+00 0.000e+00 0.000e+00 0.000e+00 0.000e+00
1.259e+05 0.000e+00 0.000e+00 0.000e+00 0.000e+00 0.000e+00
1.413e+05 0.000e+00 0.000e+00 0.000e+00 0.000e+00 0.000e+00
1.585e+05 0.000e+00 0.000e+00 0.000e+00 0.000e+00 0.000e+00
1.778e+05 0.000e+00 0.000e+00 0.000e+00 0.000e+00 0.000e+00
1.995e+05 0.000e+00 0.000e+00 0.000e+00 0.000e+00 0.000e+00
2.239e+05 0.000e+00 0.000e+00 0.000e+00 0.000e+00 0.000e+00
2.512e+05 0.000e+00 0.000e+00 0.000e+00 0.000e+00 0.000e+00
2.818e+05 0.000e+00 0.000e+00 0.000e+00 0.000e+00 0.000e+00
3.162e+05 0.000e+00 0.000e+00 0.000e+00 0.000e+00 0.000e+00
3.548e+05 0.000e+00 0.000e+00 0.000e+00 0.000e+00 0.000e+00
3.981e+05 0.000e+00 0.000e+00 0.000e+00 0.000e+00 0.000e+00
4.467e+05 0.000e+00 0.000e+00 0.000e+00 0.000e+00 0.000e+00
5.012e+05 0.000e+00 0.000e+00 0.000e+00 0.000e+00 0.000e+00
5.623e+05 0.000e+00 0.000e+00 0.000e+00 0.000e+00 0.000e+00
6.310e+05 0.000e+00 0.000e+00 0.000e+00 0.000e+00 0.000e+00
7.079e+05 0.000e+00 0.000e+00 0.000e+00 0.000e+00 0.000e+00
7.943e+05 0.000e+00 0.000e+00 0.000e+00 0.000e+00 0.000e+00
8.913e+05 0.000e+00 0.000e+00 0.000e+00 0.000e+00 0.000e+00
1.000e+06 0.000e+00 0.000e+00 0.000e+00 0.000e+00 0.000e+00
1.122e+06 0.000e+00 0.000e+00 0.000e+00 0.000e+00 0.000e+00
1.259e+06 0.000e+00 0.000e+00 0.000e+00 0.000e+00 0.000e+00
1.413e+06 0.000e+00 0.000e+00 0.000e+00 0.000e+00 0.000e+00
1.585e+06 0.000e+00 0.000e+00 0.000e+00 0.000e+00 0.000e+00
1.778e+06 0.000e+00 0.000e+00 0.000e+00 0.000e+00 0.000e+00
1.995e+06 0.000e+00 0.000e+00 0.000e+00 0.000e+00 0.000e+00
2.239e+06 0.000e+00 0.000e+00 0.000e+00 0.000e+00 0.000e+00
2.512e+06 0.000e+00 0.000e+00 0.000e+00 0.000e+00 0.000e+00
2.818e+06 0.000e+00 0.000e+00 0.000e+00 0.000e+00 0.000e+00
3.162e+06 0.000e+00 0.000e+00 0.000e+00 0.000e+00 0.000e+00
3.548e+06 0.000e+00 0.000e+00 0.000e+00 0.000e+00 0.000e+00
3.981e+06 0.000e+00 0.000e+00 0.000e+00 0.000e+00 0.000e+00
4.467e+06 0.000e+00 0.000e+00 0.000e+00 0.000e+00 0.000e+00
5.012e+06 0.000e+00 0.000e+00 0.000e+00 0.000e+00 0.000e+00
5.623e+06 0.000e+00 0.000e+00 0.000e+00 0.000e+00 0.000e+00
6.310e+06 0.000e+00 0.000e+00 0.000e+00 0.000e+00 0.000e+00
7.079e+06 0.000e+00 0.000e+00 0.000e+00 0.000e+00 0.000e+00
7.943e+06 0.000e+00 0.000e+00 0.000e+00 0.000e+00 0.000e+00
8.913e+06 0.000e+00 0.000e+00 0.000e+00 0.000e+00 0.000e+00
1.000e+07 0.000e+00 0.000e+00 0.000e+00 0.000e+00 0.000e+00
1.122e+07 0.000e+00 0.000e+00 0.000e+00 0.000e+00 0.000e+00
1.259e+07 0.000e+00 0.000e+00 0.000e+00 0.000e+00 0.000e+00
1.413e+07 0.000e+00 0.000e+00 0.000e+00 0.000e+00 0.000e+00
1.585e+07 0.000e+00 0.000e+00 0.000e+00 0.000e+00 0.000e+00
1.778e+07 0.000e+00 0.000e+00 0.000e+00 0.000e+00 0.000e+00
1.995e+07 0.000e+00 0.000e+00 0.000e+00 0.000e+00 0.000e+00
2.239e+07 0.000e+00 0.000e+00 0.000e+00 0.000e+00 0.000e+00
2.512e+07 0.000e+00 0.000e+00 0.000e+00 0.000e+00 0.000e+00
2.818e+07 0.000e+00 0.000e+00 0.000e+00 0.000e+00 0.000e+00
3.162e+07 0.000e+00 0.000e+00 0.000e+00 0.000e+00 0.000e+00
3.548e+07 0.000e+00 0.000e+00 0.000e+00 0.000e+00 0.000e+00
3.981e+07 0.000e+00 0.000e+00 0.000e+00 0.000e+00 0.000e+00
4.467e+07 0.000e+00 0.000e+00 0.000e+00 0.000e+00 0.000e+00
5.012e+07 0.000e+00 0.000e+00 0.000e+00 0.000e+00 0.000e+00
5.623e+07 0.000e+00 0.000e+00 0.000e+00 0.000e+00 0.000e+00
6.310e+07 0.000e+00 0.000e+00 0.000e+00 0.000e+00 0.000e+00
7.079e+07 0.000e+00 0.000e+00 0.000e+00 0.000e+00 0.000e+00
7.943e+07 0.000e+00 0.000e+00 0.000e+00 0.000e+00 0.000e+00
8.913e+07 0.000e+00 0.000e+00 0.000e+00 0.000e+00 0.000e+00
1.000e+08 0.000e+00 0.000e+00 0.000e+00 0.000e+00 0.000e+00
