1.000e-20 3.351e+69 5.369e+29 5.379e-28 2.211e-17 2.779e-16
1.122e-20 2.905e+69 5.860e+29 5.870e-28 2.414e-17 3.033e-16
1.259e-20 2.516e+69 6.388e+29 6.399e-28 2.631e-17 3.306e-16
1.413e-20 2.176e+69 6.955e+29 6.967e-28 2.865e-17 3.600e-16
1.585e-20 1.879e+69 7.564e+29 7.576e-28 3.115e-17 3.915e-16
1.778e-20 1.621e+69 8.215e+29 8.229e-28 3.383e-17 4.252e-16
1.995e-20 1.397e+69 8.911e+29 8.927e-28 3.670e-17 4.612e-16
2.239e-20 1.202e+69 9.655e+29 9.672e-28 3.977e-17 4.997e-16
2.512e-20 1.034e+69 1.045e+30 1.047e-27 4.303e-17 5.408e-16
2.818e-20 8.874e+68 1.129e+30 1.131e-27 4.651e-17 5.845e-16
3.162e-20 7.610e+68 1.219e+30 1.221e-27 5.022e-17 6.310e-16
3.548e-20 6.519e+68 1.315e+30 1.317e-27 5.415e-17 6.805e-16
3.981e-20 5.577e+68 1.416e+30 1.419e-27 5.833e-17 7.330e-16
4.467e-20 4.766e+68 1.524e+30 1.526e-27 6.275e-17 7.886e-16
5.012e-20 4.069e+68 1.637e+30 1.640e-27 6.744e-17 8.475e-16
5.623e-20 3.469e+68 1.758e+30 1.761e-27 7.239e-17 9.097e-16
6.310e-20 2.955e+68 1.885e+30 1.888e-27 7.763e-17 9.755e-16
7.079e-20 2.514e+68 2.019e+30 2.022e-27 8.315e-17 1.045e-15
7.943e-20 2.137e+68 2.160e+30 2.164e-27 8.897e-17 1.118e-15
8.913e-20 1.814e+68 2.309e+30 2.313e-27 9.510e-17 1.195e-15
1.000e-19 1.539e+68 2.466e+30 2.470e-27 1.015e-16 1.276e-15
1.122e-19 1.304e+68 2.630e+30 2.635e-27 1.083e-16 1.361e-15
1.259e-19 1.104e+68 2.803e+30 2.808e-27 1.154e-16 1.451e-15
1.413e-19 9.336e+67 2.985e+30 2.990e-27 1.229e-16 1.545e-15
1.585e-19 7.889e+67 3.175e+30 3.180e-27 1.308e-16 1.643e-15
1.778e-19 6.659e+67 3.374e+30 3.380e-27 1.390e-16 1.746e-15
1.995e-19 5.617e+67 3.583e+30 3.589e-27 1.476e-16 1.854e-15
2.239e-19 4.734e+67 3.801e+30 3.807e-27 1.565e-16 1.967e-15
2.512e-19 3.986e+67 4.029e+30 4.036e-27 1.659e-16 2.085e-15
2.818e-19 3.353e+67 4.268e+30 4.275e-27 1.758e-16 2.209e-15
3.162e-19 2.819e+67 4.517e+30 4.525e-27 1.860e-16 2.338e-15
3.548e-19 2.368e+67 4.777e+30 4.785e-27 1.967e-16 2.472e-15
3.981e-19 1.988e+67 5.049e+30 5.057e-27 2.079e-16 2.613e-15
4.467e-19 1.668e+67 5.332e+30 5.341e-27 2.196e-16 2.759e-15
5.012e-19 1.398e+67 5.627e+30 5.636e-27 2.317e-16 2.912e-15
5.623e-19 1.171e+67 5.934e+30 5.944e-27 2.444e-16 3.071e-15
6.310e-19 9.806e+66 6.255e+30 6.266e-27 2.576e-16 3.237e-15
7.079e-19 8.205e+66 6.589e+30 6.600e-27 2.714e-16 3.410e-15
7.943e-19 6.861e+66 6.936e+30 6.948e-27 2.857e-16 3.590e-15
8.913e-19 5.735e+66 7.298e+30 7.310e-27 3.006e-16 3.777e-15
1.000e-18 4.790e+66 7.675e+30 7.688e-27 3.161e-16 3.972e-15
1.122e-18 3.999e+66 8.066e+30 8.080e-27 3.322e-16 4.175e-15
1.259e-18 3.337e+66 8.474e+30 8.488e-27 3.490e-16 4.386e-15
1.413e-18 2.783e+66 8.898e+30 8.913e-27 3.665e-16 4.605e-15
1.585e-18 2.321e+66 9.339e+30 9.355e-27 3.846e-16 4.833e-15
1.778e-18 1.934e+66 9.798e+30 9.814e-27 4.035e-16 5.071e-15
1.995e-18 1.611e+66 1.027e+31 1.029e-26 4.232e-16 5.318e-15
2.239e-18 1.341e+66 1.077e+31 1.079e-26 4.436e-16 5.574e-15
2.512e-18 1.116e+66 1.129e+31 1.131e-26 4.648e-16 5.841e-15
2.818e-18 9.289e+65 1.182e+31 1.184e-26 4.869e-16 6.118e-15
3.162e-18 7.726e+65 1.238e+31 1.240e-26 5.098e-16 6.407e-15
3.548e-18 6.424e+65 1.296e+31 1.298e-26 5.337e-16 6.706e-15
3.981e-18 5.340e+65 1.356e+31 1.358e-26 5.585e-16 7.018e-15
4.467e-18 4.438e+65 1.419e+31 1.421e-26 5.842e-16 7.342e-15
5.012e-18 3.687e+65 1.484e+31 1.486e-26 6.110e-16 7.678e-15
5.623e-18 3.062e+65 1.551e+31 1.554e-26 6.389e-16 8.028e-15
6.310e-18 2.542e+65 1.622e+31 1.624e-26 6.678e-16 8.392e-15
7.079e-18 2.110e+65 1.695e+31 1.697e-26 6.979e-16 8.770e-15
7.943e-18 1.751e+65 1.770e+31 1.774e-26 7.292e-16 9.163e-15
8.913e-18 1.453e+65 1.849e+31 1.853e-26 7.617e-16 9.572e-15
1.000e-17 1.206e+65 1.931e+31 1.935e-26 7.955e-16 9.996e-15
1.122e-17 9.999e+64 2.017e+31 2.020e-26 8.306e-16 1.044e-14
1.259e-17 8.291e+64 2.105e+31 2.109e-26 8.671e-16 1.090e-14
1.413e-17 6.874e+64 2.198e+31 2.201e-26 9.051e-16 1.137e-14
1.585e-17 5.699e+64 2.293e+31 2.297e-26 9.445e-16 1.187e-14
1.778e-17 4.723e+64 2.393e+31 2.397e-26 9.855e-16 1.238e-14
1.995e-17 3.914e+64 2.496e+31 2.501e-26 1.028e-15 1.292e-14
2.239e-17 3.243e+64 2.604e+31 2.609e-26 1.073e-15 1.348e-14
2.512e-17 2.687e+64 2.716e+31 2.721e-26 1.119e-15 1.406e-14
2.818e-17 2.226e+64 2.832e+31 2.837e-26 1.167e-15 1.466e-14
3.162e-17 1.843e+64 2.953e+31 2.958e-26 1.216e-15 1.528e-14
3.548e-17 1.527e+64 3.079e+31 3.084e-26 1.268e-15 1.594e-14
3.981e-17 1.264e+64 3.210e+31 3.215e-26 1.322e-15 1.661e-14
4.467e-17 1.047e+64 3.346e+31 3.352e-26 1.378e-15 1.732e-14
5.012e-17 8.665e+63 3.487e+31 3.493e-26 1.436e-15 1.805e-14
5.623e-17 7.173e+63 3.634e+31 3.640e-26 1.497e-15 1.881e-14
6.310e-17 5.937e+63 3.787e+31 3.794e-26 1.560e-15 1.960e-14
7.079e-17 4.914e+63 3.946e+31 3.953e-26 1.625e-15 2.042e-14
7.943e-17 4.067e+63 4.111e+31 4.118e-26 1.693e-15 2.128e-14
8.913e-17 3.366e+63 4.283e+31 4.291e-26 1.764e-15 2.217e-14
1.000e-16 2.785e+63 4.462e+31 4.470e-26 1.838e-15 2.309e-14
1.122e-16 2.304e+63 4.648e+31 4.656e-26 1.914e-15 2.405e-14
1.259e-16 1.907e+63 4.841e+31 4.849e-26 1.994e-15 2.506e-14
1.413e-16 1.577e+63 5.042e+31 5.051e-26 2.077e-15 2.610e-14
1.585e-16 1.305e+63 5.251e+31 5.260e-26 2.163e-15 2.718e-14
1.778e-16 1.079e+63 5.469e+31 5.478e-26 2.252e-15 2.830e-14
1.995e-16 8.928e+62 5.695e+31 5.704e-26 2.345e-15 2.947e-14
2.239e-16 7.385e+62 5.930e+31 5.940e-26 2.442e-15 3.069e-14
2.512e-16 6.108e+62 6.174e+31 6.185e-26 2.543e-15 3.195e-14
2.818e-16 5.051e+62 6.428e+31 6.439e-26 2.647e-15 3.327e-14
3.162e-16 4.177e+62 6.693e+31 6.704e-26 2.756e-15 3.464e-14
3.548e-16 3.454e+62 6.968e+31 6.979e-26 2.870e-15 3.606e-14
3.981e-16 2.856e+62 7.253e+31 7.266e-26 2.987e-15 3.754e-14
4.467e-16 2.362e+62 7.551e+31 7.563e-26 3.110e-15 3.908e-14
5.012e-16 1.953e+62 7.860e+31 7.873e-26 3.237e-15 4.068e-14
5.623e-16 1.615e+62 8.181e+31 8.195e-26 3.369e-15 4.234e-14
6.310e-16 1.335e+62 8.515e+31 8.530e-26 3.507e-15 4.407e-14
7.079e-16 1.104e+62 8.862e+31 8.878e-26 3.650e-15 4.587e-14
7.943e-16 9.124e+61 9.224e+31 9.239e-26 3.799e-15 4.774e-14
8.913e-16 7.543e+61 9.599e+31 9.615e-26 3.953e-15 4.968e-14
1.000e-15 6.235e+61 9.990e+31 1.001e-25 4.114e-15 5.170e-14
1.122e-15 5.154e+61 1.040e+32 1.041e-25 4.281e-15 5.380e-14
1.259e-15 4.260e+61 1.082e+32 1.084e-25 4.455e-15 5.598e-14
1.413e-15 3.521e+61 1.126e+32 1.127e-25 4.636e-15 5.825e-14
1.585e-15 2.910e+61 1.171e+32 1.173e-25 4.823e-15 6.061e-14
1.778e-15 2.405e+61 1.219e+32 1.221e-25 5.018e-15 6.306e-14
1.995e-15 1.988e+61 1.268e+32 1.270e-25 5.221e-15 6.561e-14
2.239e-15 1.642e+61 1.319e+32 1.321e-25 5.432e-15 6.826e-14
2.512e-15 1.357e+61 1.372e+32 1.374e-25 5.651e-15 7.101e-14
2.818e-15 1.122e+61 1.427e+32 1.430e-25 5.878e-15 7.387e-14
3.162e-15 9.267e+60 1.485e+32 1.487e-25 6.115e-15 7.684e-14
3.548e-15 7.656e+60 1.544e+32 1.547e-25 6.360e-15 7.992e-14
3.981e-15 6.325e+60 1.606e+32 1.609e-25 6.615e-15 8.313e-14
4.467e-15 5.226e+60 1.670e+32 1.673e-25 6.880e-15 8.646e-14
5.012e-15 4.317e+60 1.737e+32 1.740e-25 7.155e-15 8.991e-14
5.623e-15 3.566e+60 1.807e+32 1.810e-25 7.440e-15 9.350e-14
6.310e-15 2.945e+60 1.879e+32 1.882e-25 7.737e-15 9.722e-14
7.079e-15 2.432e+60 1.953e+32 1.957e-25 8.044e-15 1.011e-13
7.943e-15 2.009e+60 2.031e+32 2.034e-25 8.363e-15 1.051e-13
8.913e-15 1.659e+60 2.111e+32 2.115e-25 8.695e-15 1.093e-13
1.000e-14 1.370e+60 2.195e+32 2.198e-25 9.038e-15 1.136e-13
1.122e-14 1.131e+60 2.281e+32 2.285e-25 9.394e-15 1.181e-13
1.259e-14 9.336e+59 2.371e+32 2.375e-25 9.764e-15 1.227e-13
1.413e-14 7.707e+59 2.464e+32 2.468e-25 1.015e-14 1.275e-13
1.585e-14 6.361e+59 2.560e+32 2.564e-25 1.054e-14 1.325e-13
1.778e-14 5.249e+59 2.660e+32 2.664e-25 1.095e-14 1.376e-13
1.995e-14 4.332e+59 2.763e+32 2.768e-25 1.138e-14 1.430e-13
2.239e-14 3.574e+59 2.870e+32 2.875e-25 1.182e-14 1.485e-13
2.512e-14 2.948e+59 2.980e+32 2.985e-25 1.227e-14 1.542e-13
2.818e-14 2.432e+59 3.095e+32 3.100e-25 1.275e-14 1.602e-13
3.162e-14 2.005e+59 3.213e+32 3.218e-25 1.323e-14 1.663e-13
3.548e-14 1.653e+59 3.335e+32 3.341e-25 1.373e-14 1.726e-13
3.981e-14 1.363e+59 3.461e+32 3.467e-25 1.425e-14 1.791e-13
4.467e-14 1.123e+59 3.591e+32 3.597e-25 1.479e-14 1.859e-13
5.012e-14 9.256e+58 3.725e+32 3.731e-25 1.534e-14 1.928e-13
5.623e-14 7.625e+58 3.863e+32 3.870e-25 1.591e-14 1.999e-13
6.310e-14 6.280e+58 4.006e+32 4.012e-25 1.650e-14 2.073e-13
7.079e-14 5.170e+58 4.152e+32 4.159e-25 1.710e-14 2.149e-13
7.943e-14 4.256e+58 4.302e+32 4.309e-25 1.772e-14 2.227e-13
8.913e-14 3.502e+58 4.456e+32 4.464e-25 1.835e-14 2.306e-13
1.000e-13 2.880e+58 4.615e+32 4.622e-25 1.901e-14 2.388e-13
1.122e-13 2.368e+58 4.777e+32 4.785e-25 1.967e-14 2.472e-13
1.259e-13 1.946e+58 4.942e+32 4.951e-25 2.035e-14 2.558e-13
1.413e-13 1.599e+58 5.111e+32 5.120e-25 2.105e-14 2.645e-13
1.585e-13 1.313e+58 5.283e+32 5.292e-25 2.176e-14 2.734e-13
1.778e-13 1.077e+58 5.459e+32 5.468e-25 2.248e-14 2.825e-13
1.995e-13 8.837e+57 5.636e+32 5.646e-25 2.321e-14 2.917e-13
2.239e-13 7.244e+57 5.817e+32 5.826e-25 2.396e-14 3.010e-13
2.512e-13 5.934e+57 5.998e+32 6.009e-25 2.470e-14 3.104e-13
2.818e-13 4.857e+57 6.182e+32 6.192e-25 2.546e-14 3.199e-13
3.162e-13 3.973e+57 6.365e+32 6.376e-25 2.622e-14 3.294e-13
3.548e-13 3.247e+57 6.549e+32 6.560e-25 2.697e-14 3.390e-13
3.981e-13 2.651e+57 6.732e+32 6.744e-25 2.773e-14 3.484e-13
4.467e-13 2.163e+57 6.914e+32 6.926e-25 2.847e-14 3.578e-13
5.012e-13 1.762e+57 7.093e+32 7.105e-25 2.921e-14 3.671e-13
5.623e-13 1.435e+57 7.268e+32 7.281e-25 2.993e-14 3.762e-13
6.310e-13 1.166e+57 7.439e+32 7.451e-25 3.064e-14 3.850e-13
7.079e-13 9.468e+56 7.603e+32 7.616e-25 3.131e-14 3.935e-13
7.943e-13 7.676e+56 7.760e+32 7.773e-25 3.196e-14 4.016e-13
8.913e-13 6.213e+56 7.908e+32 7.921e-25 3.257e-14 4.093e-13
1.000e-12 5.021e+56 8.044e+32 8.058e-25 3.313e-14 4.163e-13
1.122e-12 4.050e+56 8.169e+32 8.183e-25 3.364e-14 4.228e-13
1.259e-12 3.260e+56 8.279e+32 8.293e-25 3.410e-14 4.285e-13
1.413e-12 2.619e+56 8.372e+32 8.386e-25 3.448e-14 4.333e-13
1.585e-12 2.099e+56 8.447e+32 8.461e-25 3.479e-14 4.372e-13
1.778e-12 1.678e+56 8.501e+32 8.515e-25 3.501e-14 4.399e-13
1.995e-12 1.338e+56 8.532e+32 8.546e-25 3.514e-14 4.416e-13
2.239e-12 1.063e+56 8.537e+32 8.552e-25 3.516e-14 4.418e-13
2.512e-12 8.424e+55 8.516e+32 8.530e-25 3.507e-14 4.407e-13
2.818e-12 6.651e+55 8.464e+32 8.479e-25 3.486e-14 4.381e-13
3.162e-12 5.231e+55 8.381e+32 8.395e-25 3.452e-14 4.338e-13
3.548e-12 4.098e+55 8.265e+32 8.279e-25 3.404e-14 4.277e-13
3.981e-12 3.195e+55 8.113e+32 8.127e-25 3.342e-14 4.199e-13
4.467e-12 2.479e+55 7.926e+32 7.939e-25 3.264e-14 4.102e-13
5.012e-12 1.914e+55 7.702e+32 7.715e-25 3.172e-14 3.986e-13
5.623e-12 1.469e+55 7.440e+32 7.453e-25 3.064e-14 3.851e-13
6.310e-12 1.120e+55 7.142e+32 7.154e-25 2.941e-14 3.696e-13
7.079e-12 8.479e+54 6.809e+32 6.820e-25 2.804e-14 3.524e-13
7.943e-12 6.372e+54 6.442e+32 6.452e-25 2.653e-14 3.334e-13
8.913e-12 4.749e+54 6.044e+32 6.054e-25 2.489e-14 3.128e-13
1.000e-11 3.507e+54 5.619e+32 5.629e-25 2.314e-14 2.908e-13
1.122e-11 2.564e+54 5.173e+32 5.181e-25 2.130e-14 2.677e-13
1.259e-11 1.855e+54 4.709e+32 4.717e-25 1.940e-14 2.437e-13
1.413e-11 1.325e+54 4.236e+32 4.243e-25 1.745e-14 2.192e-13
1.585e-11 9.344e+53 3.760e+32 3.767e-25 1.549e-14 1.946e-13
1.778e-11 6.492e+53 3.289e+32 3.295e-25 1.355e-14 1.702e-13
1.995e-11 4.439e+53 2.831e+32 2.836e-25 1.166e-14 1.465e-13
2.239e-11 2.981e+53 2.394e+32 2.398e-25 9.859e-15 1.239e-13
2.512e-11 1.963e+53 1.985e+32 1.988e-25 8.173e-15 1.027e-13
2.818e-11 1.265e+53 1.610e+32 1.612e-25 6.630e-15 8.331e-14
3.162e-11 7.955e+52 1.274e+32 1.277e-25 5.249e-15 6.596e-14
3.548e-11 4.871e+52 9.824e+31 9.841e-26 4.046e-15 5.085e-14
3.981e-11 2.895e+52 7.352e+31 7.364e-26 3.028e-15 3.805e-14
4.467e-11 1.665e+52 5.323e+31 5.332e-26 2.192e-15 2.755e-14
5.012e-11 9.234e+51 3.716e+31 3.723e-26 1.531e-15 1.923e-14
5.623e-11 4.918e+51 2.492e+31 2.496e-26 1.026e-15 1.290e-14
6.310e-11 2.504e+51 1.597e+31 1.600e-26 6.578e-16 8.266e-15
7.079e-11 1.213e+51 9.740e+30 9.757e-27 4.012e-16 5.041e-15
7.943e-11 5.561e+50 5.621e+30 5.631e-27 2.315e-16 2.909e-15
8.913e-11 2.398e+50 3.052e+30 3.057e-27 1.257e-16 1.579e-15
1.000e-10 9.662e+49 1.548e+30 1.551e-27 6.376e-17 8.012e-16
1.122e-10 3.612e+49 7.285e+29 7.297e-28 3.000e-17 3.770e-16
1.259e-10 1.242e+49 3.154e+29 3.160e-28 1.299e-17 1.632e-16
1.413e-10 3.895e+48 1.245e+29 1.247e-28 5.128e-18 6.444e-17
1.585e-10 1.102e+48 4.434e+28 4.441e-29 1.826e-18 2.295e-17
1.778e-10 2.777e+47 1.407e+28 1.409e-29 5.795e-19 7.282e-18
1.995e-10 6.150e+46 3.922e+27 3.929e-30 1.615e-19 2.030e-18
2.239e-10 1.176e+46 9.442e+26 9.458e-31 3.889e-20 4.887e-19
2.512e-10 1.902e+45 1.923e+26 1.926e-31 7.919e-21 9.951e-20
2.818e-10 2.530e+44 3.220e+25 3.226e-32 1.326e-21 1.667e-20
3.162e-10 2.642e+43 4.233e+24 4.240e-33 1.743e-22 2.191e-21
3.548e-10 1.969e+42 3.972e+23 3.979e-34 1.636e-23 2.056e-22
3.981e-10 0.000e+00 0.000e+00 0.000e+00 0.000e+00 0.000e+00
4.467e-10 0.000e+00 0.000e+00 0.000e+00 0.000e+00 0.000e+00
5.012e-10 0.000e+00 0.000e+00 0.000e+00 0.000e+00 0.000e+00
5.623e-10 0.000e+00 0.000e+00 0.000e+00 0.000e+00 0.000e+00
6.310e-10 0.000e+00 0.000e+00 0.000e+00 0.000e+00 0.000e+00
7.079e-10 0.000e+00 0.000e+00 0.000e+00 0.000e+00 0.000e+00
7.943e-10 0.000e+00 0.000e+00 0.000e+00 0.000e+00 0.000e+00
8.913e-10 0.000e+00 0.000e+00 0.000e+00 0.000e+00 0.000e+00
1.000e-09 0.000e+00 0.000e+00 0.000e+00 0.000e+00 0.000e+00
1.122e-09 0.000e+00 0.000e+00 0.000e+00 0.000e+00 0.000e+00
1.259e-09 0.000e+00 0.000e+00 0.000e+00 0.000e+00 0.000e+00
1.413e-09 0.000e+00 0.000e+00 0.000e+00 0.000e+00 0.000e+00
1.585e-09 0.000e+00 0.000e+00 0.000e+00 0.000e+00 0.000e+00
1.778e-09 0.000e+00 0.000e+00 0.000e+00 0.000e+00 0.000e+00
1.995e-09 0.000e+00 0.000e+00 0.000e+00 0.000e+00 0.000e+00
2.239e-09 0.000e+00 0.000e+00 0.000e+00 0.000e+00 0.000e+00
2.512e-09 0.000e+00 0.000e+00 0.000e+00 0.000e+00 0.000e+00
2.818e-09 0.000e+00 0.000e+00 0.000e+00 0.000e+00 0.000e+00
3.162e-09 0.000e+00 0.000e+00 0.000e+00 0.000e+00 0.000e+00
3.548e-09 0.000e+00 0.000e+00 0.000e+00 0.000e+00 0.000e+00
3.981e-09 0.000e+00 0.000e+00 0.000e+00 0.000e+00 0.000e+00
4.467e-09 0.000e+00 0.000e+00 0.000e+00 0.000e+00 0.000e+00
5.012e-09 0.000e+00 0.000e+00 0.000e+00 0.000e+00 0.000e+00
5.623e-09 0.000e+00 0.000e+00 0.000e+00 0.000e+00 0.000e+00
6.310e-09 0.000e+00 0.000e+00 0.000e+00 0.000e+00 0.000e+00
7.079e-09 0.000e+00 0.000e+00 0.000e+00 0.000e+00 0.000e+00
7.943e-09 0.000e+00 0.000e+00 0.000e+00 0.000e+00 0.000e+00
8.913e-09 0.000e+00 0.000e+00 0.000e+00 0.000e+00 0.000e+00
1.000e-08 0.000e+00 0.000e+00 0.000e+00 0.000e+00 0.000e+00
1.122e-08 0.000e+00 0.000e+00 0.000e+00 0.000e+00 0.000e+00
1.259e-08 0.000e+00 0.000e+00 0.000e+00 0.000e+00 0.000e+00
1.413e-08 0.000e+00 0.000e+00 0.000e+00 0.000e+00 0.000e+00
1.585e-08 0.000e+00 0.000e+00 0.000e+00 0.000e+00 0.000e+00
1.778e-08 0.000e+00 0.000e+00 0.000e+00 0.000e+00 0.000e+00
1.995e-08 0.000e+00 0.000e+00 0.000e+00 0.000e+00 0.000e+00
2.239e-08 0.000e+00 0.000e+00 0.000e+00 0.000e+00 0.000e+00
2.512e-08 0.000e+00 0.000e+00 0.000e+00 0.000e+00 0.000e+00
2.818e-08 0.000e+00 0.000e+00 0.000e+00 0.000e+00 0.000e+00
3.162e-08 0.000e+00 0.000e+00 0.000e+00 0.000e+00 0.000e+00
3.548e-08 0.000e+00 0.000e+00 0.000e+00 0.000e+00 0.000e+00
3.981e-08 0.000e+00 0.000e+00 0.000e+00 0.000e+00 0.000e+00
4.467e-08 0.000e+00 0.000e+00 0.000e+00 0.000e+00 0.000e+00
5.012e-08 0.000e+00 0.000e+00 0.000e+00 0.000e+00 0.000e+00
5.623e-08 0.000e+00 0.000e+00 0.000e+00 0.000e+00 0.000e+00
6.310e-08 0.000e+00 0.000e+00 0.000e+00 0.000e+00 0.000e+00
7.079e-08 0.000e+00 0.000e+00 0.000e+00 0.000e+00 0.000e+00
7.943e-08 0.000e+00 0.000e+00 0.000e+00 0.000e+00 0.000e+00
8.913e-08 0.000e+00 0.000e+00 0.000e+00 0.000e+00 0.000e+00
1.000e-07 0.000e+00 0.000e+00 0.000e+00 0.000e+00 0.000e+00
1.122e-07 0.000e+00 0.000e+00 0.000e+00 0.000e+00 0.000e+00
1.259e-07 0.000e+00 0.000e+00 0.000e+00 0.000e+00 0.000e+00
1.413e-07 0.000e+00 0.000e+00 0.000e+00 0.000e+00 0.000e+00
1.585e-07 0.000e+00 0.000e+00 0.000e+00 0.000e+00 0.000e+00
1.778e-07 0.000e+00 0.000e+00 0.000e+00 0.000e+00 0.000e+00
1.995e-07 0.000e+00 0.000e+00 0.000e+00 0.000e+00 0.000e+00
2.239e-07 0.000e+00 0.000e+00 0.000e+00 0.000e+00 0.000e+00
2.512e-07 0.000e+00 0.000e+00 0.000e+00 0.000e+00 0.000e+00
2.818e-07 0.000e+00 0.000e+00 0.000e+00 0.000e+00 0.000e+00
3.162e-07 0.000e+00 0.000e+00 0.000e+00 0.000e+00 0.000e+00
3.548e-07 0.000e+00 0.000e+00 0.000e+00 0.000e+00 0.000e+00
3.981e-07 0.000e+00 0.000e+00 0.000e+00 0.000e+00 0.000e+00
4.467e-07 0.000e+00 0.000e+00 0.000e+00 0.000e+00 0.000e+00
5.012e-07 0.000e+00 0.000e+00 0.000e+00 0.000e+00 0.000e+00
5.623e-07 0.000e+00 0.000e+00 0.000e+00 0.000e+00 0.000e+00
6.310e-07 0.000e+00 0.000e+00 0.000e+00 0.000e+00 0.000e+00
7.079e-07 0.000e+00 0.000e+00 0.000e+00 0.000e+00 0.000e+00
7.943e-07 0.000e+00 0.000e+00 0.000e+00 0.000e+00 0.000e+00
8.913e-07 0.000e+00 0.000e+00 0.000e+00 0.000e+00 0.000e+00
1.000e-06 0.000e+00 0.000e+00 0.000e+00 0.000e+00 0.000e+00
1.122e-06 0.000e+00 0.000e+00 0.000e+00 0.000e+00 0.000e+00
1.259e-06 0.000e+00 0.000e+00 0.000e+00 0.000e+00 0.000e+00
1.413e-06 0.000e+00 0.000e+00 0.000e+00 0.000e+00 0.000e+00
1.585e-06 0.000e+00 0.000e+00 0.000e+00 0.000e+00 0.000e+00
1.778e-06 0.000e+00 0.000e+00 0.000e+00 0.000e+00 0.000e+00
1.995e-06 0.000e+00 0.000e+00 0.000e+00 0.000e+00 0.000e+00
2.239e-06 0.000e+00 0.000e+00 0.000e+00 0.000e+00 0.000e+00
2.512e-06 0.000e+00 0.000e+00 0.000e+00 0.000e+00 0.000e+00
2.818e-06 0.000e+00 0.000e+00 0.000e+00 0.000e+00 0.000e+00
3.162e-06 0.000e+00 0.000e+00 0.000e+00 0.000e+00 0.000e+00
3.548e-06 0.000e+00 0.000e+00 0.000e+00 0.000e+00 0.000e+00
3.981e-06 0.000e+00 0.000e+00 0.000e+00 0.000e+00 0.000e+00
4.467e-06 0.000e+00 0.000e+00 0.000e+00 0.000e+00 0.000e+00
5.012e-06 0.000e+00 0.000e+00 0.000e+00 0.000e+00 0.000e+00
5.623e-06 0.000e+00 0.000e+00 0.000e+00 0.000e+00 0.000e+00
6.310e-06 0.000e+00 0.000e+00 0.000e+00 0.000e+00 0.000e+00
7.079e-06 0.000e+00 0.000e+00 0.000e+00 0.000e+00 0.000e+00
7.943e-06 0.000e+00 0.000e+00 0.000e+00 0.000e+00 0.000e+00
8.913e-06 0.000e+00 0.000e+00 0.000e+00 0.000e+00 0.000e+00
1.000e-05 0.000e+00 0.000e+00 0.000e+00 0.000e+00 0.000e+00
1.122e-05 0.000e+00 0.000e+00 0.000e+00 0.000e+00 0.000e+00
1.259e-05 0.000e+00 0.000e+00 0.000e+00 0.000e+00 0.000e+00
1.413e-05 0.000e+00 0.000e+00 0.000e+00 0.000e+00 0.000e+00
1.585e-05 0.000e+00 0.000e+00 0.000e+00 0.000e+00 0.000e+00
1.778e-05 0.000e+00 0.000e+00 0.000e+00 0.000e+00 0.000e+00
1.995e-05 0.000e+00 0.000e+00 0.000e+00 0.000e+00 0.000e+00
2.239e-05 0.000e+00 0.000e+00 0.000e+00 0.000e+00 0.000e+00
2.512e-05 0.000e+00 0.000e+00 0.000e+00 0.000e+00 0.000e+00
2.818e-05 0.000e+00 0.000e+00 0.000e+00 0.000e+00 0.000e+00
3.162e-05 0.000e+00 0.000e+00 0.000e+00 0.000e+00 0.000e+00
3.548e-05 0.000e+00 0.000e+00 0.000e+00 0.000e+00 0.000e+00
3.981e-05 0.000e+00 0.000e+00 0.000e+00 0.000e+00 0.000e+00
4.467e-05 0.000e+00 0.000e+00 0.000e+00 0.000e+00 0.000e+00
5.012e-05 0.000e+00 0.000e+00 0.000e+00 0.000e+00 0.000e+00
5.623e-05 0.000e+00 0.000e+00 0.000e+00 0.000e+00 0.000e+00
6.310e-05 0.000e+00 0.000e+00 0.000e+00 0.000e+00 0.000e+00
7.079e-05 0.000e+00 0.000e+00 0.000e+00 0.000e+00 0.000e+00
7.943e-05 0.000e+00 0.000e+00 0.000e+00 0.000e+00 0.000e+00
8.913e-05 0.000e+00 0.000e+00 0.000e+00 0.000e+00 0.000e+00
1.000e-04 0.000e+00 0.000e+00 0.000e+00 0.000e+00 0.000e+00
1.122e-04 0.000e+00 0.000e+00 0.000e+00 0.000e+00 0.000e+00
1.259e-04 0.000e+00 0.000e+00 0.000e+00 0.000e+00 0.000e+00
1.413e-04 0.000e+00 0.000e+00 0.000e+00 0.000e+00 0.000e+00
1.585e-04 0.000e+00 0.000e+00 0.000e+00 0.000e+00 0.000e+00
1.778e-04 0.000e+00 0.000e+00 0.000e+00 0.000e+00 0.000e+00
1.995e-04 0.000e+00 0.000e+00 0.000e+00 0.000e+00 0.000e+00
2.239e-04 0.000e+00 0.000e+00 0.000e+00 0.000e+00 0.000e+00
2.512e-04 0.000e+00 0.000e+00 0.000e+00 0.000e+00 0.000e+00
2.818e-04 0.000e+00 0.000e+00 0.000e+00 0.000e+00 0.000e+00
3.162e-04 0.000e+00 0.000e+00 0.000e+00 0.000e+00 0.000e+00
3.548e-04 0.000e+00 0.000e+00 0.000e+00 0.000e+00 0.000e+00
3.981e-04 0.000e+00 0.000e+00 0.000e+00 0.000e+00 0.000e+00
4.467e-04 0.000e+00 0.000e+00 0.000e+00 0.000e+00 0.000e+00
5.012e-04 0.000e+00 0.000e+00 0.000e+00 0.000e+00 0.000e+00
5.623e-04 0.000e+00 0.000e+00 0.000e+00 0.000e+00 0.000e+00
6.310e-04 0.000e+00 0.000e+00 0.000e+00 0.000e+00 0.000e+00
7.079e-04 0.000e+00 0.000e+00 0.000e+00 0.000e+00 0.000e+00
7.943e-04 0.000e+00 0.000e+00 0.000e+00 0.000e+00 0.000e+00
8.913e-04 0.000e+00 0.000e+00 0.000e+00 0.000e+00 0.000e+00
1.000e-03 0.000e+00 0.000e+00 0.000e+00 0.000e+00 0.000e+00
1.122e-03 0.000e+00 0.000e+00 0.000e+00 0.000e+00 0.000e+00
1.259e-03 0.000e+00 0.000e+00 0.000e+00 0.000e+00 0.000e+00
1.413e-03 0.000e+00 0.000e+00 0.000e+00 0.000e+00 0.000e+00
1.585e-03 0.000e+00 0.000e+00 0.000e+00 0.000e+00 0.000e+00
1.778e-03 0.000e+00 0.000e+00 0.000e+00 0.000e+00 0.000e+00
1.995e-03 0.000e+00 0.000e+00 0.000e+00 0.000e+00 0.000e+00
2.239e-03 0.000e+00 0.000e+00 0.000e+00 0.000e+00 0.000e+00
2.512e-03 0.000e+00 0.000e+00 0.000e+00 0.000e+00 0.000e+00
2.818e-03 0.000e+00 0.000e+00 0.000e+00 0.000e+00 0.000e+00
3.162e-03 0.000e+00 0.000e+00 0.000e+00 0.000e+00 0.000e+00
3.548e-03 0.000e+00 0.000e+00 0.000e+00 0.000e+00 0.000e+00
3.981e-03 0.000e+00 0.000e+00 0.000e+00 0.000e+00 0.000e+00
4.467e-03 0.000e+00 0.000e+00 0.000e+00 0.000e+00 0.000e+00
5.012e-03 0.000e+00 0.000e+00 0.000e+00 0.000e+00 0.000e+00
5.623e-03 0.000e+00 0.000e+00 0.000e+00 0.000e+00 0.000e+00
6.310e-03 0.000e+00 0.000e+00 0.000e+00 0.000e+00 0.000e+00
7.079e-03 0.000e+00 0.000e+00 0.000e+00 0.000e+00 0.000e+00
7.943e-03 0.000e+00 0.000e+00 0.000e+00 0.000e+00 0.000e+00
8.913e-03 0.000e+00 0.000e+00 0.000e+00 0.000e+00 0.000e+00
1.000e-02 0.000e+00 0.000e+00 0.000e+00 0.000e+00 0.000e+00
1.122e-02 0.000e+00 0.000e+00 0.000e+00 0.000e+00 0.000e+00
1.259e-02 0.000e+00 0.000e+00 0.000e+00 0.000e+00 0.000e+00
1.413e-02 0.000e+00 0.000e+00 0.000e+00 0.000e+00 0.000e+00
1.585e-02 0.000e+00 0.000e+00 0.000e+00 0.000e+00 0.000e+00
1.778e-02 0.000e+00 0.000e+00 0.000e+00 0.000e+00 0.000e+00
1.995e-02 0.000e+00 0.000e+00 0.000e+00 0.000e+00 0.000e+00
2.239e-02 0.000e+00 0.000e+00 0.000e+00 0.000e+00 0.000e+00
2.512e-02 0.000e+00 0.000e+00 0.000e+00 0.000e+00 0.000e+00
2.818e-02 0.000e+00 0.000e+00 0.000e+00 0.000e+00 0.000e+00
3.162e-02 0.000e+00 0.000e+00 0.000e+00 0.000e+00 0.000e+00
3.548e-02 0.000e+00 0.000e+00 0.000e+00 0.000e+00 0.000e+00
3.981e-02 0.000e+00 0.000e+00 0.000e+00 0.000e+00 0.000e+00
4.467e-02 0.000e+00 0.000e+00 0.000e+00 0.000e+00 0.000e+00
5.012e-02 0.000e+00 0.000e+00 0.000e+00 0.000e+00 0.000e+00
5.623e-02 0.000e+00 0.000e+00 0.000e+00 0.000e+00 0.000e+00
6.310e-02 0.000e+00 0.000e+00 0.000e+00 0.000e+00 0.000e+00
7.079e-02 0.000e+00 0.000e+00 0.000e+00 0.000e+00 0.000e+00
7.943e-02 0.000e+00 0.000e+00 0.000e+00 0.000e+00 0.000e+00
8.913e-02 0.000e+00 0.000e+00 0.000e+00 0.000e+00 0.000e+00
1.000e-01 0.000e+00 0.000e+00 0.000e+00 0.000e+00 0.000e+00
1.122e-01 0.000e+00 0.000e+00 0.000e+00 0.000e+00 0.000e+00
1.259e-01 0.000e+00 0.000e+00 0.000e+00 0.000e+00 0.000e+00
1.413e-01 0.000e+00 0.000e+00 0.000e+00 0.000e+00 0.000e+00
1.585e-01 0.000e+00 0.000e+00 0.000e+00 0.000e+00 0.000e+00
1.778e-01 0.000e+00 0.000e+00 0.000e+00 0.000e+00 0.000e+00
1.995e-01 0.000e+00 0.000e+00 0.000e+00 0.000e+00 0.000e+00
2.239e-01 0.000e+00 0.000e+00 0.000e+00 0.000e+00 0.000e+00
2.512e-01 0.000e+00 0.000e+00 0.000e+00 0.000e+00 0.000e+00
2.818e-01 0.000e+00 0.000e+00 0.000e+00 0.000e+00 0.000e+00
3.162e-01 0.000e+00 0.000e+00 0.000e+00 0.000e+00 0.000e+00
3.548e-01 0.000e+00 0.000e+00 0.000e+00 0.000e+00 0.000e+00
3.981e-01 0.000e+00 0.000e+00 0.000e+00 0.000e+00 0.000e+00
4.467e-01 0.000e+00 0.000e+00 0.000e+00 0.000e+00 0.000e+00
5.012e-01 0.000e+00 0.000e+00 0.000e+00 0.000e+00 0.000e+00
5.623e-01 0.000e+00 0.000e+00 0.000e+00 0.000e+00 0.000e+00
6.310e-01 0.000e+00 0.000e+00 0.000e+00 0.000e+00 0.000e+00
7.079e-01 0.000e+00 0.000e+00 0.000e+00 0.000e+00 0.000e+00
7.943e-01 0.000e+00 0.000e+00 0.000e+00 0.000e+00 0.000e+00
8.913e-01 0.000e+00 0.000e+00 0.000e+00 0.000e+00 0.000e+00
1.000e+00 0.000e+00 0.000e+00 0.000e+00 0.000e+00 0.000e+00
1.122e+00 0.000e+00 0.000e+00 0.000e+00 0.000e+00 0.000e+00
1.259e+00 0.000e+00 0.000e+00 0.000e+00 0.000e+00 0.000e+00
1.413e+00 0.000e+00 0.000e+00 0.000e+00 0.000e+00 0.000e+00
1.585e+00 0.000e+00 0.000e+00 0.000e+00 0.000e+00 0.000e+00
1.778e+00 0.000e+00 0.000e+00 0.000e+00 0.000e+00 0.000e+00
1.995e+00 0.000e+00 0.000e+00 0.000e+00 0.000e+00 0.000e+00
2.239e+00 0.000e+00 0.000e+00 0.000e+00 0.000e+00 0.000e+00
2.512e+00 0.000e+00 0.000e+00 0.000e+00 0.000e+00 0.000e+00
2.818e+00 0.000e+00 0.000e+00 0.000e+00 0.000e+00 0.000e+00
3.162e+00 0.000e+00 0.000e+00 0.000e+00 0.000e+00 0.000e+00
3.548e+00 0.000e+00 0.000e+00 0.000e+00 0.000e+00 0.000e+00
3.981e+00 0.000e+00 0.000e+00 0.000e+00 0.000e+00 0.000e+00
4.467e+00 0.000e+00 0.000e+00 0.000e+00 0.000e+00 0.000e+00
5.012e+00 0.000e+00 0.000e+00 0.000e+00 0.000e+00 0.000e+00
5.623e+00 0.000e+00 0.000e+00 0.000e+00 0.000e+00 0.000e+00
6.310e+00 0.000e+00 0.000e+00 0.000e+00 0.000e+00 0.000e+00
7.079e+00 0.000e+00 0.000e+00 0.000e+00 0.000e+00 0.000e+00
7.943e+00 0.000e+00 0.000e+00 0.000e+00 0.000e+00 0.000e+00
8.913e+00 0.000e+00 0.000e+00 0.000e+00 0.000e+00 0.000e+00
1.000e+01 0.000e+00 0.000e+00 0.000e+00 0.000e+00 0.000e+00
1.122e+01 0.000e+00 0.000e+00 0.000e+00 0.000e+00 0.000e+00
1.259e+01 0.000e+00 0.000e+00 0.000e+00 0.000e+00 0.000e+00
1.413e+01 0.000e+00 0.000e+00 0.000e+00 0.000e+00 0.000e+00
1.585e+01 0.000e+00 0.000e+00 0.000e+00 0.000e+00 0.000e+00
1.778e+01 0.000e+00 0.000e+00 0.000e+00 0.000e+00 0.000e+00
1.995e+01 0.000e+00 0.000e+00 0.000e+00 0.000e+00 0.000e+00
2.239e+01 0.000e+00 0.000e+00 0.000e+00 0.000e+00 0.000e+00
2.512e+01 0.000e+00 0.000e+00 0.000e+00 0.000e+00 0.000e+00
2.818e+01 0.000e+00 0.000e+00 0.000e+00 0.000e+00 0.000e+00
3.162e+01 0.000e+00 0.000e+00 0.000e+00 0.000e+00 0.000e+00
3.548e+01 0.000e+00 0.000e+00 0.000e+00 0.000e+00 0.000e+00
3.981e+01 0.000e+00 0.000e+00 0.000e+00 0.000e+00 0.000e+00
4.467e+01 0.000e+00 0.000e+00 0.000e+00 0.000e+00 0.000e+00
5.012e+01 0.000e+00 0.000e+00 0.000e+00 0.000e+00 0.000e+00
5.623e+01 0.000e+00 0.000e+00 0.000e+00 0.000e+00 0.000e+00
6.310e+01 0.000e+00 0.000e+00 0.000e+00 0.000e+00 0.000e+00
7.079e+01 0.000e+00 0.000e+00 0.000e+00 0.000e+00 0.000e+00
7.943e+01 0.000e+00 0.000e+00 0.000e+00 0.000e+00 0.000e+00
8.913e+01 0.000e+00 0.000e+00 0.000e+00 0.000e+00 0.000e+00
1.000e+02 0.000e+00 0.000e+00 0.000e+00 0.000e+00 0.000e+00
1.122e+02 0.000e+00 0.000e+00 0.000e+00 0.000e+00 0.000e+00
1.259e+02 0.000e+00 0.000e+00 0.000e+00 0.000e+00 0.000e+00
1.413e+02 0.000e+00 0.000e+00 0.000e+00 0.000e+00 0.000e+00
1.585e+02 0.000e+00 0.000e+00 0.000e+00 0.000e+00 0.000e+00
1.778e+02 0.000e+00 0.000e+00 0.000e+00 0.000e+00 0.000e+00
1.995e+02 0.000e+00 0.000e+00 0.000e+00 0.000e+00 0.000e+00
2.239e+02 0.000e+00 0.000e+00 0.000e+00 0.000e+00 0.000e+00
2.512e+02 0.000e+00 0.000e+00 0.000e+00 0.000e+00 0.000e+00
2.818e+02 0.000e+00 0.000e+00 0.000e+00 0.000e+00 0.000e+00
3.162e+02 0.000e+00 0.000e+00 0.000e+00 0.000e+00 0.000e+00
3.548e+02 0.000e+00 0.000e+00 0.000e+00 0.000e+00 0.000e+00
3.981e+02 0.000e+00 0.000e+00 0.000e+00 0.000e+00 0.000e+00
4.467e+02 0.000e+00 0.000e+00 0.000e+00 0.000e+00 0.000e+00
5.012e+02 0.000e+00 0.000e+00 0.000e+00 0.000e+00 0.000e+00
5.623e+02 0.000e+00 0.000e+00 0.000e+00 0.000e+00 0.000e+00
6.310e+02 0.000e+00 0.000e+00 0.000e+00 0.000e+00 0.000e+00
7.079e+02 0.000e+00 0.000e+00 0.000e+00 0.000e+00 0.000e+00
7.943e+02 0.000e+00 0.000e+00 0.000e+00 0.000e+00 0.000e+00
8.913e+02 0.000e+00 0.000e+00 0.000e+00 0.000e+00 0.000e+00
1.000e+03 0.000e+00 0.000e+00 0.000e+00 0.000e+00 0.000e+00
1.122e+03 0.000e+00 0.000e+00 0.000e+00 0.000e+00 0.000e+00
1.259e+03 0.000e+00 0.000e+00 0.000e+00 0.000e+00 0.000e+00
1.413e+03 0.000e+00 0.000e+00 0.000e+00 0.000e+00 0.000e+00
1.585e+03 0.000e+00 0.000e+00 0.000e+00 0.000e+00 0.000e+00
1.778e+03 0.000e+00 0.000e+00 0.000e+00 0.000e+00 0.000e+00
1.995e+03 0.000e+00 0.000e+00 0.000e+00 0.000e+00 0.000e+00
2.239e+03 0.000e+00 0.000e+00 0.000e+00 0.000e+00 0.000e+00
2.512e+03 0.000e+00 0.000e+00 0.000e+00 0.000e+00 0.000e+00
2.818e+03 0.000e+00 0.000e+00 0.000e+00 0.000e+00 0.000e+00
3.162e+03 0.000e+00 0.000e+00 0.000e+00 0.000e+00 0.000e+00
3.548e+03 0.000e+00 0.000e+00 0.000e+00 0.000e+00 0.000e+00
3.981e+03 0.000e+00 0.000e+00 0.000e+00 0.000e+00 0.000e+00
4.467e+03 0.000e+00 0.000e+00 0.000e+00 0.000e+00 0.000e+00
5.012e+03 0.000e+00 0.000e+00 0.000e+00 0.000e+00 0.000e+00
5.623e+03 0.000e+00 0.000e+00 0.000e+00 0.000e+00 0.000e+00
6.310e+03 0.000e+00 0.000e+00 0.000e+00 0.000e+00 0.000e+00
7.079e+03 0.000e+00 0.000e+00 0.000e+00 0.000e+00 0.000e+00
7.943e+03 0.000e+00 0.000e+00 0.000e+00 0.000e+00 0.000e+00
8.913e+03 0.000e+00 0.000e+00 0.000e+00 0.000e+00 0.000e+00
1.000e+04 0.000e+00 0.000e+00 0.000e+00 0.000e+00 0.000e+00
1.122e+04 0.000e+00 0.000e+00 0.000e+00 0.000e+00 0.000e+00
1.259e+04 0.000e+00 0.000e+00 0.000e+00 0.000e+00 0.000e+00
1.413e+04 0.000e+00 0.000e+00 0.000e+00 0.000e+00 0.000e+00
1.585e+04 0.000e+00 0.000e+00 0.000e+00 0.000e+00 0.000e+00
1.778e+04 0.000e+00 0.000e+00 0.000e+00 0.000e+00 0.000e+00
1.995e+04 0.000e+00 0.000e+00 0.000e+00 0.000e+00 0.000e+00
2.239e+04 0.000e+00 0.000e+00 0.000e+00 0.000e+00 0.000e+00
2.512e+04 0.000e+00 0.000e+00 0.000e+00 0.000e+00 0.000e+00
2.818e+04 0.000e+00 0.000e+00 0.000e+00 0.000e+00 0.000e+00
3.162e+04 0.000e+00 0.000e+00 0.000e+00 0.000e+00 0.000e+00
3.548e+04 0.000e+00 0.000e+00 0.000e+00 0.000e+00 0.000e+00
3.981e+04 0.000e+00 0.000e+00 0.000e+00 0.000e+00 0.000e+00
4.467e+04 0.000e+00 0.000e+00 0.000e+00 0.000e+00 0.000e+00
5.012e+04 0.000e+00 0.000e+00 0.000e+00 0.000e+00 0.000e+00
5.623e+04 0.000e+00 0.000e+00 0.000e+00 0.000e+00 0.000e+00
6.310e+04 0.000e+00 0.000e+00 0.000e+00 0.000e+00 0.000e+00
7.079e+04 0.000e+00 0.000e+00 0.000e+00 0.000e+00 0.000e+00
7.943e+04 0.000e+00 0.000e+00 0.000e+00 0.000e+00 0.000e+00
8.913e+04 0.000e+00 0.000e+00 0.000e+00 0.000e+00 0.000e+00
1.000e+05 0.000e+00 0.000e+00 0.000e+00 0.000e+00 0.000e+00
1.122e+05 0.000e+00 0.000e+00 0.000e+00 0.000e+00 0.000e+00
1.259e+05 0.000e+00 0.000e+00 0.000e+00 0.000e+00 0.000e+00
1.413e+05 0.000e+00 0.000e+00 0.000e+00 0.000e+00 0.000e+00
1.585e+05 0.000e+00 0.000e+00 0.000e+00 0.000e+00 0.000e+00
1.778e+05 0.000e+00 0.000e+00 0.000e+00 0.000e+00 0.000e+00
1.995e+05 0.000e+00 0.000e+00 0.000e+00 0.000e+00 0.000e+00
2.239e+05 0.000e+00 0.000e+00 0.000e+00 0.000e+00 0.000e+00
2.512e+05 0.000e+00 0.000e+00 0.000e+00 0.000e+00 0.000e+00
2.818e+05 0.000e+00 0.000e+00 0.000e+00 0.000e+00 0.000e+00
3.162e+05 0.000e+00 0.000e+00 0.000e+00 0.000e+00 0.000e+00
3.548e+05 0.000e+00 0.000e+00 0.000e+00 0.000e+00 0.000e+00
3.981e+05 0.000e+00 0.000e+00 0.000e+00 0.000e+00 0.000e+00
4.467e+05 0.000e+00 0.000e+00 0.000e+00 0.000e+00 0.000e+00
5.012e+05 0.000e+00 0.000e+00 0.000e+00 0.000e+00 0.000e+00
5.623e+05 0.000e+00 0.000e+00 0.000e+00 0.000e+00 0.000e+00
6.310e+05 0.000e+00 0.000e+00 0.000e+00 0.000e+00 0.000e+00
7.079e+05 0.000e+00 0.000e+00 0.000e+00 0.000e+00 0.000e+00
7.943e+05 0.000e+00 0.000e+00 0.000e+00 0.000e+00 0.000e+00
8.913e+05 0.000e+00 0.000e+00 0.000e+00 0.000e+00 0.000e+00
1.000e+06 0.000e+00 0.000e+00 0.000e+00 0.000e+00 0.000e+00
1.122e+06 0.000e+00 0.000e+00 0.000e+00 0.000e+00 0.000e+00
1.259e+06 0.000e+00 0.000e+00 0.000e+00 0.000e+00 0.000e+00
1.413e+06 0.000e+00 0.000e+00 0.000e+00 0.000e+00 0.000e+00
1.585e+06 0.000e+00 0.000e+00 0.000e+00 0.000e+00 0.000e+00
1.778e+06 0.000e+00 0.000e+00 0.000e+00 0.000e+00 0.000e+00
1.995e+06 0.000e+00 0.000e+00 0.000e+00 0.000e+00 0.000e+00
2.239e+06 0.000e+00 0.000e+00 0.000e+00 0.000e+00 0.000e+00
2.512e+06 0.000e+00 0.000e+00 0.000e+00 0.000e+00 0.000e+00
2.818e+06 0.000e+00 0.000e+00 0.000e+00 0.000e+00 0.000e+00
3.162e+06 0.000e+00 0.000e+00 0.000e+00 0.000e+00 0.000e+00
3.548e+06 0.000e+00 0.000e+00 0.000e+00 0.000e+00 0.000e+00
3.981e+06 0.000e+00 0.000e+00 0.000e+00 0.000e+00 0.000e+00
4.467e+06 0.000e+00 0.000e+00 0.000e+00 0.000e+00 0.000e+00
5.012e+06 0.000e+00 0.000e+00 0.000e+00 0.000e+00 0.000e+00
5.623e+06 0.000e+00 0.000e+00 0.000e+00 0.000e+00 0.000e+00
6.310e+06 0.000e+00 0.000e+00 0.000e+00 0.000e+00 0.000e+00
7.079e+06 0.000e+00 0.000e+00 0.000e+00 0.000e+00 0.000e+00
7.943e+06 0.000e+00 0.000e+00 0.000e+00 0.000e+00 0.000e+00
8.913e+06 0.000e+00 0.000e+00 0.000e+00 0.000e+00 0.000e+00
1.000e+07 0.000e+00 0.000e+00 0.000e+00 0.000e+00 0.000e+00
1.122e+07 0.000e+00 0.000e+00 0.000e+00 0.000e+00 0.000e+00
1.259e+07 0.000e+00 0.000e+00 0.000e+00 0.000e+00 0.000e+00
1.413e+07 0.000e+00 0.000e+00 0.000e+00 0.000e+00 0.000e+00
1.585e+07 0.000e+00 0.000e+00 0.000e+00 0.000e+00 0.000e+00
1.778e+07 0.000e+00 0.000e+00 0.000e+00 0.000e+00 0.000e+00
1.995e+07 0.000e+00 0.000e+00 0.000e+00 0.000e+00 0.000e+00
2.239e+07 0.000e+00 0.000e+00 0.000e+00 0.000e+00 0.000e+00
2.512e+07 0.000e+00 0.000e+00 0.000e+00 0.000e+00 0.000e+00
2.818e+07 0.000e+00 0.000e+00 0.000e+00 0.000e+00 0.000e+00
3.162e+07 0.000e+00 0.000e+00 0.000e+00 0.000e+00 0.000e+00
3.548e+07 0.000e+00 0.000e+00 0.000e+00 0.000e+00 0.000e+00
3.981e+07 0.000e+00 0.000e+00 0.000e+00 0.000e+00 0.000e+00
4.467e+07 0.000e+00 0.000e+00 0.000e+00 0.000e+00 0.000e+00
5.012e+07 0.000e+00 0.000e+00 0.000e+00 0.000e+00 0.000e+00
5.623e+07 0.000e+00 0.000e+00 0.000e+00 0.000e+00 0.000e+00
6.310e+07 0.000e+00 0.000e+00 0.000e+00 0.000e+00 0.000e+00
7.079e+07 0.000e+00 0.000e+00 0.000e+00 0.000e+00 0.000e+00
7.943e+07 0.000e+00 0.000e+00 0.000e+00 0.000e+00 0.000e+00
8.913e+07 0.000e+00 0.000e+00 0.000e+00 0.000e+00 0.000e+00
1.000e+08 0.000e+00 0.000e+00 0.000e+00 0.000e+00 0.000e+00
