1.000e-20 0.000e+00 0.000e+00 0.000e+00 0.000e+00 0.000e+00
1.122e-20 0.000e+00 0.000e+00 0.000e+00 0.000e+00 0.000e+00
1.259e-20 0.000e+00 0.000e+00 0.000e+00 0.000e+00 0.000e+00
1.413e-20 0.000e+00 0.000e+00 0.000e+00 0.000e+00 0.000e+00
1.585e-20 0.000e+00 0.000e+00 0.000e+00 0.000e+00 0.000e+00
1.778e-20 0.000e+00 0.000e+00 0.000e+00 0.000e+00 0.000e+00
1.995e-20 0.000e+00 0.000e+00 0.000e+00 0.000e+00 0.000e+00
2.239e-20 0.000e+00 0.000e+00 0.000e+00 0.000e+00 0.000e+00
2.512e-20 0.000e+00 0.000e+00 0.000e+00 0.000e+00 0.000e+00
2.818e-20 0.000e+00 0.000e+00 0.000e+00 0.000e+00 0.000e+00
3.162e-20 0.000e+00 0.000e+00 0.000e+00 0.000e+00 0.000e+00
3.548e-20 0.000e+00 0.000e+00 0.000e+00 0.000e+00 0.000e+00
3.981e-20 0.000e+00 0.000e+00 0.000e+00 0.000e+00 0.000e+00
4.467e-20 0.000e+00 0.000e+00 0.000e+00 0.000e+00 0.000e+00
5.012e-20 0.000e+00 0.000e+00 0.000e+00 0.000e+00 0.000e+00
5.623e-20 0.000e+00 0.000e+00 0.000e+00 0.000e+00 0.000e+00
6.310e-20 0.000e+00 0.000e+00 0.000e+00 0.000e+00 0.000e+00
7.079e-20 0.000e+00 0.000e+00 0.000e+00 0.000e+00 0.000e+00
7.943e-20 0.000e+00 0.000e+00 0.000e+00 0.000e+00 0.000e+00
8.913e-20 0.000e+00 0.000e+00 0.000e+00 0.000e+00 0.000e+00
1.000e-19 0.000e+00 0.000e+00 0.000e+00 0.000e+00 0.000e+00
1.122e-19 0.000e+00 0.000e+00 0.000e+00 0.000e+00 0.000e+00
1.259e-19 0.000e+00 0.000e+00 0.000e+00 0.000e+00 0.000e+00
1.413e-19 0.000e+00 0.000e+00 0.000e+00 0.000e+00 0.000e+00
1.585e-19 0.000e+00 0.000e+00 0.000e+00 0.000e+00 0.000e+00
1.778e-19 0.000e+00 0.000e+00 0.000e+00 0.000e+00 0.000e+00
1.995e-19 0.000e+00 0.000e+00 0.000e+00 0.000e+00 0.000e+00
2.239e-19 0.000e+00 0.000e+00 0.000e+00 0.000e+00 0.000e+00
2.512e-19 0.000e+00 0.000e+00 0.000e+00 0.000e+00 0.000e+00
2.818e-19 0.000e+00 0.000e+00 0.000e+00 0.000e+00 0.000e+00
3.162e-19 0.000e+00 0.000e+00 0.000e+00 0.000e+00 0.000e+00
3.548e-19 0.000e+00 0.000e+00 0.000e+00 0.000e+00 0.000e+00
3.981e-19 0.000e+00 0.000e+00 0.000e+00 0.000e+00 0.000e+00
4.467e-19 0.000e+00 0.000e+00 0.000e+00 0.000e+00 0.000e+00
5.012e-19 0.000e+00 0.000e+00 0.000e+00 0.000e+00 0.000e+00
5.623e-19 0.000e+00 0.000e+00 0.000e+00 0.000e+00 0.000e+00
6.310e-19 0.000e+00 0.000e+00 0.000e+00 0.000e+00 0.000e+00
7.079e-19 0.000e+00 0.000e+00 0.000e+00 0.000e+00 0.000e+00
7.943e-19 0.000e+00 0.000e+00 0.000e+00 0.000e+00 0.000e+00
8.913e-19 0.000e+00 0.000e+00 0.000e+00 0.000e+00 0.000e+00
1.000e-18 0.000e+00 0.000e+00 0.000e+00 0.000e+00 0.000e+00
1.122e-18 0.000e+00 0.000e+00 0.000e+00 0.000e+00 0.000e+00
1.259e-18 0.000e+00 0.000e+00 0.000e+00 0.000e+00 0.000e+00
1.413e-18 0.000e+00 0.000e+00 0.000e+00 0.000e+00 0.000e+00
1.585e-18 0.000e+00 0.000e+00 0.000e+00 0.000e+00 0.000e+00
1.778e-18 0.000e+00 0.000e+00 0.000e+00 0.000e+00 0.000e+00
1.995e-18 0.000e+00 0.000e+00 0.000e+00 0.000e+00 0.000e+00
2.239e-18 0.000e+00 0.000e+00 0.000e+00 0.000e+00 0.000e+00
2.512e-18 0.000e+00 0.000e+00 0.000e+00 0.000e+00 0.000e+00
2.818e-18 0.000e+00 0.000e+00 0.000e+00 0.000e+00 0.000e+00
3.162e-18 0.000e+00 0.000e+00 0.000e+00 0.000e+00 0.000e+00
3.548e-18 0.000e+00 0.000e+00 0.000e+00 0.000e+00 0.000e+00
3.981e-18 0.000e+00 0.000e+00 0.000e+00 0.000e+00 0.000e+00
4.467e-18 0.000e+00 0.000e+00 0.000e+00 0.000e+00 0.000e+00
5.012e-18 0.000e+00 0.000e+00 0.000e+00 0.000e+00 0.000e+00
5.623e-18 0.000e+00 0.000e+00 0.000e+00 0.000e+00 0.000e+00
6.310e-18 0.000e+00 0.000e+00 0.000e+00 0.000e+00 0.000e+00
7.079e-18 0.000e+00 0.000e+00 0.000e+00 0.000e+00 0.000e+00
7.943e-18 0.000e+00 0.000e+00 0.000e+00 0.000e+00 0.000e+00
8.913e-18 0.000e+00 0.000e+00 0.000e+00 0.000e+00 0.000e+00
1.000e-17 0.000e+00 0.000e+00 0.000e+00 0.000e+00 0.000e+00
1.122e-17 0.000e+00 0.000e+00 0.000e+00 0.000e+00 0.000e+00
1.259e-17 0.000e+00 0.000e+00 0.000e+00 0.000e+00 0.000e+00
1.413e-17 0.000e+00 0.000e+00 0.000e+00 0.000e+00 0.000e+00
1.585e-17 0.000e+00 0.000e+00 0.000e+00 0.000e+00 0.000e+00
1.778e-17 0.000e+00 0.000e+00 0.000e+00 0.000e+00 0.000e+00
1.995e-17 0.000e+00 0.000e+00 0.000e+00 0.000e+00 0.000e+00
2.239e-17 0.000e+00 0.000e+00 0.000e+00 0.000e+00 0.000e+00
2.512e-17 0.000e+00 0.000e+00 0.000e+00 0.000e+00 0.000e+00
2.818e-17 0.000e+00 0.000e+00 0.000e+00 0.000e+00 0.000e+00
3.162e-17 0.000e+00 0.000e+00 0.000e+00 0.000e+00 0.000e+00
3.548e-17 0.000e+00 0.000e+00 0.000e+00 0.000e+00 0.000e+00
3.981e-17 0.000e+00 0.000e+00 0.000e+00 0.000e+00 0.000e+00
4.467e-17 0.000e+00 0.000e+00 0.000e+00 0.000e+00 0.000e+00
5.012e-17 0.000e+00 0.000e+00 0.000e+00 0.000e+00 0.000e+00
5.623e-17 0.000e+00 0.000e+00 0.000e+00 0.000e+00 0.000e+00
6.310e-17 0.000e+00 0.000e+00 0.000e+00 0.000e+00 0.000e+00
7.079e-17 0.000e+00 0.000e+00 0.000e+00 0.000e+00 0.000e+00
7.943e-17 0.000e+00 0.000e+00 0.000e+00 0.000e+00 0.000e+00
8.913e-17 0.000e+00 0.000e+00 0.000e+00 0.000e+00 0.000e+00
1.000e-16 0.000e+00 0.000e+00 0.000e+00 0.000e+00 0.000e+00
1.122e-16 0.000e+00 0.000e+00 0.000e+00 0.000e+00 0.000e+00
1.259e-16 0.000e+00 0.000e+00 0.000e+00 0.000e+00 0.000e+00
1.413e-16 0.000e+00 0.000e+00 0.000e+00 0.000e+00 0.000e+00
1.585e-16 0.000e+00 0.000e+00 0.000e+00 0.000e+00 0.000e+00
1.778e-16 0.000e+00 0.000e+00 0.000e+00 0.000e+00 0.000e+00
1.995e-16 0.000e+00 0.000e+00 0.000e+00 0.000e+00 0.000e+00
2.239e-16 0.000e+00 0.000e+00 0.000e+00 0.000e+00 0.000e+00
2.512e-16 0.000e+00 0.000e+00 0.000e+00 0.000e+00 0.000e+00
2.818e-16 0.000e+00 0.000e+00 0.000e+00 0.000e+00 0.000e+00
3.162e-16 0.000e+00 0.000e+00 0.000e+00 0.000e+00 0.000e+00
3.548e-16 0.000e+00 0.000e+00 0.000e+00 0.000e+00 0.000e+00
3.981e-16 0.000e+00 0.000e+00 0.000e+00 0.000e+00 0.000e+00
4.467e-16 0.000e+00 0.000e+00 0.000e+00 0.000e+00 0.000e+00
5.012e-16 0.000e+00 0.000e+00 0.000e+00 0.000e+00 0.000e+00
5.623e-16 0.000e+00 0.000e+00 0.000e+00 0.000e+00 0.000e+00
6.310e-16 0.000e+00 0.000e+00 0.000e+00 0.000e+00 0.000e+00
7.079e-16 0.000e+00 0.000e+00 0.000e+00 0.000e+00 0.000e+00
7.943e-16 0.000e+00 0.000e+00 0.000e+00 0.000e+00 0.000e+00
8.913e-16 0.000e+00 0.000e+00 0.000e+00 0.000e+00 0.000e+00
1.000e-15 0.000e+00 0.000e+00 0.000e+00 0.000e+00 0.000e+00
1.122e-15 3.481e+60 7.021e+30 7.033e-27 2.892e-16 3.634e-15
1.259e-15 2.395e+60 6.081e+30 6.092e-27 2.505e-16 3.147e-15
1.413e-15 1.648e+60 5.267e+30 5.276e-27 2.169e-16 2.726e-15
1.585e-15 1.133e+60 4.561e+30 4.569e-27 1.878e-16 2.361e-15
1.778e-15 7.795e+59 3.950e+30 3.956e-27 1.627e-16 2.044e-15
1.995e-15 5.362e+59 3.420e+30 3.426e-27 1.409e-16 1.770e-15
2.239e-15 3.688e+59 2.961e+30 2.966e-27 1.220e-16 1.533e-15
2.512e-15 2.536e+59 2.564e+30 2.568e-27 1.056e-16 1.327e-15
2.818e-15 1.744e+59 2.220e+30 2.223e-27 9.141e-17 1.149e-15
3.162e-15 1.199e+59 1.921e+30 1.925e-27 7.913e-17 9.944e-16
3.548e-15 8.246e+58 1.663e+30 1.666e-27 6.850e-17 8.608e-16
3.981e-15 5.670e+58 1.440e+30 1.442e-27 5.930e-17 7.452e-16
4.467e-15 3.898e+58 1.246e+30 1.248e-27 5.133e-17 6.450e-16
5.012e-15 2.680e+58 1.079e+30 1.080e-27 4.442e-17 5.582e-16
5.623e-15 1.842e+58 9.335e+29 9.351e-28 3.845e-17 4.831e-16
6.310e-15 1.267e+58 8.079e+29 8.092e-28 3.327e-17 4.181e-16
7.079e-15 8.706e+57 6.991e+29 7.003e-28 2.879e-17 3.618e-16
7.943e-15 5.984e+57 6.049e+29 6.059e-28 2.491e-17 3.131e-16
8.913e-15 4.112e+57 5.234e+29 5.242e-28 2.155e-17 2.709e-16
1.000e-14 2.826e+57 4.528e+29 4.535e-28 1.865e-17 2.343e-16
1.122e-14 1.942e+57 3.917e+29 3.923e-28 1.613e-17 2.027e-16
1.259e-14 1.334e+57 3.388e+29 3.393e-28 1.395e-17 1.753e-16
1.413e-14 9.165e+56 2.930e+29 2.935e-28 1.207e-17 1.516e-16
1.585e-14 6.295e+56 2.533e+29 2.538e-28 1.043e-17 1.311e-16
1.778e-14 4.324e+56 2.191e+29 2.194e-28 9.023e-18 1.134e-16
1.995e-14 2.969e+56 1.894e+29 1.897e-28 7.800e-18 9.802e-17
2.239e-14 2.038e+56 1.637e+29 1.639e-28 6.740e-18 8.470e-17
2.512e-14 1.399e+56 1.414e+29 1.417e-28 5.824e-18 7.319e-17
2.818e-14 9.597e+55 1.221e+29 1.223e-28 5.030e-18 6.321e-17
3.162e-14 6.583e+55 1.055e+29 1.056e-28 4.344e-18 5.458e-17
3.548e-14 4.514e+55 9.104e+28 9.119e-29 3.749e-18 4.712e-17
3.981e-14 3.093e+55 7.854e+28 7.867e-29 3.235e-18 4.065e-17
4.467e-14 2.118e+55 6.772e+28 6.783e-29 2.789e-18 3.505e-17
5.012e-14 1.450e+55 5.837e+28 5.846e-29 2.404e-18 3.021e-17
5.623e-14 9.919e+54 5.026e+28 5.034e-29 2.070e-18 2.601e-17
6.310e-14 6.780e+54 4.324e+28 4.332e-29 1.781e-18 2.238e-17
7.079e-14 4.629e+54 3.717e+28 3.723e-29 1.531e-18 1.924e-17
7.943e-14 3.157e+54 3.191e+28 3.196e-29 1.314e-18 1.651e-17
8.913e-14 2.149e+54 2.735e+28 2.740e-29 1.126e-18 1.416e-17
1.000e-13 1.461e+54 2.341e+28 2.345e-29 9.640e-19 1.211e-17
1.122e-13 9.908e+53 1.998e+28 2.002e-29 8.231e-19 1.034e-17
1.259e-13 6.703e+53 1.702e+28 1.705e-29 7.010e-19 8.809e-18
1.413e-13 4.520e+53 1.445e+28 1.447e-29 5.951e-19 7.478e-18
1.585e-13 3.035e+53 1.222e+28 1.224e-29 5.031e-19 6.322e-18
1.778e-13 2.029e+53 1.028e+28 1.030e-29 4.234e-19 5.320e-18
1.995e-13 1.348e+53 8.598e+27 8.613e-30 3.541e-19 4.450e-18
2.239e-13 8.890e+52 7.138e+27 7.150e-30 2.940e-19 3.694e-18
2.512e-13 5.808e+52 5.871e+27 5.881e-30 2.418e-19 3.039e-18
2.818e-13 3.751e+52 4.774e+27 4.782e-30 1.966e-19 2.471e-18
3.162e-13 2.386e+52 3.823e+27 3.830e-30 1.575e-19 1.979e-18
3.548e-13 1.489e+52 3.003e+27 3.008e-30 1.237e-19 1.554e-18
3.981e-13 9.035e+51 2.294e+27 2.298e-30 9.449e-20 1.187e-18
4.467e-13 5.251e+51 1.679e+27 1.682e-30 6.914e-20 8.688e-19
5.012e-13 2.803e+51 1.128e+27 1.130e-30 4.646e-20 5.838e-19
5.623e-13 1.162e+51 5.889e+26 5.899e-31 2.426e-20 3.048e-19
6.310e-13 3.031e+49 1.933e+25 1.937e-32 7.962e-22 1.001e-20
7.079e-13 9.369e-313 0.000e+00 0.000e+00 0.000e+00 0.000e+00
7.943e-13 5.157e+10 5.213e-14 5.222e-71 2.147e-60 2.698e-59
8.913e-13 4.598e+10 5.852e-14 5.862e-71 2.410e-60 3.029e-59
1.000e-12 4.100e+10 6.569e-14 6.580e-71 2.705e-60 3.400e-59
1.122e-12 3.656e+10 7.374e-14 7.386e-71 3.037e-60 3.816e-59
1.259e-12 3.261e+10 8.279e-14 8.293e-71 3.410e-60 4.285e-59
1.413e-12 2.908e+10 9.296e-14 9.312e-71 3.829e-60 4.811e-59
1.585e-12 2.593e+10 1.044e-13 1.046e-70 4.299e-60 5.402e-59
1.778e-12 2.314e+10 1.172e-13 1.174e-70 4.828e-60 6.067e-59
1.995e-12 2.064e+10 1.317e-13 1.319e-70 5.423e-60 6.815e-59
2.239e-12 1.842e+10 1.479e-13 1.481e-70 6.090e-60 7.653e-59
2.512e-12 1.644e+10 1.661e-13 1.664e-70 6.843e-60 8.599e-59
2.818e-12 1.467e+10 1.867e-13 1.870e-70 7.688e-60 9.661e-59
3.162e-12 1.309e+10 2.098e-13 2.102e-70 8.640e-60 1.086e-58
3.548e-12 1.169e+10 2.358e-13 2.362e-70 9.710e-60 1.220e-58
3.981e-12 1.044e+10 2.650e-13 2.655e-70 1.092e-59 1.372e-58
4.467e-12 9.324e+09 2.981e-13 2.986e-70 1.228e-59 1.543e-58
5.012e-12 8.329e+09 3.352e-13 3.358e-70 1.380e-59 1.735e-58
5.623e-12 7.444e+09 3.771e-13 3.778e-70 1.553e-59 1.952e-58
6.310e-12 6.654e+09 4.244e-13 4.251e-70 1.748e-59 2.197e-58
7.079e-12 5.951e+09 4.779e-13 4.787e-70 1.968e-59 2.473e-58
7.943e-12 5.325e+09 5.383e-13 5.392e-70 2.217e-59 2.786e-58
8.913e-12 4.765e+09 6.064e-13 6.075e-70 2.498e-59 3.139e-58
1.000e-11 4.267e+09 6.836e-13 6.847e-70 2.815e-59 3.538e-58
1.122e-11 3.823e+09 7.711e-13 7.724e-70 3.176e-59 3.991e-58
1.259e-11 3.428e+09 8.704e-13 8.718e-70 3.585e-59 4.504e-58
1.413e-11 3.075e+09 9.829e-13 9.845e-70 4.048e-59 5.087e-58
1.585e-11 2.760e+09 1.111e-12 1.113e-69 4.575e-59 5.750e-58
1.778e-11 2.480e+09 1.257e-12 1.259e-69 5.175e-59 6.503e-58
1.995e-11 2.230e+09 1.423e-12 1.425e-69 5.859e-59 7.363e-58
2.239e-11 2.008e+09 1.612e-12 1.615e-69 6.639e-59 8.343e-58
2.512e-11 1.809e+09 1.829e-12 1.832e-69 7.532e-59 9.465e-58
2.818e-11 1.633e+09 2.078e-12 2.081e-69 8.557e-59 1.075e-57
3.162e-11 1.475e+09 2.363e-12 2.367e-69 9.733e-59 1.223e-57
3.548e-11 1.334e+09 2.692e-12 2.696e-69 1.108e-58 1.393e-57
3.981e-11 1.209e+09 3.070e-12 3.076e-69 1.265e-58 1.589e-57
4.467e-11 1.098e+09 3.509e-12 3.515e-69 1.445e-58 1.816e-57
5.012e-11 9.984e+08 4.018e-12 4.025e-69 1.655e-58 2.079e-57
5.623e-11 9.097e+08 4.609e-12 4.617e-69 1.898e-58 2.385e-57
6.310e-11 8.308e+08 5.299e-12 5.308e-69 2.182e-58 2.742e-57
7.079e-11 7.603e+08 6.105e-12 6.115e-69 2.514e-58 3.160e-57
7.943e-11 6.977e+08 7.053e-12 7.065e-69 2.905e-58 3.650e-57
8.913e-11 6.419e+08 8.169e-12 8.183e-69 3.365e-58 4.228e-57
1.000e-10 5.921e+08 9.486e-12 9.502e-69 3.907e-58 4.910e-57
1.122e-10 5.478e+08 1.105e-11 1.107e-68 4.550e-58 5.718e-57
1.259e-10 5.084e+08 1.291e-11 1.293e-68 5.317e-58 6.681e-57
1.413e-10 4.732e+08 1.513e-11 1.515e-68 6.231e-58 7.830e-57
1.585e-10 4.420e+08 1.779e-11 1.782e-68 7.325e-58 9.205e-57
1.778e-10 4.141e+08 2.098e-11 2.102e-68 8.640e-58 1.086e-56
1.995e-10 3.894e+08 2.484e-11 2.488e-68 1.023e-57 1.285e-56
2.239e-10 3.674e+08 2.950e-11 2.955e-68 1.215e-57 1.527e-56
2.512e-10 3.478e+08 3.516e-11 3.522e-68 1.448e-57 1.819e-56
2.818e-10 3.304e+08 4.204e-11 4.211e-68 1.732e-57 2.176e-56
3.162e-10 3.149e+08 5.045e-11 5.054e-68 2.078e-57 2.611e-56
3.548e-10 3.012e+08 6.076e-11 6.086e-68 2.502e-57 3.144e-56
3.981e-10 2.891e+08 7.342e-11 7.354e-68 3.024e-57 3.800e-56
4.467e-10 2.783e+08 8.898e-11 8.913e-68 3.665e-57 4.605e-56
5.012e-10 2.688e+08 1.082e-10 1.084e-67 4.456e-57 5.599e-56
5.623e-10 2.605e+08 1.320e-10 1.322e-67 5.435e-57 6.830e-56
6.310e-10 2.531e+08 1.614e-10 1.617e-67 6.648e-57 8.354e-56
7.079e-10 2.466e+08 1.980e-10 1.983e-67 8.154e-57 1.025e-55
7.943e-10 2.408e+08 2.435e-10 2.439e-67 1.003e-56 1.260e-55
8.913e-10 2.358e+08 3.001e-10 3.006e-67 1.236e-56 1.553e-55
1.000e-09 2.314e+08 3.708e-10 3.714e-67 1.527e-56 1.919e-55
1.122e-09 2.276e+08 4.591e-10 4.599e-67 1.891e-56 2.376e-55
1.259e-09 2.243e+08 5.695e-10 5.705e-67 2.346e-56 2.948e-55
1.413e-09 2.214e+08 7.079e-10 7.091e-67 2.915e-56 3.664e-55
1.585e-09 2.190e+08 8.813e-10 8.828e-67 3.630e-56 4.561e-55
1.778e-09 2.169e+08 1.099e-09 1.101e-66 4.526e-56 5.688e-55
1.995e-09 2.151e+08 1.372e-09 1.375e-66 5.652e-56 7.102e-55
2.239e-09 2.137e+08 1.716e-09 1.719e-66 7.067e-56 8.880e-55
2.512e-09 2.125e+08 2.148e-09 2.152e-66 8.846e-56 1.112e-54
2.818e-09 2.115e+08 2.692e-09 2.696e-66 1.109e-55 1.393e-54
3.162e-09 2.108e+08 3.377e-09 3.382e-66 1.391e-55 1.748e-54
3.548e-09 2.102e+08 4.240e-09 4.247e-66 1.746e-55 2.194e-54
3.981e-09 2.098e+08 5.327e-09 5.336e-66 2.194e-55 2.757e-54
4.467e-09 2.095e+08 6.699e-09 6.710e-66 2.759e-55 3.467e-54
5.012e-09 2.094e+08 8.429e-09 8.443e-66 3.471e-55 4.362e-54
5.623e-09 2.095e+08 1.061e-08 1.063e-65 4.371e-55 5.492e-54
6.310e-09 2.096e+08 1.337e-08 1.339e-65 5.506e-55 6.918e-54
7.079e-09 2.098e+08 1.685e-08 1.688e-65 6.939e-55 8.719e-54
7.943e-09 2.101e+08 2.124e-08 2.128e-65 8.748e-55 1.099e-53
8.913e-09 2.105e+08 2.679e-08 2.684e-65 1.103e-54 1.387e-53
1.000e-08 2.110e+08 3.381e-08 3.386e-65 1.392e-54 1.750e-53
1.122e-08 2.115e+08 4.267e-08 4.274e-65 1.757e-54 2.208e-53
1.259e-08 2.121e+08 5.387e-08 5.396e-65 2.219e-54 2.788e-53
1.413e-08 2.128e+08 6.803e-08 6.814e-65 2.802e-54 3.521e-53
1.585e-08 2.135e+08 8.593e-08 8.607e-65 3.539e-54 4.447e-53
1.778e-08 2.143e+08 1.086e-07 1.087e-64 4.471e-54 5.618e-53
1.995e-08 2.151e+08 1.372e-07 1.374e-64 5.649e-54 7.099e-53
2.239e-08 2.159e+08 1.734e-07 1.736e-64 7.140e-54 8.972e-53
2.512e-08 2.168e+08 2.191e-07 2.195e-64 9.024e-54 1.134e-52
2.818e-08 2.177e+08 2.770e-07 2.775e-64 1.141e-53 1.434e-52
3.162e-08 2.186e+08 3.502e-07 3.508e-64 1.442e-53 1.812e-52
3.548e-08 2.195e+08 4.428e-07 4.436e-64 1.824e-53 2.292e-52
3.981e-08 2.205e+08 5.600e-07 5.609e-64 2.306e-53 2.898e-52
4.467e-08 2.215e+08 7.082e-07 7.094e-64 2.917e-53 3.665e-52
5.012e-08 2.226e+08 8.957e-07 8.972e-64 3.689e-53 4.636e-52
5.623e-08 2.236e+08 1.133e-06 1.135e-63 4.666e-53 5.864e-52
6.310e-08 2.247e+08 1.433e-06 1.436e-63 5.903e-53 7.418e-52
7.079e-08 2.258e+08 1.813e-06 1.816e-63 7.468e-53 9.384e-52
7.943e-08 2.269e+08 2.294e-06 2.298e-63 9.448e-53 1.187e-51
8.913e-08 2.281e+08 2.903e-06 2.908e-63 1.195e-52 1.502e-51
1.000e-07 2.292e+08 3.673e-06 3.679e-63 1.513e-52 1.901e-51
1.122e-07 2.304e+08 4.648e-06 4.656e-63 1.914e-52 2.405e-51
1.259e-07 2.316e+08 5.882e-06 5.892e-63 2.422e-52 3.044e-51
1.413e-07 2.329e+08 7.444e-06 7.457e-63 3.066e-52 3.853e-51
1.585e-07 2.341e+08 9.422e-06 9.438e-63 3.881e-52 4.877e-51
1.778e-07 2.354e+08 1.193e-05 1.195e-62 4.912e-52 6.173e-51
1.995e-07 2.367e+08 1.510e-05 1.512e-62 6.219e-52 7.815e-51
2.239e-07 2.381e+08 1.912e-05 1.915e-62 7.873e-52 9.894e-51
2.512e-07 2.394e+08 2.420e-05 2.425e-62 9.969e-52 1.253e-50
2.818e-07 2.408e+08 3.065e-05 3.070e-62 1.262e-51 1.586e-50
3.162e-07 2.423e+08 3.882e-05 3.888e-62 1.599e-51 2.009e-50
3.548e-07 2.438e+08 4.917e-05 4.925e-62 2.025e-51 2.545e-50
3.981e-07 2.453e+08 6.229e-05 6.239e-62 2.565e-51 3.224e-50
4.467e-07 2.469e+08 7.892e-05 7.906e-62 3.250e-51 4.085e-50
5.012e-07 2.485e+08 1.000e-04 1.002e-61 4.119e-51 5.176e-50
5.623e-07 2.502e+08 1.268e-04 1.270e-61 5.221e-51 6.561e-50
6.310e-07 2.520e+08 1.607e-04 1.610e-61 6.619e-51 8.318e-50
7.079e-07 2.538e+08 2.038e-04 2.042e-61 8.394e-51 1.055e-49
7.943e-07 2.557e+08 2.585e-04 2.590e-61 1.065e-50 1.338e-49
8.913e-07 2.578e+08 3.281e-04 3.286e-61 1.351e-50 1.698e-49
1.000e-06 2.599e+08 4.164e-04 4.171e-61 1.715e-50 2.155e-49
1.122e-06 2.622e+08 5.288e-04 5.297e-61 2.178e-50 2.737e-49
1.259e-06 2.646e+08 6.719e-04 6.730e-61 2.767e-50 3.477e-49
1.413e-06 2.671e+08 8.539e-04 8.553e-61 3.517e-50 4.419e-49
1.585e-06 2.698e+08 1.086e-03 1.088e-60 4.472e-50 5.620e-49
1.778e-06 2.728e+08 1.382e-03 1.385e-60 5.693e-50 7.154e-49
1.995e-06 2.760e+08 1.760e-03 1.763e-60 7.250e-50 9.110e-49
2.239e-06 2.795e+08 2.244e-03 2.248e-60 9.243e-50 1.162e-48
2.512e-06 2.833e+08 2.863e-03 2.868e-60 1.179e-49 1.482e-48
2.818e-06 2.874e+08 3.658e-03 3.664e-60 1.506e-49 1.893e-48
3.162e-06 2.920e+08 4.678e-03 4.686e-60 1.927e-49 2.421e-48
3.548e-06 2.971e+08 5.992e-03 6.002e-60 2.468e-49 3.101e-48
3.981e-06 3.027e+08 7.686e-03 7.699e-60 3.165e-49 3.978e-48
4.467e-06 3.090e+08 9.879e-03 9.895e-60 4.068e-49 5.113e-48
5.012e-06 3.161e+08 1.272e-02 1.274e-59 5.239e-49 6.583e-48
5.623e-06 3.241e+08 1.642e-02 1.645e-59 6.763e-49 8.498e-48
6.310e-06 3.332e+08 2.125e-02 2.129e-59 8.752e-49 1.100e-47
7.079e-06 3.436e+08 2.759e-02 2.764e-59 1.136e-48 1.428e-47
7.943e-06 3.556e+08 3.595e-02 3.601e-59 1.481e-48 1.861e-47
8.913e-06 3.696e+08 4.703e-02 4.711e-59 1.937e-48 2.434e-47
1.000e-05 3.858e+08 6.182e-02 6.192e-59 2.546e-48 3.199e-47
1.122e-05 4.050e+08 8.169e-02 8.183e-59 3.365e-48 4.228e-47
1.259e-05 4.279e+08 1.087e-01 1.089e-58 4.475e-48 5.624e-47
1.413e-05 4.555e+08 1.456e-01 1.459e-58 5.997e-48 7.536e-47
1.585e-05 4.891e+08 1.968e-01 1.972e-58 8.106e-48 1.019e-46
1.778e-05 5.307e+08 2.689e-01 2.694e-58 1.107e-47 1.392e-46
1.995e-05 5.833e+08 3.720e-01 3.727e-58 1.532e-47 1.925e-46
2.239e-05 6.510e+08 5.228e-01 5.236e-58 2.153e-47 2.705e-46
2.512e-05 7.411e+08 7.492e-01 7.505e-58 3.086e-47 3.877e-46
2.818e-05 8.657e+08 1.102e+00 1.104e-57 4.538e-47 5.702e-46
3.162e-05 1.049e+09 1.680e+00 1.683e-57 6.920e-47 8.696e-46
3.548e-05 1.342e+09 2.707e+00 2.712e-57 1.115e-46 1.401e-45
3.981e-05 1.890e+09 4.798e+00 4.807e-57 1.976e-46 2.483e-45
4.467e-05 3.288e+09 1.051e+01 1.053e-56 4.328e-46 5.439e-45
5.012e-05 1.507e+10 6.064e+01 6.075e-56 2.498e-45 3.139e-44
5.623e-05 0.000e+00 0.000e+00 0.000e+00 0.000e+00 0.000e+00
6.310e-05 3.364e+00 2.146e-08 2.150e-65 8.838e-55 1.111e-53
7.079e-05 2.999e+00 2.408e-08 2.412e-65 9.917e-55 1.246e-53
7.943e-05 2.672e+00 2.702e-08 2.706e-65 1.113e-54 1.398e-53
8.913e-05 2.382e+00 3.031e-08 3.036e-65 1.248e-54 1.569e-53
1.000e-04 2.123e+00 3.401e-08 3.407e-65 1.401e-54 1.760e-53
1.122e-04 1.892e+00 3.816e-08 3.823e-65 1.572e-54 1.975e-53
1.259e-04 1.686e+00 4.282e-08 4.289e-65 1.763e-54 2.216e-53
1.413e-04 1.503e+00 4.804e-08 4.812e-65 1.979e-54 2.486e-53
1.585e-04 1.339e+00 5.390e-08 5.400e-65 2.220e-54 2.790e-53
1.778e-04 1.194e+00 6.048e-08 6.058e-65 2.491e-54 3.130e-53
1.995e-04 1.064e+00 6.786e-08 6.798e-65 2.795e-54 3.512e-53
2.239e-04 9.482e-01 7.614e-08 7.627e-65 3.136e-54 3.941e-53
2.512e-04 8.451e-01 8.543e-08 8.558e-65 3.519e-54 4.422e-53
2.818e-04 7.532e-01 9.586e-08 9.602e-65 3.948e-54 4.961e-53
3.162e-04 6.713e-01 1.076e-07 1.077e-64 4.430e-54 5.566e-53
3.548e-04 5.983e-01 1.207e-07 1.209e-64 4.970e-54 6.246e-53
3.981e-04 5.332e-01 1.354e-07 1.356e-64 5.576e-54 7.008e-53
4.467e-04 4.752e-01 1.519e-07 1.522e-64 6.257e-54 7.863e-53
5.012e-04 4.236e-01 1.705e-07 1.708e-64 7.020e-54 8.822e-53
5.623e-04 3.775e-01 1.913e-07 1.916e-64 7.877e-54 9.899e-53
6.310e-04 3.364e-01 2.146e-07 2.150e-64 8.838e-54 1.111e-52
7.079e-04 2.999e-01 2.408e-07 2.412e-64 9.917e-54 1.246e-52
7.943e-04 2.672e-01 2.702e-07 2.706e-64 1.113e-53 1.398e-52
8.913e-04 2.382e-01 3.031e-07 3.036e-64 1.248e-53 1.569e-52
1.000e-03 2.123e-01 3.401e-07 3.407e-64 1.401e-53 1.760e-52
1.122e-03 1.892e-01 3.816e-07 3.823e-64 1.572e-53 1.975e-52
1.259e-03 1.686e-01 4.282e-07 4.289e-64 1.763e-53 2.216e-52
1.413e-03 1.503e-01 4.804e-07 4.812e-64 1.979e-53 2.486e-52
1.585e-03 1.339e-01 5.390e-07 5.400e-64 2.220e-53 2.790e-52
1.778e-03 1.194e-01 6.048e-07 6.058e-64 2.491e-53 3.130e-52
1.995e-03 1.064e-01 6.786e-07 6.798e-64 2.795e-53 3.512e-52
2.239e-03 9.482e-02 7.614e-07 7.627e-64 3.136e-53 3.941e-52
2.512e-03 8.451e-02 8.543e-07 8.558e-64 3.519e-53 4.422e-52
2.818e-03 7.532e-02 9.586e-07 9.602e-64 3.948e-53 4.961e-52
3.162e-03 6.713e-02 1.076e-06 1.077e-63 4.430e-53 5.566e-52
3.548e-03 5.983e-02 1.207e-06 1.209e-63 4.970e-53 6.246e-52
3.981e-03 5.332e-02 1.354e-06 1.356e-63 5.576e-53 7.008e-52
4.467e-03 4.752e-02 1.519e-06 1.522e-63 6.257e-53 7.863e-52
5.012e-03 4.236e-02 1.705e-06 1.708e-63 7.020e-53 8.822e-52
5.623e-03 3.775e-02 1.913e-06 1.916e-63 7.877e-53 9.899e-52
6.310e-03 3.364e-02 2.146e-06 2.150e-63 8.838e-53 1.111e-51
7.079e-03 2.999e-02 2.408e-06 2.412e-63 9.917e-53 1.246e-51
7.943e-03 2.672e-02 2.702e-06 2.706e-63 1.113e-52 1.398e-51
8.913e-03 2.382e-02 3.031e-06 3.036e-63 1.248e-52 1.569e-51
1.000e-02 2.123e-02 3.401e-06 3.407e-63 1.401e-52 1.760e-51
1.122e-02 1.892e-02 3.816e-06 3.823e-63 1.572e-52 1.975e-51
1.259e-02 1.686e-02 4.282e-06 4.289e-63 1.763e-52 2.216e-51
1.413e-02 1.503e-02 4.804e-06 4.812e-63 1.979e-52 2.486e-51
1.585e-02 1.339e-02 5.390e-06 5.400e-63 2.220e-52 2.790e-51
1.778e-02 1.194e-02 6.048e-06 6.058e-63 2.491e-52 3.130e-51
1.995e-02 1.064e-02 6.786e-06 6.798e-63 2.795e-52 3.512e-51
2.239e-02 9.482e-03 7.614e-06 7.627e-63 3.136e-52 3.941e-51
2.512e-02 8.451e-03 8.543e-06 8.558e-63 3.519e-52 4.422e-51
2.818e-02 7.532e-03 9.586e-06 9.602e-63 3.948e-52 4.961e-51
3.162e-02 6.713e-03 1.076e-05 1.077e-62 4.430e-52 5.566e-51
3.548e-02 5.983e-03 1.207e-05 1.209e-62 4.970e-52 6.246e-51
3.981e-02 5.332e-03 1.354e-05 1.356e-62 5.576e-52 7.008e-51
4.467e-02 7.129e-03 2.279e-05 2.283e-62 9.385e-52 1.179e-50
5.012e-02 6.353e-03 2.557e-05 2.561e-62 1.053e-51 1.323e-50
5.623e-02 5.662e-03 2.869e-05 2.874e-62 1.182e-51 1.485e-50
6.310e-02 5.047e-03 3.219e-05 3.224e-62 1.326e-51 1.666e-50
7.079e-02 4.498e-03 3.612e-05 3.618e-62 1.487e-51 1.869e-50
7.943e-02 4.009e-03 4.052e-05 4.059e-62 1.669e-51 2.097e-50
8.913e-02 3.573e-03 4.547e-05 4.555e-62 1.873e-51 2.353e-50
1.000e-01 3.184e-03 5.102e-05 5.110e-62 2.101e-51 2.640e-50
1.122e-01 2.838e-03 5.724e-05 5.734e-62 2.358e-51 2.963e-50
1.259e-01 2.529e-03 6.423e-05 6.434e-62 2.645e-51 3.324e-50
1.413e-01 2.254e-03 7.206e-05 7.219e-62 2.968e-51 3.730e-50
1.585e-01 2.009e-03 8.086e-05 8.099e-62 3.330e-51 4.185e-50
1.778e-01 1.791e-03 9.072e-05 9.088e-62 3.736e-51 4.695e-50
1.995e-01 1.596e-03 1.018e-04 1.020e-61 4.192e-51 5.268e-50
2.239e-01 1.422e-03 1.142e-04 1.144e-61 4.704e-51 5.911e-50
2.512e-01 1.268e-03 1.281e-04 1.284e-61 5.278e-51 6.632e-50
2.818e-01 1.130e-03 1.438e-04 1.440e-61 5.922e-51 7.442e-50
3.162e-01 1.007e-03 1.613e-04 1.616e-61 6.644e-51 8.350e-50
3.548e-01 8.974e-04 1.810e-04 1.813e-61 7.455e-51 9.368e-50
3.981e-01 7.998e-04 2.031e-04 2.034e-61 8.365e-51 1.051e-49
4.467e-01 7.129e-04 2.279e-04 2.283e-61 9.385e-51 1.179e-49
5.012e-01 6.353e-04 2.557e-04 2.561e-61 1.053e-50 1.323e-49
5.623e-01 5.662e-04 2.869e-04 2.874e-61 1.182e-50 1.485e-49
6.310e-01 5.047e-04 3.219e-04 3.224e-61 1.326e-50 1.666e-49
7.079e-01 4.498e-04 3.612e-04 3.618e-61 1.487e-50 1.869e-49
7.943e-01 4.009e-04 4.052e-04 4.059e-61 1.669e-50 2.097e-49
8.913e-01 3.573e-04 4.547e-04 4.555e-61 1.873e-50 2.353e-49
1.000e+00 3.184e-04 5.102e-04 5.110e-61 2.101e-50 2.640e-49
1.122e+00 2.838e-04 5.724e-04 5.734e-61 2.358e-50 2.963e-49
1.259e+00 2.529e-04 6.423e-04 6.434e-61 2.645e-50 3.324e-49
1.413e+00 2.254e-04 7.206e-04 7.219e-61 2.968e-50 3.730e-49
1.585e+00 2.009e-04 8.086e-04 8.099e-61 3.330e-50 4.185e-49
1.778e+00 1.791e-04 9.072e-04 9.088e-61 3.736e-50 4.695e-49
1.995e+00 1.596e-04 1.018e-03 1.020e-60 4.192e-50 5.268e-49
2.239e+00 1.422e-04 1.142e-03 1.144e-60 4.704e-50 5.911e-49
2.512e+00 1.268e-04 1.281e-03 1.284e-60 5.278e-50 6.632e-49
2.818e+00 1.130e-04 1.438e-03 1.440e-60 5.922e-50 7.442e-49
3.162e+00 1.007e-04 1.613e-03 1.616e-60 6.644e-50 8.350e-49
3.548e+00 8.974e-05 1.810e-03 1.813e-60 7.455e-50 9.368e-49
3.981e+00 7.998e-05 2.031e-03 2.034e-60 8.365e-50 1.051e-48
4.467e+00 7.129e-05 2.279e-03 2.283e-60 9.385e-50 1.179e-48
5.012e+00 6.353e-05 2.557e-03 2.561e-60 1.053e-49 1.323e-48
5.623e+00 5.662e-05 2.869e-03 2.874e-60 1.182e-49 1.485e-48
6.310e+00 5.047e-05 3.219e-03 3.224e-60 1.326e-49 1.666e-48
7.079e+00 4.498e-05 3.612e-03 3.618e-60 1.487e-49 1.869e-48
7.943e+00 4.009e-05 4.052e-03 4.059e-60 1.669e-49 2.097e-48
8.913e+00 3.573e-05 4.547e-03 4.555e-60 1.873e-49 2.353e-48
1.000e+01 3.184e-05 5.102e-03 5.110e-60 2.101e-49 2.640e-48
1.122e+01 2.838e-05 5.724e-03 5.734e-60 2.358e-49 2.963e-48
1.259e+01 2.529e-05 6.423e-03 6.434e-60 2.645e-49 3.324e-48
1.413e+01 2.254e-05 7.206e-03 7.219e-60 2.968e-49 3.730e-48
1.585e+01 2.009e-05 8.086e-03 8.099e-60 3.330e-49 4.185e-48
1.778e+01 1.791e-05 9.072e-03 9.088e-60 3.736e-49 4.695e-48
1.995e+01 1.596e-05 1.018e-02 1.020e-59 4.192e-49 5.268e-48
2.239e+01 1.422e-05 1.142e-02 1.144e-59 4.704e-49 5.911e-48
2.512e+01 1.268e-05 1.281e-02 1.284e-59 5.278e-49 6.632e-48
2.818e+01 1.130e-05 1.438e-02 1.440e-59 5.922e-49 7.442e-48
3.162e+01 1.007e-05 1.613e-02 1.616e-59 6.644e-49 8.350e-48
3.548e+01 8.974e-06 1.810e-02 1.813e-59 7.455e-49 9.368e-48
3.981e+01 7.998e-06 2.031e-02 2.034e-59 8.365e-49 1.051e-47
4.467e+01 7.129e-06 2.279e-02 2.283e-59 9.385e-49 1.179e-47
5.012e+01 6.353e-06 2.557e-02 2.561e-59 1.053e-48 1.323e-47
5.623e+01 5.662e-06 2.869e-02 2.874e-59 1.182e-48 1.485e-47
6.310e+01 5.047e-06 3.219e-02 3.224e-59 1.326e-48 1.666e-47
7.079e+01 4.498e-06 3.612e-02 3.618e-59 1.487e-48 1.869e-47
7.943e+01 4.009e-06 4.052e-02 4.059e-59 1.669e-48 2.097e-47
8.913e+01 3.573e-06 4.547e-02 4.555e-59 1.873e-48 2.353e-47
1.000e+02 3.184e-06 5.102e-02 5.110e-59 2.101e-48 2.640e-47
1.122e+02 1.892e-06 3.816e-02 3.823e-59 1.572e-48 1.975e-47
1.259e+02 1.686e-06 4.282e-02 4.289e-59 1.763e-48 2.216e-47
1.413e+02 1.503e-06 4.804e-02 4.812e-59 1.979e-48 2.486e-47
1.585e+02 1.339e-06 5.390e-02 5.399e-59 2.220e-48 2.790e-47
1.778e+02 1.194e-06 6.048e-02 6.058e-59 2.491e-48 3.130e-47
1.995e+02 1.064e-06 6.786e-02 6.798e-59 2.795e-48 3.512e-47
2.239e+02 9.482e-07 7.614e-02 7.627e-59 3.136e-48 3.941e-47
2.512e+02 8.451e-07 8.543e-02 8.558e-59 3.518e-48 4.421e-47
2.818e+02 7.532e-07 9.585e-02 9.602e-59 3.948e-48 4.961e-47
3.162e+02 6.713e-07 1.075e-01 1.077e-58 4.429e-48 5.566e-47
3.548e+02 5.983e-07 1.207e-01 1.209e-58 4.970e-48 6.245e-47
3.981e+02 5.332e-07 1.354e-01 1.356e-58 5.576e-48 7.007e-47
4.467e+02 4.752e-07 1.519e-01 1.522e-58 6.257e-48 7.862e-47
5.012e+02 4.235e-07 1.705e-01 1.707e-58 7.020e-48 8.822e-47
5.623e+02 3.775e-07 1.912e-01 1.916e-58 7.876e-48 9.898e-47
6.310e+02 3.364e-07 2.146e-01 2.149e-58 8.838e-48 1.111e-46
7.079e+02 2.998e-07 2.408e-01 2.412e-58 9.916e-48 1.246e-46
7.943e+02 2.672e-07 2.701e-01 2.706e-58 1.113e-47 1.398e-46
8.913e+02 2.382e-07 3.031e-01 3.036e-58 1.248e-47 1.569e-46
1.000e+03 2.123e-07 3.401e-01 3.407e-58 1.401e-47 1.760e-46
1.122e+03 1.892e-07 3.816e-01 3.822e-58 1.571e-47 1.975e-46
1.259e+03 1.686e-07 4.281e-01 4.288e-58 1.763e-47 2.216e-46
1.413e+03 1.503e-07 4.803e-01 4.812e-58 1.978e-47 2.486e-46
1.585e+03 1.339e-07 5.390e-01 5.399e-58 2.220e-47 2.789e-46
1.778e+03 1.194e-07 6.047e-01 6.057e-58 2.490e-47 3.130e-46
1.995e+03 1.064e-07 6.785e-01 6.796e-58 2.794e-47 3.511e-46
2.239e+03 9.480e-08 7.612e-01 7.625e-58 3.135e-47 3.940e-46
2.512e+03 8.449e-08 8.541e-01 8.556e-58 3.518e-47 4.420e-46
2.818e+03 7.530e-08 9.583e-01 9.599e-58 3.947e-47 4.960e-46
3.162e+03 6.711e-08 1.075e+00 1.077e-57 4.428e-47 5.565e-46
3.548e+03 5.981e-08 1.206e+00 1.208e-57 4.968e-47 6.243e-46
3.981e+03 5.330e-08 1.353e+00 1.356e-57 5.574e-47 7.005e-46
4.467e+03 0.000e+00 0.000e+00 0.000e+00 0.000e+00 0.000e+00
5.012e+03 2.117e-28 8.519e-21 8.533e-78 3.508e-67 4.409e-66
5.623e+03 2.117e-28 1.072e-20 1.074e-77 4.417e-67 5.550e-66
6.310e+03 2.117e-28 1.350e-20 1.352e-77 5.560e-67 6.987e-66
7.079e+03 2.116e-28 1.699e-20 1.702e-77 6.999e-67 8.795e-66
7.943e+03 2.116e-28 2.139e-20 2.143e-77 8.811e-67 1.107e-65
8.913e+03 2.116e-28 2.693e-20 2.698e-77 1.109e-66 1.394e-65
1.000e+04 2.116e-28 3.390e-20 3.396e-77 1.396e-66 1.754e-65
1.122e+04 2.116e-28 4.267e-20 4.275e-77 1.757e-66 2.209e-65
1.259e+04 2.115e-28 5.372e-20 5.381e-77 2.212e-66 2.780e-65
1.413e+04 2.115e-28 6.762e-20 6.773e-77 2.785e-66 3.499e-65
1.585e+04 2.115e-28 8.511e-20 8.526e-77 3.505e-66 4.405e-65
1.778e+04 2.115e-28 1.071e-19 1.073e-76 4.412e-66 5.545e-65
1.995e+04 2.114e-28 1.349e-19 1.351e-76 5.554e-66 6.979e-65
2.239e+04 2.114e-28 1.697e-19 1.700e-76 6.991e-66 8.785e-65
2.512e+04 2.113e-28 2.136e-19 2.140e-76 8.799e-66 1.106e-64
2.818e+04 2.113e-28 2.689e-19 2.694e-76 1.107e-65 1.392e-64
3.162e+04 2.112e-28 3.385e-19 3.390e-76 1.394e-65 1.752e-64
3.548e+04 2.112e-28 4.260e-19 4.267e-76 1.754e-65 2.205e-64
3.981e+04 2.111e-28 5.361e-19 5.370e-76 2.208e-65 2.775e-64
4.467e+04 2.111e-28 6.747e-19 6.758e-76 2.779e-65 3.492e-64
5.012e+04 2.110e-28 8.491e-19 8.505e-76 3.497e-65 4.394e-64
5.623e+04 2.109e-28 1.068e-18 1.070e-75 4.401e-65 5.530e-64
6.310e+04 2.108e-28 1.345e-18 1.347e-75 5.538e-65 6.959e-64
7.079e+04 2.107e-28 1.692e-18 1.695e-75 6.968e-65 8.756e-64
7.943e+04 2.106e-28 2.129e-18 2.132e-75 8.767e-65 1.102e-63
8.913e+04 2.105e-28 2.678e-18 2.683e-75 1.103e-64 1.386e-63
1.000e+05 2.103e-28 3.370e-18 3.375e-75 1.388e-64 1.744e-63
1.122e+05 2.102e-28 4.239e-18 4.246e-75 1.746e-64 2.194e-63
1.259e+05 2.100e-28 5.332e-18 5.341e-75 2.196e-64 2.760e-63
1.413e+05 2.098e-28 6.707e-18 6.719e-75 2.762e-64 3.471e-63
1.585e+05 2.096e-28 8.436e-18 8.450e-75 3.474e-64 4.366e-63
1.778e+05 2.094e-28 1.061e-17 1.063e-74 4.369e-64 5.490e-63
1.995e+05 2.091e-28 1.334e-17 1.336e-74 5.494e-64 6.904e-63
2.239e+05 2.089e-28 1.677e-17 1.680e-74 6.907e-64 8.680e-63
2.512e+05 2.086e-28 2.108e-17 2.112e-74 8.683e-64 1.091e-62
2.818e+05 2.082e-28 2.650e-17 2.655e-74 1.091e-63 1.372e-62
3.162e+05 2.079e-28 3.331e-17 3.336e-74 1.372e-63 1.724e-62
3.548e+05 2.075e-28 4.185e-17 4.192e-74 1.724e-63 2.166e-62
3.981e+05 2.071e-28 5.258e-17 5.267e-74 2.165e-63 2.721e-62
4.467e+05 2.066e-28 6.604e-17 6.615e-74 2.720e-63 3.418e-62
5.012e+05 2.061e-28 8.293e-17 8.307e-74 3.415e-63 4.292e-62
5.623e+05 2.055e-28 1.041e-16 1.043e-73 4.288e-63 5.388e-62
6.310e+05 2.049e-28 1.307e-16 1.309e-73 5.382e-63 6.763e-62
7.079e+05 2.042e-28 1.640e-16 1.642e-73 6.753e-63 8.486e-62
7.943e+05 2.034e-28 2.057e-16 2.060e-73 8.470e-63 1.064e-61
8.913e+05 2.026e-28 2.579e-16 2.583e-73 1.062e-62 1.335e-61
1.000e+06 2.017e-28 3.232e-16 3.238e-73 1.331e-62 1.673e-61
1.122e+06 2.008e-28 4.050e-16 4.057e-73 1.668e-62 2.096e-61
1.259e+06 1.997e-28 5.071e-16 5.080e-73 2.089e-62 2.625e-61
1.413e+06 1.986e-28 6.348e-16 6.359e-73 2.614e-62 3.285e-61
1.585e+06 1.973e-28 7.941e-16 7.955e-73 3.271e-62 4.110e-61
1.778e+06 1.960e-28 9.928e-16 9.945e-73 4.089e-62 5.138e-61
1.995e+06 1.945e-28 1.241e-15 1.243e-72 5.109e-62 6.420e-61
2.239e+06 1.929e-28 1.549e-15 1.551e-72 6.379e-62 8.016e-61
2.512e+06 1.911e-28 1.932e-15 1.936e-72 7.958e-62 1.000e-60
2.818e+06 1.893e-28 2.409e-15 2.413e-72 9.920e-62 1.247e-60
3.162e+06 1.872e-28 3.000e-15 3.005e-72 1.235e-61 1.553e-60
3.548e+06 1.850e-28 3.732e-15 3.739e-72 1.537e-61 1.932e-60
3.981e+06 1.827e-28 4.639e-15 4.646e-72 1.910e-61 2.401e-60
4.467e+06 1.801e-28 5.758e-15 5.768e-72 2.371e-61 2.980e-60
5.012e+06 1.774e-28 7.138e-15 7.151e-72 2.940e-61 3.694e-60
5.623e+06 1.744e-28 8.837e-15 8.852e-72 3.640e-61 4.574e-60
6.310e+06 1.713e-28 1.092e-14 1.094e-71 4.499e-61 5.654e-60
7.079e+06 1.679e-28 1.348e-14 1.350e-71 5.552e-61 6.977e-60
7.943e+06 1.643e-28 1.661e-14 1.663e-71 6.839e-61 8.594e-60
8.913e+06 1.604e-28 2.041e-14 2.045e-71 8.408e-61 1.057e-59
1.000e+07 1.563e-28 2.504e-14 2.508e-71 1.031e-60 1.296e-59
1.122e+07 1.519e-28 3.065e-14 3.070e-71 1.262e-60 1.586e-59
1.259e+07 1.473e-28 3.741e-14 3.747e-71 1.541e-60 1.936e-59
1.413e+07 1.424e-28 4.553e-14 4.560e-71 1.875e-60 2.356e-59
1.585e+07 1.372e-28 5.523e-14 5.533e-71 2.275e-60 2.859e-59
1.778e+07 1.318e-28 6.677e-14 6.689e-71 2.750e-60 3.456e-59
1.995e+07 1.261e-28 8.041e-14 8.054e-71 3.312e-60 4.161e-59
2.239e+07 1.200e-28 9.640e-14 9.656e-71 3.970e-60 4.989e-59
2.512e+07 1.137e-28 1.150e-13 1.152e-70 4.735e-60 5.951e-59
2.818e+07 1.071e-28 1.364e-13 1.366e-70 5.616e-60 7.057e-59
3.162e+07 1.002e-28 1.606e-13 1.609e-70 6.614e-60 8.311e-59
3.548e+07 9.301e-29 1.876e-13 1.879e-70 7.726e-60 9.709e-59
3.981e+07 8.543e-29 2.169e-13 2.173e-70 8.934e-60 1.123e-58
4.467e+07 7.747e-29 2.476e-13 2.481e-70 1.020e-59 1.282e-58
5.012e+07 6.905e-29 2.779e-13 2.784e-70 1.144e-59 1.438e-58
5.623e+07 6.009e-29 3.045e-13 3.050e-70 1.254e-59 1.576e-58
6.310e+07 5.046e-29 3.218e-13 3.224e-70 1.325e-59 1.666e-58
7.079e+07 3.995e-29 3.208e-13 3.214e-70 1.321e-59 1.660e-58
7.943e+07 2.832e-29 2.863e-13 2.867e-70 1.179e-59 1.482e-58
8.913e+07 1.517e-29 1.931e-13 1.934e-70 7.951e-60 9.992e-59
1.000e+08 0.000e+00 0.000e+00 0.000e+00 0.000e+00 0.000e+00
