1.000e-20 0.000e+00 0.000e+00 0.000e+00 0.000e+00 0.000e+00
1.122e-20 0.000e+00 0.000e+00 0.000e+00 0.000e+00 0.000e+00
1.259e-20 0.000e+00 0.000e+00 0.000e+00 0.000e+00 0.000e+00
1.413e-20 0.000e+00 0.000e+00 0.000e+00 0.000e+00 0.000e+00
1.585e-20 0.000e+00 0.000e+00 0.000e+00 0.000e+00 0.000e+00
1.778e-20 0.000e+00 0.000e+00 0.000e+00 0.000e+00 0.000e+00
1.995e-20 0.000e+00 0.000e+00 0.000e+00 0.000e+00 0.000e+00
2.239e-20 0.000e+00 0.000e+00 0.000e+00 0.000e+00 0.000e+00
2.512e-20 0.000e+00 0.000e+00 0.000e+00 0.000e+00 0.000e+00
2.818e-20 0.000e+00 0.000e+00 0.000e+00 0.000e+00 0.000e+00
3.162e-20 0.000e+00 0.000e+00 0.000e+00 0.000e+00 0.000e+00
3.548e-20 0.000e+00 0.000e+00 0.000e+00 0.000e+00 0.000e+00
3.981e-20 0.000e+00 0.000e+00 0.000e+00 0.000e+00 0.000e+00
4.467e-20 0.000e+00 0.000e+00 0.000e+00 0.000e+00 0.000e+00
5.012e-20 0.000e+00 0.000e+00 0.000e+00 0.000e+00 0.000e+00
5.623e-20 0.000e+00 0.000e+00 0.000e+00 0.000e+00 0.000e+00
6.310e-20 0.000e+00 0.000e+00 0.000e+00 0.000e+00 0.000e+00
7.079e-20 0.000e+00 0.000e+00 0.000e+00 0.000e+00 0.000e+00
7.943e-20 0.000e+00 0.000e+00 0.000e+00 0.000e+00 0.000e+00
8.913e-20 0.000e+00 0.000e+00 0.000e+00 0.000e+00 0.000e+00
1.000e-19 0.000e+00 0.000e+00 0.000e+00 0.000e+00 0.000e+00
1.122e-19 0.000e+00 0.000e+00 0.000e+00 0.000e+00 0.000e+00
1.259e-19 0.000e+00 0.000e+00 0.000e+00 0.000e+00 0.000e+00
1.413e-19 0.000e+00 0.000e+00 0.000e+00 0.000e+00 0.000e+00
1.585e-19 0.000e+00 0.000e+00 0.000e+00 0.000e+00 0.000e+00
1.778e-19 0.000e+00 0.000e+00 0.000e+00 0.000e+00 0.000e+00
1.995e-19 0.000e+00 0.000e+00 0.000e+00 0.000e+00 0.000e+00
2.239e-19 0.000e+00 0.000e+00 0.000e+00 0.000e+00 0.000e+00
2.512e-19 0.000e+00 0.000e+00 0.000e+00 0.000e+00 0.000e+00
2.818e-19 0.000e+00 0.000e+00 0.000e+00 0.000e+00 0.000e+00
3.162e-19 0.000e+00 0.000e+00 0.000e+00 0.000e+00 0.000e+00
3.548e-19 0.000e+00 0.000e+00 0.000e+00 0.000e+00 0.000e+00
3.981e-19 0.000e+00 0.000e+00 0.000e+00 0.000e+00 0.000e+00
4.467e-19 0.000e+00 0.000e+00 0.000e+00 0.000e+00 0.000e+00
5.012e-19 0.000e+00 0.000e+00 0.000e+00 0.000e+00 0.000e+00
5.623e-19 0.000e+00 0.000e+00 0.000e+00 0.000e+00 0.000e+00
6.310e-19 0.000e+00 0.000e+00 0.000e+00 0.000e+00 0.000e+00
7.079e-19 0.000e+00 0.000e+00 0.000e+00 0.000e+00 0.000e+00
7.943e-19 0.000e+00 0.000e+00 0.000e+00 0.000e+00 0.000e+00
8.913e-19 0.000e+00 0.000e+00 0.000e+00 0.000e+00 0.000e+00
1.000e-18 0.000e+00 0.000e+00 0.000e+00 0.000e+00 0.000e+00
1.122e-18 0.000e+00 0.000e+00 0.000e+00 0.000e+00 0.000e+00
1.259e-18 0.000e+00 0.000e+00 0.000e+00 0.000e+00 0.000e+00
1.413e-18 0.000e+00 0.000e+00 0.000e+00 0.000e+00 0.000e+00
1.585e-18 0.000e+00 0.000e+00 0.000e+00 0.000e+00 0.000e+00
1.778e-18 0.000e+00 0.000e+00 0.000e+00 0.000e+00 0.000e+00
1.995e-18 0.000e+00 0.000e+00 0.000e+00 0.000e+00 0.000e+00
2.239e-18 0.000e+00 0.000e+00 0.000e+00 0.000e+00 0.000e+00
2.512e-18 0.000e+00 0.000e+00 0.000e+00 0.000e+00 0.000e+00
2.818e-18 0.000e+00 0.000e+00 0.000e+00 0.000e+00 0.000e+00
3.162e-18 0.000e+00 0.000e+00 0.000e+00 0.000e+00 0.000e+00
3.548e-18 0.000e+00 0.000e+00 0.000e+00 0.000e+00 0.000e+00
3.981e-18 0.000e+00 0.000e+00 0.000e+00 0.000e+00 0.000e+00
4.467e-18 0.000e+00 0.000e+00 0.000e+00 0.000e+00 0.000e+00
5.012e-18 0.000e+00 0.000e+00 0.000e+00 0.000e+00 0.000e+00
5.623e-18 0.000e+00 0.000e+00 0.000e+00 0.000e+00 0.000e+00
6.310e-18 0.000e+00 0.000e+00 0.000e+00 0.000e+00 0.000e+00
7.079e-18 0.000e+00 0.000e+00 0.000e+00 0.000e+00 0.000e+00
7.943e-18 0.000e+00 0.000e+00 0.000e+00 0.000e+00 0.000e+00
8.913e-18 0.000e+00 0.000e+00 0.000e+00 0.000e+00 0.000e+00
1.000e-17 0.000e+00 0.000e+00 0.000e+00 0.000e+00 0.000e+00
1.122e-17 0.000e+00 0.000e+00 0.000e+00 0.000e+00 0.000e+00
1.259e-17 0.000e+00 0.000e+00 0.000e+00 0.000e+00 0.000e+00
1.413e-17 0.000e+00 0.000e+00 0.000e+00 0.000e+00 0.000e+00
1.585e-17 0.000e+00 0.000e+00 0.000e+00 0.000e+00 0.000e+00
1.778e-17 0.000e+00 0.000e+00 0.000e+00 0.000e+00 0.000e+00
1.995e-17 0.000e+00 0.000e+00 0.000e+00 0.000e+00 0.000e+00
2.239e-17 0.000e+00 0.000e+00 0.000e+00 0.000e+00 0.000e+00
2.512e-17 0.000e+00 0.000e+00 0.000e+00 0.000e+00 0.000e+00
2.818e-17 0.000e+00 0.000e+00 0.000e+00 0.000e+00 0.000e+00
3.162e-17 0.000e+00 0.000e+00 0.000e+00 0.000e+00 0.000e+00
3.548e-17 0.000e+00 0.000e+00 0.000e+00 0.000e+00 0.000e+00
3.981e-17 0.000e+00 0.000e+00 0.000e+00 0.000e+00 0.000e+00
4.467e-17 0.000e+00 0.000e+00 0.000e+00 0.000e+00 0.000e+00
5.012e-17 0.000e+00 0.000e+00 0.000e+00 0.000e+00 0.000e+00
5.623e-17 0.000e+00 0.000e+00 0.000e+00 0.000e+00 0.000e+00
6.310e-17 0.000e+00 0.000e+00 0.000e+00 0.000e+00 0.000e+00
7.079e-17 0.000e+00 0.000e+00 0.000e+00 0.000e+00 0.000e+00
7.943e-17 0.000e+00 0.000e+00 0.000e+00 0.000e+00 0.000e+00
8.913e-17 0.000e+00 0.000e+00 0.000e+00 0.000e+00 0.000e+00
1.000e-16 0.000e+00 0.000e+00 0.000e+00 0.000e+00 0.000e+00
1.122e-16 0.000e+00 0.000e+00 0.000e+00 0.000e+00 0.000e+00
1.259e-16 0.000e+00 0.000e+00 0.000e+00 0.000e+00 0.000e+00
1.413e-16 0.000e+00 0.000e+00 0.000e+00 0.000e+00 0.000e+00
1.585e-16 0.000e+00 0.000e+00 0.000e+00 0.000e+00 0.000e+00
1.778e-16 0.000e+00 0.000e+00 0.000e+00 0.000e+00 0.000e+00
1.995e-16 0.000e+00 0.000e+00 0.000e+00 0.000e+00 0.000e+00
2.239e-16 0.000e+00 0.000e+00 0.000e+00 0.000e+00 0.000e+00
2.512e-16 0.000e+00 0.000e+00 0.000e+00 0.000e+00 0.000e+00
2.818e-16 0.000e+00 0.000e+00 0.000e+00 0.000e+00 0.000e+00
3.162e-16 0.000e+00 0.000e+00 0.000e+00 0.000e+00 0.000e+00
3.548e-16 0.000e+00 0.000e+00 0.000e+00 0.000e+00 0.000e+00
3.981e-16 0.000e+00 0.000e+00 0.000e+00 0.000e+00 0.000e+00
4.467e-16 0.000e+00 0.000e+00 0.000e+00 0.000e+00 0.000e+00
5.012e-16 0.000e+00 0.000e+00 0.000e+00 0.000e+00 0.000e+00
5.623e-16 0.000e+00 0.000e+00 0.000e+00 0.000e+00 0.000e+00
6.310e-16 0.000e+00 0.000e+00 0.000e+00 0.000e+00 0.000e+00
7.079e-16 0.000e+00 0.000e+00 0.000e+00 0.000e+00 0.000e+00
7.943e-16 0.000e+00 0.000e+00 0.000e+00 0.000e+00 0.000e+00
8.913e-16 0.000e+00 0.000e+00 0.000e+00 0.000e+00 0.000e+00
1.000e-15 0.000e+00 0.000e+00 0.000e+00 0.000e+00 0.000e+00
1.122e-15 1.604e+40 3.235e+10 3.241e-47 5.330e-36 6.697e-35
1.259e-15 1.422e+40 3.610e+10 3.616e-47 5.948e-36 7.474e-35
1.413e-15 1.260e+40 4.029e+10 4.036e-47 6.637e-36 8.340e-35
1.585e-15 1.117e+40 4.495e+10 4.503e-47 7.406e-36 9.306e-35
1.778e-15 9.901e+39 5.016e+10 5.025e-47 8.264e-36 1.038e-34
1.995e-15 8.775e+39 5.597e+10 5.607e-47 9.221e-36 1.159e-34
2.239e-15 7.777e+39 6.245e+10 6.256e-47 1.029e-35 1.293e-34
2.512e-15 6.893e+39 6.968e+10 6.980e-47 1.148e-35 1.442e-34
2.818e-15 6.108e+39 7.774e+10 7.787e-47 1.281e-35 1.609e-34
3.162e-15 5.413e+39 8.673e+10 8.688e-47 1.429e-35 1.795e-34
3.548e-15 4.797e+39 9.676e+10 9.692e-47 1.594e-35 2.003e-34
3.981e-15 4.251e+39 1.079e+11 1.081e-46 1.778e-35 2.235e-34
4.467e-15 3.767e+39 1.204e+11 1.206e-46 1.984e-35 2.493e-34
5.012e-15 3.338e+39 1.343e+11 1.346e-46 2.213e-35 2.781e-34
5.623e-15 2.957e+39 1.498e+11 1.501e-46 2.468e-35 3.102e-34
6.310e-15 2.620e+39 1.671e+11 1.674e-46 2.753e-35 3.460e-34
7.079e-15 2.322e+39 1.864e+11 1.867e-46 3.071e-35 3.859e-34
7.943e-15 2.057e+39 2.079e+11 2.083e-46 3.425e-35 4.304e-34
8.913e-15 1.822e+39 2.319e+11 2.323e-46 3.820e-35 4.801e-34
1.000e-14 1.614e+39 2.586e+11 2.591e-46 4.261e-35 5.354e-34
1.122e-14 1.430e+39 2.884e+11 2.889e-46 4.752e-35 5.971e-34
1.259e-14 1.267e+39 3.217e+11 3.222e-46 5.299e-35 6.659e-34
1.413e-14 1.122e+39 3.587e+11 3.593e-46 5.909e-35 7.426e-34
1.585e-14 9.939e+38 4.000e+11 4.007e-46 6.589e-35 8.280e-34
1.778e-14 8.803e+38 4.460e+11 4.468e-46 7.348e-35 9.233e-34
1.995e-14 7.797e+38 4.973e+11 4.982e-46 8.193e-35 1.030e-33
2.239e-14 6.905e+38 5.545e+11 5.554e-46 9.135e-35 1.148e-33
2.512e-14 6.116e+38 6.182e+11 6.193e-46 1.018e-34 1.280e-33
2.818e-14 5.416e+38 6.893e+11 6.904e-46 1.135e-34 1.427e-33
3.162e-14 4.796e+38 7.684e+11 7.697e-46 1.266e-34 1.591e-33
3.548e-14 4.247e+38 8.566e+11 8.581e-46 1.411e-34 1.773e-33
3.981e-14 3.761e+38 9.549e+11 9.565e-46 1.573e-34 1.977e-33
4.467e-14 3.330e+38 1.064e+12 1.066e-45 1.754e-34 2.204e-33
5.012e-14 2.948e+38 1.187e+12 1.189e-45 1.955e-34 2.456e-33
5.623e-14 2.610e+38 1.322e+12 1.325e-45 2.179e-34 2.738e-33
6.310e-14 2.311e+38 1.474e+12 1.476e-45 2.428e-34 3.051e-33
7.079e-14 2.046e+38 1.643e+12 1.646e-45 2.706e-34 3.401e-33
7.943e-14 1.811e+38 1.831e+12 1.834e-45 3.016e-34 3.790e-33
8.913e-14 1.603e+38 2.040e+12 2.044e-45 3.361e-34 4.224e-33
1.000e-13 1.419e+38 2.274e+12 2.277e-45 3.745e-34 4.707e-33
1.122e-13 1.256e+38 2.533e+12 2.538e-45 4.174e-34 5.245e-33
1.259e-13 1.112e+38 2.823e+12 2.828e-45 4.650e-34 5.844e-33
1.413e-13 9.839e+37 3.145e+12 3.151e-45 5.181e-34 6.511e-33
1.585e-13 8.707e+37 3.504e+12 3.510e-45 5.773e-34 7.254e-33
1.778e-13 7.706e+37 3.904e+12 3.911e-45 6.431e-34 8.082e-33
1.995e-13 6.819e+37 4.349e+12 4.357e-45 7.165e-34 9.004e-33
2.239e-13 6.034e+37 4.845e+12 4.853e-45 7.981e-34 1.003e-32
2.512e-13 5.339e+37 5.397e+12 5.406e-45 8.891e-34 1.117e-32
2.818e-13 4.723e+37 6.011e+12 6.021e-45 9.903e-34 1.244e-32
3.162e-13 4.179e+37 6.695e+12 6.707e-45 1.103e-33 1.386e-32
3.548e-13 3.697e+37 7.457e+12 7.469e-45 1.228e-33 1.544e-32
3.981e-13 3.270e+37 8.304e+12 8.318e-45 1.368e-33 1.719e-32
4.467e-13 2.893e+37 9.248e+12 9.263e-45 1.523e-33 1.914e-32
5.012e-13 2.559e+37 1.030e+13 1.032e-44 1.696e-33 2.132e-32
5.623e-13 2.263e+37 1.147e+13 1.149e-44 1.889e-33 2.374e-32
6.310e-13 2.002e+37 1.277e+13 1.279e-44 2.103e-33 2.643e-32
7.079e-13 1.770e+37 1.421e+13 1.424e-44 2.342e-33 2.943e-32
7.943e-13 1.565e+37 1.582e+13 1.585e-44 2.607e-33 3.276e-32
8.913e-13 1.384e+37 1.762e+13 1.765e-44 2.902e-33 3.647e-32
1.000e-12 1.224e+37 1.961e+13 1.964e-44 3.230e-33 4.059e-32
1.122e-12 1.082e+37 2.183e+13 2.186e-44 3.596e-33 4.518e-32
1.259e-12 9.567e+36 2.429e+13 2.433e-44 4.002e-33 5.029e-32
1.413e-12 8.457e+36 2.704e+13 2.708e-44 4.454e-33 5.597e-32
1.585e-12 7.476e+36 3.009e+13 3.014e-44 4.956e-33 6.228e-32
1.778e-12 6.608e+36 3.348e+13 3.354e-44 5.515e-33 6.931e-32
1.995e-12 5.841e+36 3.725e+13 3.732e-44 6.137e-33 7.712e-32
2.239e-12 5.162e+36 4.145e+13 4.152e-44 6.828e-33 8.581e-32
2.512e-12 4.562e+36 4.611e+13 4.619e-44 7.597e-33 9.546e-32
2.818e-12 4.031e+36 5.130e+13 5.139e-44 8.451e-33 1.062e-31
3.162e-12 3.562e+36 5.706e+13 5.716e-44 9.401e-33 1.181e-31
3.548e-12 3.147e+36 6.347e+13 6.358e-44 1.046e-32 1.314e-31
3.981e-12 2.780e+36 7.060e+13 7.072e-44 1.163e-32 1.461e-31
4.467e-12 2.456e+36 7.851e+13 7.865e-44 1.293e-32 1.625e-31
5.012e-12 2.169e+36 8.731e+13 8.746e-44 1.438e-32 1.807e-31
5.623e-12 1.916e+36 9.708e+13 9.725e-44 1.599e-32 2.010e-31
6.310e-12 1.692e+36 1.079e+14 1.081e-43 1.778e-32 2.235e-31
7.079e-12 1.495e+36 1.200e+14 1.202e-43 1.977e-32 2.484e-31
7.943e-12 1.320e+36 1.334e+14 1.336e-43 2.198e-32 2.762e-31
8.913e-12 1.165e+36 1.483e+14 1.485e-43 2.443e-32 3.070e-31
1.000e-11 1.029e+36 1.648e+14 1.651e-43 2.715e-32 3.412e-31
1.122e-11 9.082e+35 1.832e+14 1.835e-43 3.018e-32 3.792e-31
1.259e-11 8.017e+35 2.036e+14 2.039e-43 3.354e-32 4.214e-31
1.413e-11 7.076e+35 2.262e+14 2.266e-43 3.727e-32 4.683e-31
1.585e-11 6.245e+35 2.513e+14 2.518e-43 4.141e-32 5.203e-31
1.778e-11 5.511e+35 2.792e+14 2.797e-43 4.600e-32 5.781e-31
1.995e-11 4.863e+35 3.102e+14 3.107e-43 5.110e-32 6.422e-31
2.239e-11 4.291e+35 3.446e+14 3.451e-43 5.676e-32 7.133e-31
2.512e-11 3.786e+35 3.827e+14 3.833e-43 6.304e-32 7.922e-31
2.818e-11 3.339e+35 4.250e+14 4.257e-43 7.001e-32 8.798e-31
3.162e-11 2.945e+35 4.719e+14 4.727e-43 7.774e-32 9.769e-31
3.548e-11 2.598e+35 5.240e+14 5.248e-43 8.632e-32 1.085e-30
3.981e-11 2.291e+35 5.817e+14 5.827e-43 9.583e-32 1.204e-30
4.467e-11 2.020e+35 6.457e+14 6.468e-43 1.064e-31 1.337e-30
5.012e-11 1.781e+35 7.167e+14 7.179e-43 1.181e-31 1.484e-30
5.623e-11 1.570e+35 7.954e+14 7.968e-43 1.310e-31 1.647e-30
6.310e-11 1.384e+35 8.827e+14 8.842e-43 1.454e-31 1.827e-30
7.079e-11 1.220e+35 9.794e+14 9.810e-43 1.613e-31 2.027e-30
7.943e-11 1.075e+35 1.087e+15 1.088e-42 1.790e-31 2.249e-30
8.913e-11 9.471e+34 1.205e+15 1.207e-42 1.986e-31 2.495e-30
1.000e-10 8.344e+34 1.337e+15 1.339e-42 2.202e-31 2.768e-30
1.122e-10 7.351e+34 1.483e+15 1.485e-42 2.443e-31 3.069e-30
1.259e-10 6.475e+34 1.644e+15 1.647e-42 2.709e-31 3.404e-30
1.413e-10 5.702e+34 1.823e+15 1.826e-42 3.003e-31 3.774e-30
1.585e-10 5.022e+34 2.021e+15 2.024e-42 3.329e-31 4.184e-30
1.778e-10 4.421e+34 2.240e+15 2.244e-42 3.690e-31 4.637e-30
1.995e-10 3.893e+34 2.483e+15 2.487e-42 4.090e-31 5.140e-30
2.239e-10 3.426e+34 2.751e+15 2.756e-42 4.533e-31 5.696e-30
2.512e-10 3.016e+34 3.049e+15 3.054e-42 5.022e-31 6.311e-30
2.818e-10 2.654e+34 3.378e+15 3.383e-42 5.564e-31 6.992e-30
3.162e-10 2.335e+34 3.742e+15 3.748e-42 6.164e-31 7.746e-30
3.548e-10 2.055e+34 4.144e+15 4.151e-42 6.827e-31 8.579e-30
3.981e-10 1.807e+34 4.590e+15 4.597e-42 7.561e-31 9.501e-30
4.467e-10 1.590e+34 5.082e+15 5.091e-42 8.372e-31 1.052e-29
5.012e-10 1.398e+34 5.627e+15 5.636e-42 9.269e-31 1.165e-29
5.623e-10 1.229e+34 6.229e+15 6.240e-42 1.026e-30 1.290e-29
6.310e-10 1.081e+34 6.895e+15 6.907e-42 1.136e-30 1.427e-29
7.079e-10 9.503e+33 7.631e+15 7.644e-42 1.257e-30 1.580e-29
7.943e-10 8.353e+33 8.445e+15 8.459e-42 1.391e-30 1.748e-29
8.913e-10 7.342e+33 9.344e+15 9.360e-42 1.539e-30 1.934e-29
1.000e-09 6.452e+33 1.034e+16 1.036e-41 1.703e-30 2.140e-29
1.122e-09 5.670e+33 1.144e+16 1.146e-41 1.884e-30 2.368e-29
1.259e-09 4.982e+33 1.265e+16 1.267e-41 2.084e-30 2.619e-29
1.413e-09 4.377e+33 1.399e+16 1.402e-41 2.305e-30 2.897e-29
1.585e-09 3.845e+33 1.548e+16 1.550e-41 2.549e-30 3.204e-29
1.778e-09 3.378e+33 1.711e+16 1.714e-41 2.819e-30 3.543e-29
1.995e-09 2.967e+33 1.893e+16 1.896e-41 3.118e-30 3.918e-29
2.239e-09 2.606e+33 2.093e+16 2.096e-41 3.447e-30 4.332e-29
2.512e-09 2.289e+33 2.314e+16 2.318e-41 3.812e-30 4.790e-29
2.818e-09 2.010e+33 2.558e+16 2.563e-41 4.215e-30 5.296e-29
3.162e-09 1.766e+33 2.829e+16 2.834e-41 4.660e-30 5.856e-29
3.548e-09 1.551e+33 3.128e+16 3.133e-41 5.153e-30 6.475e-29
3.981e-09 1.362e+33 3.458e+16 3.464e-41 5.697e-30 7.159e-29
4.467e-09 1.196e+33 3.824e+16 3.830e-41 6.299e-30 7.916e-29
5.012e-09 1.051e+33 4.228e+16 4.235e-41 6.965e-30 8.753e-29
5.623e-09 9.228e+32 4.675e+16 4.683e-41 7.702e-30 9.679e-29
6.310e-09 8.106e+32 5.170e+16 5.179e-41 8.517e-30 1.070e-28
7.079e-09 7.120e+32 5.717e+16 5.727e-41 9.419e-30 1.184e-28
7.943e-09 6.254e+32 6.323e+16 6.333e-41 1.042e-29 1.309e-28
8.913e-09 5.494e+32 6.992e+16 7.004e-41 1.152e-29 1.447e-28
1.000e-08 4.826e+32 7.732e+16 7.745e-41 1.274e-29 1.601e-28
1.122e-08 4.239e+32 8.550e+16 8.564e-41 1.409e-29 1.770e-28
1.259e-08 3.723e+32 9.453e+16 9.469e-41 1.557e-29 1.957e-28
1.413e-08 3.269e+32 1.045e+17 1.047e-40 1.721e-29 2.163e-28
1.585e-08 2.869e+32 1.155e+17 1.157e-40 1.902e-29 2.391e-28
1.778e-08 2.518e+32 1.276e+17 1.278e-40 2.102e-29 2.641e-28
1.995e-08 2.208e+32 1.408e+17 1.411e-40 2.320e-29 2.916e-28
2.239e-08 1.935e+32 1.554e+17 1.556e-40 2.560e-29 3.216e-28
2.512e-08 1.694e+32 1.712e+17 1.715e-40 2.821e-29 3.545e-28
2.818e-08 1.481e+32 1.885e+17 1.888e-40 3.106e-29 3.903e-28
3.162e-08 1.293e+32 2.072e+17 2.076e-40 3.414e-29 4.290e-28
3.548e-08 1.127e+32 2.274e+17 2.278e-40 3.746e-29 4.707e-28
3.981e-08 9.804e+31 2.490e+17 2.494e-40 4.101e-29 5.154e-28
4.467e-08 8.505e+31 2.719e+17 2.723e-40 4.479e-29 5.629e-28
5.012e-08 7.356e+31 2.960e+17 2.965e-40 4.877e-29 6.129e-28
5.623e-08 6.340e+31 3.212e+17 3.218e-40 5.292e-29 6.650e-28
6.310e-08 5.442e+31 3.471e+17 3.477e-40 5.718e-29 7.186e-28
7.079e-08 4.648e+31 3.733e+17 3.739e-40 6.149e-29 7.727e-28
7.943e-08 3.946e+31 3.989e+17 3.996e-40 6.572e-29 8.259e-28
8.913e-08 3.322e+31 4.227e+17 4.235e-40 6.964e-29 8.751e-28
1.000e-07 2.696e+31 4.320e+17 4.327e-40 7.116e-29 8.943e-28
1.122e-07 2.287e+31 4.612e+17 4.620e-40 7.598e-29 9.548e-28
1.259e-07 1.929e+31 4.897e+17 4.906e-40 8.068e-29 1.014e-27
1.413e-07 1.616e+31 5.167e+17 5.176e-40 8.512e-29 1.070e-27
1.585e-07 1.343e+31 5.404e+17 5.413e-40 8.902e-29 1.119e-27
1.778e-07 1.087e+31 5.508e+17 5.517e-40 9.073e-29 1.140e-27
1.995e-07 9.065e+30 5.782e+17 5.792e-40 9.525e-29 1.197e-27
2.239e-07 7.502e+30 6.024e+17 6.034e-40 9.924e-29 1.247e-27
2.512e-07 6.126e+30 6.193e+17 6.203e-40 1.020e-28 1.282e-27
2.818e-07 4.978e+30 6.336e+17 6.347e-40 1.044e-28 1.312e-27
3.162e-07 4.083e+30 6.542e+17 6.553e-40 1.078e-28 1.354e-27
3.548e-07 3.265e+30 6.586e+17 6.597e-40 1.085e-28 1.363e-27
3.981e-07 2.672e+30 6.786e+17 6.798e-40 1.118e-28 1.405e-27
4.467e-07 2.155e+30 6.888e+17 6.899e-40 1.135e-28 1.426e-27
5.012e-07 1.729e+30 6.960e+17 6.971e-40 1.147e-28 1.441e-27
5.623e-07 1.388e+30 7.030e+17 7.042e-40 1.158e-28 1.455e-27
6.310e-07 1.108e+30 7.066e+17 7.078e-40 1.164e-28 1.463e-27
7.079e-07 8.751e+29 7.027e+17 7.039e-40 1.158e-28 1.455e-27
7.943e-07 7.034e+29 7.110e+17 7.123e-40 1.171e-28 1.472e-27
8.913e-07 5.541e+29 7.052e+17 7.064e-40 1.162e-28 1.460e-27
1.000e-06 4.424e+29 7.088e+17 7.100e-40 1.168e-28 1.467e-27
1.122e-06 3.731e+29 7.526e+17 7.539e-40 1.240e-28 1.558e-27
1.259e-06 2.926e+29 7.429e+17 7.441e-40 1.224e-28 1.538e-27
1.413e-06 2.452e+29 7.840e+17 7.853e-40 1.292e-28 1.623e-27
1.585e-06 2.064e+29 8.307e+17 8.321e-40 1.368e-28 1.720e-27
1.778e-06 1.610e+29 8.155e+17 8.169e-40 1.343e-28 1.688e-27
1.995e-06 1.329e+29 8.479e+17 8.493e-40 1.397e-28 1.755e-27
2.239e-06 1.095e+29 8.790e+17 8.805e-40 1.448e-28 1.820e-27
2.512e-06 8.574e+28 8.667e+17 8.682e-40 1.428e-28 1.794e-27
2.818e-06 7.104e+28 9.041e+17 9.057e-40 1.489e-28 1.872e-27
3.162e-06 5.862e+28 9.391e+17 9.407e-40 1.547e-28 1.944e-27
3.548e-06 4.488e+28 9.052e+17 9.067e-40 1.491e-28 1.874e-27
3.981e-06 3.670e+28 9.319e+17 9.335e-40 1.535e-28 1.929e-27
4.467e-06 2.998e+28 9.584e+17 9.600e-40 1.579e-28 1.984e-27
5.012e-06 2.447e+28 9.847e+17 9.864e-40 1.622e-28 2.039e-27
5.623e-06 1.838e+28 9.310e+17 9.326e-40 1.534e-28 1.927e-27
6.310e-06 1.519e+28 9.686e+17 9.702e-40 1.596e-28 2.005e-27
7.079e-06 1.247e+28 1.002e+18 1.003e-39 1.650e-28 2.074e-27
7.943e-06 1.021e+28 1.032e+18 1.034e-39 1.700e-28 2.137e-27
8.913e-06 7.641e+27 9.724e+17 9.741e-40 1.602e-28 2.013e-27
1.000e-05 6.200e+27 9.933e+17 9.950e-40 1.636e-28 2.056e-27
1.122e-05 5.028e+27 1.014e+18 1.016e-39 1.671e-28 2.099e-27
1.259e-05 4.075e+27 1.035e+18 1.037e-39 1.705e-28 2.142e-27
1.413e-05 3.302e+27 1.056e+18 1.057e-39 1.739e-28 2.185e-27
1.585e-05 2.674e+27 1.076e+18 1.078e-39 1.773e-28 2.228e-27
1.778e-05 1.950e+27 9.878e+17 9.895e-40 1.627e-28 2.045e-27
1.995e-05 1.566e+27 9.990e+17 1.001e-39 1.646e-28 2.068e-27
2.239e-05 1.258e+27 1.010e+18 1.012e-39 1.664e-28 2.091e-27
2.512e-05 1.010e+27 1.021e+18 1.023e-39 1.683e-28 2.114e-27
2.818e-05 8.114e+26 1.033e+18 1.034e-39 1.701e-28 2.138e-27
3.162e-05 6.515e+26 1.044e+18 1.046e-39 1.720e-28 2.161e-27
3.548e-05 5.231e+26 1.055e+18 1.057e-39 1.738e-28 2.184e-27
3.981e-05 4.199e+26 1.066e+18 1.068e-39 1.757e-28 2.207e-27
4.467e-05 3.370e+26 1.077e+18 1.079e-39 1.775e-28 2.231e-27
5.012e-05 2.383e+26 9.591e+17 9.607e-40 1.580e-28 1.985e-27
5.623e-05 1.893e+26 9.591e+17 9.607e-40 1.580e-28 1.985e-27
6.310e-05 1.504e+26 9.591e+17 9.607e-40 1.580e-28 1.985e-27
7.079e-05 1.194e+26 9.591e+17 9.607e-40 1.580e-28 1.985e-27
7.943e-05 9.487e+25 9.591e+17 9.607e-40 1.580e-28 1.985e-27
8.913e-05 7.536e+25 9.591e+17 9.607e-40 1.580e-28 1.985e-27
1.000e-04 5.986e+25 9.591e+17 9.607e-40 1.580e-28 1.985e-27
1.122e-04 4.755e+25 9.591e+17 9.607e-40 1.580e-28 1.985e-27
1.259e-04 3.777e+25 9.591e+17 9.607e-40 1.580e-28 1.985e-27
1.413e-04 3.000e+25 9.591e+17 9.607e-40 1.580e-28 1.985e-27
1.585e-04 2.383e+25 9.591e+17 9.607e-40 1.580e-28 1.985e-27
1.778e-04 1.893e+25 9.591e+17 9.607e-40 1.580e-28 1.985e-27
1.995e-04 1.504e+25 9.591e+17 9.607e-40 1.580e-28 1.985e-27
2.239e-04 1.194e+25 9.591e+17 9.607e-40 1.580e-28 1.985e-27
2.512e-04 9.487e+24 9.591e+17 9.607e-40 1.580e-28 1.985e-27
2.818e-04 7.536e+24 9.591e+17 9.607e-40 1.580e-28 1.985e-27
3.162e-04 5.986e+24 9.591e+17 9.607e-40 1.580e-28 1.985e-27
3.548e-04 4.755e+24 9.590e+17 9.607e-40 1.580e-28 1.985e-27
3.981e-04 3.777e+24 9.590e+17 9.607e-40 1.580e-28 1.985e-27
4.467e-04 3.000e+24 9.590e+17 9.607e-40 1.580e-28 1.985e-27
5.012e-04 2.383e+24 9.590e+17 9.607e-40 1.580e-28 1.985e-27
5.623e-04 1.893e+24 9.590e+17 9.606e-40 1.580e-28 1.985e-27
6.310e-04 1.504e+24 9.590e+17 9.606e-40 1.580e-28 1.985e-27
7.079e-04 1.194e+24 9.590e+17 9.606e-40 1.580e-28 1.985e-27
7.943e-04 9.486e+23 9.590e+17 9.606e-40 1.580e-28 1.985e-27
8.913e-04 7.535e+23 9.590e+17 9.606e-40 1.580e-28 1.985e-27
1.000e-03 5.985e+23 9.590e+17 9.606e-40 1.580e-28 1.985e-27
1.122e-03 4.754e+23 9.589e+17 9.606e-40 1.580e-28 1.985e-27
1.259e-03 3.776e+23 9.589e+17 9.605e-40 1.580e-28 1.985e-27
1.413e-03 3.000e+23 9.589e+17 9.605e-40 1.580e-28 1.985e-27
1.585e-03 2.383e+23 9.589e+17 9.605e-40 1.580e-28 1.985e-27
1.778e-03 1.893e+23 9.589e+17 9.605e-40 1.580e-28 1.985e-27
1.995e-03 1.503e+23 9.588e+17 9.604e-40 1.580e-28 1.985e-27
2.239e-03 1.194e+23 9.588e+17 9.604e-40 1.580e-28 1.985e-27
2.512e-03 9.484e+22 9.588e+17 9.604e-40 1.579e-28 1.985e-27
2.818e-03 7.533e+22 9.587e+17 9.603e-40 1.579e-28 1.985e-27
3.162e-03 5.984e+22 9.587e+17 9.603e-40 1.579e-28 1.985e-27
3.548e-03 4.753e+22 9.586e+17 9.603e-40 1.579e-28 1.985e-27
3.981e-03 3.775e+22 9.586e+17 9.602e-40 1.579e-28 1.984e-27
4.467e-03 2.998e+22 9.585e+17 9.601e-40 1.579e-28 1.984e-27
5.012e-03 2.382e+22 9.585e+17 9.601e-40 1.579e-28 1.984e-27
5.623e-03 1.892e+22 9.584e+17 9.600e-40 1.579e-28 1.984e-27
6.310e-03 1.502e+22 9.583e+17 9.599e-40 1.579e-28 1.984e-27
7.079e-03 1.193e+22 9.582e+17 9.598e-40 1.579e-28 1.984e-27
7.943e-03 9.478e+21 9.581e+17 9.597e-40 1.578e-28 1.983e-27
8.913e-03 7.528e+21 9.580e+17 9.596e-40 1.578e-28 1.983e-27
1.000e-02 5.979e+21 9.579e+17 9.595e-40 1.578e-28 1.983e-27
1.122e-02 4.748e+21 9.578e+17 9.594e-40 1.578e-28 1.983e-27
1.259e-02 3.771e+21 9.576e+17 9.593e-40 1.578e-28 1.982e-27
1.413e-02 2.995e+21 9.575e+17 9.591e-40 1.577e-28 1.982e-27
1.585e-02 2.379e+21 9.573e+17 9.589e-40 1.577e-28 1.982e-27
1.778e-02 1.889e+21 9.571e+17 9.587e-40 1.577e-28 1.981e-27
1.995e-02 1.500e+21 9.569e+17 9.585e-40 1.576e-28 1.981e-27
2.239e-02 1.191e+21 9.566e+17 9.583e-40 1.576e-28 1.980e-27
2.512e-02 9.461e+20 9.564e+17 9.580e-40 1.576e-28 1.980e-27
2.818e-02 7.513e+20 9.561e+17 9.577e-40 1.575e-28 1.979e-27
3.162e-02 5.966e+20 9.558e+17 9.574e-40 1.575e-28 1.979e-27
3.548e-02 4.737e+20 9.554e+17 9.571e-40 1.574e-28 1.978e-27
3.981e-02 3.761e+20 9.550e+17 9.567e-40 1.573e-28 1.977e-27
4.467e-02 2.986e+20 9.546e+17 9.562e-40 1.573e-28 1.976e-27
5.012e-02 2.371e+20 9.541e+17 9.558e-40 1.572e-28 1.975e-27
5.623e-02 1.882e+20 9.536e+17 9.552e-40 1.571e-28 1.974e-27
6.310e-02 1.494e+20 9.531e+17 9.547e-40 1.570e-28 1.973e-27
7.079e-02 1.186e+20 9.524e+17 9.540e-40 1.569e-28 1.972e-27
7.943e-02 9.415e+19 9.517e+17 9.534e-40 1.568e-28 1.970e-27
8.913e-02 7.472e+19 9.510e+17 9.526e-40 1.567e-28 1.969e-27
1.000e-01 5.930e+19 9.501e+17 9.518e-40 1.565e-28 1.967e-27
1.122e-01 4.706e+19 9.492e+17 9.508e-40 1.564e-28 1.965e-27
1.259e-01 3.734e+19 9.482e+17 9.498e-40 1.562e-28 1.963e-27
1.413e-01 2.963e+19 9.471e+17 9.487e-40 1.560e-28 1.961e-27
1.585e-01 2.350e+19 9.459e+17 9.475e-40 1.558e-28 1.958e-27
1.778e-01 1.864e+19 9.445e+17 9.461e-40 1.556e-28 1.955e-27
1.995e-01 1.479e+19 9.431e+17 9.447e-40 1.554e-28 1.952e-27
2.239e-01 1.172e+19 9.415e+17 9.431e-40 1.551e-28 1.949e-27
2.512e-01 9.295e+18 9.397e+17 9.413e-40 1.548e-28 1.945e-27
2.818e-01 7.368e+18 9.377e+17 9.393e-40 1.545e-28 1.941e-27
3.162e-01 5.840e+18 9.356e+17 9.372e-40 1.541e-28 1.937e-27
3.548e-01 4.627e+18 9.333e+17 9.349e-40 1.538e-28 1.932e-27
3.981e-01 3.665e+18 9.308e+17 9.323e-40 1.533e-28 1.927e-27
4.467e-01 2.903e+18 9.280e+17 9.296e-40 1.529e-28 1.921e-27
5.012e-01 2.298e+18 9.250e+17 9.265e-40 1.524e-28 1.915e-27
5.623e-01 1.819e+18 9.217e+17 9.232e-40 1.518e-28 1.908e-27
6.310e-01 1.439e+18 9.181e+17 9.196e-40 1.512e-28 1.901e-27
7.079e-01 1.138e+18 9.141e+17 9.157e-40 1.506e-28 1.892e-27
7.943e-01 9.000e+17 9.098e+17 9.114e-40 1.499e-28 1.884e-27
8.913e-01 7.112e+17 9.052e+17 9.067e-40 1.491e-28 1.874e-27
1.000e+00 5.618e+17 9.001e+17 9.016e-40 1.483e-28 1.863e-27
1.122e+00 4.435e+17 8.946e+17 8.961e-40 1.474e-28 1.852e-27
1.259e+00 3.500e+17 8.886e+17 8.901e-40 1.464e-28 1.840e-27
1.413e+00 2.759e+17 8.821e+17 8.836e-40 1.453e-28 1.826e-27
1.585e+00 2.175e+17 8.751e+17 8.766e-40 1.442e-28 1.812e-27
1.778e+00 1.712e+17 8.675e+17 8.690e-40 1.429e-28 1.796e-27
1.995e+00 1.347e+17 8.593e+17 8.608e-40 1.416e-28 1.779e-27
2.239e+00 1.059e+17 8.505e+17 8.519e-40 1.401e-28 1.761e-27
2.512e+00 8.318e+16 8.409e+17 8.423e-40 1.385e-28 1.741e-27
2.818e+00 6.527e+16 8.306e+17 8.320e-40 1.368e-28 1.720e-27
3.162e+00 5.115e+16 8.196e+17 8.210e-40 1.350e-28 1.697e-27
3.548e+00 4.004e+16 8.077e+17 8.091e-40 1.331e-28 1.672e-27
3.981e+00 3.131e+16 7.950e+17 7.963e-40 1.310e-28 1.646e-27
4.467e+00 2.444e+16 7.813e+17 7.827e-40 1.287e-28 1.618e-27
5.012e+00 1.905e+16 7.668e+17 7.681e-40 1.263e-28 1.587e-27
5.623e+00 1.483e+16 7.513e+17 7.526e-40 1.238e-28 1.555e-27
6.310e+00 1.152e+16 7.348e+17 7.360e-40 1.210e-28 1.521e-27
7.079e+00 8.932e+15 7.172e+17 7.184e-40 1.182e-28 1.485e-27
7.943e+00 6.911e+15 6.986e+17 6.998e-40 1.151e-28 1.446e-27
8.913e+00 5.335e+15 6.790e+17 6.801e-40 1.119e-28 1.406e-27
1.000e+01 4.109e+15 6.583e+17 6.594e-40 1.084e-28 1.363e-27
1.122e+01 3.155e+15 6.365e+17 6.375e-40 1.049e-28 1.318e-27
1.259e+01 2.416e+15 6.136e+17 6.147e-40 1.011e-28 1.270e-27
1.413e+01 1.845e+15 5.897e+17 5.907e-40 9.715e-29 1.221e-27
1.585e+01 1.403e+15 5.648e+17 5.658e-40 9.305e-29 1.169e-27
1.778e+01 1.064e+15 5.390e+17 5.399e-40 8.879e-29 1.116e-27
1.995e+01 8.030e+14 5.122e+17 5.131e-40 8.438e-29 1.060e-27
2.239e+01 6.036e+14 4.847e+17 4.855e-40 7.984e-29 1.003e-27
2.512e+01 4.515e+14 4.564e+17 4.572e-40 7.518e-29 9.448e-28
2.818e+01 3.359e+14 4.275e+17 4.283e-40 7.043e-29 8.851e-28
3.162e+01 2.486e+14 3.982e+17 3.989e-40 6.560e-29 8.244e-28
3.548e+01 1.828e+14 3.686e+17 3.693e-40 6.073e-29 7.631e-28
3.981e+01 1.335e+14 3.389e+17 3.395e-40 5.583e-29 7.016e-28
4.467e+01 9.676e+13 3.093e+17 3.098e-40 5.096e-29 6.403e-28
5.012e+01 6.957e+13 2.800e+17 2.805e-40 4.613e-29 5.796e-28
5.623e+01 4.958e+13 2.512e+17 2.516e-40 4.138e-29 5.200e-28
6.310e+01 3.499e+13 2.232e+17 2.236e-40 3.677e-29 4.620e-28
7.079e+01 2.443e+13 1.962e+17 1.965e-40 3.232e-29 4.061e-28
7.943e+01 1.685e+13 1.704e+17 1.707e-40 2.807e-29 3.527e-28
8.913e+01 1.148e+13 1.461e+17 1.463e-40 2.406e-29 3.024e-28
1.000e+02 7.704e+12 1.234e+17 1.236e-40 2.034e-29 2.555e-28
1.122e+02 5.090e+12 1.027e+17 1.028e-40 1.691e-29 2.125e-28
1.259e+02 3.304e+12 8.390e+16 8.405e-41 1.382e-29 1.737e-28
1.413e+02 2.104e+12 6.724e+16 6.736e-41 1.108e-29 1.392e-28
1.585e+02 1.311e+12 5.274e+16 5.283e-41 8.688e-30 1.092e-28
1.778e+02 7.971e+11 4.038e+16 4.045e-41 6.653e-30 8.360e-29
1.995e+02 4.720e+11 3.010e+16 3.016e-41 4.959e-30 6.232e-29
2.239e+02 2.713e+11 2.178e+16 2.182e-41 3.588e-30 4.509e-29
2.512e+02 1.508e+11 1.524e+16 1.527e-41 2.511e-30 3.155e-29
2.818e+02 8.069e+10 1.027e+16 1.029e-41 1.692e-30 2.126e-29
3.162e+02 4.137e+10 6.628e+15 6.639e-42 1.092e-30 1.372e-29
3.548e+02 2.017e+10 4.069e+15 4.076e-42 6.704e-31 8.424e-30
3.981e+02 9.262e+09 2.352e+15 2.356e-42 3.874e-31 4.869e-30
4.467e+02 3.927e+09 1.255e+15 1.257e-42 2.068e-31 2.599e-30
5.012e+02 1.471e+09 5.918e+14 5.928e-43 9.750e-32 1.225e-30
5.623e+02 4.161e+08 2.108e+14 2.112e-43 3.473e-32 4.365e-31
6.310e+02 0.000e+00 0.000e+00 0.000e+00 0.000e+00 0.000e+00
7.079e+02 0.000e+00 0.000e+00 0.000e+00 0.000e+00 0.000e+00
7.943e+02 0.000e+00 0.000e+00 0.000e+00 0.000e+00 0.000e+00
8.913e+02 0.000e+00 0.000e+00 0.000e+00 0.000e+00 0.000e+00
1.000e+03 0.000e+00 0.000e+00 0.000e+00 0.000e+00 0.000e+00
1.122e+03 0.000e+00 0.000e+00 0.000e+00 0.000e+00 0.000e+00
1.259e+03 0.000e+00 0.000e+00 0.000e+00 0.000e+00 0.000e+00
1.413e+03 0.000e+00 0.000e+00 0.000e+00 0.000e+00 0.000e+00
1.585e+03 0.000e+00 0.000e+00 0.000e+00 0.000e+00 0.000e+00
1.778e+03 0.000e+00 0.000e+00 0.000e+00 0.000e+00 0.000e+00
1.995e+03 0.000e+00 0.000e+00 0.000e+00 0.000e+00 0.000e+00
2.239e+03 0.000e+00 0.000e+00 0.000e+00 0.000e+00 0.000e+00
2.512e+03 0.000e+00 0.000e+00 0.000e+00 0.000e+00 0.000e+00
2.818e+03 0.000e+00 0.000e+00 0.000e+00 0.000e+00 0.000e+00
3.162e+03 0.000e+00 0.000e+00 0.000e+00 0.000e+00 0.000e+00
3.548e+03 0.000e+00 0.000e+00 0.000e+00 0.000e+00 0.000e+00
3.981e+03 0.000e+00 0.000e+00 0.000e+00 0.000e+00 0.000e+00
4.467e+03 0.000e+00 0.000e+00 0.000e+00 0.000e+00 0.000e+00
5.012e+03 0.000e+00 0.000e+00 0.000e+00 0.000e+00 0.000e+00
5.623e+03 0.000e+00 0.000e+00 0.000e+00 0.000e+00 0.000e+00
6.310e+03 0.000e+00 0.000e+00 0.000e+00 0.000e+00 0.000e+00
7.079e+03 0.000e+00 0.000e+00 0.000e+00 0.000e+00 0.000e+00
7.943e+03 0.000e+00 0.000e+00 0.000e+00 0.000e+00 0.000e+00
8.913e+03 0.000e+00 0.000e+00 0.000e+00 0.000e+00 0.000e+00
1.000e+04 0.000e+00 0.000e+00 0.000e+00 0.000e+00 0.000e+00
1.122e+04 0.000e+00 0.000e+00 0.000e+00 0.000e+00 0.000e+00
1.259e+04 0.000e+00 0.000e+00 0.000e+00 0.000e+00 0.000e+00
1.413e+04 0.000e+00 0.000e+00 0.000e+00 0.000e+00 0.000e+00
1.585e+04 0.000e+00 0.000e+00 0.000e+00 0.000e+00 0.000e+00
1.778e+04 0.000e+00 0.000e+00 0.000e+00 0.000e+00 0.000e+00
1.995e+04 0.000e+00 0.000e+00 0.000e+00 0.000e+00 0.000e+00
2.239e+04 0.000e+00 0.000e+00 0.000e+00 0.000e+00 0.000e+00
2.512e+04 0.000e+00 0.000e+00 0.000e+00 0.000e+00 0.000e+00
2.818e+04 0.000e+00 0.000e+00 0.000e+00 0.000e+00 0.000e+00
3.162e+04 0.000e+00 0.000e+00 0.000e+00 0.000e+00 0.000e+00
3.548e+04 0.000e+00 0.000e+00 0.000e+00 0.000e+00 0.000e+00
3.981e+04 0.000e+00 0.000e+00 0.000e+00 0.000e+00 0.000e+00
4.467e+04 0.000e+00 0.000e+00 0.000e+00 0.000e+00 0.000e+00
5.012e+04 0.000e+00 0.000e+00 0.000e+00 0.000e+00 0.000e+00
5.623e+04 0.000e+00 0.000e+00 0.000e+00 0.000e+00 0.000e+00
6.310e+04 0.000e+00 0.000e+00 0.000e+00 0.000e+00 0.000e+00
7.079e+04 0.000e+00 0.000e+00 0.000e+00 0.000e+00 0.000e+00
7.943e+04 0.000e+00 0.000e+00 0.000e+00 0.000e+00 0.000e+00
8.913e+04 0.000e+00 0.000e+00 0.000e+00 0.000e+00 0.000e+00
1.000e+05 0.000e+00 0.000e+00 0.000e+00 0.000e+00 0.000e+00
1.122e+05 0.000e+00 0.000e+00 0.000e+00 0.000e+00 0.000e+00
1.259e+05 0.000e+00 0.000e+00 0.000e+00 0.000e+00 0.000e+00
1.413e+05 0.000e+00 0.000e+00 0.000e+00 0.000e+00 0.000e+00
1.585e+05 0.000e+00 0.000e+00 0.000e+00 0.000e+00 0.000e+00
1.778e+05 0.000e+00 0.000e+00 0.000e+00 0.000e+00 0.000e+00
1.995e+05 0.000e+00 0.000e+00 0.000e+00 0.000e+00 0.000e+00
2.239e+05 0.000e+00 0.000e+00 0.000e+00 0.000e+00 0.000e+00
2.512e+05 0.000e+00 0.000e+00 0.000e+00 0.000e+00 0.000e+00
2.818e+05 0.000e+00 0.000e+00 0.000e+00 0.000e+00 0.000e+00
3.162e+05 0.000e+00 0.000e+00 0.000e+00 0.000e+00 0.000e+00
3.548e+05 0.000e+00 0.000e+00 0.000e+00 0.000e+00 0.000e+00
3.981e+05 0.000e+00 0.000e+00 0.000e+00 0.000e+00 0.000e+00
4.467e+05 0.000e+00 0.000e+00 0.000e+00 0.000e+00 0.000e+00
5.012e+05 0.000e+00 0.000e+00 0.000e+00 0.000e+00 0.000e+00
5.623e+05 0.000e+00 0.000e+00 0.000e+00 0.000e+00 0.000e+00
6.310e+05 0.000e+00 0.000e+00 0.000e+00 0.000e+00 0.000e+00
7.079e+05 0.000e+00 0.000e+00 0.000e+00 0.000e+00 0.000e+00
7.943e+05 0.000e+00 0.000e+00 0.000e+00 0.000e+00 0.000e+00
8.913e+05 0.000e+00 0.000e+00 0.000e+00 0.000e+00 0.000e+00
1.000e+06 0.000e+00 0.000e+00 0.000e+00 0.000e+00 0.000e+00
1.122e+06 0.000e+00 0.000e+00 0.000e+00 0.000e+00 0.000e+00
1.259e+06 0.000e+00 0.000e+00 0.000e+00 0.000e+00 0.000e+00
1.413e+06 0.000e+00 0.000e+00 0.000e+00 0.000e+00 0.000e+00
1.585e+06 0.000e+00 0.000e+00 0.000e+00 0.000e+00 0.000e+00
1.778e+06 0.000e+00 0.000e+00 0.000e+00 0.000e+00 0.000e+00
1.995e+06 0.000e+00 0.000e+00 0.000e+00 0.000e+00 0.000e+00
2.239e+06 0.000e+00 0.000e+00 0.000e+00 0.000e+00 0.000e+00
2.512e+06 0.000e+00 0.000e+00 0.000e+00 0.000e+00 0.000e+00
2.818e+06 0.000e+00 0.000e+00 0.000e+00 0.000e+00 0.000e+00
3.162e+06 0.000e+00 0.000e+00 0.000e+00 0.000e+00 0.000e+00
3.548e+06 0.000e+00 0.000e+00 0.000e+00 0.000e+00 0.000e+00
3.981e+06 0.000e+00 0.000e+00 0.000e+00 0.000e+00 0.000e+00
4.467e+06 0.000e+00 0.000e+00 0.000e+00 0.000e+00 0.000e+00
5.012e+06 0.000e+00 0.000e+00 0.000e+00 0.000e+00 0.000e+00
5.623e+06 0.000e+00 0.000e+00 0.000e+00 0.000e+00 0.000e+00
6.310e+06 0.000e+00 0.000e+00 0.000e+00 0.000e+00 0.000e+00
7.079e+06 0.000e+00 0.000e+00 0.000e+00 0.000e+00 0.000e+00
7.943e+06 0.000e+00 0.000e+00 0.000e+00 0.000e+00 0.000e+00
8.913e+06 0.000e+00 0.000e+00 0.000e+00 0.000e+00 0.000e+00
1.000e+07 0.000e+00 0.000e+00 0.000e+00 0.000e+00 0.000e+00
1.122e+07 0.000e+00 0.000e+00 0.000e+00 0.000e+00 0.000e+00
1.259e+07 0.000e+00 0.000e+00 0.000e+00 0.000e+00 0.000e+00
1.413e+07 0.000e+00 0.000e+00 0.000e+00 0.000e+00 0.000e+00
1.585e+07 0.000e+00 0.000e+00 0.000e+00 0.000e+00 0.000e+00
1.778e+07 0.000e+00 0.000e+00 0.000e+00 0.000e+00 0.000e+00
1.995e+07 0.000e+00 0.000e+00 0.000e+00 0.000e+00 0.000e+00
2.239e+07 0.000e+00 0.000e+00 0.000e+00 0.000e+00 0.000e+00
2.512e+07 0.000e+00 0.000e+00 0.000e+00 0.000e+00 0.000e+00
2.818e+07 0.000e+00 0.000e+00 0.000e+00 0.000e+00 0.000e+00
3.162e+07 0.000e+00 0.000e+00 0.000e+00 0.000e+00 0.000e+00
3.548e+07 0.000e+00 0.000e+00 0.000e+00 0.000e+00 0.000e+00
3.981e+07 0.000e+00 0.000e+00 0.000e+00 0.000e+00 0.000e+00
4.467e+07 0.000e+00 0.000e+00 0.000e+00 0.000e+00 0.000e+00
5.012e+07 0.000e+00 0.000e+00 0.000e+00 0.000e+00 0.000e+00
5.623e+07 0.000e+00 0.000e+00 0.000e+00 0.000e+00 0.000e+00
6.310e+07 0.000e+00 0.000e+00 0.000e+00 0.000e+00 0.000e+00
7.079e+07 0.000e+00 0.000e+00 0.000e+00 0.000e+00 0.000e+00
7.943e+07 0.000e+00 0.000e+00 0.000e+00 0.000e+00 0.000e+00
8.913e+07 0.000e+00 0.000e+00 0.000e+00 0.000e+00 0.000e+00
1.000e+08 0.000e+00 0.000e+00 0.000e+00 0.000e+00 0.000e+00
