1.000e-20 0.000e+00 0.000e+00 0.000e+00 0.000e+00 0.000e+00
1.122e-20 0.000e+00 0.000e+00 0.000e+00 0.000e+00 0.000e+00
1.259e-20 0.000e+00 0.000e+00 0.000e+00 0.000e+00 0.000e+00
1.413e-20 0.000e+00 0.000e+00 0.000e+00 0.000e+00 0.000e+00
1.585e-20 0.000e+00 0.000e+00 0.000e+00 0.000e+00 0.000e+00
1.778e-20 0.000e+00 0.000e+00 0.000e+00 0.000e+00 0.000e+00
1.995e-20 0.000e+00 0.000e+00 0.000e+00 0.000e+00 0.000e+00
2.239e-20 0.000e+00 0.000e+00 0.000e+00 0.000e+00 0.000e+00
2.512e-20 0.000e+00 0.000e+00 0.000e+00 0.000e+00 0.000e+00
2.818e-20 0.000e+00 0.000e+00 0.000e+00 0.000e+00 0.000e+00
3.162e-20 0.000e+00 0.000e+00 0.000e+00 0.000e+00 0.000e+00
3.548e-20 0.000e+00 0.000e+00 0.000e+00 0.000e+00 0.000e+00
3.981e-20 0.000e+00 0.000e+00 0.000e+00 0.000e+00 0.000e+00
4.467e-20 0.000e+00 0.000e+00 0.000e+00 0.000e+00 0.000e+00
5.012e-20 0.000e+00 0.000e+00 0.000e+00 0.000e+00 0.000e+00
5.623e-20 0.000e+00 0.000e+00 0.000e+00 0.000e+00 0.000e+00
6.310e-20 0.000e+00 0.000e+00 0.000e+00 0.000e+00 0.000e+00
7.079e-20 0.000e+00 0.000e+00 0.000e+00 0.000e+00 0.000e+00
7.943e-20 0.000e+00 0.000e+00 0.000e+00 0.000e+00 0.000e+00
8.913e-20 0.000e+00 0.000e+00 0.000e+00 0.000e+00 0.000e+00
1.000e-19 0.000e+00 0.000e+00 0.000e+00 0.000e+00 0.000e+00
1.122e-19 0.000e+00 0.000e+00 0.000e+00 0.000e+00 0.000e+00
1.259e-19 0.000e+00 0.000e+00 0.000e+00 0.000e+00 0.000e+00
1.413e-19 0.000e+00 0.000e+00 0.000e+00 0.000e+00 0.000e+00
1.585e-19 0.000e+00 0.000e+00 0.000e+00 0.000e+00 0.000e+00
1.778e-19 0.000e+00 0.000e+00 0.000e+00 0.000e+00 0.000e+00
1.995e-19 0.000e+00 0.000e+00 0.000e+00 0.000e+00 0.000e+00
2.239e-19 0.000e+00 0.000e+00 0.000e+00 0.000e+00 0.000e+00
2.512e-19 0.000e+00 0.000e+00 0.000e+00 0.000e+00 0.000e+00
2.818e-19 0.000e+00 0.000e+00 0.000e+00 0.000e+00 0.000e+00
3.162e-19 0.000e+00 0.000e+00 0.000e+00 0.000e+00 0.000e+00
3.548e-19 0.000e+00 0.000e+00 0.000e+00 0.000e+00 0.000e+00
3.981e-19 0.000e+00 0.000e+00 0.000e+00 0.000e+00 0.000e+00
4.467e-19 0.000e+00 0.000e+00 0.000e+00 0.000e+00 0.000e+00
5.012e-19 0.000e+00 0.000e+00 0.000e+00 0.000e+00 0.000e+00
5.623e-19 0.000e+00 0.000e+00 0.000e+00 0.000e+00 0.000e+00
6.310e-19 0.000e+00 0.000e+00 0.000e+00 0.000e+00 0.000e+00
7.079e-19 0.000e+00 0.000e+00 0.000e+00 0.000e+00 0.000e+00
7.943e-19 0.000e+00 0.000e+00 0.000e+00 0.000e+00 0.000e+00
8.913e-19 0.000e+00 0.000e+00 0.000e+00 0.000e+00 0.000e+00
1.000e-18 0.000e+00 0.000e+00 0.000e+00 0.000e+00 0.000e+00
1.122e-18 0.000e+00 0.000e+00 0.000e+00 0.000e+00 0.000e+00
1.259e-18 0.000e+00 0.000e+00 0.000e+00 0.000e+00 0.000e+00
1.413e-18 0.000e+00 0.000e+00 0.000e+00 0.000e+00 0.000e+00
1.585e-18 0.000e+00 0.000e+00 0.000e+00 0.000e+00 0.000e+00
1.778e-18 0.000e+00 0.000e+00 0.000e+00 0.000e+00 0.000e+00
1.995e-18 0.000e+00 0.000e+00 0.000e+00 0.000e+00 0.000e+00
2.239e-18 0.000e+00 0.000e+00 0.000e+00 0.000e+00 0.000e+00
2.512e-18 0.000e+00 0.000e+00 0.000e+00 0.000e+00 0.000e+00
2.818e-18 0.000e+00 0.000e+00 0.000e+00 0.000e+00 0.000e+00
3.162e-18 0.000e+00 0.000e+00 0.000e+00 0.000e+00 0.000e+00
3.548e-18 0.000e+00 0.000e+00 0.000e+00 0.000e+00 0.000e+00
3.981e-18 0.000e+00 0.000e+00 0.000e+00 0.000e+00 0.000e+00
4.467e-18 0.000e+00 0.000e+00 0.000e+00 0.000e+00 0.000e+00
5.012e-18 0.000e+00 0.000e+00 0.000e+00 0.000e+00 0.000e+00
5.623e-18 0.000e+00 0.000e+00 0.000e+00 0.000e+00 0.000e+00
6.310e-18 0.000e+00 0.000e+00 0.000e+00 0.000e+00 0.000e+00
7.079e-18 0.000e+00 0.000e+00 0.000e+00 0.000e+00 0.000e+00
7.943e-18 0.000e+00 0.000e+00 0.000e+00 0.000e+00 0.000e+00
8.913e-18 0.000e+00 0.000e+00 0.000e+00 0.000e+00 0.000e+00
1.000e-17 0.000e+00 0.000e+00 0.000e+00 0.000e+00 0.000e+00
1.122e-17 0.000e+00 0.000e+00 0.000e+00 0.000e+00 0.000e+00
1.259e-17 0.000e+00 0.000e+00 0.000e+00 0.000e+00 0.000e+00
1.413e-17 0.000e+00 0.000e+00 0.000e+00 0.000e+00 0.000e+00
1.585e-17 0.000e+00 0.000e+00 0.000e+00 0.000e+00 0.000e+00
1.778e-17 0.000e+00 0.000e+00 0.000e+00 0.000e+00 0.000e+00
1.995e-17 0.000e+00 0.000e+00 0.000e+00 0.000e+00 0.000e+00
2.239e-17 0.000e+00 0.000e+00 0.000e+00 0.000e+00 0.000e+00
2.512e-17 0.000e+00 0.000e+00 0.000e+00 0.000e+00 0.000e+00
2.818e-17 0.000e+00 0.000e+00 0.000e+00 0.000e+00 0.000e+00
3.162e-17 0.000e+00 0.000e+00 0.000e+00 0.000e+00 0.000e+00
3.548e-17 0.000e+00 0.000e+00 0.000e+00 0.000e+00 0.000e+00
3.981e-17 0.000e+00 0.000e+00 0.000e+00 0.000e+00 0.000e+00
4.467e-17 0.000e+00 0.000e+00 0.000e+00 0.000e+00 0.000e+00
5.012e-17 0.000e+00 0.000e+00 0.000e+00 0.000e+00 0.000e+00
5.623e-17 0.000e+00 0.000e+00 0.000e+00 0.000e+00 0.000e+00
6.310e-17 0.000e+00 0.000e+00 0.000e+00 0.000e+00 0.000e+00
7.079e-17 0.000e+00 0.000e+00 0.000e+00 0.000e+00 0.000e+00
7.943e-17 0.000e+00 0.000e+00 0.000e+00 0.000e+00 0.000e+00
8.913e-17 0.000e+00 0.000e+00 0.000e+00 0.000e+00 0.000e+00
1.000e-16 0.000e+00 0.000e+00 0.000e+00 0.000e+00 0.000e+00
1.122e-16 0.000e+00 0.000e+00 0.000e+00 0.000e+00 0.000e+00
1.259e-16 0.000e+00 0.000e+00 0.000e+00 0.000e+00 0.000e+00
1.413e-16 0.000e+00 0.000e+00 0.000e+00 0.000e+00 0.000e+00
1.585e-16 0.000e+00 0.000e+00 0.000e+00 0.000e+00 0.000e+00
1.778e-16 0.000e+00 0.000e+00 0.000e+00 0.000e+00 0.000e+00
1.995e-16 0.000e+00 0.000e+00 0.000e+00 0.000e+00 0.000e+00
2.239e-16 0.000e+00 0.000e+00 0.000e+00 0.000e+00 0.000e+00
2.512e-16 0.000e+00 0.000e+00 0.000e+00 0.000e+00 0.000e+00
2.818e-16 0.000e+00 0.000e+00 0.000e+00 0.000e+00 0.000e+00
3.162e-16 0.000e+00 0.000e+00 0.000e+00 0.000e+00 0.000e+00
3.548e-16 0.000e+00 0.000e+00 0.000e+00 0.000e+00 0.000e+00
3.981e-16 0.000e+00 0.000e+00 0.000e+00 0.000e+00 0.000e+00
4.467e-16 0.000e+00 0.000e+00 0.000e+00 0.000e+00 0.000e+00
5.012e-16 0.000e+00 0.000e+00 0.000e+00 0.000e+00 0.000e+00
5.623e-16 0.000e+00 0.000e+00 0.000e+00 0.000e+00 0.000e+00
6.310e-16 0.000e+00 0.000e+00 0.000e+00 0.000e+00 0.000e+00
7.079e-16 0.000e+00 0.000e+00 0.000e+00 0.000e+00 0.000e+00
7.943e-16 0.000e+00 0.000e+00 0.000e+00 0.000e+00 0.000e+00
8.913e-16 0.000e+00 0.000e+00 0.000e+00 0.000e+00 0.000e+00
1.000e-15 0.000e+00 0.000e+00 0.000e+00 0.000e+00 0.000e+00
1.122e-15 0.000e+00 0.000e+00 0.000e+00 0.000e+00 0.000e+00
1.259e-15 0.000e+00 0.000e+00 0.000e+00 0.000e+00 0.000e+00
1.413e-15 0.000e+00 0.000e+00 0.000e+00 0.000e+00 0.000e+00
1.585e-15 0.000e+00 0.000e+00 0.000e+00 0.000e+00 0.000e+00
1.778e-15 0.000e+00 0.000e+00 0.000e+00 0.000e+00 0.000e+00
1.995e-15 0.000e+00 0.000e+00 0.000e+00 0.000e+00 0.000e+00
2.239e-15 0.000e+00 0.000e+00 0.000e+00 0.000e+00 0.000e+00
2.512e-15 0.000e+00 0.000e+00 0.000e+00 0.000e+00 0.000e+00
2.818e-15 0.000e+00 0.000e+00 0.000e+00 0.000e+00 0.000e+00
3.162e-15 0.000e+00 0.000e+00 0.000e+00 0.000e+00 0.000e+00
3.548e-15 0.000e+00 0.000e+00 0.000e+00 0.000e+00 0.000e+00
3.981e-15 0.000e+00 0.000e+00 0.000e+00 0.000e+00 0.000e+00
4.467e-15 0.000e+00 0.000e+00 0.000e+00 0.000e+00 0.000e+00
5.012e-15 0.000e+00 0.000e+00 0.000e+00 0.000e+00 0.000e+00
5.623e-15 0.000e+00 0.000e+00 0.000e+00 0.000e+00 0.000e+00
6.310e-15 0.000e+00 0.000e+00 0.000e+00 0.000e+00 0.000e+00
7.079e-15 0.000e+00 0.000e+00 0.000e+00 0.000e+00 0.000e+00
7.943e-15 0.000e+00 0.000e+00 0.000e+00 0.000e+00 0.000e+00
8.913e-15 0.000e+00 0.000e+00 0.000e+00 0.000e+00 0.000e+00
1.000e-14 0.000e+00 0.000e+00 0.000e+00 0.000e+00 0.000e+00
1.122e-14 0.000e+00 0.000e+00 0.000e+00 0.000e+00 0.000e+00
1.259e-14 0.000e+00 0.000e+00 0.000e+00 0.000e+00 0.000e+00
1.413e-14 0.000e+00 0.000e+00 0.000e+00 0.000e+00 0.000e+00
1.585e-14 0.000e+00 0.000e+00 0.000e+00 0.000e+00 0.000e+00
1.778e-14 0.000e+00 0.000e+00 0.000e+00 0.000e+00 0.000e+00
1.995e-14 0.000e+00 0.000e+00 0.000e+00 0.000e+00 0.000e+00
2.239e-14 0.000e+00 0.000e+00 0.000e+00 0.000e+00 0.000e+00
2.512e-14 0.000e+00 0.000e+00 0.000e+00 0.000e+00 0.000e+00
2.818e-14 0.000e+00 0.000e+00 0.000e+00 0.000e+00 0.000e+00
3.162e-14 0.000e+00 0.000e+00 0.000e+00 0.000e+00 0.000e+00
3.548e-14 0.000e+00 0.000e+00 0.000e+00 0.000e+00 0.000e+00
3.981e-14 0.000e+00 0.000e+00 0.000e+00 0.000e+00 0.000e+00
4.467e-14 0.000e+00 0.000e+00 0.000e+00 0.000e+00 0.000e+00
5.012e-14 0.000e+00 0.000e+00 0.000e+00 0.000e+00 0.000e+00
5.623e-14 0.000e+00 0.000e+00 0.000e+00 0.000e+00 0.000e+00
6.310e-14 0.000e+00 0.000e+00 0.000e+00 0.000e+00 0.000e+00
7.079e-14 0.000e+00 0.000e+00 0.000e+00 0.000e+00 0.000e+00
7.943e-14 0.000e+00 0.000e+00 0.000e+00 0.000e+00 0.000e+00
8.913e-14 0.000e+00 0.000e+00 0.000e+00 0.000e+00 0.000e+00
1.000e-13 0.000e+00 0.000e+00 0.000e+00 0.000e+00 0.000e+00
1.122e-13 0.000e+00 0.000e+00 0.000e+00 0.000e+00 0.000e+00
1.259e-13 0.000e+00 0.000e+00 0.000e+00 0.000e+00 0.000e+00
1.413e-13 0.000e+00 0.000e+00 0.000e+00 0.000e+00 0.000e+00
1.585e-13 0.000e+00 0.000e+00 0.000e+00 0.000e+00 0.000e+00
1.778e-13 0.000e+00 0.000e+00 0.000e+00 0.000e+00 0.000e+00
1.995e-13 0.000e+00 0.000e+00 0.000e+00 0.000e+00 0.000e+00
2.239e-13 0.000e+00 0.000e+00 0.000e+00 0.000e+00 0.000e+00
2.512e-13 0.000e+00 0.000e+00 0.000e+00 0.000e+00 0.000e+00
2.818e-13 0.000e+00 0.000e+00 0.000e+00 0.000e+00 0.000e+00
3.162e-13 0.000e+00 0.000e+00 0.000e+00 0.000e+00 0.000e+00
3.548e-13 0.000e+00 0.000e+00 0.000e+00 0.000e+00 0.000e+00
3.981e-13 0.000e+00 0.000e+00 0.000e+00 0.000e+00 0.000e+00
4.467e-13 0.000e+00 0.000e+00 0.000e+00 0.000e+00 0.000e+00
5.012e-13 0.000e+00 0.000e+00 0.000e+00 0.000e+00 0.000e+00
5.623e-13 0.000e+00 0.000e+00 0.000e+00 0.000e+00 0.000e+00
6.310e-13 0.000e+00 0.000e+00 0.000e+00 0.000e+00 0.000e+00
7.079e-13 0.000e+00 0.000e+00 0.000e+00 0.000e+00 0.000e+00
7.943e-13 0.000e+00 0.000e+00 0.000e+00 0.000e+00 0.000e+00
8.913e-13 0.000e+00 0.000e+00 0.000e+00 0.000e+00 0.000e+00
1.000e-12 0.000e+00 0.000e+00 0.000e+00 0.000e+00 0.000e+00
1.122e-12 9.479e+38 1.912e+15 1.915e-42 6.299e-31 3.958e-30
1.259e-12 7.976e+38 2.025e+15 2.029e-42 6.673e-31 4.193e-30
1.413e-12 6.711e+38 2.145e+15 2.149e-42 7.068e-31 4.441e-30
1.585e-12 5.646e+38 2.272e+15 2.276e-42 7.487e-31 4.704e-30
1.778e-12 4.751e+38 2.407e+15 2.411e-42 7.931e-31 4.983e-30
1.995e-12 3.997e+38 2.550e+15 2.554e-42 8.400e-31 5.278e-30
2.239e-12 3.363e+38 2.701e+15 2.705e-42 8.898e-31 5.591e-30
2.512e-12 2.830e+38 2.861e+15 2.866e-42 9.425e-31 5.922e-30
2.818e-12 2.381e+38 3.030e+15 3.035e-42 9.984e-31 6.273e-30
3.162e-12 2.003e+38 3.210e+15 3.215e-42 1.058e-30 6.645e-30
3.548e-12 1.686e+38 3.400e+15 3.406e-42 1.120e-30 7.039e-30
3.981e-12 1.418e+38 3.601e+15 3.608e-42 1.187e-30 7.456e-30
4.467e-12 1.193e+38 3.815e+15 3.821e-42 1.257e-30 7.897e-30
5.012e-12 1.004e+38 4.041e+15 4.048e-42 1.331e-30 8.365e-30
5.623e-12 8.448e+37 4.280e+15 4.288e-42 1.410e-30 8.861e-30
6.310e-12 7.108e+37 4.534e+15 4.542e-42 1.494e-30 9.386e-30
7.079e-12 5.981e+37 4.803e+15 4.811e-42 1.582e-30 9.942e-30
7.943e-12 5.032e+37 5.087e+15 5.096e-42 1.676e-30 1.053e-29
8.913e-12 4.234e+37 5.389e+15 5.398e-42 1.775e-30 1.116e-29
1.000e-11 3.563e+37 5.708e+15 5.718e-42 1.881e-30 1.182e-29
1.122e-11 2.998e+37 6.046e+15 6.056e-42 1.992e-30 1.252e-29
1.259e-11 2.522e+37 6.404e+15 6.415e-42 2.110e-30 1.326e-29
1.413e-11 2.122e+37 6.784e+15 6.795e-42 2.235e-30 1.404e-29
1.585e-11 1.786e+37 7.186e+15 7.198e-42 2.368e-30 1.488e-29
1.778e-11 1.502e+37 7.612e+15 7.624e-42 2.508e-30 1.576e-29
1.995e-11 1.264e+37 8.063e+15 8.076e-42 2.656e-30 1.669e-29
2.239e-11 1.064e+37 8.540e+15 8.555e-42 2.814e-30 1.768e-29
2.512e-11 8.949e+36 9.046e+15 9.062e-42 2.981e-30 1.873e-29
2.818e-11 7.529e+36 9.582e+15 9.599e-42 3.157e-30 1.984e-29
3.162e-11 6.335e+36 1.015e+16 1.017e-41 3.344e-30 2.101e-29
3.548e-11 5.330e+36 1.075e+16 1.077e-41 3.542e-30 2.226e-29
3.981e-11 4.485e+36 1.139e+16 1.141e-41 3.752e-30 2.358e-29
4.467e-11 3.774e+36 1.206e+16 1.208e-41 3.975e-30 2.497e-29
5.012e-11 3.175e+36 1.278e+16 1.280e-41 4.210e-30 2.645e-29
5.623e-11 2.672e+36 1.354e+16 1.356e-41 4.460e-30 2.802e-29
6.310e-11 2.248e+36 1.434e+16 1.436e-41 4.724e-30 2.968e-29
7.079e-11 1.891e+36 1.519e+16 1.521e-41 5.004e-30 3.144e-29
7.943e-11 1.591e+36 1.609e+16 1.611e-41 5.300e-30 3.330e-29
8.913e-11 1.339e+36 1.704e+16 1.707e-41 5.614e-30 3.528e-29
1.000e-10 1.127e+36 1.805e+16 1.808e-41 5.947e-30 3.737e-29
1.122e-10 9.479e+35 1.912e+16 1.915e-41 6.299e-30 3.958e-29
1.259e-10 7.976e+35 2.025e+16 2.029e-41 6.673e-30 4.193e-29
1.413e-10 6.711e+35 2.145e+16 2.149e-41 7.068e-30 4.441e-29
1.585e-10 5.646e+35 2.272e+16 2.276e-41 7.487e-30 4.704e-29
1.778e-10 4.751e+35 2.407e+16 2.411e-41 7.930e-30 4.983e-29
1.995e-10 3.997e+35 2.550e+16 2.554e-41 8.400e-30 5.278e-29
2.239e-10 3.363e+35 2.701e+16 2.705e-41 8.898e-30 5.591e-29
2.512e-10 2.830e+35 2.861e+16 2.866e-41 9.425e-30 5.922e-29
2.818e-10 2.381e+35 3.030e+16 3.035e-41 9.984e-30 6.273e-29
3.162e-10 2.003e+35 3.210e+16 3.215e-41 1.058e-29 6.645e-29
3.548e-10 1.686e+35 3.400e+16 3.406e-41 1.120e-29 7.038e-29
3.981e-10 1.418e+35 3.601e+16 3.608e-41 1.187e-29 7.456e-29
4.467e-10 1.193e+35 3.815e+16 3.821e-41 1.257e-29 7.897e-29
5.012e-10 1.004e+35 4.041e+16 4.048e-41 1.331e-29 8.365e-29
5.623e-10 8.448e+34 4.280e+16 4.288e-41 1.410e-29 8.861e-29
6.310e-10 7.108e+34 4.534e+16 4.542e-41 1.494e-29 9.386e-29
7.079e-10 5.981e+34 4.803e+16 4.811e-41 1.582e-29 9.942e-29
7.943e-10 5.032e+34 5.087e+16 5.096e-41 1.676e-29 1.053e-28
8.913e-10 4.234e+34 5.389e+16 5.398e-41 1.775e-29 1.116e-28
1.000e-09 3.563e+34 5.708e+16 5.718e-41 1.881e-29 1.182e-28
1.122e-09 2.998e+34 6.046e+16 6.056e-41 1.992e-29 1.252e-28
1.259e-09 2.522e+34 6.404e+16 6.415e-41 2.110e-29 1.326e-28
1.413e-09 2.122e+34 6.784e+16 6.795e-41 2.235e-29 1.404e-28
1.585e-09 1.785e+34 7.186e+16 7.198e-41 2.368e-29 1.488e-28
1.778e-09 1.502e+34 7.611e+16 7.624e-41 2.508e-29 1.576e-28
1.995e-09 1.264e+34 8.062e+16 8.076e-41 2.656e-29 1.669e-28
2.239e-09 1.064e+34 8.540e+16 8.555e-41 2.814e-29 1.768e-28
2.512e-09 8.949e+33 9.046e+16 9.062e-41 2.981e-29 1.873e-28
2.818e-09 7.529e+33 9.582e+16 9.598e-41 3.157e-29 1.984e-28
3.162e-09 6.335e+33 1.015e+17 1.017e-40 3.344e-29 2.101e-28
3.548e-09 5.330e+33 1.075e+17 1.077e-40 3.542e-29 2.226e-28
3.981e-09 4.485e+33 1.139e+17 1.141e-40 3.752e-29 2.358e-28
4.467e-09 3.774e+33 1.206e+17 1.208e-40 3.975e-29 2.497e-28
5.012e-09 3.175e+33 1.278e+17 1.280e-40 4.210e-29 2.645e-28
5.623e-09 2.671e+33 1.354e+17 1.356e-40 4.460e-29 2.802e-28
6.310e-09 2.248e+33 1.434e+17 1.436e-40 4.724e-29 2.968e-28
7.079e-09 1.891e+33 1.519e+17 1.521e-40 5.004e-29 3.144e-28
7.943e-09 1.591e+33 1.609e+17 1.611e-40 5.300e-29 3.330e-28
8.913e-09 1.339e+33 1.704e+17 1.707e-40 5.614e-29 3.528e-28
1.000e-08 1.127e+33 1.805e+17 1.808e-40 5.947e-29 3.737e-28
1.122e-08 9.479e+32 1.912e+17 1.915e-40 6.299e-29 3.958e-28
1.259e-08 7.975e+32 2.025e+17 2.029e-40 6.672e-29 4.192e-28
1.413e-08 6.710e+32 2.145e+17 2.149e-40 7.068e-29 4.441e-28
1.585e-08 5.646e+32 2.272e+17 2.276e-40 7.487e-29 4.704e-28
1.778e-08 4.751e+32 2.407e+17 2.411e-40 7.930e-29 4.983e-28
1.995e-08 3.997e+32 2.549e+17 2.554e-40 8.400e-29 5.278e-28
2.239e-08 3.363e+32 2.701e+17 2.705e-40 8.898e-29 5.591e-28
2.512e-08 2.830e+32 2.861e+17 2.865e-40 9.425e-29 5.922e-28
2.818e-08 2.381e+32 3.030e+17 3.035e-40 9.983e-29 6.273e-28
3.162e-08 2.003e+32 3.210e+17 3.215e-40 1.057e-28 6.644e-28
3.548e-08 1.686e+32 3.400e+17 3.406e-40 1.120e-28 7.038e-28
3.981e-08 1.418e+32 3.601e+17 3.607e-40 1.187e-28 7.455e-28
4.467e-08 1.193e+32 3.815e+17 3.821e-40 1.257e-28 7.897e-28
5.012e-08 1.004e+32 4.041e+17 4.047e-40 1.331e-28 8.365e-28
5.623e-08 8.448e+31 4.280e+17 4.287e-40 1.410e-28 8.860e-28
6.310e-08 7.108e+31 4.534e+17 4.541e-40 1.494e-28 9.385e-28
7.079e-08 5.980e+31 4.802e+17 4.810e-40 1.582e-28 9.941e-28
7.943e-08 5.032e+31 5.087e+17 5.095e-40 1.676e-28 1.053e-27
8.913e-08 4.234e+31 5.388e+17 5.397e-40 1.775e-28 1.115e-27
1.000e-07 3.562e+31 5.707e+17 5.717e-40 1.880e-28 1.182e-27
1.122e-07 2.997e+31 6.045e+17 6.056e-40 1.992e-28 1.252e-27
1.259e-07 2.522e+31 6.404e+17 6.414e-40 2.110e-28 1.326e-27
1.413e-07 2.122e+31 6.783e+17 6.794e-40 2.235e-28 1.404e-27
1.585e-07 1.785e+31 7.185e+17 7.197e-40 2.367e-28 1.487e-27
1.778e-07 1.502e+31 7.611e+17 7.623e-40 2.507e-28 1.576e-27
1.995e-07 1.264e+31 8.061e+17 8.075e-40 2.656e-28 1.669e-27
2.239e-07 1.063e+31 8.539e+17 8.553e-40 2.813e-28 1.768e-27
2.512e-07 8.947e+30 9.045e+17 9.060e-40 2.980e-28 1.872e-27
2.818e-07 7.528e+30 9.581e+17 9.597e-40 3.157e-28 1.983e-27
3.162e-07 6.334e+30 1.015e+18 1.017e-39 3.344e-28 2.101e-27
3.548e-07 5.329e+30 1.075e+18 1.077e-39 3.542e-28 2.225e-27
3.981e-07 4.484e+30 1.139e+18 1.141e-39 3.752e-28 2.357e-27
4.467e-07 3.773e+30 1.206e+18 1.208e-39 3.974e-28 2.497e-27
5.012e-07 3.174e+30 1.278e+18 1.280e-39 4.209e-28 2.645e-27
5.623e-07 2.671e+30 1.353e+18 1.356e-39 4.459e-28 2.801e-27
6.310e-07 2.247e+30 1.433e+18 1.436e-39 4.723e-28 2.967e-27
7.079e-07 1.891e+30 1.518e+18 1.521e-39 5.002e-28 3.143e-27
7.943e-07 1.591e+30 1.608e+18 1.611e-39 5.299e-28 3.329e-27
8.913e-07 1.339e+30 1.703e+18 1.706e-39 5.613e-28 3.526e-27
1.000e-06 1.126e+30 1.804e+18 1.807e-39 5.945e-28 3.735e-27
1.122e-06 9.476e+29 1.911e+18 1.915e-39 6.297e-28 3.957e-27
1.259e-06 7.973e+29 2.024e+18 2.028e-39 6.670e-28 4.191e-27
1.413e-06 6.708e+29 2.144e+18 2.148e-39 7.065e-28 4.439e-27
1.585e-06 5.644e+29 2.271e+18 2.275e-39 7.484e-28 4.702e-27
1.778e-06 4.749e+29 2.406e+18 2.410e-39 7.927e-28 4.981e-27
1.995e-06 3.995e+29 2.548e+18 2.553e-39 8.396e-28 5.276e-27
2.239e-06 3.362e+29 2.699e+18 2.704e-39 8.894e-28 5.588e-27
2.512e-06 2.828e+29 2.859e+18 2.864e-39 9.420e-28 5.919e-27
2.818e-06 2.380e+29 3.029e+18 3.034e-39 9.978e-28 6.270e-27
3.162e-06 2.002e+29 3.208e+18 3.213e-39 1.057e-27 6.641e-27
3.548e-06 1.685e+29 3.398e+18 3.404e-39 1.120e-27 7.034e-27
3.981e-06 1.417e+29 3.599e+18 3.605e-39 1.186e-27 7.451e-27
4.467e-06 1.192e+29 3.812e+18 3.819e-39 1.256e-27 7.892e-27
5.012e-06 1.003e+29 4.038e+18 4.045e-39 1.330e-27 8.359e-27
5.623e-06 8.441e+28 4.277e+18 4.284e-39 1.409e-27 8.854e-27
6.310e-06 7.102e+28 4.530e+18 4.538e-39 1.493e-27 9.378e-27
7.079e-06 5.976e+28 4.798e+18 4.806e-39 1.581e-27 9.933e-27
7.943e-06 5.028e+28 5.082e+18 5.091e-39 1.675e-27 1.052e-26
8.913e-06 4.230e+28 5.383e+18 5.392e-39 1.774e-27 1.114e-26
1.000e-05 3.559e+28 5.702e+18 5.711e-39 1.879e-27 1.180e-26
1.122e-05 2.994e+28 6.039e+18 6.050e-39 1.990e-27 1.250e-26
1.259e-05 2.519e+28 6.397e+18 6.408e-39 2.108e-27 1.324e-26
1.413e-05 2.119e+28 6.775e+18 6.787e-39 2.232e-27 1.403e-26
1.585e-05 1.783e+28 7.176e+18 7.188e-39 2.364e-27 1.486e-26
1.778e-05 1.500e+28 7.601e+18 7.614e-39 2.504e-27 1.574e-26
1.995e-05 1.262e+28 8.051e+18 8.064e-39 2.652e-27 1.667e-26
2.239e-05 1.062e+28 8.527e+18 8.541e-39 2.809e-27 1.765e-26
2.512e-05 8.934e+27 9.031e+18 9.047e-39 2.976e-27 1.870e-26
2.818e-05 7.516e+27 9.565e+18 9.582e-39 3.152e-27 1.980e-26
3.162e-05 6.323e+27 1.013e+19 1.015e-38 3.338e-27 2.097e-26
3.548e-05 5.320e+27 1.073e+19 1.075e-38 3.535e-27 2.221e-26
3.981e-05 4.476e+27 1.136e+19 1.138e-38 3.744e-27 2.353e-26
4.467e-05 3.765e+27 1.204e+19 1.206e-38 3.966e-27 2.492e-26
5.012e-05 3.168e+27 1.275e+19 1.277e-38 4.200e-27 2.639e-26
5.623e-05 2.665e+27 1.350e+19 1.352e-38 4.448e-27 2.795e-26
6.310e-05 2.242e+27 1.430e+19 1.432e-38 4.711e-27 2.960e-26
7.079e-05 1.886e+27 1.514e+19 1.517e-38 4.990e-27 3.135e-26
7.943e-05 1.587e+27 1.604e+19 1.607e-38 5.284e-27 3.320e-26
8.913e-05 1.335e+27 1.699e+19 1.702e-38 5.597e-27 3.516e-26
1.000e-04 1.123e+27 1.799e+19 1.802e-38 5.927e-27 3.724e-26
1.122e-04 9.445e+26 1.905e+19 1.908e-38 6.277e-27 3.944e-26
1.259e-04 7.946e+26 2.018e+19 2.021e-38 6.648e-27 4.177e-26
1.413e-04 6.684e+26 2.137e+19 2.140e-38 7.040e-27 4.423e-26
1.585e-04 5.623e+26 2.263e+19 2.267e-38 7.455e-27 4.684e-26
1.778e-04 4.730e+26 2.396e+19 2.400e-38 7.895e-27 4.961e-26
1.995e-04 3.978e+26 2.538e+19 2.542e-38 8.361e-27 5.253e-26
2.239e-04 3.346e+26 2.687e+19 2.692e-38 8.854e-27 5.563e-26
2.512e-04 2.815e+26 2.846e+19 2.850e-38 9.375e-27 5.891e-26
2.818e-04 2.368e+26 3.013e+19 3.018e-38 9.928e-27 6.238e-26
3.162e-04 1.991e+26 3.191e+19 3.196e-38 1.051e-26 6.605e-26
3.548e-04 1.675e+26 3.379e+19 3.384e-38 1.113e-26 6.994e-26
3.981e-04 1.409e+26 3.577e+19 3.583e-38 1.179e-26 7.406e-26
4.467e-04 1.185e+26 3.788e+19 3.794e-38 1.248e-26 7.842e-26
5.012e-04 9.966e+25 4.011e+19 4.017e-38 1.321e-26 8.303e-26
5.623e-04 8.381e+25 4.246e+19 4.254e-38 1.399e-26 8.791e-26
6.310e-04 7.049e+25 4.496e+19 4.504e-38 1.481e-26 9.307e-26
7.079e-04 5.928e+25 4.760e+19 4.768e-38 1.568e-26 9.854e-26
7.943e-04 4.985e+25 5.039e+19 5.048e-38 1.660e-26 1.043e-25
8.913e-04 4.192e+25 5.335e+19 5.344e-38 1.758e-26 1.104e-25
1.000e-03 3.525e+25 5.648e+19 5.657e-38 1.861e-26 1.169e-25
1.122e-03 2.964e+25 5.979e+19 5.989e-38 1.970e-26 1.238e-25
1.259e-03 2.492e+25 6.329e+19 6.339e-38 2.085e-26 1.310e-25
1.413e-03 2.096e+25 6.699e+19 6.710e-38 2.207e-26 1.387e-25
1.585e-03 1.762e+25 7.091e+19 7.103e-38 2.336e-26 1.468e-25
1.778e-03 1.481e+25 7.505e+19 7.517e-38 2.473e-26 1.554e-25
1.995e-03 1.245e+25 7.943e+19 7.956e-38 2.617e-26 1.644e-25
2.239e-03 1.047e+25 8.406e+19 8.420e-38 2.770e-26 1.740e-25
2.512e-03 8.800e+24 8.896e+19 8.911e-38 2.931e-26 1.842e-25
2.818e-03 7.397e+24 9.413e+19 9.429e-38 3.102e-26 1.949e-25
3.162e-03 6.217e+24 9.961e+19 9.978e-38 3.282e-26 2.062e-25
3.548e-03 5.225e+24 1.054e+20 1.056e-37 3.472e-26 2.182e-25
3.981e-03 4.391e+24 1.115e+20 1.117e-37 3.674e-26 2.308e-25
4.467e-03 3.690e+24 1.180e+20 1.182e-37 3.887e-26 2.442e-25
5.012e-03 3.101e+24 1.248e+20 1.250e-37 4.112e-26 2.583e-25
5.623e-03 2.605e+24 1.320e+20 1.322e-37 4.349e-26 2.733e-25
6.310e-03 2.189e+24 1.396e+20 1.398e-37 4.600e-26 2.890e-25
7.079e-03 1.839e+24 1.477e+20 1.479e-37 4.865e-26 3.057e-25
7.943e-03 1.545e+24 1.561e+20 1.564e-37 5.144e-26 3.232e-25
8.913e-03 1.297e+24 1.651e+20 1.654e-37 5.440e-26 3.418e-25
1.000e-02 1.089e+24 1.746e+20 1.749e-37 5.751e-26 3.614e-25
1.122e-02 9.149e+23 1.845e+20 1.848e-37 6.080e-26 3.820e-25
1.259e-02 7.682e+23 1.951e+20 1.954e-37 6.427e-26 4.038e-25
1.413e-02 6.449e+23 2.062e+20 2.065e-37 6.792e-26 4.268e-25
1.585e-02 5.413e+23 2.179e+20 2.182e-37 7.178e-26 4.510e-25
1.778e-02 4.543e+23 2.302e+20 2.306e-37 7.585e-26 4.765e-25
1.995e-02 3.813e+23 2.432e+20 2.436e-37 8.013e-26 5.035e-25
2.239e-02 3.199e+23 2.569e+20 2.573e-37 8.464e-26 5.318e-25
2.512e-02 2.684e+23 2.713e+20 2.718e-37 8.939e-26 5.617e-25
2.818e-02 2.251e+23 2.865e+20 2.870e-37 9.439e-26 5.931e-25
3.162e-02 1.888e+23 3.025e+20 3.030e-37 9.965e-26 6.261e-25
3.548e-02 1.583e+23 3.193e+20 3.198e-37 1.052e-25 6.609e-25
3.981e-02 1.327e+23 3.369e+20 3.375e-37 1.110e-25 6.975e-25
4.467e-02 1.112e+23 3.555e+20 3.561e-37 1.171e-25 7.359e-25
5.012e-02 9.317e+22 3.750e+20 3.756e-37 1.235e-25 7.763e-25
5.623e-02 7.805e+22 3.955e+20 3.961e-37 1.303e-25 8.187e-25
6.310e-02 6.537e+22 4.169e+20 4.176e-37 1.374e-25 8.631e-25
7.079e-02 5.473e+22 4.395e+20 4.402e-37 1.448e-25 9.098e-25
7.943e-02 4.581e+22 4.631e+20 4.639e-37 1.526e-25 9.586e-25
8.913e-02 3.833e+22 4.878e+20 4.886e-37 1.607e-25 1.010e-24
1.000e-01 3.206e+22 5.137e+20 5.146e-37 1.692e-25 1.063e-24
1.122e-01 2.681e+22 5.407e+20 5.417e-37 1.782e-25 1.119e-24
1.259e-01 2.241e+22 5.690e+20 5.700e-37 1.875e-25 1.178e-24
1.413e-01 1.872e+22 5.986e+20 5.996e-37 1.972e-25 1.239e-24
1.585e-01 1.564e+22 6.294e+20 6.304e-37 2.074e-25 1.303e-24
1.778e-01 1.306e+22 6.615e+20 6.626e-37 2.179e-25 1.369e-24
1.995e-01 1.090e+22 6.949e+20 6.961e-37 2.290e-25 1.439e-24
2.239e-01 9.087e+21 7.297e+20 7.309e-37 2.404e-25 1.511e-24
2.512e-01 7.576e+21 7.658e+20 7.671e-37 2.523e-25 1.585e-24
2.818e-01 6.312e+21 8.033e+20 8.046e-37 2.647e-25 1.663e-24
3.162e-01 5.256e+21 8.421e+20 8.435e-37 2.775e-25 1.743e-24
3.548e-01 4.374e+21 8.823e+20 8.838e-37 2.907e-25 1.826e-24
3.981e-01 3.638e+21 9.237e+20 9.253e-37 3.044e-25 1.912e-24
4.467e-01 3.023e+21 9.665e+20 9.681e-37 3.184e-25 2.001e-24
5.012e-01 2.511e+21 1.011e+21 1.012e-36 3.329e-25 2.092e-24
5.623e-01 2.084e+21 1.056e+21 1.058e-36 3.478e-25 2.186e-24
6.310e-01 1.728e+21 1.102e+21 1.104e-36 3.631e-25 2.282e-24
7.079e-01 1.432e+21 1.150e+21 1.151e-36 3.787e-25 2.380e-24
7.943e-01 1.185e+21 1.198e+21 1.200e-36 3.947e-25 2.480e-24
8.913e-01 9.799e+20 1.247e+21 1.249e-36 4.109e-25 2.582e-24
1.000e+00 8.096e+20 1.297e+21 1.299e-36 4.273e-25 2.685e-24
1.122e+00 6.681e+20 1.348e+21 1.350e-36 4.440e-25 2.790e-24
1.259e+00 5.507e+20 1.398e+21 1.401e-36 4.607e-25 2.895e-24
1.413e+00 4.534e+20 1.449e+21 1.452e-36 4.776e-25 3.001e-24
1.585e+00 3.728e+20 1.500e+21 1.503e-36 4.943e-25 3.106e-24
1.778e+00 3.061e+20 1.551e+21 1.554e-36 5.111e-25 3.211e-24
1.995e+00 2.510e+20 1.601e+21 1.604e-36 5.276e-25 3.315e-24
2.239e+00 2.055e+20 1.650e+21 1.653e-36 5.438e-25 3.417e-24
2.512e+00 1.680e+20 1.698e+21 1.701e-36 5.596e-25 3.516e-24
2.818e+00 1.371e+20 1.745e+21 1.748e-36 5.749e-25 3.612e-24
3.162e+00 1.117e+20 1.789e+21 1.793e-36 5.896e-25 3.705e-24
3.548e+00 9.081e+19 1.832e+21 1.835e-36 6.035e-25 3.792e-24
3.981e+00 7.368e+19 1.871e+21 1.874e-36 6.165e-25 3.873e-24
4.467e+00 5.966e+19 1.907e+21 1.910e-36 6.284e-25 3.948e-24
5.012e+00 4.820e+19 1.940e+21 1.943e-36 6.391e-25 4.015e-24
5.623e+00 3.884e+19 1.968e+21 1.971e-36 6.484e-25 4.074e-24
6.310e+00 3.122e+19 1.991e+21 1.995e-36 6.561e-25 4.123e-24
7.079e+00 2.503e+19 2.010e+21 2.013e-36 6.622e-25 4.161e-24
7.943e+00 2.001e+19 2.022e+21 2.026e-36 6.664e-25 4.187e-24
8.913e+00 1.594e+19 2.029e+21 2.032e-36 6.685e-25 4.200e-24
1.000e+01 1.266e+19 2.029e+21 2.032e-36 6.685e-25 4.200e-24
1.122e+01 1.002e+19 2.022e+21 2.025e-36 6.662e-25 4.186e-24
1.259e+01 7.905e+18 2.007e+21 2.011e-36 6.614e-25 4.156e-24
1.413e+01 6.210e+18 1.985e+21 1.989e-36 6.541e-25 4.110e-24
1.585e+01 4.858e+18 1.955e+21 1.958e-36 6.441e-25 4.047e-24
1.778e+01 3.783e+18 1.917e+21 1.920e-36 6.315e-25 3.968e-24
1.995e+01 2.932e+18 1.870e+21 1.873e-36 6.162e-25 3.872e-24
2.239e+01 2.261e+18 1.815e+21 1.819e-36 5.981e-25 3.758e-24
2.512e+01 1.734e+18 1.753e+21 1.756e-36 5.775e-25 3.628e-24
2.818e+01 1.322e+18 1.682e+21 1.685e-36 5.542e-25 3.482e-24
3.162e+01 1.001e+18 1.604e+21 1.607e-36 5.286e-25 3.321e-24
3.548e+01 7.534e+17 1.520e+21 1.522e-36 5.007e-25 3.146e-24
3.981e+01 5.627e+17 1.429e+21 1.431e-36 4.708e-25 2.958e-24
4.467e+01 4.170e+17 1.333e+21 1.335e-36 4.392e-25 2.760e-24
5.012e+01 3.064e+17 1.233e+21 1.235e-36 4.062e-25 2.553e-24
5.623e+01 2.230e+17 1.130e+21 1.132e-36 3.723e-25 2.339e-24
6.310e+01 1.607e+17 1.025e+21 1.027e-36 3.377e-25 2.122e-24
7.079e+01 1.145e+17 9.198e+20 9.213e-37 3.030e-25 1.904e-24
7.943e+01 8.066e+16 8.154e+20 8.168e-37 2.687e-25 1.688e-24
8.913e+01 5.607e+16 7.135e+20 7.147e-37 2.351e-25 1.477e-24
1.000e+02 3.841e+16 6.154e+20 6.165e-37 2.028e-25 1.274e-24
1.122e+02 2.590e+16 5.225e+20 5.234e-37 1.721e-25 1.082e-24
1.259e+02 1.716e+16 4.359e+20 4.366e-37 1.436e-25 9.023e-25
1.413e+02 1.116e+16 3.566e+20 3.572e-37 1.175e-25 7.383e-25
1.585e+02 7.098e+15 2.857e+20 2.862e-37 9.412e-26 5.914e-25
1.778e+02 4.412e+15 2.235e+20 2.239e-37 7.365e-26 4.628e-25
1.995e+02 2.672e+15 1.704e+20 1.707e-37 5.615e-26 3.528e-25
2.239e+02 1.572e+15 1.262e+20 1.264e-37 4.158e-26 2.613e-25
2.512e+02 8.942e+14 9.040e+19 9.055e-38 2.978e-26 1.871e-25
2.818e+02 4.892e+14 6.226e+19 6.237e-38 2.051e-26 1.289e-25
3.162e+02 2.553e+14 4.091e+19 4.098e-38 1.348e-26 8.468e-26
3.548e+02 1.256e+14 2.533e+19 2.537e-38 8.345e-27 5.243e-26
3.981e+02 5.692e+13 1.445e+19 1.448e-38 4.762e-27 2.992e-26
4.467e+02 2.259e+13 7.222e+18 7.234e-39 2.379e-27 1.495e-26
5.012e+02 6.681e+12 2.689e+18 2.693e-39 8.859e-28 5.566e-27
5.623e+02 5.625e+11 2.850e+17 2.855e-40 9.390e-29 5.900e-28
6.310e+02 0.000e+00 0.000e+00 0.000e+00 0.000e+00 0.000e+00
7.079e+02 0.000e+00 0.000e+00 0.000e+00 0.000e+00 0.000e+00
7.943e+02 0.000e+00 0.000e+00 0.000e+00 0.000e+00 0.000e+00
8.913e+02 0.000e+00 0.000e+00 0.000e+00 0.000e+00 0.000e+00
1.000e+03 0.000e+00 0.000e+00 0.000e+00 0.000e+00 0.000e+00
1.122e+03 0.000e+00 0.000e+00 0.000e+00 0.000e+00 0.000e+00
1.259e+03 0.000e+00 0.000e+00 0.000e+00 0.000e+00 0.000e+00
1.413e+03 0.000e+00 0.000e+00 0.000e+00 0.000e+00 0.000e+00
1.585e+03 0.000e+00 0.000e+00 0.000e+00 0.000e+00 0.000e+00
1.778e+03 0.000e+00 0.000e+00 0.000e+00 0.000e+00 0.000e+00
1.995e+03 0.000e+00 0.000e+00 0.000e+00 0.000e+00 0.000e+00
2.239e+03 0.000e+00 0.000e+00 0.000e+00 0.000e+00 0.000e+00
2.512e+03 0.000e+00 0.000e+00 0.000e+00 0.000e+00 0.000e+00
2.818e+03 0.000e+00 0.000e+00 0.000e+00 0.000e+00 0.000e+00
3.162e+03 0.000e+00 0.000e+00 0.000e+00 0.000e+00 0.000e+00
3.548e+03 0.000e+00 0.000e+00 0.000e+00 0.000e+00 0.000e+00
3.981e+03 0.000e+00 0.000e+00 0.000e+00 0.000e+00 0.000e+00
4.467e+03 0.000e+00 0.000e+00 0.000e+00 0.000e+00 0.000e+00
5.012e+03 0.000e+00 0.000e+00 0.000e+00 0.000e+00 0.000e+00
5.623e+03 0.000e+00 0.000e+00 0.000e+00 0.000e+00 0.000e+00
6.310e+03 0.000e+00 0.000e+00 0.000e+00 0.000e+00 0.000e+00
7.079e+03 0.000e+00 0.000e+00 0.000e+00 0.000e+00 0.000e+00
7.943e+03 0.000e+00 0.000e+00 0.000e+00 0.000e+00 0.000e+00
8.913e+03 0.000e+00 0.000e+00 0.000e+00 0.000e+00 0.000e+00
1.000e+04 0.000e+00 0.000e+00 0.000e+00 0.000e+00 0.000e+00
1.122e+04 0.000e+00 0.000e+00 0.000e+00 0.000e+00 0.000e+00
1.259e+04 0.000e+00 0.000e+00 0.000e+00 0.000e+00 0.000e+00
1.413e+04 0.000e+00 0.000e+00 0.000e+00 0.000e+00 0.000e+00
1.585e+04 0.000e+00 0.000e+00 0.000e+00 0.000e+00 0.000e+00
1.778e+04 0.000e+00 0.000e+00 0.000e+00 0.000e+00 0.000e+00
1.995e+04 0.000e+00 0.000e+00 0.000e+00 0.000e+00 0.000e+00
2.239e+04 0.000e+00 0.000e+00 0.000e+00 0.000e+00 0.000e+00
2.512e+04 0.000e+00 0.000e+00 0.000e+00 0.000e+00 0.000e+00
2.818e+04 0.000e+00 0.000e+00 0.000e+00 0.000e+00 0.000e+00
3.162e+04 0.000e+00 0.000e+00 0.000e+00 0.000e+00 0.000e+00
3.548e+04 0.000e+00 0.000e+00 0.000e+00 0.000e+00 0.000e+00
3.981e+04 0.000e+00 0.000e+00 0.000e+00 0.000e+00 0.000e+00
4.467e+04 0.000e+00 0.000e+00 0.000e+00 0.000e+00 0.000e+00
5.012e+04 0.000e+00 0.000e+00 0.000e+00 0.000e+00 0.000e+00
5.623e+04 0.000e+00 0.000e+00 0.000e+00 0.000e+00 0.000e+00
6.310e+04 0.000e+00 0.000e+00 0.000e+00 0.000e+00 0.000e+00
7.079e+04 0.000e+00 0.000e+00 0.000e+00 0.000e+00 0.000e+00
7.943e+04 0.000e+00 0.000e+00 0.000e+00 0.000e+00 0.000e+00
8.913e+04 0.000e+00 0.000e+00 0.000e+00 0.000e+00 0.000e+00
1.000e+05 0.000e+00 0.000e+00 0.000e+00 0.000e+00 0.000e+00
1.122e+05 0.000e+00 0.000e+00 0.000e+00 0.000e+00 0.000e+00
1.259e+05 0.000e+00 0.000e+00 0.000e+00 0.000e+00 0.000e+00
1.413e+05 0.000e+00 0.000e+00 0.000e+00 0.000e+00 0.000e+00
1.585e+05 0.000e+00 0.000e+00 0.000e+00 0.000e+00 0.000e+00
1.778e+05 0.000e+00 0.000e+00 0.000e+00 0.000e+00 0.000e+00
1.995e+05 0.000e+00 0.000e+00 0.000e+00 0.000e+00 0.000e+00
2.239e+05 0.000e+00 0.000e+00 0.000e+00 0.000e+00 0.000e+00
2.512e+05 0.000e+00 0.000e+00 0.000e+00 0.000e+00 0.000e+00
2.818e+05 0.000e+00 0.000e+00 0.000e+00 0.000e+00 0.000e+00
3.162e+05 0.000e+00 0.000e+00 0.000e+00 0.000e+00 0.000e+00
3.548e+05 0.000e+00 0.000e+00 0.000e+00 0.000e+00 0.000e+00
3.981e+05 0.000e+00 0.000e+00 0.000e+00 0.000e+00 0.000e+00
4.467e+05 0.000e+00 0.000e+00 0.000e+00 0.000e+00 0.000e+00
5.012e+05 0.000e+00 0.000e+00 0.000e+00 0.000e+00 0.000e+00
5.623e+05 0.000e+00 0.000e+00 0.000e+00 0.000e+00 0.000e+00
6.310e+05 0.000e+00 0.000e+00 0.000e+00 0.000e+00 0.000e+00
7.079e+05 0.000e+00 0.000e+00 0.000e+00 0.000e+00 0.000e+00
7.943e+05 0.000e+00 0.000e+00 0.000e+00 0.000e+00 0.000e+00
8.913e+05 0.000e+00 0.000e+00 0.000e+00 0.000e+00 0.000e+00
1.000e+06 0.000e+00 0.000e+00 0.000e+00 0.000e+00 0.000e+00
1.122e+06 0.000e+00 0.000e+00 0.000e+00 0.000e+00 0.000e+00
1.259e+06 0.000e+00 0.000e+00 0.000e+00 0.000e+00 0.000e+00
1.413e+06 0.000e+00 0.000e+00 0.000e+00 0.000e+00 0.000e+00
1.585e+06 0.000e+00 0.000e+00 0.000e+00 0.000e+00 0.000e+00
1.778e+06 0.000e+00 0.000e+00 0.000e+00 0.000e+00 0.000e+00
1.995e+06 0.000e+00 0.000e+00 0.000e+00 0.000e+00 0.000e+00
2.239e+06 0.000e+00 0.000e+00 0.000e+00 0.000e+00 0.000e+00
2.512e+06 0.000e+00 0.000e+00 0.000e+00 0.000e+00 0.000e+00
2.818e+06 0.000e+00 0.000e+00 0.000e+00 0.000e+00 0.000e+00
3.162e+06 0.000e+00 0.000e+00 0.000e+00 0.000e+00 0.000e+00
3.548e+06 0.000e+00 0.000e+00 0.000e+00 0.000e+00 0.000e+00
3.981e+06 0.000e+00 0.000e+00 0.000e+00 0.000e+00 0.000e+00
4.467e+06 0.000e+00 0.000e+00 0.000e+00 0.000e+00 0.000e+00
5.012e+06 0.000e+00 0.000e+00 0.000e+00 0.000e+00 0.000e+00
5.623e+06 0.000e+00 0.000e+00 0.000e+00 0.000e+00 0.000e+00
6.310e+06 0.000e+00 0.000e+00 0.000e+00 0.000e+00 0.000e+00
7.079e+06 0.000e+00 0.000e+00 0.000e+00 0.000e+00 0.000e+00
7.943e+06 0.000e+00 0.000e+00 0.000e+00 0.000e+00 0.000e+00
8.913e+06 0.000e+00 0.000e+00 0.000e+00 0.000e+00 0.000e+00
1.000e+07 0.000e+00 0.000e+00 0.000e+00 0.000e+00 0.000e+00
1.122e+07 0.000e+00 0.000e+00 0.000e+00 0.000e+00 0.000e+00
1.259e+07 0.000e+00 0.000e+00 0.000e+00 0.000e+00 0.000e+00
1.413e+07 0.000e+00 0.000e+00 0.000e+00 0.000e+00 0.000e+00
1.585e+07 0.000e+00 0.000e+00 0.000e+00 0.000e+00 0.000e+00
1.778e+07 0.000e+00 0.000e+00 0.000e+00 0.000e+00 0.000e+00
1.995e+07 0.000e+00 0.000e+00 0.000e+00 0.000e+00 0.000e+00
2.239e+07 0.000e+00 0.000e+00 0.000e+00 0.000e+00 0.000e+00
2.512e+07 0.000e+00 0.000e+00 0.000e+00 0.000e+00 0.000e+00
2.818e+07 0.000e+00 0.000e+00 0.000e+00 0.000e+00 0.000e+00
3.162e+07 0.000e+00 0.000e+00 0.000e+00 0.000e+00 0.000e+00
3.548e+07 0.000e+00 0.000e+00 0.000e+00 0.000e+00 0.000e+00
3.981e+07 0.000e+00 0.000e+00 0.000e+00 0.000e+00 0.000e+00
4.467e+07 0.000e+00 0.000e+00 0.000e+00 0.000e+00 0.000e+00
5.012e+07 0.000e+00 0.000e+00 0.000e+00 0.000e+00 0.000e+00
5.623e+07 0.000e+00 0.000e+00 0.000e+00 0.000e+00 0.000e+00
6.310e+07 0.000e+00 0.000e+00 0.000e+00 0.000e+00 0.000e+00
7.079e+07 0.000e+00 0.000e+00 0.000e+00 0.000e+00 0.000e+00
7.943e+07 0.000e+00 0.000e+00 0.000e+00 0.000e+00 0.000e+00
8.913e+07 0.000e+00 0.000e+00 0.000e+00 0.000e+00 0.000e+00
1.000e+08 0.000e+00 0.000e+00 0.000e+00 0.000e+00 0.000e+00
