1.000e-20 0.000e+00 0.000e+00 0.000e+00 0.000e+00 0.000e+00
1.122e-20 0.000e+00 0.000e+00 0.000e+00 0.000e+00 0.000e+00
1.259e-20 0.000e+00 0.000e+00 0.000e+00 0.000e+00 0.000e+00
1.413e-20 0.000e+00 0.000e+00 0.000e+00 0.000e+00 0.000e+00
1.585e-20 0.000e+00 0.000e+00 0.000e+00 0.000e+00 0.000e+00
1.778e-20 0.000e+00 0.000e+00 0.000e+00 0.000e+00 0.000e+00
1.995e-20 0.000e+00 0.000e+00 0.000e+00 0.000e+00 0.000e+00
2.239e-20 0.000e+00 0.000e+00 0.000e+00 0.000e+00 0.000e+00
2.512e-20 0.000e+00 0.000e+00 0.000e+00 0.000e+00 0.000e+00
2.818e-20 0.000e+00 0.000e+00 0.000e+00 0.000e+00 0.000e+00
3.162e-20 0.000e+00 0.000e+00 0.000e+00 0.000e+00 0.000e+00
3.548e-20 0.000e+00 0.000e+00 0.000e+00 0.000e+00 0.000e+00
3.981e-20 0.000e+00 0.000e+00 0.000e+00 0.000e+00 0.000e+00
4.467e-20 0.000e+00 0.000e+00 0.000e+00 0.000e+00 0.000e+00
5.012e-20 0.000e+00 0.000e+00 0.000e+00 0.000e+00 0.000e+00
5.623e-20 0.000e+00 0.000e+00 0.000e+00 0.000e+00 0.000e+00
6.310e-20 0.000e+00 0.000e+00 0.000e+00 0.000e+00 0.000e+00
7.079e-20 0.000e+00 0.000e+00 0.000e+00 0.000e+00 0.000e+00
7.943e-20 0.000e+00 0.000e+00 0.000e+00 0.000e+00 0.000e+00
8.913e-20 0.000e+00 0.000e+00 0.000e+00 0.000e+00 0.000e+00
1.000e-19 0.000e+00 0.000e+00 0.000e+00 0.000e+00 0.000e+00
1.122e-19 0.000e+00 0.000e+00 0.000e+00 0.000e+00 0.000e+00
1.259e-19 0.000e+00 0.000e+00 0.000e+00 0.000e+00 0.000e+00
1.413e-19 0.000e+00 0.000e+00 0.000e+00 0.000e+00 0.000e+00
1.585e-19 0.000e+00 0.000e+00 0.000e+00 0.000e+00 0.000e+00
1.778e-19 0.000e+00 0.000e+00 0.000e+00 0.000e+00 0.000e+00
1.995e-19 0.000e+00 0.000e+00 0.000e+00 0.000e+00 0.000e+00
2.239e-19 0.000e+00 0.000e+00 0.000e+00 0.000e+00 0.000e+00
2.512e-19 0.000e+00 0.000e+00 0.000e+00 0.000e+00 0.000e+00
2.818e-19 0.000e+00 0.000e+00 0.000e+00 0.000e+00 0.000e+00
3.162e-19 0.000e+00 0.000e+00 0.000e+00 0.000e+00 0.000e+00
3.548e-19 0.000e+00 0.000e+00 0.000e+00 0.000e+00 0.000e+00
3.981e-19 0.000e+00 0.000e+00 0.000e+00 0.000e+00 0.000e+00
4.467e-19 0.000e+00 0.000e+00 0.000e+00 0.000e+00 0.000e+00
5.012e-19 0.000e+00 0.000e+00 0.000e+00 0.000e+00 0.000e+00
5.623e-19 0.000e+00 0.000e+00 0.000e+00 0.000e+00 0.000e+00
6.310e-19 0.000e+00 0.000e+00 0.000e+00 0.000e+00 0.000e+00
7.079e-19 0.000e+00 0.000e+00 0.000e+00 0.000e+00 0.000e+00
7.943e-19 0.000e+00 0.000e+00 0.000e+00 0.000e+00 0.000e+00
8.913e-19 0.000e+00 0.000e+00 0.000e+00 0.000e+00 0.000e+00
1.000e-18 0.000e+00 0.000e+00 0.000e+00 0.000e+00 0.000e+00
1.122e-18 0.000e+00 0.000e+00 0.000e+00 0.000e+00 0.000e+00
1.259e-18 0.000e+00 0.000e+00 0.000e+00 0.000e+00 0.000e+00
1.413e-18 0.000e+00 0.000e+00 0.000e+00 0.000e+00 0.000e+00
1.585e-18 0.000e+00 0.000e+00 0.000e+00 0.000e+00 0.000e+00
1.778e-18 0.000e+00 0.000e+00 0.000e+00 0.000e+00 0.000e+00
1.995e-18 0.000e+00 0.000e+00 0.000e+00 0.000e+00 0.000e+00
2.239e-18 0.000e+00 0.000e+00 0.000e+00 0.000e+00 0.000e+00
2.512e-18 0.000e+00 0.000e+00 0.000e+00 0.000e+00 0.000e+00
2.818e-18 0.000e+00 0.000e+00 0.000e+00 0.000e+00 0.000e+00
3.162e-18 0.000e+00 0.000e+00 0.000e+00 0.000e+00 0.000e+00
3.548e-18 0.000e+00 0.000e+00 0.000e+00 0.000e+00 0.000e+00
3.981e-18 0.000e+00 0.000e+00 0.000e+00 0.000e+00 0.000e+00
4.467e-18 0.000e+00 0.000e+00 0.000e+00 0.000e+00 0.000e+00
5.012e-18 0.000e+00 0.000e+00 0.000e+00 0.000e+00 0.000e+00
5.623e-18 0.000e+00 0.000e+00 0.000e+00 0.000e+00 0.000e+00
6.310e-18 0.000e+00 0.000e+00 0.000e+00 0.000e+00 0.000e+00
7.079e-18 0.000e+00 0.000e+00 0.000e+00 0.000e+00 0.000e+00
7.943e-18 0.000e+00 0.000e+00 0.000e+00 0.000e+00 0.000e+00
8.913e-18 0.000e+00 0.000e+00 0.000e+00 0.000e+00 0.000e+00
1.000e-17 0.000e+00 0.000e+00 0.000e+00 0.000e+00 0.000e+00
1.122e-17 0.000e+00 0.000e+00 0.000e+00 0.000e+00 0.000e+00
1.259e-17 0.000e+00 0.000e+00 0.000e+00 0.000e+00 0.000e+00
1.413e-17 0.000e+00 0.000e+00 0.000e+00 0.000e+00 0.000e+00
1.585e-17 0.000e+00 0.000e+00 0.000e+00 0.000e+00 0.000e+00
1.778e-17 0.000e+00 0.000e+00 0.000e+00 0.000e+00 0.000e+00
1.995e-17 0.000e+00 0.000e+00 0.000e+00 0.000e+00 0.000e+00
2.239e-17 0.000e+00 0.000e+00 0.000e+00 0.000e+00 0.000e+00
2.512e-17 0.000e+00 0.000e+00 0.000e+00 0.000e+00 0.000e+00
2.818e-17 0.000e+00 0.000e+00 0.000e+00 0.000e+00 0.000e+00
3.162e-17 0.000e+00 0.000e+00 0.000e+00 0.000e+00 0.000e+00
3.548e-17 0.000e+00 0.000e+00 0.000e+00 0.000e+00 0.000e+00
3.981e-17 0.000e+00 0.000e+00 0.000e+00 0.000e+00 0.000e+00
4.467e-17 0.000e+00 0.000e+00 0.000e+00 0.000e+00 0.000e+00
5.012e-17 0.000e+00 0.000e+00 0.000e+00 0.000e+00 0.000e+00
5.623e-17 0.000e+00 0.000e+00 0.000e+00 0.000e+00 0.000e+00
6.310e-17 0.000e+00 0.000e+00 0.000e+00 0.000e+00 0.000e+00
7.079e-17 0.000e+00 0.000e+00 0.000e+00 0.000e+00 0.000e+00
7.943e-17 0.000e+00 0.000e+00 0.000e+00 0.000e+00 0.000e+00
8.913e-17 0.000e+00 0.000e+00 0.000e+00 0.000e+00 0.000e+00
1.000e-16 0.000e+00 0.000e+00 0.000e+00 0.000e+00 0.000e+00
1.122e-16 0.000e+00 0.000e+00 0.000e+00 0.000e+00 0.000e+00
1.259e-16 0.000e+00 0.000e+00 0.000e+00 0.000e+00 0.000e+00
1.413e-16 0.000e+00 0.000e+00 0.000e+00 0.000e+00 0.000e+00
1.585e-16 0.000e+00 0.000e+00 0.000e+00 0.000e+00 0.000e+00
1.778e-16 0.000e+00 0.000e+00 0.000e+00 0.000e+00 0.000e+00
1.995e-16 0.000e+00 0.000e+00 0.000e+00 0.000e+00 0.000e+00
2.239e-16 0.000e+00 0.000e+00 0.000e+00 0.000e+00 0.000e+00
2.512e-16 0.000e+00 0.000e+00 0.000e+00 0.000e+00 0.000e+00
2.818e-16 0.000e+00 0.000e+00 0.000e+00 0.000e+00 0.000e+00
3.162e-16 0.000e+00 0.000e+00 0.000e+00 0.000e+00 0.000e+00
3.548e-16 0.000e+00 0.000e+00 0.000e+00 0.000e+00 0.000e+00
3.981e-16 0.000e+00 0.000e+00 0.000e+00 0.000e+00 0.000e+00
4.467e-16 0.000e+00 0.000e+00 0.000e+00 0.000e+00 0.000e+00
5.012e-16 0.000e+00 0.000e+00 0.000e+00 0.000e+00 0.000e+00
5.623e-16 0.000e+00 0.000e+00 0.000e+00 0.000e+00 0.000e+00
6.310e-16 0.000e+00 0.000e+00 0.000e+00 0.000e+00 0.000e+00
7.079e-16 0.000e+00 0.000e+00 0.000e+00 0.000e+00 0.000e+00
7.943e-16 0.000e+00 0.000e+00 0.000e+00 0.000e+00 0.000e+00
8.913e-16 0.000e+00 0.000e+00 0.000e+00 0.000e+00 0.000e+00
1.000e-15 0.000e+00 0.000e+00 0.000e+00 0.000e+00 0.000e+00
1.122e-15 0.000e+00 0.000e+00 0.000e+00 0.000e+00 0.000e+00
1.259e-15 0.000e+00 0.000e+00 0.000e+00 0.000e+00 0.000e+00
1.413e-15 0.000e+00 0.000e+00 0.000e+00 0.000e+00 0.000e+00
1.585e-15 0.000e+00 0.000e+00 0.000e+00 0.000e+00 0.000e+00
1.778e-15 0.000e+00 0.000e+00 0.000e+00 0.000e+00 0.000e+00
1.995e-15 0.000e+00 0.000e+00 0.000e+00 0.000e+00 0.000e+00
2.239e-15 0.000e+00 0.000e+00 0.000e+00 0.000e+00 0.000e+00
2.512e-15 0.000e+00 0.000e+00 0.000e+00 0.000e+00 0.000e+00
2.818e-15 0.000e+00 0.000e+00 0.000e+00 0.000e+00 0.000e+00
3.162e-15 0.000e+00 0.000e+00 0.000e+00 0.000e+00 0.000e+00
3.548e-15 0.000e+00 0.000e+00 0.000e+00 0.000e+00 0.000e+00
3.981e-15 0.000e+00 0.000e+00 0.000e+00 0.000e+00 0.000e+00
4.467e-15 0.000e+00 0.000e+00 0.000e+00 0.000e+00 0.000e+00
5.012e-15 0.000e+00 0.000e+00 0.000e+00 0.000e+00 0.000e+00
5.623e-15 0.000e+00 0.000e+00 0.000e+00 0.000e+00 0.000e+00
6.310e-15 0.000e+00 0.000e+00 0.000e+00 0.000e+00 0.000e+00
7.079e-15 0.000e+00 0.000e+00 0.000e+00 0.000e+00 0.000e+00
7.943e-15 0.000e+00 0.000e+00 0.000e+00 0.000e+00 0.000e+00
8.913e-15 0.000e+00 0.000e+00 0.000e+00 0.000e+00 0.000e+00
1.000e-14 0.000e+00 0.000e+00 0.000e+00 0.000e+00 0.000e+00
1.122e-14 0.000e+00 0.000e+00 0.000e+00 0.000e+00 0.000e+00
1.259e-14 0.000e+00 0.000e+00 0.000e+00 0.000e+00 0.000e+00
1.413e-14 0.000e+00 0.000e+00 0.000e+00 0.000e+00 0.000e+00
1.585e-14 0.000e+00 0.000e+00 0.000e+00 0.000e+00 0.000e+00
1.778e-14 0.000e+00 0.000e+00 0.000e+00 0.000e+00 0.000e+00
1.995e-14 0.000e+00 0.000e+00 0.000e+00 0.000e+00 0.000e+00
2.239e-14 0.000e+00 0.000e+00 0.000e+00 0.000e+00 0.000e+00
2.512e-14 0.000e+00 0.000e+00 0.000e+00 0.000e+00 0.000e+00
2.818e-14 0.000e+00 0.000e+00 0.000e+00 0.000e+00 0.000e+00
3.162e-14 0.000e+00 0.000e+00 0.000e+00 0.000e+00 0.000e+00
3.548e-14 0.000e+00 0.000e+00 0.000e+00 0.000e+00 0.000e+00
3.981e-14 0.000e+00 0.000e+00 0.000e+00 0.000e+00 0.000e+00
4.467e-14 0.000e+00 0.000e+00 0.000e+00 0.000e+00 0.000e+00
5.012e-14 0.000e+00 0.000e+00 0.000e+00 0.000e+00 0.000e+00
5.623e-14 0.000e+00 0.000e+00 0.000e+00 0.000e+00 0.000e+00
6.310e-14 0.000e+00 0.000e+00 0.000e+00 0.000e+00 0.000e+00
7.079e-14 0.000e+00 0.000e+00 0.000e+00 0.000e+00 0.000e+00
7.943e-14 0.000e+00 0.000e+00 0.000e+00 0.000e+00 0.000e+00
8.913e-14 0.000e+00 0.000e+00 0.000e+00 0.000e+00 0.000e+00
1.000e-13 0.000e+00 0.000e+00 0.000e+00 0.000e+00 0.000e+00
1.122e-13 0.000e+00 0.000e+00 0.000e+00 0.000e+00 0.000e+00
1.259e-13 0.000e+00 0.000e+00 0.000e+00 0.000e+00 0.000e+00
1.413e-13 0.000e+00 0.000e+00 0.000e+00 0.000e+00 0.000e+00
1.585e-13 0.000e+00 0.000e+00 0.000e+00 0.000e+00 0.000e+00
1.778e-13 0.000e+00 0.000e+00 0.000e+00 0.000e+00 0.000e+00
1.995e-13 0.000e+00 0.000e+00 0.000e+00 0.000e+00 0.000e+00
2.239e-13 0.000e+00 0.000e+00 0.000e+00 0.000e+00 0.000e+00
2.512e-13 0.000e+00 0.000e+00 0.000e+00 0.000e+00 0.000e+00
2.818e-13 0.000e+00 0.000e+00 0.000e+00 0.000e+00 0.000e+00
3.162e-13 0.000e+00 0.000e+00 0.000e+00 0.000e+00 0.000e+00
3.548e-13 0.000e+00 0.000e+00 0.000e+00 0.000e+00 0.000e+00
3.981e-13 0.000e+00 0.000e+00 0.000e+00 0.000e+00 0.000e+00
4.467e-13 0.000e+00 0.000e+00 0.000e+00 0.000e+00 0.000e+00
5.012e-13 0.000e+00 0.000e+00 0.000e+00 0.000e+00 0.000e+00
5.623e-13 0.000e+00 0.000e+00 0.000e+00 0.000e+00 0.000e+00
6.310e-13 0.000e+00 0.000e+00 0.000e+00 0.000e+00 0.000e+00
7.079e-13 0.000e+00 0.000e+00 0.000e+00 0.000e+00 0.000e+00
7.943e-13 0.000e+00 0.000e+00 0.000e+00 0.000e+00 0.000e+00
8.913e-13 0.000e+00 0.000e+00 0.000e+00 0.000e+00 0.000e+00
1.000e-12 0.000e+00 0.000e+00 0.000e+00 0.000e+00 0.000e+00
1.122e-12 0.000e+00 0.000e+00 0.000e+00 0.000e+00 0.000e+00
1.259e-12 0.000e+00 0.000e+00 0.000e+00 0.000e+00 0.000e+00
1.413e-12 0.000e+00 0.000e+00 0.000e+00 0.000e+00 0.000e+00
1.585e-12 0.000e+00 0.000e+00 0.000e+00 0.000e+00 0.000e+00
1.778e-12 0.000e+00 0.000e+00 0.000e+00 0.000e+00 0.000e+00
1.995e-12 0.000e+00 0.000e+00 0.000e+00 0.000e+00 0.000e+00
2.239e-12 0.000e+00 0.000e+00 0.000e+00 0.000e+00 0.000e+00
2.512e-12 0.000e+00 0.000e+00 0.000e+00 0.000e+00 0.000e+00
2.818e-12 0.000e+00 0.000e+00 0.000e+00 0.000e+00 0.000e+00
3.162e-12 0.000e+00 0.000e+00 0.000e+00 0.000e+00 0.000e+00
3.548e-12 0.000e+00 0.000e+00 0.000e+00 0.000e+00 0.000e+00
3.981e-12 0.000e+00 0.000e+00 0.000e+00 0.000e+00 0.000e+00
4.467e-12 0.000e+00 0.000e+00 0.000e+00 0.000e+00 0.000e+00
5.012e-12 0.000e+00 0.000e+00 0.000e+00 0.000e+00 0.000e+00
5.623e-12 0.000e+00 0.000e+00 0.000e+00 0.000e+00 0.000e+00
6.310e-12 0.000e+00 0.000e+00 0.000e+00 0.000e+00 0.000e+00
7.079e-12 0.000e+00 0.000e+00 0.000e+00 0.000e+00 0.000e+00
7.943e-12 0.000e+00 0.000e+00 0.000e+00 0.000e+00 0.000e+00
8.913e-12 0.000e+00 0.000e+00 0.000e+00 0.000e+00 0.000e+00
1.000e-11 0.000e+00 0.000e+00 0.000e+00 0.000e+00 0.000e+00
1.122e-11 0.000e+00 0.000e+00 0.000e+00 0.000e+00 0.000e+00
1.259e-11 0.000e+00 0.000e+00 0.000e+00 0.000e+00 0.000e+00
1.413e-11 0.000e+00 0.000e+00 0.000e+00 0.000e+00 0.000e+00
1.585e-11 0.000e+00 0.000e+00 0.000e+00 0.000e+00 0.000e+00
1.778e-11 0.000e+00 0.000e+00 0.000e+00 0.000e+00 0.000e+00
1.995e-11 0.000e+00 0.000e+00 0.000e+00 0.000e+00 0.000e+00
2.239e-11 0.000e+00 0.000e+00 0.000e+00 0.000e+00 0.000e+00
2.512e-11 0.000e+00 0.000e+00 0.000e+00 0.000e+00 0.000e+00
2.818e-11 0.000e+00 0.000e+00 0.000e+00 0.000e+00 0.000e+00
3.162e-11 0.000e+00 0.000e+00 0.000e+00 0.000e+00 0.000e+00
3.548e-11 0.000e+00 0.000e+00 0.000e+00 0.000e+00 0.000e+00
3.981e-11 0.000e+00 0.000e+00 0.000e+00 0.000e+00 0.000e+00
4.467e-11 0.000e+00 0.000e+00 0.000e+00 0.000e+00 0.000e+00
5.012e-11 0.000e+00 0.000e+00 0.000e+00 0.000e+00 0.000e+00
5.623e-11 0.000e+00 0.000e+00 0.000e+00 0.000e+00 0.000e+00
6.310e-11 0.000e+00 0.000e+00 0.000e+00 0.000e+00 0.000e+00
7.079e-11 0.000e+00 0.000e+00 0.000e+00 0.000e+00 0.000e+00
7.943e-11 0.000e+00 0.000e+00 0.000e+00 0.000e+00 0.000e+00
8.913e-11 0.000e+00 0.000e+00 0.000e+00 0.000e+00 0.000e+00
1.000e-10 0.000e+00 0.000e+00 0.000e+00 0.000e+00 0.000e+00
1.122e-10 0.000e+00 0.000e+00 0.000e+00 0.000e+00 0.000e+00
1.259e-10 0.000e+00 0.000e+00 0.000e+00 0.000e+00 0.000e+00
1.413e-10 0.000e+00 0.000e+00 0.000e+00 0.000e+00 0.000e+00
1.585e-10 0.000e+00 0.000e+00 0.000e+00 0.000e+00 0.000e+00
1.778e-10 0.000e+00 0.000e+00 0.000e+00 0.000e+00 0.000e+00
1.995e-10 0.000e+00 0.000e+00 0.000e+00 0.000e+00 0.000e+00
2.239e-10 0.000e+00 0.000e+00 0.000e+00 0.000e+00 0.000e+00
2.512e-10 0.000e+00 0.000e+00 0.000e+00 0.000e+00 0.000e+00
2.818e-10 0.000e+00 0.000e+00 0.000e+00 0.000e+00 0.000e+00
3.162e-10 0.000e+00 0.000e+00 0.000e+00 0.000e+00 0.000e+00
3.548e-10 0.000e+00 0.000e+00 0.000e+00 0.000e+00 0.000e+00
3.981e-10 0.000e+00 0.000e+00 0.000e+00 0.000e+00 0.000e+00
4.467e-10 0.000e+00 0.000e+00 0.000e+00 0.000e+00 0.000e+00
5.012e-10 0.000e+00 0.000e+00 0.000e+00 0.000e+00 0.000e+00
5.623e-10 0.000e+00 0.000e+00 0.000e+00 0.000e+00 0.000e+00
6.310e-10 0.000e+00 0.000e+00 0.000e+00 0.000e+00 0.000e+00
7.079e-10 0.000e+00 0.000e+00 0.000e+00 0.000e+00 0.000e+00
7.943e-10 0.000e+00 0.000e+00 0.000e+00 0.000e+00 0.000e+00
8.913e-10 0.000e+00 0.000e+00 0.000e+00 0.000e+00 0.000e+00
1.000e-09 0.000e+00 0.000e+00 0.000e+00 0.000e+00 0.000e+00
1.122e-09 0.000e+00 0.000e+00 0.000e+00 0.000e+00 0.000e+00
1.259e-09 0.000e+00 0.000e+00 0.000e+00 0.000e+00 0.000e+00
1.413e-09 0.000e+00 0.000e+00 0.000e+00 0.000e+00 0.000e+00
1.585e-09 0.000e+00 0.000e+00 0.000e+00 0.000e+00 0.000e+00
1.778e-09 0.000e+00 0.000e+00 0.000e+00 0.000e+00 0.000e+00
1.995e-09 0.000e+00 0.000e+00 0.000e+00 0.000e+00 0.000e+00
2.239e-09 0.000e+00 0.000e+00 0.000e+00 0.000e+00 0.000e+00
2.512e-09 0.000e+00 0.000e+00 0.000e+00 0.000e+00 0.000e+00
2.818e-09 0.000e+00 0.000e+00 0.000e+00 0.000e+00 0.000e+00
3.162e-09 0.000e+00 0.000e+00 0.000e+00 0.000e+00 0.000e+00
3.548e-09 0.000e+00 0.000e+00 0.000e+00 0.000e+00 0.000e+00
3.981e-09 0.000e+00 0.000e+00 0.000e+00 0.000e+00 0.000e+00
4.467e-09 0.000e+00 0.000e+00 0.000e+00 0.000e+00 0.000e+00
5.012e-09 0.000e+00 0.000e+00 0.000e+00 0.000e+00 0.000e+00
5.623e-09 0.000e+00 0.000e+00 0.000e+00 0.000e+00 0.000e+00
6.310e-09 0.000e+00 0.000e+00 0.000e+00 0.000e+00 0.000e+00
7.079e-09 0.000e+00 0.000e+00 0.000e+00 0.000e+00 0.000e+00
7.943e-09 0.000e+00 0.000e+00 0.000e+00 0.000e+00 0.000e+00
8.913e-09 0.000e+00 0.000e+00 0.000e+00 0.000e+00 0.000e+00
1.000e-08 0.000e+00 0.000e+00 0.000e+00 0.000e+00 0.000e+00
1.122e-08 0.000e+00 0.000e+00 0.000e+00 0.000e+00 0.000e+00
1.259e-08 0.000e+00 0.000e+00 0.000e+00 0.000e+00 0.000e+00
1.413e-08 0.000e+00 0.000e+00 0.000e+00 0.000e+00 0.000e+00
1.585e-08 0.000e+00 0.000e+00 0.000e+00 0.000e+00 0.000e+00
1.778e-08 0.000e+00 0.000e+00 0.000e+00 0.000e+00 0.000e+00
1.995e-08 0.000e+00 0.000e+00 0.000e+00 0.000e+00 0.000e+00
2.239e-08 0.000e+00 0.000e+00 0.000e+00 0.000e+00 0.000e+00
2.512e-08 0.000e+00 0.000e+00 0.000e+00 0.000e+00 0.000e+00
2.818e-08 0.000e+00 0.000e+00 0.000e+00 0.000e+00 0.000e+00
3.162e-08 0.000e+00 0.000e+00 0.000e+00 0.000e+00 0.000e+00
3.548e-08 0.000e+00 0.000e+00 0.000e+00 0.000e+00 0.000e+00
3.981e-08 0.000e+00 0.000e+00 0.000e+00 0.000e+00 0.000e+00
4.467e-08 0.000e+00 0.000e+00 0.000e+00 0.000e+00 0.000e+00
5.012e-08 0.000e+00 0.000e+00 0.000e+00 0.000e+00 0.000e+00
5.623e-08 0.000e+00 0.000e+00 0.000e+00 0.000e+00 0.000e+00
6.310e-08 0.000e+00 0.000e+00 0.000e+00 0.000e+00 0.000e+00
7.079e-08 0.000e+00 0.000e+00 0.000e+00 0.000e+00 0.000e+00
7.943e-08 0.000e+00 0.000e+00 0.000e+00 0.000e+00 0.000e+00
8.913e-08 0.000e+00 0.000e+00 0.000e+00 0.000e+00 0.000e+00
1.000e-07 0.000e+00 0.000e+00 0.000e+00 0.000e+00 0.000e+00
1.122e-07 0.000e+00 0.000e+00 0.000e+00 0.000e+00 0.000e+00
1.259e-07 0.000e+00 0.000e+00 0.000e+00 0.000e+00 0.000e+00
1.413e-07 0.000e+00 0.000e+00 0.000e+00 0.000e+00 0.000e+00
1.585e-07 0.000e+00 0.000e+00 0.000e+00 0.000e+00 0.000e+00
1.778e-07 0.000e+00 0.000e+00 0.000e+00 0.000e+00 0.000e+00
1.995e-07 0.000e+00 0.000e+00 0.000e+00 0.000e+00 0.000e+00
2.239e-07 0.000e+00 0.000e+00 0.000e+00 0.000e+00 0.000e+00
2.512e-07 0.000e+00 0.000e+00 0.000e+00 0.000e+00 0.000e+00
2.818e-07 0.000e+00 0.000e+00 0.000e+00 0.000e+00 0.000e+00
3.162e-07 0.000e+00 0.000e+00 0.000e+00 0.000e+00 0.000e+00
3.548e-07 0.000e+00 0.000e+00 0.000e+00 0.000e+00 0.000e+00
3.981e-07 0.000e+00 0.000e+00 0.000e+00 0.000e+00 0.000e+00
4.467e-07 0.000e+00 0.000e+00 0.000e+00 0.000e+00 0.000e+00
5.012e-07 0.000e+00 0.000e+00 0.000e+00 0.000e+00 0.000e+00
5.623e-07 3.590e+26 1.819e+14 1.822e-43 2.996e-32 3.765e-31
6.310e-07 3.161e+26 2.016e+14 2.020e-43 3.322e-32 4.174e-31
7.079e-07 2.782e+26 2.234e+14 2.238e-43 3.680e-32 4.625e-31
7.943e-07 2.447e+26 2.474e+14 2.478e-43 4.075e-32 5.121e-31
8.913e-07 2.150e+26 2.737e+14 2.741e-43 4.508e-32 5.666e-31
1.000e-06 1.889e+26 3.026e+14 3.031e-43 4.985e-32 6.264e-31
1.122e-06 1.657e+26 3.343e+14 3.349e-43 5.507e-32 6.921e-31
1.259e-06 1.453e+26 3.691e+14 3.697e-43 6.080e-32 7.641e-31
1.413e-06 1.274e+26 4.072e+14 4.079e-43 6.708e-32 8.429e-31
1.585e-06 1.115e+26 4.488e+14 4.496e-43 7.394e-32 9.291e-31
1.778e-06 9.757e+25 4.943e+14 4.952e-43 8.144e-32 1.023e-30
1.995e-06 8.530e+25 5.440e+14 5.450e-43 8.963e-32 1.126e-30
2.239e-06 7.450e+25 5.982e+14 5.993e-43 9.855e-32 1.238e-30
2.512e-06 6.502e+25 6.573e+14 6.584e-43 1.083e-31 1.361e-30
2.818e-06 5.669e+25 7.215e+14 7.227e-43 1.189e-31 1.494e-30
3.162e-06 4.939e+25 7.913e+14 7.926e-43 1.304e-31 1.638e-30
3.548e-06 4.298e+25 8.670e+14 8.685e-43 1.428e-31 1.795e-30
3.981e-06 3.738e+25 9.491e+14 9.507e-43 1.564e-31 1.965e-30
4.467e-06 3.247e+25 1.038e+15 1.040e-42 1.710e-31 2.149e-30
5.012e-06 2.818e+25 1.134e+15 1.136e-42 1.868e-31 2.347e-30
5.623e-06 2.443e+25 1.238e+15 1.240e-42 2.039e-31 2.562e-30
6.310e-06 2.115e+25 1.349e+15 1.352e-42 2.223e-31 2.793e-30
7.079e-06 1.830e+25 1.470e+15 1.472e-42 2.421e-31 3.042e-30
7.943e-06 1.581e+25 1.599e+15 1.601e-42 2.634e-31 3.310e-30
8.913e-06 1.365e+25 1.737e+15 1.740e-42 2.862e-31 3.596e-30
1.000e-05 1.177e+25 1.886e+15 1.889e-42 3.106e-31 3.904e-30
1.122e-05 1.014e+25 2.044e+15 2.048e-42 3.368e-31 4.232e-30
1.259e-05 8.718e+24 2.214e+15 2.217e-42 3.647e-31 4.583e-30
1.413e-05 7.489e+24 2.394e+15 2.398e-42 3.944e-31 4.956e-30
1.585e-05 6.425e+24 2.586e+15 2.590e-42 4.260e-31 5.353e-30
1.778e-05 5.505e+24 2.789e+15 2.794e-42 4.595e-31 5.774e-30
1.995e-05 4.711e+24 3.005e+15 3.010e-42 4.950e-31 6.220e-30
2.239e-05 4.025e+24 3.232e+15 3.238e-42 5.325e-31 6.692e-30
2.512e-05 3.435e+24 3.472e+15 3.478e-42 5.720e-31 7.188e-30
2.818e-05 2.927e+24 3.725e+15 3.731e-42 6.136e-31 7.711e-30
3.162e-05 2.490e+24 3.990e+15 3.996e-42 6.572e-31 8.259e-30
3.548e-05 2.115e+24 4.267e+15 4.274e-42 7.029e-31 8.833e-30
3.981e-05 1.794e+24 4.556e+15 4.564e-42 7.506e-31 9.432e-30
4.467e-05 1.519e+24 4.857e+15 4.865e-42 8.002e-31 1.006e-29
5.012e-05 1.285e+24 5.170e+15 5.178e-42 8.516e-31 1.070e-29
5.623e-05 1.084e+24 5.493e+15 5.502e-42 9.049e-31 1.137e-29
6.310e-05 9.134e+23 5.826e+15 5.836e-42 9.598e-31 1.206e-29
7.079e-05 7.682e+23 6.169e+15 6.179e-42 1.016e-30 1.277e-29
7.943e-05 6.449e+23 6.519e+15 6.530e-42 1.074e-30 1.350e-29
8.913e-05 5.404e+23 6.877e+15 6.889e-42 1.133e-30 1.424e-29
1.000e-04 4.519e+23 7.241e+15 7.253e-42 1.193e-30 1.499e-29
1.122e-04 3.772e+23 7.608e+15 7.621e-42 1.253e-30 1.575e-29
1.259e-04 3.142e+23 7.978e+15 7.992e-42 1.314e-30 1.652e-29
1.413e-04 2.612e+23 8.349e+15 8.363e-42 1.375e-30 1.728e-29
1.585e-04 2.166e+23 8.718e+15 8.733e-42 1.436e-30 1.805e-29
1.778e-04 1.793e+23 9.083e+15 9.099e-42 1.496e-30 1.880e-29
1.995e-04 1.480e+23 9.443e+15 9.459e-42 1.556e-30 1.955e-29
2.239e-04 1.220e+23 9.794e+15 9.810e-42 1.613e-30 2.027e-29
2.512e-04 1.002e+23 1.013e+16 1.015e-41 1.669e-30 2.098e-29
2.818e-04 8.218e+22 1.046e+16 1.048e-41 1.723e-30 2.165e-29
3.162e-04 6.721e+22 1.077e+16 1.079e-41 1.774e-30 2.229e-29
3.548e-04 5.483e+22 1.106e+16 1.108e-41 1.822e-30 2.289e-29
3.981e-04 4.461e+22 1.133e+16 1.135e-41 1.866e-30 2.345e-29
4.467e-04 3.619e+22 1.157e+16 1.159e-41 1.906e-30 2.395e-29
5.012e-04 2.928e+22 1.178e+16 1.180e-41 1.941e-30 2.440e-29
5.623e-04 2.362e+22 1.197e+16 1.199e-41 1.972e-30 2.478e-29
6.310e-04 1.900e+22 1.212e+16 1.214e-41 1.997e-30 2.509e-29
7.079e-04 1.524e+22 1.224e+16 1.226e-41 2.016e-30 2.534e-29
7.943e-04 1.219e+22 1.232e+16 1.234e-41 2.029e-30 2.550e-29
8.913e-04 9.713e+21 1.236e+16 1.238e-41 2.036e-30 2.559e-29
1.000e-03 7.716e+21 1.236e+16 1.238e-41 2.037e-30 2.559e-29
1.122e-03 6.110e+21 1.232e+16 1.234e-41 2.030e-30 2.551e-29
1.259e-03 4.821e+21 1.224e+16 1.226e-41 2.017e-30 2.534e-29
1.413e-03 3.791e+21 1.212e+16 1.214e-41 1.997e-30 2.509e-29
1.585e-03 2.971e+21 1.196e+16 1.198e-41 1.969e-30 2.475e-29
1.778e-03 2.319e+21 1.175e+16 1.177e-41 1.936e-30 2.432e-29
1.995e-03 1.804e+21 1.151e+16 1.153e-41 1.895e-30 2.382e-29
2.239e-03 1.398e+21 1.122e+16 1.124e-41 1.849e-30 2.323e-29
2.512e-03 1.079e+21 1.091e+16 1.092e-41 1.797e-30 2.258e-29
2.818e-03 8.294e+20 1.056e+16 1.057e-41 1.739e-30 2.185e-29
3.162e-03 6.350e+20 1.017e+16 1.019e-41 1.676e-30 2.106e-29
3.548e-03 4.842e+20 9.767e+15 9.784e-42 1.609e-30 2.022e-29
3.981e-03 3.677e+20 9.337e+15 9.352e-42 1.538e-30 1.933e-29
4.467e-03 2.780e+20 8.887e+15 8.902e-42 1.464e-30 1.840e-29
5.012e-03 2.093e+20 8.422e+15 8.437e-42 1.388e-30 1.744e-29
5.623e-03 1.569e+20 7.947e+15 7.960e-42 1.309e-30 1.645e-29
6.310e-03 1.170e+20 7.465e+15 7.477e-42 1.230e-30 1.545e-29
7.079e-03 8.692e+19 6.980e+15 6.991e-42 1.150e-30 1.445e-29
7.943e-03 6.426e+19 6.496e+15 6.507e-42 1.070e-30 1.345e-29
8.913e-03 4.728e+19 6.017e+15 6.028e-42 9.913e-31 1.246e-29
1.000e-02 3.463e+19 5.548e+15 5.557e-42 9.139e-31 1.149e-29
1.122e-02 2.524e+19 5.090e+15 5.099e-42 8.386e-31 1.054e-29
1.259e-02 1.831e+19 4.648e+15 4.656e-42 7.657e-31 9.623e-30
1.413e-02 1.321e+19 4.224e+15 4.231e-42 6.959e-31 8.745e-30
1.585e-02 9.493e+18 3.820e+15 3.827e-42 6.294e-31 7.909e-30
1.778e-02 6.788e+18 3.439e+15 3.445e-42 5.666e-31 7.120e-30
1.995e-02 4.832e+18 3.082e+15 3.087e-42 5.077e-31 6.380e-30
2.239e-02 3.425e+18 2.750e+15 2.755e-42 4.531e-31 5.694e-30
2.512e-02 2.419e+18 2.445e+15 2.449e-42 4.028e-31 5.061e-30
2.818e-02 1.702e+18 2.166e+15 2.169e-42 3.568e-31 4.483e-30
3.162e-02 1.193e+18 1.912e+15 1.915e-42 3.150e-31 3.958e-30
3.548e-02 8.346e+17 1.683e+15 1.686e-42 2.773e-31 3.485e-30
3.981e-02 5.820e+17 1.478e+15 1.480e-42 2.435e-31 3.060e-30
4.467e-02 4.049e+17 1.294e+15 1.297e-42 2.132e-31 2.680e-30
5.012e-02 2.810e+17 1.131e+15 1.133e-42 1.863e-31 2.341e-30
5.623e-02 1.945e+17 9.855e+14 9.872e-43 1.624e-31 2.040e-30
6.310e-02 1.343e+17 8.568e+14 8.582e-43 1.411e-31 1.774e-30
7.079e-02 9.253e+16 7.430e+14 7.443e-43 1.224e-31 1.538e-30
7.943e-02 6.359e+16 6.428e+14 6.439e-43 1.059e-31 1.331e-30
8.913e-02 4.359e+16 5.548e+14 5.557e-43 9.139e-32 1.148e-30
1.000e-01 2.981e+16 4.776e+14 4.785e-43 7.869e-32 9.888e-31
1.122e-01 2.034e+16 4.103e+14 4.110e-43 6.760e-32 8.495e-31
1.259e-01 1.385e+16 3.518e+14 3.524e-43 5.795e-32 7.283e-31
1.413e-01 9.418e+15 3.011e+14 3.016e-43 4.960e-32 6.233e-31
1.585e-01 6.393e+15 2.573e+14 2.577e-43 4.238e-32 5.326e-31
1.778e-01 4.334e+15 2.196e+14 2.200e-43 3.617e-32 4.546e-31
1.995e-01 2.936e+15 1.873e+14 1.876e-43 3.085e-32 3.876e-31
2.239e-01 1.987e+15 1.596e+14 1.599e-43 2.629e-32 3.304e-31
2.512e-01 1.345e+15 1.359e+14 1.362e-43 2.240e-32 2.814e-31
2.818e-01 9.098e+14 1.158e+14 1.160e-43 1.908e-32 2.397e-31
3.162e-01 6.155e+14 9.862e+13 9.879e-44 1.625e-32 2.042e-31
3.548e-01 4.164e+14 8.399e+13 8.413e-44 1.384e-32 1.739e-31
3.981e-01 2.817e+14 7.154e+13 7.166e-44 1.178e-32 1.481e-31
4.467e-01 1.906e+14 6.093e+13 6.103e-44 1.004e-32 1.261e-31
5.012e-01 1.289e+14 5.190e+13 5.198e-44 8.549e-33 1.074e-31
5.623e-01 8.724e+13 4.420e+13 4.427e-44 7.281e-33 9.150e-32
6.310e-01 5.902e+13 3.764e+13 3.771e-44 6.202e-33 7.793e-32
7.079e-01 3.993e+13 3.206e+13 3.211e-44 5.282e-33 6.637e-32
7.943e-01 2.701e+13 2.730e+13 2.735e-44 4.498e-33 5.652e-32
8.913e-01 1.827e+13 2.325e+13 2.329e-44 3.830e-33 4.813e-32
1.000e+00 1.236e+13 1.980e+13 1.983e-44 3.262e-33 4.099e-32
1.122e+00 8.358e+12 1.686e+13 1.689e-44 2.777e-33 3.490e-32
1.259e+00 5.652e+12 1.435e+13 1.438e-44 2.364e-33 2.971e-32
1.413e+00 3.822e+12 1.222e+13 1.224e-44 2.013e-33 2.529e-32
1.585e+00 2.584e+12 1.040e+13 1.042e-44 1.713e-33 2.153e-32
1.778e+00 1.747e+12 8.853e+12 8.868e-45 1.458e-33 1.833e-32
1.995e+00 1.181e+12 7.535e+12 7.548e-45 1.241e-33 1.560e-32
2.239e+00 7.986e+11 6.412e+12 6.423e-45 1.056e-33 1.327e-32
2.512e+00 5.398e+11 5.456e+12 5.466e-45 8.989e-34 1.130e-32
2.818e+00 3.648e+11 4.642e+12 4.650e-45 7.648e-34 9.611e-33
3.162e+00 2.465e+11 3.949e+12 3.956e-45 6.506e-34 8.176e-33
3.548e+00 1.666e+11 3.360e+12 3.365e-45 5.534e-34 6.955e-33
3.981e+00 1.125e+11 2.857e+12 2.862e-45 4.707e-34 5.915e-33
4.467e+00 7.601e+10 2.430e+12 2.434e-45 4.003e-34 5.030e-33
5.012e+00 5.134e+10 2.066e+12 2.070e-45 3.404e-34 4.277e-33
5.623e+00 3.467e+10 1.757e+12 1.760e-45 2.894e-34 3.636e-33
6.310e+00 2.341e+10 1.493e+12 1.496e-45 2.460e-34 3.091e-33
7.079e+00 1.580e+10 1.269e+12 1.271e-45 2.091e-34 2.627e-33
7.943e+00 1.067e+10 1.078e+12 1.080e-45 1.776e-34 2.232e-33
8.913e+00 7.198e+09 9.161e+11 9.177e-46 1.509e-34 1.897e-33
1.000e+01 4.857e+09 7.781e+11 7.795e-46 1.282e-34 1.611e-33
1.122e+01 3.276e+09 6.608e+11 6.619e-46 1.089e-34 1.368e-33
1.259e+01 2.209e+09 5.610e+11 5.620e-46 9.242e-35 1.161e-33
1.413e+01 1.490e+09 4.762e+11 4.770e-46 7.844e-35 9.857e-34
1.585e+01 1.004e+09 4.040e+11 4.047e-46 6.656e-35 8.364e-34
1.778e+01 6.764e+08 3.427e+11 3.433e-46 5.646e-35 7.095e-34
1.995e+01 4.556e+08 2.906e+11 2.911e-46 4.787e-35 6.016e-34
2.239e+01 3.067e+08 2.463e+11 2.467e-46 4.058e-35 5.099e-34
2.512e+01 2.064e+08 2.087e+11 2.090e-46 3.438e-35 4.320e-34
2.818e+01 1.388e+08 1.767e+11 1.770e-46 2.911e-35 3.658e-34
3.162e+01 9.334e+07 1.495e+11 1.498e-46 2.464e-35 3.096e-34
3.548e+01 6.271e+07 1.265e+11 1.267e-46 2.084e-35 2.618e-34
3.981e+01 4.210e+07 1.069e+11 1.071e-46 1.761e-35 2.213e-34
4.467e+01 2.825e+07 9.029e+10 9.045e-47 1.487e-35 1.869e-34
5.012e+01 1.893e+07 7.620e+10 7.633e-47 1.255e-35 1.577e-34
5.623e+01 1.268e+07 6.424e+10 6.435e-47 1.058e-35 1.330e-34
6.310e+01 8.482e+06 5.410e+10 5.419e-47 8.913e-36 1.120e-34
7.079e+01 5.668e+06 4.551e+10 4.559e-47 7.498e-36 9.422e-35
7.943e+01 3.782e+06 3.824e+10 3.830e-47 6.299e-36 7.916e-35
8.913e+01 2.520e+06 3.208e+10 3.213e-47 5.284e-36 6.640e-35
1.000e+02 1.677e+06 2.687e+10 2.691e-47 4.426e-36 5.562e-35
1.122e+02 1.114e+06 2.246e+10 2.250e-47 3.700e-36 4.650e-35
1.259e+02 7.381e+05 1.874e+10 1.877e-47 3.087e-36 3.880e-35
1.413e+02 4.881e+05 1.560e+10 1.563e-47 2.570e-36 3.230e-35
1.585e+02 3.220e+05 1.296e+10 1.298e-47 2.135e-36 2.683e-35
1.778e+02 2.118e+05 1.073e+10 1.075e-47 1.768e-36 2.222e-35
1.995e+02 1.389e+05 8.862e+09 8.877e-48 1.460e-36 1.835e-35
2.239e+02 9.082e+04 7.293e+09 7.305e-48 1.201e-36 1.510e-35
2.512e+02 5.915e+04 5.979e+09 5.990e-48 9.850e-37 1.238e-35
2.818e+02 3.836e+04 4.882e+09 4.891e-48 8.043e-37 1.011e-35
3.162e+02 2.477e+04 3.968e+09 3.975e-48 6.537e-37 8.215e-36
3.548e+02 1.591e+04 3.209e+09 3.215e-48 5.287e-37 6.643e-36
3.981e+02 1.016e+04 2.581e+09 2.585e-48 4.251e-37 5.342e-36
4.467e+02 6.452e+03 2.062e+09 2.066e-48 3.398e-37 4.270e-36
5.012e+02 4.068e+03 1.637e+09 1.640e-48 2.697e-37 3.389e-36
5.623e+02 2.545e+03 1.289e+09 1.292e-48 2.124e-37 2.669e-36
6.310e+02 1.579e+03 1.007e+09 1.009e-48 1.659e-37 2.085e-36
7.079e+02 9.704e+02 7.792e+08 7.806e-49 1.284e-37 1.613e-36
7.943e+02 5.902e+02 5.967e+08 5.977e-49 9.829e-38 1.235e-36
8.913e+02 3.548e+02 4.516e+08 4.523e-49 7.439e-38 9.348e-37
1.000e+03 2.106e+02 3.374e+08 3.379e-49 5.558e-38 6.984e-37
1.122e+03 1.231e+02 2.484e+08 2.488e-49 4.092e-38 5.142e-37
1.259e+03 7.086e+01 1.799e+08 1.802e-49 2.964e-38 3.725e-37
1.413e+03 4.003e+01 1.280e+08 1.282e-49 2.108e-38 2.649e-37
1.585e+03 2.215e+01 8.915e+07 8.930e-50 1.469e-38 1.845e-37
1.778e+03 1.197e+01 6.065e+07 6.075e-50 9.992e-39 1.256e-37
1.995e+03 6.297e+00 4.016e+07 4.023e-50 6.617e-39 8.315e-38
2.239e+03 3.211e+00 2.578e+07 2.582e-50 4.247e-39 5.337e-38
2.512e+03 1.579e+00 1.596e+07 1.599e-50 2.629e-39 3.304e-38
2.818e+03 7.438e-01 9.466e+06 9.482e-51 1.559e-39 1.960e-38
3.162e+03 3.330e-01 5.335e+06 5.344e-51 8.789e-40 1.104e-38
3.548e+03 1.401e-01 2.827e+06 2.831e-51 4.656e-40 5.851e-39
3.981e+03 5.461e-02 1.387e+06 1.389e-51 2.285e-40 2.871e-39
4.467e+03 1.930e-02 6.170e+05 6.181e-52 1.016e-40 1.277e-39
5.012e+03 5.996e-03 2.413e+05 2.417e-52 3.976e-41 4.996e-40
5.623e+03 1.559e-03 7.899e+04 7.912e-53 1.301e-41 1.635e-40
6.310e+03 3.116e-04 1.987e+04 1.991e-53 3.274e-42 4.114e-41
7.079e+03 4.042e-05 3.246e+03 3.251e-54 5.347e-43 6.719e-42
7.943e+03 2.206e-06 2.230e+02 2.234e-55 3.674e-44 4.617e-43
8.913e+03 5.076e-09 6.461e-01 6.471e-58 1.064e-46 1.337e-45
1.000e+04 0.000e+00 0.000e+00 0.000e+00 0.000e+00 0.000e+00
1.122e+04 0.000e+00 0.000e+00 0.000e+00 0.000e+00 0.000e+00
1.259e+04 0.000e+00 0.000e+00 0.000e+00 0.000e+00 0.000e+00
1.413e+04 0.000e+00 0.000e+00 0.000e+00 0.000e+00 0.000e+00
1.585e+04 0.000e+00 0.000e+00 0.000e+00 0.000e+00 0.000e+00
1.778e+04 0.000e+00 0.000e+00 0.000e+00 0.000e+00 0.000e+00
1.995e+04 0.000e+00 0.000e+00 0.000e+00 0.000e+00 0.000e+00
2.239e+04 0.000e+00 0.000e+00 0.000e+00 0.000e+00 0.000e+00
2.512e+04 0.000e+00 0.000e+00 0.000e+00 0.000e+00 0.000e+00
2.818e+04 0.000e+00 0.000e+00 0.000e+00 0.000e+00 0.000e+00
3.162e+04 0.000e+00 0.000e+00 0.000e+00 0.000e+00 0.000e+00
3.548e+04 0.000e+00 0.000e+00 0.000e+00 0.000e+00 0.000e+00
3.981e+04 0.000e+00 0.000e+00 0.000e+00 0.000e+00 0.000e+00
4.467e+04 0.000e+00 0.000e+00 0.000e+00 0.000e+00 0.000e+00
5.012e+04 0.000e+00 0.000e+00 0.000e+00 0.000e+00 0.000e+00
5.623e+04 0.000e+00 0.000e+00 0.000e+00 0.000e+00 0.000e+00
6.310e+04 0.000e+00 0.000e+00 0.000e+00 0.000e+00 0.000e+00
7.079e+04 0.000e+00 0.000e+00 0.000e+00 0.000e+00 0.000e+00
7.943e+04 0.000e+00 0.000e+00 0.000e+00 0.000e+00 0.000e+00
8.913e+04 0.000e+00 0.000e+00 0.000e+00 0.000e+00 0.000e+00
1.000e+05 0.000e+00 0.000e+00 0.000e+00 0.000e+00 0.000e+00
1.122e+05 0.000e+00 0.000e+00 0.000e+00 0.000e+00 0.000e+00
1.259e+05 0.000e+00 0.000e+00 0.000e+00 0.000e+00 0.000e+00
1.413e+05 0.000e+00 0.000e+00 0.000e+00 0.000e+00 0.000e+00
1.585e+05 0.000e+00 0.000e+00 0.000e+00 0.000e+00 0.000e+00
1.778e+05 0.000e+00 0.000e+00 0.000e+00 0.000e+00 0.000e+00
1.995e+05 0.000e+00 0.000e+00 0.000e+00 0.000e+00 0.000e+00
2.239e+05 0.000e+00 0.000e+00 0.000e+00 0.000e+00 0.000e+00
2.512e+05 0.000e+00 0.000e+00 0.000e+00 0.000e+00 0.000e+00
2.818e+05 0.000e+00 0.000e+00 0.000e+00 0.000e+00 0.000e+00
3.162e+05 0.000e+00 0.000e+00 0.000e+00 0.000e+00 0.000e+00
3.548e+05 0.000e+00 0.000e+00 0.000e+00 0.000e+00 0.000e+00
3.981e+05 0.000e+00 0.000e+00 0.000e+00 0.000e+00 0.000e+00
4.467e+05 0.000e+00 0.000e+00 0.000e+00 0.000e+00 0.000e+00
5.012e+05 0.000e+00 0.000e+00 0.000e+00 0.000e+00 0.000e+00
5.623e+05 0.000e+00 0.000e+00 0.000e+00 0.000e+00 0.000e+00
6.310e+05 0.000e+00 0.000e+00 0.000e+00 0.000e+00 0.000e+00
7.079e+05 0.000e+00 0.000e+00 0.000e+00 0.000e+00 0.000e+00
7.943e+05 0.000e+00 0.000e+00 0.000e+00 0.000e+00 0.000e+00
8.913e+05 0.000e+00 0.000e+00 0.000e+00 0.000e+00 0.000e+00
1.000e+06 0.000e+00 0.000e+00 0.000e+00 0.000e+00 0.000e+00
1.122e+06 0.000e+00 0.000e+00 0.000e+00 0.000e+00 0.000e+00
1.259e+06 0.000e+00 0.000e+00 0.000e+00 0.000e+00 0.000e+00
1.413e+06 0.000e+00 0.000e+00 0.000e+00 0.000e+00 0.000e+00
1.585e+06 0.000e+00 0.000e+00 0.000e+00 0.000e+00 0.000e+00
1.778e+06 0.000e+00 0.000e+00 0.000e+00 0.000e+00 0.000e+00
1.995e+06 0.000e+00 0.000e+00 0.000e+00 0.000e+00 0.000e+00
2.239e+06 0.000e+00 0.000e+00 0.000e+00 0.000e+00 0.000e+00
2.512e+06 0.000e+00 0.000e+00 0.000e+00 0.000e+00 0.000e+00
2.818e+06 0.000e+00 0.000e+00 0.000e+00 0.000e+00 0.000e+00
3.162e+06 0.000e+00 0.000e+00 0.000e+00 0.000e+00 0.000e+00
3.548e+06 0.000e+00 0.000e+00 0.000e+00 0.000e+00 0.000e+00
3.981e+06 0.000e+00 0.000e+00 0.000e+00 0.000e+00 0.000e+00
4.467e+06 0.000e+00 0.000e+00 0.000e+00 0.000e+00 0.000e+00
5.012e+06 0.000e+00 0.000e+00 0.000e+00 0.000e+00 0.000e+00
5.623e+06 0.000e+00 0.000e+00 0.000e+00 0.000e+00 0.000e+00
6.310e+06 0.000e+00 0.000e+00 0.000e+00 0.000e+00 0.000e+00
7.079e+06 0.000e+00 0.000e+00 0.000e+00 0.000e+00 0.000e+00
7.943e+06 0.000e+00 0.000e+00 0.000e+00 0.000e+00 0.000e+00
8.913e+06 0.000e+00 0.000e+00 0.000e+00 0.000e+00 0.000e+00
1.000e+07 0.000e+00 0.000e+00 0.000e+00 0.000e+00 0.000e+00
1.122e+07 0.000e+00 0.000e+00 0.000e+00 0.000e+00 0.000e+00
1.259e+07 0.000e+00 0.000e+00 0.000e+00 0.000e+00 0.000e+00
1.413e+07 0.000e+00 0.000e+00 0.000e+00 0.000e+00 0.000e+00
1.585e+07 0.000e+00 0.000e+00 0.000e+00 0.000e+00 0.000e+00
1.778e+07 0.000e+00 0.000e+00 0.000e+00 0.000e+00 0.000e+00
1.995e+07 0.000e+00 0.000e+00 0.000e+00 0.000e+00 0.000e+00
2.239e+07 0.000e+00 0.000e+00 0.000e+00 0.000e+00 0.000e+00
2.512e+07 0.000e+00 0.000e+00 0.000e+00 0.000e+00 0.000e+00
2.818e+07 0.000e+00 0.000e+00 0.000e+00 0.000e+00 0.000e+00
3.162e+07 0.000e+00 0.000e+00 0.000e+00 0.000e+00 0.000e+00
3.548e+07 0.000e+00 0.000e+00 0.000e+00 0.000e+00 0.000e+00
3.981e+07 0.000e+00 0.000e+00 0.000e+00 0.000e+00 0.000e+00
4.467e+07 0.000e+00 0.000e+00 0.000e+00 0.000e+00 0.000e+00
5.012e+07 0.000e+00 0.000e+00 0.000e+00 0.000e+00 0.000e+00
5.623e+07 0.000e+00 0.000e+00 0.000e+00 0.000e+00 0.000e+00
6.310e+07 0.000e+00 0.000e+00 0.000e+00 0.000e+00 0.000e+00
7.079e+07 0.000e+00 0.000e+00 0.000e+00 0.000e+00 0.000e+00
7.943e+07 0.000e+00 0.000e+00 0.000e+00 0.000e+00 0.000e+00
8.913e+07 0.000e+00 0.000e+00 0.000e+00 0.000e+00 0.000e+00
1.000e+08 0.000e+00 0.000e+00 0.000e+00 0.000e+00 0.000e+00
