1.000e-20 0.000e+00 0.000e+00 0.000e+00 0.000e+00 0.000e+00
1.122e-20 0.000e+00 0.000e+00 0.000e+00 0.000e+00 0.000e+00
1.259e-20 0.000e+00 0.000e+00 0.000e+00 0.000e+00 0.000e+00
1.413e-20 0.000e+00 0.000e+00 0.000e+00 0.000e+00 0.000e+00
1.585e-20 0.000e+00 0.000e+00 0.000e+00 0.000e+00 0.000e+00
1.778e-20 0.000e+00 0.000e+00 0.000e+00 0.000e+00 0.000e+00
1.995e-20 0.000e+00 0.000e+00 0.000e+00 0.000e+00 0.000e+00
2.239e-20 0.000e+00 0.000e+00 0.000e+00 0.000e+00 0.000e+00
2.512e-20 0.000e+00 0.000e+00 0.000e+00 0.000e+00 0.000e+00
2.818e-20 0.000e+00 0.000e+00 0.000e+00 0.000e+00 0.000e+00
3.162e-20 0.000e+00 0.000e+00 0.000e+00 0.000e+00 0.000e+00
3.548e-20 0.000e+00 0.000e+00 0.000e+00 0.000e+00 0.000e+00
3.981e-20 0.000e+00 0.000e+00 0.000e+00 0.000e+00 0.000e+00
4.467e-20 0.000e+00 0.000e+00 0.000e+00 0.000e+00 0.000e+00
5.012e-20 0.000e+00 0.000e+00 0.000e+00 0.000e+00 0.000e+00
5.623e-20 0.000e+00 0.000e+00 0.000e+00 0.000e+00 0.000e+00
6.310e-20 0.000e+00 0.000e+00 0.000e+00 0.000e+00 0.000e+00
7.079e-20 0.000e+00 0.000e+00 0.000e+00 0.000e+00 0.000e+00
7.943e-20 0.000e+00 0.000e+00 0.000e+00 0.000e+00 0.000e+00
8.913e-20 0.000e+00 0.000e+00 0.000e+00 0.000e+00 0.000e+00
1.000e-19 0.000e+00 0.000e+00 0.000e+00 0.000e+00 0.000e+00
1.122e-19 0.000e+00 0.000e+00 0.000e+00 0.000e+00 0.000e+00
1.259e-19 0.000e+00 0.000e+00 0.000e+00 0.000e+00 0.000e+00
1.413e-19 0.000e+00 0.000e+00 0.000e+00 0.000e+00 0.000e+00
1.585e-19 0.000e+00 0.000e+00 0.000e+00 0.000e+00 0.000e+00
1.778e-19 0.000e+00 0.000e+00 0.000e+00 0.000e+00 0.000e+00
1.995e-19 0.000e+00 0.000e+00 0.000e+00 0.000e+00 0.000e+00
2.239e-19 0.000e+00 0.000e+00 0.000e+00 0.000e+00 0.000e+00
2.512e-19 0.000e+00 0.000e+00 0.000e+00 0.000e+00 0.000e+00
2.818e-19 0.000e+00 0.000e+00 0.000e+00 0.000e+00 0.000e+00
3.162e-19 0.000e+00 0.000e+00 0.000e+00 0.000e+00 0.000e+00
3.548e-19 0.000e+00 0.000e+00 0.000e+00 0.000e+00 0.000e+00
3.981e-19 0.000e+00 0.000e+00 0.000e+00 0.000e+00 0.000e+00
4.467e-19 0.000e+00 0.000e+00 0.000e+00 0.000e+00 0.000e+00
5.012e-19 0.000e+00 0.000e+00 0.000e+00 0.000e+00 0.000e+00
5.623e-19 0.000e+00 0.000e+00 0.000e+00 0.000e+00 0.000e+00
6.310e-19 0.000e+00 0.000e+00 0.000e+00 0.000e+00 0.000e+00
7.079e-19 0.000e+00 0.000e+00 0.000e+00 0.000e+00 0.000e+00
7.943e-19 0.000e+00 0.000e+00 0.000e+00 0.000e+00 0.000e+00
8.913e-19 0.000e+00 0.000e+00 0.000e+00 0.000e+00 0.000e+00
1.000e-18 0.000e+00 0.000e+00 0.000e+00 0.000e+00 0.000e+00
1.122e-18 0.000e+00 0.000e+00 0.000e+00 0.000e+00 0.000e+00
1.259e-18 0.000e+00 0.000e+00 0.000e+00 0.000e+00 0.000e+00
1.413e-18 0.000e+00 0.000e+00 0.000e+00 0.000e+00 0.000e+00
1.585e-18 0.000e+00 0.000e+00 0.000e+00 0.000e+00 0.000e+00
1.778e-18 0.000e+00 0.000e+00 0.000e+00 0.000e+00 0.000e+00
1.995e-18 0.000e+00 0.000e+00 0.000e+00 0.000e+00 0.000e+00
2.239e-18 0.000e+00 0.000e+00 0.000e+00 0.000e+00 0.000e+00
2.512e-18 0.000e+00 0.000e+00 0.000e+00 0.000e+00 0.000e+00
2.818e-18 0.000e+00 0.000e+00 0.000e+00 0.000e+00 0.000e+00
3.162e-18 0.000e+00 0.000e+00 0.000e+00 0.000e+00 0.000e+00
3.548e-18 0.000e+00 0.000e+00 0.000e+00 0.000e+00 0.000e+00
3.981e-18 0.000e+00 0.000e+00 0.000e+00 0.000e+00 0.000e+00
4.467e-18 0.000e+00 0.000e+00 0.000e+00 0.000e+00 0.000e+00
5.012e-18 0.000e+00 0.000e+00 0.000e+00 0.000e+00 0.000e+00
5.623e-18 0.000e+00 0.000e+00 0.000e+00 0.000e+00 0.000e+00
6.310e-18 0.000e+00 0.000e+00 0.000e+00 0.000e+00 0.000e+00
7.079e-18 0.000e+00 0.000e+00 0.000e+00 0.000e+00 0.000e+00
7.943e-18 0.000e+00 0.000e+00 0.000e+00 0.000e+00 0.000e+00
8.913e-18 0.000e+00 0.000e+00 0.000e+00 0.000e+00 0.000e+00
1.000e-17 0.000e+00 0.000e+00 0.000e+00 0.000e+00 0.000e+00
1.122e-17 0.000e+00 0.000e+00 0.000e+00 0.000e+00 0.000e+00
1.259e-17 0.000e+00 0.000e+00 0.000e+00 0.000e+00 0.000e+00
1.413e-17 0.000e+00 0.000e+00 0.000e+00 0.000e+00 0.000e+00
1.585e-17 0.000e+00 0.000e+00 0.000e+00 0.000e+00 0.000e+00
1.778e-17 0.000e+00 0.000e+00 0.000e+00 0.000e+00 0.000e+00
1.995e-17 0.000e+00 0.000e+00 0.000e+00 0.000e+00 0.000e+00
2.239e-17 0.000e+00 0.000e+00 0.000e+00 0.000e+00 0.000e+00
2.512e-17 0.000e+00 0.000e+00 0.000e+00 0.000e+00 0.000e+00
2.818e-17 0.000e+00 0.000e+00 0.000e+00 0.000e+00 0.000e+00
3.162e-17 0.000e+00 0.000e+00 0.000e+00 0.000e+00 0.000e+00
3.548e-17 0.000e+00 0.000e+00 0.000e+00 0.000e+00 0.000e+00
3.981e-17 0.000e+00 0.000e+00 0.000e+00 0.000e+00 0.000e+00
4.467e-17 0.000e+00 0.000e+00 0.000e+00 0.000e+00 0.000e+00
5.012e-17 0.000e+00 0.000e+00 0.000e+00 0.000e+00 0.000e+00
5.623e-17 0.000e+00 0.000e+00 0.000e+00 0.000e+00 0.000e+00
6.310e-17 0.000e+00 0.000e+00 0.000e+00 0.000e+00 0.000e+00
7.079e-17 0.000e+00 0.000e+00 0.000e+00 0.000e+00 0.000e+00
7.943e-17 0.000e+00 0.000e+00 0.000e+00 0.000e+00 0.000e+00
8.913e-17 0.000e+00 0.000e+00 0.000e+00 0.000e+00 0.000e+00
1.000e-16 0.000e+00 0.000e+00 0.000e+00 0.000e+00 0.000e+00
1.122e-16 0.000e+00 0.000e+00 0.000e+00 0.000e+00 0.000e+00
1.259e-16 0.000e+00 0.000e+00 0.000e+00 0.000e+00 0.000e+00
1.413e-16 0.000e+00 0.000e+00 0.000e+00 0.000e+00 0.000e+00
1.585e-16 0.000e+00 0.000e+00 0.000e+00 0.000e+00 0.000e+00
1.778e-16 0.000e+00 0.000e+00 0.000e+00 0.000e+00 0.000e+00
1.995e-16 0.000e+00 0.000e+00 0.000e+00 0.000e+00 0.000e+00
2.239e-16 0.000e+00 0.000e+00 0.000e+00 0.000e+00 0.000e+00
2.512e-16 0.000e+00 0.000e+00 0.000e+00 0.000e+00 0.000e+00
2.818e-16 0.000e+00 0.000e+00 0.000e+00 0.000e+00 0.000e+00
3.162e-16 0.000e+00 0.000e+00 0.000e+00 0.000e+00 0.000e+00
3.548e-16 0.000e+00 0.000e+00 0.000e+00 0.000e+00 0.000e+00
3.981e-16 0.000e+00 0.000e+00 0.000e+00 0.000e+00 0.000e+00
4.467e-16 0.000e+00 0.000e+00 0.000e+00 0.000e+00 0.000e+00
5.012e-16 0.000e+00 0.000e+00 0.000e+00 0.000e+00 0.000e+00
5.623e-16 0.000e+00 0.000e+00 0.000e+00 0.000e+00 0.000e+00
6.310e-16 0.000e+00 0.000e+00 0.000e+00 0.000e+00 0.000e+00
7.079e-16 0.000e+00 0.000e+00 0.000e+00 0.000e+00 0.000e+00
7.943e-16 0.000e+00 0.000e+00 0.000e+00 0.000e+00 0.000e+00
8.913e-16 0.000e+00 0.000e+00 0.000e+00 0.000e+00 0.000e+00
1.000e-15 0.000e+00 0.000e+00 0.000e+00 0.000e+00 0.000e+00
1.122e-15 0.000e+00 0.000e+00 0.000e+00 0.000e+00 0.000e+00
1.259e-15 0.000e+00 0.000e+00 0.000e+00 0.000e+00 0.000e+00
1.413e-15 0.000e+00 0.000e+00 0.000e+00 0.000e+00 0.000e+00
1.585e-15 0.000e+00 0.000e+00 0.000e+00 0.000e+00 0.000e+00
1.778e-15 0.000e+00 0.000e+00 0.000e+00 0.000e+00 0.000e+00
1.995e-15 0.000e+00 0.000e+00 0.000e+00 0.000e+00 0.000e+00
2.239e-15 0.000e+00 0.000e+00 0.000e+00 0.000e+00 0.000e+00
2.512e-15 0.000e+00 0.000e+00 0.000e+00 0.000e+00 0.000e+00
2.818e-15 0.000e+00 0.000e+00 0.000e+00 0.000e+00 0.000e+00
3.162e-15 0.000e+00 0.000e+00 0.000e+00 0.000e+00 0.000e+00
3.548e-15 0.000e+00 0.000e+00 0.000e+00 0.000e+00 0.000e+00
3.981e-15 0.000e+00 0.000e+00 0.000e+00 0.000e+00 0.000e+00
4.467e-15 0.000e+00 0.000e+00 0.000e+00 0.000e+00 0.000e+00
5.012e-15 0.000e+00 0.000e+00 0.000e+00 0.000e+00 0.000e+00
5.623e-15 0.000e+00 0.000e+00 0.000e+00 0.000e+00 0.000e+00
6.310e-15 0.000e+00 0.000e+00 0.000e+00 0.000e+00 0.000e+00
7.079e-15 0.000e+00 0.000e+00 0.000e+00 0.000e+00 0.000e+00
7.943e-15 0.000e+00 0.000e+00 0.000e+00 0.000e+00 0.000e+00
8.913e-15 0.000e+00 0.000e+00 0.000e+00 0.000e+00 0.000e+00
1.000e-14 0.000e+00 0.000e+00 0.000e+00 0.000e+00 0.000e+00
1.122e-14 0.000e+00 0.000e+00 0.000e+00 0.000e+00 0.000e+00
1.259e-14 0.000e+00 0.000e+00 0.000e+00 0.000e+00 0.000e+00
1.413e-14 0.000e+00 0.000e+00 0.000e+00 0.000e+00 0.000e+00
1.585e-14 0.000e+00 0.000e+00 0.000e+00 0.000e+00 0.000e+00
1.778e-14 0.000e+00 0.000e+00 0.000e+00 0.000e+00 0.000e+00
1.995e-14 0.000e+00 0.000e+00 0.000e+00 0.000e+00 0.000e+00
2.239e-14 0.000e+00 0.000e+00 0.000e+00 0.000e+00 0.000e+00
2.512e-14 0.000e+00 0.000e+00 0.000e+00 0.000e+00 0.000e+00
2.818e-14 0.000e+00 0.000e+00 0.000e+00 0.000e+00 0.000e+00
3.162e-14 0.000e+00 0.000e+00 0.000e+00 0.000e+00 0.000e+00
3.548e-14 0.000e+00 0.000e+00 0.000e+00 0.000e+00 0.000e+00
3.981e-14 0.000e+00 0.000e+00 0.000e+00 0.000e+00 0.000e+00
4.467e-14 0.000e+00 0.000e+00 0.000e+00 0.000e+00 0.000e+00
5.012e-14 0.000e+00 0.000e+00 0.000e+00 0.000e+00 0.000e+00
5.623e-14 0.000e+00 0.000e+00 0.000e+00 0.000e+00 0.000e+00
6.310e-14 0.000e+00 0.000e+00 0.000e+00 0.000e+00 0.000e+00
7.079e-14 0.000e+00 0.000e+00 0.000e+00 0.000e+00 0.000e+00
7.943e-14 0.000e+00 0.000e+00 0.000e+00 0.000e+00 0.000e+00
8.913e-14 0.000e+00 0.000e+00 0.000e+00 0.000e+00 0.000e+00
1.000e-13 0.000e+00 0.000e+00 0.000e+00 0.000e+00 0.000e+00
1.122e-13 0.000e+00 0.000e+00 0.000e+00 0.000e+00 0.000e+00
1.259e-13 0.000e+00 0.000e+00 0.000e+00 0.000e+00 0.000e+00
1.413e-13 0.000e+00 0.000e+00 0.000e+00 0.000e+00 0.000e+00
1.585e-13 0.000e+00 0.000e+00 0.000e+00 0.000e+00 0.000e+00
1.778e-13 0.000e+00 0.000e+00 0.000e+00 0.000e+00 0.000e+00
1.995e-13 0.000e+00 0.000e+00 0.000e+00 0.000e+00 0.000e+00
2.239e-13 0.000e+00 0.000e+00 0.000e+00 0.000e+00 0.000e+00
2.512e-13 0.000e+00 0.000e+00 0.000e+00 0.000e+00 0.000e+00
2.818e-13 0.000e+00 0.000e+00 0.000e+00 0.000e+00 0.000e+00
3.162e-13 0.000e+00 0.000e+00 0.000e+00 0.000e+00 0.000e+00
3.548e-13 0.000e+00 0.000e+00 0.000e+00 0.000e+00 0.000e+00
3.981e-13 0.000e+00 0.000e+00 0.000e+00 0.000e+00 0.000e+00
4.467e-13 0.000e+00 0.000e+00 0.000e+00 0.000e+00 0.000e+00
5.012e-13 0.000e+00 0.000e+00 0.000e+00 0.000e+00 0.000e+00
5.623e-13 0.000e+00 0.000e+00 0.000e+00 0.000e+00 0.000e+00
6.310e-13 0.000e+00 0.000e+00 0.000e+00 0.000e+00 0.000e+00
7.079e-13 0.000e+00 0.000e+00 0.000e+00 0.000e+00 0.000e+00
7.943e-13 0.000e+00 0.000e+00 0.000e+00 0.000e+00 0.000e+00
8.913e-13 0.000e+00 0.000e+00 0.000e+00 0.000e+00 0.000e+00
1.000e-12 0.000e+00 0.000e+00 0.000e+00 0.000e+00 0.000e+00
1.122e-12 0.000e+00 0.000e+00 0.000e+00 0.000e+00 0.000e+00
1.259e-12 0.000e+00 0.000e+00 0.000e+00 0.000e+00 0.000e+00
1.413e-12 0.000e+00 0.000e+00 0.000e+00 0.000e+00 0.000e+00
1.585e-12 0.000e+00 0.000e+00 0.000e+00 0.000e+00 0.000e+00
1.778e-12 0.000e+00 0.000e+00 0.000e+00 0.000e+00 0.000e+00
1.995e-12 0.000e+00 0.000e+00 0.000e+00 0.000e+00 0.000e+00
2.239e-12 0.000e+00 0.000e+00 0.000e+00 0.000e+00 0.000e+00
2.512e-12 0.000e+00 0.000e+00 0.000e+00 0.000e+00 0.000e+00
2.818e-12 0.000e+00 0.000e+00 0.000e+00 0.000e+00 0.000e+00
3.162e-12 0.000e+00 0.000e+00 0.000e+00 0.000e+00 0.000e+00
3.548e-12 0.000e+00 0.000e+00 0.000e+00 0.000e+00 0.000e+00
3.981e-12 0.000e+00 0.000e+00 0.000e+00 0.000e+00 0.000e+00
4.467e-12 0.000e+00 0.000e+00 0.000e+00 0.000e+00 0.000e+00
5.012e-12 0.000e+00 0.000e+00 0.000e+00 0.000e+00 0.000e+00
5.623e-12 0.000e+00 0.000e+00 0.000e+00 0.000e+00 0.000e+00
6.310e-12 0.000e+00 0.000e+00 0.000e+00 0.000e+00 0.000e+00
7.079e-12 0.000e+00 0.000e+00 0.000e+00 0.000e+00 0.000e+00
7.943e-12 0.000e+00 0.000e+00 0.000e+00 0.000e+00 0.000e+00
8.913e-12 0.000e+00 0.000e+00 0.000e+00 0.000e+00 0.000e+00
1.000e-11 0.000e+00 0.000e+00 0.000e+00 0.000e+00 0.000e+00
1.122e-11 0.000e+00 0.000e+00 0.000e+00 0.000e+00 0.000e+00
1.259e-11 0.000e+00 0.000e+00 0.000e+00 0.000e+00 0.000e+00
1.413e-11 0.000e+00 0.000e+00 0.000e+00 0.000e+00 0.000e+00
1.585e-11 0.000e+00 0.000e+00 0.000e+00 0.000e+00 0.000e+00
1.778e-11 0.000e+00 0.000e+00 0.000e+00 0.000e+00 0.000e+00
1.995e-11 0.000e+00 0.000e+00 0.000e+00 0.000e+00 0.000e+00
2.239e-11 0.000e+00 0.000e+00 0.000e+00 0.000e+00 0.000e+00
2.512e-11 0.000e+00 0.000e+00 0.000e+00 0.000e+00 0.000e+00
2.818e-11 0.000e+00 0.000e+00 0.000e+00 0.000e+00 0.000e+00
3.162e-11 0.000e+00 0.000e+00 0.000e+00 0.000e+00 0.000e+00
3.548e-11 0.000e+00 0.000e+00 0.000e+00 0.000e+00 0.000e+00
3.981e-11 0.000e+00 0.000e+00 0.000e+00 0.000e+00 0.000e+00
4.467e-11 0.000e+00 0.000e+00 0.000e+00 0.000e+00 0.000e+00
5.012e-11 0.000e+00 0.000e+00 0.000e+00 0.000e+00 0.000e+00
5.623e-11 0.000e+00 0.000e+00 0.000e+00 0.000e+00 0.000e+00
6.310e-11 0.000e+00 0.000e+00 0.000e+00 0.000e+00 0.000e+00
7.079e-11 0.000e+00 0.000e+00 0.000e+00 0.000e+00 0.000e+00
7.943e-11 0.000e+00 0.000e+00 0.000e+00 0.000e+00 0.000e+00
8.913e-11 0.000e+00 0.000e+00 0.000e+00 0.000e+00 0.000e+00
1.000e-10 0.000e+00 0.000e+00 0.000e+00 0.000e+00 0.000e+00
1.122e-10 0.000e+00 0.000e+00 0.000e+00 0.000e+00 0.000e+00
1.259e-10 0.000e+00 0.000e+00 0.000e+00 0.000e+00 0.000e+00
1.413e-10 0.000e+00 0.000e+00 0.000e+00 0.000e+00 0.000e+00
1.585e-10 0.000e+00 0.000e+00 0.000e+00 0.000e+00 0.000e+00
1.778e-10 0.000e+00 0.000e+00 0.000e+00 0.000e+00 0.000e+00
1.995e-10 0.000e+00 0.000e+00 0.000e+00 0.000e+00 0.000e+00
2.239e-10 0.000e+00 0.000e+00 0.000e+00 0.000e+00 0.000e+00
2.512e-10 0.000e+00 0.000e+00 0.000e+00 0.000e+00 0.000e+00
2.818e-10 0.000e+00 0.000e+00 0.000e+00 0.000e+00 0.000e+00
3.162e-10 0.000e+00 0.000e+00 0.000e+00 0.000e+00 0.000e+00
3.548e-10 0.000e+00 0.000e+00 0.000e+00 0.000e+00 0.000e+00
3.981e-10 0.000e+00 0.000e+00 0.000e+00 0.000e+00 0.000e+00
4.467e-10 0.000e+00 0.000e+00 0.000e+00 0.000e+00 0.000e+00
5.012e-10 0.000e+00 0.000e+00 0.000e+00 0.000e+00 0.000e+00
5.623e-10 0.000e+00 0.000e+00 0.000e+00 0.000e+00 0.000e+00
6.310e-10 0.000e+00 0.000e+00 0.000e+00 0.000e+00 0.000e+00
7.079e-10 0.000e+00 0.000e+00 0.000e+00 0.000e+00 0.000e+00
7.943e-10 0.000e+00 0.000e+00 0.000e+00 0.000e+00 0.000e+00
8.913e-10 0.000e+00 0.000e+00 0.000e+00 0.000e+00 0.000e+00
1.000e-09 0.000e+00 0.000e+00 0.000e+00 0.000e+00 0.000e+00
1.122e-09 0.000e+00 0.000e+00 0.000e+00 0.000e+00 0.000e+00
1.259e-09 0.000e+00 0.000e+00 0.000e+00 0.000e+00 0.000e+00
1.413e-09 0.000e+00 0.000e+00 0.000e+00 0.000e+00 0.000e+00
1.585e-09 0.000e+00 0.000e+00 0.000e+00 0.000e+00 0.000e+00
1.778e-09 0.000e+00 0.000e+00 0.000e+00 0.000e+00 0.000e+00
1.995e-09 0.000e+00 0.000e+00 0.000e+00 0.000e+00 0.000e+00
2.239e-09 0.000e+00 0.000e+00 0.000e+00 0.000e+00 0.000e+00
2.512e-09 0.000e+00 0.000e+00 0.000e+00 0.000e+00 0.000e+00
2.818e-09 0.000e+00 0.000e+00 0.000e+00 0.000e+00 0.000e+00
3.162e-09 0.000e+00 0.000e+00 0.000e+00 0.000e+00 0.000e+00
3.548e-09 0.000e+00 0.000e+00 0.000e+00 0.000e+00 0.000e+00
3.981e-09 0.000e+00 0.000e+00 0.000e+00 0.000e+00 0.000e+00
4.467e-09 0.000e+00 0.000e+00 0.000e+00 0.000e+00 0.000e+00
5.012e-09 0.000e+00 0.000e+00 0.000e+00 0.000e+00 0.000e+00
5.623e-09 0.000e+00 0.000e+00 0.000e+00 0.000e+00 0.000e+00
6.310e-09 0.000e+00 0.000e+00 0.000e+00 0.000e+00 0.000e+00
7.079e-09 0.000e+00 0.000e+00 0.000e+00 0.000e+00 0.000e+00
7.943e-09 0.000e+00 0.000e+00 0.000e+00 0.000e+00 0.000e+00
8.913e-09 0.000e+00 0.000e+00 0.000e+00 0.000e+00 0.000e+00
1.000e-08 0.000e+00 0.000e+00 0.000e+00 0.000e+00 0.000e+00
1.122e-08 0.000e+00 0.000e+00 0.000e+00 0.000e+00 0.000e+00
1.259e-08 0.000e+00 0.000e+00 0.000e+00 0.000e+00 0.000e+00
1.413e-08 0.000e+00 0.000e+00 0.000e+00 0.000e+00 0.000e+00
1.585e-08 0.000e+00 0.000e+00 0.000e+00 0.000e+00 0.000e+00
1.778e-08 0.000e+00 0.000e+00 0.000e+00 0.000e+00 0.000e+00
1.995e-08 0.000e+00 0.000e+00 0.000e+00 0.000e+00 0.000e+00
2.239e-08 0.000e+00 0.000e+00 0.000e+00 0.000e+00 0.000e+00
2.512e-08 0.000e+00 0.000e+00 0.000e+00 0.000e+00 0.000e+00
2.818e-08 0.000e+00 0.000e+00 0.000e+00 0.000e+00 0.000e+00
3.162e-08 0.000e+00 0.000e+00 0.000e+00 0.000e+00 0.000e+00
3.548e-08 0.000e+00 0.000e+00 0.000e+00 0.000e+00 0.000e+00
3.981e-08 0.000e+00 0.000e+00 0.000e+00 0.000e+00 0.000e+00
4.467e-08 0.000e+00 0.000e+00 0.000e+00 0.000e+00 0.000e+00
5.012e-08 0.000e+00 0.000e+00 0.000e+00 0.000e+00 0.000e+00
5.623e-08 0.000e+00 0.000e+00 0.000e+00 0.000e+00 0.000e+00
6.310e-08 0.000e+00 0.000e+00 0.000e+00 0.000e+00 0.000e+00
7.079e-08 0.000e+00 0.000e+00 0.000e+00 0.000e+00 0.000e+00
7.943e-08 0.000e+00 0.000e+00 0.000e+00 0.000e+00 0.000e+00
8.913e-08 0.000e+00 0.000e+00 0.000e+00 0.000e+00 0.000e+00
1.000e-07 0.000e+00 0.000e+00 0.000e+00 0.000e+00 0.000e+00
1.122e-07 0.000e+00 0.000e+00 0.000e+00 0.000e+00 0.000e+00
1.259e-07 0.000e+00 0.000e+00 0.000e+00 0.000e+00 0.000e+00
1.413e-07 0.000e+00 0.000e+00 0.000e+00 0.000e+00 0.000e+00
1.585e-07 0.000e+00 0.000e+00 0.000e+00 0.000e+00 0.000e+00
1.778e-07 0.000e+00 0.000e+00 0.000e+00 0.000e+00 0.000e+00
1.995e-07 0.000e+00 0.000e+00 0.000e+00 0.000e+00 0.000e+00
2.239e-07 0.000e+00 0.000e+00 0.000e+00 0.000e+00 0.000e+00
2.512e-07 0.000e+00 0.000e+00 0.000e+00 0.000e+00 0.000e+00
2.818e-07 0.000e+00 0.000e+00 0.000e+00 0.000e+00 0.000e+00
3.162e-07 0.000e+00 0.000e+00 0.000e+00 0.000e+00 0.000e+00
3.548e-07 0.000e+00 0.000e+00 0.000e+00 0.000e+00 0.000e+00
3.981e-07 0.000e+00 0.000e+00 0.000e+00 0.000e+00 0.000e+00
4.467e-07 0.000e+00 0.000e+00 0.000e+00 0.000e+00 0.000e+00
5.012e-07 0.000e+00 0.000e+00 0.000e+00 0.000e+00 0.000e+00
5.623e-07 6.412e+43 3.248e+31 2.603e-25 2.141e-14 2.690e-13
6.310e-07 5.653e+43 3.606e+31 2.890e-25 2.376e-14 2.986e-13
7.079e-07 4.982e+43 4.000e+31 3.206e-25 2.636e-14 3.313e-13
7.943e-07 4.387e+43 4.435e+31 3.554e-25 2.922e-14 3.672e-13
8.913e-07 3.861e+43 4.913e+31 3.937e-25 3.238e-14 4.068e-13
1.000e-06 3.395e+43 5.439e+31 4.359e-25 3.584e-14 4.504e-13
1.122e-06 2.984e+43 6.018e+31 4.822e-25 3.966e-14 4.983e-13
1.259e-06 2.620e+43 6.653e+31 5.331e-25 4.384e-14 5.509e-13
1.413e-06 2.299e+43 7.350e+31 5.890e-25 4.843e-14 6.086e-13
1.585e-06 2.016e+43 8.113e+31 6.501e-25 5.346e-14 6.718e-13
1.778e-06 1.766e+43 8.948e+31 7.171e-25 5.897e-14 7.410e-13
1.995e-06 1.546e+43 9.862e+31 7.903e-25 6.499e-14 8.166e-13
2.239e-06 1.352e+43 1.086e+32 8.703e-25 7.156e-14 8.993e-13
2.512e-06 1.182e+43 1.195e+32 9.575e-25 7.873e-14 9.894e-13
2.818e-06 1.032e+43 1.313e+32 1.053e-24 8.655e-14 1.088e-12
3.162e-06 9.004e+42 1.443e+32 1.156e-24 9.506e-14 1.195e-12
3.548e-06 7.848e+42 1.583e+32 1.268e-24 1.043e-13 1.311e-12
3.981e-06 6.834e+42 1.735e+32 1.391e-24 1.143e-13 1.437e-12
4.467e-06 5.945e+42 1.900e+32 1.523e-24 1.252e-13 1.574e-12
5.012e-06 5.166e+42 2.079e+32 1.666e-24 1.370e-13 1.722e-12
5.623e-06 4.485e+42 2.273e+32 1.821e-24 1.498e-13 1.882e-12
6.310e-06 3.890e+42 2.481e+32 1.988e-24 1.635e-13 2.055e-12
7.079e-06 3.370e+42 2.706e+32 2.169e-24 1.783e-13 2.241e-12
7.943e-06 2.916e+42 2.948e+32 2.363e-24 1.943e-13 2.441e-12
8.913e-06 2.521e+42 3.208e+32 2.571e-24 2.114e-13 2.657e-12
1.000e-05 2.177e+42 3.487e+32 2.794e-24 2.298e-13 2.888e-12
1.122e-05 1.877e+42 3.786e+32 3.034e-24 2.495e-13 3.135e-12
1.259e-05 1.617e+42 4.105e+32 3.290e-24 2.705e-13 3.399e-12
1.413e-05 1.391e+42 4.446e+32 3.562e-24 2.929e-13 3.681e-12
1.585e-05 1.195e+42 4.808e+32 3.853e-24 3.168e-13 3.981e-12
1.778e-05 1.025e+42 5.193e+32 4.162e-24 3.422e-13 4.300e-12
1.995e-05 8.782e+41 5.602e+32 4.489e-24 3.691e-13 4.639e-12
2.239e-05 7.514e+41 6.034e+32 4.835e-24 3.976e-13 4.996e-12
2.512e-05 6.420e+41 6.490e+32 5.201e-24 4.277e-13 5.374e-12
2.818e-05 5.477e+41 6.970e+32 5.586e-24 4.593e-13 5.772e-12
3.162e-05 4.666e+41 7.475e+32 5.990e-24 4.926e-13 6.190e-12
3.548e-05 3.968e+41 8.004e+32 6.414e-24 5.274e-13 6.628e-12
3.981e-05 3.370e+41 8.556e+32 6.857e-24 5.638e-13 7.085e-12
4.467e-05 2.857e+41 9.132e+32 7.318e-24 6.017e-13 7.562e-12
5.012e-05 2.418e+41 9.730e+32 7.797e-24 6.411e-13 8.057e-12
5.623e-05 2.043e+41 1.035e+33 8.293e-24 6.820e-13 8.570e-12
6.310e-05 1.723e+41 1.099e+33 8.805e-24 7.241e-13 9.099e-12
7.079e-05 1.450e+41 1.165e+33 9.332e-24 7.674e-13 9.643e-12
7.943e-05 1.219e+41 1.232e+33 9.872e-24 8.118e-13 1.020e-11
8.913e-05 1.022e+41 1.301e+33 1.042e-23 8.571e-13 1.077e-11
1.000e-04 8.555e+40 1.371e+33 1.098e-23 9.032e-13 1.135e-11
1.122e-04 7.146e+40 1.441e+33 1.155e-23 9.498e-13 1.194e-11
1.259e-04 5.957e+40 1.513e+33 1.212e-23 9.967e-13 1.253e-11
1.413e-04 4.955e+40 1.584e+33 1.269e-23 1.044e-12 1.312e-11
1.585e-04 4.113e+40 1.655e+33 1.326e-23 1.091e-12 1.371e-11
1.778e-04 3.406e+40 1.726e+33 1.383e-23 1.137e-12 1.429e-11
1.995e-04 2.814e+40 1.795e+33 1.438e-23 1.183e-12 1.486e-11
2.239e-04 2.319e+40 1.862e+33 1.492e-23 1.227e-12 1.542e-11
2.512e-04 1.907e+40 1.928e+33 1.545e-23 1.270e-12 1.596e-11
2.818e-04 1.564e+40 1.990e+33 1.595e-23 1.312e-12 1.648e-11
3.162e-04 1.279e+40 2.050e+33 1.643e-23 1.351e-12 1.697e-11
3.548e-04 1.044e+40 2.105e+33 1.687e-23 1.387e-12 1.743e-11
3.981e-04 8.494e+39 2.157e+33 1.728e-23 1.421e-12 1.786e-11
4.467e-04 6.892e+39 2.203e+33 1.765e-23 1.452e-12 1.824e-11
5.012e-04 5.576e+39 2.244e+33 1.798e-23 1.479e-12 1.858e-11
5.623e-04 4.498e+39 2.279e+33 1.826e-23 1.502e-12 1.887e-11
6.310e-04 3.618e+39 2.308e+33 1.849e-23 1.521e-12 1.911e-11
7.079e-04 2.901e+39 2.329e+33 1.866e-23 1.535e-12 1.929e-11
7.943e-04 2.318e+39 2.344e+33 1.878e-23 1.544e-12 1.941e-11
8.913e-04 1.847e+39 2.350e+33 1.883e-23 1.549e-12 1.946e-11
1.000e-03 1.466e+39 2.349e+33 1.883e-23 1.548e-12 1.945e-11
1.122e-03 1.160e+39 2.340e+33 1.875e-23 1.542e-12 1.938e-11
1.259e-03 9.149e+38 2.323e+33 1.862e-23 1.531e-12 1.924e-11
1.413e-03 7.188e+38 2.298e+33 1.841e-23 1.514e-12 1.903e-11
1.585e-03 5.627e+38 2.264e+33 1.815e-23 1.492e-12 1.875e-11
1.778e-03 4.388e+38 2.223e+33 1.782e-23 1.465e-12 1.841e-11
1.995e-03 3.409e+38 2.174e+33 1.742e-23 1.433e-12 1.800e-11
2.239e-03 2.638e+38 2.118e+33 1.697e-23 1.396e-12 1.754e-11
2.512e-03 2.033e+38 2.055e+33 1.647e-23 1.354e-12 1.702e-11
2.818e-03 1.561e+38 1.986e+33 1.592e-23 1.309e-12 1.645e-11
3.162e-03 1.193e+38 1.912e+33 1.532e-23 1.260e-12 1.583e-11
3.548e-03 9.083e+37 1.832e+33 1.468e-23 1.207e-12 1.517e-11
3.981e-03 6.885e+37 1.748e+33 1.401e-23 1.152e-12 1.448e-11
4.467e-03 5.196e+37 1.661e+33 1.331e-23 1.095e-12 1.375e-11
5.012e-03 3.904e+37 1.571e+33 1.259e-23 1.035e-12 1.301e-11
5.623e-03 2.921e+37 1.480e+33 1.186e-23 9.751e-13 1.225e-11
6.310e-03 2.175e+37 1.387e+33 1.112e-23 9.142e-13 1.149e-11
7.079e-03 1.612e+37 1.295e+33 1.037e-23 8.531e-13 1.072e-11
7.943e-03 1.190e+37 1.203e+33 9.638e-24 7.925e-13 9.959e-12
8.913e-03 8.738e+36 1.112e+33 8.912e-24 7.328e-13 9.209e-12
1.000e-02 6.389e+36 1.024e+33 8.203e-24 6.745e-13 8.476e-12
1.122e-02 4.649e+36 9.378e+32 7.515e-24 6.180e-13 7.766e-12
1.259e-02 3.368e+36 8.553e+32 6.854e-24 5.636e-13 7.083e-12
1.413e-02 2.429e+36 7.766e+32 6.224e-24 5.118e-13 6.431e-12
1.585e-02 1.745e+36 7.023e+32 5.628e-24 4.628e-13 5.815e-12
1.778e-02 1.249e+36 6.326e+32 5.069e-24 4.169e-13 5.238e-12
1.995e-02 8.904e+35 5.680e+32 4.551e-24 3.743e-13 4.703e-12
2.239e-02 6.333e+35 5.086e+32 4.075e-24 3.351e-13 4.211e-12
2.512e-02 4.496e+35 4.545e+32 3.642e-24 2.995e-13 3.764e-12
2.818e-02 3.188e+35 4.058e+32 3.252e-24 2.674e-13 3.360e-12
3.162e-02 2.260e+35 3.622e+32 2.902e-24 2.386e-13 2.999e-12
3.548e-02 1.603e+35 3.234e+32 2.591e-24 2.131e-13 2.678e-12
3.981e-02 1.138e+35 2.890e+32 2.316e-24 1.904e-13 2.393e-12
4.467e-02 8.086e+34 2.585e+32 2.072e-24 1.703e-13 2.141e-12
5.012e-02 5.754e+34 2.316e+32 1.856e-24 1.526e-13 1.917e-12
5.623e-02 4.099e+34 2.077e+32 1.664e-24 1.369e-13 1.720e-12
6.310e-02 2.924e+34 1.865e+32 1.494e-24 1.229e-13 1.544e-12
7.079e-02 2.088e+34 1.676e+32 1.343e-24 1.105e-13 1.388e-12
7.943e-02 1.492e+34 1.508e+32 1.209e-24 9.939e-14 1.249e-12
8.913e-02 1.067e+34 1.358e+32 1.088e-24 8.948e-14 1.124e-12
1.000e-01 7.634e+33 1.223e+32 9.801e-25 8.060e-14 1.013e-12
1.122e-01 5.464e+33 1.102e+32 8.832e-25 7.262e-14 9.126e-13
1.259e-01 3.912e+33 9.933e+31 7.960e-25 6.546e-14 8.225e-13
1.413e-01 2.801e+33 8.954e+31 7.175e-25 5.900e-14 7.414e-13
1.585e-01 2.005e+33 8.071e+31 6.468e-25 5.318e-14 6.683e-13
1.778e-01 1.436e+33 7.275e+31 5.830e-25 4.794e-14 6.024e-13
1.995e-01 1.028e+33 6.556e+31 5.254e-25 4.320e-14 5.429e-13
2.239e-01 7.357e+32 5.908e+31 4.734e-25 3.893e-14 4.892e-13
2.512e-01 5.264e+32 5.322e+31 4.265e-25 3.507e-14 4.407e-13
2.818e-01 3.766e+32 4.792e+31 3.840e-25 3.158e-14 3.968e-13
3.162e-01 2.693e+32 4.314e+31 3.457e-25 2.843e-14 3.572e-13
3.548e-01 1.925e+32 3.882e+31 3.111e-25 2.558e-14 3.215e-13
3.981e-01 1.375e+32 3.491e+31 2.798e-25 2.301e-14 2.891e-13
4.467e-01 9.818e+31 3.138e+31 2.515e-25 2.068e-14 2.599e-13
5.012e-01 7.006e+31 2.820e+31 2.260e-25 1.858e-14 2.335e-13
5.623e-01 4.997e+31 2.532e+31 2.029e-25 1.668e-14 2.096e-13
6.310e-01 3.561e+31 2.272e+31 1.820e-25 1.497e-14 1.881e-13
7.079e-01 2.536e+31 2.037e+31 1.632e-25 1.342e-14 1.687e-13
7.943e-01 1.805e+31 1.825e+31 1.462e-25 1.202e-14 1.511e-13
8.913e-01 1.284e+31 1.633e+31 1.309e-25 1.076e-14 1.353e-13
1.000e+00 9.119e+30 1.461e+31 1.171e-25 9.627e-15 1.210e-13
1.122e+00 6.472e+30 1.306e+31 1.046e-25 8.603e-15 1.081e-13
1.259e+00 4.589e+30 1.165e+31 9.339e-26 7.679e-15 9.650e-14
1.413e+00 3.251e+30 1.039e+31 8.328e-26 6.848e-15 8.606e-14
1.585e+00 2.300e+30 9.257e+30 7.418e-26 6.100e-15 7.665e-14
1.778e+00 1.625e+30 8.235e+30 6.599e-26 5.427e-15 6.819e-14
1.995e+00 1.147e+30 7.317e+30 5.864e-26 4.822e-15 6.059e-14
2.239e+00 8.086e+29 6.493e+30 5.203e-26 4.279e-15 5.377e-14
2.512e+00 5.691e+29 5.753e+30 4.610e-26 3.791e-15 4.764e-14
2.818e+00 3.999e+29 5.090e+30 4.079e-26 3.354e-15 4.215e-14
3.162e+00 2.806e+29 4.496e+30 3.603e-26 2.962e-15 3.723e-14
3.548e+00 1.965e+29 3.964e+30 3.177e-26 2.612e-15 3.283e-14
3.981e+00 1.374e+29 3.489e+30 2.796e-26 2.299e-15 2.889e-14
4.467e+00 9.588e+28 3.065e+30 2.456e-26 2.020e-15 2.538e-14
5.012e+00 6.676e+28 2.687e+30 2.153e-26 1.771e-15 2.225e-14
5.623e+00 4.639e+28 2.350e+30 1.883e-26 1.549e-15 1.946e-14
6.310e+00 3.216e+28 2.051e+30 1.644e-26 1.352e-15 1.698e-14
7.079e+00 2.224e+28 1.786e+30 1.431e-26 1.177e-15 1.479e-14
7.943e+00 1.534e+28 1.550e+30 1.242e-26 1.022e-15 1.284e-14
8.913e+00 1.055e+28 1.342e+30 1.076e-26 8.845e-16 1.112e-14
1.000e+01 7.233e+27 1.159e+30 9.286e-27 7.636e-16 9.596e-15
1.122e+01 4.944e+27 9.972e+29 7.991e-27 6.571e-16 8.257e-15
1.259e+01 3.368e+27 8.552e+29 6.853e-27 5.635e-16 7.082e-15
1.413e+01 2.286e+27 7.308e+29 5.856e-27 4.815e-16 6.051e-15
1.585e+01 1.546e+27 6.221e+29 4.985e-27 4.099e-16 5.151e-15
1.778e+01 1.041e+27 5.273e+29 4.226e-27 3.475e-16 4.367e-15
1.995e+01 6.977e+26 4.450e+29 3.566e-27 2.933e-16 3.685e-15
2.239e+01 4.655e+26 3.738e+29 2.996e-27 2.463e-16 3.096e-15
2.512e+01 3.090e+26 3.124e+29 2.504e-27 2.059e-16 2.587e-15
2.818e+01 2.040e+26 2.597e+29 2.081e-27 1.711e-16 2.150e-15
3.162e+01 1.339e+26 2.145e+29 1.719e-27 1.414e-16 1.777e-15
3.548e+01 8.732e+25 1.761e+29 1.411e-27 1.161e-16 1.459e-15
3.981e+01 5.656e+25 1.436e+29 1.151e-27 9.464e-17 1.189e-15
4.467e+01 3.636e+25 1.162e+29 9.314e-28 7.659e-17 9.625e-16
5.012e+01 2.319e+25 9.331e+28 7.477e-28 6.149e-17 7.727e-16
5.623e+01 1.466e+25 7.425e+28 5.950e-28 4.893e-17 6.149e-16
6.310e+01 9.175e+24 5.852e+28 4.690e-28 3.856e-17 4.846e-16
7.079e+01 5.684e+24 4.564e+28 3.658e-28 3.008e-17 3.780e-16
7.943e+01 3.481e+24 3.519e+28 2.820e-28 2.319e-17 2.914e-16
8.913e+01 2.105e+24 2.680e+28 2.147e-28 1.766e-17 2.219e-16
1.000e+02 1.256e+24 2.012e+28 1.612e-28 1.326e-17 1.666e-16
1.122e+02 7.374e+23 1.487e+28 1.192e-28 9.802e-18 1.232e-16
1.259e+02 4.257e+23 1.081e+28 8.663e-29 7.123e-18 8.951e-17
1.413e+02 2.411e+23 7.707e+27 6.176e-29 5.079e-18 6.382e-17
1.585e+02 1.336e+23 5.378e+27 4.309e-29 3.544e-18 4.453e-17
1.778e+02 7.228e+22 3.662e+27 2.935e-29 2.413e-18 3.032e-17
1.995e+02 3.803e+22 2.426e+27 1.944e-29 1.598e-18 2.009e-17
2.239e+02 1.938e+22 1.556e+27 1.247e-29 1.026e-18 1.289e-17
2.512e+02 9.520e+21 9.623e+26 7.712e-30 6.341e-19 7.969e-18
2.818e+02 4.478e+21 5.698e+26 4.566e-30 3.755e-19 4.719e-18
3.162e+02 2.000e+21 3.205e+26 2.568e-30 2.112e-19 2.654e-18
3.548e+02 8.394e+20 1.693e+26 1.357e-30 1.116e-19 1.402e-18
3.981e+02 3.261e+20 8.281e+25 6.636e-31 5.457e-20 6.857e-19
4.467e+02 1.148e+20 3.671e+25 2.942e-31 2.419e-20 3.040e-19
5.012e+02 3.554e+19 1.430e+25 1.146e-31 9.424e-21 1.184e-19
5.623e+02 9.202e+18 4.662e+24 3.736e-32 3.072e-21 3.860e-20
6.310e+02 1.831e+18 1.168e+24 9.361e-33 7.698e-22 9.673e-21
7.079e+02 2.368e+17 1.901e+23 1.523e-33 1.253e-22 1.574e-21
7.943e+02 1.290e+16 1.304e+22 1.045e-34 8.594e-24 1.080e-22
8.913e+02 2.974e+13 3.784e+19 3.033e-37 2.494e-26 3.134e-25
1.000e+03 0.000e+00 0.000e+00 0.000e+00 0.000e+00 0.000e+00
1.122e+03 0.000e+00 0.000e+00 0.000e+00 0.000e+00 0.000e+00
1.259e+03 0.000e+00 0.000e+00 0.000e+00 0.000e+00 0.000e+00
1.413e+03 0.000e+00 0.000e+00 0.000e+00 0.000e+00 0.000e+00
1.585e+03 0.000e+00 0.000e+00 0.000e+00 0.000e+00 0.000e+00
1.778e+03 0.000e+00 0.000e+00 0.000e+00 0.000e+00 0.000e+00
1.995e+03 0.000e+00 0.000e+00 0.000e+00 0.000e+00 0.000e+00
2.239e+03 0.000e+00 0.000e+00 0.000e+00 0.000e+00 0.000e+00
2.512e+03 0.000e+00 0.000e+00 0.000e+00 0.000e+00 0.000e+00
2.818e+03 0.000e+00 0.000e+00 0.000e+00 0.000e+00 0.000e+00
3.162e+03 0.000e+00 0.000e+00 0.000e+00 0.000e+00 0.000e+00
3.548e+03 0.000e+00 0.000e+00 0.000e+00 0.000e+00 0.000e+00
3.981e+03 0.000e+00 0.000e+00 0.000e+00 0.000e+00 0.000e+00
4.467e+03 0.000e+00 0.000e+00 0.000e+00 0.000e+00 0.000e+00
5.012e+03 0.000e+00 0.000e+00 0.000e+00 0.000e+00 0.000e+00
5.623e+03 0.000e+00 0.000e+00 0.000e+00 0.000e+00 0.000e+00
6.310e+03 0.000e+00 0.000e+00 0.000e+00 0.000e+00 0.000e+00
7.079e+03 0.000e+00 0.000e+00 0.000e+00 0.000e+00 0.000e+00
7.943e+03 0.000e+00 0.000e+00 0.000e+00 0.000e+00 0.000e+00
8.913e+03 0.000e+00 0.000e+00 0.000e+00 0.000e+00 0.000e+00
1.000e+04 0.000e+00 0.000e+00 0.000e+00 0.000e+00 0.000e+00
1.122e+04 0.000e+00 0.000e+00 0.000e+00 0.000e+00 0.000e+00
1.259e+04 0.000e+00 0.000e+00 0.000e+00 0.000e+00 0.000e+00
1.413e+04 0.000e+00 0.000e+00 0.000e+00 0.000e+00 0.000e+00
1.585e+04 0.000e+00 0.000e+00 0.000e+00 0.000e+00 0.000e+00
1.778e+04 0.000e+00 0.000e+00 0.000e+00 0.000e+00 0.000e+00
1.995e+04 0.000e+00 0.000e+00 0.000e+00 0.000e+00 0.000e+00
2.239e+04 0.000e+00 0.000e+00 0.000e+00 0.000e+00 0.000e+00
2.512e+04 0.000e+00 0.000e+00 0.000e+00 0.000e+00 0.000e+00
2.818e+04 0.000e+00 0.000e+00 0.000e+00 0.000e+00 0.000e+00
3.162e+04 0.000e+00 0.000e+00 0.000e+00 0.000e+00 0.000e+00
3.548e+04 0.000e+00 0.000e+00 0.000e+00 0.000e+00 0.000e+00
3.981e+04 0.000e+00 0.000e+00 0.000e+00 0.000e+00 0.000e+00
4.467e+04 0.000e+00 0.000e+00 0.000e+00 0.000e+00 0.000e+00
5.012e+04 0.000e+00 0.000e+00 0.000e+00 0.000e+00 0.000e+00
5.623e+04 0.000e+00 0.000e+00 0.000e+00 0.000e+00 0.000e+00
6.310e+04 0.000e+00 0.000e+00 0.000e+00 0.000e+00 0.000e+00
7.079e+04 0.000e+00 0.000e+00 0.000e+00 0.000e+00 0.000e+00
7.943e+04 0.000e+00 0.000e+00 0.000e+00 0.000e+00 0.000e+00
8.913e+04 0.000e+00 0.000e+00 0.000e+00 0.000e+00 0.000e+00
1.000e+05 0.000e+00 0.000e+00 0.000e+00 0.000e+00 0.000e+00
1.122e+05 0.000e+00 0.000e+00 0.000e+00 0.000e+00 0.000e+00
1.259e+05 0.000e+00 0.000e+00 0.000e+00 0.000e+00 0.000e+00
1.413e+05 0.000e+00 0.000e+00 0.000e+00 0.000e+00 0.000e+00
1.585e+05 0.000e+00 0.000e+00 0.000e+00 0.000e+00 0.000e+00
1.778e+05 0.000e+00 0.000e+00 0.000e+00 0.000e+00 0.000e+00
1.995e+05 0.000e+00 0.000e+00 0.000e+00 0.000e+00 0.000e+00
2.239e+05 0.000e+00 0.000e+00 0.000e+00 0.000e+00 0.000e+00
2.512e+05 0.000e+00 0.000e+00 0.000e+00 0.000e+00 0.000e+00
2.818e+05 0.000e+00 0.000e+00 0.000e+00 0.000e+00 0.000e+00
3.162e+05 0.000e+00 0.000e+00 0.000e+00 0.000e+00 0.000e+00
3.548e+05 0.000e+00 0.000e+00 0.000e+00 0.000e+00 0.000e+00
3.981e+05 0.000e+00 0.000e+00 0.000e+00 0.000e+00 0.000e+00
4.467e+05 0.000e+00 0.000e+00 0.000e+00 0.000e+00 0.000e+00
5.012e+05 0.000e+00 0.000e+00 0.000e+00 0.000e+00 0.000e+00
5.623e+05 0.000e+00 0.000e+00 0.000e+00 0.000e+00 0.000e+00
6.310e+05 0.000e+00 0.000e+00 0.000e+00 0.000e+00 0.000e+00
7.079e+05 0.000e+00 0.000e+00 0.000e+00 0.000e+00 0.000e+00
7.943e+05 0.000e+00 0.000e+00 0.000e+00 0.000e+00 0.000e+00
8.913e+05 0.000e+00 0.000e+00 0.000e+00 0.000e+00 0.000e+00
1.000e+06 0.000e+00 0.000e+00 0.000e+00 0.000e+00 0.000e+00
1.122e+06 0.000e+00 0.000e+00 0.000e+00 0.000e+00 0.000e+00
1.259e+06 0.000e+00 0.000e+00 0.000e+00 0.000e+00 0.000e+00
1.413e+06 0.000e+00 0.000e+00 0.000e+00 0.000e+00 0.000e+00
1.585e+06 0.000e+00 0.000e+00 0.000e+00 0.000e+00 0.000e+00
1.778e+06 0.000e+00 0.000e+00 0.000e+00 0.000e+00 0.000e+00
1.995e+06 0.000e+00 0.000e+00 0.000e+00 0.000e+00 0.000e+00
2.239e+06 0.000e+00 0.000e+00 0.000e+00 0.000e+00 0.000e+00
2.512e+06 0.000e+00 0.000e+00 0.000e+00 0.000e+00 0.000e+00
2.818e+06 0.000e+00 0.000e+00 0.000e+00 0.000e+00 0.000e+00
3.162e+06 0.000e+00 0.000e+00 0.000e+00 0.000e+00 0.000e+00
3.548e+06 0.000e+00 0.000e+00 0.000e+00 0.000e+00 0.000e+00
3.981e+06 0.000e+00 0.000e+00 0.000e+00 0.000e+00 0.000e+00
4.467e+06 0.000e+00 0.000e+00 0.000e+00 0.000e+00 0.000e+00
5.012e+06 0.000e+00 0.000e+00 0.000e+00 0.000e+00 0.000e+00
5.623e+06 0.000e+00 0.000e+00 0.000e+00 0.000e+00 0.000e+00
6.310e+06 0.000e+00 0.000e+00 0.000e+00 0.000e+00 0.000e+00
7.079e+06 0.000e+00 0.000e+00 0.000e+00 0.000e+00 0.000e+00
7.943e+06 0.000e+00 0.000e+00 0.000e+00 0.000e+00 0.000e+00
8.913e+06 0.000e+00 0.000e+00 0.000e+00 0.000e+00 0.000e+00
1.000e+07 0.000e+00 0.000e+00 0.000e+00 0.000e+00 0.000e+00
1.122e+07 0.000e+00 0.000e+00 0.000e+00 0.000e+00 0.000e+00
1.259e+07 0.000e+00 0.000e+00 0.000e+00 0.000e+00 0.000e+00
1.413e+07 0.000e+00 0.000e+00 0.000e+00 0.000e+00 0.000e+00
1.585e+07 0.000e+00 0.000e+00 0.000e+00 0.000e+00 0.000e+00
1.778e+07 0.000e+00 0.000e+00 0.000e+00 0.000e+00 0.000e+00
1.995e+07 0.000e+00 0.000e+00 0.000e+00 0.000e+00 0.000e+00
2.239e+07 0.000e+00 0.000e+00 0.000e+00 0.000e+00 0.000e+00
2.512e+07 0.000e+00 0.000e+00 0.000e+00 0.000e+00 0.000e+00
2.818e+07 0.000e+00 0.000e+00 0.000e+00 0.000e+00 0.000e+00
3.162e+07 0.000e+00 0.000e+00 0.000e+00 0.000e+00 0.000e+00
3.548e+07 0.000e+00 0.000e+00 0.000e+00 0.000e+00 0.000e+00
3.981e+07 0.000e+00 0.000e+00 0.000e+00 0.000e+00 0.000e+00
4.467e+07 0.000e+00 0.000e+00 0.000e+00 0.000e+00 0.000e+00
5.012e+07 0.000e+00 0.000e+00 0.000e+00 0.000e+00 0.000e+00
5.623e+07 0.000e+00 0.000e+00 0.000e+00 0.000e+00 0.000e+00
6.310e+07 0.000e+00 0.000e+00 0.000e+00 0.000e+00 0.000e+00
7.079e+07 0.000e+00 0.000e+00 0.000e+00 0.000e+00 0.000e+00
7.943e+07 0.000e+00 0.000e+00 0.000e+00 0.000e+00 0.000e+00
8.913e+07 0.000e+00 0.000e+00 0.000e+00 0.000e+00 0.000e+00
1.000e+08 0.000e+00 0.000e+00 0.000e+00 0.000e+00 0.000e+00
