1.000e-20 0.000e+00 0.000e+00 0.000e+00 0.000e+00 0.000e+00
1.122e-20 0.000e+00 0.000e+00 0.000e+00 0.000e+00 0.000e+00
1.259e-20 0.000e+00 0.000e+00 0.000e+00 0.000e+00 0.000e+00
1.413e-20 0.000e+00 0.000e+00 0.000e+00 0.000e+00 0.000e+00
1.585e-20 0.000e+00 0.000e+00 0.000e+00 0.000e+00 0.000e+00
1.778e-20 0.000e+00 0.000e+00 0.000e+00 0.000e+00 0.000e+00
1.995e-20 0.000e+00 0.000e+00 0.000e+00 0.000e+00 0.000e+00
2.239e-20 0.000e+00 0.000e+00 0.000e+00 0.000e+00 0.000e+00
2.512e-20 0.000e+00 0.000e+00 0.000e+00 0.000e+00 0.000e+00
2.818e-20 0.000e+00 0.000e+00 0.000e+00 0.000e+00 0.000e+00
3.162e-20 0.000e+00 0.000e+00 0.000e+00 0.000e+00 0.000e+00
3.548e-20 0.000e+00 0.000e+00 0.000e+00 0.000e+00 0.000e+00
3.981e-20 0.000e+00 0.000e+00 0.000e+00 0.000e+00 0.000e+00
4.467e-20 0.000e+00 0.000e+00 0.000e+00 0.000e+00 0.000e+00
5.012e-20 0.000e+00 0.000e+00 0.000e+00 0.000e+00 0.000e+00
5.623e-20 0.000e+00 0.000e+00 0.000e+00 0.000e+00 0.000e+00
6.310e-20 0.000e+00 0.000e+00 0.000e+00 0.000e+00 0.000e+00
7.079e-20 0.000e+00 0.000e+00 0.000e+00 0.000e+00 0.000e+00
7.943e-20 0.000e+00 0.000e+00 0.000e+00 0.000e+00 0.000e+00
8.913e-20 0.000e+00 0.000e+00 0.000e+00 0.000e+00 0.000e+00
1.000e-19 0.000e+00 0.000e+00 0.000e+00 0.000e+00 0.000e+00
1.122e-19 0.000e+00 0.000e+00 0.000e+00 0.000e+00 0.000e+00
1.259e-19 0.000e+00 0.000e+00 0.000e+00 0.000e+00 0.000e+00
1.413e-19 0.000e+00 0.000e+00 0.000e+00 0.000e+00 0.000e+00
1.585e-19 0.000e+00 0.000e+00 0.000e+00 0.000e+00 0.000e+00
1.778e-19 0.000e+00 0.000e+00 0.000e+00 0.000e+00 0.000e+00
1.995e-19 0.000e+00 0.000e+00 0.000e+00 0.000e+00 0.000e+00
2.239e-19 0.000e+00 0.000e+00 0.000e+00 0.000e+00 0.000e+00
2.512e-19 0.000e+00 0.000e+00 0.000e+00 0.000e+00 0.000e+00
2.818e-19 0.000e+00 0.000e+00 0.000e+00 0.000e+00 0.000e+00
3.162e-19 0.000e+00 0.000e+00 0.000e+00 0.000e+00 0.000e+00
3.548e-19 0.000e+00 0.000e+00 0.000e+00 0.000e+00 0.000e+00
3.981e-19 0.000e+00 0.000e+00 0.000e+00 0.000e+00 0.000e+00
4.467e-19 0.000e+00 0.000e+00 0.000e+00 0.000e+00 0.000e+00
5.012e-19 0.000e+00 0.000e+00 0.000e+00 0.000e+00 0.000e+00
5.623e-19 0.000e+00 0.000e+00 0.000e+00 0.000e+00 0.000e+00
6.310e-19 0.000e+00 0.000e+00 0.000e+00 0.000e+00 0.000e+00
7.079e-19 0.000e+00 0.000e+00 0.000e+00 0.000e+00 0.000e+00
7.943e-19 0.000e+00 0.000e+00 0.000e+00 0.000e+00 0.000e+00
8.913e-19 0.000e+00 0.000e+00 0.000e+00 0.000e+00 0.000e+00
1.000e-18 0.000e+00 0.000e+00 0.000e+00 0.000e+00 0.000e+00
1.122e-18 0.000e+00 0.000e+00 0.000e+00 0.000e+00 0.000e+00
1.259e-18 0.000e+00 0.000e+00 0.000e+00 0.000e+00 0.000e+00
1.413e-18 0.000e+00 0.000e+00 0.000e+00 0.000e+00 0.000e+00
1.585e-18 0.000e+00 0.000e+00 0.000e+00 0.000e+00 0.000e+00
1.778e-18 0.000e+00 0.000e+00 0.000e+00 0.000e+00 0.000e+00
1.995e-18 0.000e+00 0.000e+00 0.000e+00 0.000e+00 0.000e+00
2.239e-18 0.000e+00 0.000e+00 0.000e+00 0.000e+00 0.000e+00
2.512e-18 0.000e+00 0.000e+00 0.000e+00 0.000e+00 0.000e+00
2.818e-18 0.000e+00 0.000e+00 0.000e+00 0.000e+00 0.000e+00
3.162e-18 0.000e+00 0.000e+00 0.000e+00 0.000e+00 0.000e+00
3.548e-18 0.000e+00 0.000e+00 0.000e+00 0.000e+00 0.000e+00
3.981e-18 0.000e+00 0.000e+00 0.000e+00 0.000e+00 0.000e+00
4.467e-18 0.000e+00 0.000e+00 0.000e+00 0.000e+00 0.000e+00
5.012e-18 0.000e+00 0.000e+00 0.000e+00 0.000e+00 0.000e+00
5.623e-18 0.000e+00 0.000e+00 0.000e+00 0.000e+00 0.000e+00
6.310e-18 0.000e+00 0.000e+00 0.000e+00 0.000e+00 0.000e+00
7.079e-18 0.000e+00 0.000e+00 0.000e+00 0.000e+00 0.000e+00
7.943e-18 0.000e+00 0.000e+00 0.000e+00 0.000e+00 0.000e+00
8.913e-18 0.000e+00 0.000e+00 0.000e+00 0.000e+00 0.000e+00
1.000e-17 0.000e+00 0.000e+00 0.000e+00 0.000e+00 0.000e+00
1.122e-17 0.000e+00 0.000e+00 0.000e+00 0.000e+00 0.000e+00
1.259e-17 0.000e+00 0.000e+00 0.000e+00 0.000e+00 0.000e+00
1.413e-17 0.000e+00 0.000e+00 0.000e+00 0.000e+00 0.000e+00
1.585e-17 0.000e+00 0.000e+00 0.000e+00 0.000e+00 0.000e+00
1.778e-17 0.000e+00 0.000e+00 0.000e+00 0.000e+00 0.000e+00
1.995e-17 0.000e+00 0.000e+00 0.000e+00 0.000e+00 0.000e+00
2.239e-17 0.000e+00 0.000e+00 0.000e+00 0.000e+00 0.000e+00
2.512e-17 0.000e+00 0.000e+00 0.000e+00 0.000e+00 0.000e+00
2.818e-17 0.000e+00 0.000e+00 0.000e+00 0.000e+00 0.000e+00
3.162e-17 0.000e+00 0.000e+00 0.000e+00 0.000e+00 0.000e+00
3.548e-17 0.000e+00 0.000e+00 0.000e+00 0.000e+00 0.000e+00
3.981e-17 0.000e+00 0.000e+00 0.000e+00 0.000e+00 0.000e+00
4.467e-17 0.000e+00 0.000e+00 0.000e+00 0.000e+00 0.000e+00
5.012e-17 0.000e+00 0.000e+00 0.000e+00 0.000e+00 0.000e+00
5.623e-17 0.000e+00 0.000e+00 0.000e+00 0.000e+00 0.000e+00
6.310e-17 0.000e+00 0.000e+00 0.000e+00 0.000e+00 0.000e+00
7.079e-17 0.000e+00 0.000e+00 0.000e+00 0.000e+00 0.000e+00
7.943e-17 0.000e+00 0.000e+00 0.000e+00 0.000e+00 0.000e+00
8.913e-17 0.000e+00 0.000e+00 0.000e+00 0.000e+00 0.000e+00
1.000e-16 0.000e+00 0.000e+00 0.000e+00 0.000e+00 0.000e+00
1.122e-16 0.000e+00 0.000e+00 0.000e+00 0.000e+00 0.000e+00
1.259e-16 0.000e+00 0.000e+00 0.000e+00 0.000e+00 0.000e+00
1.413e-16 0.000e+00 0.000e+00 0.000e+00 0.000e+00 0.000e+00
1.585e-16 0.000e+00 0.000e+00 0.000e+00 0.000e+00 0.000e+00
1.778e-16 0.000e+00 0.000e+00 0.000e+00 0.000e+00 0.000e+00
1.995e-16 0.000e+00 0.000e+00 0.000e+00 0.000e+00 0.000e+00
2.239e-16 0.000e+00 0.000e+00 0.000e+00 0.000e+00 0.000e+00
2.512e-16 0.000e+00 0.000e+00 0.000e+00 0.000e+00 0.000e+00
2.818e-16 0.000e+00 0.000e+00 0.000e+00 0.000e+00 0.000e+00
3.162e-16 0.000e+00 0.000e+00 0.000e+00 0.000e+00 0.000e+00
3.548e-16 0.000e+00 0.000e+00 0.000e+00 0.000e+00 0.000e+00
3.981e-16 0.000e+00 0.000e+00 0.000e+00 0.000e+00 0.000e+00
4.467e-16 0.000e+00 0.000e+00 0.000e+00 0.000e+00 0.000e+00
5.012e-16 0.000e+00 0.000e+00 0.000e+00 0.000e+00 0.000e+00
5.623e-16 0.000e+00 0.000e+00 0.000e+00 0.000e+00 0.000e+00
6.310e-16 0.000e+00 0.000e+00 0.000e+00 0.000e+00 0.000e+00
7.079e-16 0.000e+00 0.000e+00 0.000e+00 0.000e+00 0.000e+00
7.943e-16 0.000e+00 0.000e+00 0.000e+00 0.000e+00 0.000e+00
8.913e-16 0.000e+00 0.000e+00 0.000e+00 0.000e+00 0.000e+00
1.000e-15 0.000e+00 0.000e+00 0.000e+00 0.000e+00 0.000e+00
1.122e-15 0.000e+00 0.000e+00 0.000e+00 0.000e+00 0.000e+00
1.259e-15 0.000e+00 0.000e+00 0.000e+00 0.000e+00 0.000e+00
1.413e-15 0.000e+00 0.000e+00 0.000e+00 0.000e+00 0.000e+00
1.585e-15 0.000e+00 0.000e+00 0.000e+00 0.000e+00 0.000e+00
1.778e-15 0.000e+00 0.000e+00 0.000e+00 0.000e+00 0.000e+00
1.995e-15 0.000e+00 0.000e+00 0.000e+00 0.000e+00 0.000e+00
2.239e-15 0.000e+00 0.000e+00 0.000e+00 0.000e+00 0.000e+00
2.512e-15 0.000e+00 0.000e+00 0.000e+00 0.000e+00 0.000e+00
2.818e-15 0.000e+00 0.000e+00 0.000e+00 0.000e+00 0.000e+00
3.162e-15 0.000e+00 0.000e+00 0.000e+00 0.000e+00 0.000e+00
3.548e-15 0.000e+00 0.000e+00 0.000e+00 0.000e+00 0.000e+00
3.981e-15 0.000e+00 0.000e+00 0.000e+00 0.000e+00 0.000e+00
4.467e-15 0.000e+00 0.000e+00 0.000e+00 0.000e+00 0.000e+00
5.012e-15 0.000e+00 0.000e+00 0.000e+00 0.000e+00 0.000e+00
5.623e-15 0.000e+00 0.000e+00 0.000e+00 0.000e+00 0.000e+00
6.310e-15 0.000e+00 0.000e+00 0.000e+00 0.000e+00 0.000e+00
7.079e-15 0.000e+00 0.000e+00 0.000e+00 0.000e+00 0.000e+00
7.943e-15 0.000e+00 0.000e+00 0.000e+00 0.000e+00 0.000e+00
8.913e-15 0.000e+00 0.000e+00 0.000e+00 0.000e+00 0.000e+00
1.000e-14 0.000e+00 0.000e+00 0.000e+00 0.000e+00 0.000e+00
1.122e-14 0.000e+00 0.000e+00 0.000e+00 0.000e+00 0.000e+00
1.259e-14 0.000e+00 0.000e+00 0.000e+00 0.000e+00 0.000e+00
1.413e-14 0.000e+00 0.000e+00 0.000e+00 0.000e+00 0.000e+00
1.585e-14 0.000e+00 0.000e+00 0.000e+00 0.000e+00 0.000e+00
1.778e-14 0.000e+00 0.000e+00 0.000e+00 0.000e+00 0.000e+00
1.995e-14 0.000e+00 0.000e+00 0.000e+00 0.000e+00 0.000e+00
2.239e-14 0.000e+00 0.000e+00 0.000e+00 0.000e+00 0.000e+00
2.512e-14 0.000e+00 0.000e+00 0.000e+00 0.000e+00 0.000e+00
2.818e-14 0.000e+00 0.000e+00 0.000e+00 0.000e+00 0.000e+00
3.162e-14 0.000e+00 0.000e+00 0.000e+00 0.000e+00 0.000e+00
3.548e-14 0.000e+00 0.000e+00 0.000e+00 0.000e+00 0.000e+00
3.981e-14 0.000e+00 0.000e+00 0.000e+00 0.000e+00 0.000e+00
4.467e-14 0.000e+00 0.000e+00 0.000e+00 0.000e+00 0.000e+00
5.012e-14 0.000e+00 0.000e+00 0.000e+00 0.000e+00 0.000e+00
5.623e-14 0.000e+00 0.000e+00 0.000e+00 0.000e+00 0.000e+00
6.310e-14 0.000e+00 0.000e+00 0.000e+00 0.000e+00 0.000e+00
7.079e-14 0.000e+00 0.000e+00 0.000e+00 0.000e+00 0.000e+00
7.943e-14 0.000e+00 0.000e+00 0.000e+00 0.000e+00 0.000e+00
8.913e-14 0.000e+00 0.000e+00 0.000e+00 0.000e+00 0.000e+00
1.000e-13 0.000e+00 0.000e+00 0.000e+00 0.000e+00 0.000e+00
1.122e-13 0.000e+00 0.000e+00 0.000e+00 0.000e+00 0.000e+00
1.259e-13 0.000e+00 0.000e+00 0.000e+00 0.000e+00 0.000e+00
1.413e-13 0.000e+00 0.000e+00 0.000e+00 0.000e+00 0.000e+00
1.585e-13 0.000e+00 0.000e+00 0.000e+00 0.000e+00 0.000e+00
1.778e-13 0.000e+00 0.000e+00 0.000e+00 0.000e+00 0.000e+00
1.995e-13 0.000e+00 0.000e+00 0.000e+00 0.000e+00 0.000e+00
2.239e-13 0.000e+00 0.000e+00 0.000e+00 0.000e+00 0.000e+00
2.512e-13 0.000e+00 0.000e+00 0.000e+00 0.000e+00 0.000e+00
2.818e-13 0.000e+00 0.000e+00 0.000e+00 0.000e+00 0.000e+00
3.162e-13 0.000e+00 0.000e+00 0.000e+00 0.000e+00 0.000e+00
3.548e-13 0.000e+00 0.000e+00 0.000e+00 0.000e+00 0.000e+00
3.981e-13 0.000e+00 0.000e+00 0.000e+00 0.000e+00 0.000e+00
4.467e-13 0.000e+00 0.000e+00 0.000e+00 0.000e+00 0.000e+00
5.012e-13 0.000e+00 0.000e+00 0.000e+00 0.000e+00 0.000e+00
5.623e-13 0.000e+00 0.000e+00 0.000e+00 0.000e+00 0.000e+00
6.310e-13 0.000e+00 0.000e+00 0.000e+00 0.000e+00 0.000e+00
7.079e-13 0.000e+00 0.000e+00 0.000e+00 0.000e+00 0.000e+00
7.943e-13 0.000e+00 0.000e+00 0.000e+00 0.000e+00 0.000e+00
8.913e-13 0.000e+00 0.000e+00 0.000e+00 0.000e+00 0.000e+00
1.000e-12 0.000e+00 0.000e+00 0.000e+00 0.000e+00 0.000e+00
1.122e-12 0.000e+00 0.000e+00 0.000e+00 0.000e+00 0.000e+00
1.259e-12 0.000e+00 0.000e+00 0.000e+00 0.000e+00 0.000e+00
1.413e-12 0.000e+00 0.000e+00 0.000e+00 0.000e+00 0.000e+00
1.585e-12 0.000e+00 0.000e+00 0.000e+00 0.000e+00 0.000e+00
1.778e-12 0.000e+00 0.000e+00 0.000e+00 0.000e+00 0.000e+00
1.995e-12 0.000e+00 0.000e+00 0.000e+00 0.000e+00 0.000e+00
2.239e-12 0.000e+00 0.000e+00 0.000e+00 0.000e+00 0.000e+00
2.512e-12 0.000e+00 0.000e+00 0.000e+00 0.000e+00 0.000e+00
2.818e-12 0.000e+00 0.000e+00 0.000e+00 0.000e+00 0.000e+00
3.162e-12 0.000e+00 0.000e+00 0.000e+00 0.000e+00 0.000e+00
3.548e-12 0.000e+00 0.000e+00 0.000e+00 0.000e+00 0.000e+00
3.981e-12 0.000e+00 0.000e+00 0.000e+00 0.000e+00 0.000e+00
4.467e-12 0.000e+00 0.000e+00 0.000e+00 0.000e+00 0.000e+00
5.012e-12 0.000e+00 0.000e+00 0.000e+00 0.000e+00 0.000e+00
5.623e-12 0.000e+00 0.000e+00 0.000e+00 0.000e+00 0.000e+00
6.310e-12 0.000e+00 0.000e+00 0.000e+00 0.000e+00 0.000e+00
7.079e-12 0.000e+00 0.000e+00 0.000e+00 0.000e+00 0.000e+00
7.943e-12 0.000e+00 0.000e+00 0.000e+00 0.000e+00 0.000e+00
8.913e-12 0.000e+00 0.000e+00 0.000e+00 0.000e+00 0.000e+00
1.000e-11 0.000e+00 0.000e+00 0.000e+00 0.000e+00 0.000e+00
1.122e-11 0.000e+00 0.000e+00 0.000e+00 0.000e+00 0.000e+00
1.259e-11 0.000e+00 0.000e+00 0.000e+00 0.000e+00 0.000e+00
1.413e-11 0.000e+00 0.000e+00 0.000e+00 0.000e+00 0.000e+00
1.585e-11 0.000e+00 0.000e+00 0.000e+00 0.000e+00 0.000e+00
1.778e-11 0.000e+00 0.000e+00 0.000e+00 0.000e+00 0.000e+00
1.995e-11 0.000e+00 0.000e+00 0.000e+00 0.000e+00 0.000e+00
2.239e-11 0.000e+00 0.000e+00 0.000e+00 0.000e+00 0.000e+00
2.512e-11 0.000e+00 0.000e+00 0.000e+00 0.000e+00 0.000e+00
2.818e-11 0.000e+00 0.000e+00 0.000e+00 0.000e+00 0.000e+00
3.162e-11 0.000e+00 0.000e+00 0.000e+00 0.000e+00 0.000e+00
3.548e-11 0.000e+00 0.000e+00 0.000e+00 0.000e+00 0.000e+00
3.981e-11 0.000e+00 0.000e+00 0.000e+00 0.000e+00 0.000e+00
4.467e-11 0.000e+00 0.000e+00 0.000e+00 0.000e+00 0.000e+00
5.012e-11 0.000e+00 0.000e+00 0.000e+00 0.000e+00 0.000e+00
5.623e-11 0.000e+00 0.000e+00 0.000e+00 0.000e+00 0.000e+00
6.310e-11 0.000e+00 0.000e+00 0.000e+00 0.000e+00 0.000e+00
7.079e-11 0.000e+00 0.000e+00 0.000e+00 0.000e+00 0.000e+00
7.943e-11 0.000e+00 0.000e+00 0.000e+00 0.000e+00 0.000e+00
8.913e-11 0.000e+00 0.000e+00 0.000e+00 0.000e+00 0.000e+00
1.000e-10 0.000e+00 0.000e+00 0.000e+00 0.000e+00 0.000e+00
1.122e-10 0.000e+00 0.000e+00 0.000e+00 0.000e+00 0.000e+00
1.259e-10 0.000e+00 0.000e+00 0.000e+00 0.000e+00 0.000e+00
1.413e-10 0.000e+00 0.000e+00 0.000e+00 0.000e+00 0.000e+00
1.585e-10 0.000e+00 0.000e+00 0.000e+00 0.000e+00 0.000e+00
1.778e-10 0.000e+00 0.000e+00 0.000e+00 0.000e+00 0.000e+00
1.995e-10 0.000e+00 0.000e+00 0.000e+00 0.000e+00 0.000e+00
2.239e-10 0.000e+00 0.000e+00 0.000e+00 0.000e+00 0.000e+00
2.512e-10 0.000e+00 0.000e+00 0.000e+00 0.000e+00 0.000e+00
2.818e-10 0.000e+00 0.000e+00 0.000e+00 0.000e+00 0.000e+00
3.162e-10 0.000e+00 0.000e+00 0.000e+00 0.000e+00 0.000e+00
3.548e-10 0.000e+00 0.000e+00 0.000e+00 0.000e+00 0.000e+00
3.981e-10 0.000e+00 0.000e+00 0.000e+00 0.000e+00 0.000e+00
4.467e-10 0.000e+00 0.000e+00 0.000e+00 0.000e+00 0.000e+00
5.012e-10 0.000e+00 0.000e+00 0.000e+00 0.000e+00 0.000e+00
5.623e-10 0.000e+00 0.000e+00 0.000e+00 0.000e+00 0.000e+00
6.310e-10 0.000e+00 0.000e+00 0.000e+00 0.000e+00 0.000e+00
7.079e-10 0.000e+00 0.000e+00 0.000e+00 0.000e+00 0.000e+00
7.943e-10 0.000e+00 0.000e+00 0.000e+00 0.000e+00 0.000e+00
8.913e-10 0.000e+00 0.000e+00 0.000e+00 0.000e+00 0.000e+00
1.000e-09 0.000e+00 0.000e+00 0.000e+00 0.000e+00 0.000e+00
1.122e-09 0.000e+00 0.000e+00 0.000e+00 0.000e+00 0.000e+00
1.259e-09 0.000e+00 0.000e+00 0.000e+00 0.000e+00 0.000e+00
1.413e-09 0.000e+00 0.000e+00 0.000e+00 0.000e+00 0.000e+00
1.585e-09 0.000e+00 0.000e+00 0.000e+00 0.000e+00 0.000e+00
1.778e-09 0.000e+00 0.000e+00 0.000e+00 0.000e+00 0.000e+00
1.995e-09 0.000e+00 0.000e+00 0.000e+00 0.000e+00 0.000e+00
2.239e-09 0.000e+00 0.000e+00 0.000e+00 0.000e+00 0.000e+00
2.512e-09 0.000e+00 0.000e+00 0.000e+00 0.000e+00 0.000e+00
2.818e-09 0.000e+00 0.000e+00 0.000e+00 0.000e+00 0.000e+00
3.162e-09 0.000e+00 0.000e+00 0.000e+00 0.000e+00 0.000e+00
3.548e-09 0.000e+00 0.000e+00 0.000e+00 0.000e+00 0.000e+00
3.981e-09 0.000e+00 0.000e+00 0.000e+00 0.000e+00 0.000e+00
4.467e-09 0.000e+00 0.000e+00 0.000e+00 0.000e+00 0.000e+00
5.012e-09 0.000e+00 0.000e+00 0.000e+00 0.000e+00 0.000e+00
5.623e-09 0.000e+00 0.000e+00 0.000e+00 0.000e+00 0.000e+00
6.310e-09 0.000e+00 0.000e+00 0.000e+00 0.000e+00 0.000e+00
7.079e-09 0.000e+00 0.000e+00 0.000e+00 0.000e+00 0.000e+00
7.943e-09 0.000e+00 0.000e+00 0.000e+00 0.000e+00 0.000e+00
8.913e-09 0.000e+00 0.000e+00 0.000e+00 0.000e+00 0.000e+00
1.000e-08 0.000e+00 0.000e+00 0.000e+00 0.000e+00 0.000e+00
1.122e-08 0.000e+00 0.000e+00 0.000e+00 0.000e+00 0.000e+00
1.259e-08 0.000e+00 0.000e+00 0.000e+00 0.000e+00 0.000e+00
1.413e-08 0.000e+00 0.000e+00 0.000e+00 0.000e+00 0.000e+00
1.585e-08 0.000e+00 0.000e+00 0.000e+00 0.000e+00 0.000e+00
1.778e-08 0.000e+00 0.000e+00 0.000e+00 0.000e+00 0.000e+00
1.995e-08 0.000e+00 0.000e+00 0.000e+00 0.000e+00 0.000e+00
2.239e-08 0.000e+00 0.000e+00 0.000e+00 0.000e+00 0.000e+00
2.512e-08 0.000e+00 0.000e+00 0.000e+00 0.000e+00 0.000e+00
2.818e-08 0.000e+00 0.000e+00 0.000e+00 0.000e+00 0.000e+00
3.162e-08 0.000e+00 0.000e+00 0.000e+00 0.000e+00 0.000e+00
3.548e-08 0.000e+00 0.000e+00 0.000e+00 0.000e+00 0.000e+00
3.981e-08 0.000e+00 0.000e+00 0.000e+00 0.000e+00 0.000e+00
4.467e-08 0.000e+00 0.000e+00 0.000e+00 0.000e+00 0.000e+00
5.012e-08 0.000e+00 0.000e+00 0.000e+00 0.000e+00 0.000e+00
5.623e-08 0.000e+00 0.000e+00 0.000e+00 0.000e+00 0.000e+00
6.310e-08 0.000e+00 0.000e+00 0.000e+00 0.000e+00 0.000e+00
7.079e-08 0.000e+00 0.000e+00 0.000e+00 0.000e+00 0.000e+00
7.943e-08 0.000e+00 0.000e+00 0.000e+00 0.000e+00 0.000e+00
8.913e-08 0.000e+00 0.000e+00 0.000e+00 0.000e+00 0.000e+00
1.000e-07 0.000e+00 0.000e+00 0.000e+00 0.000e+00 0.000e+00
1.122e-07 0.000e+00 0.000e+00 0.000e+00 0.000e+00 0.000e+00
1.259e-07 0.000e+00 0.000e+00 0.000e+00 0.000e+00 0.000e+00
1.413e-07 0.000e+00 0.000e+00 0.000e+00 0.000e+00 0.000e+00
1.585e-07 0.000e+00 0.000e+00 0.000e+00 0.000e+00 0.000e+00
1.778e-07 0.000e+00 0.000e+00 0.000e+00 0.000e+00 0.000e+00
1.995e-07 0.000e+00 0.000e+00 0.000e+00 0.000e+00 0.000e+00
2.239e-07 0.000e+00 0.000e+00 0.000e+00 0.000e+00 0.000e+00
2.512e-07 0.000e+00 0.000e+00 0.000e+00 0.000e+00 0.000e+00
2.818e-07 0.000e+00 0.000e+00 0.000e+00 0.000e+00 0.000e+00
3.162e-07 0.000e+00 0.000e+00 0.000e+00 0.000e+00 0.000e+00
3.548e-07 0.000e+00 0.000e+00 0.000e+00 0.000e+00 0.000e+00
3.981e-07 0.000e+00 0.000e+00 0.000e+00 0.000e+00 0.000e+00
4.467e-07 0.000e+00 0.000e+00 0.000e+00 0.000e+00 0.000e+00
5.012e-07 0.000e+00 0.000e+00 0.000e+00 0.000e+00 0.000e+00
5.623e-07 2.562e+45 1.298e+33 1.040e-23 8.553e-13 1.075e-11
6.310e-07 2.535e+45 1.617e+33 1.296e-23 1.065e-12 1.339e-11
7.079e-07 2.507e+45 2.013e+33 1.613e-23 1.326e-12 1.667e-11
7.943e-07 2.477e+45 2.504e+33 2.007e-23 1.650e-12 2.073e-11
8.913e-07 2.446e+45 3.113e+33 2.495e-23 2.051e-12 2.578e-11
1.000e-06 2.414e+45 3.867e+33 3.099e-23 2.548e-12 3.202e-11
1.122e-06 2.380e+45 4.801e+33 3.848e-23 3.164e-12 3.976e-11
1.259e-06 2.346e+45 5.956e+33 4.773e-23 3.925e-12 4.932e-11
1.413e-06 2.310e+45 7.384e+33 5.917e-23 4.865e-12 6.114e-11
1.585e-06 2.273e+45 9.146e+33 7.329e-23 6.027e-12 7.573e-11
1.778e-06 2.234e+45 1.132e+34 9.071e-23 7.459e-12 9.374e-11
1.995e-06 2.195e+45 1.400e+34 1.122e-22 9.225e-12 1.159e-10
2.239e-06 2.154e+45 1.730e+34 1.386e-22 1.140e-11 1.432e-10
2.512e-06 2.113e+45 2.136e+34 1.711e-22 1.407e-11 1.768e-10
2.818e-06 2.070e+45 2.634e+34 2.111e-22 1.736e-11 2.181e-10
3.162e-06 2.026e+45 3.247e+34 2.602e-22 2.139e-11 2.688e-10
3.548e-06 1.982e+45 3.998e+34 3.203e-22 2.634e-11 3.310e-10
3.981e-06 1.937e+45 4.917e+34 3.941e-22 3.240e-11 4.072e-10
4.467e-06 1.890e+45 6.043e+34 4.843e-22 3.982e-11 5.004e-10
5.012e-06 1.843e+45 7.419e+34 5.945e-22 4.889e-11 6.143e-10
5.623e-06 1.796e+45 9.099e+34 7.291e-22 5.996e-11 7.534e-10
6.310e-06 1.748e+45 1.115e+35 8.933e-22 7.346e-11 9.231e-10
7.079e-06 1.699e+45 1.364e+35 1.093e-21 8.990e-11 1.130e-09
7.943e-06 1.650e+45 1.668e+35 1.336e-21 1.099e-10 1.381e-09
8.913e-06 1.600e+45 2.036e+35 1.632e-21 1.342e-10 1.686e-09
1.000e-05 1.550e+45 2.484e+35 1.990e-21 1.637e-10 2.057e-09
1.122e-05 1.500e+45 3.025e+35 2.424e-21 1.994e-10 2.505e-09
1.259e-05 1.450e+45 3.681e+35 2.950e-21 2.426e-10 3.048e-09
1.413e-05 1.399e+45 4.473e+35 3.584e-21 2.948e-10 3.704e-09
1.585e-05 1.349e+45 5.428e+35 4.350e-21 3.577e-10 4.495e-09
1.778e-05 1.299e+45 6.579e+35 5.272e-21 4.335e-10 5.448e-09
1.995e-05 1.248e+45 7.963e+35 6.381e-21 5.247e-10 6.594e-09
2.239e-05 1.198e+45 9.624e+35 7.712e-21 6.342e-10 7.969e-09
2.512e-05 1.149e+45 1.161e+36 9.308e-21 7.654e-10 9.618e-09
2.818e-05 1.100e+45 1.400e+36 1.122e-20 9.224e-10 1.159e-08
3.162e-05 1.051e+45 1.684e+36 1.350e-20 1.110e-09 1.395e-08
3.548e-05 1.003e+45 2.023e+36 1.622e-20 1.333e-09 1.676e-08
3.981e-05 9.558e+44 2.427e+36 1.945e-20 1.599e-09 2.010e-08
4.467e-05 9.092e+44 2.907e+36 2.329e-20 1.915e-09 2.407e-08
5.012e-05 8.634e+44 3.475e+36 2.785e-20 2.290e-09 2.877e-08
5.623e-05 8.185e+44 4.147e+36 3.323e-20 2.733e-09 3.434e-08
6.310e-05 7.746e+44 4.941e+36 3.959e-20 3.256e-09 4.091e-08
7.079e-05 7.317e+44 5.875e+36 4.708e-20 3.872e-09 4.865e-08
7.943e-05 6.898e+44 6.974e+36 5.588e-20 4.595e-09 5.775e-08
8.913e-05 6.491e+44 8.261e+36 6.620e-20 5.444e-09 6.841e-08
1.000e-04 6.096e+44 9.768e+36 7.827e-20 6.436e-09 8.088e-08
1.122e-04 5.714e+44 1.153e+37 9.236e-20 7.595e-09 9.544e-08
1.259e-04 5.344e+44 1.357e+37 1.087e-19 8.942e-09 1.124e-07
1.413e-04 4.988e+44 1.594e+37 1.278e-19 1.051e-08 1.320e-07
1.585e-04 4.645e+44 1.869e+37 1.498e-19 1.232e-08 1.548e-07
1.778e-04 4.316e+44 2.187e+37 1.752e-19 1.441e-08 1.811e-07
1.995e-04 4.001e+44 2.552e+37 2.045e-19 1.682e-08 2.113e-07
2.239e-04 3.700e+44 2.971e+37 2.381e-19 1.958e-08 2.460e-07
2.512e-04 3.413e+44 3.450e+37 2.765e-19 2.274e-08 2.857e-07
2.818e-04 3.141e+44 3.997e+37 3.203e-19 2.634e-08 3.310e-07
3.162e-04 2.883e+44 4.619e+37 3.701e-19 3.044e-08 3.825e-07
3.548e-04 2.639e+44 5.323e+37 4.265e-19 3.507e-08 4.408e-07
3.981e-04 2.409e+44 6.117e+37 4.902e-19 4.031e-08 5.066e-07
4.467e-04 2.193e+44 7.011e+37 5.618e-19 4.620e-08 5.806e-07
5.012e-04 1.991e+44 8.012e+37 6.421e-19 5.280e-08 6.635e-07
5.623e-04 1.802e+44 9.129e+37 7.316e-19 6.016e-08 7.560e-07
6.310e-04 1.626e+44 1.037e+38 8.310e-19 6.834e-08 8.587e-07
7.079e-04 1.463e+44 1.174e+38 9.411e-19 7.739e-08 9.725e-07
7.943e-04 1.311e+44 1.326e+38 1.062e-18 8.736e-08 1.098e-06
8.913e-04 1.172e+44 1.492e+38 1.195e-18 9.829e-08 1.235e-06
1.000e-03 1.044e+44 1.673e+38 1.340e-18 1.102e-07 1.385e-06
1.122e-03 9.268e+43 1.869e+38 1.498e-18 1.232e-07 1.548e-06
1.259e-03 8.198e+43 2.082e+38 1.668e-18 1.372e-07 1.724e-06
1.413e-03 7.226e+43 2.310e+38 1.851e-18 1.522e-07 1.913e-06
1.585e-03 6.346e+43 2.554e+38 2.046e-18 1.683e-07 2.115e-06
1.778e-03 5.551e+43 2.813e+38 2.254e-18 1.853e-07 2.329e-06
1.995e-03 4.838e+43 3.086e+38 2.473e-18 2.033e-07 2.555e-06
2.239e-03 4.200e+43 3.372e+38 2.702e-18 2.222e-07 2.793e-06
2.512e-03 3.631e+43 3.671e+38 2.941e-18 2.419e-07 3.040e-06
2.818e-03 3.126e+43 3.979e+38 3.189e-18 2.622e-07 3.295e-06
3.162e-03 2.681e+43 4.295e+38 3.442e-18 2.830e-07 3.557e-06
3.548e-03 2.289e+43 4.617e+38 3.700e-18 3.042e-07 3.823e-06
3.981e-03 1.946e+43 4.941e+38 3.960e-18 3.256e-07 4.092e-06
4.467e-03 1.647e+43 5.265e+38 4.220e-18 3.470e-07 4.360e-06
5.012e-03 1.388e+43 5.586e+38 4.476e-18 3.681e-07 4.625e-06
5.623e-03 1.164e+43 5.899e+38 4.727e-18 3.887e-07 4.885e-06
6.310e-03 9.722e+42 6.201e+38 4.969e-18 4.086e-07 5.135e-06
7.079e-03 8.080e+42 6.488e+38 5.200e-18 4.276e-07 5.373e-06
7.943e-03 6.685e+42 6.758e+38 5.415e-18 4.453e-07 5.596e-06
8.913e-03 5.504e+42 7.004e+38 5.613e-18 4.616e-07 5.800e-06
1.000e-02 4.510e+42 7.226e+38 5.791e-18 4.762e-07 5.984e-06
1.122e-02 3.678e+42 7.419e+38 5.946e-18 4.889e-07 6.144e-06
1.259e-02 2.986e+42 7.582e+38 6.076e-18 4.996e-07 6.279e-06
1.413e-02 2.413e+42 7.713e+38 6.181e-18 5.083e-07 6.387e-06
1.585e-02 1.941e+42 7.812e+38 6.260e-18 5.148e-07 6.469e-06
1.778e-02 1.555e+42 7.880e+38 6.315e-18 5.193e-07 6.525e-06
1.995e-02 1.242e+42 7.920e+38 6.347e-18 5.219e-07 6.558e-06
2.239e-02 9.884e+41 7.937e+38 6.360e-18 5.230e-07 6.572e-06
2.512e-02 7.850e+41 7.936e+38 6.360e-18 5.229e-07 6.572e-06
2.818e-02 6.227e+41 7.924e+38 6.350e-18 5.222e-07 6.562e-06
3.162e-02 4.936e+41 7.908e+38 6.337e-18 5.211e-07 6.548e-06
3.548e-02 3.913e+41 7.892e+38 6.324e-18 5.200e-07 6.535e-06
3.981e-02 3.103e+41 7.880e+38 6.314e-18 5.192e-07 6.525e-06
4.467e-02 2.463e+41 7.874e+38 6.310e-18 5.188e-07 6.520e-06
5.012e-02 1.957e+41 7.875e+38 6.311e-18 5.189e-07 6.521e-06
5.623e-02 1.556e+41 7.883e+38 6.317e-18 5.195e-07 6.528e-06
6.310e-02 1.238e+41 7.898e+38 6.329e-18 5.204e-07 6.540e-06
7.079e-02 9.860e+40 7.918e+38 6.345e-18 5.218e-07 6.557e-06
7.943e-02 7.855e+40 7.941e+38 6.364e-18 5.233e-07 6.576e-06
8.913e-02 6.260e+40 7.966e+38 6.384e-18 5.249e-07 6.597e-06
1.000e-01 4.988e+40 7.992e+38 6.404e-18 5.266e-07 6.618e-06
1.122e-01 3.974e+40 8.016e+38 6.424e-18 5.282e-07 6.638e-06
1.259e-01 3.165e+40 8.038e+38 6.441e-18 5.296e-07 6.656e-06
1.413e-01 2.520e+40 8.056e+38 6.455e-18 5.308e-07 6.671e-06
1.585e-01 2.005e+40 8.069e+38 6.466e-18 5.317e-07 6.682e-06
1.778e-01 1.594e+40 8.076e+38 6.472e-18 5.322e-07 6.688e-06
1.995e-01 1.266e+40 8.077e+38 6.472e-18 5.322e-07 6.688e-06
2.239e-01 1.005e+40 8.070e+38 6.467e-18 5.318e-07 6.682e-06
2.512e-01 7.967e+39 8.054e+38 6.454e-18 5.307e-07 6.669e-06
2.818e-01 6.309e+39 8.029e+38 6.434e-18 5.291e-07 6.649e-06
3.162e-01 4.990e+39 7.995e+38 6.407e-18 5.268e-07 6.620e-06
3.548e-01 3.941e+39 7.949e+38 6.370e-18 5.238e-07 6.583e-06
3.981e-01 3.108e+39 7.893e+38 6.325e-18 5.201e-07 6.536e-06
4.467e-01 2.448e+39 7.825e+38 6.270e-18 5.156e-07 6.479e-06
5.012e-01 1.924e+39 7.744e+38 6.206e-18 5.103e-07 6.413e-06
5.623e-01 1.510e+39 7.651e+38 6.132e-18 5.042e-07 6.336e-06
6.310e-01 1.183e+39 7.546e+38 6.047e-18 4.972e-07 6.248e-06
7.079e-01 9.248e+38 7.426e+38 5.951e-18 4.894e-07 6.150e-06
7.943e-01 7.215e+38 7.294e+38 5.845e-18 4.806e-07 6.040e-06
8.913e-01 5.617e+38 7.148e+38 5.728e-18 4.710e-07 5.919e-06
1.000e+00 4.362e+38 6.989e+38 5.600e-18 4.605e-07 5.787e-06
1.122e+00 3.379e+38 6.816e+38 5.462e-18 4.491e-07 5.644e-06
1.259e+00 2.611e+38 6.630e+38 5.313e-18 4.369e-07 5.490e-06
1.413e+00 2.012e+38 6.432e+38 5.154e-18 4.238e-07 5.326e-06
1.585e+00 1.546e+38 6.222e+38 4.986e-18 4.100e-07 5.152e-06
1.778e+00 1.184e+38 6.000e+38 4.808e-18 3.954e-07 4.968e-06
1.995e+00 9.042e+37 5.767e+38 4.622e-18 3.800e-07 4.776e-06
2.239e+00 6.880e+37 5.525e+38 4.427e-18 3.641e-07 4.575e-06
2.512e+00 5.217e+37 5.274e+38 4.226e-18 3.475e-07 4.367e-06
2.818e+00 3.941e+37 5.015e+38 4.019e-18 3.305e-07 4.153e-06
3.162e+00 2.965e+37 4.750e+38 3.807e-18 3.130e-07 3.934e-06
3.548e+00 2.221e+37 4.481e+38 3.591e-18 2.953e-07 3.710e-06
3.981e+00 1.657e+37 4.208e+38 3.372e-18 2.773e-07 3.484e-06
4.467e+00 1.230e+37 3.933e+38 3.152e-18 2.592e-07 3.257e-06
5.012e+00 9.090e+36 3.658e+38 2.932e-18 2.411e-07 3.029e-06
5.623e+00 6.682e+36 3.385e+38 2.713e-18 2.231e-07 2.803e-06
6.310e+00 4.884e+36 3.115e+38 2.497e-18 2.053e-07 2.580e-06
7.079e+00 3.550e+36 2.851e+38 2.284e-18 1.878e-07 2.361e-06
7.943e+00 2.565e+36 2.593e+38 2.078e-18 1.708e-07 2.147e-06
8.913e+00 1.841e+36 2.343e+38 1.877e-18 1.544e-07 1.940e-06
1.000e+01 1.312e+36 2.103e+38 1.685e-18 1.386e-07 1.741e-06
1.122e+01 9.290e+35 1.874e+38 1.502e-18 1.235e-07 1.552e-06
1.259e+01 6.527e+35 1.657e+38 1.328e-18 1.092e-07 1.372e-06
1.413e+01 4.549e+35 1.454e+38 1.165e-18 9.582e-08 1.204e-06
1.585e+01 3.144e+35 1.265e+38 1.014e-18 8.337e-08 1.048e-06
1.778e+01 2.153e+35 1.091e+38 8.742e-19 7.188e-08 9.033e-07
1.995e+01 1.461e+35 9.317e+37 7.467e-19 6.140e-08 7.715e-07
2.239e+01 9.812e+34 7.879e+37 6.314e-19 5.192e-08 6.524e-07
2.512e+01 6.521e+34 6.592e+37 5.283e-19 4.344e-08 5.459e-07
2.818e+01 4.285e+34 5.454e+37 4.370e-19 3.594e-08 4.516e-07
3.162e+01 2.782e+34 4.458e+37 3.572e-19 2.938e-08 3.692e-07
3.548e+01 1.784e+34 3.598e+37 2.883e-19 2.371e-08 2.979e-07
3.981e+01 1.128e+34 2.865e+37 2.296e-19 1.888e-08 2.373e-07
4.467e+01 7.035e+33 2.249e+37 1.802e-19 1.482e-08 1.862e-07
5.012e+01 4.320e+33 1.738e+37 1.393e-19 1.146e-08 1.440e-07
5.623e+01 2.609e+33 1.322e+37 1.059e-19 8.711e-09 1.095e-07
6.310e+01 1.549e+33 9.880e+36 7.917e-20 6.510e-09 8.181e-08
7.079e+01 9.025e+32 7.247e+36 5.808e-20 4.776e-09 6.001e-08
7.943e+01 5.155e+32 5.211e+36 4.176e-20 3.434e-09 4.315e-08
8.913e+01 2.882e+32 3.668e+36 2.940e-20 2.417e-09 3.038e-08
1.000e+02 1.575e+32 2.524e+36 2.022e-20 1.663e-09 2.090e-08
1.122e+02 8.399e+31 1.694e+36 1.358e-20 1.116e-09 1.403e-08
1.259e+02 4.361e+31 1.107e+36 8.875e-21 7.298e-10 9.171e-09
1.413e+02 2.201e+31 7.037e+35 5.639e-21 4.637e-10 5.827e-09
1.585e+02 1.077e+31 4.336e+35 3.475e-21 2.857e-10 3.590e-09
1.778e+02 5.101e+30 2.584e+35 2.071e-21 1.703e-10 2.140e-09
1.995e+02 2.330e+30 1.486e+35 1.191e-21 9.791e-11 1.230e-09
2.239e+02 1.023e+30 8.217e+34 6.585e-22 5.415e-11 6.804e-10
2.512e+02 4.309e+29 4.356e+34 3.490e-22 2.870e-11 3.607e-10
2.818e+02 1.732e+29 2.205e+34 1.767e-22 1.453e-11 1.826e-10
3.162e+02 6.625e+28 1.061e+34 8.506e-23 6.994e-12 8.789e-11
3.548e+02 2.398e+28 4.837e+33 3.877e-23 3.188e-12 4.006e-11
3.981e+02 8.177e+27 2.076e+33 1.664e-23 1.368e-12 1.719e-11
4.467e+02 2.611e+27 8.346e+32 6.688e-24 5.500e-13 6.911e-12
5.012e+02 7.757e+26 3.122e+32 2.502e-24 2.057e-13 2.585e-12
5.623e+02 2.129e+26 1.079e+32 8.644e-25 7.108e-14 8.932e-13
6.310e+02 5.356e+25 3.416e+31 2.738e-25 2.251e-14 2.829e-13
7.079e+02 1.224e+25 9.829e+30 7.877e-26 6.477e-15 8.139e-14
7.943e+02 2.516e+24 2.543e+30 2.038e-26 1.676e-15 2.106e-14
8.913e+02 4.599e+23 5.852e+29 4.690e-27 3.857e-16 4.846e-15
1.000e+03 7.382e+22 1.183e+29 9.478e-28 7.794e-17 9.794e-16
1.122e+03 1.026e+22 2.070e+28 1.659e-28 1.364e-17 1.714e-16
1.259e+03 1.216e+21 3.087e+27 2.474e-29 2.034e-18 2.556e-17
1.413e+03 1.205e+20 3.854e+26 3.088e-30 2.539e-19 3.191e-18
1.585e+03 9.808e+18 3.947e+25 3.163e-31 2.601e-20 3.268e-19
1.778e+03 6.397e+17 3.241e+24 2.597e-32 2.136e-21 2.684e-20
1.995e+03 3.259e+16 2.079e+23 1.666e-33 1.370e-22 1.721e-21
2.239e+03 1.259e+15 1.011e+22 8.098e-35 6.659e-24 8.368e-23
2.512e+03 3.560e+13 3.599e+20 2.884e-36 2.372e-25 2.980e-24
2.818e+03 7.102e+11 9.039e+18 7.243e-38 5.956e-27 7.485e-26
3.162e+03 9.587e+09 1.536e+17 1.231e-39 1.012e-28 1.272e-27
3.548e+03 8.392e+07 1.693e+15 1.356e-41 1.115e-30 1.402e-29
3.981e+03 4.478e+05 1.137e+13 9.113e-44 7.494e-33 9.417e-32
4.467e+03 7.530e+02 2.407e+10 1.929e-46 1.586e-35 1.993e-34
5.012e+03 0.000e+00 0.000e+00 0.000e+00 0.000e+00 0.000e+00
5.623e+03 0.000e+00 0.000e+00 0.000e+00 0.000e+00 0.000e+00
6.310e+03 0.000e+00 0.000e+00 0.000e+00 0.000e+00 0.000e+00
7.079e+03 0.000e+00 0.000e+00 0.000e+00 0.000e+00 0.000e+00
7.943e+03 0.000e+00 0.000e+00 0.000e+00 0.000e+00 0.000e+00
8.913e+03 0.000e+00 0.000e+00 0.000e+00 0.000e+00 0.000e+00
1.000e+04 0.000e+00 0.000e+00 0.000e+00 0.000e+00 0.000e+00
1.122e+04 0.000e+00 0.000e+00 0.000e+00 0.000e+00 0.000e+00
1.259e+04 0.000e+00 0.000e+00 0.000e+00 0.000e+00 0.000e+00
1.413e+04 0.000e+00 0.000e+00 0.000e+00 0.000e+00 0.000e+00
1.585e+04 0.000e+00 0.000e+00 0.000e+00 0.000e+00 0.000e+00
1.778e+04 0.000e+00 0.000e+00 0.000e+00 0.000e+00 0.000e+00
1.995e+04 0.000e+00 0.000e+00 0.000e+00 0.000e+00 0.000e+00
2.239e+04 0.000e+00 0.000e+00 0.000e+00 0.000e+00 0.000e+00
2.512e+04 0.000e+00 0.000e+00 0.000e+00 0.000e+00 0.000e+00
2.818e+04 0.000e+00 0.000e+00 0.000e+00 0.000e+00 0.000e+00
3.162e+04 0.000e+00 0.000e+00 0.000e+00 0.000e+00 0.000e+00
3.548e+04 0.000e+00 0.000e+00 0.000e+00 0.000e+00 0.000e+00
3.981e+04 0.000e+00 0.000e+00 0.000e+00 0.000e+00 0.000e+00
4.467e+04 0.000e+00 0.000e+00 0.000e+00 0.000e+00 0.000e+00
5.012e+04 0.000e+00 0.000e+00 0.000e+00 0.000e+00 0.000e+00
5.623e+04 0.000e+00 0.000e+00 0.000e+00 0.000e+00 0.000e+00
6.310e+04 0.000e+00 0.000e+00 0.000e+00 0.000e+00 0.000e+00
7.079e+04 0.000e+00 0.000e+00 0.000e+00 0.000e+00 0.000e+00
7.943e+04 0.000e+00 0.000e+00 0.000e+00 0.000e+00 0.000e+00
8.913e+04 0.000e+00 0.000e+00 0.000e+00 0.000e+00 0.000e+00
1.000e+05 0.000e+00 0.000e+00 0.000e+00 0.000e+00 0.000e+00
1.122e+05 0.000e+00 0.000e+00 0.000e+00 0.000e+00 0.000e+00
1.259e+05 0.000e+00 0.000e+00 0.000e+00 0.000e+00 0.000e+00
1.413e+05 0.000e+00 0.000e+00 0.000e+00 0.000e+00 0.000e+00
1.585e+05 0.000e+00 0.000e+00 0.000e+00 0.000e+00 0.000e+00
1.778e+05 0.000e+00 0.000e+00 0.000e+00 0.000e+00 0.000e+00
1.995e+05 0.000e+00 0.000e+00 0.000e+00 0.000e+00 0.000e+00
2.239e+05 0.000e+00 0.000e+00 0.000e+00 0.000e+00 0.000e+00
2.512e+05 0.000e+00 0.000e+00 0.000e+00 0.000e+00 0.000e+00
2.818e+05 0.000e+00 0.000e+00 0.000e+00 0.000e+00 0.000e+00
3.162e+05 0.000e+00 0.000e+00 0.000e+00 0.000e+00 0.000e+00
3.548e+05 0.000e+00 0.000e+00 0.000e+00 0.000e+00 0.000e+00
3.981e+05 0.000e+00 0.000e+00 0.000e+00 0.000e+00 0.000e+00
4.467e+05 0.000e+00 0.000e+00 0.000e+00 0.000e+00 0.000e+00
5.012e+05 0.000e+00 0.000e+00 0.000e+00 0.000e+00 0.000e+00
5.623e+05 0.000e+00 0.000e+00 0.000e+00 0.000e+00 0.000e+00
6.310e+05 0.000e+00 0.000e+00 0.000e+00 0.000e+00 0.000e+00
7.079e+05 0.000e+00 0.000e+00 0.000e+00 0.000e+00 0.000e+00
7.943e+05 0.000e+00 0.000e+00 0.000e+00 0.000e+00 0.000e+00
8.913e+05 0.000e+00 0.000e+00 0.000e+00 0.000e+00 0.000e+00
1.000e+06 0.000e+00 0.000e+00 0.000e+00 0.000e+00 0.000e+00
1.122e+06 0.000e+00 0.000e+00 0.000e+00 0.000e+00 0.000e+00
1.259e+06 0.000e+00 0.000e+00 0.000e+00 0.000e+00 0.000e+00
1.413e+06 0.000e+00 0.000e+00 0.000e+00 0.000e+00 0.000e+00
1.585e+06 0.000e+00 0.000e+00 0.000e+00 0.000e+00 0.000e+00
1.778e+06 0.000e+00 0.000e+00 0.000e+00 0.000e+00 0.000e+00
1.995e+06 0.000e+00 0.000e+00 0.000e+00 0.000e+00 0.000e+00
2.239e+06 0.000e+00 0.000e+00 0.000e+00 0.000e+00 0.000e+00
2.512e+06 0.000e+00 0.000e+00 0.000e+00 0.000e+00 0.000e+00
2.818e+06 0.000e+00 0.000e+00 0.000e+00 0.000e+00 0.000e+00
3.162e+06 0.000e+00 0.000e+00 0.000e+00 0.000e+00 0.000e+00
3.548e+06 0.000e+00 0.000e+00 0.000e+00 0.000e+00 0.000e+00
3.981e+06 0.000e+00 0.000e+00 0.000e+00 0.000e+00 0.000e+00
4.467e+06 0.000e+00 0.000e+00 0.000e+00 0.000e+00 0.000e+00
5.012e+06 0.000e+00 0.000e+00 0.000e+00 0.000e+00 0.000e+00
5.623e+06 0.000e+00 0.000e+00 0.000e+00 0.000e+00 0.000e+00
6.310e+06 0.000e+00 0.000e+00 0.000e+00 0.000e+00 0.000e+00
7.079e+06 0.000e+00 0.000e+00 0.000e+00 0.000e+00 0.000e+00
7.943e+06 0.000e+00 0.000e+00 0.000e+00 0.000e+00 0.000e+00
8.913e+06 0.000e+00 0.000e+00 0.000e+00 0.000e+00 0.000e+00
1.000e+07 0.000e+00 0.000e+00 0.000e+00 0.000e+00 0.000e+00
1.122e+07 0.000e+00 0.000e+00 0.000e+00 0.000e+00 0.000e+00
1.259e+07 0.000e+00 0.000e+00 0.000e+00 0.000e+00 0.000e+00
1.413e+07 0.000e+00 0.000e+00 0.000e+00 0.000e+00 0.000e+00
1.585e+07 0.000e+00 0.000e+00 0.000e+00 0.000e+00 0.000e+00
1.778e+07 0.000e+00 0.000e+00 0.000e+00 0.000e+00 0.000e+00
1.995e+07 0.000e+00 0.000e+00 0.000e+00 0.000e+00 0.000e+00
2.239e+07 0.000e+00 0.000e+00 0.000e+00 0.000e+00 0.000e+00
2.512e+07 0.000e+00 0.000e+00 0.000e+00 0.000e+00 0.000e+00
2.818e+07 0.000e+00 0.000e+00 0.000e+00 0.000e+00 0.000e+00
3.162e+07 0.000e+00 0.000e+00 0.000e+00 0.000e+00 0.000e+00
3.548e+07 0.000e+00 0.000e+00 0.000e+00 0.000e+00 0.000e+00
3.981e+07 0.000e+00 0.000e+00 0.000e+00 0.000e+00 0.000e+00
4.467e+07 0.000e+00 0.000e+00 0.000e+00 0.000e+00 0.000e+00
5.012e+07 0.000e+00 0.000e+00 0.000e+00 0.000e+00 0.000e+00
5.623e+07 0.000e+00 0.000e+00 0.000e+00 0.000e+00 0.000e+00
6.310e+07 0.000e+00 0.000e+00 0.000e+00 0.000e+00 0.000e+00
7.079e+07 0.000e+00 0.000e+00 0.000e+00 0.000e+00 0.000e+00
7.943e+07 0.000e+00 0.000e+00 0.000e+00 0.000e+00 0.000e+00
8.913e+07 0.000e+00 0.000e+00 0.000e+00 0.000e+00 0.000e+00
1.000e+08 0.000e+00 0.000e+00 0.000e+00 0.000e+00 0.000e+00
