1.000e-20 0.000e+00 0.000e+00 0.000e+00 0.000e+00 0.000e+00
1.122e-20 0.000e+00 0.000e+00 0.000e+00 0.000e+00 0.000e+00
1.259e-20 0.000e+00 0.000e+00 0.000e+00 0.000e+00 0.000e+00
1.413e-20 0.000e+00 0.000e+00 0.000e+00 0.000e+00 0.000e+00
1.585e-20 0.000e+00 0.000e+00 0.000e+00 0.000e+00 0.000e+00
1.778e-20 0.000e+00 0.000e+00 0.000e+00 0.000e+00 0.000e+00
1.995e-20 0.000e+00 0.000e+00 0.000e+00 0.000e+00 0.000e+00
2.239e-20 0.000e+00 0.000e+00 0.000e+00 0.000e+00 0.000e+00
2.512e-20 0.000e+00 0.000e+00 0.000e+00 0.000e+00 0.000e+00
2.818e-20 0.000e+00 0.000e+00 0.000e+00 0.000e+00 0.000e+00
3.162e-20 0.000e+00 0.000e+00 0.000e+00 0.000e+00 0.000e+00
3.548e-20 0.000e+00 0.000e+00 0.000e+00 0.000e+00 0.000e+00
3.981e-20 0.000e+00 0.000e+00 0.000e+00 0.000e+00 0.000e+00
4.467e-20 0.000e+00 0.000e+00 0.000e+00 0.000e+00 0.000e+00
5.012e-20 0.000e+00 0.000e+00 0.000e+00 0.000e+00 0.000e+00
5.623e-20 0.000e+00 0.000e+00 0.000e+00 0.000e+00 0.000e+00
6.310e-20 0.000e+00 0.000e+00 0.000e+00 0.000e+00 0.000e+00
7.079e-20 0.000e+00 0.000e+00 0.000e+00 0.000e+00 0.000e+00
7.943e-20 0.000e+00 0.000e+00 0.000e+00 0.000e+00 0.000e+00
8.913e-20 0.000e+00 0.000e+00 0.000e+00 0.000e+00 0.000e+00
1.000e-19 0.000e+00 0.000e+00 0.000e+00 0.000e+00 0.000e+00
1.122e-19 0.000e+00 0.000e+00 0.000e+00 0.000e+00 0.000e+00
1.259e-19 0.000e+00 0.000e+00 0.000e+00 0.000e+00 0.000e+00
1.413e-19 0.000e+00 0.000e+00 0.000e+00 0.000e+00 0.000e+00
1.585e-19 0.000e+00 0.000e+00 0.000e+00 0.000e+00 0.000e+00
1.778e-19 0.000e+00 0.000e+00 0.000e+00 0.000e+00 0.000e+00
1.995e-19 0.000e+00 0.000e+00 0.000e+00 0.000e+00 0.000e+00
2.239e-19 0.000e+00 0.000e+00 0.000e+00 0.000e+00 0.000e+00
2.512e-19 0.000e+00 0.000e+00 0.000e+00 0.000e+00 0.000e+00
2.818e-19 0.000e+00 0.000e+00 0.000e+00 0.000e+00 0.000e+00
3.162e-19 0.000e+00 0.000e+00 0.000e+00 0.000e+00 0.000e+00
3.548e-19 0.000e+00 0.000e+00 0.000e+00 0.000e+00 0.000e+00
3.981e-19 0.000e+00 0.000e+00 0.000e+00 0.000e+00 0.000e+00
4.467e-19 0.000e+00 0.000e+00 0.000e+00 0.000e+00 0.000e+00
5.012e-19 0.000e+00 0.000e+00 0.000e+00 0.000e+00 0.000e+00
5.623e-19 0.000e+00 0.000e+00 0.000e+00 0.000e+00 0.000e+00
6.310e-19 0.000e+00 0.000e+00 0.000e+00 0.000e+00 0.000e+00
7.079e-19 0.000e+00 0.000e+00 0.000e+00 0.000e+00 0.000e+00
7.943e-19 0.000e+00 0.000e+00 0.000e+00 0.000e+00 0.000e+00
8.913e-19 0.000e+00 0.000e+00 0.000e+00 0.000e+00 0.000e+00
1.000e-18 0.000e+00 0.000e+00 0.000e+00 0.000e+00 0.000e+00
1.122e-18 0.000e+00 0.000e+00 0.000e+00 0.000e+00 0.000e+00
1.259e-18 0.000e+00 0.000e+00 0.000e+00 0.000e+00 0.000e+00
1.413e-18 0.000e+00 0.000e+00 0.000e+00 0.000e+00 0.000e+00
1.585e-18 0.000e+00 0.000e+00 0.000e+00 0.000e+00 0.000e+00
1.778e-18 0.000e+00 0.000e+00 0.000e+00 0.000e+00 0.000e+00
1.995e-18 0.000e+00 0.000e+00 0.000e+00 0.000e+00 0.000e+00
2.239e-18 0.000e+00 0.000e+00 0.000e+00 0.000e+00 0.000e+00
2.512e-18 0.000e+00 0.000e+00 0.000e+00 0.000e+00 0.000e+00
2.818e-18 0.000e+00 0.000e+00 0.000e+00 0.000e+00 0.000e+00
3.162e-18 0.000e+00 0.000e+00 0.000e+00 0.000e+00 0.000e+00
3.548e-18 0.000e+00 0.000e+00 0.000e+00 0.000e+00 0.000e+00
3.981e-18 0.000e+00 0.000e+00 0.000e+00 0.000e+00 0.000e+00
4.467e-18 0.000e+00 0.000e+00 0.000e+00 0.000e+00 0.000e+00
5.012e-18 0.000e+00 0.000e+00 0.000e+00 0.000e+00 0.000e+00
5.623e-18 0.000e+00 0.000e+00 0.000e+00 0.000e+00 0.000e+00
6.310e-18 0.000e+00 0.000e+00 0.000e+00 0.000e+00 0.000e+00
7.079e-18 0.000e+00 0.000e+00 0.000e+00 0.000e+00 0.000e+00
7.943e-18 0.000e+00 0.000e+00 0.000e+00 0.000e+00 0.000e+00
8.913e-18 0.000e+00 0.000e+00 0.000e+00 0.000e+00 0.000e+00
1.000e-17 0.000e+00 0.000e+00 0.000e+00 0.000e+00 0.000e+00
1.122e-17 0.000e+00 0.000e+00 0.000e+00 0.000e+00 0.000e+00
1.259e-17 0.000e+00 0.000e+00 0.000e+00 0.000e+00 0.000e+00
1.413e-17 0.000e+00 0.000e+00 0.000e+00 0.000e+00 0.000e+00
1.585e-17 0.000e+00 0.000e+00 0.000e+00 0.000e+00 0.000e+00
1.778e-17 0.000e+00 0.000e+00 0.000e+00 0.000e+00 0.000e+00
1.995e-17 0.000e+00 0.000e+00 0.000e+00 0.000e+00 0.000e+00
2.239e-17 0.000e+00 0.000e+00 0.000e+00 0.000e+00 0.000e+00
2.512e-17 0.000e+00 0.000e+00 0.000e+00 0.000e+00 0.000e+00
2.818e-17 0.000e+00 0.000e+00 0.000e+00 0.000e+00 0.000e+00
3.162e-17 0.000e+00 0.000e+00 0.000e+00 0.000e+00 0.000e+00
3.548e-17 0.000e+00 0.000e+00 0.000e+00 0.000e+00 0.000e+00
3.981e-17 0.000e+00 0.000e+00 0.000e+00 0.000e+00 0.000e+00
4.467e-17 0.000e+00 0.000e+00 0.000e+00 0.000e+00 0.000e+00
5.012e-17 0.000e+00 0.000e+00 0.000e+00 0.000e+00 0.000e+00
5.623e-17 0.000e+00 0.000e+00 0.000e+00 0.000e+00 0.000e+00
6.310e-17 0.000e+00 0.000e+00 0.000e+00 0.000e+00 0.000e+00
7.079e-17 0.000e+00 0.000e+00 0.000e+00 0.000e+00 0.000e+00
7.943e-17 0.000e+00 0.000e+00 0.000e+00 0.000e+00 0.000e+00
8.913e-17 0.000e+00 0.000e+00 0.000e+00 0.000e+00 0.000e+00
1.000e-16 0.000e+00 0.000e+00 0.000e+00 0.000e+00 0.000e+00
1.122e-16 0.000e+00 0.000e+00 0.000e+00 0.000e+00 0.000e+00
1.259e-16 0.000e+00 0.000e+00 0.000e+00 0.000e+00 0.000e+00
1.413e-16 0.000e+00 0.000e+00 0.000e+00 0.000e+00 0.000e+00
1.585e-16 0.000e+00 0.000e+00 0.000e+00 0.000e+00 0.000e+00
1.778e-16 0.000e+00 0.000e+00 0.000e+00 0.000e+00 0.000e+00
1.995e-16 0.000e+00 0.000e+00 0.000e+00 0.000e+00 0.000e+00
2.239e-16 0.000e+00 0.000e+00 0.000e+00 0.000e+00 0.000e+00
2.512e-16 0.000e+00 0.000e+00 0.000e+00 0.000e+00 0.000e+00
2.818e-16 0.000e+00 0.000e+00 0.000e+00 0.000e+00 0.000e+00
3.162e-16 0.000e+00 0.000e+00 0.000e+00 0.000e+00 0.000e+00
3.548e-16 0.000e+00 0.000e+00 0.000e+00 0.000e+00 0.000e+00
3.981e-16 0.000e+00 0.000e+00 0.000e+00 0.000e+00 0.000e+00
4.467e-16 0.000e+00 0.000e+00 0.000e+00 0.000e+00 0.000e+00
5.012e-16 0.000e+00 0.000e+00 0.000e+00 0.000e+00 0.000e+00
5.623e-16 0.000e+00 0.000e+00 0.000e+00 0.000e+00 0.000e+00
6.310e-16 0.000e+00 0.000e+00 0.000e+00 0.000e+00 0.000e+00
7.079e-16 0.000e+00 0.000e+00 0.000e+00 0.000e+00 0.000e+00
7.943e-16 0.000e+00 0.000e+00 0.000e+00 0.000e+00 0.000e+00
8.913e-16 0.000e+00 0.000e+00 0.000e+00 0.000e+00 0.000e+00
1.000e-15 0.000e+00 0.000e+00 0.000e+00 0.000e+00 0.000e+00
1.122e-15 0.000e+00 0.000e+00 0.000e+00 0.000e+00 0.000e+00
1.259e-15 0.000e+00 0.000e+00 0.000e+00 0.000e+00 0.000e+00
1.413e-15 0.000e+00 0.000e+00 0.000e+00 0.000e+00 0.000e+00
1.585e-15 0.000e+00 0.000e+00 0.000e+00 0.000e+00 0.000e+00
1.778e-15 0.000e+00 0.000e+00 0.000e+00 0.000e+00 0.000e+00
1.995e-15 0.000e+00 0.000e+00 0.000e+00 0.000e+00 0.000e+00
2.239e-15 0.000e+00 0.000e+00 0.000e+00 0.000e+00 0.000e+00
2.512e-15 0.000e+00 0.000e+00 0.000e+00 0.000e+00 0.000e+00
2.818e-15 0.000e+00 0.000e+00 0.000e+00 0.000e+00 0.000e+00
3.162e-15 0.000e+00 0.000e+00 0.000e+00 0.000e+00 0.000e+00
3.548e-15 0.000e+00 0.000e+00 0.000e+00 0.000e+00 0.000e+00
3.981e-15 0.000e+00 0.000e+00 0.000e+00 0.000e+00 0.000e+00
4.467e-15 0.000e+00 0.000e+00 0.000e+00 0.000e+00 0.000e+00
5.012e-15 0.000e+00 0.000e+00 0.000e+00 0.000e+00 0.000e+00
5.623e-15 0.000e+00 0.000e+00 0.000e+00 0.000e+00 0.000e+00
6.310e-15 0.000e+00 0.000e+00 0.000e+00 0.000e+00 0.000e+00
7.079e-15 0.000e+00 0.000e+00 0.000e+00 0.000e+00 0.000e+00
7.943e-15 0.000e+00 0.000e+00 0.000e+00 0.000e+00 0.000e+00
8.913e-15 0.000e+00 0.000e+00 0.000e+00 0.000e+00 0.000e+00
1.000e-14 0.000e+00 0.000e+00 0.000e+00 0.000e+00 0.000e+00
1.122e-14 0.000e+00 0.000e+00 0.000e+00 0.000e+00 0.000e+00
1.259e-14 0.000e+00 0.000e+00 0.000e+00 0.000e+00 0.000e+00
1.413e-14 0.000e+00 0.000e+00 0.000e+00 0.000e+00 0.000e+00
1.585e-14 0.000e+00 0.000e+00 0.000e+00 0.000e+00 0.000e+00
1.778e-14 0.000e+00 0.000e+00 0.000e+00 0.000e+00 0.000e+00
1.995e-14 0.000e+00 0.000e+00 0.000e+00 0.000e+00 0.000e+00
2.239e-14 0.000e+00 0.000e+00 0.000e+00 0.000e+00 0.000e+00
2.512e-14 0.000e+00 0.000e+00 0.000e+00 0.000e+00 0.000e+00
2.818e-14 0.000e+00 0.000e+00 0.000e+00 0.000e+00 0.000e+00
3.162e-14 0.000e+00 0.000e+00 0.000e+00 0.000e+00 0.000e+00
3.548e-14 0.000e+00 0.000e+00 0.000e+00 0.000e+00 0.000e+00
3.981e-14 0.000e+00 0.000e+00 0.000e+00 0.000e+00 0.000e+00
4.467e-14 0.000e+00 0.000e+00 0.000e+00 0.000e+00 0.000e+00
5.012e-14 0.000e+00 0.000e+00 0.000e+00 0.000e+00 0.000e+00
5.623e-14 0.000e+00 0.000e+00 0.000e+00 0.000e+00 0.000e+00
6.310e-14 0.000e+00 0.000e+00 0.000e+00 0.000e+00 0.000e+00
7.079e-14 0.000e+00 0.000e+00 0.000e+00 0.000e+00 0.000e+00
7.943e-14 0.000e+00 0.000e+00 0.000e+00 0.000e+00 0.000e+00
8.913e-14 0.000e+00 0.000e+00 0.000e+00 0.000e+00 0.000e+00
1.000e-13 0.000e+00 0.000e+00 0.000e+00 0.000e+00 0.000e+00
1.122e-13 0.000e+00 0.000e+00 0.000e+00 0.000e+00 0.000e+00
1.259e-13 0.000e+00 0.000e+00 0.000e+00 0.000e+00 0.000e+00
1.413e-13 0.000e+00 0.000e+00 0.000e+00 0.000e+00 0.000e+00
1.585e-13 0.000e+00 0.000e+00 0.000e+00 0.000e+00 0.000e+00
1.778e-13 0.000e+00 0.000e+00 0.000e+00 0.000e+00 0.000e+00
1.995e-13 0.000e+00 0.000e+00 0.000e+00 0.000e+00 0.000e+00
2.239e-13 0.000e+00 0.000e+00 0.000e+00 0.000e+00 0.000e+00
2.512e-13 0.000e+00 0.000e+00 0.000e+00 0.000e+00 0.000e+00
2.818e-13 0.000e+00 0.000e+00 0.000e+00 0.000e+00 0.000e+00
3.162e-13 0.000e+00 0.000e+00 0.000e+00 0.000e+00 0.000e+00
3.548e-13 0.000e+00 0.000e+00 0.000e+00 0.000e+00 0.000e+00
3.981e-13 0.000e+00 0.000e+00 0.000e+00 0.000e+00 0.000e+00
4.467e-13 0.000e+00 0.000e+00 0.000e+00 0.000e+00 0.000e+00
5.012e-13 0.000e+00 0.000e+00 0.000e+00 0.000e+00 0.000e+00
5.623e-13 0.000e+00 0.000e+00 0.000e+00 0.000e+00 0.000e+00
6.310e-13 0.000e+00 0.000e+00 0.000e+00 0.000e+00 0.000e+00
7.079e-13 0.000e+00 0.000e+00 0.000e+00 0.000e+00 0.000e+00
7.943e-13 0.000e+00 0.000e+00 0.000e+00 0.000e+00 0.000e+00
8.913e-13 0.000e+00 0.000e+00 0.000e+00 0.000e+00 0.000e+00
1.000e-12 0.000e+00 0.000e+00 0.000e+00 0.000e+00 0.000e+00
1.122e-12 0.000e+00 0.000e+00 0.000e+00 0.000e+00 0.000e+00
1.259e-12 0.000e+00 0.000e+00 0.000e+00 0.000e+00 0.000e+00
1.413e-12 0.000e+00 0.000e+00 0.000e+00 0.000e+00 0.000e+00
1.585e-12 0.000e+00 0.000e+00 0.000e+00 0.000e+00 0.000e+00
1.778e-12 0.000e+00 0.000e+00 0.000e+00 0.000e+00 0.000e+00
1.995e-12 0.000e+00 0.000e+00 0.000e+00 0.000e+00 0.000e+00
2.239e-12 0.000e+00 0.000e+00 0.000e+00 0.000e+00 0.000e+00
2.512e-12 0.000e+00 0.000e+00 0.000e+00 0.000e+00 0.000e+00
2.818e-12 0.000e+00 0.000e+00 0.000e+00 0.000e+00 0.000e+00
3.162e-12 0.000e+00 0.000e+00 0.000e+00 0.000e+00 0.000e+00
3.548e-12 0.000e+00 0.000e+00 0.000e+00 0.000e+00 0.000e+00
3.981e-12 0.000e+00 0.000e+00 0.000e+00 0.000e+00 0.000e+00
4.467e-12 0.000e+00 0.000e+00 0.000e+00 0.000e+00 0.000e+00
5.012e-12 0.000e+00 0.000e+00 0.000e+00 0.000e+00 0.000e+00
5.623e-12 0.000e+00 0.000e+00 0.000e+00 0.000e+00 0.000e+00
6.310e-12 0.000e+00 0.000e+00 0.000e+00 0.000e+00 0.000e+00
7.079e-12 0.000e+00 0.000e+00 0.000e+00 0.000e+00 0.000e+00
7.943e-12 0.000e+00 0.000e+00 0.000e+00 0.000e+00 0.000e+00
8.913e-12 0.000e+00 0.000e+00 0.000e+00 0.000e+00 0.000e+00
1.000e-11 0.000e+00 0.000e+00 0.000e+00 0.000e+00 0.000e+00
1.122e-11 0.000e+00 0.000e+00 0.000e+00 0.000e+00 0.000e+00
1.259e-11 0.000e+00 0.000e+00 0.000e+00 0.000e+00 0.000e+00
1.413e-11 0.000e+00 0.000e+00 0.000e+00 0.000e+00 0.000e+00
1.585e-11 0.000e+00 0.000e+00 0.000e+00 0.000e+00 0.000e+00
1.778e-11 0.000e+00 0.000e+00 0.000e+00 0.000e+00 0.000e+00
1.995e-11 0.000e+00 0.000e+00 0.000e+00 0.000e+00 0.000e+00
2.239e-11 0.000e+00 0.000e+00 0.000e+00 0.000e+00 0.000e+00
2.512e-11 0.000e+00 0.000e+00 0.000e+00 0.000e+00 0.000e+00
2.818e-11 0.000e+00 0.000e+00 0.000e+00 0.000e+00 0.000e+00
3.162e-11 0.000e+00 0.000e+00 0.000e+00 0.000e+00 0.000e+00
3.548e-11 0.000e+00 0.000e+00 0.000e+00 0.000e+00 0.000e+00
3.981e-11 0.000e+00 0.000e+00 0.000e+00 0.000e+00 0.000e+00
4.467e-11 0.000e+00 0.000e+00 0.000e+00 0.000e+00 0.000e+00
5.012e-11 0.000e+00 0.000e+00 0.000e+00 0.000e+00 0.000e+00
5.623e-11 0.000e+00 0.000e+00 0.000e+00 0.000e+00 0.000e+00
6.310e-11 0.000e+00 0.000e+00 0.000e+00 0.000e+00 0.000e+00
7.079e-11 0.000e+00 0.000e+00 0.000e+00 0.000e+00 0.000e+00
7.943e-11 0.000e+00 0.000e+00 0.000e+00 0.000e+00 0.000e+00
8.913e-11 0.000e+00 0.000e+00 0.000e+00 0.000e+00 0.000e+00
1.000e-10 0.000e+00 0.000e+00 0.000e+00 0.000e+00 0.000e+00
1.122e-10 0.000e+00 0.000e+00 0.000e+00 0.000e+00 0.000e+00
1.259e-10 0.000e+00 0.000e+00 0.000e+00 0.000e+00 0.000e+00
1.413e-10 0.000e+00 0.000e+00 0.000e+00 0.000e+00 0.000e+00
1.585e-10 0.000e+00 0.000e+00 0.000e+00 0.000e+00 0.000e+00
1.778e-10 0.000e+00 0.000e+00 0.000e+00 0.000e+00 0.000e+00
1.995e-10 0.000e+00 0.000e+00 0.000e+00 0.000e+00 0.000e+00
2.239e-10 0.000e+00 0.000e+00 0.000e+00 0.000e+00 0.000e+00
2.512e-10 0.000e+00 0.000e+00 0.000e+00 0.000e+00 0.000e+00
2.818e-10 0.000e+00 0.000e+00 0.000e+00 0.000e+00 0.000e+00
3.162e-10 0.000e+00 0.000e+00 0.000e+00 0.000e+00 0.000e+00
3.548e-10 0.000e+00 0.000e+00 0.000e+00 0.000e+00 0.000e+00
3.981e-10 0.000e+00 0.000e+00 0.000e+00 0.000e+00 0.000e+00
4.467e-10 0.000e+00 0.000e+00 0.000e+00 0.000e+00 0.000e+00
5.012e-10 0.000e+00 0.000e+00 0.000e+00 0.000e+00 0.000e+00
5.623e-10 0.000e+00 0.000e+00 0.000e+00 0.000e+00 0.000e+00
6.310e-10 0.000e+00 0.000e+00 0.000e+00 0.000e+00 0.000e+00
7.079e-10 0.000e+00 0.000e+00 0.000e+00 0.000e+00 0.000e+00
7.943e-10 0.000e+00 0.000e+00 0.000e+00 0.000e+00 0.000e+00
8.913e-10 0.000e+00 0.000e+00 0.000e+00 0.000e+00 0.000e+00
1.000e-09 0.000e+00 0.000e+00 0.000e+00 0.000e+00 0.000e+00
1.122e-09 0.000e+00 0.000e+00 0.000e+00 0.000e+00 0.000e+00
1.259e-09 0.000e+00 0.000e+00 0.000e+00 0.000e+00 0.000e+00
1.413e-09 0.000e+00 0.000e+00 0.000e+00 0.000e+00 0.000e+00
1.585e-09 0.000e+00 0.000e+00 0.000e+00 0.000e+00 0.000e+00
1.778e-09 0.000e+00 0.000e+00 0.000e+00 0.000e+00 0.000e+00
1.995e-09 0.000e+00 0.000e+00 0.000e+00 0.000e+00 0.000e+00
2.239e-09 0.000e+00 0.000e+00 0.000e+00 0.000e+00 0.000e+00
2.512e-09 0.000e+00 0.000e+00 0.000e+00 0.000e+00 0.000e+00
2.818e-09 0.000e+00 0.000e+00 0.000e+00 0.000e+00 0.000e+00
3.162e-09 0.000e+00 0.000e+00 0.000e+00 0.000e+00 0.000e+00
3.548e-09 0.000e+00 0.000e+00 0.000e+00 0.000e+00 0.000e+00
3.981e-09 0.000e+00 0.000e+00 0.000e+00 0.000e+00 0.000e+00
4.467e-09 0.000e+00 0.000e+00 0.000e+00 0.000e+00 0.000e+00
5.012e-09 0.000e+00 0.000e+00 0.000e+00 0.000e+00 0.000e+00
5.623e-09 0.000e+00 0.000e+00 0.000e+00 0.000e+00 0.000e+00
6.310e-09 0.000e+00 0.000e+00 0.000e+00 0.000e+00 0.000e+00
7.079e-09 0.000e+00 0.000e+00 0.000e+00 0.000e+00 0.000e+00
7.943e-09 0.000e+00 0.000e+00 0.000e+00 0.000e+00 0.000e+00
8.913e-09 0.000e+00 0.000e+00 0.000e+00 0.000e+00 0.000e+00
1.000e-08 0.000e+00 0.000e+00 0.000e+00 0.000e+00 0.000e+00
1.122e-08 0.000e+00 0.000e+00 0.000e+00 0.000e+00 0.000e+00
1.259e-08 0.000e+00 0.000e+00 0.000e+00 0.000e+00 0.000e+00
1.413e-08 0.000e+00 0.000e+00 0.000e+00 0.000e+00 0.000e+00
1.585e-08 0.000e+00 0.000e+00 0.000e+00 0.000e+00 0.000e+00
1.778e-08 0.000e+00 0.000e+00 0.000e+00 0.000e+00 0.000e+00
1.995e-08 0.000e+00 0.000e+00 0.000e+00 0.000e+00 0.000e+00
2.239e-08 0.000e+00 0.000e+00 0.000e+00 0.000e+00 0.000e+00
2.512e-08 0.000e+00 0.000e+00 0.000e+00 0.000e+00 0.000e+00
2.818e-08 0.000e+00 0.000e+00 0.000e+00 0.000e+00 0.000e+00
3.162e-08 0.000e+00 0.000e+00 0.000e+00 0.000e+00 0.000e+00
3.548e-08 0.000e+00 0.000e+00 0.000e+00 0.000e+00 0.000e+00
3.981e-08 0.000e+00 0.000e+00 0.000e+00 0.000e+00 0.000e+00
4.467e-08 0.000e+00 0.000e+00 0.000e+00 0.000e+00 0.000e+00
5.012e-08 0.000e+00 0.000e+00 0.000e+00 0.000e+00 0.000e+00
5.623e-08 0.000e+00 0.000e+00 0.000e+00 0.000e+00 0.000e+00
6.310e-08 0.000e+00 0.000e+00 0.000e+00 0.000e+00 0.000e+00
7.079e-08 0.000e+00 0.000e+00 0.000e+00 0.000e+00 0.000e+00
7.943e-08 0.000e+00 0.000e+00 0.000e+00 0.000e+00 0.000e+00
8.913e-08 0.000e+00 0.000e+00 0.000e+00 0.000e+00 0.000e+00
1.000e-07 0.000e+00 0.000e+00 0.000e+00 0.000e+00 0.000e+00
1.122e-07 0.000e+00 0.000e+00 0.000e+00 0.000e+00 0.000e+00
1.259e-07 0.000e+00 0.000e+00 0.000e+00 0.000e+00 0.000e+00
1.413e-07 0.000e+00 0.000e+00 0.000e+00 0.000e+00 0.000e+00
1.585e-07 0.000e+00 0.000e+00 0.000e+00 0.000e+00 0.000e+00
1.778e-07 0.000e+00 0.000e+00 0.000e+00 0.000e+00 0.000e+00
1.995e-07 0.000e+00 0.000e+00 0.000e+00 0.000e+00 0.000e+00
2.239e-07 0.000e+00 0.000e+00 0.000e+00 0.000e+00 0.000e+00
2.512e-07 0.000e+00 0.000e+00 0.000e+00 0.000e+00 0.000e+00
2.818e-07 0.000e+00 0.000e+00 0.000e+00 0.000e+00 0.000e+00
3.162e-07 0.000e+00 0.000e+00 0.000e+00 0.000e+00 0.000e+00
3.548e-07 0.000e+00 0.000e+00 0.000e+00 0.000e+00 0.000e+00
3.981e-07 0.000e+00 0.000e+00 0.000e+00 0.000e+00 0.000e+00
4.467e-07 0.000e+00 0.000e+00 0.000e+00 0.000e+00 0.000e+00
5.012e-07 0.000e+00 0.000e+00 0.000e+00 0.000e+00 0.000e+00
5.623e-07 3.085e+45 1.563e+33 1.253e-23 1.030e-12 1.294e-11
6.310e-07 3.055e+45 1.949e+33 1.561e-23 1.284e-12 1.614e-11
7.079e-07 3.023e+45 2.427e+33 1.945e-23 1.600e-12 2.010e-11
7.943e-07 2.989e+45 3.022e+33 2.422e-23 1.991e-12 2.502e-11
8.913e-07 2.954e+45 3.759e+33 3.013e-23 2.477e-12 3.113e-11
1.000e-06 2.917e+45 4.673e+33 3.745e-23 3.080e-12 3.870e-11
1.122e-06 2.878e+45 5.806e+33 4.652e-23 3.826e-12 4.807e-11
1.259e-06 2.838e+45 7.207e+33 5.775e-23 4.749e-12 5.968e-11
1.413e-06 2.796e+45 8.939e+33 7.163e-23 5.890e-12 7.402e-11
1.585e-06 2.753e+45 1.108e+34 8.878e-23 7.300e-12 9.174e-11
1.778e-06 2.708e+45 1.372e+34 1.099e-22 9.041e-12 1.136e-10
1.995e-06 2.662e+45 1.698e+34 1.360e-22 1.119e-11 1.406e-10
2.239e-06 2.614e+45 2.099e+34 1.682e-22 1.383e-11 1.738e-10
2.512e-06 2.565e+45 2.593e+34 2.078e-22 1.708e-11 2.147e-10
2.818e-06 2.514e+45 3.200e+34 2.564e-22 2.108e-11 2.650e-10
3.162e-06 2.462e+45 3.945e+34 3.161e-22 2.600e-11 3.267e-10
3.548e-06 2.409e+45 4.860e+34 3.894e-22 3.202e-11 4.024e-10
3.981e-06 2.355e+45 5.981e+34 4.793e-22 3.941e-11 4.952e-10
4.467e-06 2.300e+45 7.353e+34 5.892e-22 4.845e-11 6.089e-10
5.012e-06 2.244e+45 9.031e+34 7.237e-22 5.951e-11 7.478e-10
5.623e-06 2.187e+45 1.108e+35 8.879e-22 7.301e-11 9.175e-10
6.310e-06 2.129e+45 1.358e+35 1.088e-21 8.949e-11 1.125e-09
7.079e-06 2.070e+45 1.663e+35 1.332e-21 1.096e-10 1.377e-09
7.943e-06 2.011e+45 2.033e+35 1.629e-21 1.340e-10 1.684e-09
8.913e-06 1.951e+45 2.483e+35 1.990e-21 1.637e-10 2.057e-09
1.000e-05 1.891e+45 3.030e+35 2.428e-21 1.997e-10 2.509e-09
1.122e-05 1.831e+45 3.692e+35 2.959e-21 2.433e-10 3.057e-09
1.259e-05 1.770e+45 4.494e+35 3.601e-21 2.961e-10 3.721e-09
1.413e-05 1.709e+45 5.462e+35 4.377e-21 3.599e-10 4.523e-09
1.585e-05 1.648e+45 6.631e+35 5.313e-21 4.369e-10 5.491e-09
1.778e-05 1.587e+45 8.038e+35 6.441e-21 5.297e-10 6.656e-09
1.995e-05 1.526e+45 9.731e+35 7.798e-21 6.412e-10 8.058e-09
2.239e-05 1.465e+45 1.176e+36 9.427e-21 7.752e-10 9.742e-09
2.512e-05 1.405e+45 1.420e+36 1.138e-20 9.358e-10 1.176e-08
2.818e-05 1.345e+45 1.712e+36 1.372e-20 1.128e-09 1.417e-08
3.162e-05 1.286e+45 2.060e+36 1.651e-20 1.358e-09 1.706e-08
3.548e-05 1.227e+45 2.476e+36 1.984e-20 1.631e-09 2.050e-08
3.981e-05 1.170e+45 2.970e+36 2.380e-20 1.957e-09 2.459e-08
4.467e-05 1.113e+45 3.557e+36 2.851e-20 2.344e-09 2.946e-08
5.012e-05 1.057e+45 4.253e+36 3.408e-20 2.803e-09 3.522e-08
5.623e-05 1.002e+45 5.077e+36 4.068e-20 3.345e-09 4.204e-08
6.310e-05 9.483e+44 6.049e+36 4.847e-20 3.986e-09 5.009e-08
7.079e-05 8.959e+44 7.194e+36 5.765e-20 4.740e-09 5.957e-08
7.943e-05 8.447e+44 8.539e+36 6.843e-20 5.627e-09 7.071e-08
8.913e-05 7.949e+44 1.012e+37 8.107e-20 6.666e-09 8.377e-08
1.000e-04 7.466e+44 1.196e+37 9.586e-20 7.882e-09 9.905e-08
1.122e-04 6.998e+44 1.411e+37 1.131e-19 9.301e-09 1.169e-07
1.259e-04 6.545e+44 1.662e+37 1.332e-19 1.095e-08 1.376e-07
1.413e-04 6.109e+44 1.953e+37 1.565e-19 1.287e-08 1.617e-07
1.585e-04 5.688e+44 2.289e+37 1.835e-19 1.509e-08 1.896e-07
1.778e-04 5.285e+44 2.678e+37 2.146e-19 1.765e-08 2.217e-07
1.995e-04 4.899e+44 3.125e+37 2.504e-19 2.059e-08 2.588e-07
2.239e-04 4.530e+44 3.638e+37 2.915e-19 2.397e-08 3.012e-07
2.512e-04 4.179e+44 4.224e+37 3.385e-19 2.784e-08 3.498e-07
2.818e-04 3.845e+44 4.893e+37 3.921e-19 3.224e-08 4.052e-07
3.162e-04 3.528e+44 5.653e+37 4.530e-19 3.725e-08 4.681e-07
3.548e-04 3.229e+44 6.514e+37 5.220e-19 4.292e-08 5.394e-07
3.981e-04 2.947e+44 7.484e+37 5.998e-19 4.932e-08 6.197e-07
4.467e-04 2.683e+44 8.575e+37 6.872e-19 5.651e-08 7.101e-07
5.012e-04 2.434e+44 9.797e+37 7.851e-19 6.456e-08 8.113e-07
5.623e-04 2.203e+44 1.116e+38 8.943e-19 7.353e-08 9.241e-07
6.310e-04 1.987e+44 1.267e+38 1.015e-18 8.350e-08 1.049e-06
7.079e-04 1.786e+44 1.434e+38 1.150e-18 9.452e-08 1.188e-06
7.943e-04 1.601e+44 1.619e+38 1.297e-18 1.067e-07 1.340e-06
8.913e-04 1.430e+44 1.820e+38 1.459e-18 1.199e-07 1.507e-06
1.000e-03 1.273e+44 2.040e+38 1.635e-18 1.344e-07 1.689e-06
1.122e-03 1.130e+44 2.278e+38 1.826e-18 1.501e-07 1.887e-06
1.259e-03 9.985e+43 2.536e+38 2.032e-18 1.671e-07 2.100e-06
1.413e-03 8.794e+43 2.811e+38 2.253e-18 1.853e-07 2.328e-06
1.585e-03 7.716e+43 3.105e+38 2.489e-18 2.046e-07 2.572e-06
1.778e-03 6.744e+43 3.417e+38 2.738e-18 2.252e-07 2.830e-06
1.995e-03 5.872e+43 3.745e+38 3.001e-18 2.468e-07 3.101e-06
2.239e-03 5.091e+43 4.088e+38 3.276e-18 2.694e-07 3.385e-06
2.512e-03 4.396e+43 4.444e+38 3.561e-18 2.929e-07 3.680e-06
2.818e-03 3.780e+43 4.811e+38 3.855e-18 3.170e-07 3.984e-06
3.162e-03 3.236e+43 5.185e+38 4.155e-18 3.417e-07 4.294e-06
3.548e-03 2.759e+43 5.564e+38 4.459e-18 3.666e-07 4.607e-06
3.981e-03 2.341e+43 5.944e+38 4.763e-18 3.917e-07 4.922e-06
4.467e-03 1.977e+43 6.320e+38 5.065e-18 4.165e-07 5.233e-06
5.012e-03 1.662e+43 6.689e+38 5.360e-18 4.408e-07 5.539e-06
5.623e-03 1.391e+43 7.045e+38 5.646e-18 4.642e-07 5.834e-06
6.310e-03 1.158e+43 7.384e+38 5.917e-18 4.866e-07 6.115e-06
7.079e-03 9.591e+42 7.701e+38 6.171e-18 5.075e-07 6.377e-06
7.943e-03 7.905e+42 7.991e+38 6.404e-18 5.266e-07 6.617e-06
8.913e-03 6.482e+42 8.249e+38 6.610e-18 5.436e-07 6.831e-06
1.000e-02 5.287e+42 8.470e+38 6.788e-18 5.581e-07 7.014e-06
1.122e-02 4.289e+42 8.651e+38 6.933e-18 5.701e-07 7.164e-06
1.259e-02 3.461e+42 8.788e+38 7.043e-18 5.791e-07 7.277e-06
1.413e-02 2.778e+42 8.880e+38 7.116e-18 5.852e-07 7.354e-06
1.585e-02 2.218e+42 8.926e+38 7.153e-18 5.882e-07 7.391e-06
1.778e-02 1.762e+42 8.927e+38 7.154e-18 5.882e-07 7.392e-06
1.995e-02 1.393e+42 8.886e+38 7.121e-18 5.856e-07 7.358e-06
2.239e-02 1.097e+42 8.810e+38 7.060e-18 5.805e-07 7.295e-06
2.512e-02 8.610e+41 8.704e+38 6.975e-18 5.736e-07 7.208e-06
2.818e-02 6.740e+41 8.578e+38 6.874e-18 5.652e-07 7.103e-06
3.162e-02 5.266e+41 8.438e+38 6.762e-18 5.560e-07 6.987e-06
3.548e-02 4.110e+41 8.290e+38 6.643e-18 5.463e-07 6.865e-06
3.981e-02 3.206e+41 8.140e+38 6.523e-18 5.364e-07 6.740e-06
4.467e-02 2.499e+41 7.989e+38 6.402e-18 5.265e-07 6.616e-06
5.012e-02 1.948e+41 7.840e+38 6.283e-18 5.166e-07 6.492e-06
5.623e-02 1.518e+41 7.691e+38 6.163e-18 5.068e-07 6.369e-06
6.310e-02 1.183e+41 7.543e+38 6.044e-18 4.970e-07 6.246e-06
7.079e-02 9.207e+40 7.393e+38 5.924e-18 4.871e-07 6.122e-06
7.943e-02 7.162e+40 7.240e+38 5.802e-18 4.771e-07 5.995e-06
8.913e-02 5.564e+40 7.082e+38 5.675e-18 4.667e-07 5.864e-06
1.000e-01 4.318e+40 6.917e+38 5.543e-18 4.558e-07 5.728e-06
1.122e-01 3.344e+40 6.746e+38 5.406e-18 4.445e-07 5.586e-06
1.259e-01 2.586e+40 6.566e+38 5.261e-18 4.326e-07 5.437e-06
1.413e-01 1.995e+40 6.376e+38 5.110e-18 4.202e-07 5.280e-06
1.585e-01 1.535e+40 6.178e+38 4.951e-18 4.071e-07 5.116e-06
1.778e-01 1.178e+40 5.969e+38 4.784e-18 3.934e-07 4.943e-06
1.995e-01 9.017e+39 5.752e+38 4.609e-18 3.790e-07 4.763e-06
2.239e-01 6.880e+39 5.525e+38 4.427e-18 3.641e-07 4.575e-06
2.512e-01 5.232e+39 5.289e+38 4.239e-18 3.485e-07 4.380e-06
2.818e-01 3.965e+39 5.046e+38 4.044e-18 3.325e-07 4.178e-06
3.162e-01 2.993e+39 4.796e+38 3.843e-18 3.160e-07 3.971e-06
3.548e-01 2.251e+39 4.540e+38 3.638e-18 2.991e-07 3.759e-06
3.981e-01 1.685e+39 4.279e+38 3.429e-18 2.820e-07 3.543e-06
4.467e-01 1.256e+39 4.015e+38 3.217e-18 2.646e-07 3.325e-06
5.012e-01 9.316e+38 3.749e+38 3.004e-18 2.471e-07 3.105e-06
5.623e-01 6.875e+38 3.483e+38 2.791e-18 2.295e-07 2.884e-06
6.310e-01 5.047e+38 3.219e+38 2.580e-18 2.121e-07 2.666e-06
7.079e-01 3.684e+38 2.958e+38 2.370e-18 1.949e-07 2.449e-06
7.943e-01 2.673e+38 2.702e+38 2.165e-18 1.780e-07 2.237e-06
8.913e-01 1.927e+38 2.452e+38 1.965e-18 1.616e-07 2.030e-06
1.000e+00 1.380e+38 2.211e+38 1.771e-18 1.457e-07 1.830e-06
1.122e+00 9.810e+37 1.979e+38 1.586e-18 1.304e-07 1.638e-06
1.259e+00 6.922e+37 1.758e+38 1.409e-18 1.158e-07 1.456e-06
1.413e+00 4.846e+37 1.549e+38 1.241e-18 1.021e-07 1.283e-06
1.585e+00 3.364e+37 1.354e+38 1.085e-18 8.921e-08 1.121e-06
1.778e+00 2.314e+37 1.173e+38 9.396e-19 7.726e-08 9.709e-07
1.995e+00 1.577e+37 1.006e+38 8.061e-19 6.629e-08 8.330e-07
2.239e+00 1.064e+37 8.544e+37 6.847e-19 5.630e-08 7.075e-07
2.512e+00 7.102e+36 7.180e+37 5.753e-19 4.731e-08 5.945e-07
2.818e+00 4.687e+36 5.965e+37 4.780e-19 3.931e-08 4.940e-07
3.162e+00 3.057e+36 4.897e+37 3.924e-19 3.227e-08 4.055e-07
3.548e+00 1.968e+36 3.969e+37 3.181e-19 2.616e-08 3.287e-07
3.981e+00 1.250e+36 3.174e+37 2.543e-19 2.091e-08 2.628e-07
4.467e+00 7.824e+35 2.501e+37 2.004e-19 1.648e-08 2.071e-07
5.012e+00 4.823e+35 1.941e+37 1.555e-19 1.279e-08 1.607e-07
5.623e+00 2.925e+35 1.482e+37 1.187e-19 9.765e-09 1.227e-07
6.310e+00 1.743e+35 1.112e+37 8.908e-20 7.325e-09 9.205e-08
7.079e+00 1.019e+35 8.184e+36 6.558e-20 5.393e-09 6.777e-08
7.943e+00 5.842e+34 5.906e+36 4.732e-20 3.892e-09 4.890e-08
8.913e+00 3.278e+34 4.171e+36 3.343e-20 2.749e-09 3.454e-08
1.000e+01 1.797e+34 2.879e+36 2.307e-20 1.897e-09 2.384e-08
1.122e+01 9.612e+33 1.939e+36 1.554e-20 1.278e-09 1.605e-08
1.259e+01 5.006e+33 1.271e+36 1.019e-20 8.377e-10 1.053e-08
1.413e+01 2.534e+33 8.101e+35 6.492e-21 5.338e-10 6.708e-09
1.585e+01 1.244e+33 5.005e+35 4.011e-21 3.298e-10 4.145e-09
1.778e+01 5.903e+32 2.991e+35 2.397e-21 1.971e-10 2.477e-09
1.995e+01 2.703e+32 1.724e+35 1.382e-21 1.136e-10 1.428e-09
2.239e+01 1.190e+32 9.556e+34 7.658e-22 6.297e-11 7.913e-10
2.512e+01 5.022e+31 5.076e+34 4.068e-22 3.345e-11 4.204e-10
2.818e+01 2.023e+31 2.575e+34 2.064e-22 1.697e-11 2.132e-10
3.162e+01 7.753e+30 1.242e+34 9.954e-23 8.185e-12 1.029e-10
3.548e+01 2.812e+30 5.671e+33 4.545e-23 3.737e-12 4.696e-11
3.981e+01 9.603e+29 2.439e+33 1.954e-23 1.607e-12 2.019e-11
4.467e+01 3.071e+29 9.818e+32 7.867e-24 6.469e-13 8.130e-12
5.012e+01 9.138e+28 3.678e+32 2.947e-24 2.423e-13 3.045e-12
5.623e+01 2.512e+28 1.273e+32 1.020e-24 8.386e-14 1.054e-12
6.310e+01 6.327e+27 4.036e+31 3.234e-25 2.659e-14 3.342e-13
7.079e+01 1.448e+27 1.163e+31 9.316e-26 7.661e-15 9.627e-14
7.943e+01 2.979e+26 3.011e+30 2.413e-26 1.984e-15 2.494e-14
8.913e+01 5.451e+25 6.937e+29 5.559e-27 4.571e-16 5.745e-15
1.000e+02 8.759e+24 1.403e+29 1.125e-27 9.248e-17 1.162e-15
1.122e+02 1.219e+24 2.458e+28 1.970e-28 1.620e-17 2.035e-16
1.259e+02 1.445e+23 3.669e+27 2.940e-29 2.418e-18 3.038e-17
1.413e+02 1.434e+22 4.585e+26 3.674e-30 3.021e-19 3.796e-18
1.585e+02 1.168e+21 4.699e+25 3.766e-31 3.097e-20 3.891e-19
1.778e+02 7.622e+19 3.862e+24 3.095e-32 2.545e-21 3.198e-20
1.995e+02 3.886e+18 2.478e+23 1.986e-33 1.633e-22 2.052e-21
2.239e+02 1.501e+17 1.206e+22 9.662e-35 7.945e-24 9.984e-23
2.512e+02 4.250e+15 4.297e+20 3.443e-36 2.831e-25 3.558e-24
2.818e+02 8.483e+13 1.080e+19 8.652e-38 7.114e-27 8.940e-26
3.162e+02 1.146e+12 1.836e+17 1.471e-39 1.210e-28 1.520e-27
3.548e+02 1.004e+10 2.026e+15 1.623e-41 1.335e-30 1.677e-29
3.981e+02 5.493e+07 1.395e+13 1.118e-43 9.192e-33 1.155e-31
4.467e+02 1.810e+05 5.787e+10 4.637e-46 3.813e-35 4.792e-34
5.012e+02 3.458e+02 1.392e+08 1.115e-48 9.171e-38 1.152e-36
5.623e+02 3.607e-01 1.827e+05 1.464e-51 1.204e-40 1.513e-39
6.310e+02 1.868e-04 1.192e+02 9.549e-55 7.852e-44 9.868e-43
7.079e+02 4.251e-08 3.414e-02 2.736e-58 2.249e-47 2.827e-46
7.943e+02 3.716e-12 3.756e-06 3.010e-62 2.475e-51 3.110e-50
8.913e+02 1.086e-16 1.382e-10 1.108e-66 9.109e-56 1.145e-54
1.000e+03 9.192e-22 1.473e-15 1.180e-71 9.705e-61 1.220e-59
1.122e+03 1.927e-27 3.887e-21 3.115e-77 2.562e-66 3.219e-65
1.259e+03 8.432e-34 2.141e-27 1.716e-83 1.411e-72 1.773e-71
1.413e+03 6.354e-41 2.031e-34 1.628e-90 1.339e-79 1.682e-78
1.585e+03 6.655e-49 2.678e-42 2.146e-98 1.765e-87 2.218e-86
1.778e+03 7.614e-58 3.858e-51 3.092e-107 2.542e-96 3.195e-95
1.995e+03 7.263e-68 4.633e-61 3.712e-117 3.053e-106 3.836e-105
2.239e+03 4.265e-79 3.425e-72 2.745e-128 2.257e-117 2.836e-116
2.512e+03 1.098e-91 1.110e-84 8.892e-141 7.312e-130 9.188e-129
2.818e+03 8.450e-106 1.075e-98 8.618e-155 7.086e-144 8.905e-143
3.162e+03 1.268e-121 2.032e-114 1.628e-170 1.339e-159 1.683e-158
3.548e+03 2.295e-139 4.629e-132 3.710e-188 3.050e-177 3.833e-176
3.981e+03 2.921e-159 7.418e-152 5.944e-208 4.888e-197 6.142e-196
4.467e+03 1.428e-181 4.566e-174 3.659e-230 3.009e-219 3.781e-218
5.012e+03 0.000e+00 0.000e+00 0.000e+00 0.000e+00 0.000e+00
5.623e+03 0.000e+00 0.000e+00 0.000e+00 0.000e+00 0.000e+00
6.310e+03 0.000e+00 0.000e+00 0.000e+00 0.000e+00 0.000e+00
7.079e+03 0.000e+00 0.000e+00 0.000e+00 0.000e+00 0.000e+00
7.943e+03 0.000e+00 0.000e+00 0.000e+00 0.000e+00 0.000e+00
8.913e+03 0.000e+00 0.000e+00 0.000e+00 0.000e+00 0.000e+00
1.000e+04 0.000e+00 0.000e+00 0.000e+00 0.000e+00 0.000e+00
1.122e+04 0.000e+00 0.000e+00 0.000e+00 0.000e+00 0.000e+00
1.259e+04 0.000e+00 0.000e+00 0.000e+00 0.000e+00 0.000e+00
1.413e+04 0.000e+00 0.000e+00 0.000e+00 0.000e+00 0.000e+00
1.585e+04 0.000e+00 0.000e+00 0.000e+00 0.000e+00 0.000e+00
1.778e+04 0.000e+00 0.000e+00 0.000e+00 0.000e+00 0.000e+00
1.995e+04 0.000e+00 0.000e+00 0.000e+00 0.000e+00 0.000e+00
2.239e+04 0.000e+00 0.000e+00 0.000e+00 0.000e+00 0.000e+00
2.512e+04 0.000e+00 0.000e+00 0.000e+00 0.000e+00 0.000e+00
2.818e+04 0.000e+00 0.000e+00 0.000e+00 0.000e+00 0.000e+00
3.162e+04 0.000e+00 0.000e+00 0.000e+00 0.000e+00 0.000e+00
3.548e+04 0.000e+00 0.000e+00 0.000e+00 0.000e+00 0.000e+00
3.981e+04 0.000e+00 0.000e+00 0.000e+00 0.000e+00 0.000e+00
4.467e+04 0.000e+00 0.000e+00 0.000e+00 0.000e+00 0.000e+00
5.012e+04 0.000e+00 0.000e+00 0.000e+00 0.000e+00 0.000e+00
5.623e+04 0.000e+00 0.000e+00 0.000e+00 0.000e+00 0.000e+00
6.310e+04 0.000e+00 0.000e+00 0.000e+00 0.000e+00 0.000e+00
7.079e+04 0.000e+00 0.000e+00 0.000e+00 0.000e+00 0.000e+00
7.943e+04 0.000e+00 0.000e+00 0.000e+00 0.000e+00 0.000e+00
8.913e+04 0.000e+00 0.000e+00 0.000e+00 0.000e+00 0.000e+00
1.000e+05 0.000e+00 0.000e+00 0.000e+00 0.000e+00 0.000e+00
1.122e+05 0.000e+00 0.000e+00 0.000e+00 0.000e+00 0.000e+00
1.259e+05 0.000e+00 0.000e+00 0.000e+00 0.000e+00 0.000e+00
1.413e+05 0.000e+00 0.000e+00 0.000e+00 0.000e+00 0.000e+00
1.585e+05 0.000e+00 0.000e+00 0.000e+00 0.000e+00 0.000e+00
1.778e+05 0.000e+00 0.000e+00 0.000e+00 0.000e+00 0.000e+00
1.995e+05 0.000e+00 0.000e+00 0.000e+00 0.000e+00 0.000e+00
2.239e+05 0.000e+00 0.000e+00 0.000e+00 0.000e+00 0.000e+00
2.512e+05 0.000e+00 0.000e+00 0.000e+00 0.000e+00 0.000e+00
2.818e+05 0.000e+00 0.000e+00 0.000e+00 0.000e+00 0.000e+00
3.162e+05 0.000e+00 0.000e+00 0.000e+00 0.000e+00 0.000e+00
3.548e+05 0.000e+00 0.000e+00 0.000e+00 0.000e+00 0.000e+00
3.981e+05 0.000e+00 0.000e+00 0.000e+00 0.000e+00 0.000e+00
4.467e+05 0.000e+00 0.000e+00 0.000e+00 0.000e+00 0.000e+00
5.012e+05 0.000e+00 0.000e+00 0.000e+00 0.000e+00 0.000e+00
5.623e+05 0.000e+00 0.000e+00 0.000e+00 0.000e+00 0.000e+00
6.310e+05 0.000e+00 0.000e+00 0.000e+00 0.000e+00 0.000e+00
7.079e+05 0.000e+00 0.000e+00 0.000e+00 0.000e+00 0.000e+00
7.943e+05 0.000e+00 0.000e+00 0.000e+00 0.000e+00 0.000e+00
8.913e+05 0.000e+00 0.000e+00 0.000e+00 0.000e+00 0.000e+00
1.000e+06 0.000e+00 0.000e+00 0.000e+00 0.000e+00 0.000e+00
1.122e+06 0.000e+00 0.000e+00 0.000e+00 0.000e+00 0.000e+00
1.259e+06 0.000e+00 0.000e+00 0.000e+00 0.000e+00 0.000e+00
1.413e+06 0.000e+00 0.000e+00 0.000e+00 0.000e+00 0.000e+00
1.585e+06 0.000e+00 0.000e+00 0.000e+00 0.000e+00 0.000e+00
1.778e+06 0.000e+00 0.000e+00 0.000e+00 0.000e+00 0.000e+00
1.995e+06 0.000e+00 0.000e+00 0.000e+00 0.000e+00 0.000e+00
2.239e+06 0.000e+00 0.000e+00 0.000e+00 0.000e+00 0.000e+00
2.512e+06 0.000e+00 0.000e+00 0.000e+00 0.000e+00 0.000e+00
2.818e+06 0.000e+00 0.000e+00 0.000e+00 0.000e+00 0.000e+00
3.162e+06 0.000e+00 0.000e+00 0.000e+00 0.000e+00 0.000e+00
3.548e+06 0.000e+00 0.000e+00 0.000e+00 0.000e+00 0.000e+00
3.981e+06 0.000e+00 0.000e+00 0.000e+00 0.000e+00 0.000e+00
4.467e+06 0.000e+00 0.000e+00 0.000e+00 0.000e+00 0.000e+00
5.012e+06 0.000e+00 0.000e+00 0.000e+00 0.000e+00 0.000e+00
5.623e+06 0.000e+00 0.000e+00 0.000e+00 0.000e+00 0.000e+00
6.310e+06 0.000e+00 0.000e+00 0.000e+00 0.000e+00 0.000e+00
7.079e+06 0.000e+00 0.000e+00 0.000e+00 0.000e+00 0.000e+00
7.943e+06 0.000e+00 0.000e+00 0.000e+00 0.000e+00 0.000e+00
8.913e+06 0.000e+00 0.000e+00 0.000e+00 0.000e+00 0.000e+00
1.000e+07 0.000e+00 0.000e+00 0.000e+00 0.000e+00 0.000e+00
1.122e+07 0.000e+00 0.000e+00 0.000e+00 0.000e+00 0.000e+00
1.259e+07 0.000e+00 0.000e+00 0.000e+00 0.000e+00 0.000e+00
1.413e+07 0.000e+00 0.000e+00 0.000e+00 0.000e+00 0.000e+00
1.585e+07 0.000e+00 0.000e+00 0.000e+00 0.000e+00 0.000e+00
1.778e+07 0.000e+00 0.000e+00 0.000e+00 0.000e+00 0.000e+00
1.995e+07 0.000e+00 0.000e+00 0.000e+00 0.000e+00 0.000e+00
2.239e+07 0.000e+00 0.000e+00 0.000e+00 0.000e+00 0.000e+00
2.512e+07 0.000e+00 0.000e+00 0.000e+00 0.000e+00 0.000e+00
2.818e+07 0.000e+00 0.000e+00 0.000e+00 0.000e+00 0.000e+00
3.162e+07 0.000e+00 0.000e+00 0.000e+00 0.000e+00 0.000e+00
3.548e+07 0.000e+00 0.000e+00 0.000e+00 0.000e+00 0.000e+00
3.981e+07 0.000e+00 0.000e+00 0.000e+00 0.000e+00 0.000e+00
4.467e+07 0.000e+00 0.000e+00 0.000e+00 0.000e+00 0.000e+00
5.012e+07 0.000e+00 0.000e+00 0.000e+00 0.000e+00 0.000e+00
5.623e+07 0.000e+00 0.000e+00 0.000e+00 0.000e+00 0.000e+00
6.310e+07 0.000e+00 0.000e+00 0.000e+00 0.000e+00 0.000e+00
7.079e+07 0.000e+00 0.000e+00 0.000e+00 0.000e+00 0.000e+00
7.943e+07 0.000e+00 0.000e+00 0.000e+00 0.000e+00 0.000e+00
8.913e+07 0.000e+00 0.000e+00 0.000e+00 0.000e+00 0.000e+00
1.000e+08 0.000e+00 0.000e+00 0.000e+00 0.000e+00 0.000e+00
