1.000e-20 5.254e+59 8.417e+19 6.745e-37 5.547e-26 6.970e-25
1.122e-20 4.651e+59 9.381e+19 7.517e-37 6.182e-26 7.768e-25
1.259e-20 4.115e+59 1.045e+20 8.373e-37 6.885e-26 8.652e-25
1.413e-20 3.638e+59 1.163e+20 9.319e-37 7.663e-26 9.630e-25
1.585e-20 3.214e+59 1.293e+20 1.037e-36 8.524e-26 1.071e-24
1.778e-20 2.838e+59 1.438e+20 1.152e-36 9.475e-26 1.191e-24
1.995e-20 2.504e+59 1.597e+20 1.280e-36 1.052e-25 1.323e-24
2.239e-20 2.208e+59 1.773e+20 1.421e-36 1.168e-25 1.468e-24
2.512e-20 1.946e+59 1.967e+20 1.576e-36 1.296e-25 1.629e-24
2.818e-20 1.713e+59 2.180e+20 1.747e-36 1.437e-25 1.805e-24
3.162e-20 1.508e+59 2.415e+20 1.936e-36 1.592e-25 2.000e-24
3.548e-20 1.326e+59 2.674e+20 2.143e-36 1.762e-25 2.214e-24
3.981e-20 1.165e+59 2.958e+20 2.370e-36 1.949e-25 2.449e-24
4.467e-20 1.023e+59 3.270e+20 2.620e-36 2.155e-25 2.708e-24
5.012e-20 8.975e+58 3.612e+20 2.894e-36 2.380e-25 2.991e-24
5.623e-20 7.869e+58 3.987e+20 3.195e-36 2.627e-25 3.301e-24
6.310e-20 6.894e+58 4.398e+20 3.524e-36 2.898e-25 3.641e-24
7.079e-20 6.036e+58 4.847e+20 3.884e-36 3.194e-25 4.014e-24
7.943e-20 5.281e+58 5.338e+20 4.278e-36 3.518e-25 4.420e-24
8.913e-20 4.616e+58 5.875e+20 4.708e-36 3.871e-25 4.865e-24
1.000e-19 4.032e+58 6.461e+20 5.177e-36 4.257e-25 5.350e-24
1.122e-19 3.520e+58 7.099e+20 5.689e-36 4.678e-25 5.879e-24
1.259e-19 3.070e+58 7.795e+20 6.247e-36 5.137e-25 6.455e-24
1.413e-19 2.675e+58 8.552e+20 6.854e-36 5.636e-25 7.082e-24
1.585e-19 2.330e+58 9.376e+20 7.513e-36 6.178e-25 7.764e-24
1.778e-19 2.027e+58 1.027e+21 8.230e-36 6.768e-25 8.505e-24
1.995e-19 1.762e+58 1.124e+21 9.009e-36 7.408e-25 9.309e-24
2.239e-19 1.531e+58 1.229e+21 9.852e-36 8.102e-25 1.018e-23
2.512e-19 1.329e+58 1.344e+21 1.077e-35 8.853e-25 1.113e-23
2.818e-19 1.153e+58 1.467e+21 1.176e-35 9.667e-25 1.215e-23
3.162e-19 9.990e+57 1.601e+21 1.283e-35 1.055e-24 1.325e-23
3.548e-19 8.650e+57 1.745e+21 1.398e-35 1.150e-24 1.445e-23
3.981e-19 7.484e+57 1.900e+21 1.523e-35 1.252e-24 1.574e-23
4.467e-19 6.470e+57 2.068e+21 1.658e-35 1.363e-24 1.713e-23
5.012e-19 5.589e+57 2.249e+21 1.802e-35 1.482e-24 1.863e-23
5.623e-19 4.824e+57 2.444e+21 1.958e-35 1.610e-24 2.024e-23
6.310e-19 4.160e+57 2.653e+21 2.126e-35 1.748e-24 2.197e-23
7.079e-19 3.584e+57 2.878e+21 2.306e-35 1.896e-24 2.383e-23
7.943e-19 3.086e+57 3.119e+21 2.500e-35 2.055e-24 2.583e-23
8.913e-19 2.654e+57 3.378e+21 2.707e-35 2.226e-24 2.797e-23
1.000e-18 2.281e+57 3.655e+21 2.929e-35 2.409e-24 3.027e-23
1.122e-18 1.959e+57 3.952e+21 3.167e-35 2.604e-24 3.272e-23
1.259e-18 1.681e+57 4.269e+21 3.421e-35 2.813e-24 3.535e-23
1.413e-18 1.441e+57 4.608e+21 3.692e-35 3.036e-24 3.816e-23
1.585e-18 1.235e+57 4.969e+21 3.982e-35 3.275e-24 4.115e-23
1.778e-18 1.057e+57 5.355e+21 4.291e-35 3.529e-24 4.435e-23
1.995e-18 9.040e+56 5.766e+21 4.621e-35 3.800e-24 4.775e-23
2.239e-18 7.726e+56 6.204e+21 4.972e-35 4.088e-24 5.137e-23
2.512e-18 6.598e+56 6.670e+21 5.345e-35 4.395e-24 5.523e-23
2.818e-18 5.630e+56 7.165e+21 5.742e-35 4.722e-24 5.933e-23
3.162e-18 4.801e+56 7.691e+21 6.163e-35 5.068e-24 6.369e-23
3.548e-18 4.090e+56 8.250e+21 6.611e-35 5.436e-24 6.832e-23
3.981e-18 3.482e+56 8.843e+21 7.086e-35 5.827e-24 7.322e-23
4.467e-18 2.963e+56 9.471e+21 7.590e-35 6.241e-24 7.843e-23
5.012e-18 2.519e+56 1.014e+22 8.124e-35 6.680e-24 8.395e-23
5.623e-18 2.140e+56 1.084e+22 8.690e-35 7.146e-24 8.979e-23
6.310e-18 1.817e+56 1.159e+22 9.289e-35 7.638e-24 9.598e-23
7.079e-18 1.542e+56 1.238e+22 9.923e-35 8.160e-24 1.025e-22
7.943e-18 1.308e+56 1.322e+22 1.059e-34 8.712e-24 1.095e-22
8.913e-18 1.108e+56 1.411e+22 1.130e-34 9.296e-24 1.168e-22
1.000e-17 9.390e+55 1.504e+22 1.206e-34 9.913e-24 1.246e-22
1.122e-17 7.950e+55 1.604e+22 1.285e-34 1.057e-23 1.328e-22
1.259e-17 6.728e+55 1.709e+22 1.369e-34 1.126e-23 1.415e-22
1.413e-17 5.692e+55 1.820e+22 1.458e-34 1.199e-23 1.507e-22
1.585e-17 4.813e+55 1.937e+22 1.552e-34 1.276e-23 1.604e-22
1.778e-17 4.068e+55 2.061e+22 1.652e-34 1.358e-23 1.707e-22
1.995e-17 3.438e+55 2.193e+22 1.757e-34 1.445e-23 1.816e-22
2.239e-17 2.904e+55 2.332e+22 1.869e-34 1.537e-23 1.931e-22
2.512e-17 2.453e+55 2.479e+22 1.987e-34 1.634e-23 2.053e-22
2.818e-17 2.071e+55 2.636e+22 2.112e-34 1.737e-23 2.183e-22
3.162e-17 1.748e+55 2.801e+22 2.245e-34 1.846e-23 2.320e-22
3.548e-17 1.476e+55 2.977e+22 2.386e-34 1.962e-23 2.465e-22
3.981e-17 1.246e+55 3.163e+22 2.535e-34 2.085e-23 2.619e-22
4.467e-17 1.051e+55 3.361e+22 2.694e-34 2.215e-23 2.783e-22
5.012e-17 8.874e+54 3.571e+22 2.862e-34 2.353e-23 2.957e-22
5.623e-17 7.490e+54 3.795e+22 3.041e-34 2.500e-23 3.142e-22
6.310e-17 6.321e+54 4.032e+22 3.231e-34 2.657e-23 3.339e-22
7.079e-17 5.335e+54 4.284e+22 3.433e-34 2.823e-23 3.548e-22
7.943e-17 4.504e+54 4.553e+22 3.648e-34 3.000e-23 3.770e-22
8.913e-17 3.802e+54 4.839e+22 3.877e-34 3.188e-23 4.007e-22
1.000e-16 3.210e+54 5.143e+22 4.121e-34 3.389e-23 4.259e-22
1.122e-16 2.710e+54 5.467e+22 4.381e-34 3.602e-23 4.527e-22
1.259e-16 2.289e+54 5.812e+22 4.657e-34 3.830e-23 4.813e-22
1.413e-16 1.933e+54 6.179e+22 4.952e-34 4.072e-23 5.117e-22
1.585e-16 1.633e+54 6.571e+22 5.266e-34 4.330e-23 5.441e-22
1.778e-16 1.379e+54 6.988e+22 5.600e-34 4.605e-23 5.787e-22
1.995e-16 1.165e+54 7.433e+22 5.957e-34 4.898e-23 6.155e-22
2.239e-16 9.847e+53 7.907e+22 6.336e-34 5.210e-23 6.548e-22
2.512e-16 8.321e+53 8.412e+22 6.741e-34 5.543e-23 6.966e-22
2.818e-16 7.033e+53 8.950e+22 7.172e-34 5.898e-23 7.411e-22
3.162e-16 5.944e+53 9.524e+22 7.632e-34 6.276e-23 7.886e-22
3.548e-16 5.024e+53 1.013e+23 8.121e-34 6.678e-23 8.392e-22
3.981e-16 4.247e+53 1.078e+23 8.643e-34 7.107e-23 8.931e-22
4.467e-16 3.590e+53 1.148e+23 9.198e-34 7.563e-23 9.505e-22
5.012e-16 3.035e+53 1.222e+23 9.789e-34 8.050e-23 1.012e-21
5.623e-16 2.566e+53 1.300e+23 1.042e-33 8.568e-23 1.077e-21
6.310e-16 2.170e+53 1.384e+23 1.109e-33 9.119e-23 1.146e-21
7.079e-16 1.834e+53 1.473e+23 1.180e-33 9.705e-23 1.220e-21
7.943e-16 1.551e+53 1.568e+23 1.256e-33 1.033e-22 1.298e-21
8.913e-16 1.311e+53 1.668e+23 1.337e-33 1.099e-22 1.382e-21
1.000e-15 1.108e+53 1.776e+23 1.423e-33 1.170e-22 1.470e-21
1.122e-15 9.369e+52 1.890e+23 1.514e-33 1.245e-22 1.565e-21
1.259e-15 7.919e+52 2.011e+23 1.611e-33 1.325e-22 1.665e-21
1.413e-15 6.694e+52 2.140e+23 1.715e-33 1.410e-22 1.772e-21
1.585e-15 5.658e+52 2.277e+23 1.825e-33 1.500e-22 1.885e-21
1.778e-15 4.781e+52 2.423e+23 1.941e-33 1.596e-22 2.006e-21
1.995e-15 4.041e+52 2.577e+23 2.065e-33 1.698e-22 2.134e-21
2.239e-15 3.414e+52 2.742e+23 2.197e-33 1.807e-22 2.270e-21
2.512e-15 2.885e+52 2.916e+23 2.337e-33 1.922e-22 2.415e-21
2.818e-15 2.437e+52 3.101e+23 2.485e-33 2.044e-22 2.568e-21
3.162e-15 2.059e+52 3.298e+23 2.643e-33 2.173e-22 2.731e-21
3.548e-15 1.739e+52 3.507e+23 2.810e-33 2.311e-22 2.904e-21
3.981e-15 1.468e+52 3.728e+23 2.988e-33 2.457e-22 3.087e-21
4.467e-15 1.240e+52 3.963e+23 3.176e-33 2.612e-22 3.282e-21
5.012e-15 1.047e+52 4.212e+23 3.376e-33 2.776e-22 3.488e-21
5.623e-15 8.835e+51 4.476e+23 3.587e-33 2.950e-22 3.707e-21
6.310e-15 7.457e+51 4.756e+23 3.812e-33 3.134e-22 3.939e-21
7.079e-15 6.293e+51 5.053e+23 4.049e-33 3.330e-22 4.184e-21
7.943e-15 5.309e+51 5.367e+23 4.301e-33 3.537e-22 4.444e-21
8.913e-15 4.479e+51 5.700e+23 4.568e-33 3.756e-22 4.720e-21
1.000e-14 3.777e+51 6.052e+23 4.850e-33 3.988e-22 5.012e-21
1.122e-14 3.185e+51 6.425e+23 5.149e-33 4.234e-22 5.320e-21
1.259e-14 2.686e+51 6.820e+23 5.465e-33 4.494e-22 5.647e-21
1.413e-14 2.264e+51 7.237e+23 5.799e-33 4.769e-22 5.993e-21
1.585e-14 1.908e+51 7.678e+23 6.153e-33 5.059e-22 6.358e-21
1.778e-14 1.607e+51 8.144e+23 6.527e-33 5.367e-22 6.744e-21
1.995e-14 1.354e+51 8.637e+23 6.921e-33 5.692e-22 7.152e-21
2.239e-14 1.140e+51 9.158e+23 7.339e-33 6.035e-22 7.583e-21
2.512e-14 9.603e+50 9.707e+23 7.779e-33 6.397e-22 8.038e-21
2.818e-14 8.083e+50 1.029e+24 8.244e-33 6.779e-22 8.519e-21
3.162e-14 6.803e+50 1.090e+24 8.734e-33 7.182e-22 9.026e-21
3.548e-14 5.724e+50 1.155e+24 9.252e-33 7.608e-22 9.560e-21
3.981e-14 4.815e+50 1.223e+24 9.797e-33 8.056e-22 1.012e-20
4.467e-14 4.049e+50 1.294e+24 1.037e-32 8.529e-22 1.072e-20
5.012e-14 3.404e+50 1.370e+24 1.098e-32 9.027e-22 1.134e-20
5.623e-14 2.861e+50 1.449e+24 1.161e-32 9.551e-22 1.200e-20
6.310e-14 2.404e+50 1.533e+24 1.229e-32 1.010e-21 1.270e-20
7.079e-14 2.019e+50 1.621e+24 1.299e-32 1.068e-21 1.342e-20
7.943e-14 1.695e+50 1.714e+24 1.373e-32 1.129e-21 1.419e-20
8.913e-14 1.423e+50 1.811e+24 1.451e-32 1.193e-21 1.500e-20
1.000e-13 1.194e+50 1.913e+24 1.533e-32 1.261e-21 1.584e-20
1.122e-13 1.002e+50 2.020e+24 1.619e-32 1.331e-21 1.673e-20
1.259e-13 8.400e+49 2.133e+24 1.709e-32 1.406e-21 1.766e-20
1.413e-13 7.042e+49 2.251e+24 1.804e-32 1.483e-21 1.864e-20
1.585e-13 5.901e+49 2.375e+24 1.903e-32 1.565e-21 1.966e-20
1.778e-13 4.943e+49 2.504e+24 2.007e-32 1.650e-21 2.074e-20
1.995e-13 4.139e+49 2.640e+24 2.116e-32 1.740e-21 2.186e-20
2.239e-13 3.464e+49 2.782e+24 2.229e-32 1.833e-21 2.304e-20
2.512e-13 2.898e+49 2.930e+24 2.348e-32 1.931e-21 2.426e-20
2.818e-13 2.424e+49 3.085e+24 2.472e-32 2.033e-21 2.555e-20
3.162e-13 2.026e+49 3.247e+24 2.602e-32 2.139e-21 2.689e-20
3.548e-13 1.693e+49 3.415e+24 2.737e-32 2.251e-21 2.828e-20
3.981e-13 1.414e+49 3.591e+24 2.878e-32 2.367e-21 2.974e-20
4.467e-13 1.181e+49 3.775e+24 3.025e-32 2.487e-21 3.126e-20
5.012e-13 9.853e+48 3.965e+24 3.178e-32 2.613e-21 3.283e-20
5.623e-13 8.217e+48 4.163e+24 3.336e-32 2.744e-21 3.448e-20
6.310e-13 6.850e+48 4.369e+24 3.501e-32 2.879e-21 3.618e-20
7.079e-13 5.708e+48 4.583e+24 3.673e-32 3.020e-21 3.795e-20
7.943e-13 4.753e+48 4.805e+24 3.851e-32 3.166e-21 3.979e-20
8.913e-13 3.956e+48 5.035e+24 4.035e-32 3.318e-21 4.169e-20
1.000e-12 3.291e+48 5.273e+24 4.225e-32 3.474e-21 4.366e-20
1.122e-12 2.736e+48 5.519e+24 4.422e-32 3.637e-21 4.570e-20
1.259e-12 2.273e+48 5.773e+24 4.626e-32 3.804e-21 4.780e-20
1.413e-12 1.888e+48 6.035e+24 4.836e-32 3.977e-21 4.997e-20
1.585e-12 1.567e+48 6.305e+24 5.053e-32 4.155e-21 5.221e-20
1.778e-12 1.299e+48 6.583e+24 5.275e-32 4.338e-21 5.451e-20
1.995e-12 1.077e+48 6.869e+24 5.505e-32 4.526e-21 5.688e-20
2.239e-12 8.920e+47 7.163e+24 5.740e-32 4.720e-21 5.931e-20
2.512e-12 7.383e+47 7.464e+24 5.981e-32 4.918e-21 6.181e-20
2.818e-12 6.107e+47 7.772e+24 6.228e-32 5.121e-21 6.436e-20
3.162e-12 5.048e+47 8.087e+24 6.481e-32 5.329e-21 6.697e-20
3.548e-12 4.169e+47 8.409e+24 6.739e-32 5.541e-21 6.963e-20
3.981e-12 3.441e+47 8.737e+24 7.001e-32 5.757e-21 7.235e-20
4.467e-12 2.837e+47 9.070e+24 7.269e-32 5.977e-21 7.511e-20
5.012e-12 2.338e+47 9.409e+24 7.540e-32 6.200e-21 7.791e-20
5.623e-12 1.925e+47 9.752e+24 7.815e-32 6.426e-21 8.076e-20
6.310e-12 1.583e+47 1.010e+25 8.093e-32 6.655e-21 8.363e-20
7.079e-12 1.301e+47 1.045e+25 8.374e-32 6.886e-21 8.653e-20
7.943e-12 1.069e+47 1.080e+25 8.657e-32 7.119e-21 8.946e-20
8.913e-12 8.767e+46 1.116e+25 8.942e-32 7.353e-21 9.240e-20
1.000e-11 7.186e+46 1.151e+25 9.226e-32 7.587e-21 9.534e-20
1.122e-11 5.884e+46 1.187e+25 9.511e-32 7.821e-21 9.828e-20
1.259e-11 4.813e+46 1.222e+25 9.795e-32 8.054e-21 1.012e-19
1.413e-11 3.933e+46 1.257e+25 1.008e-31 8.286e-21 1.041e-19
1.585e-11 3.211e+46 1.292e+25 1.036e-31 8.515e-21 1.070e-19
1.778e-11 2.618e+46 1.327e+25 1.063e-31 8.741e-21 1.098e-19
1.995e-11 2.133e+46 1.360e+25 1.090e-31 8.964e-21 1.126e-19
2.239e-11 1.735e+46 1.393e+25 1.116e-31 9.181e-21 1.154e-19
2.512e-11 1.410e+46 1.425e+25 1.142e-31 9.392e-21 1.180e-19
2.818e-11 1.144e+46 1.456e+25 1.167e-31 9.596e-21 1.206e-19
3.162e-11 9.276e+45 1.486e+25 1.191e-31 9.793e-21 1.231e-19
3.548e-11 7.509e+45 1.515e+25 1.214e-31 9.981e-21 1.254e-19
3.981e-11 6.071e+45 1.542e+25 1.235e-31 1.016e-20 1.277e-19
4.467e-11 4.901e+45 1.567e+25 1.256e-31 1.032e-20 1.297e-19
5.012e-11 3.952e+45 1.590e+25 1.274e-31 1.048e-20 1.317e-19
5.623e-11 3.181e+45 1.612e+25 1.292e-31 1.062e-20 1.335e-19
6.310e-11 2.557e+45 1.631e+25 1.307e-31 1.075e-20 1.351e-19
7.079e-11 2.052e+45 1.648e+25 1.321e-31 1.086e-20 1.365e-19
7.943e-11 1.644e+45 1.662e+25 1.332e-31 1.095e-20 1.377e-19
8.913e-11 1.315e+45 1.674e+25 1.342e-31 1.103e-20 1.386e-19
1.000e-10 1.051e+45 1.683e+25 1.349e-31 1.109e-20 1.394e-19
1.122e-10 8.375e+44 1.689e+25 1.354e-31 1.113e-20 1.399e-19
1.259e-10 6.665e+44 1.692e+25 1.356e-31 1.115e-20 1.401e-19
1.413e-10 5.293e+44 1.692e+25 1.356e-31 1.115e-20 1.401e-19
1.585e-10 4.196e+44 1.689e+25 1.353e-31 1.113e-20 1.398e-19
1.778e-10 3.320e+44 1.682e+25 1.348e-31 1.108e-20 1.393e-19
1.995e-10 2.621e+44 1.672e+25 1.340e-31 1.102e-20 1.384e-19
2.239e-10 2.065e+44 1.658e+25 1.329e-31 1.093e-20 1.373e-19
2.512e-10 1.623e+44 1.641e+25 1.315e-31 1.081e-20 1.359e-19
2.818e-10 1.273e+44 1.620e+25 1.298e-31 1.068e-20 1.342e-19
3.162e-10 9.960e+43 1.596e+25 1.279e-31 1.052e-20 1.321e-19
3.548e-10 7.774e+43 1.568e+25 1.257e-31 1.033e-20 1.298e-19
3.981e-10 6.052e+43 1.537e+25 1.232e-31 1.013e-20 1.273e-19
4.467e-10 4.699e+43 1.502e+25 1.204e-31 9.899e-21 1.244e-19
5.012e-10 3.639e+43 1.464e+25 1.174e-31 9.650e-21 1.213e-19
5.623e-10 2.810e+43 1.424e+25 1.141e-31 9.381e-21 1.179e-19
6.310e-10 2.163e+43 1.380e+25 1.106e-31 9.093e-21 1.143e-19
7.079e-10 1.661e+43 1.333e+25 1.069e-31 8.786e-21 1.104e-19
7.943e-10 1.271e+43 1.284e+25 1.029e-31 8.464e-21 1.064e-19
8.913e-10 9.690e+42 1.233e+25 9.882e-32 8.126e-21 1.021e-19
1.000e-09 7.365e+42 1.180e+25 9.456e-32 7.776e-21 9.771e-20
1.122e-09 5.578e+42 1.125e+25 9.016e-32 7.414e-21 9.317e-20
1.259e-09 4.209e+42 1.069e+25 8.565e-32 7.043e-21 8.851e-20
1.413e-09 3.164e+42 1.011e+25 8.106e-32 6.665e-21 8.376e-20
1.585e-09 2.369e+42 9.534e+24 7.640e-32 6.282e-21 7.895e-20
1.778e-09 1.766e+42 8.949e+24 7.172e-32 5.897e-21 7.411e-20
1.995e-09 1.311e+42 8.364e+24 6.703e-32 5.512e-21 6.926e-20
2.239e-09 9.692e+41 7.782e+24 6.236e-32 5.128e-21 6.444e-20
2.512e-09 7.129e+41 7.207e+24 5.775e-32 4.749e-21 5.968e-20
2.818e-09 5.218e+41 6.641e+24 5.322e-32 4.376e-21 5.499e-20
3.162e-09 3.800e+41 6.089e+24 4.879e-32 4.012e-21 5.042e-20
3.548e-09 2.753e+41 5.552e+24 4.449e-32 3.659e-21 4.598e-20
3.981e-09 1.983e+41 5.035e+24 4.035e-32 3.318e-21 4.169e-20
4.467e-09 1.420e+41 4.539e+24 3.637e-32 2.991e-21 3.759e-20
5.012e-09 1.011e+41 4.067e+24 3.259e-32 2.680e-21 3.368e-20
5.623e-09 7.146e+40 3.620e+24 2.901e-32 2.386e-21 2.998e-20
6.310e-09 5.019e+40 3.201e+24 2.565e-32 2.109e-21 2.651e-20
7.079e-09 3.500e+40 2.811e+24 2.252e-32 1.852e-21 2.327e-20
7.943e-09 2.423e+40 2.449e+24 1.963e-32 1.614e-21 2.028e-20
8.913e-09 1.664e+40 2.118e+24 1.697e-32 1.395e-21 1.753e-20
1.000e-08 1.133e+40 1.816e+24 1.455e-32 1.197e-21 1.504e-20
1.122e-08 7.652e+39 1.543e+24 1.237e-32 1.017e-21 1.278e-20
1.259e-08 5.120e+39 1.300e+24 1.042e-32 8.567e-22 1.077e-20
1.413e-08 3.392e+39 1.084e+24 8.690e-33 7.146e-22 8.979e-21
1.585e-08 2.225e+39 8.953e+23 7.174e-33 5.899e-22 7.413e-21
1.778e-08 1.443e+39 7.311e+23 5.859e-33 4.818e-22 6.054e-21
1.995e-08 9.254e+38 5.902e+23 4.730e-33 3.889e-22 4.888e-21
2.239e-08 5.862e+38 4.707e+23 3.772e-33 3.102e-22 3.898e-21
2.512e-08 3.665e+38 3.705e+23 2.969e-33 2.442e-22 3.068e-21
2.818e-08 2.260e+38 2.877e+23 2.305e-33 1.896e-22 2.382e-21
3.162e-08 1.374e+38 2.201e+23 1.764e-33 1.450e-22 1.822e-21
3.548e-08 8.217e+37 1.657e+23 1.328e-33 1.092e-22 1.372e-21
3.981e-08 4.834e+37 1.227e+23 9.837e-34 8.089e-23 1.016e-21
4.467e-08 2.793e+37 8.929e+22 7.155e-34 5.884e-23 7.394e-22
5.012e-08 1.583e+37 6.371e+22 5.106e-34 4.198e-23 5.276e-22
5.623e-08 8.790e+36 4.453e+22 3.569e-34 2.935e-23 3.688e-22
6.310e-08 4.773e+36 3.045e+22 2.440e-34 2.006e-23 2.521e-22
7.079e-08 2.531e+36 2.032e+22 1.629e-34 1.339e-23 1.683e-22
7.943e-08 1.308e+36 1.322e+22 1.060e-34 8.713e-24 1.095e-22
8.913e-08 6.574e+35 8.367e+21 6.705e-35 5.513e-24 6.928e-23
1.000e-07 3.207e+35 5.137e+21 4.117e-35 3.385e-24 4.254e-23
1.122e-07 1.514e+35 3.054e+21 2.447e-35 2.012e-24 2.529e-23
1.259e-07 6.899e+34 1.752e+21 1.404e-35 1.154e-24 1.451e-23
1.413e-07 3.026e+34 9.672e+20 7.751e-36 6.373e-25 8.009e-24
1.585e-07 1.272e+34 5.121e+20 4.104e-36 3.374e-25 4.240e-24
1.778e-07 5.112e+33 2.590e+20 2.076e-36 1.707e-25 2.145e-24
1.995e-07 1.954e+33 1.246e+20 9.986e-37 8.212e-26 1.032e-24
2.239e-07 7.069e+32 5.676e+19 4.549e-37 3.741e-26 4.700e-25
2.512e-07 2.409e+32 2.435e+19 1.951e-37 1.604e-26 2.016e-25
2.818e-07 7.682e+31 9.776e+18 7.834e-38 6.442e-27 8.095e-26
3.162e-07 2.278e+31 3.649e+18 2.925e-38 2.405e-27 3.022e-26
3.548e-07 6.232e+30 1.257e+18 1.007e-38 8.283e-28 1.041e-26
3.981e-07 1.560e+30 3.960e+17 3.173e-39 2.609e-28 3.279e-27
4.467e-07 3.534e+29 1.130e+17 9.054e-40 7.445e-29 9.356e-28
5.012e-07 7.165e+28 2.883e+16 2.311e-40 1.900e-29 2.388e-28
5.623e-07 1.283e+28 6.500e+15 5.209e-41 4.283e-30 5.383e-29
6.310e-07 1.982e+27 1.264e+15 1.013e-41 8.331e-31 1.047e-29
7.079e-07 2.619e+26 2.103e+14 1.685e-42 1.386e-31 1.741e-30
7.943e-07 2.692e+25 2.721e+13 2.181e-43 1.793e-32 2.253e-31
8.913e-07 2.382e+24 3.031e+12 2.429e-44 1.998e-33 2.510e-32
1.000e-06 5.430e+22 8.700e+10 6.972e-46 5.733e-35 7.204e-34
1.122e-06 4.387e+21 8.848e+09 7.091e-47 5.831e-36 7.327e-35
1.259e-06 0.000e+00 0.000e+00 0.000e+00 0.000e+00 0.000e+00
1.413e-06 0.000e+00 0.000e+00 0.000e+00 0.000e+00 0.000e+00
1.585e-06 0.000e+00 0.000e+00 0.000e+00 0.000e+00 0.000e+00
1.778e-06 0.000e+00 0.000e+00 0.000e+00 0.000e+00 0.000e+00
1.995e-06 0.000e+00 0.000e+00 0.000e+00 0.000e+00 0.000e+00
2.239e-06 0.000e+00 0.000e+00 0.000e+00 0.000e+00 0.000e+00
2.512e-06 0.000e+00 0.000e+00 0.000e+00 0.000e+00 0.000e+00
2.818e-06 0.000e+00 0.000e+00 0.000e+00 0.000e+00 0.000e+00
3.162e-06 0.000e+00 0.000e+00 0.000e+00 0.000e+00 0.000e+00
3.548e-06 0.000e+00 0.000e+00 0.000e+00 0.000e+00 0.000e+00
3.981e-06 0.000e+00 0.000e+00 0.000e+00 0.000e+00 0.000e+00
4.467e-06 0.000e+00 0.000e+00 0.000e+00 0.000e+00 0.000e+00
5.012e-06 0.000e+00 0.000e+00 0.000e+00 0.000e+00 0.000e+00
5.623e-06 0.000e+00 0.000e+00 0.000e+00 0.000e+00 0.000e+00
6.310e-06 0.000e+00 0.000e+00 0.000e+00 0.000e+00 0.000e+00
7.079e-06 0.000e+00 0.000e+00 0.000e+00 0.000e+00 0.000e+00
7.943e-06 0.000e+00 0.000e+00 0.000e+00 0.000e+00 0.000e+00
8.913e-06 0.000e+00 0.000e+00 0.000e+00 0.000e+00 0.000e+00
1.000e-05 0.000e+00 0.000e+00 0.000e+00 0.000e+00 0.000e+00
1.122e-05 0.000e+00 0.000e+00 0.000e+00 0.000e+00 0.000e+00
1.259e-05 0.000e+00 0.000e+00 0.000e+00 0.000e+00 0.000e+00
1.413e-05 0.000e+00 0.000e+00 0.000e+00 0.000e+00 0.000e+00
1.585e-05 0.000e+00 0.000e+00 0.000e+00 0.000e+00 0.000e+00
1.778e-05 0.000e+00 0.000e+00 0.000e+00 0.000e+00 0.000e+00
1.995e-05 0.000e+00 0.000e+00 0.000e+00 0.000e+00 0.000e+00
2.239e-05 0.000e+00 0.000e+00 0.000e+00 0.000e+00 0.000e+00
2.512e-05 0.000e+00 0.000e+00 0.000e+00 0.000e+00 0.000e+00
2.818e-05 0.000e+00 0.000e+00 0.000e+00 0.000e+00 0.000e+00
3.162e-05 0.000e+00 0.000e+00 0.000e+00 0.000e+00 0.000e+00
3.548e-05 0.000e+00 0.000e+00 0.000e+00 0.000e+00 0.000e+00
3.981e-05 0.000e+00 0.000e+00 0.000e+00 0.000e+00 0.000e+00
4.467e-05 0.000e+00 0.000e+00 0.000e+00 0.000e+00 0.000e+00
5.012e-05 0.000e+00 0.000e+00 0.000e+00 0.000e+00 0.000e+00
5.623e-05 0.000e+00 0.000e+00 0.000e+00 0.000e+00 0.000e+00
6.310e-05 0.000e+00 0.000e+00 0.000e+00 0.000e+00 0.000e+00
7.079e-05 0.000e+00 0.000e+00 0.000e+00 0.000e+00 0.000e+00
7.943e-05 0.000e+00 0.000e+00 0.000e+00 0.000e+00 0.000e+00
8.913e-05 0.000e+00 0.000e+00 0.000e+00 0.000e+00 0.000e+00
1.000e-04 0.000e+00 0.000e+00 0.000e+00 0.000e+00 0.000e+00
1.122e-04 0.000e+00 0.000e+00 0.000e+00 0.000e+00 0.000e+00
1.259e-04 0.000e+00 0.000e+00 0.000e+00 0.000e+00 0.000e+00
1.413e-04 0.000e+00 0.000e+00 0.000e+00 0.000e+00 0.000e+00
1.585e-04 0.000e+00 0.000e+00 0.000e+00 0.000e+00 0.000e+00
1.778e-04 0.000e+00 0.000e+00 0.000e+00 0.000e+00 0.000e+00
1.995e-04 0.000e+00 0.000e+00 0.000e+00 0.000e+00 0.000e+00
2.239e-04 0.000e+00 0.000e+00 0.000e+00 0.000e+00 0.000e+00
2.512e-04 0.000e+00 0.000e+00 0.000e+00 0.000e+00 0.000e+00
2.818e-04 0.000e+00 0.000e+00 0.000e+00 0.000e+00 0.000e+00
3.162e-04 0.000e+00 0.000e+00 0.000e+00 0.000e+00 0.000e+00
3.548e-04 0.000e+00 0.000e+00 0.000e+00 0.000e+00 0.000e+00
3.981e-04 0.000e+00 0.000e+00 0.000e+00 0.000e+00 0.000e+00
4.467e-04 0.000e+00 0.000e+00 0.000e+00 0.000e+00 0.000e+00
5.012e-04 0.000e+00 0.000e+00 0.000e+00 0.000e+00 0.000e+00
5.623e-04 0.000e+00 0.000e+00 0.000e+00 0.000e+00 0.000e+00
6.310e-04 0.000e+00 0.000e+00 0.000e+00 0.000e+00 0.000e+00
7.079e-04 0.000e+00 0.000e+00 0.000e+00 0.000e+00 0.000e+00
7.943e-04 0.000e+00 0.000e+00 0.000e+00 0.000e+00 0.000e+00
8.913e-04 0.000e+00 0.000e+00 0.000e+00 0.000e+00 0.000e+00
1.000e-03 0.000e+00 0.000e+00 0.000e+00 0.000e+00 0.000e+00
1.122e-03 0.000e+00 0.000e+00 0.000e+00 0.000e+00 0.000e+00
1.259e-03 0.000e+00 0.000e+00 0.000e+00 0.000e+00 0.000e+00
1.413e-03 0.000e+00 0.000e+00 0.000e+00 0.000e+00 0.000e+00
1.585e-03 0.000e+00 0.000e+00 0.000e+00 0.000e+00 0.000e+00
1.778e-03 0.000e+00 0.000e+00 0.000e+00 0.000e+00 0.000e+00
1.995e-03 0.000e+00 0.000e+00 0.000e+00 0.000e+00 0.000e+00
2.239e-03 0.000e+00 0.000e+00 0.000e+00 0.000e+00 0.000e+00
2.512e-03 0.000e+00 0.000e+00 0.000e+00 0.000e+00 0.000e+00
2.818e-03 0.000e+00 0.000e+00 0.000e+00 0.000e+00 0.000e+00
3.162e-03 0.000e+00 0.000e+00 0.000e+00 0.000e+00 0.000e+00
3.548e-03 0.000e+00 0.000e+00 0.000e+00 0.000e+00 0.000e+00
3.981e-03 0.000e+00 0.000e+00 0.000e+00 0.000e+00 0.000e+00
4.467e-03 0.000e+00 0.000e+00 0.000e+00 0.000e+00 0.000e+00
5.012e-03 0.000e+00 0.000e+00 0.000e+00 0.000e+00 0.000e+00
5.623e-03 0.000e+00 0.000e+00 0.000e+00 0.000e+00 0.000e+00
6.310e-03 0.000e+00 0.000e+00 0.000e+00 0.000e+00 0.000e+00
7.079e-03 0.000e+00 0.000e+00 0.000e+00 0.000e+00 0.000e+00
7.943e-03 0.000e+00 0.000e+00 0.000e+00 0.000e+00 0.000e+00
8.913e-03 0.000e+00 0.000e+00 0.000e+00 0.000e+00 0.000e+00
1.000e-02 0.000e+00 0.000e+00 0.000e+00 0.000e+00 0.000e+00
1.122e-02 0.000e+00 0.000e+00 0.000e+00 0.000e+00 0.000e+00
1.259e-02 0.000e+00 0.000e+00 0.000e+00 0.000e+00 0.000e+00
1.413e-02 0.000e+00 0.000e+00 0.000e+00 0.000e+00 0.000e+00
1.585e-02 0.000e+00 0.000e+00 0.000e+00 0.000e+00 0.000e+00
1.778e-02 0.000e+00 0.000e+00 0.000e+00 0.000e+00 0.000e+00
1.995e-02 0.000e+00 0.000e+00 0.000e+00 0.000e+00 0.000e+00
2.239e-02 0.000e+00 0.000e+00 0.000e+00 0.000e+00 0.000e+00
2.512e-02 0.000e+00 0.000e+00 0.000e+00 0.000e+00 0.000e+00
2.818e-02 0.000e+00 0.000e+00 0.000e+00 0.000e+00 0.000e+00
3.162e-02 0.000e+00 0.000e+00 0.000e+00 0.000e+00 0.000e+00
3.548e-02 0.000e+00 0.000e+00 0.000e+00 0.000e+00 0.000e+00
3.981e-02 0.000e+00 0.000e+00 0.000e+00 0.000e+00 0.000e+00
4.467e-02 0.000e+00 0.000e+00 0.000e+00 0.000e+00 0.000e+00
5.012e-02 0.000e+00 0.000e+00 0.000e+00 0.000e+00 0.000e+00
5.623e-02 0.000e+00 0.000e+00 0.000e+00 0.000e+00 0.000e+00
6.310e-02 0.000e+00 0.000e+00 0.000e+00 0.000e+00 0.000e+00
7.079e-02 0.000e+00 0.000e+00 0.000e+00 0.000e+00 0.000e+00
7.943e-02 0.000e+00 0.000e+00 0.000e+00 0.000e+00 0.000e+00
8.913e-02 0.000e+00 0.000e+00 0.000e+00 0.000e+00 0.000e+00
1.000e-01 0.000e+00 0.000e+00 0.000e+00 0.000e+00 0.000e+00
1.122e-01 0.000e+00 0.000e+00 0.000e+00 0.000e+00 0.000e+00
1.259e-01 0.000e+00 0.000e+00 0.000e+00 0.000e+00 0.000e+00
1.413e-01 0.000e+00 0.000e+00 0.000e+00 0.000e+00 0.000e+00
1.585e-01 0.000e+00 0.000e+00 0.000e+00 0.000e+00 0.000e+00
1.778e-01 0.000e+00 0.000e+00 0.000e+00 0.000e+00 0.000e+00
1.995e-01 0.000e+00 0.000e+00 0.000e+00 0.000e+00 0.000e+00
2.239e-01 0.000e+00 0.000e+00 0.000e+00 0.000e+00 0.000e+00
2.512e-01 0.000e+00 0.000e+00 0.000e+00 0.000e+00 0.000e+00
2.818e-01 0.000e+00 0.000e+00 0.000e+00 0.000e+00 0.000e+00
3.162e-01 0.000e+00 0.000e+00 0.000e+00 0.000e+00 0.000e+00
3.548e-01 0.000e+00 0.000e+00 0.000e+00 0.000e+00 0.000e+00
3.981e-01 0.000e+00 0.000e+00 0.000e+00 0.000e+00 0.000e+00
4.467e-01 0.000e+00 0.000e+00 0.000e+00 0.000e+00 0.000e+00
5.012e-01 0.000e+00 0.000e+00 0.000e+00 0.000e+00 0.000e+00
5.623e-01 0.000e+00 0.000e+00 0.000e+00 0.000e+00 0.000e+00
6.310e-01 0.000e+00 0.000e+00 0.000e+00 0.000e+00 0.000e+00
7.079e-01 0.000e+00 0.000e+00 0.000e+00 0.000e+00 0.000e+00
7.943e-01 0.000e+00 0.000e+00 0.000e+00 0.000e+00 0.000e+00
8.913e-01 0.000e+00 0.000e+00 0.000e+00 0.000e+00 0.000e+00
1.000e+00 0.000e+00 0.000e+00 0.000e+00 0.000e+00 0.000e+00
1.122e+00 0.000e+00 0.000e+00 0.000e+00 0.000e+00 0.000e+00
1.259e+00 0.000e+00 0.000e+00 0.000e+00 0.000e+00 0.000e+00
1.413e+00 0.000e+00 0.000e+00 0.000e+00 0.000e+00 0.000e+00
1.585e+00 0.000e+00 0.000e+00 0.000e+00 0.000e+00 0.000e+00
1.778e+00 0.000e+00 0.000e+00 0.000e+00 0.000e+00 0.000e+00
1.995e+00 0.000e+00 0.000e+00 0.000e+00 0.000e+00 0.000e+00
2.239e+00 0.000e+00 0.000e+00 0.000e+00 0.000e+00 0.000e+00
2.512e+00 0.000e+00 0.000e+00 0.000e+00 0.000e+00 0.000e+00
2.818e+00 0.000e+00 0.000e+00 0.000e+00 0.000e+00 0.000e+00
3.162e+00 0.000e+00 0.000e+00 0.000e+00 0.000e+00 0.000e+00
3.548e+00 0.000e+00 0.000e+00 0.000e+00 0.000e+00 0.000e+00
3.981e+00 0.000e+00 0.000e+00 0.000e+00 0.000e+00 0.000e+00
4.467e+00 0.000e+00 0.000e+00 0.000e+00 0.000e+00 0.000e+00
5.012e+00 0.000e+00 0.000e+00 0.000e+00 0.000e+00 0.000e+00
5.623e+00 0.000e+00 0.000e+00 0.000e+00 0.000e+00 0.000e+00
6.310e+00 0.000e+00 0.000e+00 0.000e+00 0.000e+00 0.000e+00
7.079e+00 0.000e+00 0.000e+00 0.000e+00 0.000e+00 0.000e+00
7.943e+00 0.000e+00 0.000e+00 0.000e+00 0.000e+00 0.000e+00
8.913e+00 0.000e+00 0.000e+00 0.000e+00 0.000e+00 0.000e+00
1.000e+01 0.000e+00 0.000e+00 0.000e+00 0.000e+00 0.000e+00
1.122e+01 0.000e+00 0.000e+00 0.000e+00 0.000e+00 0.000e+00
1.259e+01 0.000e+00 0.000e+00 0.000e+00 0.000e+00 0.000e+00
1.413e+01 0.000e+00 0.000e+00 0.000e+00 0.000e+00 0.000e+00
1.585e+01 0.000e+00 0.000e+00 0.000e+00 0.000e+00 0.000e+00
1.778e+01 0.000e+00 0.000e+00 0.000e+00 0.000e+00 0.000e+00
1.995e+01 0.000e+00 0.000e+00 0.000e+00 0.000e+00 0.000e+00
2.239e+01 0.000e+00 0.000e+00 0.000e+00 0.000e+00 0.000e+00
2.512e+01 0.000e+00 0.000e+00 0.000e+00 0.000e+00 0.000e+00
2.818e+01 0.000e+00 0.000e+00 0.000e+00 0.000e+00 0.000e+00
3.162e+01 0.000e+00 0.000e+00 0.000e+00 0.000e+00 0.000e+00
3.548e+01 0.000e+00 0.000e+00 0.000e+00 0.000e+00 0.000e+00
3.981e+01 0.000e+00 0.000e+00 0.000e+00 0.000e+00 0.000e+00
4.467e+01 0.000e+00 0.000e+00 0.000e+00 0.000e+00 0.000e+00
5.012e+01 0.000e+00 0.000e+00 0.000e+00 0.000e+00 0.000e+00
5.623e+01 0.000e+00 0.000e+00 0.000e+00 0.000e+00 0.000e+00
6.310e+01 0.000e+00 0.000e+00 0.000e+00 0.000e+00 0.000e+00
7.079e+01 0.000e+00 0.000e+00 0.000e+00 0.000e+00 0.000e+00
7.943e+01 0.000e+00 0.000e+00 0.000e+00 0.000e+00 0.000e+00
8.913e+01 0.000e+00 0.000e+00 0.000e+00 0.000e+00 0.000e+00
1.000e+02 0.000e+00 0.000e+00 0.000e+00 0.000e+00 0.000e+00
1.122e+02 0.000e+00 0.000e+00 0.000e+00 0.000e+00 0.000e+00
1.259e+02 0.000e+00 0.000e+00 0.000e+00 0.000e+00 0.000e+00
1.413e+02 0.000e+00 0.000e+00 0.000e+00 0.000e+00 0.000e+00
1.585e+02 0.000e+00 0.000e+00 0.000e+00 0.000e+00 0.000e+00
1.778e+02 0.000e+00 0.000e+00 0.000e+00 0.000e+00 0.000e+00
1.995e+02 0.000e+00 0.000e+00 0.000e+00 0.000e+00 0.000e+00
2.239e+02 0.000e+00 0.000e+00 0.000e+00 0.000e+00 0.000e+00
2.512e+02 0.000e+00 0.000e+00 0.000e+00 0.000e+00 0.000e+00
2.818e+02 0.000e+00 0.000e+00 0.000e+00 0.000e+00 0.000e+00
3.162e+02 0.000e+00 0.000e+00 0.000e+00 0.000e+00 0.000e+00
3.548e+02 0.000e+00 0.000e+00 0.000e+00 0.000e+00 0.000e+00
3.981e+02 0.000e+00 0.000e+00 0.000e+00 0.000e+00 0.000e+00
4.467e+02 0.000e+00 0.000e+00 0.000e+00 0.000e+00 0.000e+00
5.012e+02 0.000e+00 0.000e+00 0.000e+00 0.000e+00 0.000e+00
5.623e+02 0.000e+00 0.000e+00 0.000e+00 0.000e+00 0.000e+00
6.310e+02 0.000e+00 0.000e+00 0.000e+00 0.000e+00 0.000e+00
7.079e+02 0.000e+00 0.000e+00 0.000e+00 0.000e+00 0.000e+00
7.943e+02 0.000e+00 0.000e+00 0.000e+00 0.000e+00 0.000e+00
8.913e+02 0.000e+00 0.000e+00 0.000e+00 0.000e+00 0.000e+00
1.000e+03 0.000e+00 0.000e+00 0.000e+00 0.000e+00 0.000e+00
1.122e+03 0.000e+00 0.000e+00 0.000e+00 0.000e+00 0.000e+00
1.259e+03 0.000e+00 0.000e+00 0.000e+00 0.000e+00 0.000e+00
1.413e+03 0.000e+00 0.000e+00 0.000e+00 0.000e+00 0.000e+00
1.585e+03 0.000e+00 0.000e+00 0.000e+00 0.000e+00 0.000e+00
1.778e+03 0.000e+00 0.000e+00 0.000e+00 0.000e+00 0.000e+00
1.995e+03 0.000e+00 0.000e+00 0.000e+00 0.000e+00 0.000e+00
2.239e+03 0.000e+00 0.000e+00 0.000e+00 0.000e+00 0.000e+00
2.512e+03 0.000e+00 0.000e+00 0.000e+00 0.000e+00 0.000e+00
2.818e+03 0.000e+00 0.000e+00 0.000e+00 0.000e+00 0.000e+00
3.162e+03 0.000e+00 0.000e+00 0.000e+00 0.000e+00 0.000e+00
3.548e+03 0.000e+00 0.000e+00 0.000e+00 0.000e+00 0.000e+00
3.981e+03 0.000e+00 0.000e+00 0.000e+00 0.000e+00 0.000e+00
4.467e+03 0.000e+00 0.000e+00 0.000e+00 0.000e+00 0.000e+00
5.012e+03 0.000e+00 0.000e+00 0.000e+00 0.000e+00 0.000e+00
5.623e+03 0.000e+00 0.000e+00 0.000e+00 0.000e+00 0.000e+00
6.310e+03 0.000e+00 0.000e+00 0.000e+00 0.000e+00 0.000e+00
7.079e+03 0.000e+00 0.000e+00 0.000e+00 0.000e+00 0.000e+00
7.943e+03 0.000e+00 0.000e+00 0.000e+00 0.000e+00 0.000e+00
8.913e+03 0.000e+00 0.000e+00 0.000e+00 0.000e+00 0.000e+00
1.000e+04 0.000e+00 0.000e+00 0.000e+00 0.000e+00 0.000e+00
1.122e+04 0.000e+00 0.000e+00 0.000e+00 0.000e+00 0.000e+00
1.259e+04 0.000e+00 0.000e+00 0.000e+00 0.000e+00 0.000e+00
1.413e+04 0.000e+00 0.000e+00 0.000e+00 0.000e+00 0.000e+00
1.585e+04 0.000e+00 0.000e+00 0.000e+00 0.000e+00 0.000e+00
1.778e+04 0.000e+00 0.000e+00 0.000e+00 0.000e+00 0.000e+00
1.995e+04 0.000e+00 0.000e+00 0.000e+00 0.000e+00 0.000e+00
2.239e+04 0.000e+00 0.000e+00 0.000e+00 0.000e+00 0.000e+00
2.512e+04 0.000e+00 0.000e+00 0.000e+00 0.000e+00 0.000e+00
2.818e+04 0.000e+00 0.000e+00 0.000e+00 0.000e+00 0.000e+00
3.162e+04 0.000e+00 0.000e+00 0.000e+00 0.000e+00 0.000e+00
3.548e+04 0.000e+00 0.000e+00 0.000e+00 0.000e+00 0.000e+00
3.981e+04 0.000e+00 0.000e+00 0.000e+00 0.000e+00 0.000e+00
4.467e+04 0.000e+00 0.000e+00 0.000e+00 0.000e+00 0.000e+00
5.012e+04 0.000e+00 0.000e+00 0.000e+00 0.000e+00 0.000e+00
5.623e+04 0.000e+00 0.000e+00 0.000e+00 0.000e+00 0.000e+00
6.310e+04 0.000e+00 0.000e+00 0.000e+00 0.000e+00 0.000e+00
7.079e+04 0.000e+00 0.000e+00 0.000e+00 0.000e+00 0.000e+00
7.943e+04 0.000e+00 0.000e+00 0.000e+00 0.000e+00 0.000e+00
8.913e+04 0.000e+00 0.000e+00 0.000e+00 0.000e+00 0.000e+00
1.000e+05 0.000e+00 0.000e+00 0.000e+00 0.000e+00 0.000e+00
1.122e+05 0.000e+00 0.000e+00 0.000e+00 0.000e+00 0.000e+00
1.259e+05 0.000e+00 0.000e+00 0.000e+00 0.000e+00 0.000e+00
1.413e+05 0.000e+00 0.000e+00 0.000e+00 0.000e+00 0.000e+00
1.585e+05 0.000e+00 0.000e+00 0.000e+00 0.000e+00 0.000e+00
1.778e+05 0.000e+00 0.000e+00 0.000e+00 0.000e+00 0.000e+00
1.995e+05 0.000e+00 0.000e+00 0.000e+00 0.000e+00 0.000e+00
2.239e+05 0.000e+00 0.000e+00 0.000e+00 0.000e+00 0.000e+00
2.512e+05 0.000e+00 0.000e+00 0.000e+00 0.000e+00 0.000e+00
2.818e+05 0.000e+00 0.000e+00 0.000e+00 0.000e+00 0.000e+00
3.162e+05 0.000e+00 0.000e+00 0.000e+00 0.000e+00 0.000e+00
3.548e+05 0.000e+00 0.000e+00 0.000e+00 0.000e+00 0.000e+00
3.981e+05 0.000e+00 0.000e+00 0.000e+00 0.000e+00 0.000e+00
4.467e+05 0.000e+00 0.000e+00 0.000e+00 0.000e+00 0.000e+00
5.012e+05 0.000e+00 0.000e+00 0.000e+00 0.000e+00 0.000e+00
5.623e+05 0.000e+00 0.000e+00 0.000e+00 0.000e+00 0.000e+00
6.310e+05 0.000e+00 0.000e+00 0.000e+00 0.000e+00 0.000e+00
7.079e+05 0.000e+00 0.000e+00 0.000e+00 0.000e+00 0.000e+00
7.943e+05 0.000e+00 0.000e+00 0.000e+00 0.000e+00 0.000e+00
8.913e+05 0.000e+00 0.000e+00 0.000e+00 0.000e+00 0.000e+00
1.000e+06 0.000e+00 0.000e+00 0.000e+00 0.000e+00 0.000e+00
1.122e+06 0.000e+00 0.000e+00 0.000e+00 0.000e+00 0.000e+00
1.259e+06 0.000e+00 0.000e+00 0.000e+00 0.000e+00 0.000e+00
1.413e+06 0.000e+00 0.000e+00 0.000e+00 0.000e+00 0.000e+00
1.585e+06 0.000e+00 0.000e+00 0.000e+00 0.000e+00 0.000e+00
1.778e+06 0.000e+00 0.000e+00 0.000e+00 0.000e+00 0.000e+00
1.995e+06 0.000e+00 0.000e+00 0.000e+00 0.000e+00 0.000e+00
2.239e+06 0.000e+00 0.000e+00 0.000e+00 0.000e+00 0.000e+00
2.512e+06 0.000e+00 0.000e+00 0.000e+00 0.000e+00 0.000e+00
2.818e+06 0.000e+00 0.000e+00 0.000e+00 0.000e+00 0.000e+00
3.162e+06 0.000e+00 0.000e+00 0.000e+00 0.000e+00 0.000e+00
3.548e+06 0.000e+00 0.000e+00 0.000e+00 0.000e+00 0.000e+00
3.981e+06 0.000e+00 0.000e+00 0.000e+00 0.000e+00 0.000e+00
4.467e+06 0.000e+00 0.000e+00 0.000e+00 0.000e+00 0.000e+00
5.012e+06 0.000e+00 0.000e+00 0.000e+00 0.000e+00 0.000e+00
5.623e+06 0.000e+00 0.000e+00 0.000e+00 0.000e+00 0.000e+00
6.310e+06 0.000e+00 0.000e+00 0.000e+00 0.000e+00 0.000e+00
7.079e+06 0.000e+00 0.000e+00 0.000e+00 0.000e+00 0.000e+00
7.943e+06 0.000e+00 0.000e+00 0.000e+00 0.000e+00 0.000e+00
8.913e+06 0.000e+00 0.000e+00 0.000e+00 0.000e+00 0.000e+00
1.000e+07 0.000e+00 0.000e+00 0.000e+00 0.000e+00 0.000e+00
1.122e+07 0.000e+00 0.000e+00 0.000e+00 0.000e+00 0.000e+00
1.259e+07 0.000e+00 0.000e+00 0.000e+00 0.000e+00 0.000e+00
1.413e+07 0.000e+00 0.000e+00 0.000e+00 0.000e+00 0.000e+00
1.585e+07 0.000e+00 0.000e+00 0.000e+00 0.000e+00 0.000e+00
1.778e+07 0.000e+00 0.000e+00 0.000e+00 0.000e+00 0.000e+00
1.995e+07 0.000e+00 0.000e+00 0.000e+00 0.000e+00 0.000e+00
2.239e+07 0.000e+00 0.000e+00 0.000e+00 0.000e+00 0.000e+00
2.512e+07 0.000e+00 0.000e+00 0.000e+00 0.000e+00 0.000e+00
2.818e+07 0.000e+00 0.000e+00 0.000e+00 0.000e+00 0.000e+00
3.162e+07 0.000e+00 0.000e+00 0.000e+00 0.000e+00 0.000e+00
3.548e+07 0.000e+00 0.000e+00 0.000e+00 0.000e+00 0.000e+00
3.981e+07 0.000e+00 0.000e+00 0.000e+00 0.000e+00 0.000e+00
4.467e+07 0.000e+00 0.000e+00 0.000e+00 0.000e+00 0.000e+00
5.012e+07 0.000e+00 0.000e+00 0.000e+00 0.000e+00 0.000e+00
5.623e+07 0.000e+00 0.000e+00 0.000e+00 0.000e+00 0.000e+00
6.310e+07 0.000e+00 0.000e+00 0.000e+00 0.000e+00 0.000e+00
7.079e+07 0.000e+00 0.000e+00 0.000e+00 0.000e+00 0.000e+00
7.943e+07 0.000e+00 0.000e+00 0.000e+00 0.000e+00 0.000e+00
8.913e+07 0.000e+00 0.000e+00 0.000e+00 0.000e+00 0.000e+00
1.000e+08 0.000e+00 0.000e+00 0.000e+00 0.000e+00 0.000e+00
