9.384e-04 9.976e+60 8.785e+54
1.053e-03 7.924e+60 8.784e+54
1.181e-03 6.294e+60 8.784e+54
1.325e-03 5.000e+60 8.784e+54
1.487e-03 3.971e+60 8.784e+54
1.669e-03 3.155e+60 8.784e+54
1.872e-03 2.506e+60 8.784e+54
2.101e-03 1.990e+60 8.784e+54
2.357e-03 1.581e+60 8.783e+54
2.645e-03 1.256e+60 8.783e+54
2.967e-03 9.974e+59 8.783e+54
3.329e-03 7.923e+59 8.782e+54
3.736e-03 6.293e+59 8.782e+54
4.192e-03 4.998e+59 8.782e+54
4.703e-03 3.970e+59 8.781e+54
5.277e-03 3.153e+59 8.781e+54
5.921e-03 2.505e+59 8.780e+54
6.643e-03 1.989e+59 8.780e+54
7.454e-03 1.580e+59 8.779e+54
8.363e-03 1.255e+59 8.778e+54
9.384e-03 9.968e+58 8.777e+54
1.053e-02 7.917e+58 8.776e+54
1.181e-02 6.288e+58 8.775e+54
1.325e-02 4.994e+58 8.774e+54
1.487e-02 3.966e+58 8.772e+54
1.669e-02 3.150e+58 8.771e+54
1.872e-02 2.501e+58 8.769e+54
2.101e-02 1.987e+58 8.767e+54
2.357e-02 1.578e+58 8.765e+54
2.645e-02 1.253e+58 8.762e+54
2.967e-02 9.948e+57 8.759e+54
3.329e-02 7.899e+57 8.756e+54
3.736e-02 6.272e+57 8.753e+54
4.192e-02 4.980e+57 8.749e+54
4.703e-02 3.953e+57 8.744e+54
5.277e-02 3.138e+57 8.739e+54
5.921e-02 2.491e+57 8.734e+54
6.643e-02 1.978e+57 8.727e+54
7.454e-02 1.570e+57 8.720e+54
8.363e-02 1.246e+57 8.712e+54
9.384e-02 9.884e+56 8.703e+54
1.053e-01 7.842e+56 8.693e+54
1.181e-01 6.221e+56 8.682e+54
1.325e-01 4.935e+56 8.670e+54
1.487e-01 3.913e+56 8.656e+54
1.669e-01 3.103e+56 8.640e+54
1.872e-01 2.460e+56 8.622e+54
2.101e-01 1.949e+56 8.603e+54
2.357e-01 1.544e+56 8.581e+54
2.645e-01 1.223e+56 8.556e+54
2.967e-01 9.686e+55 8.529e+54
3.329e-01 7.666e+55 8.498e+54
3.736e-01 6.064e+55 8.463e+54
4.192e-01 4.795e+55 8.425e+54
4.703e-01 3.790e+55 8.382e+54
5.277e-01 2.993e+55 8.334e+54
5.921e-01 2.362e+55 8.280e+54
6.643e-01 1.863e+55 8.221e+54
7.454e-01 1.468e+55 8.154e+54
8.363e-01 1.155e+55 8.081e+54
9.384e-01 9.084e+54 7.998e+54
1.053e+00 7.133e+54 7.907e+54
1.181e+00 5.594e+54 7.806e+54
1.325e+00 4.380e+54 7.695e+54
1.487e+00 3.423e+54 7.571e+54
1.669e+00 2.670e+54 7.435e+54
1.872e+00 2.078e+54 7.285e+54
2.101e+00 1.614e+54 7.121e+54
2.357e+00 1.249e+54 6.941e+54
2.645e+00 9.642e+53 6.744e+54
2.967e+00 7.415e+53 6.530e+54
3.329e+00 5.681e+53 6.297e+54
3.736e+00 4.333e+53 6.047e+54
4.192e+00 3.288e+53 5.777e+54
4.703e+00 2.482e+53 5.489e+54
5.277e+00 1.861e+53 5.183e+54
5.921e+00 1.386e+53 4.860e+54
6.643e+00 1.024e+53 4.521e+54
7.454e+00 7.504e+52 4.169e+54
8.363e+00 5.443e+52 3.807e+54
9.384e+00 3.904e+52 3.437e+54
1.053e+01 2.765e+52 3.066e+54
1.181e+01 1.932e+52 2.696e+54
1.325e+01 1.328e+52 2.334e+54
1.487e+01 8.977e+51 1.985e+54
1.669e+01 5.947e+51 1.656e+54
1.872e+01 3.854e+51 1.351e+54
2.101e+01 2.436e+51 1.075e+54
2.357e+01 1.497e+51 8.319e+53
2.645e+01 8.921e+50 6.240e+53
2.967e+01 5.132e+50 4.519e+53
3.329e+01 2.838e+50 3.146e+53
3.736e+01 1.502e+50 2.096e+53
4.192e+01 7.562e+49 1.329e+53
4.703e+01 3.602e+49 7.967e+52
5.277e+01 1.612e+49 4.488e+52
5.921e+01 6.725e+48 2.357e+52
6.643e+01 2.594e+48 1.145e+52
7.454e+01 9.160e+47 5.089e+51
8.363e+01 2.930e+47 2.050e+51
9.384e+01 8.389e+46 7.387e+50
1.053e+02 2.121e+46 2.351e+50
1.181e+02 4.661e+45 6.505e+49
1.325e+02 8.760e+44 1.539e+49
1.487e+02 1.381e+44 3.054e+48
1.669e+02 1.786e+43 4.974e+47
1.872e+02 1.852e+42 6.493e+46
2.101e+02 1.498e+41 6.612e+45
2.357e+02 9.169e+39 5.094e+44
2.645e+02 4.105e+38 2.871e+43
2.967e+02 1.294e+37 1.139e+42
3.329e+02 2.750e+35 3.048e+40
3.736e+02 3.758e+33 5.245e+38
4.192e+02 3.128e+31 5.496e+36
4.703e+02 1.493e+29 3.303e+34
5.277e+02 3.819e+26 1.063e+32
5.921e+02 4.849e+23 1.700e+29
6.643e+02 2.806e+20 1.238e+26
7.454e+02 6.726e+16 3.737e+22
8.363e+02 5.996e+12 4.194e+18
9.384e+02 1.762e+08 1.552e+14
1.053e+03 1.491e+03 1.653e+09
1.181e+03 3.119e-03 4.353e+03
1.325e+03 1.361e-09 2.391e-03
1.487e+03 1.023e-16 2.263e-10
1.669e+03 1.069e-24 2.976e-18
1.872e+03 1.219e-33 4.274e-27
2.101e+03 1.160e-43 5.119e-37
2.357e+03 6.795e-55 3.775e-48
2.645e+03 1.744e-67 1.220e-60
2.967e+03 1.339e-81 1.179e-74
3.329e+03 2.004e-97 2.222e-90
3.736e+03 3.618e-115 5.049e-108
4.192e+03 4.594e-135 8.070e-128
4.703e+03 2.240e-157 4.955e-150
