1.000e-20 0.000e+00 0.000e+00 0.000e+00 0.000e+00 0.000e+00
1.122e-20 0.000e+00 0.000e+00 0.000e+00 0.000e+00 0.000e+00
1.259e-20 0.000e+00 0.000e+00 0.000e+00 0.000e+00 0.000e+00
1.413e-20 0.000e+00 0.000e+00 0.000e+00 0.000e+00 0.000e+00
1.585e-20 0.000e+00 0.000e+00 0.000e+00 0.000e+00 0.000e+00
1.778e-20 0.000e+00 0.000e+00 0.000e+00 0.000e+00 0.000e+00
1.995e-20 0.000e+00 0.000e+00 0.000e+00 0.000e+00 0.000e+00
2.239e-20 0.000e+00 0.000e+00 0.000e+00 0.000e+00 0.000e+00
2.512e-20 0.000e+00 0.000e+00 0.000e+00 0.000e+00 0.000e+00
2.818e-20 0.000e+00 0.000e+00 0.000e+00 0.000e+00 0.000e+00
3.162e-20 0.000e+00 0.000e+00 0.000e+00 0.000e+00 0.000e+00
3.548e-20 0.000e+00 0.000e+00 0.000e+00 0.000e+00 0.000e+00
3.981e-20 0.000e+00 0.000e+00 0.000e+00 0.000e+00 0.000e+00
4.467e-20 0.000e+00 0.000e+00 0.000e+00 0.000e+00 0.000e+00
5.012e-20 0.000e+00 0.000e+00 0.000e+00 0.000e+00 0.000e+00
5.623e-20 0.000e+00 0.000e+00 0.000e+00 0.000e+00 0.000e+00
6.310e-20 0.000e+00 0.000e+00 0.000e+00 0.000e+00 0.000e+00
7.079e-20 0.000e+00 0.000e+00 0.000e+00 0.000e+00 0.000e+00
7.943e-20 0.000e+00 0.000e+00 0.000e+00 0.000e+00 0.000e+00
8.913e-20 0.000e+00 0.000e+00 0.000e+00 0.000e+00 0.000e+00
1.000e-19 0.000e+00 0.000e+00 0.000e+00 0.000e+00 0.000e+00
1.122e-19 0.000e+00 0.000e+00 0.000e+00 0.000e+00 0.000e+00
1.259e-19 0.000e+00 0.000e+00 0.000e+00 0.000e+00 0.000e+00
1.413e-19 0.000e+00 0.000e+00 0.000e+00 0.000e+00 0.000e+00
1.585e-19 0.000e+00 0.000e+00 0.000e+00 0.000e+00 0.000e+00
1.778e-19 0.000e+00 0.000e+00 0.000e+00 0.000e+00 0.000e+00
1.995e-19 0.000e+00 0.000e+00 0.000e+00 0.000e+00 0.000e+00
2.239e-19 0.000e+00 0.000e+00 0.000e+00 0.000e+00 0.000e+00
2.512e-19 0.000e+00 0.000e+00 0.000e+00 0.000e+00 0.000e+00
2.818e-19 0.000e+00 0.000e+00 0.000e+00 0.000e+00 0.000e+00
3.162e-19 0.000e+00 0.000e+00 0.000e+00 0.000e+00 0.000e+00
3.548e-19 0.000e+00 0.000e+00 0.000e+00 0.000e+00 0.000e+00
3.981e-19 0.000e+00 0.000e+00 0.000e+00 0.000e+00 0.000e+00
4.467e-19 0.000e+00 0.000e+00 0.000e+00 0.000e+00 0.000e+00
5.012e-19 0.000e+00 0.000e+00 0.000e+00 0.000e+00 0.000e+00
5.623e-19 0.000e+00 0.000e+00 0.000e+00 0.000e+00 0.000e+00
6.310e-19 0.000e+00 0.000e+00 0.000e+00 0.000e+00 0.000e+00
7.079e-19 0.000e+00 0.000e+00 0.000e+00 0.000e+00 0.000e+00
7.943e-19 0.000e+00 0.000e+00 0.000e+00 0.000e+00 0.000e+00
8.913e-19 0.000e+00 0.000e+00 0.000e+00 0.000e+00 0.000e+00
1.000e-18 0.000e+00 0.000e+00 0.000e+00 0.000e+00 0.000e+00
1.122e-18 0.000e+00 0.000e+00 0.000e+00 0.000e+00 0.000e+00
1.259e-18 0.000e+00 0.000e+00 0.000e+00 0.000e+00 0.000e+00
1.413e-18 0.000e+00 0.000e+00 0.000e+00 0.000e+00 0.000e+00
1.585e-18 0.000e+00 0.000e+00 0.000e+00 0.000e+00 0.000e+00
1.778e-18 0.000e+00 0.000e+00 0.000e+00 0.000e+00 0.000e+00
1.995e-18 0.000e+00 0.000e+00 0.000e+00 0.000e+00 0.000e+00
2.239e-18 0.000e+00 0.000e+00 0.000e+00 0.000e+00 0.000e+00
2.512e-18 0.000e+00 0.000e+00 0.000e+00 0.000e+00 0.000e+00
2.818e-18 0.000e+00 0.000e+00 0.000e+00 0.000e+00 0.000e+00
3.162e-18 0.000e+00 0.000e+00 0.000e+00 0.000e+00 0.000e+00
3.548e-18 0.000e+00 0.000e+00 0.000e+00 0.000e+00 0.000e+00
3.981e-18 0.000e+00 0.000e+00 0.000e+00 0.000e+00 0.000e+00
4.467e-18 0.000e+00 0.000e+00 0.000e+00 0.000e+00 0.000e+00
5.012e-18 0.000e+00 0.000e+00 0.000e+00 0.000e+00 0.000e+00
5.623e-18 0.000e+00 0.000e+00 0.000e+00 0.000e+00 0.000e+00
6.310e-18 0.000e+00 0.000e+00 0.000e+00 0.000e+00 0.000e+00
7.079e-18 0.000e+00 0.000e+00 0.000e+00 0.000e+00 0.000e+00
7.943e-18 0.000e+00 0.000e+00 0.000e+00 0.000e+00 0.000e+00
8.913e-18 0.000e+00 0.000e+00 0.000e+00 0.000e+00 0.000e+00
1.000e-17 0.000e+00 0.000e+00 0.000e+00 0.000e+00 0.000e+00
1.122e-17 0.000e+00 0.000e+00 0.000e+00 0.000e+00 0.000e+00
1.259e-17 0.000e+00 0.000e+00 0.000e+00 0.000e+00 0.000e+00
1.413e-17 0.000e+00 0.000e+00 0.000e+00 0.000e+00 0.000e+00
1.585e-17 0.000e+00 0.000e+00 0.000e+00 0.000e+00 0.000e+00
1.778e-17 0.000e+00 0.000e+00 0.000e+00 0.000e+00 0.000e+00
1.995e-17 0.000e+00 0.000e+00 0.000e+00 0.000e+00 0.000e+00
2.239e-17 0.000e+00 0.000e+00 0.000e+00 0.000e+00 0.000e+00
2.512e-17 0.000e+00 0.000e+00 0.000e+00 0.000e+00 0.000e+00
2.818e-17 0.000e+00 0.000e+00 0.000e+00 0.000e+00 0.000e+00
3.162e-17 0.000e+00 0.000e+00 0.000e+00 0.000e+00 0.000e+00
3.548e-17 0.000e+00 0.000e+00 0.000e+00 0.000e+00 0.000e+00
3.981e-17 0.000e+00 0.000e+00 0.000e+00 0.000e+00 0.000e+00
4.467e-17 0.000e+00 0.000e+00 0.000e+00 0.000e+00 0.000e+00
5.012e-17 0.000e+00 0.000e+00 0.000e+00 0.000e+00 0.000e+00
5.623e-17 0.000e+00 0.000e+00 0.000e+00 0.000e+00 0.000e+00
6.310e-17 0.000e+00 0.000e+00 0.000e+00 0.000e+00 0.000e+00
7.079e-17 0.000e+00 0.000e+00 0.000e+00 0.000e+00 0.000e+00
7.943e-17 0.000e+00 0.000e+00 0.000e+00 0.000e+00 0.000e+00
8.913e-17 0.000e+00 0.000e+00 0.000e+00 0.000e+00 0.000e+00
1.000e-16 0.000e+00 0.000e+00 0.000e+00 0.000e+00 0.000e+00
1.122e-16 0.000e+00 0.000e+00 0.000e+00 0.000e+00 0.000e+00
1.259e-16 0.000e+00 0.000e+00 0.000e+00 0.000e+00 0.000e+00
1.413e-16 0.000e+00 0.000e+00 0.000e+00 0.000e+00 0.000e+00
1.585e-16 0.000e+00 0.000e+00 0.000e+00 0.000e+00 0.000e+00
1.778e-16 0.000e+00 0.000e+00 0.000e+00 0.000e+00 0.000e+00
1.995e-16 0.000e+00 0.000e+00 0.000e+00 0.000e+00 0.000e+00
2.239e-16 0.000e+00 0.000e+00 0.000e+00 0.000e+00 0.000e+00
2.512e-16 0.000e+00 0.000e+00 0.000e+00 0.000e+00 0.000e+00
2.818e-16 0.000e+00 0.000e+00 0.000e+00 0.000e+00 0.000e+00
3.162e-16 0.000e+00 0.000e+00 0.000e+00 0.000e+00 0.000e+00
3.548e-16 0.000e+00 0.000e+00 0.000e+00 0.000e+00 0.000e+00
3.981e-16 0.000e+00 0.000e+00 0.000e+00 0.000e+00 0.000e+00
4.467e-16 0.000e+00 0.000e+00 0.000e+00 0.000e+00 0.000e+00
5.012e-16 0.000e+00 0.000e+00 0.000e+00 0.000e+00 0.000e+00
5.623e-16 0.000e+00 0.000e+00 0.000e+00 0.000e+00 0.000e+00
6.310e-16 0.000e+00 0.000e+00 0.000e+00 0.000e+00 0.000e+00
7.079e-16 0.000e+00 0.000e+00 0.000e+00 0.000e+00 0.000e+00
7.943e-16 0.000e+00 0.000e+00 0.000e+00 0.000e+00 0.000e+00
8.913e-16 0.000e+00 0.000e+00 0.000e+00 0.000e+00 0.000e+00
1.000e-15 0.000e+00 0.000e+00 0.000e+00 0.000e+00 0.000e+00
1.122e-15 0.000e+00 0.000e+00 0.000e+00 0.000e+00 0.000e+00
1.259e-15 0.000e+00 0.000e+00 0.000e+00 0.000e+00 0.000e+00
1.413e-15 0.000e+00 0.000e+00 0.000e+00 0.000e+00 0.000e+00
1.585e-15 0.000e+00 0.000e+00 0.000e+00 0.000e+00 0.000e+00
1.778e-15 0.000e+00 0.000e+00 0.000e+00 0.000e+00 0.000e+00
1.995e-15 0.000e+00 0.000e+00 0.000e+00 0.000e+00 0.000e+00
2.239e-15 0.000e+00 0.000e+00 0.000e+00 0.000e+00 0.000e+00
2.512e-15 0.000e+00 0.000e+00 0.000e+00 0.000e+00 0.000e+00
2.818e-15 0.000e+00 0.000e+00 0.000e+00 0.000e+00 0.000e+00
3.162e-15 0.000e+00 0.000e+00 0.000e+00 0.000e+00 0.000e+00
3.548e-15 0.000e+00 0.000e+00 0.000e+00 0.000e+00 0.000e+00
3.981e-15 0.000e+00 0.000e+00 0.000e+00 0.000e+00 0.000e+00
4.467e-15 0.000e+00 0.000e+00 0.000e+00 0.000e+00 0.000e+00
5.012e-15 0.000e+00 0.000e+00 0.000e+00 0.000e+00 0.000e+00
5.623e-15 0.000e+00 0.000e+00 0.000e+00 0.000e+00 0.000e+00
6.310e-15 0.000e+00 0.000e+00 0.000e+00 0.000e+00 0.000e+00
7.079e-15 0.000e+00 0.000e+00 0.000e+00 0.000e+00 0.000e+00
7.943e-15 0.000e+00 0.000e+00 0.000e+00 0.000e+00 0.000e+00
8.913e-15 0.000e+00 0.000e+00 0.000e+00 0.000e+00 0.000e+00
1.000e-14 0.000e+00 0.000e+00 0.000e+00 0.000e+00 0.000e+00
1.122e-14 0.000e+00 0.000e+00 0.000e+00 0.000e+00 0.000e+00
1.259e-14 0.000e+00 0.000e+00 0.000e+00 0.000e+00 0.000e+00
1.413e-14 0.000e+00 0.000e+00 0.000e+00 0.000e+00 0.000e+00
1.585e-14 0.000e+00 0.000e+00 0.000e+00 0.000e+00 0.000e+00
1.778e-14 0.000e+00 0.000e+00 0.000e+00 0.000e+00 0.000e+00
1.995e-14 0.000e+00 0.000e+00 0.000e+00 0.000e+00 0.000e+00
2.239e-14 0.000e+00 0.000e+00 0.000e+00 0.000e+00 0.000e+00
2.512e-14 0.000e+00 0.000e+00 0.000e+00 0.000e+00 0.000e+00
2.818e-14 0.000e+00 0.000e+00 0.000e+00 0.000e+00 0.000e+00
3.162e-14 0.000e+00 0.000e+00 0.000e+00 0.000e+00 0.000e+00
3.548e-14 0.000e+00 0.000e+00 0.000e+00 0.000e+00 0.000e+00
3.981e-14 0.000e+00 0.000e+00 0.000e+00 0.000e+00 0.000e+00
4.467e-14 0.000e+00 0.000e+00 0.000e+00 0.000e+00 0.000e+00
5.012e-14 0.000e+00 0.000e+00 0.000e+00 0.000e+00 0.000e+00
5.623e-14 0.000e+00 0.000e+00 0.000e+00 0.000e+00 0.000e+00
6.310e-14 0.000e+00 0.000e+00 0.000e+00 0.000e+00 0.000e+00
7.079e-14 0.000e+00 0.000e+00 0.000e+00 0.000e+00 0.000e+00
7.943e-14 0.000e+00 0.000e+00 0.000e+00 0.000e+00 0.000e+00
8.913e-14 0.000e+00 0.000e+00 0.000e+00 0.000e+00 0.000e+00
1.000e-13 0.000e+00 0.000e+00 0.000e+00 0.000e+00 0.000e+00
1.122e-13 0.000e+00 0.000e+00 0.000e+00 0.000e+00 0.000e+00
1.259e-13 0.000e+00 0.000e+00 0.000e+00 0.000e+00 0.000e+00
1.413e-13 0.000e+00 0.000e+00 0.000e+00 0.000e+00 0.000e+00
1.585e-13 0.000e+00 0.000e+00 0.000e+00 0.000e+00 0.000e+00
1.778e-13 0.000e+00 0.000e+00 0.000e+00 0.000e+00 0.000e+00
1.995e-13 0.000e+00 0.000e+00 0.000e+00 0.000e+00 0.000e+00
2.239e-13 0.000e+00 0.000e+00 0.000e+00 0.000e+00 0.000e+00
2.512e-13 0.000e+00 0.000e+00 0.000e+00 0.000e+00 0.000e+00
2.818e-13 0.000e+00 0.000e+00 0.000e+00 0.000e+00 0.000e+00
3.162e-13 0.000e+00 0.000e+00 0.000e+00 0.000e+00 0.000e+00
3.548e-13 0.000e+00 0.000e+00 0.000e+00 0.000e+00 0.000e+00
3.981e-13 0.000e+00 0.000e+00 0.000e+00 0.000e+00 0.000e+00
4.467e-13 0.000e+00 0.000e+00 0.000e+00 0.000e+00 0.000e+00
5.012e-13 0.000e+00 0.000e+00 0.000e+00 0.000e+00 0.000e+00
5.623e-13 0.000e+00 0.000e+00 0.000e+00 0.000e+00 0.000e+00
6.310e-13 0.000e+00 0.000e+00 0.000e+00 0.000e+00 0.000e+00
7.079e-13 0.000e+00 0.000e+00 0.000e+00 0.000e+00 0.000e+00
7.943e-13 0.000e+00 0.000e+00 0.000e+00 0.000e+00 0.000e+00
8.913e-13 0.000e+00 0.000e+00 0.000e+00 0.000e+00 0.000e+00
1.000e-12 0.000e+00 0.000e+00 0.000e+00 0.000e+00 0.000e+00
1.122e-12 0.000e+00 0.000e+00 0.000e+00 0.000e+00 0.000e+00
1.259e-12 0.000e+00 0.000e+00 0.000e+00 0.000e+00 0.000e+00
1.413e-12 0.000e+00 0.000e+00 0.000e+00 0.000e+00 0.000e+00
1.585e-12 0.000e+00 0.000e+00 0.000e+00 0.000e+00 0.000e+00
1.778e-12 0.000e+00 0.000e+00 0.000e+00 0.000e+00 0.000e+00
1.995e-12 0.000e+00 0.000e+00 0.000e+00 0.000e+00 0.000e+00
2.239e-12 0.000e+00 0.000e+00 0.000e+00 0.000e+00 0.000e+00
2.512e-12 0.000e+00 0.000e+00 0.000e+00 0.000e+00 0.000e+00
2.818e-12 0.000e+00 0.000e+00 0.000e+00 0.000e+00 0.000e+00
3.162e-12 0.000e+00 0.000e+00 0.000e+00 0.000e+00 0.000e+00
3.548e-12 0.000e+00 0.000e+00 0.000e+00 0.000e+00 0.000e+00
3.981e-12 0.000e+00 0.000e+00 0.000e+00 0.000e+00 0.000e+00
4.467e-12 0.000e+00 0.000e+00 0.000e+00 0.000e+00 0.000e+00
5.012e-12 0.000e+00 0.000e+00 0.000e+00 0.000e+00 0.000e+00
5.623e-12 0.000e+00 0.000e+00 0.000e+00 0.000e+00 0.000e+00
6.310e-12 0.000e+00 0.000e+00 0.000e+00 0.000e+00 0.000e+00
7.079e-12 0.000e+00 0.000e+00 0.000e+00 0.000e+00 0.000e+00
7.943e-12 0.000e+00 0.000e+00 0.000e+00 0.000e+00 0.000e+00
8.913e-12 0.000e+00 0.000e+00 0.000e+00 0.000e+00 0.000e+00
1.000e-11 0.000e+00 0.000e+00 0.000e+00 0.000e+00 0.000e+00
1.122e-11 0.000e+00 0.000e+00 0.000e+00 0.000e+00 0.000e+00
1.259e-11 0.000e+00 0.000e+00 0.000e+00 0.000e+00 0.000e+00
1.413e-11 0.000e+00 0.000e+00 0.000e+00 0.000e+00 0.000e+00
1.585e-11 0.000e+00 0.000e+00 0.000e+00 0.000e+00 0.000e+00
1.778e-11 0.000e+00 0.000e+00 0.000e+00 0.000e+00 0.000e+00
1.995e-11 0.000e+00 0.000e+00 0.000e+00 0.000e+00 0.000e+00
2.239e-11 0.000e+00 0.000e+00 0.000e+00 0.000e+00 0.000e+00
2.512e-11 0.000e+00 0.000e+00 0.000e+00 0.000e+00 0.000e+00
2.818e-11 0.000e+00 0.000e+00 0.000e+00 0.000e+00 0.000e+00
3.162e-11 0.000e+00 0.000e+00 0.000e+00 0.000e+00 0.000e+00
3.548e-11 0.000e+00 0.000e+00 0.000e+00 0.000e+00 0.000e+00
3.981e-11 0.000e+00 0.000e+00 0.000e+00 0.000e+00 0.000e+00
4.467e-11 0.000e+00 0.000e+00 0.000e+00 0.000e+00 0.000e+00
5.012e-11 0.000e+00 0.000e+00 0.000e+00 0.000e+00 0.000e+00
5.623e-11 0.000e+00 0.000e+00 0.000e+00 0.000e+00 0.000e+00
6.310e-11 0.000e+00 0.000e+00 0.000e+00 0.000e+00 0.000e+00
7.079e-11 0.000e+00 0.000e+00 0.000e+00 0.000e+00 0.000e+00
7.943e-11 0.000e+00 0.000e+00 0.000e+00 0.000e+00 0.000e+00
8.913e-11 0.000e+00 0.000e+00 0.000e+00 0.000e+00 0.000e+00
1.000e-10 0.000e+00 0.000e+00 0.000e+00 0.000e+00 0.000e+00
1.122e-10 0.000e+00 0.000e+00 0.000e+00 0.000e+00 0.000e+00
1.259e-10 0.000e+00 0.000e+00 0.000e+00 0.000e+00 0.000e+00
1.413e-10 0.000e+00 0.000e+00 0.000e+00 0.000e+00 0.000e+00
1.585e-10 0.000e+00 0.000e+00 0.000e+00 0.000e+00 0.000e+00
1.778e-10 0.000e+00 0.000e+00 0.000e+00 0.000e+00 0.000e+00
1.995e-10 0.000e+00 0.000e+00 0.000e+00 0.000e+00 0.000e+00
2.239e-10 0.000e+00 0.000e+00 0.000e+00 0.000e+00 0.000e+00
2.512e-10 0.000e+00 0.000e+00 0.000e+00 0.000e+00 0.000e+00
2.818e-10 0.000e+00 0.000e+00 0.000e+00 0.000e+00 0.000e+00
3.162e-10 0.000e+00 0.000e+00 0.000e+00 0.000e+00 0.000e+00
3.548e-10 0.000e+00 0.000e+00 0.000e+00 0.000e+00 0.000e+00
3.981e-10 0.000e+00 0.000e+00 0.000e+00 0.000e+00 0.000e+00
4.467e-10 0.000e+00 0.000e+00 0.000e+00 0.000e+00 0.000e+00
5.012e-10 0.000e+00 0.000e+00 0.000e+00 0.000e+00 0.000e+00
5.623e-10 0.000e+00 0.000e+00 0.000e+00 0.000e+00 0.000e+00
6.310e-10 0.000e+00 0.000e+00 0.000e+00 0.000e+00 0.000e+00
7.079e-10 0.000e+00 0.000e+00 0.000e+00 0.000e+00 0.000e+00
7.943e-10 0.000e+00 0.000e+00 0.000e+00 0.000e+00 0.000e+00
8.913e-10 0.000e+00 0.000e+00 0.000e+00 0.000e+00 0.000e+00
1.000e-09 0.000e+00 0.000e+00 0.000e+00 0.000e+00 0.000e+00
1.122e-09 0.000e+00 0.000e+00 0.000e+00 0.000e+00 0.000e+00
1.259e-09 0.000e+00 0.000e+00 0.000e+00 0.000e+00 0.000e+00
1.413e-09 0.000e+00 0.000e+00 0.000e+00 0.000e+00 0.000e+00
1.585e-09 0.000e+00 0.000e+00 0.000e+00 0.000e+00 0.000e+00
1.778e-09 0.000e+00 0.000e+00 0.000e+00 0.000e+00 0.000e+00
1.995e-09 0.000e+00 0.000e+00 0.000e+00 0.000e+00 0.000e+00
2.239e-09 0.000e+00 0.000e+00 0.000e+00 0.000e+00 0.000e+00
2.512e-09 0.000e+00 0.000e+00 0.000e+00 0.000e+00 0.000e+00
2.818e-09 0.000e+00 0.000e+00 0.000e+00 0.000e+00 0.000e+00
3.162e-09 0.000e+00 0.000e+00 0.000e+00 0.000e+00 0.000e+00
3.548e-09 0.000e+00 0.000e+00 0.000e+00 0.000e+00 0.000e+00
3.981e-09 0.000e+00 0.000e+00 0.000e+00 0.000e+00 0.000e+00
4.467e-09 0.000e+00 0.000e+00 0.000e+00 0.000e+00 0.000e+00
5.012e-09 0.000e+00 0.000e+00 0.000e+00 0.000e+00 0.000e+00
5.623e-09 0.000e+00 0.000e+00 0.000e+00 0.000e+00 0.000e+00
6.310e-09 0.000e+00 0.000e+00 0.000e+00 0.000e+00 0.000e+00
7.079e-09 0.000e+00 0.000e+00 0.000e+00 0.000e+00 0.000e+00
7.943e-09 0.000e+00 0.000e+00 0.000e+00 0.000e+00 0.000e+00
8.913e-09 0.000e+00 0.000e+00 0.000e+00 0.000e+00 0.000e+00
1.000e-08 0.000e+00 0.000e+00 0.000e+00 0.000e+00 0.000e+00
1.122e-08 0.000e+00 0.000e+00 0.000e+00 0.000e+00 0.000e+00
1.259e-08 0.000e+00 0.000e+00 0.000e+00 0.000e+00 0.000e+00
1.413e-08 0.000e+00 0.000e+00 0.000e+00 0.000e+00 0.000e+00
1.585e-08 0.000e+00 0.000e+00 0.000e+00 0.000e+00 0.000e+00
1.778e-08 0.000e+00 0.000e+00 0.000e+00 0.000e+00 0.000e+00
1.995e-08 0.000e+00 0.000e+00 0.000e+00 0.000e+00 0.000e+00
2.239e-08 0.000e+00 0.000e+00 0.000e+00 0.000e+00 0.000e+00
2.512e-08 0.000e+00 0.000e+00 0.000e+00 0.000e+00 0.000e+00
2.818e-08 0.000e+00 0.000e+00 0.000e+00 0.000e+00 0.000e+00
3.162e-08 0.000e+00 0.000e+00 0.000e+00 0.000e+00 0.000e+00
3.548e-08 0.000e+00 0.000e+00 0.000e+00 0.000e+00 0.000e+00
3.981e-08 0.000e+00 0.000e+00 0.000e+00 0.000e+00 0.000e+00
4.467e-08 0.000e+00 0.000e+00 0.000e+00 0.000e+00 0.000e+00
5.012e-08 0.000e+00 0.000e+00 0.000e+00 0.000e+00 0.000e+00
5.623e-08 0.000e+00 0.000e+00 0.000e+00 0.000e+00 0.000e+00
6.310e-08 0.000e+00 0.000e+00 0.000e+00 0.000e+00 0.000e+00
7.079e-08 0.000e+00 0.000e+00 0.000e+00 0.000e+00 0.000e+00
7.943e-08 0.000e+00 0.000e+00 0.000e+00 0.000e+00 0.000e+00
8.913e-08 0.000e+00 0.000e+00 0.000e+00 0.000e+00 0.000e+00
1.000e-07 0.000e+00 0.000e+00 0.000e+00 0.000e+00 0.000e+00
1.122e-07 0.000e+00 0.000e+00 0.000e+00 0.000e+00 0.000e+00
1.259e-07 0.000e+00 0.000e+00 0.000e+00 0.000e+00 0.000e+00
1.413e-07 0.000e+00 0.000e+00 0.000e+00 0.000e+00 0.000e+00
1.585e-07 0.000e+00 0.000e+00 0.000e+00 0.000e+00 0.000e+00
1.778e-07 0.000e+00 0.000e+00 0.000e+00 0.000e+00 0.000e+00
1.995e-07 0.000e+00 0.000e+00 0.000e+00 0.000e+00 0.000e+00
2.239e-07 0.000e+00 0.000e+00 0.000e+00 0.000e+00 0.000e+00
2.512e-07 0.000e+00 0.000e+00 0.000e+00 0.000e+00 0.000e+00
2.818e-07 0.000e+00 0.000e+00 0.000e+00 0.000e+00 0.000e+00
3.162e-07 0.000e+00 0.000e+00 0.000e+00 0.000e+00 0.000e+00
3.548e-07 0.000e+00 0.000e+00 0.000e+00 0.000e+00 0.000e+00
3.981e-07 0.000e+00 0.000e+00 0.000e+00 0.000e+00 0.000e+00
4.467e-07 0.000e+00 0.000e+00 0.000e+00 0.000e+00 0.000e+00
5.012e-07 0.000e+00 0.000e+00 0.000e+00 0.000e+00 0.000e+00
5.623e-07 6.412e+43 3.249e+31 2.603e-25 2.141e-14 2.690e-13
6.310e-07 5.654e+43 3.606e+31 2.890e-25 2.376e-14 2.986e-13
7.079e-07 4.982e+43 4.000e+31 3.206e-25 2.636e-14 3.313e-13
7.943e-07 4.387e+43 4.435e+31 3.554e-25 2.922e-14 3.672e-13
8.913e-07 3.861e+43 4.913e+31 3.937e-25 3.238e-14 4.069e-13
1.000e-06 3.395e+43 5.440e+31 4.359e-25 3.584e-14 4.504e-13
1.122e-06 2.984e+43 6.018e+31 4.823e-25 3.966e-14 4.983e-13
1.259e-06 2.620e+43 6.653e+31 5.331e-25 4.384e-14 5.509e-13
1.413e-06 2.299e+43 7.350e+31 5.890e-25 4.843e-14 6.086e-13
1.585e-06 2.016e+43 8.113e+31 6.501e-25 5.346e-14 6.718e-13
1.778e-06 1.766e+43 8.948e+31 7.171e-25 5.897e-14 7.410e-13
1.995e-06 1.546e+43 9.862e+31 7.903e-25 6.499e-14 8.166e-13
2.239e-06 1.352e+43 1.086e+32 8.703e-25 7.156e-14 8.993e-13
2.512e-06 1.182e+43 1.195e+32 9.575e-25 7.874e-14 9.894e-13
2.818e-06 1.032e+43 1.313e+32 1.053e-24 8.655e-14 1.088e-12
3.162e-06 9.004e+42 1.443e+32 1.156e-24 9.506e-14 1.195e-12
3.548e-06 7.848e+42 1.583e+32 1.268e-24 1.043e-13 1.311e-12
3.981e-06 6.834e+42 1.735e+32 1.391e-24 1.143e-13 1.437e-12
4.467e-06 5.945e+42 1.900e+32 1.523e-24 1.252e-13 1.574e-12
5.012e-06 5.166e+42 2.079e+32 1.666e-24 1.370e-13 1.722e-12
5.623e-06 4.485e+42 2.273e+32 1.821e-24 1.498e-13 1.882e-12
6.310e-06 3.890e+42 2.481e+32 1.988e-24 1.635e-13 2.055e-12
7.079e-06 3.370e+42 2.706e+32 2.169e-24 1.783e-13 2.241e-12
7.943e-06 2.916e+42 2.948e+32 2.363e-24 1.943e-13 2.441e-12
8.913e-06 2.521e+42 3.208e+32 2.571e-24 2.114e-13 2.657e-12
1.000e-05 2.177e+42 3.487e+32 2.795e-24 2.298e-13 2.888e-12
1.122e-05 1.877e+42 3.786e+32 3.034e-24 2.495e-13 3.135e-12
1.259e-05 1.617e+42 4.105e+32 3.290e-24 2.705e-13 3.399e-12
1.413e-05 1.391e+42 4.446e+32 3.563e-24 2.929e-13 3.681e-12
1.585e-05 1.195e+42 4.808e+32 3.853e-24 3.168e-13 3.981e-12
1.778e-05 1.025e+42 5.193e+32 4.162e-24 3.422e-13 4.300e-12
1.995e-05 8.782e+41 5.602e+32 4.489e-24 3.691e-13 4.639e-12
2.239e-05 7.514e+41 6.034e+32 4.835e-24 3.976e-13 4.997e-12
2.512e-05 6.420e+41 6.490e+32 5.201e-24 4.277e-13 5.374e-12
2.818e-05 5.477e+41 6.970e+32 5.586e-24 4.593e-13 5.772e-12
3.162e-05 4.666e+41 7.475e+32 5.990e-24 4.926e-13 6.190e-12
3.548e-05 3.968e+41 8.004e+32 6.414e-24 5.274e-13 6.628e-12
3.981e-05 3.370e+41 8.556e+32 6.857e-24 5.638e-13 7.085e-12
4.467e-05 2.857e+41 9.132e+32 7.318e-24 6.017e-13 7.562e-12
5.012e-05 2.418e+41 9.730e+32 7.797e-24 6.412e-13 8.057e-12
5.623e-05 2.043e+41 1.035e+33 8.293e-24 6.820e-13 8.570e-12
6.310e-05 1.723e+41 1.099e+33 8.806e-24 7.241e-13 9.099e-12
7.079e-05 1.450e+41 1.165e+33 9.332e-24 7.674e-13 9.643e-12
7.943e-05 1.219e+41 1.232e+33 9.872e-24 8.118e-13 1.020e-11
8.913e-05 1.022e+41 1.301e+33 1.042e-23 8.571e-13 1.077e-11
1.000e-04 8.555e+40 1.371e+33 1.098e-23 9.032e-13 1.135e-11
1.122e-04 7.146e+40 1.441e+33 1.155e-23 9.498e-13 1.194e-11
1.259e-04 5.957e+40 1.513e+33 1.212e-23 9.968e-13 1.253e-11
1.413e-04 4.955e+40 1.584e+33 1.269e-23 1.044e-12 1.312e-11
1.585e-04 4.113e+40 1.655e+33 1.326e-23 1.091e-12 1.371e-11
1.778e-04 3.406e+40 1.726e+33 1.383e-23 1.137e-12 1.429e-11
1.995e-04 2.814e+40 1.795e+33 1.438e-23 1.183e-12 1.486e-11
2.239e-04 2.319e+40 1.862e+33 1.492e-23 1.227e-12 1.542e-11
2.512e-04 1.907e+40 1.928e+33 1.545e-23 1.270e-12 1.596e-11
2.818e-04 1.564e+40 1.990e+33 1.595e-23 1.312e-12 1.648e-11
3.162e-04 1.279e+40 2.050e+33 1.643e-23 1.351e-12 1.697e-11
3.548e-04 1.044e+40 2.106e+33 1.687e-23 1.387e-12 1.744e-11
3.981e-04 8.494e+39 2.157e+33 1.728e-23 1.421e-12 1.786e-11
4.467e-04 6.892e+39 2.203e+33 1.766e-23 1.452e-12 1.824e-11
5.012e-04 5.576e+39 2.244e+33 1.798e-23 1.479e-12 1.858e-11
5.623e-04 4.498e+39 2.279e+33 1.826e-23 1.502e-12 1.887e-11
6.310e-04 3.618e+39 2.308e+33 1.849e-23 1.521e-12 1.911e-11
7.079e-04 2.901e+39 2.329e+33 1.867e-23 1.535e-12 1.929e-11
7.943e-04 2.318e+39 2.344e+33 1.878e-23 1.544e-12 1.941e-11
8.913e-04 1.847e+39 2.350e+33 1.883e-23 1.549e-12 1.946e-11
1.000e-03 1.466e+39 2.349e+33 1.883e-23 1.548e-12 1.945e-11
1.122e-03 1.160e+39 2.340e+33 1.875e-23 1.542e-12 1.938e-11
1.259e-03 9.149e+38 2.323e+33 1.862e-23 1.531e-12 1.924e-11
1.413e-03 7.188e+38 2.298e+33 1.841e-23 1.514e-12 1.903e-11
1.585e-03 5.627e+38 2.264e+33 1.815e-23 1.492e-12 1.875e-11
1.778e-03 4.388e+38 2.223e+33 1.782e-23 1.465e-12 1.841e-11
1.995e-03 3.409e+38 2.174e+33 1.742e-23 1.433e-12 1.801e-11
2.239e-03 2.638e+38 2.118e+33 1.698e-23 1.396e-12 1.754e-11
2.512e-03 2.033e+38 2.055e+33 1.647e-23 1.354e-12 1.702e-11
2.818e-03 1.561e+38 1.986e+33 1.592e-23 1.309e-12 1.645e-11
3.162e-03 1.193e+38 1.912e+33 1.532e-23 1.260e-12 1.583e-11
3.548e-03 9.083e+37 1.832e+33 1.468e-23 1.207e-12 1.517e-11
3.981e-03 6.885e+37 1.748e+33 1.401e-23 1.152e-12 1.448e-11
4.467e-03 5.196e+37 1.661e+33 1.331e-23 1.095e-12 1.376e-11
5.012e-03 3.905e+37 1.571e+33 1.259e-23 1.035e-12 1.301e-11
5.623e-03 2.921e+37 1.480e+33 1.186e-23 9.751e-13 1.225e-11
6.310e-03 2.175e+37 1.387e+33 1.112e-23 9.142e-13 1.149e-11
7.079e-03 1.612e+37 1.295e+33 1.038e-23 8.532e-13 1.072e-11
7.943e-03 1.190e+37 1.203e+33 9.638e-24 7.926e-13 9.960e-12
8.913e-03 8.739e+36 1.112e+33 8.912e-24 7.329e-13 9.209e-12
1.000e-02 6.389e+36 1.024e+33 8.203e-24 6.745e-13 8.476e-12
1.122e-02 4.650e+36 9.379e+32 7.516e-24 6.180e-13 7.766e-12
1.259e-02 3.369e+36 8.554e+32 6.855e-24 5.637e-13 7.083e-12
1.413e-02 2.430e+36 7.767e+32 6.224e-24 5.118e-13 6.432e-12
1.585e-02 1.745e+36 7.023e+32 5.628e-24 4.628e-13 5.816e-12
1.778e-02 1.249e+36 6.327e+32 5.070e-24 4.169e-13 5.239e-12
1.995e-02 8.906e+35 5.680e+32 4.552e-24 3.743e-13 4.704e-12
2.239e-02 6.334e+35 5.086e+32 4.076e-24 3.352e-13 4.212e-12
2.512e-02 4.497e+35 4.546e+32 3.643e-24 2.995e-13 3.764e-12
2.818e-02 3.189e+35 4.058e+32 3.252e-24 2.674e-13 3.361e-12
3.162e-02 2.261e+35 3.622e+32 2.903e-24 2.387e-13 3.000e-12
3.548e-02 1.604e+35 3.234e+32 2.592e-24 2.131e-13 2.678e-12
3.981e-02 1.138e+35 2.890e+32 2.316e-24 1.905e-13 2.393e-12
4.467e-02 8.089e+34 2.586e+32 2.072e-24 1.704e-13 2.141e-12
5.012e-02 5.756e+34 2.316e+32 1.856e-24 1.526e-13 1.918e-12
5.623e-02 4.101e+34 2.078e+32 1.665e-24 1.369e-13 1.721e-12
6.310e-02 2.925e+34 1.866e+32 1.495e-24 1.230e-13 1.545e-12
7.079e-02 2.089e+34 1.677e+32 1.344e-24 1.105e-13 1.389e-12
7.943e-02 1.493e+34 1.509e+32 1.209e-24 9.945e-14 1.250e-12
8.913e-02 1.068e+34 1.359e+32 1.089e-24 8.954e-14 1.125e-12
1.000e-01 7.640e+33 1.224e+32 9.809e-25 8.066e-14 1.014e-12
1.122e-01 5.469e+33 1.103e+32 8.840e-25 7.269e-14 9.134e-13
1.259e-01 3.916e+33 9.943e+31 7.968e-25 6.552e-14 8.234e-13
1.413e-01 2.804e+33 8.964e+31 7.183e-25 5.907e-14 7.423e-13
1.585e-01 2.008e+33 8.082e+31 6.476e-25 5.325e-14 6.692e-13
1.778e-01 1.438e+33 7.286e+31 5.838e-25 4.801e-14 6.033e-13
1.995e-01 1.030e+33 6.567e+31 5.263e-25 4.328e-14 5.438e-13
2.239e-01 7.371e+32 5.919e+31 4.743e-25 3.900e-14 4.901e-13
2.512e-01 5.275e+32 5.333e+31 4.273e-25 3.514e-14 4.416e-13
2.818e-01 3.774e+32 4.804e+31 3.849e-25 3.165e-14 3.978e-13
3.162e-01 2.700e+32 4.325e+31 3.466e-25 2.850e-14 3.582e-13
3.548e-01 1.930e+32 3.893e+31 3.120e-25 2.565e-14 3.224e-13
3.981e-01 1.379e+32 3.503e+31 2.807e-25 2.308e-14 2.900e-13
4.467e-01 9.853e+31 3.150e+31 2.524e-25 2.076e-14 2.608e-13
5.012e-01 7.034e+31 2.831e+31 2.269e-25 1.865e-14 2.344e-13
5.623e-01 5.019e+31 2.543e+31 2.038e-25 1.676e-14 2.106e-13
6.310e-01 3.579e+31 2.283e+31 1.829e-25 1.504e-14 1.890e-13
7.079e-01 2.550e+31 2.048e+31 1.641e-25 1.350e-14 1.696e-13
7.943e-01 1.816e+31 1.836e+31 1.471e-25 1.210e-14 1.520e-13
8.913e-01 1.292e+31 1.645e+31 1.318e-25 1.084e-14 1.362e-13
1.000e+00 9.189e+30 1.472e+31 1.180e-25 9.701e-15 1.219e-13
1.122e+00 6.528e+30 1.317e+31 1.055e-25 8.676e-15 1.090e-13
1.259e+00 4.633e+30 1.176e+31 9.428e-26 7.752e-15 9.742e-14
1.413e+00 3.285e+30 1.050e+31 8.416e-26 6.920e-15 8.696e-14
1.585e+00 2.327e+30 9.365e+30 7.505e-26 6.171e-15 7.755e-14
1.778e+00 1.647e+30 8.342e+30 6.685e-26 5.497e-15 6.908e-14
1.995e+00 1.164e+30 7.423e+30 5.948e-26 4.891e-15 6.147e-14
2.239e+00 8.215e+29 6.597e+30 5.286e-26 4.347e-15 5.463e-14
2.512e+00 5.792e+29 5.855e+30 4.692e-26 3.858e-15 4.849e-14
2.818e+00 4.078e+29 5.190e+30 4.159e-26 3.420e-15 4.298e-14
3.162e+00 2.867e+29 4.594e+30 3.681e-26 3.027e-15 3.804e-14
3.548e+00 2.013e+29 4.060e+30 3.254e-26 2.676e-15 3.362e-14
3.981e+00 1.411e+29 3.583e+30 2.871e-26 2.361e-15 2.967e-14
4.467e+00 9.874e+28 3.156e+30 2.529e-26 2.080e-15 2.614e-14
5.012e+00 6.897e+28 2.776e+30 2.224e-26 1.829e-15 2.299e-14
5.623e+00 4.809e+28 2.437e+30 1.953e-26 1.606e-15 2.018e-14
6.310e+00 3.347e+28 2.135e+30 1.711e-26 1.407e-15 1.768e-14
7.079e+00 2.324e+28 1.866e+30 1.496e-26 1.230e-15 1.546e-14
7.943e+00 1.611e+28 1.628e+30 1.305e-26 1.073e-15 1.348e-14
8.913e+00 1.114e+28 1.417e+30 1.136e-26 9.340e-16 1.174e-14
1.000e+01 7.682e+27 1.231e+30 9.863e-27 8.110e-16 1.019e-14
1.122e+01 5.285e+27 1.066e+30 8.543e-27 7.025e-16 8.828e-15
1.259e+01 3.627e+27 9.210e+29 7.380e-27 6.069e-16 7.626e-15
1.413e+01 2.482e+27 7.934e+29 6.358e-27 5.228e-16 6.570e-15
1.585e+01 1.693e+27 6.815e+29 5.461e-27 4.491e-16 5.643e-15
1.778e+01 1.152e+27 5.836e+29 4.676e-27 3.845e-16 4.832e-15
1.995e+01 7.809e+26 4.981e+29 3.991e-27 3.282e-16 4.124e-15
2.239e+01 5.276e+26 4.237e+29 3.395e-27 2.792e-16 3.508e-15
2.512e+01 3.552e+26 3.591e+29 2.877e-27 2.366e-16 2.973e-15
2.818e+01 2.382e+26 3.032e+29 2.429e-27 1.998e-16 2.510e-15
3.162e+01 1.591e+26 2.549e+29 2.043e-27 1.680e-16 2.111e-15
3.548e+01 1.058e+26 2.135e+29 1.711e-27 1.407e-16 1.768e-15
3.981e+01 7.009e+25 1.780e+29 1.426e-27 1.173e-16 1.474e-15
4.467e+01 4.619e+25 1.477e+29 1.183e-27 9.731e-17 1.223e-15
5.012e+01 3.030e+25 1.219e+29 9.771e-28 8.035e-17 1.010e-15
5.623e+01 1.977e+25 1.002e+29 8.026e-28 6.600e-17 8.294e-16
6.310e+01 1.283e+25 8.182e+28 6.557e-28 5.391e-17 6.775e-16
7.079e+01 8.276e+24 6.645e+28 5.325e-28 4.379e-17 5.503e-16
7.943e+01 5.306e+24 5.364e+28 4.299e-28 3.535e-17 4.442e-16
8.913e+01 3.381e+24 4.302e+28 3.448e-28 2.835e-17 3.563e-16
1.000e+02 2.139e+24 3.427e+28 2.747e-28 2.258e-17 2.838e-16
1.122e+02 1.344e+24 2.711e+28 2.172e-28 1.786e-17 2.245e-16
1.259e+02 8.379e+23 2.128e+28 1.705e-28 1.402e-17 1.762e-16
1.413e+02 5.182e+23 1.656e+28 1.327e-28 1.092e-17 1.372e-16
1.585e+02 3.177e+23 1.279e+28 1.025e-28 8.426e-18 1.059e-16
1.778e+02 1.931e+23 9.783e+27 7.839e-29 6.446e-18 8.101e-17
1.995e+02 1.162e+23 7.412e+27 5.940e-29 4.884e-18 6.138e-17
2.239e+02 6.923e+22 5.559e+27 4.455e-29 3.663e-18 4.604e-17
2.512e+02 4.080e+22 4.125e+27 3.305e-29 2.718e-18 3.415e-17
2.818e+02 2.377e+22 3.025e+27 2.424e-29 1.993e-18 2.505e-17
3.162e+02 1.368e+22 2.191e+27 1.756e-29 1.444e-18 1.815e-17
3.548e+02 7.767e+21 1.567e+27 1.255e-29 1.032e-18 1.297e-17
3.981e+02 4.349e+21 1.104e+27 8.849e-30 7.276e-19 9.144e-18
4.467e+02 2.398e+21 7.666e+26 6.143e-30 5.051e-19 6.348e-18
5.012e+02 1.301e+21 5.236e+26 4.196e-30 3.450e-19 4.335e-18
5.623e+02 6.933e+20 3.513e+26 2.815e-30 2.315e-19 2.909e-18
6.310e+02 3.625e+20 2.312e+26 1.853e-30 1.524e-19 1.914e-18
7.079e+02 1.856e+20 1.490e+26 1.194e-30 9.818e-20 1.234e-18
7.943e+02 9.281e+19 9.382e+25 7.519e-31 6.183e-20 7.769e-19
8.913e+02 4.525e+19 5.759e+25 4.615e-31 3.795e-20 4.768e-19
1.000e+03 2.144e+19 3.435e+25 2.752e-31 2.263e-20 2.844e-19
1.122e+03 9.834e+18 1.983e+25 1.589e-31 1.307e-20 1.642e-19
1.259e+03 4.347e+18 1.104e+25 8.846e-32 7.274e-21 9.141e-20
1.413e+03 1.841e+18 5.887e+24 4.717e-32 3.879e-21 4.875e-20
1.585e+03 7.417e+17 2.985e+24 2.392e-32 1.967e-21 2.472e-20
1.778e+03 2.811e+17 1.424e+24 1.141e-32 9.386e-22 1.180e-20
1.995e+03 9.890e+16 6.308e+23 5.055e-33 4.157e-22 5.224e-21
2.239e+03 3.165e+16 2.541e+23 2.036e-33 1.674e-22 2.104e-21
2.512e+03 8.937e+15 9.034e+22 7.240e-34 5.953e-23 7.481e-22
2.818e+03 2.124e+15 2.703e+22 2.166e-34 1.781e-23 2.238e-22
3.162e+03 3.909e+14 6.263e+21 5.019e-35 4.127e-24 5.186e-23
3.548e+03 4.729e+13 9.539e+20 7.644e-36 6.286e-25 7.899e-24
3.981e+03 2.472e+12 6.276e+19 5.029e-37 4.136e-26 5.197e-25
4.467e+03 5.679e+09 1.815e+17 1.455e-39 1.196e-28 1.503e-27
5.012e+03 0.000e+00 0.000e+00 0.000e+00 0.000e+00 0.000e+00
5.623e+03 0.000e+00 0.000e+00 0.000e+00 0.000e+00 0.000e+00
6.310e+03 0.000e+00 0.000e+00 0.000e+00 0.000e+00 0.000e+00
7.079e+03 0.000e+00 0.000e+00 0.000e+00 0.000e+00 0.000e+00
7.943e+03 0.000e+00 0.000e+00 0.000e+00 0.000e+00 0.000e+00
8.913e+03 0.000e+00 0.000e+00 0.000e+00 0.000e+00 0.000e+00
1.000e+04 0.000e+00 0.000e+00 0.000e+00 0.000e+00 0.000e+00
1.122e+04 0.000e+00 0.000e+00 0.000e+00 0.000e+00 0.000e+00
1.259e+04 0.000e+00 0.000e+00 0.000e+00 0.000e+00 0.000e+00
1.413e+04 0.000e+00 0.000e+00 0.000e+00 0.000e+00 0.000e+00
1.585e+04 0.000e+00 0.000e+00 0.000e+00 0.000e+00 0.000e+00
1.778e+04 0.000e+00 0.000e+00 0.000e+00 0.000e+00 0.000e+00
1.995e+04 0.000e+00 0.000e+00 0.000e+00 0.000e+00 0.000e+00
2.239e+04 0.000e+00 0.000e+00 0.000e+00 0.000e+00 0.000e+00
2.512e+04 0.000e+00 0.000e+00 0.000e+00 0.000e+00 0.000e+00
2.818e+04 0.000e+00 0.000e+00 0.000e+00 0.000e+00 0.000e+00
3.162e+04 0.000e+00 0.000e+00 0.000e+00 0.000e+00 0.000e+00
3.548e+04 0.000e+00 0.000e+00 0.000e+00 0.000e+00 0.000e+00
3.981e+04 0.000e+00 0.000e+00 0.000e+00 0.000e+00 0.000e+00
4.467e+04 0.000e+00 0.000e+00 0.000e+00 0.000e+00 0.000e+00
5.012e+04 0.000e+00 0.000e+00 0.000e+00 0.000e+00 0.000e+00
5.623e+04 0.000e+00 0.000e+00 0.000e+00 0.000e+00 0.000e+00
6.310e+04 0.000e+00 0.000e+00 0.000e+00 0.000e+00 0.000e+00
7.079e+04 0.000e+00 0.000e+00 0.000e+00 0.000e+00 0.000e+00
7.943e+04 0.000e+00 0.000e+00 0.000e+00 0.000e+00 0.000e+00
8.913e+04 0.000e+00 0.000e+00 0.000e+00 0.000e+00 0.000e+00
1.000e+05 0.000e+00 0.000e+00 0.000e+00 0.000e+00 0.000e+00
1.122e+05 0.000e+00 0.000e+00 0.000e+00 0.000e+00 0.000e+00
1.259e+05 0.000e+00 0.000e+00 0.000e+00 0.000e+00 0.000e+00
1.413e+05 0.000e+00 0.000e+00 0.000e+00 0.000e+00 0.000e+00
1.585e+05 0.000e+00 0.000e+00 0.000e+00 0.000e+00 0.000e+00
1.778e+05 0.000e+00 0.000e+00 0.000e+00 0.000e+00 0.000e+00
1.995e+05 0.000e+00 0.000e+00 0.000e+00 0.000e+00 0.000e+00
2.239e+05 0.000e+00 0.000e+00 0.000e+00 0.000e+00 0.000e+00
2.512e+05 0.000e+00 0.000e+00 0.000e+00 0.000e+00 0.000e+00
2.818e+05 0.000e+00 0.000e+00 0.000e+00 0.000e+00 0.000e+00
3.162e+05 0.000e+00 0.000e+00 0.000e+00 0.000e+00 0.000e+00
3.548e+05 0.000e+00 0.000e+00 0.000e+00 0.000e+00 0.000e+00
3.981e+05 0.000e+00 0.000e+00 0.000e+00 0.000e+00 0.000e+00
4.467e+05 0.000e+00 0.000e+00 0.000e+00 0.000e+00 0.000e+00
5.012e+05 0.000e+00 0.000e+00 0.000e+00 0.000e+00 0.000e+00
5.623e+05 0.000e+00 0.000e+00 0.000e+00 0.000e+00 0.000e+00
6.310e+05 0.000e+00 0.000e+00 0.000e+00 0.000e+00 0.000e+00
7.079e+05 0.000e+00 0.000e+00 0.000e+00 0.000e+00 0.000e+00
7.943e+05 0.000e+00 0.000e+00 0.000e+00 0.000e+00 0.000e+00
8.913e+05 0.000e+00 0.000e+00 0.000e+00 0.000e+00 0.000e+00
1.000e+06 0.000e+00 0.000e+00 0.000e+00 0.000e+00 0.000e+00
1.122e+06 0.000e+00 0.000e+00 0.000e+00 0.000e+00 0.000e+00
1.259e+06 0.000e+00 0.000e+00 0.000e+00 0.000e+00 0.000e+00
1.413e+06 0.000e+00 0.000e+00 0.000e+00 0.000e+00 0.000e+00
1.585e+06 0.000e+00 0.000e+00 0.000e+00 0.000e+00 0.000e+00
1.778e+06 0.000e+00 0.000e+00 0.000e+00 0.000e+00 0.000e+00
1.995e+06 0.000e+00 0.000e+00 0.000e+00 0.000e+00 0.000e+00
2.239e+06 0.000e+00 0.000e+00 0.000e+00 0.000e+00 0.000e+00
2.512e+06 0.000e+00 0.000e+00 0.000e+00 0.000e+00 0.000e+00
2.818e+06 0.000e+00 0.000e+00 0.000e+00 0.000e+00 0.000e+00
3.162e+06 0.000e+00 0.000e+00 0.000e+00 0.000e+00 0.000e+00
3.548e+06 0.000e+00 0.000e+00 0.000e+00 0.000e+00 0.000e+00
3.981e+06 0.000e+00 0.000e+00 0.000e+00 0.000e+00 0.000e+00
4.467e+06 0.000e+00 0.000e+00 0.000e+00 0.000e+00 0.000e+00
5.012e+06 0.000e+00 0.000e+00 0.000e+00 0.000e+00 0.000e+00
5.623e+06 0.000e+00 0.000e+00 0.000e+00 0.000e+00 0.000e+00
6.310e+06 0.000e+00 0.000e+00 0.000e+00 0.000e+00 0.000e+00
7.079e+06 0.000e+00 0.000e+00 0.000e+00 0.000e+00 0.000e+00
7.943e+06 0.000e+00 0.000e+00 0.000e+00 0.000e+00 0.000e+00
8.913e+06 0.000e+00 0.000e+00 0.000e+00 0.000e+00 0.000e+00
1.000e+07 0.000e+00 0.000e+00 0.000e+00 0.000e+00 0.000e+00
1.122e+07 0.000e+00 0.000e+00 0.000e+00 0.000e+00 0.000e+00
1.259e+07 0.000e+00 0.000e+00 0.000e+00 0.000e+00 0.000e+00
1.413e+07 0.000e+00 0.000e+00 0.000e+00 0.000e+00 0.000e+00
1.585e+07 0.000e+00 0.000e+00 0.000e+00 0.000e+00 0.000e+00
1.778e+07 0.000e+00 0.000e+00 0.000e+00 0.000e+00 0.000e+00
1.995e+07 0.000e+00 0.000e+00 0.000e+00 0.000e+00 0.000e+00
2.239e+07 0.000e+00 0.000e+00 0.000e+00 0.000e+00 0.000e+00
2.512e+07 0.000e+00 0.000e+00 0.000e+00 0.000e+00 0.000e+00
2.818e+07 0.000e+00 0.000e+00 0.000e+00 0.000e+00 0.000e+00
3.162e+07 0.000e+00 0.000e+00 0.000e+00 0.000e+00 0.000e+00
3.548e+07 0.000e+00 0.000e+00 0.000e+00 0.000e+00 0.000e+00
3.981e+07 0.000e+00 0.000e+00 0.000e+00 0.000e+00 0.000e+00
4.467e+07 0.000e+00 0.000e+00 0.000e+00 0.000e+00 0.000e+00
5.012e+07 0.000e+00 0.000e+00 0.000e+00 0.000e+00 0.000e+00
5.623e+07 0.000e+00 0.000e+00 0.000e+00 0.000e+00 0.000e+00
6.310e+07 0.000e+00 0.000e+00 0.000e+00 0.000e+00 0.000e+00
7.079e+07 0.000e+00 0.000e+00 0.000e+00 0.000e+00 0.000e+00
7.943e+07 0.000e+00 0.000e+00 0.000e+00 0.000e+00 0.000e+00
8.913e+07 0.000e+00 0.000e+00 0.000e+00 0.000e+00 0.000e+00
1.000e+08 0.000e+00 0.000e+00 0.000e+00 0.000e+00 0.000e+00
