1.000e-20 5.254e+59 8.418e+19 6.745e-37 5.547e-26 6.970e-25
1.122e-20 4.651e+59 9.381e+19 7.518e-37 6.182e-26 7.768e-25
1.259e-20 4.115e+59 1.045e+20 8.373e-37 6.885e-26 8.652e-25
1.413e-20 3.638e+59 1.163e+20 9.319e-37 7.663e-26 9.630e-25
1.585e-20 3.214e+59 1.294e+20 1.037e-36 8.524e-26 1.071e-24
1.778e-20 2.838e+59 1.438e+20 1.152e-36 9.475e-26 1.191e-24
1.995e-20 2.504e+59 1.597e+20 1.280e-36 1.052e-25 1.323e-24
2.239e-20 2.208e+59 1.773e+20 1.421e-36 1.168e-25 1.468e-24
2.512e-20 1.946e+59 1.967e+20 1.576e-36 1.296e-25 1.629e-24
2.818e-20 1.713e+59 2.180e+20 1.747e-36 1.437e-25 1.806e-24
3.162e-20 1.508e+59 2.415e+20 1.936e-36 1.592e-25 2.000e-24
3.548e-20 1.326e+59 2.674e+20 2.143e-36 1.762e-25 2.214e-24
3.981e-20 1.165e+59 2.958e+20 2.370e-36 1.949e-25 2.449e-24
4.467e-20 1.023e+59 3.270e+20 2.620e-36 2.155e-25 2.708e-24
5.012e-20 8.975e+58 3.612e+20 2.894e-36 2.380e-25 2.991e-24
5.623e-20 7.869e+58 3.987e+20 3.195e-36 2.627e-25 3.301e-24
6.310e-20 6.895e+58 4.398e+20 3.524e-36 2.898e-25 3.642e-24
7.079e-20 6.036e+58 4.847e+20 3.884e-36 3.194e-25 4.014e-24
7.943e-20 5.281e+58 5.338e+20 4.278e-36 3.518e-25 4.421e-24
8.913e-20 4.616e+58 5.875e+20 4.708e-36 3.871e-25 4.865e-24
1.000e-19 4.033e+58 6.461e+20 5.178e-36 4.257e-25 5.350e-24
1.122e-19 3.520e+58 7.100e+20 5.689e-36 4.678e-25 5.879e-24
1.259e-19 3.070e+58 7.795e+20 6.247e-36 5.137e-25 6.455e-24
1.413e-19 2.675e+58 8.553e+20 6.854e-36 5.636e-25 7.082e-24
1.585e-19 2.330e+58 9.376e+20 7.514e-36 6.179e-25 7.764e-24
1.778e-19 2.027e+58 1.027e+21 8.231e-36 6.768e-25 8.505e-24
1.995e-19 1.763e+58 1.124e+21 9.009e-36 7.408e-25 9.309e-24
2.239e-19 1.531e+58 1.230e+21 9.853e-36 8.102e-25 1.018e-23
2.512e-19 1.329e+58 1.344e+21 1.077e-35 8.854e-25 1.113e-23
2.818e-19 1.153e+58 1.467e+21 1.176e-35 9.668e-25 1.215e-23
3.162e-19 9.990e+57 1.601e+21 1.283e-35 1.055e-24 1.325e-23
3.548e-19 8.651e+57 1.745e+21 1.398e-35 1.150e-24 1.445e-23
3.981e-19 7.485e+57 1.901e+21 1.523e-35 1.252e-24 1.574e-23
4.467e-19 6.471e+57 2.069e+21 1.658e-35 1.363e-24 1.713e-23
5.012e-19 5.589e+57 2.249e+21 1.803e-35 1.482e-24 1.863e-23
5.623e-19 4.824e+57 2.444e+21 1.959e-35 1.611e-24 2.024e-23
6.310e-19 4.160e+57 2.653e+21 2.126e-35 1.748e-24 2.197e-23
7.079e-19 3.584e+57 2.878e+21 2.306e-35 1.897e-24 2.383e-23
7.943e-19 3.086e+57 3.120e+21 2.500e-35 2.056e-24 2.583e-23
8.913e-19 2.654e+57 3.378e+21 2.707e-35 2.226e-24 2.797e-23
1.000e-18 2.282e+57 3.655e+21 2.929e-35 2.409e-24 3.027e-23
1.122e-18 1.959e+57 3.952e+21 3.167e-35 2.604e-24 3.273e-23
1.259e-18 1.681e+57 4.269e+21 3.421e-35 2.813e-24 3.535e-23
1.413e-18 1.442e+57 4.608e+21 3.693e-35 3.037e-24 3.816e-23
1.585e-18 1.235e+57 4.970e+21 3.983e-35 3.275e-24 4.116e-23
1.778e-18 1.057e+57 5.356e+21 4.292e-35 3.529e-24 4.435e-23
1.995e-18 9.042e+56 5.767e+21 4.621e-35 3.800e-24 4.776e-23
2.239e-18 7.727e+56 6.205e+21 4.972e-35 4.089e-24 5.138e-23
2.512e-18 6.599e+56 6.671e+21 5.346e-35 4.396e-24 5.524e-23
2.818e-18 5.631e+56 7.166e+21 5.743e-35 4.722e-24 5.934e-23
3.162e-18 4.801e+56 7.692e+21 6.164e-35 5.069e-24 6.370e-23
3.548e-18 4.091e+56 8.251e+21 6.612e-35 5.437e-24 6.833e-23
3.981e-18 3.483e+56 8.844e+21 7.087e-35 5.828e-24 7.324e-23
4.467e-18 2.963e+56 9.473e+21 7.591e-35 6.242e-24 7.844e-23
5.012e-18 2.519e+56 1.014e+22 8.125e-35 6.682e-24 8.396e-23
5.623e-18 2.141e+56 1.085e+22 8.691e-35 7.147e-24 8.981e-23
6.310e-18 1.818e+56 1.159e+22 9.291e-35 7.640e-24 9.600e-23
7.079e-18 1.542e+56 1.239e+22 9.925e-35 8.161e-24 1.026e-22
7.943e-18 1.308e+56 1.322e+22 1.060e-34 8.714e-24 1.095e-22
8.913e-18 1.109e+56 1.411e+22 1.131e-34 9.298e-24 1.168e-22
1.000e-17 9.392e+55 1.505e+22 1.206e-34 9.916e-24 1.246e-22
1.122e-17 7.953e+55 1.604e+22 1.285e-34 1.057e-23 1.328e-22
1.259e-17 6.730e+55 1.709e+22 1.370e-34 1.126e-23 1.415e-22
1.413e-17 5.693e+55 1.820e+22 1.459e-34 1.199e-23 1.507e-22
1.585e-17 4.814e+55 1.938e+22 1.553e-34 1.277e-23 1.604e-22
1.778e-17 4.070e+55 2.062e+22 1.652e-34 1.359e-23 1.707e-22
1.995e-17 3.439e+55 2.194e+22 1.758e-34 1.445e-23 1.816e-22
2.239e-17 2.905e+55 2.333e+22 1.869e-34 1.537e-23 1.932e-22
2.512e-17 2.454e+55 2.480e+22 1.988e-34 1.635e-23 2.054e-22
2.818e-17 2.072e+55 2.637e+22 2.113e-34 1.738e-23 2.184e-22
3.162e-17 1.749e+55 2.803e+22 2.246e-34 1.847e-23 2.321e-22
3.548e-17 1.477e+55 2.979e+22 2.387e-34 1.963e-23 2.466e-22
3.981e-17 1.246e+55 3.165e+22 2.536e-34 2.086e-23 2.621e-22
4.467e-17 1.052e+55 3.363e+22 2.695e-34 2.216e-23 2.785e-22
5.012e-17 8.879e+54 3.574e+22 2.864e-34 2.355e-23 2.959e-22
5.623e-17 7.494e+54 3.797e+22 3.043e-34 2.502e-23 3.144e-22
6.310e-17 6.326e+54 4.035e+22 3.233e-34 2.659e-23 3.341e-22
7.079e-17 5.339e+54 4.287e+22 3.436e-34 2.825e-23 3.550e-22
7.943e-17 4.507e+54 4.556e+22 3.651e-34 3.002e-23 3.773e-22
8.913e-17 3.805e+54 4.843e+22 3.881e-34 3.191e-23 4.010e-22
1.000e-16 3.213e+54 5.147e+22 4.125e-34 3.392e-23 4.262e-22
1.122e-16 2.713e+54 5.472e+22 4.385e-34 3.606e-23 4.531e-22
1.259e-16 2.291e+54 5.817e+22 4.662e-34 3.833e-23 4.817e-22
1.413e-16 1.935e+54 6.186e+22 4.957e-34 4.076e-23 5.122e-22
1.585e-16 1.635e+54 6.578e+22 5.272e-34 4.335e-23 5.447e-22
1.778e-16 1.381e+54 6.997e+22 5.607e-34 4.610e-23 5.794e-22
1.995e-16 1.167e+54 7.442e+22 5.964e-34 4.904e-23 6.163e-22
2.239e-16 9.860e+53 7.917e+22 6.345e-34 5.217e-23 6.556e-22
2.512e-16 8.333e+53 8.424e+22 6.750e-34 5.551e-23 6.975e-22
2.818e-16 7.043e+53 8.963e+22 7.183e-34 5.906e-23 7.422e-22
3.162e-16 5.953e+53 9.538e+22 7.643e-34 6.285e-23 7.898e-22
3.548e-16 5.033e+53 1.015e+23 8.134e-34 6.689e-23 8.406e-22
3.981e-16 4.255e+53 1.080e+23 8.657e-34 7.119e-23 8.946e-22
4.467e-16 3.597e+53 1.150e+23 9.215e-34 7.577e-23 9.522e-22
5.012e-16 3.041e+53 1.224e+23 9.808e-34 8.065e-23 1.013e-21
5.623e-16 2.571e+53 1.303e+23 1.044e-33 8.585e-23 1.079e-21
6.310e-16 2.174e+53 1.387e+23 1.111e-33 9.138e-23 1.148e-21
7.079e-16 1.838e+53 1.476e+23 1.183e-33 9.727e-23 1.222e-21
7.943e-16 1.554e+53 1.571e+23 1.259e-33 1.035e-22 1.301e-21
8.913e-16 1.314e+53 1.673e+23 1.340e-33 1.102e-22 1.385e-21
1.000e-15 1.111e+53 1.780e+23 1.427e-33 1.173e-22 1.474e-21
1.122e-15 9.395e+52 1.895e+23 1.519e-33 1.249e-22 1.569e-21
1.259e-15 7.942e+52 2.017e+23 1.616e-33 1.329e-22 1.670e-21
1.413e-15 6.714e+52 2.146e+23 1.720e-33 1.414e-22 1.777e-21
1.585e-15 5.676e+52 2.284e+23 1.831e-33 1.505e-22 1.892e-21
1.778e-15 4.798e+52 2.431e+23 1.948e-33 1.602e-22 2.013e-21
1.995e-15 4.055e+52 2.586e+23 2.073e-33 1.704e-22 2.142e-21
2.239e-15 3.427e+52 2.752e+23 2.205e-33 1.813e-22 2.279e-21
2.512e-15 2.896e+52 2.928e+23 2.346e-33 1.929e-22 2.424e-21
2.818e-15 2.447e+52 3.114e+23 2.496e-33 2.052e-22 2.579e-21
3.162e-15 2.068e+52 3.313e+23 2.655e-33 2.183e-22 2.743e-21
3.548e-15 1.747e+52 3.523e+23 2.823e-33 2.322e-22 2.917e-21
3.981e-15 1.475e+52 3.746e+23 3.002e-33 2.469e-22 3.102e-21
4.467e-15 1.246e+52 3.983e+23 3.192e-33 2.625e-22 3.299e-21
5.012e-15 1.052e+52 4.235e+23 3.394e-33 2.791e-22 3.507e-21
5.623e-15 8.885e+51 4.502e+23 3.607e-33 2.966e-22 3.728e-21
6.310e-15 7.501e+51 4.785e+23 3.834e-33 3.153e-22 3.962e-21
7.079e-15 6.332e+51 5.084e+23 4.074e-33 3.350e-22 4.210e-21
7.943e-15 5.344e+51 5.402e+23 4.329e-33 3.560e-22 4.473e-21
8.913e-15 4.510e+51 5.739e+23 4.599e-33 3.782e-22 4.752e-21
1.000e-14 3.805e+51 6.096e+23 4.885e-33 4.017e-22 5.048e-21
1.122e-14 3.210e+51 6.474e+23 5.188e-33 4.266e-22 5.361e-21
1.259e-14 2.707e+51 6.874e+23 5.508e-33 4.530e-22 5.692e-21
1.413e-14 2.283e+51 7.297e+23 5.848e-33 4.809e-22 6.043e-21
1.585e-14 1.925e+51 7.745e+23 6.207e-33 5.104e-22 6.414e-21
1.778e-14 1.622e+51 8.219e+23 6.587e-33 5.416e-22 6.806e-21
1.995e-14 1.367e+51 8.721e+23 6.988e-33 5.746e-22 7.221e-21
2.239e-14 1.152e+51 9.250e+23 7.413e-33 6.096e-22 7.660e-21
2.512e-14 9.705e+50 9.811e+23 7.862e-33 6.465e-22 8.124e-21
2.818e-14 8.174e+50 1.040e+24 8.336e-33 6.855e-22 8.614e-21
3.162e-14 6.883e+50 1.103e+24 8.837e-33 7.266e-22 9.131e-21
3.548e-14 5.794e+50 1.169e+24 9.365e-33 7.701e-22 9.677e-21
3.981e-14 4.877e+50 1.238e+24 9.923e-33 8.160e-22 1.025e-20
4.467e-14 4.103e+50 1.312e+24 1.051e-32 8.644e-22 1.086e-20
5.012e-14 3.452e+50 1.389e+24 1.113e-32 9.154e-22 1.150e-20
5.623e-14 2.903e+50 1.471e+24 1.179e-32 9.693e-22 1.218e-20
6.310e-14 2.441e+50 1.557e+24 1.248e-32 1.026e-21 1.289e-20
7.079e-14 2.052e+50 1.648e+24 1.320e-32 1.086e-21 1.364e-20
7.943e-14 1.724e+50 1.743e+24 1.397e-32 1.149e-21 1.443e-20
8.913e-14 1.449e+50 1.843e+24 1.477e-32 1.215e-21 1.527e-20
1.000e-13 1.217e+50 1.949e+24 1.562e-32 1.284e-21 1.614e-20
1.122e-13 1.021e+50 2.060e+24 1.651e-32 1.358e-21 1.706e-20
1.259e-13 8.574e+49 2.177e+24 1.745e-32 1.435e-21 1.803e-20
1.413e-13 7.194e+49 2.300e+24 1.843e-32 1.515e-21 1.904e-20
1.585e-13 6.034e+49 2.429e+24 1.946e-32 1.600e-21 2.011e-20
1.778e-13 5.060e+49 2.564e+24 2.054e-32 1.689e-21 2.123e-20
1.995e-13 4.242e+49 2.706e+24 2.168e-32 1.783e-21 2.240e-20
2.239e-13 3.555e+49 2.854e+24 2.287e-32 1.881e-21 2.364e-20
2.512e-13 2.978e+49 3.010e+24 2.412e-32 1.983e-21 2.493e-20
2.818e-13 2.493e+49 3.173e+24 2.543e-32 2.091e-21 2.628e-20
3.162e-13 2.087e+49 3.344e+24 2.680e-32 2.204e-21 2.769e-20
3.548e-13 1.746e+49 3.523e+24 2.823e-32 2.321e-21 2.917e-20
3.981e-13 1.461e+49 3.709e+24 2.972e-32 2.444e-21 3.072e-20
4.467e-13 1.221e+49 3.904e+24 3.129e-32 2.573e-21 3.233e-20
5.012e-13 1.021e+49 4.108e+24 3.292e-32 2.707e-21 3.402e-20
5.623e-13 8.528e+48 4.321e+24 3.462e-32 2.847e-21 3.578e-20
6.310e-13 7.121e+48 4.542e+24 3.640e-32 2.993e-21 3.761e-20
7.079e-13 5.944e+48 4.773e+24 3.825e-32 3.145e-21 3.952e-20
7.943e-13 4.959e+48 5.013e+24 4.017e-32 3.304e-21 4.151e-20
8.913e-13 4.136e+48 5.263e+24 4.218e-32 3.468e-21 4.358e-20
1.000e-12 3.447e+48 5.523e+24 4.426e-32 3.640e-21 4.574e-20
1.122e-12 2.872e+48 5.794e+24 4.643e-32 3.818e-21 4.797e-20
1.259e-12 2.392e+48 6.074e+24 4.867e-32 4.002e-21 5.030e-20
1.413e-12 1.991e+48 6.365e+24 5.100e-32 4.194e-21 5.270e-20
1.585e-12 1.656e+48 6.666e+24 5.342e-32 4.393e-21 5.520e-20
1.778e-12 1.377e+48 6.978e+24 5.592e-32 4.598e-21 5.778e-20
1.995e-12 1.145e+48 7.300e+24 5.850e-32 4.811e-21 6.045e-20
2.239e-12 9.507e+47 7.634e+24 6.117e-32 5.030e-21 6.321e-20
2.512e-12 7.892e+47 7.978e+24 6.393e-32 5.257e-21 6.606e-20
2.818e-12 6.548e+47 8.333e+24 6.678e-32 5.491e-21 6.900e-20
3.162e-12 5.429e+47 8.699e+24 6.971e-32 5.732e-21 7.203e-20
3.548e-12 4.499e+47 9.075e+24 7.273e-32 5.980e-21 7.515e-20
3.981e-12 3.726e+47 9.462e+24 7.583e-32 6.235e-21 7.835e-20
4.467e-12 3.084e+47 9.860e+24 7.901e-32 6.497e-21 8.164e-20
5.012e-12 2.551e+47 1.027e+25 8.228e-32 6.766e-21 8.502e-20
5.623e-12 2.109e+47 1.068e+25 8.562e-32 7.041e-21 8.848e-20
6.310e-12 1.742e+47 1.111e+25 8.904e-32 7.322e-21 9.201e-20
7.079e-12 1.438e+47 1.155e+25 9.254e-32 7.610e-21 9.563e-20
7.943e-12 1.186e+47 1.199e+25 9.611e-32 7.903e-21 9.931e-20
8.913e-12 9.780e+46 1.245e+25 9.974e-32 8.202e-21 1.031e-19
1.000e-11 8.057e+46 1.291e+25 1.034e-31 8.506e-21 1.069e-19
1.122e-11 6.632e+46 1.338e+25 1.072e-31 8.815e-21 1.108e-19
1.259e-11 5.455e+46 1.385e+25 1.110e-31 9.128e-21 1.147e-19
1.413e-11 4.484e+46 1.433e+25 1.149e-31 9.445e-21 1.187e-19
1.585e-11 3.682e+46 1.482e+25 1.188e-31 9.765e-21 1.227e-19
1.778e-11 3.022e+46 1.531e+25 1.227e-31 1.009e-20 1.268e-19
1.995e-11 2.477e+46 1.580e+25 1.266e-31 1.041e-20 1.309e-19
2.239e-11 2.030e+46 1.630e+25 1.306e-31 1.074e-20 1.350e-19
2.512e-11 1.661e+46 1.679e+25 1.346e-31 1.107e-20 1.391e-19
2.818e-11 1.359e+46 1.729e+25 1.386e-31 1.139e-20 1.432e-19
3.162e-11 1.110e+46 1.779e+25 1.425e-31 1.172e-20 1.473e-19
3.548e-11 9.062e+45 1.828e+25 1.465e-31 1.205e-20 1.514e-19
3.981e-11 7.391e+45 1.877e+25 1.504e-31 1.237e-20 1.554e-19
4.467e-11 6.022e+45 1.925e+25 1.543e-31 1.269e-20 1.594e-19
5.012e-11 4.902e+45 1.973e+25 1.581e-31 1.300e-20 1.634e-19
5.623e-11 3.986e+45 2.020e+25 1.618e-31 1.331e-20 1.672e-19
6.310e-11 3.238e+45 2.065e+25 1.655e-31 1.361e-20 1.710e-19
7.079e-11 2.628e+45 2.110e+25 1.691e-31 1.390e-20 1.747e-19
7.943e-11 2.130e+45 2.153e+25 1.726e-31 1.419e-20 1.783e-19
8.913e-11 1.725e+45 2.195e+25 1.759e-31 1.447e-20 1.818e-19
1.000e-10 1.395e+45 2.235e+25 1.791e-31 1.473e-20 1.851e-19
1.122e-10 1.127e+45 2.274e+25 1.822e-31 1.498e-20 1.883e-19
1.259e-10 9.096e+44 2.310e+25 1.851e-31 1.522e-20 1.913e-19
1.413e-10 7.332e+44 2.344e+25 1.878e-31 1.544e-20 1.941e-19
1.585e-10 5.902e+44 2.375e+25 1.904e-31 1.565e-20 1.967e-19
1.778e-10 4.746e+44 2.404e+25 1.927e-31 1.584e-20 1.991e-19
1.995e-10 3.811e+44 2.431e+25 1.948e-31 1.602e-20 2.013e-19
2.239e-10 3.056e+44 2.454e+25 1.967e-31 1.617e-20 2.032e-19
2.512e-10 2.448e+44 2.475e+25 1.983e-31 1.631e-20 2.049e-19
2.818e-10 1.958e+44 2.492e+25 1.997e-31 1.642e-20 2.063e-19
3.162e-10 1.564e+44 2.505e+25 2.008e-31 1.651e-20 2.075e-19
3.548e-10 1.247e+44 2.516e+25 2.016e-31 1.658e-20 2.083e-19
3.981e-10 9.933e+43 2.522e+25 2.021e-31 1.662e-20 2.089e-19
4.467e-10 7.899e+43 2.525e+25 2.023e-31 1.664e-20 2.091e-19
5.012e-10 6.272e+43 2.524e+25 2.023e-31 1.663e-20 2.090e-19
5.623e-10 4.972e+43 2.519e+25 2.019e-31 1.660e-20 2.086e-19
6.310e-10 3.935e+43 2.510e+25 2.012e-31 1.654e-20 2.079e-19
7.079e-10 3.110e+43 2.497e+25 2.001e-31 1.646e-20 2.068e-19
7.943e-10 2.453e+43 2.480e+25 1.988e-31 1.634e-20 2.054e-19
8.913e-10 1.932e+43 2.459e+25 1.971e-31 1.620e-20 2.036e-19
1.000e-09 1.519e+43 2.434e+25 1.950e-31 1.604e-20 2.015e-19
1.122e-09 1.192e+43 2.405e+25 1.927e-31 1.585e-20 1.991e-19
1.259e-09 9.339e+42 2.372e+25 1.900e-31 1.563e-20 1.964e-19
1.413e-09 7.302e+42 2.334e+25 1.871e-31 1.538e-20 1.933e-19
1.585e-09 5.699e+42 2.293e+25 1.838e-31 1.511e-20 1.899e-19
1.778e-09 4.438e+42 2.249e+25 1.802e-31 1.482e-20 1.862e-19
1.995e-09 3.450e+42 2.201e+25 1.763e-31 1.450e-20 1.822e-19
2.239e-09 2.676e+42 2.149e+25 1.722e-31 1.416e-20 1.779e-19
2.512e-09 2.071e+42 2.094e+25 1.678e-31 1.380e-20 1.734e-19
2.818e-09 1.600e+42 2.036e+25 1.632e-31 1.342e-20 1.686e-19
3.162e-09 1.233e+42 1.976e+25 1.583e-31 1.302e-20 1.636e-19
3.548e-09 9.481e+41 1.912e+25 1.532e-31 1.260e-20 1.584e-19
3.981e-09 7.273e+41 1.847e+25 1.480e-31 1.217e-20 1.529e-19
4.467e-09 5.566e+41 1.779e+25 1.426e-31 1.172e-20 1.473e-19
5.012e-09 4.249e+41 1.710e+25 1.370e-31 1.127e-20 1.416e-19
5.623e-09 3.236e+41 1.639e+25 1.314e-31 1.080e-20 1.358e-19
6.310e-09 2.458e+41 1.568e+25 1.256e-31 1.033e-20 1.298e-19
7.079e-09 1.862e+41 1.495e+25 1.198e-31 9.851e-21 1.238e-19
7.943e-09 1.406e+41 1.422e+25 1.139e-31 9.369e-21 1.177e-19
8.913e-09 1.059e+41 1.348e+25 1.081e-31 8.885e-21 1.117e-19
1.000e-08 7.959e+40 1.275e+25 1.022e-31 8.402e-21 1.056e-19
1.122e-08 5.961e+40 1.202e+25 9.634e-32 7.922e-21 9.956e-20
1.259e-08 4.451e+40 1.130e+25 9.056e-32 7.447e-21 9.358e-20
1.413e-08 3.313e+40 1.059e+25 8.486e-32 6.978e-21 8.769e-20
1.585e-08 2.458e+40 9.892e+24 7.927e-32 6.518e-21 8.191e-20
1.778e-08 1.818e+40 9.209e+24 7.379e-32 6.068e-21 7.625e-20
1.995e-08 1.339e+40 8.544e+24 6.847e-32 5.630e-21 7.075e-20
2.239e-08 9.837e+39 7.899e+24 6.330e-32 5.205e-21 6.541e-20
2.512e-08 7.197e+39 7.276e+24 5.831e-32 4.795e-21 6.025e-20
2.818e-08 5.247e+39 6.677e+24 5.351e-32 4.400e-21 5.529e-20
3.162e-08 3.810e+39 6.104e+24 4.891e-32 4.022e-21 5.055e-20
3.548e-08 2.755e+39 5.558e+24 4.454e-32 3.662e-21 4.602e-20
3.981e-08 1.985e+39 5.039e+24 4.038e-32 3.321e-21 4.173e-20
4.467e-08 1.423e+39 4.550e+24 3.646e-32 2.998e-21 3.768e-20
5.012e-08 1.016e+39 4.090e+24 3.277e-32 2.695e-21 3.387e-20
5.623e-08 7.223e+38 3.659e+24 2.933e-32 2.411e-21 3.030e-20
6.310e-08 5.109e+38 3.259e+24 2.611e-32 2.147e-21 2.698e-20
7.079e-08 3.596e+38 2.888e+24 2.314e-32 1.903e-21 2.391e-20
7.943e-08 2.518e+38 2.546e+24 2.040e-32 1.678e-21 2.108e-20
8.913e-08 1.754e+38 2.232e+24 1.789e-32 1.471e-21 1.849e-20
1.000e-07 1.215e+38 1.947e+24 1.560e-32 1.283e-21 1.612e-20
1.122e-07 8.368e+37 1.688e+24 1.353e-32 1.112e-21 1.398e-20
1.259e-07 5.728e+37 1.455e+24 1.166e-32 9.585e-22 1.204e-20
1.413e-07 3.897e+37 1.246e+24 9.982e-33 8.208e-22 1.031e-20
1.585e-07 2.633e+37 1.060e+24 8.493e-33 6.983e-22 8.776e-21
1.778e-07 1.767e+37 8.954e+23 7.176e-33 5.901e-22 7.415e-21
1.995e-07 1.178e+37 7.512e+23 6.019e-33 4.950e-22 6.220e-21
2.239e-07 7.788e+36 6.254e+23 5.011e-33 4.121e-22 5.178e-21
2.512e-07 5.110e+36 5.165e+23 4.139e-33 3.404e-22 4.277e-21
2.818e-07 3.324e+36 4.231e+23 3.390e-33 2.788e-22 3.503e-21
3.162e-07 2.144e+36 3.435e+23 2.753e-33 2.263e-22 2.844e-21
3.548e-07 1.370e+36 2.763e+23 2.214e-33 1.821e-22 2.288e-21
3.981e-07 8.668e+35 2.201e+23 1.764e-33 1.450e-22 1.823e-21
4.467e-07 5.428e+35 1.735e+23 1.390e-33 1.143e-22 1.437e-21
5.012e-07 3.362e+35 1.353e+23 1.084e-33 8.915e-23 1.120e-21
5.623e-07 2.058e+35 1.043e+23 8.356e-34 6.871e-23 8.635e-22
6.310e-07 1.244e+35 7.938e+22 6.361e-34 5.231e-23 6.573e-22
7.079e-07 7.426e+34 5.963e+22 4.779e-34 3.930e-23 4.938e-22
7.943e-07 4.370e+34 4.418e+22 3.540e-34 2.911e-23 3.658e-22
8.913e-07 2.533e+34 3.224e+22 2.584e-34 2.124e-23 2.670e-22
1.000e-06 1.445e+34 2.315e+22 1.856e-34 1.526e-23 1.917e-22
1.122e-06 8.105e+33 1.635e+22 1.310e-34 1.077e-23 1.354e-22
1.259e-06 4.462e+33 1.133e+22 9.080e-35 7.466e-24 9.382e-23
1.413e-06 2.409e+33 7.700e+21 6.170e-35 5.074e-24 6.376e-23
1.585e-06 1.273e+33 5.122e+21 4.105e-35 3.375e-24 4.241e-23
1.778e-06 6.573e+32 3.330e+21 2.669e-35 2.194e-24 2.758e-23
1.995e-06 3.312e+32 2.112e+21 1.693e-35 1.392e-24 1.749e-23
2.239e-06 1.624e+32 1.304e+21 1.045e-35 8.594e-25 1.080e-23
2.512e-06 7.739e+31 7.823e+20 6.269e-36 5.155e-25 6.478e-24
2.818e-06 3.573e+31 4.547e+20 3.644e-36 2.996e-25 3.765e-24
3.162e-06 1.594e+31 2.554e+20 2.046e-36 1.683e-25 2.114e-24
3.548e-06 6.849e+30 1.382e+20 1.107e-36 9.104e-26 1.144e-24
3.981e-06 2.826e+30 7.176e+19 5.750e-37 4.729e-26 5.942e-25
4.467e-06 1.115e+30 3.565e+19 2.857e-37 2.349e-26 2.952e-25
5.012e-06 4.191e+29 1.687e+19 1.351e-37 1.111e-26 1.397e-25
5.623e-06 1.493e+29 7.563e+18 6.061e-38 4.984e-27 6.263e-26
6.310e-06 5.013e+28 3.197e+18 2.562e-38 2.107e-27 2.648e-26
7.079e-06 1.578e+28 1.267e+18 1.015e-38 8.348e-28 1.049e-26
7.943e-06 4.622e+27 4.673e+17 3.745e-39 3.079e-28 3.869e-27
8.913e-06 1.251e+27 1.592e+17 1.276e-39 1.049e-28 1.318e-27
1.000e-05 3.101e+26 4.968e+16 3.981e-40 3.273e-29 4.114e-28
1.122e-05 6.968e+25 1.405e+16 1.126e-40 9.262e-30 1.164e-28
1.259e-05 1.402e+25 3.560e+15 2.853e-41 2.346e-30 2.948e-29
1.413e-05 2.495e+24 7.977e+14 6.393e-42 5.257e-31 6.606e-30
1.585e-05 3.833e+23 1.543e+14 1.236e-42 1.017e-31 1.277e-30
1.778e-05 5.045e+22 2.556e+13 2.049e-43 1.684e-32 2.117e-31
1.995e-05 5.156e+21 3.289e+12 2.636e-44 2.167e-33 2.723e-32
2.239e-05 4.562e+20 3.663e+11 2.935e-45 2.414e-34 3.033e-33
2.512e-05 1.037e+19 1.049e+10 8.403e-47 6.910e-36 8.683e-35
2.818e-05 8.380e+17 1.067e+09 8.547e-48 7.028e-37 8.832e-36
3.162e-05 0.000e+00 0.000e+00 0.000e+00 0.000e+00 0.000e+00
3.548e-05 0.000e+00 0.000e+00 0.000e+00 0.000e+00 0.000e+00
3.981e-05 0.000e+00 0.000e+00 0.000e+00 0.000e+00 0.000e+00
4.467e-05 0.000e+00 0.000e+00 0.000e+00 0.000e+00 0.000e+00
5.012e-05 0.000e+00 0.000e+00 0.000e+00 0.000e+00 0.000e+00
5.623e-05 0.000e+00 0.000e+00 0.000e+00 0.000e+00 0.000e+00
6.310e-05 0.000e+00 0.000e+00 0.000e+00 0.000e+00 0.000e+00
7.079e-05 0.000e+00 0.000e+00 0.000e+00 0.000e+00 0.000e+00
7.943e-05 0.000e+00 0.000e+00 0.000e+00 0.000e+00 0.000e+00
8.913e-05 0.000e+00 0.000e+00 0.000e+00 0.000e+00 0.000e+00
1.000e-04 0.000e+00 0.000e+00 0.000e+00 0.000e+00 0.000e+00
1.122e-04 0.000e+00 0.000e+00 0.000e+00 0.000e+00 0.000e+00
1.259e-04 0.000e+00 0.000e+00 0.000e+00 0.000e+00 0.000e+00
1.413e-04 0.000e+00 0.000e+00 0.000e+00 0.000e+00 0.000e+00
1.585e-04 0.000e+00 0.000e+00 0.000e+00 0.000e+00 0.000e+00
1.778e-04 0.000e+00 0.000e+00 0.000e+00 0.000e+00 0.000e+00
1.995e-04 0.000e+00 0.000e+00 0.000e+00 0.000e+00 0.000e+00
2.239e-04 0.000e+00 0.000e+00 0.000e+00 0.000e+00 0.000e+00
2.512e-04 0.000e+00 0.000e+00 0.000e+00 0.000e+00 0.000e+00
2.818e-04 0.000e+00 0.000e+00 0.000e+00 0.000e+00 0.000e+00
3.162e-04 0.000e+00 0.000e+00 0.000e+00 0.000e+00 0.000e+00
3.548e-04 0.000e+00 0.000e+00 0.000e+00 0.000e+00 0.000e+00
3.981e-04 0.000e+00 0.000e+00 0.000e+00 0.000e+00 0.000e+00
4.467e-04 0.000e+00 0.000e+00 0.000e+00 0.000e+00 0.000e+00
5.012e-04 0.000e+00 0.000e+00 0.000e+00 0.000e+00 0.000e+00
5.623e-04 0.000e+00 0.000e+00 0.000e+00 0.000e+00 0.000e+00
6.310e-04 0.000e+00 0.000e+00 0.000e+00 0.000e+00 0.000e+00
7.079e-04 0.000e+00 0.000e+00 0.000e+00 0.000e+00 0.000e+00
7.943e-04 0.000e+00 0.000e+00 0.000e+00 0.000e+00 0.000e+00
8.913e-04 0.000e+00 0.000e+00 0.000e+00 0.000e+00 0.000e+00
1.000e-03 0.000e+00 0.000e+00 0.000e+00 0.000e+00 0.000e+00
1.122e-03 0.000e+00 0.000e+00 0.000e+00 0.000e+00 0.000e+00
1.259e-03 0.000e+00 0.000e+00 0.000e+00 0.000e+00 0.000e+00
1.413e-03 0.000e+00 0.000e+00 0.000e+00 0.000e+00 0.000e+00
1.585e-03 0.000e+00 0.000e+00 0.000e+00 0.000e+00 0.000e+00
1.778e-03 0.000e+00 0.000e+00 0.000e+00 0.000e+00 0.000e+00
1.995e-03 0.000e+00 0.000e+00 0.000e+00 0.000e+00 0.000e+00
2.239e-03 0.000e+00 0.000e+00 0.000e+00 0.000e+00 0.000e+00
2.512e-03 0.000e+00 0.000e+00 0.000e+00 0.000e+00 0.000e+00
2.818e-03 0.000e+00 0.000e+00 0.000e+00 0.000e+00 0.000e+00
3.162e-03 0.000e+00 0.000e+00 0.000e+00 0.000e+00 0.000e+00
3.548e-03 0.000e+00 0.000e+00 0.000e+00 0.000e+00 0.000e+00
3.981e-03 0.000e+00 0.000e+00 0.000e+00 0.000e+00 0.000e+00
4.467e-03 0.000e+00 0.000e+00 0.000e+00 0.000e+00 0.000e+00
5.012e-03 0.000e+00 0.000e+00 0.000e+00 0.000e+00 0.000e+00
5.623e-03 0.000e+00 0.000e+00 0.000e+00 0.000e+00 0.000e+00
6.310e-03 0.000e+00 0.000e+00 0.000e+00 0.000e+00 0.000e+00
7.079e-03 0.000e+00 0.000e+00 0.000e+00 0.000e+00 0.000e+00
7.943e-03 0.000e+00 0.000e+00 0.000e+00 0.000e+00 0.000e+00
8.913e-03 0.000e+00 0.000e+00 0.000e+00 0.000e+00 0.000e+00
1.000e-02 0.000e+00 0.000e+00 0.000e+00 0.000e+00 0.000e+00
1.122e-02 0.000e+00 0.000e+00 0.000e+00 0.000e+00 0.000e+00
1.259e-02 0.000e+00 0.000e+00 0.000e+00 0.000e+00 0.000e+00
1.413e-02 0.000e+00 0.000e+00 0.000e+00 0.000e+00 0.000e+00
1.585e-02 0.000e+00 0.000e+00 0.000e+00 0.000e+00 0.000e+00
1.778e-02 0.000e+00 0.000e+00 0.000e+00 0.000e+00 0.000e+00
1.995e-02 0.000e+00 0.000e+00 0.000e+00 0.000e+00 0.000e+00
2.239e-02 0.000e+00 0.000e+00 0.000e+00 0.000e+00 0.000e+00
2.512e-02 0.000e+00 0.000e+00 0.000e+00 0.000e+00 0.000e+00
2.818e-02 0.000e+00 0.000e+00 0.000e+00 0.000e+00 0.000e+00
3.162e-02 0.000e+00 0.000e+00 0.000e+00 0.000e+00 0.000e+00
3.548e-02 0.000e+00 0.000e+00 0.000e+00 0.000e+00 0.000e+00
3.981e-02 0.000e+00 0.000e+00 0.000e+00 0.000e+00 0.000e+00
4.467e-02 0.000e+00 0.000e+00 0.000e+00 0.000e+00 0.000e+00
5.012e-02 0.000e+00 0.000e+00 0.000e+00 0.000e+00 0.000e+00
5.623e-02 0.000e+00 0.000e+00 0.000e+00 0.000e+00 0.000e+00
6.310e-02 0.000e+00 0.000e+00 0.000e+00 0.000e+00 0.000e+00
7.079e-02 0.000e+00 0.000e+00 0.000e+00 0.000e+00 0.000e+00
7.943e-02 0.000e+00 0.000e+00 0.000e+00 0.000e+00 0.000e+00
8.913e-02 0.000e+00 0.000e+00 0.000e+00 0.000e+00 0.000e+00
1.000e-01 0.000e+00 0.000e+00 0.000e+00 0.000e+00 0.000e+00
1.122e-01 0.000e+00 0.000e+00 0.000e+00 0.000e+00 0.000e+00
1.259e-01 0.000e+00 0.000e+00 0.000e+00 0.000e+00 0.000e+00
1.413e-01 0.000e+00 0.000e+00 0.000e+00 0.000e+00 0.000e+00
1.585e-01 0.000e+00 0.000e+00 0.000e+00 0.000e+00 0.000e+00
1.778e-01 0.000e+00 0.000e+00 0.000e+00 0.000e+00 0.000e+00
1.995e-01 0.000e+00 0.000e+00 0.000e+00 0.000e+00 0.000e+00
2.239e-01 0.000e+00 0.000e+00 0.000e+00 0.000e+00 0.000e+00
2.512e-01 0.000e+00 0.000e+00 0.000e+00 0.000e+00 0.000e+00
2.818e-01 0.000e+00 0.000e+00 0.000e+00 0.000e+00 0.000e+00
3.162e-01 0.000e+00 0.000e+00 0.000e+00 0.000e+00 0.000e+00
3.548e-01 0.000e+00 0.000e+00 0.000e+00 0.000e+00 0.000e+00
3.981e-01 0.000e+00 0.000e+00 0.000e+00 0.000e+00 0.000e+00
4.467e-01 0.000e+00 0.000e+00 0.000e+00 0.000e+00 0.000e+00
5.012e-01 0.000e+00 0.000e+00 0.000e+00 0.000e+00 0.000e+00
5.623e-01 0.000e+00 0.000e+00 0.000e+00 0.000e+00 0.000e+00
6.310e-01 0.000e+00 0.000e+00 0.000e+00 0.000e+00 0.000e+00
7.079e-01 0.000e+00 0.000e+00 0.000e+00 0.000e+00 0.000e+00
7.943e-01 0.000e+00 0.000e+00 0.000e+00 0.000e+00 0.000e+00
8.913e-01 0.000e+00 0.000e+00 0.000e+00 0.000e+00 0.000e+00
1.000e+00 0.000e+00 0.000e+00 0.000e+00 0.000e+00 0.000e+00
1.122e+00 0.000e+00 0.000e+00 0.000e+00 0.000e+00 0.000e+00
1.259e+00 0.000e+00 0.000e+00 0.000e+00 0.000e+00 0.000e+00
1.413e+00 0.000e+00 0.000e+00 0.000e+00 0.000e+00 0.000e+00
1.585e+00 0.000e+00 0.000e+00 0.000e+00 0.000e+00 0.000e+00
1.778e+00 0.000e+00 0.000e+00 0.000e+00 0.000e+00 0.000e+00
1.995e+00 0.000e+00 0.000e+00 0.000e+00 0.000e+00 0.000e+00
2.239e+00 0.000e+00 0.000e+00 0.000e+00 0.000e+00 0.000e+00
2.512e+00 0.000e+00 0.000e+00 0.000e+00 0.000e+00 0.000e+00
2.818e+00 0.000e+00 0.000e+00 0.000e+00 0.000e+00 0.000e+00
3.162e+00 0.000e+00 0.000e+00 0.000e+00 0.000e+00 0.000e+00
3.548e+00 0.000e+00 0.000e+00 0.000e+00 0.000e+00 0.000e+00
3.981e+00 0.000e+00 0.000e+00 0.000e+00 0.000e+00 0.000e+00
4.467e+00 0.000e+00 0.000e+00 0.000e+00 0.000e+00 0.000e+00
5.012e+00 0.000e+00 0.000e+00 0.000e+00 0.000e+00 0.000e+00
5.623e+00 0.000e+00 0.000e+00 0.000e+00 0.000e+00 0.000e+00
6.310e+00 0.000e+00 0.000e+00 0.000e+00 0.000e+00 0.000e+00
7.079e+00 0.000e+00 0.000e+00 0.000e+00 0.000e+00 0.000e+00
7.943e+00 0.000e+00 0.000e+00 0.000e+00 0.000e+00 0.000e+00
8.913e+00 0.000e+00 0.000e+00 0.000e+00 0.000e+00 0.000e+00
1.000e+01 0.000e+00 0.000e+00 0.000e+00 0.000e+00 0.000e+00
1.122e+01 0.000e+00 0.000e+00 0.000e+00 0.000e+00 0.000e+00
1.259e+01 0.000e+00 0.000e+00 0.000e+00 0.000e+00 0.000e+00
1.413e+01 0.000e+00 0.000e+00 0.000e+00 0.000e+00 0.000e+00
1.585e+01 0.000e+00 0.000e+00 0.000e+00 0.000e+00 0.000e+00
1.778e+01 0.000e+00 0.000e+00 0.000e+00 0.000e+00 0.000e+00
1.995e+01 0.000e+00 0.000e+00 0.000e+00 0.000e+00 0.000e+00
2.239e+01 0.000e+00 0.000e+00 0.000e+00 0.000e+00 0.000e+00
2.512e+01 0.000e+00 0.000e+00 0.000e+00 0.000e+00 0.000e+00
2.818e+01 0.000e+00 0.000e+00 0.000e+00 0.000e+00 0.000e+00
3.162e+01 0.000e+00 0.000e+00 0.000e+00 0.000e+00 0.000e+00
3.548e+01 0.000e+00 0.000e+00 0.000e+00 0.000e+00 0.000e+00
3.981e+01 0.000e+00 0.000e+00 0.000e+00 0.000e+00 0.000e+00
4.467e+01 0.000e+00 0.000e+00 0.000e+00 0.000e+00 0.000e+00
5.012e+01 0.000e+00 0.000e+00 0.000e+00 0.000e+00 0.000e+00
5.623e+01 0.000e+00 0.000e+00 0.000e+00 0.000e+00 0.000e+00
6.310e+01 0.000e+00 0.000e+00 0.000e+00 0.000e+00 0.000e+00
7.079e+01 0.000e+00 0.000e+00 0.000e+00 0.000e+00 0.000e+00
7.943e+01 0.000e+00 0.000e+00 0.000e+00 0.000e+00 0.000e+00
8.913e+01 0.000e+00 0.000e+00 0.000e+00 0.000e+00 0.000e+00
1.000e+02 0.000e+00 0.000e+00 0.000e+00 0.000e+00 0.000e+00
1.122e+02 0.000e+00 0.000e+00 0.000e+00 0.000e+00 0.000e+00
1.259e+02 0.000e+00 0.000e+00 0.000e+00 0.000e+00 0.000e+00
1.413e+02 0.000e+00 0.000e+00 0.000e+00 0.000e+00 0.000e+00
1.585e+02 0.000e+00 0.000e+00 0.000e+00 0.000e+00 0.000e+00
1.778e+02 0.000e+00 0.000e+00 0.000e+00 0.000e+00 0.000e+00
1.995e+02 0.000e+00 0.000e+00 0.000e+00 0.000e+00 0.000e+00
2.239e+02 0.000e+00 0.000e+00 0.000e+00 0.000e+00 0.000e+00
2.512e+02 0.000e+00 0.000e+00 0.000e+00 0.000e+00 0.000e+00
2.818e+02 0.000e+00 0.000e+00 0.000e+00 0.000e+00 0.000e+00
3.162e+02 0.000e+00 0.000e+00 0.000e+00 0.000e+00 0.000e+00
3.548e+02 0.000e+00 0.000e+00 0.000e+00 0.000e+00 0.000e+00
3.981e+02 0.000e+00 0.000e+00 0.000e+00 0.000e+00 0.000e+00
4.467e+02 0.000e+00 0.000e+00 0.000e+00 0.000e+00 0.000e+00
5.012e+02 0.000e+00 0.000e+00 0.000e+00 0.000e+00 0.000e+00
5.623e+02 0.000e+00 0.000e+00 0.000e+00 0.000e+00 0.000e+00
6.310e+02 0.000e+00 0.000e+00 0.000e+00 0.000e+00 0.000e+00
7.079e+02 0.000e+00 0.000e+00 0.000e+00 0.000e+00 0.000e+00
7.943e+02 0.000e+00 0.000e+00 0.000e+00 0.000e+00 0.000e+00
8.913e+02 0.000e+00 0.000e+00 0.000e+00 0.000e+00 0.000e+00
1.000e+03 0.000e+00 0.000e+00 0.000e+00 0.000e+00 0.000e+00
1.122e+03 0.000e+00 0.000e+00 0.000e+00 0.000e+00 0.000e+00
1.259e+03 0.000e+00 0.000e+00 0.000e+00 0.000e+00 0.000e+00
1.413e+03 0.000e+00 0.000e+00 0.000e+00 0.000e+00 0.000e+00
1.585e+03 0.000e+00 0.000e+00 0.000e+00 0.000e+00 0.000e+00
1.778e+03 0.000e+00 0.000e+00 0.000e+00 0.000e+00 0.000e+00
1.995e+03 0.000e+00 0.000e+00 0.000e+00 0.000e+00 0.000e+00
2.239e+03 0.000e+00 0.000e+00 0.000e+00 0.000e+00 0.000e+00
2.512e+03 0.000e+00 0.000e+00 0.000e+00 0.000e+00 0.000e+00
2.818e+03 0.000e+00 0.000e+00 0.000e+00 0.000e+00 0.000e+00
3.162e+03 0.000e+00 0.000e+00 0.000e+00 0.000e+00 0.000e+00
3.548e+03 0.000e+00 0.000e+00 0.000e+00 0.000e+00 0.000e+00
3.981e+03 0.000e+00 0.000e+00 0.000e+00 0.000e+00 0.000e+00
4.467e+03 0.000e+00 0.000e+00 0.000e+00 0.000e+00 0.000e+00
5.012e+03 0.000e+00 0.000e+00 0.000e+00 0.000e+00 0.000e+00
5.623e+03 0.000e+00 0.000e+00 0.000e+00 0.000e+00 0.000e+00
6.310e+03 0.000e+00 0.000e+00 0.000e+00 0.000e+00 0.000e+00
7.079e+03 0.000e+00 0.000e+00 0.000e+00 0.000e+00 0.000e+00
7.943e+03 0.000e+00 0.000e+00 0.000e+00 0.000e+00 0.000e+00
8.913e+03 0.000e+00 0.000e+00 0.000e+00 0.000e+00 0.000e+00
1.000e+04 0.000e+00 0.000e+00 0.000e+00 0.000e+00 0.000e+00
1.122e+04 0.000e+00 0.000e+00 0.000e+00 0.000e+00 0.000e+00
1.259e+04 0.000e+00 0.000e+00 0.000e+00 0.000e+00 0.000e+00
1.413e+04 0.000e+00 0.000e+00 0.000e+00 0.000e+00 0.000e+00
1.585e+04 0.000e+00 0.000e+00 0.000e+00 0.000e+00 0.000e+00
1.778e+04 0.000e+00 0.000e+00 0.000e+00 0.000e+00 0.000e+00
1.995e+04 0.000e+00 0.000e+00 0.000e+00 0.000e+00 0.000e+00
2.239e+04 0.000e+00 0.000e+00 0.000e+00 0.000e+00 0.000e+00
2.512e+04 0.000e+00 0.000e+00 0.000e+00 0.000e+00 0.000e+00
2.818e+04 0.000e+00 0.000e+00 0.000e+00 0.000e+00 0.000e+00
3.162e+04 0.000e+00 0.000e+00 0.000e+00 0.000e+00 0.000e+00
3.548e+04 0.000e+00 0.000e+00 0.000e+00 0.000e+00 0.000e+00
3.981e+04 0.000e+00 0.000e+00 0.000e+00 0.000e+00 0.000e+00
4.467e+04 0.000e+00 0.000e+00 0.000e+00 0.000e+00 0.000e+00
5.012e+04 0.000e+00 0.000e+00 0.000e+00 0.000e+00 0.000e+00
5.623e+04 0.000e+00 0.000e+00 0.000e+00 0.000e+00 0.000e+00
6.310e+04 0.000e+00 0.000e+00 0.000e+00 0.000e+00 0.000e+00
7.079e+04 0.000e+00 0.000e+00 0.000e+00 0.000e+00 0.000e+00
7.943e+04 0.000e+00 0.000e+00 0.000e+00 0.000e+00 0.000e+00
8.913e+04 0.000e+00 0.000e+00 0.000e+00 0.000e+00 0.000e+00
1.000e+05 0.000e+00 0.000e+00 0.000e+00 0.000e+00 0.000e+00
1.122e+05 0.000e+00 0.000e+00 0.000e+00 0.000e+00 0.000e+00
1.259e+05 0.000e+00 0.000e+00 0.000e+00 0.000e+00 0.000e+00
1.413e+05 0.000e+00 0.000e+00 0.000e+00 0.000e+00 0.000e+00
1.585e+05 0.000e+00 0.000e+00 0.000e+00 0.000e+00 0.000e+00
1.778e+05 0.000e+00 0.000e+00 0.000e+00 0.000e+00 0.000e+00
1.995e+05 0.000e+00 0.000e+00 0.000e+00 0.000e+00 0.000e+00
2.239e+05 0.000e+00 0.000e+00 0.000e+00 0.000e+00 0.000e+00
2.512e+05 0.000e+00 0.000e+00 0.000e+00 0.000e+00 0.000e+00
2.818e+05 0.000e+00 0.000e+00 0.000e+00 0.000e+00 0.000e+00
3.162e+05 0.000e+00 0.000e+00 0.000e+00 0.000e+00 0.000e+00
3.548e+05 0.000e+00 0.000e+00 0.000e+00 0.000e+00 0.000e+00
3.981e+05 0.000e+00 0.000e+00 0.000e+00 0.000e+00 0.000e+00
4.467e+05 0.000e+00 0.000e+00 0.000e+00 0.000e+00 0.000e+00
5.012e+05 0.000e+00 0.000e+00 0.000e+00 0.000e+00 0.000e+00
5.623e+05 0.000e+00 0.000e+00 0.000e+00 0.000e+00 0.000e+00
6.310e+05 0.000e+00 0.000e+00 0.000e+00 0.000e+00 0.000e+00
7.079e+05 0.000e+00 0.000e+00 0.000e+00 0.000e+00 0.000e+00
7.943e+05 0.000e+00 0.000e+00 0.000e+00 0.000e+00 0.000e+00
8.913e+05 0.000e+00 0.000e+00 0.000e+00 0.000e+00 0.000e+00
1.000e+06 0.000e+00 0.000e+00 0.000e+00 0.000e+00 0.000e+00
1.122e+06 0.000e+00 0.000e+00 0.000e+00 0.000e+00 0.000e+00
1.259e+06 0.000e+00 0.000e+00 0.000e+00 0.000e+00 0.000e+00
1.413e+06 0.000e+00 0.000e+00 0.000e+00 0.000e+00 0.000e+00
1.585e+06 0.000e+00 0.000e+00 0.000e+00 0.000e+00 0.000e+00
1.778e+06 0.000e+00 0.000e+00 0.000e+00 0.000e+00 0.000e+00
1.995e+06 0.000e+00 0.000e+00 0.000e+00 0.000e+00 0.000e+00
2.239e+06 0.000e+00 0.000e+00 0.000e+00 0.000e+00 0.000e+00
2.512e+06 0.000e+00 0.000e+00 0.000e+00 0.000e+00 0.000e+00
2.818e+06 0.000e+00 0.000e+00 0.000e+00 0.000e+00 0.000e+00
3.162e+06 0.000e+00 0.000e+00 0.000e+00 0.000e+00 0.000e+00
3.548e+06 0.000e+00 0.000e+00 0.000e+00 0.000e+00 0.000e+00
3.981e+06 0.000e+00 0.000e+00 0.000e+00 0.000e+00 0.000e+00
4.467e+06 0.000e+00 0.000e+00 0.000e+00 0.000e+00 0.000e+00
5.012e+06 0.000e+00 0.000e+00 0.000e+00 0.000e+00 0.000e+00
5.623e+06 0.000e+00 0.000e+00 0.000e+00 0.000e+00 0.000e+00
6.310e+06 0.000e+00 0.000e+00 0.000e+00 0.000e+00 0.000e+00
7.079e+06 0.000e+00 0.000e+00 0.000e+00 0.000e+00 0.000e+00
7.943e+06 0.000e+00 0.000e+00 0.000e+00 0.000e+00 0.000e+00
8.913e+06 0.000e+00 0.000e+00 0.000e+00 0.000e+00 0.000e+00
1.000e+07 0.000e+00 0.000e+00 0.000e+00 0.000e+00 0.000e+00
1.122e+07 0.000e+00 0.000e+00 0.000e+00 0.000e+00 0.000e+00
1.259e+07 0.000e+00 0.000e+00 0.000e+00 0.000e+00 0.000e+00
1.413e+07 0.000e+00 0.000e+00 0.000e+00 0.000e+00 0.000e+00
1.585e+07 0.000e+00 0.000e+00 0.000e+00 0.000e+00 0.000e+00
1.778e+07 0.000e+00 0.000e+00 0.000e+00 0.000e+00 0.000e+00
1.995e+07 0.000e+00 0.000e+00 0.000e+00 0.000e+00 0.000e+00
2.239e+07 0.000e+00 0.000e+00 0.000e+00 0.000e+00 0.000e+00
2.512e+07 0.000e+00 0.000e+00 0.000e+00 0.000e+00 0.000e+00
2.818e+07 0.000e+00 0.000e+00 0.000e+00 0.000e+00 0.000e+00
3.162e+07 0.000e+00 0.000e+00 0.000e+00 0.000e+00 0.000e+00
3.548e+07 0.000e+00 0.000e+00 0.000e+00 0.000e+00 0.000e+00
3.981e+07 0.000e+00 0.000e+00 0.000e+00 0.000e+00 0.000e+00
4.467e+07 0.000e+00 0.000e+00 0.000e+00 0.000e+00 0.000e+00
5.012e+07 0.000e+00 0.000e+00 0.000e+00 0.000e+00 0.000e+00
5.623e+07 0.000e+00 0.000e+00 0.000e+00 0.000e+00 0.000e+00
6.310e+07 0.000e+00 0.000e+00 0.000e+00 0.000e+00 0.000e+00
7.079e+07 0.000e+00 0.000e+00 0.000e+00 0.000e+00 0.000e+00
7.943e+07 0.000e+00 0.000e+00 0.000e+00 0.000e+00 0.000e+00
8.913e+07 0.000e+00 0.000e+00 0.000e+00 0.000e+00 0.000e+00
1.000e+08 0.000e+00 0.000e+00 0.000e+00 0.000e+00 0.000e+00
