5.110e-07 6.620e+56 1.729e+44
5.734e-07 5.779e+56 1.900e+44
6.433e-07 4.910e+56 2.032e+44
7.218e-07 4.172e+56 2.174e+44
8.099e-07 3.545e+56 2.325e+44
9.087e-07 3.012e+56 2.487e+44
1.020e-06 2.559e+56 2.660e+44
1.144e-06 2.174e+56 2.845e+44
1.284e-06 1.847e+56 3.043e+44
1.440e-06 1.569e+56 3.255e+44
1.616e-06 1.333e+56 3.481e+44
1.813e-06 1.133e+56 3.723e+44
2.034e-06 9.623e+55 3.982e+44
2.283e-06 8.175e+55 4.259e+44
2.561e-06 6.945e+55 4.555e+44
2.874e-06 5.899e+55 4.871e+44
3.224e-06 5.011e+55 5.209e+44
3.618e-06 4.257e+55 5.571e+44
4.059e-06 3.616e+55 5.957e+44
4.554e-06 3.071e+55 6.369e+44
5.110e-06 2.608e+55 6.810e+44
5.734e-06 2.215e+55 7.280e+44
6.433e-06 1.881e+55 7.783e+44
7.218e-06 1.597e+55 8.319e+44
8.099e-06 1.356e+55 8.891e+44
9.087e-06 1.151e+55 9.501e+44
1.020e-05 9.765e+54 1.015e+45
1.144e-05 8.286e+54 1.084e+45
1.284e-05 7.030e+54 1.158e+45
1.440e-05 5.962e+54 1.237e+45
1.616e-05 5.056e+54 1.320e+45
1.813e-05 4.286e+54 1.409e+45
2.034e-05 3.632e+54 1.503e+45
2.283e-05 3.077e+54 1.603e+45
2.561e-05 2.598e+54 1.704e+45
2.874e-05 2.199e+54 1.816e+45
3.224e-05 1.860e+54 1.933e+45
3.618e-05 1.572e+54 2.057e+45
4.059e-05 1.328e+54 2.188e+45
4.554e-05 1.121e+54 2.324e+45
5.110e-05 9.449e+53 2.467e+45
5.734e-05 7.959e+53 2.616e+45
6.433e-05 6.696e+53 2.771e+45
7.218e-05 5.627e+53 2.932e+45
8.099e-05 4.721e+53 3.097e+45
9.087e-05 3.955e+53 3.266e+45
1.020e-04 3.308e+53 3.438e+45
1.144e-04 2.761e+53 3.613e+45
1.284e-04 2.299e+53 3.788e+45
1.440e-04 1.911e+53 3.963e+45
1.616e-04 1.584e+53 4.136e+45
1.813e-04 1.309e+53 4.304e+45
2.034e-04 1.079e+53 4.466e+45
2.283e-04 8.868e+52 4.620e+45
2.561e-04 7.263e+52 4.764e+45
2.874e-04 5.927e+52 4.894e+45
3.224e-04 4.820e+52 5.011e+45
3.618e-04 3.905e+52 5.110e+45
4.059e-04 3.151e+52 5.191e+45
4.554e-04 2.533e+52 5.253e+45
5.110e-04 2.027e+52 5.294e+45
5.734e-04 1.616e+52 5.314e+45
6.433e-04 1.284e+52 5.312e+45
7.218e-04 1.015e+52 5.289e+45
8.099e-04 7.997e+51 5.245e+45
9.087e-04 6.276e+51 5.182e+45
1.020e-03 4.907e+51 5.101e+45
1.144e-03 3.823e+51 5.003e+45
1.284e-03 2.968e+51 4.891e+45
1.440e-03 2.298e+51 4.766e+45
1.616e-03 1.773e+51 4.630e+45
1.813e-03 1.364e+51 4.485e+45
2.034e-03 1.047e+51 4.334e+45
2.283e-03 8.020e+50 4.178e+45
2.561e-03 6.127e+50 4.019e+45
2.874e-03 4.672e+50 3.858e+45
3.224e-03 3.556e+50 3.696e+45
3.618e-03 2.708e+50 3.544e+45
4.059e-03 2.106e+50 3.470e+45
4.554e-03 1.595e+50 3.309e+45
5.110e-03 1.207e+50 3.152e+45
5.734e-03 9.122e+49 2.999e+45
6.433e-03 6.887e+49 2.850e+45
7.218e-03 5.194e+49 2.706e+45
8.099e-03 3.914e+49 2.567e+45
9.087e-03 2.947e+49 2.434e+45
1.020e-02 2.218e+49 2.305e+45
1.144e-02 1.668e+49 2.182e+45
1.284e-02 1.253e+49 2.065e+45
1.440e-02 9.410e+48 1.952e+45
1.616e-02 7.063e+48 1.844e+45
1.813e-02 5.298e+48 1.742e+45
2.034e-02 3.972e+48 1.644e+45
2.283e-02 2.976e+48 1.550e+45
2.561e-02 2.228e+48 1.462e+45
2.874e-02 1.668e+48 1.377e+45
3.224e-02 1.247e+48 1.296e+45
3.618e-02 9.321e+47 1.220e+45
4.059e-02 6.961e+47 1.147e+45
4.554e-02 5.195e+47 1.078e+45
5.110e-02 3.874e+47 1.012e+45
5.734e-02 2.886e+47 9.488e+44
6.433e-02 2.149e+47 8.892e+44
7.218e-02 1.598e+47 8.324e+44
8.099e-02 1.187e+47 7.784e+44
9.087e-02 8.805e+46 7.271e+44
1.020e-01 6.525e+46 6.783e+44
1.144e-01 4.828e+46 6.319e+44
1.284e-01 3.568e+46 5.878e+44
1.440e-01 2.632e+46 5.459e+44
1.616e-01 1.938e+46 5.061e+44
1.813e-01 1.425e+46 4.684e+44
2.034e-01 1.046e+46 4.327e+44
2.283e-01 7.657e+45 3.989e+44
2.561e-01 5.595e+45 3.670e+44
2.874e-01 4.079e+45 3.368e+44
3.224e-01 2.967e+45 3.084e+44
3.618e-01 2.153e+45 2.817e+44
4.059e-01 1.558e+45 2.567e+44
4.554e-01 1.125e+45 2.333e+44
5.110e-01 8.097e+44 2.114e+44
5.734e-01 5.813e+44 1.911e+44
6.433e-01 4.162e+44 1.723e+44
7.218e-01 2.972e+44 1.548e+44
8.099e-01 2.116e+44 1.388e+44
9.087e-01 1.502e+44 1.241e+44
1.020e+00 1.064e+44 1.106e+44
1.144e+00 7.511e+43 9.830e+43
1.284e+00 5.289e+43 8.714e+43
1.440e+00 3.715e+43 7.705e+43
1.616e+00 2.602e+43 6.794e+43
1.813e+00 1.818e+43 5.975e+43
2.034e+00 1.266e+43 5.241e+43
2.283e+00 8.802e+42 4.586e+43
2.561e+00 6.102e+42 4.002e+43
2.874e+00 4.220e+42 3.484e+43
3.224e+00 2.910e+42 3.026e+43
3.618e+00 2.002e+42 2.621e+43
4.059e+00 1.374e+42 2.264e+43
4.554e+00 9.405e+41 1.951e+43
5.110e+00 6.420e+41 1.676e+43
5.734e+00 4.370e+41 1.437e+43
6.433e+00 2.967e+41 1.228e+43
7.218e+00 2.008e+41 1.046e+43
8.099e+00 1.355e+41 8.886e+42
9.087e+00 9.111e+40 7.524e+42
1.020e+01 6.108e+40 6.349e+42
1.144e+01 4.080e+40 5.339e+42
1.284e+01 2.715e+40 4.473e+42
1.440e+01 1.800e+40 3.733e+42
1.616e+01 1.188e+40 3.103e+42
1.813e+01 7.812e+39 2.568e+42
2.034e+01 5.111e+39 2.115e+42
2.283e+01 3.328e+39 1.734e+42
2.561e+01 2.155e+39 1.414e+42
2.874e+01 1.388e+39 1.146e+42
3.224e+01 8.883e+38 9.234e+41
3.618e+01 5.648e+38 7.392e+41
4.059e+01 3.566e+38 5.875e+41
4.554e+01 2.234e+38 4.633e+41
5.110e+01 1.387e+38 3.623e+41
5.734e+01 8.539e+37 2.807e+41
6.433e+01 5.203e+37 2.153e+41
7.218e+01 3.136e+37 1.634e+41
8.099e+01 1.867e+37 1.225e+41
9.087e+01 1.097e+37 9.058e+40
1.020e+02 6.352e+36 6.603e+40
1.144e+02 3.619e+36 4.737e+40
1.284e+02 2.026e+36 3.338e+40
1.440e+02 1.112e+36 2.307e+40
1.616e+02 5.976e+35 1.560e+40
1.813e+02 3.134e+35 1.030e+40
2.034e+02 1.601e+35 6.625e+39
2.283e+02 7.940e+34 4.137e+39
2.561e+02 3.812e+34 2.500e+39
2.874e+02 1.765e+34 1.457e+39
3.224e+02 7.847e+33 8.157e+38
3.618e+02 3.336e+33 4.366e+38
4.059e+02 1.349e+33 2.222e+38
4.554e+02 5.158e+32 1.070e+38
5.110e+02 1.852e+32 4.836e+37
5.734e+02 6.197e+31 2.037e+37
6.433e+02 1.910e+31 7.906e+36
7.218e+02 5.328e+30 2.776e+36
8.099e+02 1.285e+30 8.426e+35
9.087e+02 2.211e+29 1.825e+35
