5.110e-07 8.508e+53 2.221e+41
5.734e-07 8.484e+53 2.789e+41
6.433e-07 8.457e+53 3.500e+41
7.218e-07 8.434e+53 4.394e+41
8.099e-07 8.407e+53 5.514e+41
9.087e-07 8.380e+53 6.919e+41
1.020e-06 8.353e+53 8.683e+41
1.144e-06 8.322e+53 1.089e+42
1.284e-06 8.286e+53 1.365e+42
1.440e-06 8.255e+53 1.712e+42
1.616e-06 8.216e+53 2.145e+42
1.813e-06 8.177e+53 2.688e+42
2.034e-06 8.134e+53 3.366e+42
2.283e-06 8.092e+53 4.216e+42
2.561e-06 8.041e+53 5.274e+42
2.874e-06 7.990e+53 6.598e+42
3.224e-06 7.932e+53 8.245e+42
3.618e-06 7.870e+53 1.030e+43
4.059e-06 7.804e+53 1.286e+43
4.554e-06 7.731e+53 1.603e+43
5.110e-06 7.650e+53 1.998e+43
5.734e-06 7.567e+53 2.487e+43
6.433e-06 7.472e+53 3.092e+43
7.218e-06 7.371e+53 3.840e+43
8.099e-06 7.260e+53 4.762e+43
9.087e-06 7.143e+53 5.898e+43
1.020e-05 7.013e+53 7.290e+43
1.144e-05 6.871e+53 8.992e+43
1.284e-05 6.720e+53 1.107e+44
1.440e-05 6.556e+53 1.360e+44
1.616e-05 6.382e+53 1.667e+44
1.813e-05 6.193e+53 2.036e+44
2.034e-05 5.991e+53 2.479e+44
2.283e-05 5.776e+53 3.010e+44
2.561e-05 5.549e+53 3.640e+44
2.874e-05 5.310e+53 4.385e+44
3.224e-05 5.060e+53 5.260e+44
3.618e-05 4.796e+53 6.277e+44
4.059e-05 4.526e+53 7.457e+44
4.554e-05 4.247e+53 8.808e+44
5.110e-05 3.963e+53 1.035e+45
5.734e-05 3.674e+53 1.208e+45
6.433e-05 3.386e+53 1.401e+45
7.218e-05 3.097e+53 1.614e+45
8.099e-05 2.815e+53 1.846e+45
9.087e-05 2.539e+53 2.097e+45
1.020e-04 2.272e+53 2.362e+45
1.144e-04 2.017e+53 2.640e+45
1.284e-04 1.778e+53 2.929e+45
1.440e-04 1.553e+53 3.222e+45
1.616e-04 1.347e+53 3.516e+45
1.813e-04 1.158e+53 3.805e+45
2.034e-04 9.875e+52 4.087e+45
2.283e-04 8.352e+52 4.351e+45
2.561e-04 7.013e+52 4.600e+45
2.874e-04 5.842e+52 4.824e+45
3.224e-04 4.832e+52 5.023e+45
3.618e-04 3.966e+52 5.191e+45
4.059e-04 3.235e+52 5.330e+45
4.554e-04 2.621e+52 5.437e+45
5.110e-04 2.111e+52 5.513e+45
5.734e-04 1.691e+52 5.558e+45
6.433e-04 1.347e+52 5.573e+45
7.218e-04 1.067e+52 5.561e+45
8.099e-04 8.420e+51 5.522e+45
9.087e-04 6.613e+51 5.461e+45
1.020e-03 5.174e+51 5.378e+45
1.144e-03 4.033e+51 5.278e+45
1.284e-03 3.133e+51 5.161e+45
1.440e-03 2.426e+51 5.033e+45
1.616e-03 1.874e+51 4.893e+45
1.813e-03 1.444e+51 4.746e+45
2.034e-03 1.110e+51 4.592e+45
2.283e-03 8.510e+50 4.434e+45
2.561e-03 6.514e+50 4.273e+45
2.874e-03 4.978e+50 4.111e+45
3.224e-03 3.799e+50 3.949e+45
3.618e-03 2.894e+50 3.788e+45
4.059e-03 2.203e+50 3.629e+45
4.554e-03 1.674e+50 3.473e+45
5.110e-03 1.271e+50 3.320e+45
5.734e-03 9.645e+49 3.171e+45
6.433e-03 7.311e+49 3.026e+45
7.218e-03 5.538e+49 2.885e+45
8.099e-03 4.191e+49 2.749e+45
9.087e-03 3.170e+49 2.618e+45
1.020e-02 2.397e+49 2.492e+45
1.144e-02 1.811e+49 2.370e+45
1.284e-02 1.368e+49 2.253e+45
1.440e-02 1.032e+49 2.141e+45
1.616e-02 7.790e+48 2.034e+45
1.813e-02 5.875e+48 1.931e+45
2.034e-02 4.429e+48 1.833e+45
2.283e-02 3.338e+48 1.739e+45
2.561e-02 2.515e+48 1.649e+45
2.874e-02 1.894e+48 1.564e+45
3.224e-02 1.426e+48 1.482e+45
3.618e-02 1.073e+48 1.404e+45
4.059e-02 8.069e+47 1.329e+45
4.554e-02 6.067e+47 1.258e+45
5.110e-02 4.559e+47 1.190e+45
5.734e-02 3.424e+47 1.126e+45
6.433e-02 2.570e+47 1.064e+45
7.218e-02 1.928e+47 1.005e+45
8.099e-02 1.446e+47 9.482e+44
9.087e-02 1.083e+47 8.941e+44
1.020e-01 8.104e+46 8.424e+44
1.144e-01 6.059e+46 7.930e+44
1.284e-01 4.525e+46 7.456e+44
1.440e-01 3.374e+46 6.998e+44
1.616e-01 2.512e+46 6.559e+44
1.813e-01 1.866e+46 6.135e+44
2.034e-01 1.383e+46 5.725e+44
2.283e-01 1.022e+46 5.327e+44
2.561e-01 7.532e+45 4.940e+44
2.874e-01 5.524e+45 4.561e+44
3.224e-01 4.030e+45 4.190e+44
3.618e-01 2.921e+45 3.822e+44
4.059e-01 2.097e+45 3.455e+44
4.554e-01 1.487e+45 3.085e+44
5.110e-01 1.037e+45 2.707e+44
5.734e-01 7.037e+44 2.313e+44
6.433e-01 4.571e+44 1.892e+44
7.218e-01 2.718e+44 1.416e+44
8.099e-01 1.199e+44 7.865e+43
