1.000e-20 0.000e+00 0.000e+00 0.000e+00 0.000e+00 0.000e+00
1.122e-20 0.000e+00 0.000e+00 0.000e+00 0.000e+00 0.000e+00
1.259e-20 0.000e+00 0.000e+00 0.000e+00 0.000e+00 0.000e+00
1.413e-20 0.000e+00 0.000e+00 0.000e+00 0.000e+00 0.000e+00
1.585e-20 0.000e+00 0.000e+00 0.000e+00 0.000e+00 0.000e+00
1.778e-20 0.000e+00 0.000e+00 0.000e+00 0.000e+00 0.000e+00
1.995e-20 0.000e+00 0.000e+00 0.000e+00 0.000e+00 0.000e+00
2.239e-20 0.000e+00 0.000e+00 0.000e+00 0.000e+00 0.000e+00
2.512e-20 0.000e+00 0.000e+00 0.000e+00 0.000e+00 0.000e+00
2.818e-20 0.000e+00 0.000e+00 0.000e+00 0.000e+00 0.000e+00
3.162e-20 0.000e+00 0.000e+00 0.000e+00 0.000e+00 0.000e+00
3.548e-20 0.000e+00 0.000e+00 0.000e+00 0.000e+00 0.000e+00
3.981e-20 0.000e+00 0.000e+00 0.000e+00 0.000e+00 0.000e+00
4.467e-20 0.000e+00 0.000e+00 0.000e+00 0.000e+00 0.000e+00
5.012e-20 0.000e+00 0.000e+00 0.000e+00 0.000e+00 0.000e+00
5.623e-20 0.000e+00 0.000e+00 0.000e+00 0.000e+00 0.000e+00
6.310e-20 0.000e+00 0.000e+00 0.000e+00 0.000e+00 0.000e+00
7.079e-20 0.000e+00 0.000e+00 0.000e+00 0.000e+00 0.000e+00
7.943e-20 0.000e+00 0.000e+00 0.000e+00 0.000e+00 0.000e+00
8.913e-20 0.000e+00 0.000e+00 0.000e+00 0.000e+00 0.000e+00
1.000e-19 0.000e+00 0.000e+00 0.000e+00 0.000e+00 0.000e+00
1.122e-19 0.000e+00 0.000e+00 0.000e+00 0.000e+00 0.000e+00
1.259e-19 0.000e+00 0.000e+00 0.000e+00 0.000e+00 0.000e+00
1.413e-19 0.000e+00 0.000e+00 0.000e+00 0.000e+00 0.000e+00
1.585e-19 0.000e+00 0.000e+00 0.000e+00 0.000e+00 0.000e+00
1.778e-19 0.000e+00 0.000e+00 0.000e+00 0.000e+00 0.000e+00
1.995e-19 0.000e+00 0.000e+00 0.000e+00 0.000e+00 0.000e+00
2.239e-19 0.000e+00 0.000e+00 0.000e+00 0.000e+00 0.000e+00
2.512e-19 0.000e+00 0.000e+00 0.000e+00 0.000e+00 0.000e+00
2.818e-19 0.000e+00 0.000e+00 0.000e+00 0.000e+00 0.000e+00
3.162e-19 0.000e+00 0.000e+00 0.000e+00 0.000e+00 0.000e+00
3.548e-19 0.000e+00 0.000e+00 0.000e+00 0.000e+00 0.000e+00
3.981e-19 0.000e+00 0.000e+00 0.000e+00 0.000e+00 0.000e+00
4.467e-19 0.000e+00 0.000e+00 0.000e+00 0.000e+00 0.000e+00
5.012e-19 0.000e+00 0.000e+00 0.000e+00 0.000e+00 0.000e+00
5.623e-19 0.000e+00 0.000e+00 0.000e+00 0.000e+00 0.000e+00
6.310e-19 0.000e+00 0.000e+00 0.000e+00 0.000e+00 0.000e+00
7.079e-19 0.000e+00 0.000e+00 0.000e+00 0.000e+00 0.000e+00
7.943e-19 0.000e+00 0.000e+00 0.000e+00 0.000e+00 0.000e+00
8.913e-19 0.000e+00 0.000e+00 0.000e+00 0.000e+00 0.000e+00
1.000e-18 0.000e+00 0.000e+00 0.000e+00 0.000e+00 0.000e+00
1.122e-18 0.000e+00 0.000e+00 0.000e+00 0.000e+00 0.000e+00
1.259e-18 0.000e+00 0.000e+00 0.000e+00 0.000e+00 0.000e+00
1.413e-18 0.000e+00 0.000e+00 0.000e+00 0.000e+00 0.000e+00
1.585e-18 0.000e+00 0.000e+00 0.000e+00 0.000e+00 0.000e+00
1.778e-18 0.000e+00 0.000e+00 0.000e+00 0.000e+00 0.000e+00
1.995e-18 0.000e+00 0.000e+00 0.000e+00 0.000e+00 0.000e+00
2.239e-18 0.000e+00 0.000e+00 0.000e+00 0.000e+00 0.000e+00
2.512e-18 0.000e+00 0.000e+00 0.000e+00 0.000e+00 0.000e+00
2.818e-18 0.000e+00 0.000e+00 0.000e+00 0.000e+00 0.000e+00
3.162e-18 0.000e+00 0.000e+00 0.000e+00 0.000e+00 0.000e+00
3.548e-18 0.000e+00 0.000e+00 0.000e+00 0.000e+00 0.000e+00
3.981e-18 0.000e+00 0.000e+00 0.000e+00 0.000e+00 0.000e+00
4.467e-18 0.000e+00 0.000e+00 0.000e+00 0.000e+00 0.000e+00
5.012e-18 0.000e+00 0.000e+00 0.000e+00 0.000e+00 0.000e+00
5.623e-18 0.000e+00 0.000e+00 0.000e+00 0.000e+00 0.000e+00
6.310e-18 0.000e+00 0.000e+00 0.000e+00 0.000e+00 0.000e+00
7.079e-18 0.000e+00 0.000e+00 0.000e+00 0.000e+00 0.000e+00
7.943e-18 0.000e+00 0.000e+00 0.000e+00 0.000e+00 0.000e+00
8.913e-18 0.000e+00 0.000e+00 0.000e+00 0.000e+00 0.000e+00
1.000e-17 0.000e+00 0.000e+00 0.000e+00 0.000e+00 0.000e+00
1.122e-17 0.000e+00 0.000e+00 0.000e+00 0.000e+00 0.000e+00
1.259e-17 0.000e+00 0.000e+00 0.000e+00 0.000e+00 0.000e+00
1.413e-17 0.000e+00 0.000e+00 0.000e+00 0.000e+00 0.000e+00
1.585e-17 0.000e+00 0.000e+00 0.000e+00 0.000e+00 0.000e+00
1.778e-17 0.000e+00 0.000e+00 0.000e+00 0.000e+00 0.000e+00
1.995e-17 0.000e+00 0.000e+00 0.000e+00 0.000e+00 0.000e+00
2.239e-17 0.000e+00 0.000e+00 0.000e+00 0.000e+00 0.000e+00
2.512e-17 0.000e+00 0.000e+00 0.000e+00 0.000e+00 0.000e+00
2.818e-17 0.000e+00 0.000e+00 0.000e+00 0.000e+00 0.000e+00
3.162e-17 0.000e+00 0.000e+00 0.000e+00 0.000e+00 0.000e+00
3.548e-17 0.000e+00 0.000e+00 0.000e+00 0.000e+00 0.000e+00
3.981e-17 0.000e+00 0.000e+00 0.000e+00 0.000e+00 0.000e+00
4.467e-17 0.000e+00 0.000e+00 0.000e+00 0.000e+00 0.000e+00
5.012e-17 0.000e+00 0.000e+00 0.000e+00 0.000e+00 0.000e+00
5.623e-17 0.000e+00 0.000e+00 0.000e+00 0.000e+00 0.000e+00
6.310e-17 0.000e+00 0.000e+00 0.000e+00 0.000e+00 0.000e+00
7.079e-17 0.000e+00 0.000e+00 0.000e+00 0.000e+00 0.000e+00
7.943e-17 0.000e+00 0.000e+00 0.000e+00 0.000e+00 0.000e+00
8.913e-17 0.000e+00 0.000e+00 0.000e+00 0.000e+00 0.000e+00
1.000e-16 0.000e+00 0.000e+00 0.000e+00 0.000e+00 0.000e+00
1.122e-16 0.000e+00 0.000e+00 0.000e+00 0.000e+00 0.000e+00
1.259e-16 0.000e+00 0.000e+00 0.000e+00 0.000e+00 0.000e+00
1.413e-16 0.000e+00 0.000e+00 0.000e+00 0.000e+00 0.000e+00
1.585e-16 0.000e+00 0.000e+00 0.000e+00 0.000e+00 0.000e+00
1.778e-16 0.000e+00 0.000e+00 0.000e+00 0.000e+00 0.000e+00
1.995e-16 0.000e+00 0.000e+00 0.000e+00 0.000e+00 0.000e+00
2.239e-16 0.000e+00 0.000e+00 0.000e+00 0.000e+00 0.000e+00
2.512e-16 0.000e+00 0.000e+00 0.000e+00 0.000e+00 0.000e+00
2.818e-16 0.000e+00 0.000e+00 0.000e+00 0.000e+00 0.000e+00
3.162e-16 0.000e+00 0.000e+00 0.000e+00 0.000e+00 0.000e+00
3.548e-16 0.000e+00 0.000e+00 0.000e+00 0.000e+00 0.000e+00
3.981e-16 0.000e+00 0.000e+00 0.000e+00 0.000e+00 0.000e+00
4.467e-16 0.000e+00 0.000e+00 0.000e+00 0.000e+00 0.000e+00
5.012e-16 0.000e+00 0.000e+00 0.000e+00 0.000e+00 0.000e+00
5.623e-16 0.000e+00 0.000e+00 0.000e+00 0.000e+00 0.000e+00
6.310e-16 0.000e+00 0.000e+00 0.000e+00 0.000e+00 0.000e+00
7.079e-16 0.000e+00 0.000e+00 0.000e+00 0.000e+00 0.000e+00
7.943e-16 0.000e+00 0.000e+00 0.000e+00 0.000e+00 0.000e+00
8.913e-16 0.000e+00 0.000e+00 0.000e+00 0.000e+00 0.000e+00
1.000e-15 0.000e+00 0.000e+00 0.000e+00 0.000e+00 0.000e+00
1.122e-15 0.000e+00 0.000e+00 0.000e+00 0.000e+00 0.000e+00
1.259e-15 0.000e+00 0.000e+00 0.000e+00 0.000e+00 0.000e+00
1.413e-15 0.000e+00 0.000e+00 0.000e+00 0.000e+00 0.000e+00
1.585e-15 0.000e+00 0.000e+00 0.000e+00 0.000e+00 0.000e+00
1.778e-15 0.000e+00 0.000e+00 0.000e+00 0.000e+00 0.000e+00
1.995e-15 0.000e+00 0.000e+00 0.000e+00 0.000e+00 0.000e+00
2.239e-15 0.000e+00 0.000e+00 0.000e+00 0.000e+00 0.000e+00
2.512e-15 0.000e+00 0.000e+00 0.000e+00 0.000e+00 0.000e+00
2.818e-15 0.000e+00 0.000e+00 0.000e+00 0.000e+00 0.000e+00
3.162e-15 0.000e+00 0.000e+00 0.000e+00 0.000e+00 0.000e+00
3.548e-15 0.000e+00 0.000e+00 0.000e+00 0.000e+00 0.000e+00
3.981e-15 0.000e+00 0.000e+00 0.000e+00 0.000e+00 0.000e+00
4.467e-15 0.000e+00 0.000e+00 0.000e+00 0.000e+00 0.000e+00
5.012e-15 0.000e+00 0.000e+00 0.000e+00 0.000e+00 0.000e+00
5.623e-15 0.000e+00 0.000e+00 0.000e+00 0.000e+00 0.000e+00
6.310e-15 0.000e+00 0.000e+00 0.000e+00 0.000e+00 0.000e+00
7.079e-15 0.000e+00 0.000e+00 0.000e+00 0.000e+00 0.000e+00
7.943e-15 0.000e+00 0.000e+00 0.000e+00 0.000e+00 0.000e+00
8.913e-15 0.000e+00 0.000e+00 0.000e+00 0.000e+00 0.000e+00
1.000e-14 0.000e+00 0.000e+00 0.000e+00 0.000e+00 0.000e+00
1.122e-14 0.000e+00 0.000e+00 0.000e+00 0.000e+00 0.000e+00
1.259e-14 0.000e+00 0.000e+00 0.000e+00 0.000e+00 0.000e+00
1.413e-14 0.000e+00 0.000e+00 0.000e+00 0.000e+00 0.000e+00
1.585e-14 0.000e+00 0.000e+00 0.000e+00 0.000e+00 0.000e+00
1.778e-14 0.000e+00 0.000e+00 0.000e+00 0.000e+00 0.000e+00
1.995e-14 0.000e+00 0.000e+00 0.000e+00 0.000e+00 0.000e+00
2.239e-14 0.000e+00 0.000e+00 0.000e+00 0.000e+00 0.000e+00
2.512e-14 0.000e+00 0.000e+00 0.000e+00 0.000e+00 0.000e+00
2.818e-14 0.000e+00 0.000e+00 0.000e+00 0.000e+00 0.000e+00
3.162e-14 0.000e+00 0.000e+00 0.000e+00 0.000e+00 0.000e+00
3.548e-14 0.000e+00 0.000e+00 0.000e+00 0.000e+00 0.000e+00
3.981e-14 0.000e+00 0.000e+00 0.000e+00 0.000e+00 0.000e+00
4.467e-14 0.000e+00 0.000e+00 0.000e+00 0.000e+00 0.000e+00
5.012e-14 0.000e+00 0.000e+00 0.000e+00 0.000e+00 0.000e+00
5.623e-14 0.000e+00 0.000e+00 0.000e+00 0.000e+00 0.000e+00
6.310e-14 0.000e+00 0.000e+00 0.000e+00 0.000e+00 0.000e+00
7.079e-14 0.000e+00 0.000e+00 0.000e+00 0.000e+00 0.000e+00
7.943e-14 0.000e+00 0.000e+00 0.000e+00 0.000e+00 0.000e+00
8.913e-14 0.000e+00 0.000e+00 0.000e+00 0.000e+00 0.000e+00
1.000e-13 0.000e+00 0.000e+00 0.000e+00 0.000e+00 0.000e+00
1.122e-13 0.000e+00 0.000e+00 0.000e+00 0.000e+00 0.000e+00
1.259e-13 0.000e+00 0.000e+00 0.000e+00 0.000e+00 0.000e+00
1.413e-13 0.000e+00 0.000e+00 0.000e+00 0.000e+00 0.000e+00
1.585e-13 0.000e+00 0.000e+00 0.000e+00 0.000e+00 0.000e+00
1.778e-13 0.000e+00 0.000e+00 0.000e+00 0.000e+00 0.000e+00
1.995e-13 0.000e+00 0.000e+00 0.000e+00 0.000e+00 0.000e+00
2.239e-13 0.000e+00 0.000e+00 0.000e+00 0.000e+00 0.000e+00
2.512e-13 0.000e+00 0.000e+00 0.000e+00 0.000e+00 0.000e+00
2.818e-13 0.000e+00 0.000e+00 0.000e+00 0.000e+00 0.000e+00
3.162e-13 0.000e+00 0.000e+00 0.000e+00 0.000e+00 0.000e+00
3.548e-13 0.000e+00 0.000e+00 0.000e+00 0.000e+00 0.000e+00
3.981e-13 0.000e+00 0.000e+00 0.000e+00 0.000e+00 0.000e+00
4.467e-13 0.000e+00 0.000e+00 0.000e+00 0.000e+00 0.000e+00
5.012e-13 6.143e-24 2.472e-48 2.476e-105 1.629e-93 2.047e-92
5.623e-13 2.358e-19 1.195e-43 1.197e-100 7.874e-89 9.894e-88
6.310e-13 3.113e-15 1.986e-39 1.989e-96 1.308e-84 1.644e-83
7.079e-13 1.696e-11 1.362e-35 1.364e-92 8.975e-81 1.128e-79
7.943e-13 4.405e-08 4.453e-32 4.461e-89 2.935e-77 3.688e-76
8.913e-13 5.916e-05 7.530e-29 7.542e-86 4.962e-74 6.235e-73
1.000e-12 4.237e-02 6.789e-26 6.800e-83 4.473e-71 5.621e-70
1.122e-12 1.659e+01 3.345e-23 3.351e-80 2.204e-68 2.770e-67
1.259e-12 3.691e+03 9.372e-21 9.388e-78 6.176e-66 7.761e-65
1.413e-12 4.913e+05 1.571e-18 1.573e-75 1.035e-63 1.301e-62
1.585e-12 4.129e+07 1.662e-16 1.665e-73 1.095e-61 1.376e-60
1.778e-12 2.308e+09 1.170e-14 1.171e-71 7.707e-60 9.684e-59
1.995e-12 8.997e+10 5.739e-13 5.749e-70 3.782e-58 4.752e-57
2.239e-12 2.549e+12 2.046e-11 2.050e-68 1.349e-56 1.695e-55
2.512e-12 5.436e+13 5.496e-10 5.505e-67 3.621e-55 4.551e-54
2.818e-12 9.006e+14 1.146e-08 1.148e-65 7.552e-54 9.490e-53
3.162e-12 1.190e+16 1.906e-07 1.909e-64 1.256e-52 1.578e-51
3.548e-12 1.283e+17 2.587e-06 2.592e-63 1.705e-51 2.142e-50
3.981e-12 1.152e+18 2.926e-05 2.931e-62 1.928e-50 2.423e-49
4.467e-12 8.779e+18 2.807e-04 2.811e-61 1.849e-49 2.324e-48
5.012e-12 5.767e+19 2.321e-03 2.325e-60 1.529e-48 1.922e-47
5.623e-12 3.313e+20 1.679e-02 1.681e-59 1.106e-47 1.390e-46
6.310e-12 1.686e+21 1.075e-01 1.077e-58 7.086e-47 8.904e-46
7.079e-12 7.687e+21 6.173e-01 6.183e-58 4.068e-46 5.112e-45
7.943e-12 3.173e+22 3.208e+00 3.213e-57 2.114e-45 2.656e-44
8.913e-12 1.197e+23 1.523e+01 1.525e-56 1.003e-44 1.261e-43
1.000e-11 4.156e+23 6.659e+01 6.670e-56 4.388e-44 5.514e-43
1.122e-11 1.340e+24 2.702e+02 2.707e-55 1.780e-43 2.237e-42
1.259e-11 4.033e+24 1.024e+03 1.026e-54 6.748e-43 8.480e-42
1.413e-11 1.141e+25 3.647e+03 3.653e-54 2.403e-42 3.020e-41
1.585e-11 3.048e+25 1.227e+04 1.229e-53 8.082e-42 1.016e-40
1.778e-11 7.729e+25 3.916e+04 3.922e-53 2.580e-41 3.243e-40
1.995e-11 1.868e+26 1.192e+05 1.194e-52 7.852e-41 9.868e-40
2.239e-11 4.322e+26 3.470e+05 3.476e-52 2.287e-40 2.874e-39
2.512e-11 9.600e+26 9.705e+05 9.721e-52 6.395e-40 8.036e-39
2.818e-11 2.054e+27 2.615e+06 2.619e-51 1.723e-39 2.165e-38
3.162e-11 4.248e+27 6.806e+06 6.817e-51 4.485e-39 5.636e-38
3.548e-11 8.507e+27 1.716e+07 1.719e-50 1.131e-38 1.421e-37
3.981e-11 1.654e+28 4.201e+07 4.208e-50 2.768e-38 3.479e-37
4.467e-11 3.131e+28 1.001e+08 1.003e-49 6.595e-38 8.288e-37
5.012e-11 5.777e+28 2.325e+08 2.329e-49 1.532e-37 1.925e-36
5.623e-11 1.041e+29 5.275e+08 5.284e-49 3.476e-37 4.368e-36
6.310e-11 1.836e+29 1.171e+09 1.173e-48 7.715e-37 9.695e-36
7.079e-11 3.171e+29 2.546e+09 2.551e-48 1.678e-36 2.109e-35
7.943e-11 5.376e+29 5.434e+09 5.443e-48 3.581e-36 4.500e-35
8.913e-11 8.952e+29 1.139e+10 1.141e-47 7.507e-36 9.434e-35
1.000e-10 1.466e+30 2.349e+10 2.353e-47 1.548e-35 1.945e-34
1.122e-10 2.365e+30 4.769e+10 4.777e-47 3.143e-35 3.949e-34
1.259e-10 3.758e+30 9.543e+10 9.560e-47 6.289e-35 7.903e-34
1.413e-10 5.893e+30 1.884e+11 1.887e-46 1.241e-34 1.560e-33
1.585e-10 9.122e+30 3.671e+11 3.677e-46 2.419e-34 3.040e-33
1.778e-10 1.395e+31 7.069e+11 7.081e-46 4.658e-34 5.853e-33
1.995e-10 2.110e+31 1.346e+12 1.348e-45 8.868e-34 1.114e-32
2.239e-10 3.157e+31 2.535e+12 2.539e-45 1.671e-33 2.099e-32
2.512e-10 4.677e+31 4.728e+12 4.736e-45 3.115e-33 3.915e-32
2.818e-10 6.863e+31 8.734e+12 8.749e-45 5.755e-33 7.232e-32
3.162e-10 9.980e+31 1.599e+13 1.602e-44 1.054e-32 1.324e-31
3.548e-10 1.439e+32 2.903e+13 2.908e-44 1.913e-32 2.404e-31
3.981e-10 2.059e+32 5.228e+13 5.236e-44 3.445e-32 4.329e-31
4.467e-10 2.923e+32 9.343e+13 9.359e-44 6.156e-32 7.736e-31
5.012e-10 4.119e+32 1.658e+14 1.661e-43 1.092e-31 1.373e-30
5.623e-10 5.766e+32 2.921e+14 2.926e-43 1.925e-31 2.419e-30
6.310e-10 8.017e+32 5.114e+14 5.123e-43 3.370e-31 4.235e-30
7.079e-10 1.108e+33 8.897e+14 8.912e-43 5.863e-31 7.367e-30
7.943e-10 1.522e+33 1.539e+15 1.541e-42 1.014e-30 1.274e-29
8.913e-10 2.079e+33 2.646e+15 2.651e-42 1.744e-30 2.191e-29
1.000e-09 2.825e+33 4.526e+15 4.533e-42 2.982e-30 3.748e-29
1.122e-09 3.818e+33 7.701e+15 7.714e-42 5.075e-30 6.377e-29
1.259e-09 5.135e+33 1.304e+16 1.306e-41 8.592e-30 1.080e-28
1.413e-09 6.874e+33 2.197e+16 2.201e-41 1.448e-29 1.820e-28
1.585e-09 9.160e+33 3.686e+16 3.693e-41 2.429e-29 3.053e-28
1.778e-09 1.215e+34 6.158e+16 6.168e-41 4.058e-29 5.099e-28
1.995e-09 1.606e+34 1.024e+17 1.026e-40 6.750e-29 8.483e-28
2.239e-09 2.114e+34 1.697e+17 1.700e-40 1.119e-28 1.406e-27
2.512e-09 2.772e+34 2.802e+17 2.807e-40 1.846e-28 2.320e-27
2.818e-09 3.622e+34 4.609e+17 4.617e-40 3.037e-28 3.817e-27
3.162e-09 4.716e+34 7.555e+17 7.568e-40 4.978e-28 6.256e-27
3.548e-09 6.120e+34 1.234e+18 1.236e-39 8.134e-28 1.022e-26
3.981e-09 7.917e+34 2.010e+18 2.014e-39 1.325e-27 1.665e-26
4.467e-09 1.021e+35 3.264e+18 3.270e-39 2.151e-27 2.703e-26
5.012e-09 1.313e+35 5.286e+18 5.294e-39 3.483e-27 4.377e-26
5.623e-09 1.684e+35 8.535e+18 8.549e-39 5.624e-27 7.067e-26
6.310e-09 2.155e+35 1.374e+19 1.377e-38 9.057e-27 1.138e-25
7.079e-09 2.750e+35 2.208e+19 2.212e-38 1.455e-26 1.828e-25
7.943e-09 3.500e+35 3.539e+19 3.545e-38 2.332e-26 2.930e-25
8.913e-09 4.446e+35 5.658e+19 5.668e-38 3.728e-26 4.685e-25
1.000e-08 5.634e+35 9.027e+19 9.043e-38 5.949e-26 7.475e-25
1.122e-08 7.126e+35 1.437e+20 1.440e-37 9.471e-26 1.190e-24
1.259e-08 8.994e+35 2.284e+20 2.288e-37 1.505e-25 1.891e-24
1.413e-08 1.133e+36 3.622e+20 3.628e-37 2.387e-25 2.999e-24
1.585e-08 1.425e+36 5.734e+20 5.744e-37 3.779e-25 4.749e-24
1.778e-08 1.789e+36 9.063e+20 9.078e-37 5.972e-25 7.504e-24
1.995e-08 2.242e+36 1.430e+21 1.432e-36 9.422e-25 1.184e-23
2.239e-08 2.805e+36 2.252e+21 2.256e-36 1.484e-24 1.865e-23
2.512e-08 3.504e+36 3.543e+21 3.549e-36 2.334e-24 2.934e-23
2.818e-08 4.372e+36 5.564e+21 5.573e-36 3.666e-24 4.607e-23
3.162e-08 5.447e+36 8.726e+21 8.741e-36 5.750e-24 7.226e-23
3.548e-08 6.776e+36 1.367e+22 1.369e-35 9.007e-24 1.132e-22
3.981e-08 8.420e+36 2.138e+22 2.142e-35 1.409e-23 1.770e-22
4.467e-08 1.045e+37 3.340e+22 3.346e-35 2.201e-23 2.766e-22
5.012e-08 1.295e+37 5.213e+22 5.222e-35 3.435e-23 4.317e-22
5.623e-08 1.604e+37 8.125e+22 8.139e-35 5.354e-23 6.728e-22
6.310e-08 1.984e+37 1.265e+23 1.267e-34 8.337e-23 1.048e-21
7.079e-08 2.451e+37 1.968e+23 1.972e-34 1.297e-22 1.630e-21
7.943e-08 3.028e+37 3.061e+23 3.066e-34 2.017e-22 2.534e-21
8.913e-08 3.738e+37 4.757e+23 4.765e-34 3.134e-22 3.939e-21
1.000e-07 4.613e+37 7.391e+23 7.403e-34 4.870e-22 6.120e-21
1.122e-07 5.693e+37 1.148e+24 1.150e-33 7.566e-22 9.508e-21
1.259e-07 7.025e+37 1.784e+24 1.787e-33 1.175e-21 1.477e-20
1.413e-07 8.668e+37 2.771e+24 2.776e-33 1.826e-21 2.294e-20
1.585e-07 1.069e+38 4.304e+24 4.311e-33 2.836e-21 3.564e-20
1.778e-07 1.319e+38 6.683e+24 6.694e-33 4.404e-21 5.534e-20
1.995e-07 1.626e+38 1.037e+25 1.039e-32 6.836e-21 8.590e-20
2.239e-07 2.004e+38 1.609e+25 1.612e-32 1.061e-20 1.333e-19
2.512e-07 2.469e+38 2.495e+25 2.500e-32 1.644e-20 2.066e-19
2.818e-07 3.038e+38 3.866e+25 3.873e-32 2.548e-20 3.202e-19
3.162e-07 3.735e+38 5.984e+25 5.995e-32 3.943e-20 4.955e-19
3.548e-07 4.588e+38 9.253e+25 9.269e-32 6.098e-20 7.662e-19
3.981e-07 5.628e+38 1.429e+26 1.432e-31 9.418e-20 1.183e-18
4.467e-07 6.897e+38 2.205e+26 2.209e-31 1.453e-19 1.826e-18
5.012e-07 8.443e+38 3.398e+26 3.404e-31 2.239e-19 2.814e-18
5.623e-07 1.033e+39 5.231e+26 5.240e-31 3.447e-19 4.332e-18
6.310e-07 1.262e+39 8.047e+26 8.061e-31 5.303e-19 6.664e-18
7.079e-07 1.540e+39 1.237e+27 1.239e-30 8.151e-19 1.024e-17
7.943e-07 1.879e+39 1.900e+27 1.903e-30 1.252e-18 1.573e-17
8.913e-07 2.291e+39 2.916e+27 2.921e-30 1.922e-18 2.415e-17
1.000e-06 2.792e+39 4.473e+27 4.481e-30 2.947e-18 3.704e-17
1.122e-06 3.399e+39 6.856e+27 6.868e-30 4.518e-18 5.678e-17
1.259e-06 4.136e+39 1.050e+28 1.052e-29 6.920e-18 8.696e-17
1.413e-06 5.027e+39 1.607e+28 1.610e-29 1.059e-17 1.331e-16
1.585e-06 6.107e+39 2.458e+28 2.462e-29 1.620e-17 2.035e-16
1.778e-06 7.418e+39 3.758e+28 3.765e-29 2.477e-17 3.112e-16
1.995e-06 9.007e+39 5.745e+28 5.755e-29 3.786e-17 4.757e-16
2.239e-06 1.093e+40 8.777e+28 8.792e-29 5.784e-17 7.268e-16
2.512e-06 1.325e+40 1.339e+29 1.342e-28 8.826e-17 1.109e-15
2.818e-06 1.604e+40 2.041e+29 2.044e-28 1.345e-16 1.690e-15
3.162e-06 1.936e+40 3.102e+29 3.107e-28 2.044e-16 2.569e-15
3.548e-06 2.331e+40 4.702e+29 4.710e-28 3.099e-16 3.894e-15
3.981e-06 2.798e+40 7.105e+29 7.117e-28 4.682e-16 5.883e-15
4.467e-06 3.346e+40 1.070e+30 1.071e-27 7.048e-16 8.857e-15
5.012e-06 3.986e+40 1.604e+30 1.607e-27 1.057e-15 1.328e-14
5.623e-06 4.727e+40 2.395e+30 2.399e-27 1.578e-15 1.983e-14
6.310e-06 5.582e+40 3.560e+30 3.566e-27 2.346e-15 2.948e-14
7.079e-06 6.558e+40 5.266e+30 5.275e-27 3.470e-15 4.361e-14
7.943e-06 7.670e+40 7.753e+30 7.767e-27 5.109e-15 6.420e-14
8.913e-06 8.923e+40 1.136e+31 1.138e-26 7.483e-15 9.404e-14
1.000e-05 1.033e+41 1.655e+31 1.657e-26 1.090e-14 1.370e-13
1.122e-05 1.189e+41 2.397e+31 2.401e-26 1.580e-14 1.985e-13
1.259e-05 1.359e+41 3.451e+31 3.457e-26 2.274e-14 2.858e-13
1.413e-05 1.543e+41 4.932e+31 4.941e-26 3.250e-14 4.084e-13
1.585e-05 1.738e+41 6.996e+31 7.008e-26 4.610e-14 5.793e-13
1.778e-05 1.943e+41 9.842e+31 9.859e-26 6.485e-14 8.150e-13
1.995e-05 2.152e+41 1.373e+32 1.375e-25 9.045e-14 1.137e-12
2.239e-05 2.363e+41 1.897e+32 1.900e-25 1.250e-13 1.571e-12
2.512e-05 2.571e+41 2.599e+32 2.603e-25 1.712e-13 2.152e-12
2.818e-05 2.771e+41 3.527e+32 3.533e-25 2.324e-13 2.921e-12
3.162e-05 2.961e+41 4.744e+32 4.752e-25 3.126e-13 3.928e-12
3.548e-05 3.135e+41 6.324e+32 6.335e-25 4.167e-13 5.237e-12
3.981e-05 3.291e+41 8.356e+32 8.370e-25 5.506e-13 6.919e-12
4.467e-05 3.424e+41 1.094e+33 1.096e-24 7.212e-13 9.063e-12
5.012e-05 3.531e+41 1.421e+33 1.424e-24 9.365e-13 1.177e-11
5.623e-05 3.611e+41 1.830e+33 1.833e-24 1.206e-12 1.515e-11
6.310e-05 3.662e+41 2.336e+33 2.340e-24 1.539e-12 1.934e-11
7.079e-05 3.668e+41 2.945e+33 2.950e-24 1.941e-12 2.439e-11
7.943e-05 3.622e+41 3.662e+33 3.668e-24 2.413e-12 3.032e-11
8.913e-05 3.547e+41 4.514e+33 4.521e-24 2.974e-12 3.738e-11
1.000e-04 3.444e+41 5.517e+33 5.527e-24 3.636e-12 4.569e-11
1.122e-04 3.315e+41 6.686e+33 6.697e-24 4.406e-12 5.537e-11
1.259e-04 3.163e+41 8.032e+33 8.046e-24 5.293e-12 6.651e-11
1.413e-04 2.992e+41 9.564e+33 9.580e-24 6.302e-12 7.920e-11
1.585e-04 2.804e+41 1.129e+34 1.131e-23 7.437e-12 9.346e-11
1.778e-04 2.605e+41 1.320e+34 1.322e-23 8.697e-12 1.093e-10
1.995e-04 2.398e+41 1.530e+34 1.532e-23 1.008e-11 1.267e-10
2.239e-04 2.188e+41 1.757e+34 1.760e-23 1.158e-11 1.455e-10
2.512e-04 1.978e+41 1.999e+34 2.003e-23 1.317e-11 1.656e-10
2.818e-04 1.772e+41 2.256e+34 2.259e-23 1.486e-11 1.868e-10
3.162e-04 1.575e+41 2.524e+34 2.528e-23 1.663e-11 2.090e-10
3.548e-04 1.389e+41 2.802e+34 2.807e-23 1.846e-11 2.320e-10
3.981e-04 1.216e+41 3.089e+34 3.094e-23 2.035e-11 2.558e-10
4.467e-04 1.058e+41 3.382e+34 3.388e-23 2.229e-11 2.801e-10
5.012e-04 9.150e+40 3.682e+34 3.689e-23 2.427e-11 3.049e-10
5.623e-04 7.872e+40 3.988e+34 3.995e-23 2.628e-11 3.303e-10
6.310e-04 6.737e+40 4.297e+34 4.304e-23 2.831e-11 3.558e-10
7.079e-04 5.738e+40 4.608e+34 4.615e-23 3.036e-11 3.815e-10
7.943e-04 4.864e+40 4.917e+34 4.925e-23 3.240e-11 4.071e-10
8.913e-04 4.104e+40 5.222e+34 5.231e-23 3.441e-11 4.324e-10
1.000e-03 3.447e+40 5.523e+34 5.533e-23 3.640e-11 4.574e-10
1.122e-03 2.885e+40 5.819e+34 5.828e-23 3.834e-11 4.818e-10
1.259e-03 2.405e+40 6.107e+34 6.117e-23 4.024e-11 5.057e-10
1.413e-03 1.998e+40 6.388e+34 6.399e-23 4.210e-11 5.290e-10
1.585e-03 1.656e+40 6.664e+34 6.675e-23 4.391e-11 5.518e-10
1.778e-03 1.369e+40 6.934e+34 6.946e-23 4.569e-11 5.742e-10
1.995e-03 1.129e+40 7.203e+34 7.215e-23 4.747e-11 5.965e-10
2.239e-03 9.307e+39 7.474e+34 7.486e-23 4.925e-11 6.189e-10
2.512e-03 7.666e+39 7.749e+34 7.763e-23 5.107e-11 6.417e-10
2.818e-03 6.312e+39 8.033e+34 8.046e-23 5.293e-11 6.652e-10
3.162e-03 5.196e+39 8.324e+34 8.338e-23 5.485e-11 6.893e-10
3.548e-03 4.275e+39 8.622e+34 8.637e-23 5.682e-11 7.140e-10
3.981e-03 3.514e+39 8.923e+34 8.938e-23 5.880e-11 7.389e-10
4.467e-03 2.886e+39 9.227e+34 9.243e-23 6.080e-11 7.641e-10
5.012e-03 2.369e+39 9.535e+34 9.551e-23 6.283e-11 7.896e-10
5.623e-03 1.943e+39 9.847e+34 9.863e-23 6.488e-11 8.154e-10
6.310e-03 1.593e+39 1.016e+35 1.018e-22 6.696e-11 8.414e-10
7.079e-03 1.305e+39 1.048e+35 1.050e-22 6.905e-11 8.678e-10
7.943e-03 1.068e+39 1.080e+35 1.082e-22 7.116e-11 8.942e-10
8.913e-03 8.736e+38 1.112e+35 1.114e-22 7.326e-11 9.207e-10
1.000e-02 7.138e+38 1.144e+35 1.146e-22 7.536e-11 9.470e-10
1.122e-02 5.826e+38 1.175e+35 1.177e-22 7.743e-11 9.730e-10
1.259e-02 4.749e+38 1.206e+35 1.208e-22 7.947e-11 9.987e-10
1.413e-02 3.868e+38 1.236e+35 1.238e-22 8.147e-11 1.024e-09
1.585e-02 3.146e+38 1.266e+35 1.268e-22 8.344e-11 1.048e-09
1.778e-02 2.557e+38 1.295e+35 1.298e-22 8.537e-11 1.073e-09
1.995e-02 2.076e+38 1.324e+35 1.327e-22 8.727e-11 1.097e-09
2.239e-02 1.685e+38 1.353e+35 1.355e-22 8.916e-11 1.120e-09
2.512e-02 1.367e+38 1.382e+35 1.384e-22 9.104e-11 1.144e-09
2.818e-02 1.108e+38 1.410e+35 1.413e-22 9.292e-11 1.168e-09
3.162e-02 8.981e+37 1.439e+35 1.441e-22 9.482e-11 1.192e-09
3.548e-02 7.279e+37 1.468e+35 1.471e-22 9.675e-11 1.216e-09
3.981e-02 5.899e+37 1.498e+35 1.500e-22 9.870e-11 1.240e-09
4.467e-02 4.780e+37 1.528e+35 1.531e-22 1.007e-10 1.265e-09
5.012e-02 3.873e+37 1.559e+35 1.561e-22 1.027e-10 1.291e-09
5.623e-02 3.137e+37 1.590e+35 1.592e-22 1.047e-10 1.316e-09
6.310e-02 2.541e+37 1.620e+35 1.623e-22 1.068e-10 1.342e-09
7.079e-02 2.056e+37 1.651e+35 1.654e-22 1.088e-10 1.367e-09
7.943e-02 1.663e+37 1.681e+35 1.684e-22 1.107e-10 1.392e-09
8.913e-02 1.343e+37 1.709e+35 1.712e-22 1.126e-10 1.415e-09
1.000e-01 1.084e+37 1.736e+35 1.739e-22 1.144e-10 1.438e-09
1.122e-01 8.734e+36 1.762e+35 1.765e-22 1.161e-10 1.459e-09
1.259e-01 7.031e+36 1.785e+35 1.788e-22 1.176e-10 1.478e-09
1.413e-01 5.652e+36 1.807e+35 1.810e-22 1.191e-10 1.496e-09
1.585e-01 4.538e+36 1.826e+35 1.829e-22 1.203e-10 1.512e-09
1.778e-01 3.638e+36 1.843e+35 1.847e-22 1.215e-10 1.526e-09
1.995e-01 2.913e+36 1.858e+35 1.861e-22 1.224e-10 1.539e-09
2.239e-01 2.329e+36 1.870e+35 1.873e-22 1.232e-10 1.548e-09
2.512e-01 1.859e+36 1.879e+35 1.882e-22 1.238e-10 1.556e-09
2.818e-01 1.481e+36 1.885e+35 1.888e-22 1.242e-10 1.561e-09
3.162e-01 1.178e+36 1.887e+35 1.891e-22 1.244e-10 1.563e-09
3.548e-01 9.354e+35 1.887e+35 1.890e-22 1.243e-10 1.562e-09
3.981e-01 7.413e+35 1.882e+35 1.886e-22 1.240e-10 1.559e-09
4.467e-01 5.864e+35 1.874e+35 1.878e-22 1.235e-10 1.552e-09
5.012e-01 4.628e+35 1.863e+35 1.866e-22 1.227e-10 1.542e-09
5.623e-01 3.645e+35 1.847e+35 1.850e-22 1.217e-10 1.529e-09
6.310e-01 2.865e+35 1.827e+35 1.830e-22 1.204e-10 1.513e-09
7.079e-01 2.246e+35 1.803e+35 1.807e-22 1.188e-10 1.493e-09
7.943e-01 1.756e+35 1.776e+35 1.779e-22 1.170e-10 1.470e-09
8.913e-01 1.370e+35 1.744e+35 1.747e-22 1.149e-10 1.444e-09
1.000e+00 1.066e+35 1.708e+35 1.710e-22 1.125e-10 1.414e-09
1.122e+00 8.267e+34 1.667e+35 1.670e-22 1.099e-10 1.381e-09
1.259e+00 6.394e+34 1.623e+35 1.626e-22 1.070e-10 1.344e-09
1.413e+00 4.929e+34 1.576e+35 1.578e-22 1.038e-10 1.305e-09
1.585e+00 3.788e+34 1.524e+35 1.527e-22 1.005e-10 1.262e-09
1.778e+00 2.901e+34 1.470e+35 1.472e-22 9.685e-11 1.217e-09
1.995e+00 2.214e+34 1.412e+35 1.414e-22 9.304e-11 1.169e-09
2.239e+00 1.683e+34 1.351e+35 1.354e-22 8.905e-11 1.119e-09
2.512e+00 1.274e+34 1.288e+35 1.291e-22 8.490e-11 1.067e-09
2.818e+00 9.612e+33 1.223e+35 1.225e-22 8.061e-11 1.013e-09
3.162e+00 7.218e+33 1.156e+35 1.158e-22 7.621e-11 9.576e-10
3.548e+00 5.396e+33 1.088e+35 1.090e-22 7.173e-11 9.013e-10
3.981e+00 4.016e+33 1.020e+35 1.021e-22 6.719e-11 8.444e-10
4.467e+00 2.974e+33 9.506e+34 9.522e-23 6.264e-11 7.871e-10
5.012e+00 2.191e+33 8.816e+34 8.831e-23 5.809e-11 7.300e-10
5.623e+00 1.605e+33 8.133e+34 8.146e-23 5.359e-11 6.734e-10
6.310e+00 1.170e+33 7.460e+34 7.473e-23 4.916e-11 6.177e-10
7.079e+00 8.472e+32 6.803e+34 6.815e-23 4.483e-11 5.633e-10
7.943e+00 6.099e+32 6.165e+34 6.176e-23 4.063e-11 5.105e-10
8.913e+00 4.362e+32 5.552e+34 5.561e-23 3.658e-11 4.597e-10
1.000e+01 3.099e+32 4.965e+34 4.973e-23 3.272e-11 4.111e-10
1.122e+01 2.186e+32 4.408e+34 4.416e-23 2.905e-11 3.650e-10
1.259e+01 1.530e+32 3.885e+34 3.891e-23 2.560e-11 3.217e-10
1.413e+01 1.062e+32 3.396e+34 3.402e-23 2.238e-11 2.812e-10
1.585e+01 7.316e+31 2.944e+34 2.949e-23 1.940e-11 2.438e-10
1.778e+01 4.993e+31 2.530e+34 2.534e-23 1.667e-11 2.095e-10
1.995e+01 3.376e+31 2.154e+34 2.157e-23 1.419e-11 1.783e-10
2.239e+01 2.260e+31 1.815e+34 1.818e-23 1.196e-11 1.503e-10
2.512e+01 1.497e+31 1.514e+34 1.516e-23 9.975e-12 1.254e-10
2.818e+01 9.810e+30 1.248e+34 1.251e-23 8.227e-12 1.034e-10
3.162e+01 6.350e+30 1.017e+34 1.019e-23 6.704e-12 8.425e-11
3.548e+01 4.059e+30 8.187e+33 8.201e-24 5.395e-12 6.780e-11
3.981e+01 2.560e+30 6.500e+33 6.511e-24 4.283e-12 5.383e-11
4.467e+01 1.591e+30 5.087e+33 5.096e-24 3.352e-12 4.213e-11
5.012e+01 9.742e+29 3.921e+33 3.927e-24 2.584e-12 3.247e-11
5.623e+01 5.867e+29 2.972e+33 2.978e-24 1.959e-12 2.461e-11
6.310e+01 3.472e+29 2.214e+33 2.218e-24 1.459e-12 1.834e-11
7.079e+01 2.016e+29 1.619e+33 1.622e-24 1.067e-12 1.341e-11
7.943e+01 1.148e+29 1.160e+33 1.162e-24 7.645e-13 9.607e-12
8.913e+01 6.392e+28 8.135e+32 8.149e-25 5.361e-13 6.736e-12
1.000e+02 3.479e+28 5.573e+32 5.583e-25 3.673e-13 4.615e-12
1.122e+02 1.846e+28 3.724e+32 3.731e-25 2.454e-13 3.084e-12
1.259e+02 9.540e+27 2.422e+32 2.426e-25 1.596e-13 2.006e-12
1.413e+02 4.788e+27 1.530e+32 1.533e-25 1.009e-13 1.267e-12
1.585e+02 2.328e+27 9.371e+31 9.387e-26 6.175e-14 7.760e-13
1.778e+02 1.095e+27 5.546e+31 5.555e-26 3.655e-14 4.592e-13
1.995e+02 4.960e+26 3.164e+31 3.169e-26 2.085e-14 2.620e-13
2.239e+02 2.159e+26 1.734e+31 1.737e-26 1.143e-14 1.436e-13
2.512e+02 9.002e+25 9.101e+30 9.116e-27 5.997e-15 7.536e-14
2.818e+02 3.580e+25 4.556e+30 4.564e-27 3.002e-15 3.773e-14
3.162e+02 1.352e+25 2.166e+30 2.170e-27 1.428e-15 1.794e-14
3.548e+02 4.829e+24 9.739e+29 9.756e-28 6.418e-16 8.065e-15
3.981e+02 1.622e+24 4.118e+29 4.125e-28 2.713e-16 3.410e-15
4.467e+02 5.092e+23 1.628e+29 1.630e-28 1.073e-16 1.348e-15
5.012e+02 1.485e+23 5.978e+28 5.988e-29 3.939e-17 4.950e-16
5.623e+02 3.996e+22 2.025e+28 2.028e-29 1.334e-17 1.677e-16
6.310e+02 9.836e+21 6.274e+27 6.284e-30 4.134e-18 5.195e-17
7.079e+02 2.195e+21 1.763e+27 1.766e-30 1.162e-18 1.460e-17
7.943e+02 4.397e+20 4.445e+26 4.453e-31 2.929e-19 3.681e-18
8.913e+02 7.819e+19 9.951e+25 9.968e-32 6.557e-20 8.240e-19
1.000e+03 1.218e+19 1.952e+25 1.955e-32 1.286e-20 1.616e-19
1.122e+03 1.641e+18 3.309e+24 3.315e-33 2.181e-21 2.740e-20
1.259e+03 1.879e+17 4.770e+23 4.778e-34 3.143e-22 3.950e-21
1.413e+03 1.797e+16 5.743e+22 5.753e-35 3.785e-23 4.756e-22
1.585e+03 1.406e+15 5.659e+21 5.669e-36 3.729e-24 4.686e-23
1.778e+03 8.801e+13 4.459e+20 4.466e-37 2.938e-25 3.692e-24
1.995e+03 4.290e+12 2.736e+19 2.741e-38 1.803e-26 2.266e-25
2.239e+03 1.581e+11 1.269e+18 1.272e-39 8.365e-28 1.051e-26
2.512e+03 4.258e+09 4.305e+16 4.312e-41 2.836e-29 3.564e-28
2.818e+03 8.078e+07 1.028e+15 1.030e-42 6.775e-31 8.513e-30
3.162e+03 1.038e+06 1.664e+13 1.666e-44 1.096e-32 1.378e-31
3.548e+03 8.699e+03 1.755e+11 1.758e-46 1.156e-34 1.453e-33
3.981e+03 4.582e+01 1.164e+09 1.166e-48 7.668e-37 9.635e-36
4.467e+03 1.465e-01 4.683e+06 4.691e-51 3.086e-39 3.878e-38
5.012e+03 2.717e-04 1.093e+04 1.095e-53 7.206e-42 9.055e-41
5.623e+03 2.726e-07 1.381e+01 1.384e-56 9.101e-45 1.144e-43
6.310e+03 1.339e-10 8.538e-03 8.552e-60 5.626e-48 7.070e-47
7.079e+03 2.852e-14 2.290e-06 2.294e-63 1.509e-51 1.896e-50
7.943e+03 2.317e-18 2.342e-10 2.346e-67 1.543e-55 1.939e-54
8.913e+03 6.263e-23 7.971e-15 7.985e-72 5.253e-60 6.601e-59
1.000e+04 0.000e+00 0.000e+00 0.000e+00 0.000e+00 0.000e+00
1.122e+04 0.000e+00 0.000e+00 0.000e+00 0.000e+00 0.000e+00
1.259e+04 0.000e+00 0.000e+00 0.000e+00 0.000e+00 0.000e+00
1.413e+04 0.000e+00 0.000e+00 0.000e+00 0.000e+00 0.000e+00
1.585e+04 0.000e+00 0.000e+00 0.000e+00 0.000e+00 0.000e+00
1.778e+04 0.000e+00 0.000e+00 0.000e+00 0.000e+00 0.000e+00
1.995e+04 0.000e+00 0.000e+00 0.000e+00 0.000e+00 0.000e+00
2.239e+04 0.000e+00 0.000e+00 0.000e+00 0.000e+00 0.000e+00
2.512e+04 0.000e+00 0.000e+00 0.000e+00 0.000e+00 0.000e+00
2.818e+04 0.000e+00 0.000e+00 0.000e+00 0.000e+00 0.000e+00
3.162e+04 0.000e+00 0.000e+00 0.000e+00 0.000e+00 0.000e+00
3.548e+04 0.000e+00 0.000e+00 0.000e+00 0.000e+00 0.000e+00
3.981e+04 0.000e+00 0.000e+00 0.000e+00 0.000e+00 0.000e+00
4.467e+04 0.000e+00 0.000e+00 0.000e+00 0.000e+00 0.000e+00
5.012e+04 0.000e+00 0.000e+00 0.000e+00 0.000e+00 0.000e+00
5.623e+04 0.000e+00 0.000e+00 0.000e+00 0.000e+00 0.000e+00
6.310e+04 0.000e+00 0.000e+00 0.000e+00 0.000e+00 0.000e+00
7.079e+04 0.000e+00 0.000e+00 0.000e+00 0.000e+00 0.000e+00
7.943e+04 0.000e+00 0.000e+00 0.000e+00 0.000e+00 0.000e+00
8.913e+04 0.000e+00 0.000e+00 0.000e+00 0.000e+00 0.000e+00
1.000e+05 0.000e+00 0.000e+00 0.000e+00 0.000e+00 0.000e+00
1.122e+05 0.000e+00 0.000e+00 0.000e+00 0.000e+00 0.000e+00
1.259e+05 0.000e+00 0.000e+00 0.000e+00 0.000e+00 0.000e+00
1.413e+05 0.000e+00 0.000e+00 0.000e+00 0.000e+00 0.000e+00
1.585e+05 0.000e+00 0.000e+00 0.000e+00 0.000e+00 0.000e+00
1.778e+05 0.000e+00 0.000e+00 0.000e+00 0.000e+00 0.000e+00
1.995e+05 0.000e+00 0.000e+00 0.000e+00 0.000e+00 0.000e+00
2.239e+05 0.000e+00 0.000e+00 0.000e+00 0.000e+00 0.000e+00
2.512e+05 0.000e+00 0.000e+00 0.000e+00 0.000e+00 0.000e+00
2.818e+05 0.000e+00 0.000e+00 0.000e+00 0.000e+00 0.000e+00
3.162e+05 0.000e+00 0.000e+00 0.000e+00 0.000e+00 0.000e+00
3.548e+05 0.000e+00 0.000e+00 0.000e+00 0.000e+00 0.000e+00
3.981e+05 0.000e+00 0.000e+00 0.000e+00 0.000e+00 0.000e+00
4.467e+05 0.000e+00 0.000e+00 0.000e+00 0.000e+00 0.000e+00
5.012e+05 0.000e+00 0.000e+00 0.000e+00 0.000e+00 0.000e+00
5.623e+05 0.000e+00 0.000e+00 0.000e+00 0.000e+00 0.000e+00
6.310e+05 0.000e+00 0.000e+00 0.000e+00 0.000e+00 0.000e+00
7.079e+05 0.000e+00 0.000e+00 0.000e+00 0.000e+00 0.000e+00
7.943e+05 0.000e+00 0.000e+00 0.000e+00 0.000e+00 0.000e+00
8.913e+05 0.000e+00 0.000e+00 0.000e+00 0.000e+00 0.000e+00
1.000e+06 0.000e+00 0.000e+00 0.000e+00 0.000e+00 0.000e+00
1.122e+06 0.000e+00 0.000e+00 0.000e+00 0.000e+00 0.000e+00
1.259e+06 0.000e+00 0.000e+00 0.000e+00 0.000e+00 0.000e+00
1.413e+06 0.000e+00 0.000e+00 0.000e+00 0.000e+00 0.000e+00
1.585e+06 0.000e+00 0.000e+00 0.000e+00 0.000e+00 0.000e+00
1.778e+06 0.000e+00 0.000e+00 0.000e+00 0.000e+00 0.000e+00
1.995e+06 0.000e+00 0.000e+00 0.000e+00 0.000e+00 0.000e+00
2.239e+06 0.000e+00 0.000e+00 0.000e+00 0.000e+00 0.000e+00
2.512e+06 0.000e+00 0.000e+00 0.000e+00 0.000e+00 0.000e+00
2.818e+06 0.000e+00 0.000e+00 0.000e+00 0.000e+00 0.000e+00
3.162e+06 0.000e+00 0.000e+00 0.000e+00 0.000e+00 0.000e+00
3.548e+06 0.000e+00 0.000e+00 0.000e+00 0.000e+00 0.000e+00
3.981e+06 0.000e+00 0.000e+00 0.000e+00 0.000e+00 0.000e+00
4.467e+06 0.000e+00 0.000e+00 0.000e+00 0.000e+00 0.000e+00
5.012e+06 0.000e+00 0.000e+00 0.000e+00 0.000e+00 0.000e+00
5.623e+06 0.000e+00 0.000e+00 0.000e+00 0.000e+00 0.000e+00
6.310e+06 0.000e+00 0.000e+00 0.000e+00 0.000e+00 0.000e+00
7.079e+06 0.000e+00 0.000e+00 0.000e+00 0.000e+00 0.000e+00
7.943e+06 0.000e+00 0.000e+00 0.000e+00 0.000e+00 0.000e+00
8.913e+06 0.000e+00 0.000e+00 0.000e+00 0.000e+00 0.000e+00
1.000e+07 0.000e+00 0.000e+00 0.000e+00 0.000e+00 0.000e+00
1.122e+07 0.000e+00 0.000e+00 0.000e+00 0.000e+00 0.000e+00
1.259e+07 0.000e+00 0.000e+00 0.000e+00 0.000e+00 0.000e+00
1.413e+07 0.000e+00 0.000e+00 0.000e+00 0.000e+00 0.000e+00
1.585e+07 0.000e+00 0.000e+00 0.000e+00 0.000e+00 0.000e+00
1.778e+07 0.000e+00 0.000e+00 0.000e+00 0.000e+00 0.000e+00
1.995e+07 0.000e+00 0.000e+00 0.000e+00 0.000e+00 0.000e+00
2.239e+07 0.000e+00 0.000e+00 0.000e+00 0.000e+00 0.000e+00
2.512e+07 0.000e+00 0.000e+00 0.000e+00 0.000e+00 0.000e+00
2.818e+07 0.000e+00 0.000e+00 0.000e+00 0.000e+00 0.000e+00
3.162e+07 0.000e+00 0.000e+00 0.000e+00 0.000e+00 0.000e+00
3.548e+07 0.000e+00 0.000e+00 0.000e+00 0.000e+00 0.000e+00
3.981e+07 0.000e+00 0.000e+00 0.000e+00 0.000e+00 0.000e+00
4.467e+07 0.000e+00 0.000e+00 0.000e+00 0.000e+00 0.000e+00
5.012e+07 0.000e+00 0.000e+00 0.000e+00 0.000e+00 0.000e+00
5.623e+07 0.000e+00 0.000e+00 0.000e+00 0.000e+00 0.000e+00
6.310e+07 0.000e+00 0.000e+00 0.000e+00 0.000e+00 0.000e+00
7.079e+07 0.000e+00 0.000e+00 0.000e+00 0.000e+00 0.000e+00
7.943e+07 0.000e+00 0.000e+00 0.000e+00 0.000e+00 0.000e+00
8.913e+07 0.000e+00 0.000e+00 0.000e+00 0.000e+00 0.000e+00
1.000e+08 0.000e+00 0.000e+00 0.000e+00 0.000e+00 0.000e+00
