1.000e-20 0.000e+00 0.000e+00 0.000e+00 0.000e+00 0.000e+00
1.122e-20 0.000e+00 0.000e+00 0.000e+00 0.000e+00 0.000e+00
1.259e-20 0.000e+00 0.000e+00 0.000e+00 0.000e+00 0.000e+00
1.413e-20 0.000e+00 0.000e+00 0.000e+00 0.000e+00 0.000e+00
1.585e-20 0.000e+00 0.000e+00 0.000e+00 0.000e+00 0.000e+00
1.778e-20 0.000e+00 0.000e+00 0.000e+00 0.000e+00 0.000e+00
1.995e-20 0.000e+00 0.000e+00 0.000e+00 0.000e+00 0.000e+00
2.239e-20 0.000e+00 0.000e+00 0.000e+00 0.000e+00 0.000e+00
2.512e-20 0.000e+00 0.000e+00 0.000e+00 0.000e+00 0.000e+00
2.818e-20 0.000e+00 0.000e+00 0.000e+00 0.000e+00 0.000e+00
3.162e-20 0.000e+00 0.000e+00 0.000e+00 0.000e+00 0.000e+00
3.548e-20 0.000e+00 0.000e+00 0.000e+00 0.000e+00 0.000e+00
3.981e-20 0.000e+00 0.000e+00 0.000e+00 0.000e+00 0.000e+00
4.467e-20 0.000e+00 0.000e+00 0.000e+00 0.000e+00 0.000e+00
5.012e-20 0.000e+00 0.000e+00 0.000e+00 0.000e+00 0.000e+00
5.623e-20 0.000e+00 0.000e+00 0.000e+00 0.000e+00 0.000e+00
6.310e-20 0.000e+00 0.000e+00 0.000e+00 0.000e+00 0.000e+00
7.079e-20 0.000e+00 0.000e+00 0.000e+00 0.000e+00 0.000e+00
7.943e-20 0.000e+00 0.000e+00 0.000e+00 0.000e+00 0.000e+00
8.913e-20 0.000e+00 0.000e+00 0.000e+00 0.000e+00 0.000e+00
1.000e-19 0.000e+00 0.000e+00 0.000e+00 0.000e+00 0.000e+00
1.122e-19 0.000e+00 0.000e+00 0.000e+00 0.000e+00 0.000e+00
1.259e-19 0.000e+00 0.000e+00 0.000e+00 0.000e+00 0.000e+00
1.413e-19 0.000e+00 0.000e+00 0.000e+00 0.000e+00 0.000e+00
1.585e-19 0.000e+00 0.000e+00 0.000e+00 0.000e+00 0.000e+00
1.778e-19 0.000e+00 0.000e+00 0.000e+00 0.000e+00 0.000e+00
1.995e-19 0.000e+00 0.000e+00 0.000e+00 0.000e+00 0.000e+00
2.239e-19 0.000e+00 0.000e+00 0.000e+00 0.000e+00 0.000e+00
2.512e-19 0.000e+00 0.000e+00 0.000e+00 0.000e+00 0.000e+00
2.818e-19 0.000e+00 0.000e+00 0.000e+00 0.000e+00 0.000e+00
3.162e-19 0.000e+00 0.000e+00 0.000e+00 0.000e+00 0.000e+00
3.548e-19 0.000e+00 0.000e+00 0.000e+00 0.000e+00 0.000e+00
3.981e-19 0.000e+00 0.000e+00 0.000e+00 0.000e+00 0.000e+00
4.467e-19 0.000e+00 0.000e+00 0.000e+00 0.000e+00 0.000e+00
5.012e-19 0.000e+00 0.000e+00 0.000e+00 0.000e+00 0.000e+00
5.623e-19 0.000e+00 0.000e+00 0.000e+00 0.000e+00 0.000e+00
6.310e-19 0.000e+00 0.000e+00 0.000e+00 0.000e+00 0.000e+00
7.079e-19 0.000e+00 0.000e+00 0.000e+00 0.000e+00 0.000e+00
7.943e-19 0.000e+00 0.000e+00 0.000e+00 0.000e+00 0.000e+00
8.913e-19 0.000e+00 0.000e+00 0.000e+00 0.000e+00 0.000e+00
1.000e-18 0.000e+00 0.000e+00 0.000e+00 0.000e+00 0.000e+00
1.122e-18 0.000e+00 0.000e+00 0.000e+00 0.000e+00 0.000e+00
1.259e-18 0.000e+00 0.000e+00 0.000e+00 0.000e+00 0.000e+00
1.413e-18 0.000e+00 0.000e+00 0.000e+00 0.000e+00 0.000e+00
1.585e-18 0.000e+00 0.000e+00 0.000e+00 0.000e+00 0.000e+00
1.778e-18 0.000e+00 0.000e+00 0.000e+00 0.000e+00 0.000e+00
1.995e-18 0.000e+00 0.000e+00 0.000e+00 0.000e+00 0.000e+00
2.239e-18 0.000e+00 0.000e+00 0.000e+00 0.000e+00 0.000e+00
2.512e-18 0.000e+00 0.000e+00 0.000e+00 0.000e+00 0.000e+00
2.818e-18 0.000e+00 0.000e+00 0.000e+00 0.000e+00 0.000e+00
3.162e-18 0.000e+00 0.000e+00 0.000e+00 0.000e+00 0.000e+00
3.548e-18 0.000e+00 0.000e+00 0.000e+00 0.000e+00 0.000e+00
3.981e-18 0.000e+00 0.000e+00 0.000e+00 0.000e+00 0.000e+00
4.467e-18 0.000e+00 0.000e+00 0.000e+00 0.000e+00 0.000e+00
5.012e-18 0.000e+00 0.000e+00 0.000e+00 0.000e+00 0.000e+00
5.623e-18 0.000e+00 0.000e+00 0.000e+00 0.000e+00 0.000e+00
6.310e-18 0.000e+00 0.000e+00 0.000e+00 0.000e+00 0.000e+00
7.079e-18 0.000e+00 0.000e+00 0.000e+00 0.000e+00 0.000e+00
7.943e-18 0.000e+00 0.000e+00 0.000e+00 0.000e+00 0.000e+00
8.913e-18 0.000e+00 0.000e+00 0.000e+00 0.000e+00 0.000e+00
1.000e-17 0.000e+00 0.000e+00 0.000e+00 0.000e+00 0.000e+00
1.122e-17 0.000e+00 0.000e+00 0.000e+00 0.000e+00 0.000e+00
1.259e-17 0.000e+00 0.000e+00 0.000e+00 0.000e+00 0.000e+00
1.413e-17 0.000e+00 0.000e+00 0.000e+00 0.000e+00 0.000e+00
1.585e-17 0.000e+00 0.000e+00 0.000e+00 0.000e+00 0.000e+00
1.778e-17 0.000e+00 0.000e+00 0.000e+00 0.000e+00 0.000e+00
1.995e-17 0.000e+00 0.000e+00 0.000e+00 0.000e+00 0.000e+00
2.239e-17 0.000e+00 0.000e+00 0.000e+00 0.000e+00 0.000e+00
2.512e-17 0.000e+00 0.000e+00 0.000e+00 0.000e+00 0.000e+00
2.818e-17 0.000e+00 0.000e+00 0.000e+00 0.000e+00 0.000e+00
3.162e-17 0.000e+00 0.000e+00 0.000e+00 0.000e+00 0.000e+00
3.548e-17 0.000e+00 0.000e+00 0.000e+00 0.000e+00 0.000e+00
3.981e-17 0.000e+00 0.000e+00 0.000e+00 0.000e+00 0.000e+00
4.467e-17 0.000e+00 0.000e+00 0.000e+00 0.000e+00 0.000e+00
5.012e-17 0.000e+00 0.000e+00 0.000e+00 0.000e+00 0.000e+00
5.623e-17 0.000e+00 0.000e+00 0.000e+00 0.000e+00 0.000e+00
6.310e-17 0.000e+00 0.000e+00 0.000e+00 0.000e+00 0.000e+00
7.079e-17 0.000e+00 0.000e+00 0.000e+00 0.000e+00 0.000e+00
7.943e-17 0.000e+00 0.000e+00 0.000e+00 0.000e+00 0.000e+00
8.913e-17 0.000e+00 0.000e+00 0.000e+00 0.000e+00 0.000e+00
1.000e-16 0.000e+00 0.000e+00 0.000e+00 0.000e+00 0.000e+00
1.122e-16 0.000e+00 0.000e+00 0.000e+00 0.000e+00 0.000e+00
1.259e-16 0.000e+00 0.000e+00 0.000e+00 0.000e+00 0.000e+00
1.413e-16 0.000e+00 0.000e+00 0.000e+00 0.000e+00 0.000e+00
1.585e-16 0.000e+00 0.000e+00 0.000e+00 0.000e+00 0.000e+00
1.778e-16 0.000e+00 0.000e+00 0.000e+00 0.000e+00 0.000e+00
1.995e-16 0.000e+00 0.000e+00 0.000e+00 0.000e+00 0.000e+00
2.239e-16 0.000e+00 0.000e+00 0.000e+00 0.000e+00 0.000e+00
2.512e-16 0.000e+00 0.000e+00 0.000e+00 0.000e+00 0.000e+00
2.818e-16 0.000e+00 0.000e+00 0.000e+00 0.000e+00 0.000e+00
3.162e-16 0.000e+00 0.000e+00 0.000e+00 0.000e+00 0.000e+00
3.548e-16 0.000e+00 0.000e+00 0.000e+00 0.000e+00 0.000e+00
3.981e-16 0.000e+00 0.000e+00 0.000e+00 0.000e+00 0.000e+00
4.467e-16 0.000e+00 0.000e+00 0.000e+00 0.000e+00 0.000e+00
5.012e-16 0.000e+00 0.000e+00 0.000e+00 0.000e+00 0.000e+00
5.623e-16 0.000e+00 0.000e+00 0.000e+00 0.000e+00 0.000e+00
6.310e-16 0.000e+00 0.000e+00 0.000e+00 0.000e+00 0.000e+00
7.079e-16 0.000e+00 0.000e+00 0.000e+00 0.000e+00 0.000e+00
7.943e-16 0.000e+00 0.000e+00 0.000e+00 0.000e+00 0.000e+00
8.913e-16 0.000e+00 0.000e+00 0.000e+00 0.000e+00 0.000e+00
1.000e-15 0.000e+00 0.000e+00 0.000e+00 0.000e+00 0.000e+00
1.122e-15 0.000e+00 0.000e+00 0.000e+00 0.000e+00 0.000e+00
1.259e-15 0.000e+00 0.000e+00 0.000e+00 0.000e+00 0.000e+00
1.413e-15 0.000e+00 0.000e+00 0.000e+00 0.000e+00 0.000e+00
1.585e-15 0.000e+00 0.000e+00 0.000e+00 0.000e+00 0.000e+00
1.778e-15 0.000e+00 0.000e+00 0.000e+00 0.000e+00 0.000e+00
1.995e-15 0.000e+00 0.000e+00 0.000e+00 0.000e+00 0.000e+00
2.239e-15 0.000e+00 0.000e+00 0.000e+00 0.000e+00 0.000e+00
2.512e-15 0.000e+00 0.000e+00 0.000e+00 0.000e+00 0.000e+00
2.818e-15 0.000e+00 0.000e+00 0.000e+00 0.000e+00 0.000e+00
3.162e-15 0.000e+00 0.000e+00 0.000e+00 0.000e+00 0.000e+00
3.548e-15 0.000e+00 0.000e+00 0.000e+00 0.000e+00 0.000e+00
3.981e-15 0.000e+00 0.000e+00 0.000e+00 0.000e+00 0.000e+00
4.467e-15 0.000e+00 0.000e+00 0.000e+00 0.000e+00 0.000e+00
5.012e-15 0.000e+00 0.000e+00 0.000e+00 0.000e+00 0.000e+00
5.623e-15 0.000e+00 0.000e+00 0.000e+00 0.000e+00 0.000e+00
6.310e-15 0.000e+00 0.000e+00 0.000e+00 0.000e+00 0.000e+00
7.079e-15 0.000e+00 0.000e+00 0.000e+00 0.000e+00 0.000e+00
7.943e-15 0.000e+00 0.000e+00 0.000e+00 0.000e+00 0.000e+00
8.913e-15 0.000e+00 0.000e+00 0.000e+00 0.000e+00 0.000e+00
1.000e-14 0.000e+00 0.000e+00 0.000e+00 0.000e+00 0.000e+00
1.122e-14 0.000e+00 0.000e+00 0.000e+00 0.000e+00 0.000e+00
1.259e-14 0.000e+00 0.000e+00 0.000e+00 0.000e+00 0.000e+00
1.413e-14 0.000e+00 0.000e+00 0.000e+00 0.000e+00 0.000e+00
1.585e-14 0.000e+00 0.000e+00 0.000e+00 0.000e+00 0.000e+00
1.778e-14 0.000e+00 0.000e+00 0.000e+00 0.000e+00 0.000e+00
1.995e-14 0.000e+00 0.000e+00 0.000e+00 0.000e+00 0.000e+00
2.239e-14 0.000e+00 0.000e+00 0.000e+00 0.000e+00 0.000e+00
2.512e-14 0.000e+00 0.000e+00 0.000e+00 0.000e+00 0.000e+00
2.818e-14 0.000e+00 0.000e+00 0.000e+00 0.000e+00 0.000e+00
3.162e-14 0.000e+00 0.000e+00 0.000e+00 0.000e+00 0.000e+00
3.548e-14 0.000e+00 0.000e+00 0.000e+00 0.000e+00 0.000e+00
3.981e-14 0.000e+00 0.000e+00 0.000e+00 0.000e+00 0.000e+00
4.467e-14 0.000e+00 0.000e+00 0.000e+00 0.000e+00 0.000e+00
5.012e-14 0.000e+00 0.000e+00 0.000e+00 0.000e+00 0.000e+00
5.623e-14 0.000e+00 0.000e+00 0.000e+00 0.000e+00 0.000e+00
6.310e-14 0.000e+00 0.000e+00 0.000e+00 0.000e+00 0.000e+00
7.079e-14 0.000e+00 0.000e+00 0.000e+00 0.000e+00 0.000e+00
7.943e-14 0.000e+00 0.000e+00 0.000e+00 0.000e+00 0.000e+00
8.913e-14 0.000e+00 0.000e+00 0.000e+00 0.000e+00 0.000e+00
1.000e-13 0.000e+00 0.000e+00 0.000e+00 0.000e+00 0.000e+00
1.122e-13 0.000e+00 0.000e+00 0.000e+00 0.000e+00 0.000e+00
1.259e-13 0.000e+00 0.000e+00 0.000e+00 0.000e+00 0.000e+00
1.413e-13 0.000e+00 0.000e+00 0.000e+00 0.000e+00 0.000e+00
1.585e-13 0.000e+00 0.000e+00 0.000e+00 0.000e+00 0.000e+00
1.778e-13 0.000e+00 0.000e+00 0.000e+00 0.000e+00 0.000e+00
1.995e-13 0.000e+00 0.000e+00 0.000e+00 0.000e+00 0.000e+00
2.239e-13 0.000e+00 0.000e+00 0.000e+00 0.000e+00 0.000e+00
2.512e-13 0.000e+00 0.000e+00 0.000e+00 0.000e+00 0.000e+00
2.818e-13 0.000e+00 0.000e+00 0.000e+00 0.000e+00 0.000e+00
3.162e-13 0.000e+00 0.000e+00 0.000e+00 0.000e+00 0.000e+00
3.548e-13 0.000e+00 0.000e+00 0.000e+00 0.000e+00 0.000e+00
3.981e-13 0.000e+00 0.000e+00 0.000e+00 0.000e+00 0.000e+00
4.467e-13 0.000e+00 0.000e+00 0.000e+00 0.000e+00 0.000e+00
5.012e-13 0.000e+00 0.000e+00 0.000e+00 0.000e+00 0.000e+00
5.623e-13 0.000e+00 0.000e+00 0.000e+00 0.000e+00 0.000e+00
6.310e-13 0.000e+00 0.000e+00 0.000e+00 0.000e+00 0.000e+00
7.079e-13 0.000e+00 0.000e+00 0.000e+00 0.000e+00 0.000e+00
7.943e-13 0.000e+00 0.000e+00 0.000e+00 0.000e+00 0.000e+00
8.913e-13 0.000e+00 0.000e+00 0.000e+00 0.000e+00 0.000e+00
1.000e-12 0.000e+00 0.000e+00 0.000e+00 0.000e+00 0.000e+00
1.122e-12 inf inf inf inf inf
1.259e-12 inf inf inf inf inf
1.413e-12 inf inf inf inf inf
1.585e-12 inf inf inf inf inf
1.778e-12 inf inf inf inf inf
1.995e-12 inf inf inf inf inf
2.239e-12 inf inf inf inf inf
2.512e-12 inf inf inf inf inf
2.818e-12 inf inf inf inf inf
3.162e-12 inf inf inf inf inf
3.548e-12 inf inf inf inf inf
3.981e-12 inf inf inf inf inf
4.467e-12 inf inf inf inf inf
5.012e-12 inf inf inf inf inf
5.623e-12 inf inf inf inf inf
6.310e-12 inf inf inf inf inf
7.079e-12 inf inf inf inf inf
7.943e-12 inf inf inf inf inf
8.913e-12 inf inf inf inf inf
1.000e-11 inf inf inf inf inf
1.122e-11 inf inf inf inf inf
1.259e-11 inf inf inf inf inf
1.413e-11 inf inf inf inf inf
1.585e-11 inf inf inf inf inf
1.778e-11 inf inf inf inf inf
1.995e-11 inf inf inf inf inf
2.239e-11 inf inf inf inf inf
2.512e-11 inf inf inf inf inf
2.818e-11 4.079e+47 5.192e+26 5.200e-31 6.842e-19 4.299e-18
3.162e-11 3.432e+47 5.499e+26 5.509e-31 7.248e-19 4.554e-18
3.548e-11 2.888e+47 5.825e+26 5.835e-31 7.677e-19 4.824e-18
3.981e-11 2.430e+47 6.170e+26 6.181e-31 8.132e-19 5.109e-18
4.467e-11 2.045e+47 6.536e+26 6.547e-31 8.614e-19 5.412e-18
5.012e-11 1.720e+47 6.923e+26 6.935e-31 9.124e-19 5.733e-18
5.623e-11 1.447e+47 7.333e+26 7.346e-31 9.665e-19 6.073e-18
6.310e-11 1.218e+47 7.768e+26 7.781e-31 1.024e-18 6.432e-18
7.079e-11 1.025e+47 8.228e+26 8.242e-31 1.084e-18 6.814e-18
7.943e-11 8.622e+46 8.716e+26 8.731e-31 1.149e-18 7.217e-18
8.913e-11 7.254e+46 9.232e+26 9.248e-31 1.217e-18 7.645e-18
1.000e-10 6.104e+46 9.779e+26 9.796e-31 1.289e-18 8.098e-18
1.122e-10 5.136e+46 1.036e+27 1.038e-30 1.365e-18 8.578e-18
1.259e-10 4.321e+46 1.097e+27 1.099e-30 1.446e-18 9.086e-18
1.413e-10 3.636e+46 1.162e+27 1.164e-30 1.532e-18 9.624e-18
1.585e-10 3.059e+46 1.231e+27 1.233e-30 1.623e-18 1.019e-17
1.778e-10 2.574e+46 1.304e+27 1.306e-30 1.719e-18 1.080e-17
1.995e-10 2.166e+46 1.381e+27 1.384e-30 1.820e-18 1.144e-17
2.239e-10 1.822e+46 1.463e+27 1.466e-30 1.928e-18 1.212e-17
2.512e-10 1.533e+46 1.550e+27 1.553e-30 2.043e-18 1.283e-17
2.818e-10 1.290e+46 1.642e+27 1.644e-30 2.164e-18 1.359e-17
3.162e-10 1.085e+46 1.739e+27 1.742e-30 2.292e-18 1.440e-17
3.548e-10 9.132e+45 1.842e+27 1.845e-30 2.428e-18 1.525e-17
3.981e-10 7.684e+45 1.951e+27 1.954e-30 2.571e-18 1.616e-17
4.467e-10 6.465e+45 2.067e+27 2.070e-30 2.724e-18 1.711e-17
5.012e-10 5.440e+45 2.189e+27 2.193e-30 2.885e-18 1.813e-17
5.623e-10 4.577e+45 2.319e+27 2.323e-30 3.056e-18 1.920e-17
6.310e-10 3.851e+45 2.456e+27 2.461e-30 3.237e-18 2.034e-17
7.079e-10 3.240e+45 2.602e+27 2.606e-30 3.429e-18 2.155e-17
7.943e-10 2.726e+45 2.756e+27 2.761e-30 3.632e-18 2.282e-17
8.913e-10 2.294e+45 2.919e+27 2.924e-30 3.847e-18 2.417e-17
1.000e-09 1.930e+45 3.092e+27 3.098e-30 4.075e-18 2.561e-17
1.122e-09 1.624e+45 3.276e+27 3.281e-30 4.317e-18 2.712e-17
1.259e-09 1.366e+45 3.470e+27 3.476e-30 4.573e-18 2.873e-17
1.413e-09 1.150e+45 3.675e+27 3.681e-30 4.844e-18 3.043e-17
1.585e-09 9.673e+44 3.893e+27 3.900e-30 5.131e-18 3.224e-17
1.778e-09 8.139e+44 4.124e+27 4.131e-30 5.435e-18 3.415e-17
1.995e-09 6.848e+44 4.368e+27 4.375e-30 5.757e-18 3.617e-17
2.239e-09 5.762e+44 4.627e+27 4.635e-30 6.098e-18 3.831e-17
2.512e-09 4.848e+44 4.901e+27 4.909e-30 6.459e-18 4.058e-17
2.818e-09 4.079e+44 5.191e+27 5.200e-30 6.842e-18 4.299e-17
3.162e-09 3.432e+44 5.499e+27 5.508e-30 7.247e-18 4.553e-17
3.548e-09 2.888e+44 5.825e+27 5.834e-30 7.676e-18 4.823e-17
3.981e-09 2.430e+44 6.170e+27 6.180e-30 8.131e-18 5.109e-17
4.467e-09 2.044e+44 6.535e+27 6.546e-30 8.613e-18 5.412e-17
5.012e-09 1.720e+44 6.922e+27 6.934e-30 9.123e-18 5.732e-17
5.623e-09 1.447e+44 7.332e+27 7.345e-30 9.664e-18 6.072e-17
6.310e-09 1.218e+44 7.767e+27 7.780e-30 1.024e-17 6.432e-17
7.079e-09 1.025e+44 8.227e+27 8.241e-30 1.084e-17 6.813e-17
7.943e-09 8.620e+43 8.714e+27 8.729e-30 1.148e-17 7.216e-17
8.913e-09 7.253e+43 9.231e+27 9.246e-30 1.217e-17 7.644e-17
1.000e-08 6.103e+43 9.778e+27 9.794e-30 1.289e-17 8.097e-17
1.122e-08 5.135e+43 1.036e+28 1.037e-29 1.365e-17 8.576e-17
1.259e-08 4.320e+43 1.097e+28 1.099e-29 1.446e-17 9.084e-17
1.413e-08 3.635e+43 1.162e+28 1.164e-29 1.531e-17 9.622e-17
1.585e-08 3.058e+43 1.231e+28 1.233e-29 1.622e-17 1.019e-16
1.778e-08 2.573e+43 1.304e+28 1.306e-29 1.718e-17 1.080e-16
1.995e-08 2.165e+43 1.381e+28 1.383e-29 1.820e-17 1.144e-16
2.239e-08 1.822e+43 1.463e+28 1.465e-29 1.928e-17 1.211e-16
2.512e-08 1.533e+43 1.549e+28 1.552e-29 2.042e-17 1.283e-16
2.818e-08 1.290e+43 1.641e+28 1.644e-29 2.163e-17 1.359e-16
3.162e-08 1.085e+43 1.738e+28 1.741e-29 2.291e-17 1.440e-16
3.548e-08 9.130e+42 1.841e+28 1.845e-29 2.427e-17 1.525e-16
3.981e-08 7.681e+42 1.951e+28 1.954e-29 2.571e-17 1.615e-16
4.467e-08 6.463e+42 2.066e+28 2.070e-29 2.723e-17 1.711e-16
5.012e-08 5.438e+42 2.188e+28 2.192e-29 2.884e-17 1.812e-16
5.623e-08 4.575e+42 2.318e+28 2.322e-29 3.055e-17 1.920e-16
6.310e-08 3.849e+42 2.455e+28 2.460e-29 3.236e-17 2.033e-16
7.079e-08 3.239e+42 2.601e+28 2.605e-29 3.428e-17 2.154e-16
7.943e-08 2.725e+42 2.755e+28 2.759e-29 3.631e-17 2.281e-16
8.913e-08 2.293e+42 2.918e+28 2.923e-29 3.846e-17 2.416e-16
1.000e-07 1.929e+42 3.091e+28 3.096e-29 4.073e-17 2.559e-16
1.122e-07 1.623e+42 3.274e+28 3.279e-29 4.315e-17 2.711e-16
1.259e-07 1.366e+42 3.468e+28 3.474e-29 4.570e-17 2.871e-16
1.413e-07 1.149e+42 3.673e+28 3.679e-29 4.841e-17 3.041e-16
1.585e-07 9.667e+41 3.890e+28 3.897e-29 5.127e-17 3.222e-16
1.778e-07 8.133e+41 4.121e+28 4.128e-29 5.431e-17 3.412e-16
1.995e-07 6.843e+41 4.365e+28 4.372e-29 5.752e-17 3.614e-16
2.239e-07 5.757e+41 4.623e+28 4.631e-29 6.093e-17 3.828e-16
2.512e-07 4.844e+41 4.897e+28 4.905e-29 6.454e-17 4.055e-16
2.818e-07 4.076e+41 5.187e+28 5.196e-29 6.836e-17 4.295e-16
3.162e-07 3.429e+41 5.494e+28 5.503e-29 7.240e-17 4.549e-16
3.548e-07 2.885e+41 5.819e+28 5.829e-29 7.669e-17 4.818e-16
3.981e-07 2.427e+41 6.163e+28 6.174e-29 8.123e-17 5.104e-16
4.467e-07 2.042e+41 6.528e+28 6.539e-29 8.603e-17 5.406e-16
5.012e-07 1.718e+41 6.914e+28 6.926e-29 9.113e-17 5.726e-16
5.623e-07 1.445e+41 7.324e+28 7.336e-29 9.652e-17 6.064e-16
6.310e-07 1.216e+41 7.757e+28 7.770e-29 1.022e-16 6.423e-16
7.079e-07 1.023e+41 8.216e+28 8.230e-29 1.083e-16 6.803e-16
7.943e-07 8.608e+40 8.702e+28 8.717e-29 1.147e-16 7.206e-16
8.913e-07 7.242e+40 9.217e+28 9.232e-29 1.215e-16 7.632e-16
1.000e-06 6.093e+40 9.762e+28 9.778e-29 1.287e-16 8.083e-16
1.122e-06 5.126e+40 1.034e+29 1.036e-28 1.363e-16 8.561e-16
1.259e-06 4.312e+40 1.095e+29 1.097e-28 1.443e-16 9.068e-16
1.413e-06 3.628e+40 1.160e+29 1.162e-28 1.529e-16 9.604e-16
1.585e-06 3.052e+40 1.228e+29 1.230e-28 1.619e-16 1.017e-15
1.778e-06 2.568e+40 1.301e+29 1.303e-28 1.715e-16 1.077e-15
1.995e-06 2.160e+40 1.378e+29 1.380e-28 1.816e-16 1.141e-15
2.239e-06 1.817e+40 1.459e+29 1.462e-28 1.923e-16 1.208e-15
2.512e-06 1.529e+40 1.546e+29 1.548e-28 2.037e-16 1.280e-15
2.818e-06 1.286e+40 1.637e+29 1.640e-28 2.157e-16 1.355e-15
3.162e-06 1.082e+40 1.733e+29 1.736e-28 2.285e-16 1.435e-15
3.548e-06 9.102e+39 1.836e+29 1.839e-28 2.419e-16 1.520e-15
3.981e-06 7.657e+39 1.944e+29 1.948e-28 2.562e-16 1.610e-15
4.467e-06 6.441e+39 2.059e+29 2.063e-28 2.714e-16 1.705e-15
5.012e-06 5.418e+39 2.181e+29 2.184e-28 2.874e-16 1.806e-15
5.623e-06 4.558e+39 2.309e+29 2.313e-28 3.043e-16 1.912e-15
6.310e-06 3.834e+39 2.445e+29 2.450e-28 3.223e-16 2.025e-15
7.079e-06 3.225e+39 2.590e+29 2.594e-28 3.413e-16 2.144e-15
7.943e-06 2.713e+39 2.742e+29 2.747e-28 3.614e-16 2.271e-15
8.913e-06 2.282e+39 2.904e+29 2.909e-28 3.827e-16 2.405e-15
1.000e-05 1.919e+39 3.075e+29 3.080e-28 4.053e-16 2.546e-15
1.122e-05 1.614e+39 3.256e+29 3.262e-28 4.291e-16 2.696e-15
1.259e-05 1.358e+39 3.448e+29 3.454e-28 4.544e-16 2.855e-15
1.413e-05 1.142e+39 3.651e+29 3.657e-28 4.811e-16 3.023e-15
1.585e-05 9.605e+38 3.865e+29 3.872e-28 5.094e-16 3.201e-15
1.778e-05 8.078e+38 4.093e+29 4.100e-28 5.394e-16 3.389e-15
1.995e-05 6.794e+38 4.333e+29 4.341e-28 5.711e-16 3.588e-15
2.239e-05 5.714e+38 4.588e+29 4.596e-28 6.047e-16 3.799e-15
2.512e-05 4.805e+38 4.857e+29 4.866e-28 6.402e-16 4.022e-15
2.818e-05 4.041e+38 5.142e+29 5.151e-28 6.777e-16 4.258e-15
3.162e-05 3.398e+38 5.444e+29 5.453e-28 7.175e-16 4.508e-15
3.548e-05 2.857e+38 5.763e+29 5.773e-28 7.595e-16 4.772e-15
3.981e-05 2.403e+38 6.101e+29 6.111e-28 8.040e-16 5.052e-15
4.467e-05 2.020e+38 6.458e+29 6.469e-28 8.511e-16 5.348e-15
5.012e-05 1.699e+38 6.836e+29 6.847e-28 9.009e-16 5.661e-15
5.623e-05 1.428e+38 7.235e+29 7.248e-28 9.536e-16 5.991e-15
6.310e-05 1.201e+38 7.658e+29 7.671e-28 1.009e-15 6.341e-15
7.079e-05 1.009e+38 8.105e+29 8.119e-28 1.068e-15 6.712e-15
7.943e-05 8.485e+37 8.578e+29 8.592e-28 1.130e-15 7.103e-15
8.913e-05 7.133e+37 9.077e+29 9.093e-28 1.196e-15 7.517e-15
1.000e-04 5.995e+37 9.606e+29 9.622e-28 1.266e-15 7.954e-15
1.122e-04 5.039e+37 1.016e+30 1.018e-27 1.340e-15 8.417e-15
1.259e-04 4.235e+37 1.075e+30 1.077e-27 1.417e-15 8.905e-15
1.413e-04 3.559e+37 1.138e+30 1.140e-27 1.500e-15 9.422e-15
1.585e-04 2.991e+37 1.204e+30 1.206e-27 1.586e-15 9.968e-15
1.778e-04 2.513e+37 1.273e+30 1.276e-27 1.678e-15 1.054e-14
1.995e-04 2.112e+37 1.347e+30 1.349e-27 1.775e-15 1.115e-14
2.239e-04 1.774e+37 1.425e+30 1.427e-27 1.877e-15 1.180e-14
2.512e-04 1.490e+37 1.507e+30 1.509e-27 1.986e-15 1.248e-14
2.818e-04 1.252e+37 1.593e+30 1.596e-27 2.100e-15 1.319e-14
3.162e-04 1.052e+37 1.685e+30 1.688e-27 2.220e-15 1.395e-14
3.548e-04 8.831e+36 1.781e+30 1.784e-27 2.347e-15 1.475e-14
3.981e-04 7.416e+36 1.883e+30 1.886e-27 2.482e-15 1.559e-14
4.467e-04 6.226e+36 1.990e+30 1.994e-27 2.623e-15 1.648e-14
5.012e-04 5.227e+36 2.104e+30 2.107e-27 2.773e-15 1.742e-14
5.623e-04 4.388e+36 2.223e+30 2.227e-27 2.930e-15 1.841e-14
6.310e-04 3.683e+36 2.349e+30 2.353e-27 3.096e-15 1.945e-14
7.079e-04 3.091e+36 2.482e+30 2.486e-27 3.271e-15 2.055e-14
7.943e-04 2.593e+36 2.622e+30 2.626e-27 3.455e-15 2.171e-14
8.913e-04 2.176e+36 2.769e+30 2.774e-27 3.649e-15 2.293e-14
1.000e-03 1.825e+36 2.924e+30 2.929e-27 3.853e-15 2.421e-14
1.122e-03 1.530e+36 3.087e+30 3.092e-27 4.068e-15 2.556e-14
1.259e-03 1.283e+36 3.259e+30 3.264e-27 4.295e-15 2.698e-14
1.413e-03 1.076e+36 3.439e+30 3.445e-27 4.533e-15 2.848e-14
1.585e-03 9.017e+35 3.629e+30 3.635e-27 4.783e-15 3.005e-14
1.778e-03 7.556e+35 3.828e+30 3.835e-27 5.045e-15 3.170e-14
1.995e-03 6.330e+35 4.038e+30 4.045e-27 5.321e-15 3.343e-14
2.239e-03 5.302e+35 4.258e+30 4.265e-27 5.611e-15 3.526e-14
2.512e-03 4.440e+35 4.488e+30 4.496e-27 5.915e-15 3.716e-14
2.818e-03 3.717e+35 4.730e+30 4.738e-27 6.234e-15 3.917e-14
3.162e-03 3.110e+35 4.983e+30 4.992e-27 6.568e-15 4.127e-14
3.548e-03 2.602e+35 5.249e+30 5.258e-27 6.918e-15 4.346e-14
3.981e-03 2.177e+35 5.527e+30 5.536e-27 7.284e-15 4.577e-14
4.467e-03 1.820e+35 5.817e+30 5.827e-27 7.667e-15 4.817e-14
5.012e-03 1.521e+35 6.121e+30 6.132e-27 8.067e-15 5.069e-14
5.623e-03 1.271e+35 6.439e+30 6.449e-27 8.485e-15 5.332e-14
6.310e-03 1.061e+35 6.770e+30 6.781e-27 8.922e-15 5.606e-14
7.079e-03 8.861e+34 7.115e+30 7.127e-27 9.377e-15 5.892e-14
7.943e-03 7.394e+34 7.475e+30 7.487e-27 9.851e-15 6.190e-14
8.913e-03 6.168e+34 7.849e+30 7.863e-27 1.034e-14 6.500e-14
1.000e-02 5.142e+34 8.239e+30 8.253e-27 1.086e-14 6.822e-14
1.122e-02 4.285e+34 8.643e+30 8.658e-27 1.139e-14 7.157e-14
1.259e-02 3.569e+34 9.063e+30 9.078e-27 1.194e-14 7.505e-14
1.413e-02 2.971e+34 9.498e+30 9.514e-27 1.252e-14 7.865e-14
1.585e-02 2.472e+34 9.948e+30 9.965e-27 1.311e-14 8.238e-14
1.778e-02 2.055e+34 1.041e+31 1.043e-26 1.372e-14 8.623e-14
1.995e-02 1.708e+34 1.089e+31 1.091e-26 1.436e-14 9.022e-14
2.239e-02 1.419e+34 1.139e+31 1.141e-26 1.501e-14 9.432e-14
2.512e-02 1.177e+34 1.190e+31 1.192e-26 1.568e-14 9.855e-14
2.818e-02 9.764e+33 1.243e+31 1.245e-26 1.638e-14 1.029e-13
3.162e-02 8.092e+33 1.296e+31 1.299e-26 1.709e-14 1.074e-13
3.548e-02 6.701e+33 1.352e+31 1.354e-26 1.781e-14 1.119e-13
3.981e-02 5.545e+33 1.408e+31 1.411e-26 1.856e-14 1.166e-13
4.467e-02 4.585e+33 1.466e+31 1.468e-26 1.932e-14 1.214e-13
5.012e-02 3.788e+33 1.525e+31 1.527e-26 2.009e-14 1.262e-13
5.623e-02 3.127e+33 1.584e+31 1.587e-26 2.088e-14 1.312e-13
6.310e-02 2.579e+33 1.645e+31 1.648e-26 2.168e-14 1.362e-13
7.079e-02 2.125e+33 1.706e+31 1.709e-26 2.249e-14 1.413e-13
7.943e-02 1.749e+33 1.768e+31 1.771e-26 2.331e-14 1.464e-13
8.913e-02 1.439e+33 1.831e+31 1.834e-26 2.413e-14 1.516e-13
1.000e-01 1.182e+33 1.894e+31 1.897e-26 2.496e-14 1.568e-13
1.122e-01 9.701e+32 1.957e+31 1.960e-26 2.579e-14 1.620e-13
1.259e-01 7.953e+32 2.020e+31 2.023e-26 2.662e-14 1.672e-13
1.413e-01 6.514e+32 2.082e+31 2.086e-26 2.744e-14 1.724e-13
1.585e-01 5.329e+32 2.145e+31 2.148e-26 2.826e-14 1.776e-13
1.778e-01 4.354e+32 2.206e+31 2.210e-26 2.907e-14 1.827e-13
1.995e-01 3.554e+32 2.267e+31 2.271e-26 2.987e-14 1.877e-13
2.239e-01 2.897e+32 2.326e+31 2.330e-26 3.066e-14 1.926e-13
2.512e-01 2.359e+32 2.385e+31 2.389e-26 3.143e-14 1.975e-13
2.818e-01 1.918e+32 2.441e+31 2.445e-26 3.217e-14 2.021e-13
3.162e-01 1.558e+32 2.496e+31 2.500e-26 3.289e-14 2.067e-13
3.548e-01 1.263e+32 2.548e+31 2.553e-26 3.358e-14 2.110e-13
3.981e-01 1.023e+32 2.598e+31 2.603e-26 3.424e-14 2.152e-13
4.467e-01 8.276e+31 2.646e+31 2.650e-26 3.487e-14 2.191e-13
5.012e-01 6.684e+31 2.690e+31 2.695e-26 3.545e-14 2.227e-13
5.623e-01 5.390e+31 2.731e+31 2.736e-26 3.599e-14 2.261e-13
6.310e-01 4.340e+31 2.768e+31 2.773e-26 3.648e-14 2.292e-13
7.079e-01 3.489e+31 2.802e+31 2.806e-26 3.692e-14 2.320e-13
7.943e-01 2.800e+31 2.831e+31 2.836e-26 3.731e-14 2.344e-13
8.913e-01 2.244e+31 2.855e+31 2.860e-26 3.763e-14 2.364e-13
1.000e+00 1.795e+31 2.875e+31 2.880e-26 3.790e-14 2.381e-13
1.122e+00 1.433e+31 2.891e+31 2.896e-26 3.810e-14 2.394e-13
1.259e+00 1.142e+31 2.901e+31 2.906e-26 3.823e-14 2.402e-13
1.413e+00 9.089e+30 2.905e+31 2.910e-26 3.829e-14 2.406e-13
1.585e+00 7.215e+30 2.904e+31 2.909e-26 3.827e-14 2.405e-13
1.778e+00 5.715e+30 2.895e+31 2.900e-26 3.816e-14 2.397e-13
1.995e+00 4.514e+30 2.879e+31 2.884e-26 3.795e-14 2.384e-13
2.239e+00 3.556e+30 2.855e+31 2.860e-26 3.763e-14 2.364e-13
2.512e+00 2.794e+30 2.824e+31 2.829e-26 3.722e-14 2.339e-13
2.818e+00 2.190e+30 2.787e+31 2.792e-26 3.673e-14 2.308e-13
3.162e+00 1.713e+30 2.744e+31 2.749e-26 3.617e-14 2.273e-13
3.548e+00 1.338e+30 2.698e+31 2.703e-26 3.556e-14 2.234e-13
3.981e+00 1.043e+30 2.649e+31 2.654e-26 3.492e-14 2.194e-13
4.467e+00 8.128e+29 2.598e+31 2.603e-26 3.424e-14 2.152e-13
5.012e+00 6.324e+29 2.545e+31 2.549e-26 3.354e-14 2.107e-13
5.623e+00 4.912e+29 2.489e+31 2.493e-26 3.280e-14 2.061e-13
6.310e+00 3.808e+29 2.429e+31 2.433e-26 3.201e-14 2.011e-13
7.079e+00 2.943e+29 2.363e+31 2.367e-26 3.115e-14 1.957e-13
7.943e+00 2.267e+29 2.292e+31 2.296e-26 3.020e-14 1.898e-13
8.913e+00 1.739e+29 2.213e+31 2.217e-26 2.917e-14 1.833e-13
1.000e+01 1.328e+29 2.127e+31 2.131e-26 2.803e-14 1.761e-13
1.122e+01 1.008e+29 2.033e+31 2.037e-26 2.680e-14 1.684e-13
1.259e+01 7.609e+28 1.932e+31 1.936e-26 2.547e-14 1.600e-13
1.413e+01 5.708e+28 1.825e+31 1.828e-26 2.405e-14 1.511e-13
1.585e+01 4.254e+28 1.712e+31 1.715e-26 2.256e-14 1.418e-13
1.778e+01 3.149e+28 1.595e+31 1.598e-26 2.103e-14 1.321e-13
1.995e+01 2.314e+28 1.476e+31 1.479e-26 1.945e-14 1.222e-13
2.239e+01 1.689e+28 1.356e+31 1.358e-26 1.787e-14 1.123e-13
2.512e+01 1.223e+28 1.236e+31 1.238e-26 1.629e-14 1.024e-13
2.818e+01 8.786e+27 1.118e+31 1.120e-26 1.474e-14 9.259e-14
3.162e+01 6.262e+27 1.003e+31 1.005e-26 1.322e-14 8.308e-14
3.548e+01 4.426e+27 8.927e+30 8.943e-27 1.177e-14 7.392e-14
3.981e+01 3.101e+27 7.874e+30 7.887e-27 1.038e-14 6.520e-14
4.467e+01 2.152e+27 6.881e+30 6.892e-27 9.068e-15 5.698e-14
5.012e+01 1.480e+27 5.954e+30 5.964e-27 7.847e-15 4.931e-14
5.623e+01 1.006e+27 5.099e+30 5.108e-27 6.720e-15 4.222e-14
6.310e+01 6.770e+26 4.318e+30 4.326e-27 5.691e-15 3.576e-14
7.079e+01 4.500e+26 3.613e+30 3.620e-27 4.762e-15 2.992e-14
7.943e+01 2.952e+26 2.985e+30 2.990e-27 3.933e-15 2.471e-14
8.913e+01 1.910e+26 2.431e+30 2.435e-27 3.203e-15 2.013e-14
1.000e+02 1.217e+26 1.949e+30 1.953e-27 2.569e-15 1.614e-14
1.122e+02 7.621e+25 1.537e+30 1.540e-27 2.026e-15 1.273e-14
1.259e+02 4.687e+25 1.190e+30 1.192e-27 1.568e-15 9.854e-15
1.413e+02 2.824e+25 9.028e+29 9.043e-28 1.190e-15 7.475e-15
1.585e+02 1.664e+25 6.696e+29 6.708e-28 8.825e-16 5.545e-15
1.778e+02 9.563e+24 4.845e+29 4.854e-28 6.386e-16 4.012e-15
1.995e+02 5.348e+24 3.411e+29 3.417e-28 4.495e-16 2.825e-15
2.239e+02 2.901e+24 2.329e+29 2.333e-28 3.070e-16 1.929e-15
2.512e+02 1.521e+24 1.537e+29 1.540e-28 2.026e-16 1.273e-15
2.818e+02 7.677e+23 9.771e+28 9.787e-29 1.288e-16 8.091e-16
3.162e+02 3.716e+23 5.953e+28 5.963e-29 7.846e-17 4.930e-16
3.548e+02 1.715e+23 3.459e+28 3.465e-29 4.559e-17 2.864e-16
3.981e+02 7.498e+22 1.904e+28 1.907e-29 2.509e-17 1.577e-16
4.467e+02 3.074e+22 9.828e+27 9.845e-30 1.295e-17 8.139e-17
5.012e+02 1.156e+22 4.651e+27 4.659e-30 6.129e-18 3.851e-17
5.623e+02 3.624e+21 1.836e+27 1.839e-30 2.420e-18 1.520e-17
6.310e+02 0.000e+00 0.000e+00 0.000e+00 0.000e+00 0.000e+00
7.079e+02 0.000e+00 0.000e+00 0.000e+00 0.000e+00 0.000e+00
7.943e+02 0.000e+00 0.000e+00 0.000e+00 0.000e+00 0.000e+00
8.913e+02 0.000e+00 0.000e+00 0.000e+00 0.000e+00 0.000e+00
1.000e+03 0.000e+00 0.000e+00 0.000e+00 0.000e+00 0.000e+00
1.122e+03 0.000e+00 0.000e+00 0.000e+00 0.000e+00 0.000e+00
1.259e+03 0.000e+00 0.000e+00 0.000e+00 0.000e+00 0.000e+00
1.413e+03 0.000e+00 0.000e+00 0.000e+00 0.000e+00 0.000e+00
1.585e+03 0.000e+00 0.000e+00 0.000e+00 0.000e+00 0.000e+00
1.778e+03 0.000e+00 0.000e+00 0.000e+00 0.000e+00 0.000e+00
1.995e+03 0.000e+00 0.000e+00 0.000e+00 0.000e+00 0.000e+00
2.239e+03 0.000e+00 0.000e+00 0.000e+00 0.000e+00 0.000e+00
2.512e+03 0.000e+00 0.000e+00 0.000e+00 0.000e+00 0.000e+00
2.818e+03 0.000e+00 0.000e+00 0.000e+00 0.000e+00 0.000e+00
3.162e+03 0.000e+00 0.000e+00 0.000e+00 0.000e+00 0.000e+00
3.548e+03 0.000e+00 0.000e+00 0.000e+00 0.000e+00 0.000e+00
3.981e+03 0.000e+00 0.000e+00 0.000e+00 0.000e+00 0.000e+00
4.467e+03 0.000e+00 0.000e+00 0.000e+00 0.000e+00 0.000e+00
5.012e+03 0.000e+00 0.000e+00 0.000e+00 0.000e+00 0.000e+00
5.623e+03 0.000e+00 0.000e+00 0.000e+00 0.000e+00 0.000e+00
6.310e+03 0.000e+00 0.000e+00 0.000e+00 0.000e+00 0.000e+00
7.079e+03 0.000e+00 0.000e+00 0.000e+00 0.000e+00 0.000e+00
7.943e+03 0.000e+00 0.000e+00 0.000e+00 0.000e+00 0.000e+00
8.913e+03 0.000e+00 0.000e+00 0.000e+00 0.000e+00 0.000e+00
1.000e+04 0.000e+00 0.000e+00 0.000e+00 0.000e+00 0.000e+00
1.122e+04 0.000e+00 0.000e+00 0.000e+00 0.000e+00 0.000e+00
1.259e+04 0.000e+00 0.000e+00 0.000e+00 0.000e+00 0.000e+00
1.413e+04 0.000e+00 0.000e+00 0.000e+00 0.000e+00 0.000e+00
1.585e+04 0.000e+00 0.000e+00 0.000e+00 0.000e+00 0.000e+00
1.778e+04 0.000e+00 0.000e+00 0.000e+00 0.000e+00 0.000e+00
1.995e+04 0.000e+00 0.000e+00 0.000e+00 0.000e+00 0.000e+00
2.239e+04 0.000e+00 0.000e+00 0.000e+00 0.000e+00 0.000e+00
2.512e+04 0.000e+00 0.000e+00 0.000e+00 0.000e+00 0.000e+00
2.818e+04 0.000e+00 0.000e+00 0.000e+00 0.000e+00 0.000e+00
3.162e+04 0.000e+00 0.000e+00 0.000e+00 0.000e+00 0.000e+00
3.548e+04 0.000e+00 0.000e+00 0.000e+00 0.000e+00 0.000e+00
3.981e+04 0.000e+00 0.000e+00 0.000e+00 0.000e+00 0.000e+00
4.467e+04 0.000e+00 0.000e+00 0.000e+00 0.000e+00 0.000e+00
5.012e+04 0.000e+00 0.000e+00 0.000e+00 0.000e+00 0.000e+00
5.623e+04 0.000e+00 0.000e+00 0.000e+00 0.000e+00 0.000e+00
6.310e+04 0.000e+00 0.000e+00 0.000e+00 0.000e+00 0.000e+00
7.079e+04 0.000e+00 0.000e+00 0.000e+00 0.000e+00 0.000e+00
7.943e+04 0.000e+00 0.000e+00 0.000e+00 0.000e+00 0.000e+00
8.913e+04 0.000e+00 0.000e+00 0.000e+00 0.000e+00 0.000e+00
1.000e+05 0.000e+00 0.000e+00 0.000e+00 0.000e+00 0.000e+00
1.122e+05 0.000e+00 0.000e+00 0.000e+00 0.000e+00 0.000e+00
1.259e+05 0.000e+00 0.000e+00 0.000e+00 0.000e+00 0.000e+00
1.413e+05 0.000e+00 0.000e+00 0.000e+00 0.000e+00 0.000e+00
1.585e+05 0.000e+00 0.000e+00 0.000e+00 0.000e+00 0.000e+00
1.778e+05 0.000e+00 0.000e+00 0.000e+00 0.000e+00 0.000e+00
1.995e+05 0.000e+00 0.000e+00 0.000e+00 0.000e+00 0.000e+00
2.239e+05 0.000e+00 0.000e+00 0.000e+00 0.000e+00 0.000e+00
2.512e+05 0.000e+00 0.000e+00 0.000e+00 0.000e+00 0.000e+00
2.818e+05 0.000e+00 0.000e+00 0.000e+00 0.000e+00 0.000e+00
3.162e+05 0.000e+00 0.000e+00 0.000e+00 0.000e+00 0.000e+00
3.548e+05 0.000e+00 0.000e+00 0.000e+00 0.000e+00 0.000e+00
3.981e+05 0.000e+00 0.000e+00 0.000e+00 0.000e+00 0.000e+00
4.467e+05 0.000e+00 0.000e+00 0.000e+00 0.000e+00 0.000e+00
5.012e+05 0.000e+00 0.000e+00 0.000e+00 0.000e+00 0.000e+00
5.623e+05 0.000e+00 0.000e+00 0.000e+00 0.000e+00 0.000e+00
6.310e+05 0.000e+00 0.000e+00 0.000e+00 0.000e+00 0.000e+00
7.079e+05 0.000e+00 0.000e+00 0.000e+00 0.000e+00 0.000e+00
7.943e+05 0.000e+00 0.000e+00 0.000e+00 0.000e+00 0.000e+00
8.913e+05 0.000e+00 0.000e+00 0.000e+00 0.000e+00 0.000e+00
1.000e+06 0.000e+00 0.000e+00 0.000e+00 0.000e+00 0.000e+00
1.122e+06 0.000e+00 0.000e+00 0.000e+00 0.000e+00 0.000e+00
1.259e+06 0.000e+00 0.000e+00 0.000e+00 0.000e+00 0.000e+00
1.413e+06 0.000e+00 0.000e+00 0.000e+00 0.000e+00 0.000e+00
1.585e+06 0.000e+00 0.000e+00 0.000e+00 0.000e+00 0.000e+00
1.778e+06 0.000e+00 0.000e+00 0.000e+00 0.000e+00 0.000e+00
1.995e+06 0.000e+00 0.000e+00 0.000e+00 0.000e+00 0.000e+00
2.239e+06 0.000e+00 0.000e+00 0.000e+00 0.000e+00 0.000e+00
2.512e+06 0.000e+00 0.000e+00 0.000e+00 0.000e+00 0.000e+00
2.818e+06 0.000e+00 0.000e+00 0.000e+00 0.000e+00 0.000e+00
3.162e+06 0.000e+00 0.000e+00 0.000e+00 0.000e+00 0.000e+00
3.548e+06 0.000e+00 0.000e+00 0.000e+00 0.000e+00 0.000e+00
3.981e+06 0.000e+00 0.000e+00 0.000e+00 0.000e+00 0.000e+00
4.467e+06 0.000e+00 0.000e+00 0.000e+00 0.000e+00 0.000e+00
5.012e+06 0.000e+00 0.000e+00 0.000e+00 0.000e+00 0.000e+00
5.623e+06 0.000e+00 0.000e+00 0.000e+00 0.000e+00 0.000e+00
6.310e+06 0.000e+00 0.000e+00 0.000e+00 0.000e+00 0.000e+00
7.079e+06 0.000e+00 0.000e+00 0.000e+00 0.000e+00 0.000e+00
7.943e+06 0.000e+00 0.000e+00 0.000e+00 0.000e+00 0.000e+00
8.913e+06 0.000e+00 0.000e+00 0.000e+00 0.000e+00 0.000e+00
1.000e+07 0.000e+00 0.000e+00 0.000e+00 0.000e+00 0.000e+00
1.122e+07 0.000e+00 0.000e+00 0.000e+00 0.000e+00 0.000e+00
1.259e+07 0.000e+00 0.000e+00 0.000e+00 0.000e+00 0.000e+00
1.413e+07 0.000e+00 0.000e+00 0.000e+00 0.000e+00 0.000e+00
1.585e+07 0.000e+00 0.000e+00 0.000e+00 0.000e+00 0.000e+00
1.778e+07 0.000e+00 0.000e+00 0.000e+00 0.000e+00 0.000e+00
1.995e+07 0.000e+00 0.000e+00 0.000e+00 0.000e+00 0.000e+00
2.239e+07 0.000e+00 0.000e+00 0.000e+00 0.000e+00 0.000e+00
2.512e+07 0.000e+00 0.000e+00 0.000e+00 0.000e+00 0.000e+00
2.818e+07 0.000e+00 0.000e+00 0.000e+00 0.000e+00 0.000e+00
3.162e+07 0.000e+00 0.000e+00 0.000e+00 0.000e+00 0.000e+00
3.548e+07 0.000e+00 0.000e+00 0.000e+00 0.000e+00 0.000e+00
3.981e+07 0.000e+00 0.000e+00 0.000e+00 0.000e+00 0.000e+00
4.467e+07 0.000e+00 0.000e+00 0.000e+00 0.000e+00 0.000e+00
5.012e+07 0.000e+00 0.000e+00 0.000e+00 0.000e+00 0.000e+00
5.623e+07 0.000e+00 0.000e+00 0.000e+00 0.000e+00 0.000e+00
6.310e+07 0.000e+00 0.000e+00 0.000e+00 0.000e+00 0.000e+00
7.079e+07 0.000e+00 0.000e+00 0.000e+00 0.000e+00 0.000e+00
7.943e+07 0.000e+00 0.000e+00 0.000e+00 0.000e+00 0.000e+00
8.913e+07 0.000e+00 0.000e+00 0.000e+00 0.000e+00 0.000e+00
1.000e+08 0.000e+00 0.000e+00 0.000e+00 0.000e+00 0.000e+00
