1.000e-20 4.326e+69 6.931e+29 6.943e-28 4.567e-16 5.739e-15
1.122e-20 3.712e+69 7.488e+29 7.500e-28 4.934e-16 6.200e-15
1.259e-20 3.184e+69 8.085e+29 8.098e-28 5.327e-16 6.695e-15
1.413e-20 2.729e+69 8.725e+29 8.739e-28 5.749e-16 7.225e-15
1.585e-20 2.338e+69 9.410e+29 9.426e-28 6.201e-16 7.792e-15
1.778e-20 2.002e+69 1.014e+30 1.016e-27 6.684e-16 8.400e-15
1.995e-20 1.713e+69 1.093e+30 1.095e-27 7.201e-16 9.049e-15
2.239e-20 1.465e+69 1.177e+30 1.179e-27 7.753e-16 9.743e-15
2.512e-20 1.252e+69 1.266e+30 1.268e-27 8.343e-16 1.048e-14
2.818e-20 1.070e+69 1.362e+30 1.364e-27 8.972e-16 1.127e-14
3.162e-20 9.133e+68 1.463e+30 1.466e-27 9.642e-16 1.212e-14
3.548e-20 7.791e+68 1.571e+30 1.574e-27 1.036e-15 1.301e-14
3.981e-20 6.642e+68 1.687e+30 1.689e-27 1.111e-15 1.397e-14
4.467e-20 5.659e+68 1.809e+30 1.812e-27 1.192e-15 1.498e-14
5.012e-20 4.818e+68 1.939e+30 1.942e-27 1.278e-15 1.606e-14
5.623e-20 4.099e+68 2.077e+30 2.080e-27 1.368e-15 1.720e-14
6.310e-20 3.485e+68 2.223e+30 2.226e-27 1.465e-15 1.841e-14
7.079e-20 2.960e+68 2.377e+30 2.381e-27 1.566e-15 1.969e-14
7.943e-20 2.513e+68 2.541e+30 2.545e-27 1.674e-15 2.104e-14
8.913e-20 2.132e+68 2.713e+30 2.718e-27 1.788e-15 2.247e-14
1.000e-19 1.807e+68 2.896e+30 2.901e-27 1.908e-15 2.398e-14
1.122e-19 1.531e+68 3.088e+30 3.093e-27 2.035e-15 2.557e-14
1.259e-19 1.296e+68 3.290e+30 3.296e-27 2.168e-15 2.724e-14
1.413e-19 1.096e+68 3.503e+30 3.509e-27 2.308e-15 2.901e-14
1.585e-19 9.260e+67 3.727e+30 3.733e-27 2.456e-15 3.086e-14
1.778e-19 7.820e+67 3.962e+30 3.969e-27 2.611e-15 3.281e-14
1.995e-19 6.598e+67 4.208e+30 4.215e-27 2.773e-15 3.485e-14
2.239e-19 5.562e+67 4.467e+30 4.474e-27 2.943e-15 3.699e-14
2.512e-19 4.686e+67 4.737e+30 4.745e-27 3.121e-15 3.922e-14
2.818e-19 3.944e+67 5.020e+30 5.028e-27 3.308e-15 4.157e-14
3.162e-19 3.317e+67 5.315e+30 5.324e-27 3.502e-15 4.401e-14
3.548e-19 2.788e+67 5.623e+30 5.633e-27 3.705e-15 4.656e-14
3.981e-19 2.341e+67 5.945e+30 5.955e-27 3.917e-15 4.923e-14
4.467e-19 1.964e+67 6.279e+30 6.290e-27 4.138e-15 5.200e-14
5.012e-19 1.647e+67 6.628e+30 6.639e-27 4.367e-15 5.488e-14
5.623e-19 1.380e+67 6.990e+30 7.002e-27 4.606e-15 5.788e-14
6.310e-19 1.155e+67 7.366e+30 7.379e-27 4.854e-15 6.100e-14
7.079e-19 9.660e+66 7.757e+30 7.770e-27 5.111e-15 6.423e-14
7.943e-19 8.074e+66 8.162e+30 8.176e-27 5.378e-15 6.759e-14
8.913e-19 6.743e+66 8.582e+30 8.596e-27 5.655e-15 7.106e-14
1.000e-18 5.627e+66 9.016e+30 9.031e-27 5.941e-15 7.466e-14
1.122e-18 4.693e+66 9.466e+30 9.482e-27 6.238e-15 7.838e-14
1.259e-18 3.911e+66 9.931e+30 9.947e-27 6.544e-15 8.223e-14
1.413e-18 3.257e+66 1.041e+31 1.043e-26 6.860e-15 8.621e-14
1.585e-18 2.710e+66 1.091e+31 1.093e-26 7.187e-15 9.032e-14
1.778e-18 2.254e+66 1.142e+31 1.144e-26 7.524e-15 9.455e-14
1.995e-18 1.873e+66 1.195e+31 1.197e-26 7.872e-15 9.893e-14
2.239e-18 1.556e+66 1.249e+31 1.251e-26 8.231e-15 1.034e-13
2.512e-18 1.291e+66 1.305e+31 1.307e-26 8.600e-15 1.081e-13
2.818e-18 1.071e+66 1.363e+31 1.365e-26 8.981e-15 1.129e-13
3.162e-18 8.878e+65 1.422e+31 1.425e-26 9.373e-15 1.178e-13
3.548e-18 7.355e+65 1.484e+31 1.486e-26 9.776e-15 1.228e-13
3.981e-18 6.090e+65 1.547e+31 1.549e-26 1.019e-14 1.281e-13
4.467e-18 5.040e+65 1.611e+31 1.614e-26 1.062e-14 1.334e-13
5.012e-18 4.169e+65 1.678e+31 1.681e-26 1.106e-14 1.389e-13
5.623e-18 3.447e+65 1.746e+31 1.749e-26 1.151e-14 1.446e-13
6.310e-18 2.848e+65 1.817e+31 1.820e-26 1.197e-14 1.504e-13
7.079e-18 2.353e+65 1.889e+31 1.892e-26 1.245e-14 1.564e-13
7.943e-18 1.942e+65 1.964e+31 1.967e-26 1.294e-14 1.626e-13
8.913e-18 1.603e+65 2.040e+31 2.044e-26 1.344e-14 1.689e-13
1.000e-17 1.322e+65 2.119e+31 2.122e-26 1.396e-14 1.754e-13
1.122e-17 1.090e+65 2.199e+31 2.203e-26 1.449e-14 1.821e-13
1.259e-17 8.989e+64 2.282e+31 2.286e-26 1.504e-14 1.890e-13
1.413e-17 7.407e+64 2.368e+31 2.372e-26 1.560e-14 1.961e-13
1.585e-17 6.101e+64 2.455e+31 2.460e-26 1.618e-14 2.033e-13
1.778e-17 5.024e+64 2.545e+31 2.550e-26 1.677e-14 2.108e-13
1.995e-17 4.136e+64 2.638e+31 2.642e-26 1.738e-14 2.184e-13
2.239e-17 3.403e+64 2.733e+31 2.737e-26 1.801e-14 2.263e-13
2.512e-17 2.799e+64 2.830e+31 2.835e-26 1.865e-14 2.343e-13
2.818e-17 2.302e+64 2.930e+31 2.935e-26 1.931e-14 2.426e-13
3.162e-17 1.893e+64 3.032e+31 3.038e-26 1.998e-14 2.511e-13
3.548e-17 1.555e+64 3.137e+31 3.143e-26 2.067e-14 2.598e-13
3.981e-17 1.278e+64 3.245e+31 3.250e-26 2.138e-14 2.687e-13
4.467e-17 1.050e+64 3.355e+31 3.361e-26 2.211e-14 2.778e-13
5.012e-17 8.617e+63 3.468e+31 3.474e-26 2.285e-14 2.872e-13
5.623e-17 7.072e+63 3.583e+31 3.589e-26 2.361e-14 2.967e-13
6.310e-17 5.802e+63 3.701e+31 3.707e-26 2.439e-14 3.065e-13
7.079e-17 4.759e+63 3.821e+31 3.828e-26 2.518e-14 3.164e-13
7.943e-17 3.902e+63 3.944e+31 3.951e-26 2.599e-14 3.266e-13
8.913e-17 3.198e+63 4.070e+31 4.077e-26 2.682e-14 3.370e-13
1.000e-16 2.621e+63 4.199e+31 4.206e-26 2.767e-14 3.477e-13
1.122e-16 2.147e+63 4.330e+31 4.337e-26 2.853e-14 3.585e-13
1.259e-16 1.758e+63 4.464e+31 4.472e-26 2.942e-14 3.697e-13
1.413e-16 1.439e+63 4.601e+31 4.609e-26 3.032e-14 3.810e-13
1.585e-16 1.178e+63 4.742e+31 4.750e-26 3.125e-14 3.926e-13
1.778e-16 9.642e+62 4.885e+31 4.894e-26 3.219e-14 4.045e-13
1.995e-16 7.890e+62 5.032e+31 5.041e-26 3.316e-14 4.167e-13
2.239e-16 6.454e+62 5.183e+31 5.192e-26 3.415e-14 4.292e-13
2.512e-16 5.279e+62 5.337e+31 5.346e-26 3.517e-14 4.419e-13
2.818e-16 4.317e+62 5.494e+31 5.504e-26 3.621e-14 4.550e-13
3.162e-16 3.530e+62 5.656e+31 5.665e-26 3.727e-14 4.683e-13
3.548e-16 2.886e+62 5.821e+31 5.831e-26 3.836e-14 4.820e-13
3.981e-16 2.359e+62 5.990e+31 6.000e-26 3.947e-14 4.960e-13
4.467e-16 1.928e+62 6.162e+31 6.173e-26 4.061e-14 5.103e-13
5.012e-16 1.575e+62 6.339e+31 6.350e-26 4.177e-14 5.249e-13
5.623e-16 1.287e+62 6.520e+31 6.531e-26 4.296e-14 5.399e-13
6.310e-16 1.051e+62 6.705e+31 6.716e-26 4.418e-14 5.552e-13
7.079e-16 8.585e+61 6.893e+31 6.905e-26 4.542e-14 5.708e-13
7.943e-16 7.010e+61 7.086e+31 7.098e-26 4.670e-14 5.868e-13
8.913e-16 5.723e+61 7.283e+31 7.296e-26 4.799e-14 6.031e-13
1.000e-15 4.671e+61 7.484e+31 7.497e-26 4.932e-14 6.198e-13
1.122e-15 3.812e+61 7.690e+31 7.703e-26 5.067e-14 6.368e-13
1.259e-15 3.111e+61 7.899e+31 7.913e-26 5.205e-14 6.541e-13
1.413e-15 2.538e+61 8.113e+31 8.127e-26 5.346e-14 6.718e-13
1.585e-15 2.070e+61 8.331e+31 8.345e-26 5.490e-14 6.899e-13
1.778e-15 1.688e+61 8.553e+31 8.568e-26 5.636e-14 7.083e-13
1.995e-15 1.376e+61 8.779e+31 8.794e-26 5.785e-14 7.270e-13
2.239e-15 1.122e+61 9.010e+31 9.025e-26 5.937e-14 7.461e-13
2.512e-15 9.145e+60 9.244e+31 9.260e-26 6.092e-14 7.655e-13
2.818e-15 7.451e+60 9.483e+31 9.499e-26 6.249e-14 7.853e-13
3.162e-15 6.070e+60 9.725e+31 9.742e-26 6.409e-14 8.053e-13
3.548e-15 4.944e+60 9.972e+31 9.989e-26 6.571e-14 8.257e-13
3.981e-15 4.026e+60 1.022e+32 1.024e-25 6.736e-14 8.465e-13
4.467e-15 3.277e+60 1.048e+32 1.049e-25 6.903e-14 8.675e-13
5.012e-15 2.667e+60 1.073e+32 1.075e-25 7.073e-14 8.888e-13
5.623e-15 2.170e+60 1.099e+32 1.101e-25 7.245e-14 9.104e-13
6.310e-15 1.765e+60 1.126e+32 1.128e-25 7.419e-14 9.323e-13
7.079e-15 1.435e+60 1.153e+32 1.155e-25 7.595e-14 9.545e-13
7.943e-15 1.167e+60 1.180e+32 1.182e-25 7.774e-14 9.769e-13
8.913e-15 9.484e+59 1.207e+32 1.209e-25 7.954e-14 9.995e-13
1.000e-14 7.706e+59 1.235e+32 1.237e-25 8.135e-14 1.022e-12
1.122e-14 6.259e+59 1.262e+32 1.265e-25 8.319e-14 1.045e-12
1.259e-14 5.082e+59 1.290e+32 1.293e-25 8.503e-14 1.069e-12
1.413e-14 4.125e+59 1.319e+32 1.321e-25 8.689e-14 1.092e-12
1.585e-14 3.347e+59 1.347e+32 1.349e-25 8.876e-14 1.115e-12
1.778e-14 2.715e+59 1.375e+32 1.378e-25 9.063e-14 1.139e-12
1.995e-14 2.201e+59 1.404e+32 1.406e-25 9.251e-14 1.163e-12
2.239e-14 1.784e+59 1.433e+32 1.435e-25 9.440e-14 1.186e-12
2.512e-14 1.445e+59 1.461e+32 1.464e-25 9.629e-14 1.210e-12
2.818e-14 1.171e+59 1.490e+32 1.492e-25 9.817e-14 1.234e-12
3.162e-14 9.477e+58 1.518e+32 1.521e-25 1.001e-13 1.257e-12
3.548e-14 7.669e+58 1.547e+32 1.549e-25 1.019e-13 1.281e-12
3.981e-14 6.203e+58 1.575e+32 1.578e-25 1.038e-13 1.304e-12
4.467e-14 5.015e+58 1.603e+32 1.606e-25 1.056e-13 1.328e-12
5.012e-14 4.053e+58 1.631e+32 1.634e-25 1.075e-13 1.351e-12
5.623e-14 3.274e+58 1.659e+32 1.661e-25 1.093e-13 1.373e-12
6.310e-14 2.643e+58 1.686e+32 1.689e-25 1.111e-13 1.396e-12
7.079e-14 2.133e+58 1.713e+32 1.716e-25 1.129e-13 1.418e-12
7.943e-14 1.720e+58 1.739e+32 1.742e-25 1.146e-13 1.440e-12
8.913e-14 1.387e+58 1.765e+32 1.768e-25 1.163e-13 1.462e-12
1.000e-13 1.118e+58 1.791e+32 1.794e-25 1.180e-13 1.483e-12
1.122e-13 9.000e+57 1.815e+32 1.818e-25 1.196e-13 1.503e-12
1.259e-13 7.244e+57 1.840e+32 1.843e-25 1.212e-13 1.523e-12
1.413e-13 5.828e+57 1.863e+32 1.866e-25 1.228e-13 1.543e-12
1.585e-13 4.686e+57 1.886e+32 1.889e-25 1.243e-13 1.562e-12
1.778e-13 3.766e+57 1.908e+32 1.911e-25 1.257e-13 1.580e-12
1.995e-13 3.024e+57 1.929e+32 1.932e-25 1.271e-13 1.597e-12
2.239e-13 2.427e+57 1.949e+32 1.952e-25 1.284e-13 1.614e-12
2.512e-13 1.947e+57 1.968e+32 1.972e-25 1.297e-13 1.630e-12
2.818e-13 1.561e+57 1.987e+32 1.990e-25 1.309e-13 1.645e-12
3.162e-13 1.251e+57 2.004e+32 2.007e-25 1.321e-13 1.659e-12
3.548e-13 1.002e+57 2.020e+32 2.024e-25 1.331e-13 1.673e-12
3.981e-13 8.015e+56 2.035e+32 2.039e-25 1.341e-13 1.685e-12
4.467e-13 6.410e+56 2.049e+32 2.053e-25 1.350e-13 1.697e-12
5.012e-13 5.124e+56 2.062e+32 2.065e-25 1.359e-13 1.707e-12
5.623e-13 4.093e+56 2.073e+32 2.077e-25 1.366e-13 1.717e-12
6.310e-13 3.267e+56 2.084e+32 2.087e-25 1.373e-13 1.726e-12
7.079e-13 2.606e+56 2.093e+32 2.096e-25 1.379e-13 1.733e-12
7.943e-13 2.078e+56 2.100e+32 2.104e-25 1.384e-13 1.739e-12
8.913e-13 1.655e+56 2.107e+32 2.110e-25 1.388e-13 1.745e-12
1.000e-12 1.318e+56 2.112e+32 2.116e-25 1.392e-13 1.749e-12
1.122e-12 inf inf inf inf inf
1.259e-12 inf inf inf inf inf
1.413e-12 inf inf inf inf inf
1.585e-12 inf inf inf inf inf
1.778e-12 inf inf inf inf inf
1.995e-12 inf inf inf inf inf
2.239e-12 inf inf inf inf inf
2.512e-12 inf inf inf inf inf
2.818e-12 inf inf inf inf inf
3.162e-12 inf inf inf inf inf
3.548e-12 inf inf inf inf inf
3.981e-12 inf inf inf inf inf
4.467e-12 inf inf inf inf inf
5.012e-12 inf inf inf inf inf
5.623e-12 inf inf inf inf inf
6.310e-12 3.154e+54 2.012e+32 2.015e-25 1.326e-13 1.666e-12
7.079e-12 2.484e+54 1.995e+32 1.998e-25 1.314e-13 1.652e-12
7.943e-12 1.955e+54 1.977e+32 1.980e-25 1.303e-13 1.637e-12
8.913e-12 1.538e+54 1.958e+32 1.961e-25 1.290e-13 1.621e-12
1.000e-11 1.209e+54 1.938e+32 1.941e-25 1.277e-13 1.605e-12
1.122e-11 9.502e+53 1.917e+32 1.920e-25 1.263e-13 1.587e-12
1.259e-11 7.461e+53 1.895e+32 1.898e-25 1.248e-13 1.569e-12
1.413e-11 5.855e+53 1.872e+32 1.875e-25 1.233e-13 1.550e-12
1.585e-11 4.592e+53 1.848e+32 1.851e-25 1.218e-13 1.530e-12
1.778e-11 3.599e+53 1.823e+32 1.826e-25 1.201e-13 1.510e-12
1.995e-11 2.819e+53 1.798e+32 1.801e-25 1.185e-13 1.489e-12
2.239e-11 2.206e+53 1.772e+32 1.775e-25 1.167e-13 1.467e-12
2.512e-11 1.726e+53 1.745e+32 1.748e-25 1.150e-13 1.445e-12
2.818e-11 1.349e+53 1.717e+32 1.720e-25 1.131e-13 1.422e-12
3.162e-11 1.054e+53 1.689e+32 1.692e-25 1.113e-13 1.398e-12
3.548e-11 8.229e+52 1.660e+32 1.663e-25 1.094e-13 1.374e-12
3.981e-11 6.420e+52 1.630e+32 1.633e-25 1.074e-13 1.350e-12
4.467e-11 5.006e+52 1.600e+32 1.603e-25 1.055e-13 1.325e-12
5.012e-11 3.901e+52 1.570e+32 1.572e-25 1.034e-13 1.300e-12
5.623e-11 3.037e+52 1.539e+32 1.541e-25 1.014e-13 1.274e-12
6.310e-11 2.363e+52 1.507e+32 1.510e-25 9.934e-14 1.248e-12
7.079e-11 1.838e+52 1.476e+32 1.478e-25 9.724e-14 1.222e-12
7.943e-11 1.428e+52 1.444e+32 1.446e-25 9.513e-14 1.195e-12
8.913e-11 1.109e+52 1.411e+32 1.414e-25 9.299e-14 1.169e-12
1.000e-10 8.604e+51 1.378e+32 1.381e-25 9.083e-14 1.141e-12
1.122e-10 6.671e+51 1.346e+32 1.348e-25 8.866e-14 1.114e-12
1.259e-10 5.168e+51 1.312e+32 1.315e-25 8.648e-14 1.087e-12
1.413e-10 4.001e+51 1.279e+32 1.281e-25 8.429e-14 1.059e-12
1.585e-10 3.095e+51 1.246e+32 1.248e-25 8.208e-14 1.032e-12
1.778e-10 2.393e+51 1.212e+32 1.214e-25 7.988e-14 1.004e-12
1.995e-10 1.848e+51 1.179e+32 1.181e-25 7.767e-14 9.760e-13
2.239e-10 1.426e+51 1.145e+32 1.147e-25 7.546e-14 9.482e-13
2.512e-10 1.100e+51 1.112e+32 1.113e-25 7.325e-14 9.205e-13
2.818e-10 8.472e+50 1.078e+32 1.080e-25 7.104e-14 8.928e-13
3.162e-10 6.521e+50 1.045e+32 1.047e-25 6.885e-14 8.652e-13
3.548e-10 5.015e+50 1.012e+32 1.013e-25 6.666e-14 8.377e-13
3.981e-10 3.854e+50 9.786e+31 9.803e-26 6.449e-14 8.103e-13
4.467e-10 2.959e+50 9.458e+31 9.474e-26 6.233e-14 7.832e-13
5.012e-10 2.269e+50 9.133e+31 9.148e-26 6.018e-14 7.563e-13
5.623e-10 1.739e+50 8.811e+31 8.826e-26 5.806e-14 7.296e-13
6.310e-10 1.331e+50 8.492e+31 8.506e-26 5.596e-14 7.032e-13
7.079e-10 1.018e+50 8.177e+31 8.191e-26 5.388e-14 6.771e-13
7.943e-10 7.781e+49 7.866e+31 7.879e-26 5.183e-14 6.514e-13
8.913e-10 5.940e+49 7.559e+31 7.572e-26 4.981e-14 6.260e-13
1.000e-09 4.530e+49 7.258e+31 7.270e-26 4.783e-14 6.010e-13
1.122e-09 3.451e+49 6.962e+31 6.973e-26 4.587e-14 5.765e-13
1.259e-09 2.627e+49 6.671e+31 6.682e-26 4.396e-14 5.524e-13
1.413e-09 1.998e+49 6.386e+31 6.397e-26 4.208e-14 5.288e-13
1.585e-09 1.518e+49 6.108e+31 6.119e-26 4.025e-14 5.058e-13
1.778e-09 1.152e+49 5.837e+31 5.847e-26 3.846e-14 4.833e-13
1.995e-09 8.736e+48 5.572e+31 5.582e-26 3.672e-14 4.614e-13
2.239e-09 6.620e+48 5.316e+31 5.325e-26 3.503e-14 4.402e-13
2.512e-09 5.012e+48 5.067e+31 5.075e-26 3.339e-14 4.196e-13
2.818e-09 3.792e+48 4.826e+31 4.834e-26 3.180e-14 3.996e-13
3.162e-09 2.867e+48 4.594e+31 4.602e-26 3.027e-14 3.804e-13
3.548e-09 2.167e+48 4.371e+31 4.379e-26 2.881e-14 3.620e-13
3.981e-09 1.637e+48 4.158e+31 4.165e-26 2.740e-14 3.443e-13
4.467e-09 1.237e+48 3.954e+31 3.961e-26 2.606e-14 3.274e-13
5.012e-09 9.345e+47 3.761e+31 3.767e-26 2.478e-14 3.114e-13
5.623e-09 7.062e+47 3.578e+31 3.584e-26 2.358e-14 2.963e-13
6.310e-09 5.340e+47 3.406e+31 3.412e-26 2.245e-14 2.821e-13
7.079e-09 4.042e+47 3.246e+31 3.252e-26 2.139e-14 2.688e-13
7.943e-09 3.064e+47 3.098e+31 3.103e-26 2.041e-14 2.565e-13
8.913e-09 2.327e+47 2.962e+31 2.967e-26 1.952e-14 2.453e-13
1.000e-08 1.772e+47 2.839e+31 2.844e-26 1.871e-14 2.351e-13
1.122e-08 1.353e+47 2.729e+31 2.734e-26 1.799e-14 2.260e-13
1.259e-08 1.037e+47 2.634e+31 2.638e-26 1.735e-14 2.181e-13
1.413e-08 7.984e+46 2.552e+31 2.557e-26 1.682e-14 2.114e-13
1.585e-08 6.177e+46 2.486e+31 2.490e-26 1.638e-14 2.059e-13
1.778e-08 4.807e+46 2.435e+31 2.439e-26 1.605e-14 2.017e-13
1.995e-08 3.763e+46 2.400e+31 2.404e-26 1.582e-14 1.988e-13
2.239e-08 2.966e+46 2.382e+31 2.386e-26 1.570e-14 1.973e-13
2.512e-08 2.355e+46 2.381e+31 2.385e-26 1.569e-14 1.971e-13
2.818e-08 1.883e+46 2.396e+31 2.400e-26 1.579e-14 1.984e-13
3.162e-08 1.516e+46 2.430e+31 2.434e-26 1.601e-14 2.012e-13
3.548e-08 1.230e+46 2.480e+31 2.485e-26 1.634e-14 2.054e-13
3.981e-08 1.004e+46 2.548e+31 2.553e-26 1.679e-14 2.110e-13
4.467e-08 8.234e+45 2.632e+31 2.637e-26 1.735e-14 2.180e-13
5.012e-08 6.786e+45 2.731e+31 2.735e-26 1.800e-14 2.261e-13
5.623e-08 5.604e+45 2.839e+31 2.844e-26 1.871e-14 2.351e-13
6.310e-08 4.571e+45 2.916e+31 2.920e-26 1.921e-14 2.414e-13
7.079e-08 3.833e+45 3.078e+31 3.083e-26 2.028e-14 2.549e-13
7.943e-08 3.222e+45 3.257e+31 3.262e-26 2.146e-14 2.697e-13
8.913e-08 2.712e+45 3.451e+31 3.457e-26 2.274e-14 2.858e-13
1.000e-07 2.284e+45 3.659e+31 3.666e-26 2.411e-14 3.030e-13
1.122e-07 1.922e+45 3.877e+31 3.883e-26 2.555e-14 3.210e-13
1.259e-07 1.612e+45 4.093e+31 4.100e-26 2.697e-14 3.390e-13
1.413e-07 1.346e+45 4.302e+31 4.309e-26 2.835e-14 3.562e-13
1.585e-07 1.138e+45 4.578e+31 4.586e-26 3.017e-14 3.791e-13
1.778e-07 9.597e+44 4.862e+31 4.871e-26 3.204e-14 4.026e-13
1.995e-07 8.066e+44 5.144e+31 5.153e-26 3.390e-14 4.260e-13
2.239e-07 6.742e+44 5.413e+31 5.423e-26 3.567e-14 4.483e-13
2.512e-07 5.689e+44 5.751e+31 5.761e-26 3.790e-14 4.762e-13
2.818e-07 4.781e+44 6.084e+31 6.095e-26 4.009e-14 5.038e-13
3.162e-07 3.994e+44 6.399e+31 6.410e-26 4.217e-14 5.299e-13
3.548e-07 3.363e+44 6.783e+31 6.794e-26 4.470e-14 5.617e-13
3.981e-07 2.800e+44 7.110e+31 7.122e-26 4.685e-14 5.888e-13
4.467e-07 2.359e+44 7.540e+31 7.553e-26 4.968e-14 6.244e-13
5.012e-07 1.973e+44 7.942e+31 7.955e-26 5.233e-14 6.576e-13
5.623e-07 1.728e+44 8.753e+31 8.768e-26 5.768e-14 7.248e-13
6.310e-07 1.446e+44 9.222e+31 9.238e-26 6.077e-14 7.637e-13
7.079e-07 1.217e+44 9.770e+31 9.787e-26 6.438e-14 8.090e-13
7.943e-07 1.018e+44 1.029e+32 1.031e-25 6.780e-14 8.520e-13
8.913e-07 8.586e+43 1.093e+32 1.095e-25 7.201e-14 9.049e-13
1.000e-06 7.451e+43 1.194e+32 1.196e-25 7.866e-14 9.885e-13
1.122e-06 6.226e+43 1.256e+32 1.258e-25 8.275e-14 1.040e-12
1.259e-06 5.414e+43 1.375e+32 1.377e-25 9.059e-14 1.138e-12
1.413e-06 4.683e+43 1.497e+32 1.500e-25 9.865e-14 1.240e-12
1.585e-06 3.898e+43 1.569e+32 1.571e-25 1.034e-13 1.299e-12
1.778e-06 3.348e+43 1.696e+32 1.699e-25 1.118e-13 1.405e-12
1.995e-06 2.903e+43 1.852e+32 1.855e-25 1.220e-13 1.533e-12
2.239e-06 2.411e+43 1.936e+32 1.939e-25 1.276e-13 1.603e-12
2.512e-06 2.070e+43 2.092e+32 2.096e-25 1.379e-13 1.732e-12
2.818e-06 1.775e+43 2.259e+32 2.263e-25 1.489e-13 1.871e-12
3.162e-06 1.463e+43 2.344e+32 2.348e-25 1.545e-13 1.941e-12
3.548e-06 1.249e+43 2.520e+32 2.524e-25 1.661e-13 2.087e-12
3.981e-06 1.078e+43 2.738e+32 2.743e-25 1.804e-13 2.268e-12
4.467e-06 8.892e+42 2.843e+32 2.847e-25 1.873e-13 2.354e-12
5.012e-06 7.597e+42 3.057e+32 3.063e-25 2.015e-13 2.532e-12
5.623e-06 6.489e+42 3.288e+32 3.293e-25 2.167e-13 2.723e-12
6.310e-06 5.544e+42 3.536e+32 3.542e-25 2.330e-13 2.928e-12
7.079e-06 4.536e+42 3.643e+32 3.649e-25 2.400e-13 3.016e-12
7.943e-06 3.865e+42 3.907e+32 3.914e-25 2.575e-13 3.235e-12
8.913e-06 3.297e+42 4.196e+32 4.204e-25 2.765e-13 3.475e-12
1.000e-05 2.819e+42 4.516e+32 4.523e-25 2.976e-13 3.739e-12
1.122e-05 2.416e+42 4.872e+32 4.880e-25 3.211e-13 4.035e-12
1.259e-05 1.979e+42 5.026e+32 5.035e-25 3.312e-13 4.162e-12
1.413e-05 1.704e+42 5.446e+32 5.455e-25 3.589e-13 4.510e-12
1.585e-05 1.475e+42 5.935e+32 5.945e-25 3.911e-13 4.915e-12
1.778e-05 1.286e+42 6.514e+32 6.525e-25 4.293e-13 5.394e-12
1.995e-05 1.130e+42 7.208e+32 7.221e-25 4.750e-13 5.969e-12
2.239e-05 1.002e+42 8.049e+32 8.063e-25 5.304e-13 6.665e-12
2.512e-05 8.980e+41 9.078e+32 9.094e-25 5.982e-13 7.518e-12
2.818e-05 7.847e+41 9.986e+32 1.000e-24 6.581e-13 8.269e-12
3.162e-05 7.205e+41 1.154e+33 1.156e-24 7.606e-13 9.558e-12
3.548e-05 6.675e+41 1.346e+33 1.349e-24 8.872e-13 1.115e-11
3.981e-05 6.238e+41 1.584e+33 1.587e-24 1.044e-12 1.312e-11
4.467e-05 5.875e+41 1.878e+33 1.881e-24 1.238e-12 1.555e-11
5.012e-05 5.567e+41 2.241e+33 2.244e-24 1.476e-12 1.855e-11
5.623e-05 5.300e+41 2.685e+33 2.690e-24 1.770e-12 2.224e-11
6.310e-05 5.061e+41 3.228e+33 3.234e-24 2.127e-12 2.673e-11
7.079e-05 4.825e+41 3.874e+33 3.881e-24 2.553e-12 3.208e-11
7.943e-05 4.577e+41 4.627e+33 4.635e-24 3.049e-12 3.832e-11
8.913e-05 4.334e+41 5.516e+33 5.526e-24 3.635e-12 4.568e-11
1.000e-04 4.092e+41 6.556e+33 6.567e-24 4.320e-12 5.429e-11
1.122e-04 3.847e+41 7.760e+33 7.774e-24 5.114e-12 6.426e-11
1.259e-04 3.600e+41 9.141e+33 9.157e-24 6.024e-12 7.570e-11
1.413e-04 3.349e+41 1.071e+34 1.073e-23 7.055e-12 8.866e-11
1.585e-04 3.096e+41 1.246e+34 1.248e-23 8.212e-12 1.032e-10
1.778e-04 2.843e+41 1.441e+34 1.443e-23 9.492e-12 1.193e-10
1.995e-04 2.592e+41 1.653e+34 1.656e-23 1.089e-11 1.369e-10
2.239e-04 2.330e+41 1.871e+34 1.874e-23 1.233e-11 1.549e-10
2.512e-04 2.091e+41 2.114e+34 2.118e-23 1.393e-11 1.751e-10
2.818e-04 1.863e+41 2.371e+34 2.375e-23 1.563e-11 1.964e-10
3.162e-04 1.648e+41 2.640e+34 2.644e-23 1.739e-11 2.186e-10
3.548e-04 1.447e+41 2.918e+34 2.923e-23 1.923e-11 2.416e-10
3.981e-04 1.262e+41 3.205e+34 3.210e-23 2.112e-11 2.654e-10
4.467e-04 1.094e+41 3.497e+34 3.503e-23 2.305e-11 2.896e-10
5.012e-04 9.434e+40 3.797e+34 3.803e-23 2.502e-11 3.144e-10
5.623e-04 8.095e+40 4.101e+34 4.108e-23 2.703e-11 3.396e-10
6.310e-04 6.912e+40 4.409e+34 4.416e-23 2.905e-11 3.651e-10
7.079e-04 5.875e+40 4.718e+34 4.726e-23 3.109e-11 3.907e-10
7.943e-04 4.971e+40 5.025e+34 5.033e-23 3.311e-11 4.161e-10
8.913e-04 4.187e+40 5.329e+34 5.338e-23 3.511e-11 4.412e-10
1.000e-03 3.512e+40 5.627e+34 5.637e-23 3.708e-11 4.660e-10
1.122e-03 2.935e+40 5.920e+34 5.930e-23 3.901e-11 4.902e-10
1.259e-03 2.444e+40 6.206e+34 6.216e-23 4.089e-11 5.139e-10
1.413e-03 2.028e+40 6.485e+34 6.496e-23 4.273e-11 5.370e-10
1.585e-03 1.679e+40 6.757e+34 6.768e-23 4.452e-11 5.595e-10
1.778e-03 1.386e+40 7.025e+34 7.036e-23 4.629e-11 5.817e-10
1.995e-03 1.143e+40 7.290e+34 7.303e-23 4.804e-11 6.037e-10
2.239e-03 9.412e+39 7.558e+34 7.571e-23 4.980e-11 6.259e-10
2.512e-03 7.746e+39 7.831e+34 7.844e-23 5.160e-11 6.484e-10
2.818e-03 6.373e+39 8.111e+34 8.125e-23 5.345e-11 6.716e-10
3.162e-03 5.242e+39 8.399e+34 8.414e-23 5.535e-11 6.955e-10
3.548e-03 4.310e+39 8.694e+34 8.709e-23 5.729e-11 7.200e-10
3.981e-03 3.541e+39 8.992e+34 9.008e-23 5.926e-11 7.446e-10
4.467e-03 2.907e+39 9.293e+34 9.309e-23 6.124e-11 7.696e-10
5.012e-03 2.385e+39 9.598e+34 9.614e-23 6.325e-11 7.948e-10
5.623e-03 1.955e+39 9.907e+34 9.923e-23 6.528e-11 8.203e-10
6.310e-03 1.602e+39 1.022e+35 1.024e-22 6.734e-11 8.462e-10
7.079e-03 1.312e+39 1.053e+35 1.055e-22 6.941e-11 8.722e-10
7.943e-03 1.073e+39 1.085e+35 1.087e-22 7.150e-11 8.985e-10
8.913e-03 8.774e+38 1.117e+35 1.119e-22 7.358e-11 9.247e-10
1.000e-02 7.167e+38 1.148e+35 1.150e-22 7.566e-11 9.508e-10
1.122e-02 5.847e+38 1.179e+35 1.181e-22 7.772e-11 9.766e-10
1.259e-02 4.766e+38 1.210e+35 1.212e-22 7.974e-11 1.002e-09
1.413e-02 3.880e+38 1.240e+35 1.242e-22 8.173e-11 1.027e-09
1.585e-02 3.155e+38 1.270e+35 1.272e-22 8.368e-11 1.052e-09
1.778e-02 2.564e+38 1.299e+35 1.301e-22 8.559e-11 1.076e-09
1.995e-02 2.081e+38 1.328e+35 1.330e-22 8.748e-11 1.099e-09
2.239e-02 1.689e+38 1.356e+35 1.358e-22 8.936e-11 1.123e-09
2.512e-02 1.369e+38 1.384e+35 1.387e-22 9.123e-11 1.146e-09
2.818e-02 1.110e+38 1.413e+35 1.415e-22 9.310e-11 1.170e-09
3.162e-02 8.997e+37 1.441e+35 1.444e-22 9.499e-11 1.194e-09
3.548e-02 7.291e+37 1.471e+35 1.473e-22 9.690e-11 1.218e-09
3.981e-02 5.908e+37 1.500e+35 1.503e-22 9.885e-11 1.242e-09
4.467e-02 4.787e+37 1.530e+35 1.533e-22 1.008e-10 1.267e-09
5.012e-02 3.878e+37 1.561e+35 1.563e-22 1.028e-10 1.292e-09
5.623e-02 3.141e+37 1.591e+35 1.594e-22 1.049e-10 1.318e-09
6.310e-02 2.543e+37 1.622e+35 1.625e-22 1.069e-10 1.343e-09
7.079e-02 2.058e+37 1.653e+35 1.655e-22 1.089e-10 1.369e-09
7.943e-02 1.664e+37 1.682e+35 1.685e-22 1.109e-10 1.393e-09
8.913e-02 1.344e+37 1.711e+35 1.714e-22 1.127e-10 1.417e-09
1.000e-01 1.085e+37 1.738e+35 1.741e-22 1.145e-10 1.439e-09
1.122e-01 8.740e+36 1.763e+35 1.766e-22 1.162e-10 1.460e-09
1.259e-01 7.035e+36 1.786e+35 1.789e-22 1.177e-10 1.479e-09
1.413e-01 5.656e+36 1.808e+35 1.811e-22 1.191e-10 1.497e-09
1.585e-01 4.541e+36 1.827e+35 1.830e-22 1.204e-10 1.513e-09
1.778e-01 3.640e+36 1.844e+35 1.848e-22 1.215e-10 1.527e-09
1.995e-01 2.914e+36 1.859e+35 1.862e-22 1.225e-10 1.539e-09
2.239e-01 2.330e+36 1.871e+35 1.874e-22 1.233e-10 1.549e-09
2.512e-01 1.859e+36 1.880e+35 1.883e-22 1.239e-10 1.556e-09
2.818e-01 1.482e+36 1.885e+35 1.889e-22 1.242e-10 1.561e-09
3.162e-01 1.178e+36 1.888e+35 1.891e-22 1.244e-10 1.563e-09
3.548e-01 9.357e+35 1.887e+35 1.891e-22 1.244e-10 1.563e-09
3.981e-01 7.416e+35 1.883e+35 1.886e-22 1.241e-10 1.559e-09
4.467e-01 5.865e+35 1.875e+35 1.878e-22 1.236e-10 1.553e-09
5.012e-01 4.630e+35 1.863e+35 1.866e-22 1.228e-10 1.543e-09
5.623e-01 3.646e+35 1.847e+35 1.851e-22 1.217e-10 1.530e-09
6.310e-01 2.865e+35 1.828e+35 1.831e-22 1.204e-10 1.513e-09
7.079e-01 2.246e+35 1.804e+35 1.807e-22 1.189e-10 1.494e-09
7.943e-01 1.757e+35 1.776e+35 1.779e-22 1.170e-10 1.471e-09
8.913e-01 1.370e+35 1.744e+35 1.747e-22 1.149e-10 1.444e-09
1.000e+00 1.066e+35 1.708e+35 1.711e-22 1.125e-10 1.414e-09
1.122e+00 8.268e+34 1.668e+35 1.671e-22 1.099e-10 1.381e-09
1.259e+00 6.395e+34 1.624e+35 1.627e-22 1.070e-10 1.345e-09
1.413e+00 4.930e+34 1.576e+35 1.579e-22 1.039e-10 1.305e-09
1.585e+00 3.788e+34 1.525e+35 1.527e-22 1.005e-10 1.263e-09
1.778e+00 2.901e+34 1.470e+35 1.472e-22 9.686e-11 1.217e-09
1.995e+00 2.214e+34 1.412e+35 1.415e-22 9.305e-11 1.169e-09
2.239e+00 1.683e+34 1.352e+35 1.354e-22 8.906e-11 1.119e-09
2.512e+00 1.275e+34 1.289e+35 1.291e-22 8.491e-11 1.067e-09
2.818e+00 9.613e+33 1.223e+35 1.225e-22 8.062e-11 1.013e-09
3.162e+00 7.219e+33 1.157e+35 1.159e-22 7.622e-11 9.578e-10
3.548e+00 5.397e+33 1.089e+35 1.090e-22 7.173e-11 9.014e-10
3.981e+00 4.016e+33 1.020e+35 1.022e-22 6.720e-11 8.445e-10
4.467e+00 2.974e+33 9.507e+34 9.523e-23 6.264e-11 7.872e-10
5.012e+00 2.191e+33 8.817e+34 8.832e-23 5.810e-11 7.301e-10
5.623e+00 1.605e+33 8.133e+34 8.147e-23 5.360e-11 6.735e-10
6.310e+00 1.170e+33 7.461e+34 7.473e-23 4.916e-11 6.178e-10
7.079e+00 8.473e+32 6.804e+34 6.815e-23 4.483e-11 5.634e-10
7.943e+00 6.099e+32 6.166e+34 6.176e-23 4.063e-11 5.106e-10
8.913e+00 4.363e+32 5.552e+34 5.561e-23 3.659e-11 4.597e-10
1.000e+01 3.099e+32 4.965e+34 4.974e-23 3.272e-11 4.111e-10
1.122e+01 2.186e+32 4.409e+34 4.416e-23 2.905e-11 3.651e-10
1.259e+01 1.530e+32 3.885e+34 3.892e-23 2.560e-11 3.217e-10
1.413e+01 1.062e+32 3.396e+34 3.402e-23 2.238e-11 2.812e-10
1.585e+01 7.316e+31 2.944e+34 2.949e-23 1.940e-11 2.438e-10
1.778e+01 4.994e+31 2.530e+34 2.534e-23 1.667e-11 2.095e-10
1.995e+01 3.377e+31 2.154e+34 2.157e-23 1.419e-11 1.783e-10
2.239e+01 2.261e+31 1.815e+34 1.818e-23 1.196e-11 1.503e-10
2.512e+01 1.498e+31 1.514e+34 1.516e-23 9.976e-12 1.254e-10
2.818e+01 9.810e+30 1.249e+34 1.251e-23 8.227e-12 1.034e-10
3.162e+01 6.351e+30 1.018e+34 1.019e-23 6.705e-12 8.426e-11
3.548e+01 4.059e+30 8.188e+33 8.202e-24 5.396e-12 6.780e-11
3.981e+01 2.560e+30 6.501e+33 6.512e-24 4.284e-12 5.383e-11
4.467e+01 1.591e+30 5.088e+33 5.096e-24 3.352e-12 4.213e-11
5.012e+01 9.743e+29 3.921e+33 3.928e-24 2.584e-12 3.247e-11
5.623e+01 5.867e+29 2.973e+33 2.978e-24 1.959e-12 2.462e-11
6.310e+01 3.472e+29 2.215e+33 2.218e-24 1.459e-12 1.834e-11
7.079e+01 2.016e+29 1.619e+33 1.622e-24 1.067e-12 1.341e-11
7.943e+01 1.148e+29 1.160e+33 1.162e-24 7.645e-13 9.607e-12
8.913e+01 6.393e+28 8.136e+32 8.149e-25 5.361e-13 6.737e-12
1.000e+02 3.479e+28 5.574e+32 5.583e-25 3.673e-13 4.616e-12
1.122e+02 1.847e+28 3.724e+32 3.731e-25 2.454e-13 3.084e-12
1.259e+02 9.540e+27 2.423e+32 2.427e-25 1.596e-13 2.006e-12
1.413e+02 4.788e+27 1.531e+32 1.533e-25 1.009e-13 1.267e-12
1.585e+02 2.329e+27 9.372e+31 9.388e-26 6.176e-14 7.760e-13
1.778e+02 1.095e+27 5.546e+31 5.556e-26 3.655e-14 4.593e-13
1.995e+02 4.960e+26 3.164e+31 3.169e-26 2.085e-14 2.620e-13
2.239e+02 2.160e+26 1.734e+31 1.737e-26 1.143e-14 1.436e-13
2.512e+02 9.004e+25 9.102e+30 9.117e-27 5.998e-15 7.537e-14
2.818e+02 3.581e+25 4.557e+30 4.564e-27 3.003e-15 3.773e-14
3.162e+02 1.352e+25 2.167e+30 2.171e-27 1.428e-15 1.794e-14
3.548e+02 4.830e+24 9.742e+29 9.758e-28 6.419e-16 8.067e-15
3.981e+02 1.622e+24 4.119e+29 4.126e-28 2.714e-16 3.411e-15
4.467e+02 5.094e+23 1.628e+29 1.631e-28 1.073e-16 1.348e-15
5.012e+02 1.486e+23 5.980e+28 5.991e-29 3.941e-17 4.952e-16
5.623e+02 3.998e+22 2.026e+28 2.029e-29 1.335e-17 1.677e-16
6.310e+02 9.843e+21 6.278e+27 6.289e-30 4.137e-18 5.199e-17
7.079e+02 2.197e+21 1.764e+27 1.767e-30 1.163e-18 1.461e-17
7.943e+02 4.402e+20 4.450e+26 4.457e-31 2.932e-19 3.685e-18
8.913e+02 7.825e+19 9.959e+25 9.976e-32 6.562e-20 8.247e-19
1.000e+03 1.218e+19 1.952e+25 1.955e-32 1.286e-20 1.616e-19
1.122e+03 1.641e+18 3.309e+24 3.315e-33 2.181e-21 2.740e-20
1.259e+03 1.879e+17 4.770e+23 4.778e-34 3.143e-22 3.950e-21
1.413e+03 1.797e+16 5.743e+22 5.753e-35 3.785e-23 4.756e-22
1.585e+03 1.406e+15 5.659e+21 5.669e-36 3.729e-24 4.686e-23
1.778e+03 8.801e+13 4.459e+20 4.466e-37 2.938e-25 3.692e-24
1.995e+03 4.290e+12 2.736e+19 2.741e-38 1.803e-26 2.266e-25
2.239e+03 1.581e+11 1.269e+18 1.272e-39 8.365e-28 1.051e-26
2.512e+03 4.258e+09 4.305e+16 4.312e-41 2.836e-29 3.564e-28
2.818e+03 8.078e+07 1.028e+15 1.030e-42 6.775e-31 8.513e-30
3.162e+03 1.038e+06 1.664e+13 1.666e-44 1.096e-32 1.378e-31
3.548e+03 8.699e+03 1.755e+11 1.758e-46 1.156e-34 1.453e-33
3.981e+03 4.582e+01 1.164e+09 1.166e-48 7.668e-37 9.635e-36
4.467e+03 1.465e-01 4.683e+06 4.691e-51 3.086e-39 3.878e-38
5.012e+03 2.717e-04 1.093e+04 1.095e-53 7.206e-42 9.055e-41
5.623e+03 2.726e-07 1.381e+01 1.384e-56 9.101e-45 1.144e-43
6.310e+03 1.339e-10 8.538e-03 8.552e-60 5.626e-48 7.070e-47
7.079e+03 2.852e-14 2.290e-06 2.294e-63 1.509e-51 1.896e-50
7.943e+03 2.317e-18 2.342e-10 2.346e-67 1.543e-55 1.939e-54
8.913e+03 6.263e-23 7.971e-15 7.985e-72 5.253e-60 6.601e-59
1.000e+04 0.000e+00 0.000e+00 0.000e+00 0.000e+00 0.000e+00
1.122e+04 0.000e+00 0.000e+00 0.000e+00 0.000e+00 0.000e+00
1.259e+04 0.000e+00 0.000e+00 0.000e+00 0.000e+00 0.000e+00
1.413e+04 0.000e+00 0.000e+00 0.000e+00 0.000e+00 0.000e+00
1.585e+04 0.000e+00 0.000e+00 0.000e+00 0.000e+00 0.000e+00
1.778e+04 0.000e+00 0.000e+00 0.000e+00 0.000e+00 0.000e+00
1.995e+04 0.000e+00 0.000e+00 0.000e+00 0.000e+00 0.000e+00
2.239e+04 0.000e+00 0.000e+00 0.000e+00 0.000e+00 0.000e+00
2.512e+04 0.000e+00 0.000e+00 0.000e+00 0.000e+00 0.000e+00
2.818e+04 0.000e+00 0.000e+00 0.000e+00 0.000e+00 0.000e+00
3.162e+04 0.000e+00 0.000e+00 0.000e+00 0.000e+00 0.000e+00
3.548e+04 0.000e+00 0.000e+00 0.000e+00 0.000e+00 0.000e+00
3.981e+04 0.000e+00 0.000e+00 0.000e+00 0.000e+00 0.000e+00
4.467e+04 0.000e+00 0.000e+00 0.000e+00 0.000e+00 0.000e+00
5.012e+04 0.000e+00 0.000e+00 0.000e+00 0.000e+00 0.000e+00
5.623e+04 0.000e+00 0.000e+00 0.000e+00 0.000e+00 0.000e+00
6.310e+04 0.000e+00 0.000e+00 0.000e+00 0.000e+00 0.000e+00
7.079e+04 0.000e+00 0.000e+00 0.000e+00 0.000e+00 0.000e+00
7.943e+04 0.000e+00 0.000e+00 0.000e+00 0.000e+00 0.000e+00
8.913e+04 0.000e+00 0.000e+00 0.000e+00 0.000e+00 0.000e+00
1.000e+05 0.000e+00 0.000e+00 0.000e+00 0.000e+00 0.000e+00
1.122e+05 0.000e+00 0.000e+00 0.000e+00 0.000e+00 0.000e+00
1.259e+05 0.000e+00 0.000e+00 0.000e+00 0.000e+00 0.000e+00
1.413e+05 0.000e+00 0.000e+00 0.000e+00 0.000e+00 0.000e+00
1.585e+05 0.000e+00 0.000e+00 0.000e+00 0.000e+00 0.000e+00
1.778e+05 0.000e+00 0.000e+00 0.000e+00 0.000e+00 0.000e+00
1.995e+05 0.000e+00 0.000e+00 0.000e+00 0.000e+00 0.000e+00
2.239e+05 0.000e+00 0.000e+00 0.000e+00 0.000e+00 0.000e+00
2.512e+05 0.000e+00 0.000e+00 0.000e+00 0.000e+00 0.000e+00
2.818e+05 0.000e+00 0.000e+00 0.000e+00 0.000e+00 0.000e+00
3.162e+05 0.000e+00 0.000e+00 0.000e+00 0.000e+00 0.000e+00
3.548e+05 0.000e+00 0.000e+00 0.000e+00 0.000e+00 0.000e+00
3.981e+05 0.000e+00 0.000e+00 0.000e+00 0.000e+00 0.000e+00
4.467e+05 0.000e+00 0.000e+00 0.000e+00 0.000e+00 0.000e+00
5.012e+05 0.000e+00 0.000e+00 0.000e+00 0.000e+00 0.000e+00
5.623e+05 0.000e+00 0.000e+00 0.000e+00 0.000e+00 0.000e+00
6.310e+05 0.000e+00 0.000e+00 0.000e+00 0.000e+00 0.000e+00
7.079e+05 0.000e+00 0.000e+00 0.000e+00 0.000e+00 0.000e+00
7.943e+05 0.000e+00 0.000e+00 0.000e+00 0.000e+00 0.000e+00
8.913e+05 0.000e+00 0.000e+00 0.000e+00 0.000e+00 0.000e+00
1.000e+06 0.000e+00 0.000e+00 0.000e+00 0.000e+00 0.000e+00
1.122e+06 0.000e+00 0.000e+00 0.000e+00 0.000e+00 0.000e+00
1.259e+06 0.000e+00 0.000e+00 0.000e+00 0.000e+00 0.000e+00
1.413e+06 0.000e+00 0.000e+00 0.000e+00 0.000e+00 0.000e+00
1.585e+06 0.000e+00 0.000e+00 0.000e+00 0.000e+00 0.000e+00
1.778e+06 0.000e+00 0.000e+00 0.000e+00 0.000e+00 0.000e+00
1.995e+06 0.000e+00 0.000e+00 0.000e+00 0.000e+00 0.000e+00
2.239e+06 0.000e+00 0.000e+00 0.000e+00 0.000e+00 0.000e+00
2.512e+06 0.000e+00 0.000e+00 0.000e+00 0.000e+00 0.000e+00
2.818e+06 0.000e+00 0.000e+00 0.000e+00 0.000e+00 0.000e+00
3.162e+06 0.000e+00 0.000e+00 0.000e+00 0.000e+00 0.000e+00
3.548e+06 0.000e+00 0.000e+00 0.000e+00 0.000e+00 0.000e+00
3.981e+06 0.000e+00 0.000e+00 0.000e+00 0.000e+00 0.000e+00
4.467e+06 0.000e+00 0.000e+00 0.000e+00 0.000e+00 0.000e+00
5.012e+06 0.000e+00 0.000e+00 0.000e+00 0.000e+00 0.000e+00
5.623e+06 0.000e+00 0.000e+00 0.000e+00 0.000e+00 0.000e+00
6.310e+06 0.000e+00 0.000e+00 0.000e+00 0.000e+00 0.000e+00
7.079e+06 0.000e+00 0.000e+00 0.000e+00 0.000e+00 0.000e+00
7.943e+06 0.000e+00 0.000e+00 0.000e+00 0.000e+00 0.000e+00
8.913e+06 0.000e+00 0.000e+00 0.000e+00 0.000e+00 0.000e+00
1.000e+07 0.000e+00 0.000e+00 0.000e+00 0.000e+00 0.000e+00
1.122e+07 0.000e+00 0.000e+00 0.000e+00 0.000e+00 0.000e+00
1.259e+07 0.000e+00 0.000e+00 0.000e+00 0.000e+00 0.000e+00
1.413e+07 0.000e+00 0.000e+00 0.000e+00 0.000e+00 0.000e+00
1.585e+07 0.000e+00 0.000e+00 0.000e+00 0.000e+00 0.000e+00
1.778e+07 0.000e+00 0.000e+00 0.000e+00 0.000e+00 0.000e+00
1.995e+07 0.000e+00 0.000e+00 0.000e+00 0.000e+00 0.000e+00
2.239e+07 0.000e+00 0.000e+00 0.000e+00 0.000e+00 0.000e+00
2.512e+07 0.000e+00 0.000e+00 0.000e+00 0.000e+00 0.000e+00
2.818e+07 0.000e+00 0.000e+00 0.000e+00 0.000e+00 0.000e+00
3.162e+07 0.000e+00 0.000e+00 0.000e+00 0.000e+00 0.000e+00
3.548e+07 0.000e+00 0.000e+00 0.000e+00 0.000e+00 0.000e+00
3.981e+07 0.000e+00 0.000e+00 0.000e+00 0.000e+00 0.000e+00
4.467e+07 0.000e+00 0.000e+00 0.000e+00 0.000e+00 0.000e+00
5.012e+07 0.000e+00 0.000e+00 0.000e+00 0.000e+00 0.000e+00
5.623e+07 0.000e+00 0.000e+00 0.000e+00 0.000e+00 0.000e+00
6.310e+07 0.000e+00 0.000e+00 0.000e+00 0.000e+00 0.000e+00
7.079e+07 0.000e+00 0.000e+00 0.000e+00 0.000e+00 0.000e+00
7.943e+07 0.000e+00 0.000e+00 0.000e+00 0.000e+00 0.000e+00
8.913e+07 0.000e+00 0.000e+00 0.000e+00 0.000e+00 0.000e+00
1.000e+08 0.000e+00 0.000e+00 0.000e+00 0.000e+00 0.000e+00
