1.000e-20 0.000e+00 0.000e+00 0.000e+00 0.000e+00 0.000e+00
1.122e-20 0.000e+00 0.000e+00 0.000e+00 0.000e+00 0.000e+00
1.259e-20 0.000e+00 0.000e+00 0.000e+00 0.000e+00 0.000e+00
1.413e-20 0.000e+00 0.000e+00 0.000e+00 0.000e+00 0.000e+00
1.585e-20 0.000e+00 0.000e+00 0.000e+00 0.000e+00 0.000e+00
1.778e-20 0.000e+00 0.000e+00 0.000e+00 0.000e+00 0.000e+00
1.995e-20 0.000e+00 0.000e+00 0.000e+00 0.000e+00 0.000e+00
2.239e-20 0.000e+00 0.000e+00 0.000e+00 0.000e+00 0.000e+00
2.512e-20 0.000e+00 0.000e+00 0.000e+00 0.000e+00 0.000e+00
2.818e-20 0.000e+00 0.000e+00 0.000e+00 0.000e+00 0.000e+00
3.162e-20 0.000e+00 0.000e+00 0.000e+00 0.000e+00 0.000e+00
3.548e-20 0.000e+00 0.000e+00 0.000e+00 0.000e+00 0.000e+00
3.981e-20 0.000e+00 0.000e+00 0.000e+00 0.000e+00 0.000e+00
4.467e-20 0.000e+00 0.000e+00 0.000e+00 0.000e+00 0.000e+00
5.012e-20 0.000e+00 0.000e+00 0.000e+00 0.000e+00 0.000e+00
5.623e-20 0.000e+00 0.000e+00 0.000e+00 0.000e+00 0.000e+00
6.310e-20 0.000e+00 0.000e+00 0.000e+00 0.000e+00 0.000e+00
7.079e-20 0.000e+00 0.000e+00 0.000e+00 0.000e+00 0.000e+00
7.943e-20 0.000e+00 0.000e+00 0.000e+00 0.000e+00 0.000e+00
8.913e-20 0.000e+00 0.000e+00 0.000e+00 0.000e+00 0.000e+00
1.000e-19 0.000e+00 0.000e+00 0.000e+00 0.000e+00 0.000e+00
1.122e-19 0.000e+00 0.000e+00 0.000e+00 0.000e+00 0.000e+00
1.259e-19 0.000e+00 0.000e+00 0.000e+00 0.000e+00 0.000e+00
1.413e-19 0.000e+00 0.000e+00 0.000e+00 0.000e+00 0.000e+00
1.585e-19 0.000e+00 0.000e+00 0.000e+00 0.000e+00 0.000e+00
1.778e-19 0.000e+00 0.000e+00 0.000e+00 0.000e+00 0.000e+00
1.995e-19 0.000e+00 0.000e+00 0.000e+00 0.000e+00 0.000e+00
2.239e-19 0.000e+00 0.000e+00 0.000e+00 0.000e+00 0.000e+00
2.512e-19 0.000e+00 0.000e+00 0.000e+00 0.000e+00 0.000e+00
2.818e-19 0.000e+00 0.000e+00 0.000e+00 0.000e+00 0.000e+00
3.162e-19 0.000e+00 0.000e+00 0.000e+00 0.000e+00 0.000e+00
3.548e-19 0.000e+00 0.000e+00 0.000e+00 0.000e+00 0.000e+00
3.981e-19 0.000e+00 0.000e+00 0.000e+00 0.000e+00 0.000e+00
4.467e-19 0.000e+00 0.000e+00 0.000e+00 0.000e+00 0.000e+00
5.012e-19 0.000e+00 0.000e+00 0.000e+00 0.000e+00 0.000e+00
5.623e-19 0.000e+00 0.000e+00 0.000e+00 0.000e+00 0.000e+00
6.310e-19 0.000e+00 0.000e+00 0.000e+00 0.000e+00 0.000e+00
7.079e-19 0.000e+00 0.000e+00 0.000e+00 0.000e+00 0.000e+00
7.943e-19 0.000e+00 0.000e+00 0.000e+00 0.000e+00 0.000e+00
8.913e-19 0.000e+00 0.000e+00 0.000e+00 0.000e+00 0.000e+00
1.000e-18 0.000e+00 0.000e+00 0.000e+00 0.000e+00 0.000e+00
1.122e-18 0.000e+00 0.000e+00 0.000e+00 0.000e+00 0.000e+00
1.259e-18 0.000e+00 0.000e+00 0.000e+00 0.000e+00 0.000e+00
1.413e-18 0.000e+00 0.000e+00 0.000e+00 0.000e+00 0.000e+00
1.585e-18 0.000e+00 0.000e+00 0.000e+00 0.000e+00 0.000e+00
1.778e-18 0.000e+00 0.000e+00 0.000e+00 0.000e+00 0.000e+00
1.995e-18 0.000e+00 0.000e+00 0.000e+00 0.000e+00 0.000e+00
2.239e-18 0.000e+00 0.000e+00 0.000e+00 0.000e+00 0.000e+00
2.512e-18 0.000e+00 0.000e+00 0.000e+00 0.000e+00 0.000e+00
2.818e-18 0.000e+00 0.000e+00 0.000e+00 0.000e+00 0.000e+00
3.162e-18 0.000e+00 0.000e+00 0.000e+00 0.000e+00 0.000e+00
3.548e-18 0.000e+00 0.000e+00 0.000e+00 0.000e+00 0.000e+00
3.981e-18 0.000e+00 0.000e+00 0.000e+00 0.000e+00 0.000e+00
4.467e-18 0.000e+00 0.000e+00 0.000e+00 0.000e+00 0.000e+00
5.012e-18 0.000e+00 0.000e+00 0.000e+00 0.000e+00 0.000e+00
5.623e-18 0.000e+00 0.000e+00 0.000e+00 0.000e+00 0.000e+00
6.310e-18 0.000e+00 0.000e+00 0.000e+00 0.000e+00 0.000e+00
7.079e-18 0.000e+00 0.000e+00 0.000e+00 0.000e+00 0.000e+00
7.943e-18 0.000e+00 0.000e+00 0.000e+00 0.000e+00 0.000e+00
8.913e-18 0.000e+00 0.000e+00 0.000e+00 0.000e+00 0.000e+00
1.000e-17 0.000e+00 0.000e+00 0.000e+00 0.000e+00 0.000e+00
1.122e-17 0.000e+00 0.000e+00 0.000e+00 0.000e+00 0.000e+00
1.259e-17 0.000e+00 0.000e+00 0.000e+00 0.000e+00 0.000e+00
1.413e-17 0.000e+00 0.000e+00 0.000e+00 0.000e+00 0.000e+00
1.585e-17 0.000e+00 0.000e+00 0.000e+00 0.000e+00 0.000e+00
1.778e-17 0.000e+00 0.000e+00 0.000e+00 0.000e+00 0.000e+00
1.995e-17 0.000e+00 0.000e+00 0.000e+00 0.000e+00 0.000e+00
2.239e-17 0.000e+00 0.000e+00 0.000e+00 0.000e+00 0.000e+00
2.512e-17 0.000e+00 0.000e+00 0.000e+00 0.000e+00 0.000e+00
2.818e-17 0.000e+00 0.000e+00 0.000e+00 0.000e+00 0.000e+00
3.162e-17 0.000e+00 0.000e+00 0.000e+00 0.000e+00 0.000e+00
3.548e-17 0.000e+00 0.000e+00 0.000e+00 0.000e+00 0.000e+00
3.981e-17 0.000e+00 0.000e+00 0.000e+00 0.000e+00 0.000e+00
4.467e-17 0.000e+00 0.000e+00 0.000e+00 0.000e+00 0.000e+00
5.012e-17 0.000e+00 0.000e+00 0.000e+00 0.000e+00 0.000e+00
5.623e-17 0.000e+00 0.000e+00 0.000e+00 0.000e+00 0.000e+00
6.310e-17 0.000e+00 0.000e+00 0.000e+00 0.000e+00 0.000e+00
7.079e-17 0.000e+00 0.000e+00 0.000e+00 0.000e+00 0.000e+00
7.943e-17 0.000e+00 0.000e+00 0.000e+00 0.000e+00 0.000e+00
8.913e-17 0.000e+00 0.000e+00 0.000e+00 0.000e+00 0.000e+00
1.000e-16 0.000e+00 0.000e+00 0.000e+00 0.000e+00 0.000e+00
1.122e-16 0.000e+00 0.000e+00 0.000e+00 0.000e+00 0.000e+00
1.259e-16 0.000e+00 0.000e+00 0.000e+00 0.000e+00 0.000e+00
1.413e-16 0.000e+00 0.000e+00 0.000e+00 0.000e+00 0.000e+00
1.585e-16 0.000e+00 0.000e+00 0.000e+00 0.000e+00 0.000e+00
1.778e-16 0.000e+00 0.000e+00 0.000e+00 0.000e+00 0.000e+00
1.995e-16 0.000e+00 0.000e+00 0.000e+00 0.000e+00 0.000e+00
2.239e-16 0.000e+00 0.000e+00 0.000e+00 0.000e+00 0.000e+00
2.512e-16 0.000e+00 0.000e+00 0.000e+00 0.000e+00 0.000e+00
2.818e-16 0.000e+00 0.000e+00 0.000e+00 0.000e+00 0.000e+00
3.162e-16 0.000e+00 0.000e+00 0.000e+00 0.000e+00 0.000e+00
3.548e-16 0.000e+00 0.000e+00 0.000e+00 0.000e+00 0.000e+00
3.981e-16 0.000e+00 0.000e+00 0.000e+00 0.000e+00 0.000e+00
4.467e-16 0.000e+00 0.000e+00 0.000e+00 0.000e+00 0.000e+00
5.012e-16 0.000e+00 0.000e+00 0.000e+00 0.000e+00 0.000e+00
5.623e-16 0.000e+00 0.000e+00 0.000e+00 0.000e+00 0.000e+00
6.310e-16 0.000e+00 0.000e+00 0.000e+00 0.000e+00 0.000e+00
7.079e-16 0.000e+00 0.000e+00 0.000e+00 0.000e+00 0.000e+00
7.943e-16 0.000e+00 0.000e+00 0.000e+00 0.000e+00 0.000e+00
8.913e-16 0.000e+00 0.000e+00 0.000e+00 0.000e+00 0.000e+00
1.000e-15 0.000e+00 0.000e+00 0.000e+00 0.000e+00 0.000e+00
1.122e-15 0.000e+00 0.000e+00 0.000e+00 0.000e+00 0.000e+00
1.259e-15 0.000e+00 0.000e+00 0.000e+00 0.000e+00 0.000e+00
1.413e-15 0.000e+00 0.000e+00 0.000e+00 0.000e+00 0.000e+00
1.585e-15 0.000e+00 0.000e+00 0.000e+00 0.000e+00 0.000e+00
1.778e-15 0.000e+00 0.000e+00 0.000e+00 0.000e+00 0.000e+00
1.995e-15 0.000e+00 0.000e+00 0.000e+00 0.000e+00 0.000e+00
2.239e-15 0.000e+00 0.000e+00 0.000e+00 0.000e+00 0.000e+00
2.512e-15 0.000e+00 0.000e+00 0.000e+00 0.000e+00 0.000e+00
2.818e-15 0.000e+00 0.000e+00 0.000e+00 0.000e+00 0.000e+00
3.162e-15 0.000e+00 0.000e+00 0.000e+00 0.000e+00 0.000e+00
3.548e-15 0.000e+00 0.000e+00 0.000e+00 0.000e+00 0.000e+00
3.981e-15 0.000e+00 0.000e+00 0.000e+00 0.000e+00 0.000e+00
4.467e-15 0.000e+00 0.000e+00 0.000e+00 0.000e+00 0.000e+00
5.012e-15 0.000e+00 0.000e+00 0.000e+00 0.000e+00 0.000e+00
5.623e-15 0.000e+00 0.000e+00 0.000e+00 0.000e+00 0.000e+00
6.310e-15 0.000e+00 0.000e+00 0.000e+00 0.000e+00 0.000e+00
7.079e-15 0.000e+00 0.000e+00 0.000e+00 0.000e+00 0.000e+00
7.943e-15 0.000e+00 0.000e+00 0.000e+00 0.000e+00 0.000e+00
8.913e-15 0.000e+00 0.000e+00 0.000e+00 0.000e+00 0.000e+00
1.000e-14 0.000e+00 0.000e+00 0.000e+00 0.000e+00 0.000e+00
1.122e-14 0.000e+00 0.000e+00 0.000e+00 0.000e+00 0.000e+00
1.259e-14 0.000e+00 0.000e+00 0.000e+00 0.000e+00 0.000e+00
1.413e-14 0.000e+00 0.000e+00 0.000e+00 0.000e+00 0.000e+00
1.585e-14 0.000e+00 0.000e+00 0.000e+00 0.000e+00 0.000e+00
1.778e-14 0.000e+00 0.000e+00 0.000e+00 0.000e+00 0.000e+00
1.995e-14 0.000e+00 0.000e+00 0.000e+00 0.000e+00 0.000e+00
2.239e-14 0.000e+00 0.000e+00 0.000e+00 0.000e+00 0.000e+00
2.512e-14 0.000e+00 0.000e+00 0.000e+00 0.000e+00 0.000e+00
2.818e-14 0.000e+00 0.000e+00 0.000e+00 0.000e+00 0.000e+00
3.162e-14 0.000e+00 0.000e+00 0.000e+00 0.000e+00 0.000e+00
3.548e-14 0.000e+00 0.000e+00 0.000e+00 0.000e+00 0.000e+00
3.981e-14 0.000e+00 0.000e+00 0.000e+00 0.000e+00 0.000e+00
4.467e-14 0.000e+00 0.000e+00 0.000e+00 0.000e+00 0.000e+00
5.012e-14 0.000e+00 0.000e+00 0.000e+00 0.000e+00 0.000e+00
5.623e-14 0.000e+00 0.000e+00 0.000e+00 0.000e+00 0.000e+00
6.310e-14 0.000e+00 0.000e+00 0.000e+00 0.000e+00 0.000e+00
7.079e-14 0.000e+00 0.000e+00 0.000e+00 0.000e+00 0.000e+00
7.943e-14 0.000e+00 0.000e+00 0.000e+00 0.000e+00 0.000e+00
8.913e-14 0.000e+00 0.000e+00 0.000e+00 0.000e+00 0.000e+00
1.000e-13 0.000e+00 0.000e+00 0.000e+00 0.000e+00 0.000e+00
1.122e-13 0.000e+00 0.000e+00 0.000e+00 0.000e+00 0.000e+00
1.259e-13 0.000e+00 0.000e+00 0.000e+00 0.000e+00 0.000e+00
1.413e-13 0.000e+00 0.000e+00 0.000e+00 0.000e+00 0.000e+00
1.585e-13 0.000e+00 0.000e+00 0.000e+00 0.000e+00 0.000e+00
1.778e-13 0.000e+00 0.000e+00 0.000e+00 0.000e+00 0.000e+00
1.995e-13 0.000e+00 0.000e+00 0.000e+00 0.000e+00 0.000e+00
2.239e-13 0.000e+00 0.000e+00 0.000e+00 0.000e+00 0.000e+00
2.512e-13 0.000e+00 0.000e+00 0.000e+00 0.000e+00 0.000e+00
2.818e-13 0.000e+00 0.000e+00 0.000e+00 0.000e+00 0.000e+00
3.162e-13 0.000e+00 0.000e+00 0.000e+00 0.000e+00 0.000e+00
3.548e-13 0.000e+00 0.000e+00 0.000e+00 0.000e+00 0.000e+00
3.981e-13 0.000e+00 0.000e+00 0.000e+00 0.000e+00 0.000e+00
4.467e-13 0.000e+00 0.000e+00 0.000e+00 0.000e+00 0.000e+00
5.012e-13 0.000e+00 0.000e+00 0.000e+00 0.000e+00 0.000e+00
5.623e-13 0.000e+00 0.000e+00 0.000e+00 0.000e+00 0.000e+00
6.310e-13 0.000e+00 0.000e+00 0.000e+00 0.000e+00 0.000e+00
7.079e-13 0.000e+00 0.000e+00 0.000e+00 0.000e+00 0.000e+00
7.943e-13 0.000e+00 0.000e+00 0.000e+00 0.000e+00 0.000e+00
8.913e-13 0.000e+00 0.000e+00 0.000e+00 0.000e+00 0.000e+00
1.000e-12 0.000e+00 0.000e+00 0.000e+00 0.000e+00 0.000e+00
1.122e-12 0.000e+00 0.000e+00 0.000e+00 0.000e+00 0.000e+00
1.259e-12 0.000e+00 0.000e+00 0.000e+00 0.000e+00 0.000e+00
1.413e-12 0.000e+00 0.000e+00 0.000e+00 0.000e+00 0.000e+00
1.585e-12 0.000e+00 0.000e+00 0.000e+00 0.000e+00 0.000e+00
1.778e-12 0.000e+00 0.000e+00 0.000e+00 0.000e+00 0.000e+00
1.995e-12 0.000e+00 0.000e+00 0.000e+00 0.000e+00 0.000e+00
2.239e-12 0.000e+00 0.000e+00 0.000e+00 0.000e+00 0.000e+00
2.512e-12 0.000e+00 0.000e+00 0.000e+00 0.000e+00 0.000e+00
2.818e-12 0.000e+00 0.000e+00 0.000e+00 0.000e+00 0.000e+00
3.162e-12 0.000e+00 0.000e+00 0.000e+00 0.000e+00 0.000e+00
3.548e-12 0.000e+00 0.000e+00 0.000e+00 0.000e+00 0.000e+00
3.981e-12 0.000e+00 0.000e+00 0.000e+00 0.000e+00 0.000e+00
4.467e-12 0.000e+00 0.000e+00 0.000e+00 0.000e+00 0.000e+00
5.012e-12 0.000e+00 0.000e+00 0.000e+00 0.000e+00 0.000e+00
5.623e-12 0.000e+00 0.000e+00 0.000e+00 0.000e+00 0.000e+00
6.310e-12 0.000e+00 0.000e+00 0.000e+00 0.000e+00 0.000e+00
7.079e-12 0.000e+00 0.000e+00 0.000e+00 0.000e+00 0.000e+00
7.943e-12 0.000e+00 0.000e+00 0.000e+00 0.000e+00 0.000e+00
8.913e-12 0.000e+00 0.000e+00 0.000e+00 0.000e+00 0.000e+00
1.000e-11 0.000e+00 0.000e+00 0.000e+00 0.000e+00 0.000e+00
1.122e-11 0.000e+00 0.000e+00 0.000e+00 0.000e+00 0.000e+00
1.259e-11 0.000e+00 0.000e+00 0.000e+00 0.000e+00 0.000e+00
1.413e-11 0.000e+00 0.000e+00 0.000e+00 0.000e+00 0.000e+00
1.585e-11 0.000e+00 0.000e+00 0.000e+00 0.000e+00 0.000e+00
1.778e-11 0.000e+00 0.000e+00 0.000e+00 0.000e+00 0.000e+00
1.995e-11 0.000e+00 0.000e+00 0.000e+00 0.000e+00 0.000e+00
2.239e-11 0.000e+00 0.000e+00 0.000e+00 0.000e+00 0.000e+00
2.512e-11 0.000e+00 0.000e+00 0.000e+00 0.000e+00 0.000e+00
2.818e-11 0.000e+00 0.000e+00 0.000e+00 0.000e+00 0.000e+00
3.162e-11 0.000e+00 0.000e+00 0.000e+00 0.000e+00 0.000e+00
3.548e-11 0.000e+00 0.000e+00 0.000e+00 0.000e+00 0.000e+00
3.981e-11 0.000e+00 0.000e+00 0.000e+00 0.000e+00 0.000e+00
4.467e-11 0.000e+00 0.000e+00 0.000e+00 0.000e+00 0.000e+00
5.012e-11 0.000e+00 0.000e+00 0.000e+00 0.000e+00 0.000e+00
5.623e-11 0.000e+00 0.000e+00 0.000e+00 0.000e+00 0.000e+00
6.310e-11 0.000e+00 0.000e+00 0.000e+00 0.000e+00 0.000e+00
7.079e-11 0.000e+00 0.000e+00 0.000e+00 0.000e+00 0.000e+00
7.943e-11 0.000e+00 0.000e+00 0.000e+00 0.000e+00 0.000e+00
8.913e-11 0.000e+00 0.000e+00 0.000e+00 0.000e+00 0.000e+00
1.000e-10 0.000e+00 0.000e+00 0.000e+00 0.000e+00 0.000e+00
1.122e-10 0.000e+00 0.000e+00 0.000e+00 0.000e+00 0.000e+00
1.259e-10 0.000e+00 0.000e+00 0.000e+00 0.000e+00 0.000e+00
1.413e-10 0.000e+00 0.000e+00 0.000e+00 0.000e+00 0.000e+00
1.585e-10 0.000e+00 0.000e+00 0.000e+00 0.000e+00 0.000e+00
1.778e-10 0.000e+00 0.000e+00 0.000e+00 0.000e+00 0.000e+00
1.995e-10 0.000e+00 0.000e+00 0.000e+00 0.000e+00 0.000e+00
2.239e-10 0.000e+00 0.000e+00 0.000e+00 0.000e+00 0.000e+00
2.512e-10 0.000e+00 0.000e+00 0.000e+00 0.000e+00 0.000e+00
2.818e-10 0.000e+00 0.000e+00 0.000e+00 0.000e+00 0.000e+00
3.162e-10 0.000e+00 0.000e+00 0.000e+00 0.000e+00 0.000e+00
3.548e-10 0.000e+00 0.000e+00 0.000e+00 0.000e+00 0.000e+00
3.981e-10 0.000e+00 0.000e+00 0.000e+00 0.000e+00 0.000e+00
4.467e-10 0.000e+00 0.000e+00 0.000e+00 0.000e+00 0.000e+00
5.012e-10 0.000e+00 0.000e+00 0.000e+00 0.000e+00 0.000e+00
5.623e-10 0.000e+00 0.000e+00 0.000e+00 0.000e+00 0.000e+00
6.310e-10 0.000e+00 0.000e+00 0.000e+00 0.000e+00 0.000e+00
7.079e-10 0.000e+00 0.000e+00 0.000e+00 0.000e+00 0.000e+00
7.943e-10 0.000e+00 0.000e+00 0.000e+00 0.000e+00 0.000e+00
8.913e-10 0.000e+00 0.000e+00 0.000e+00 0.000e+00 0.000e+00
1.000e-09 0.000e+00 0.000e+00 0.000e+00 0.000e+00 0.000e+00
1.122e-09 0.000e+00 0.000e+00 0.000e+00 0.000e+00 0.000e+00
1.259e-09 0.000e+00 0.000e+00 0.000e+00 0.000e+00 0.000e+00
1.413e-09 0.000e+00 0.000e+00 0.000e+00 0.000e+00 0.000e+00
1.585e-09 0.000e+00 0.000e+00 0.000e+00 0.000e+00 0.000e+00
1.778e-09 0.000e+00 0.000e+00 0.000e+00 0.000e+00 0.000e+00
1.995e-09 0.000e+00 0.000e+00 0.000e+00 0.000e+00 0.000e+00
2.239e-09 0.000e+00 0.000e+00 0.000e+00 0.000e+00 0.000e+00
2.512e-09 0.000e+00 0.000e+00 0.000e+00 0.000e+00 0.000e+00
2.818e-09 0.000e+00 0.000e+00 0.000e+00 0.000e+00 0.000e+00
3.162e-09 0.000e+00 0.000e+00 0.000e+00 0.000e+00 0.000e+00
3.548e-09 0.000e+00 0.000e+00 0.000e+00 0.000e+00 0.000e+00
3.981e-09 0.000e+00 0.000e+00 0.000e+00 0.000e+00 0.000e+00
4.467e-09 0.000e+00 0.000e+00 0.000e+00 0.000e+00 0.000e+00
5.012e-09 0.000e+00 0.000e+00 0.000e+00 0.000e+00 0.000e+00
5.623e-09 0.000e+00 0.000e+00 0.000e+00 0.000e+00 0.000e+00
6.310e-09 0.000e+00 0.000e+00 0.000e+00 0.000e+00 0.000e+00
7.079e-09 0.000e+00 0.000e+00 0.000e+00 0.000e+00 0.000e+00
7.943e-09 0.000e+00 0.000e+00 0.000e+00 0.000e+00 0.000e+00
8.913e-09 0.000e+00 0.000e+00 0.000e+00 0.000e+00 0.000e+00
1.000e-08 0.000e+00 0.000e+00 0.000e+00 0.000e+00 0.000e+00
1.122e-08 0.000e+00 0.000e+00 0.000e+00 0.000e+00 0.000e+00
1.259e-08 0.000e+00 0.000e+00 0.000e+00 0.000e+00 0.000e+00
1.413e-08 0.000e+00 0.000e+00 0.000e+00 0.000e+00 0.000e+00
1.585e-08 0.000e+00 0.000e+00 0.000e+00 0.000e+00 0.000e+00
1.778e-08 0.000e+00 0.000e+00 0.000e+00 0.000e+00 0.000e+00
1.995e-08 0.000e+00 0.000e+00 0.000e+00 0.000e+00 0.000e+00
2.239e-08 0.000e+00 0.000e+00 0.000e+00 0.000e+00 0.000e+00
2.512e-08 0.000e+00 0.000e+00 0.000e+00 0.000e+00 0.000e+00
2.818e-08 0.000e+00 0.000e+00 0.000e+00 0.000e+00 0.000e+00
3.162e-08 0.000e+00 0.000e+00 0.000e+00 0.000e+00 0.000e+00
3.548e-08 0.000e+00 0.000e+00 0.000e+00 0.000e+00 0.000e+00
3.981e-08 0.000e+00 0.000e+00 0.000e+00 0.000e+00 0.000e+00
4.467e-08 0.000e+00 0.000e+00 0.000e+00 0.000e+00 0.000e+00
5.012e-08 0.000e+00 0.000e+00 0.000e+00 0.000e+00 0.000e+00
5.623e-08 0.000e+00 0.000e+00 0.000e+00 0.000e+00 0.000e+00
6.310e-08 0.000e+00 0.000e+00 0.000e+00 0.000e+00 0.000e+00
7.079e-08 0.000e+00 0.000e+00 0.000e+00 0.000e+00 0.000e+00
7.943e-08 0.000e+00 0.000e+00 0.000e+00 0.000e+00 0.000e+00
8.913e-08 0.000e+00 0.000e+00 0.000e+00 0.000e+00 0.000e+00
1.000e-07 0.000e+00 0.000e+00 0.000e+00 0.000e+00 0.000e+00
1.122e-07 0.000e+00 0.000e+00 0.000e+00 0.000e+00 0.000e+00
1.259e-07 0.000e+00 0.000e+00 0.000e+00 0.000e+00 0.000e+00
1.413e-07 0.000e+00 0.000e+00 0.000e+00 0.000e+00 0.000e+00
1.585e-07 0.000e+00 0.000e+00 0.000e+00 0.000e+00 0.000e+00
1.778e-07 0.000e+00 0.000e+00 0.000e+00 0.000e+00 0.000e+00
1.995e-07 0.000e+00 0.000e+00 0.000e+00 0.000e+00 0.000e+00
2.239e-07 0.000e+00 0.000e+00 0.000e+00 0.000e+00 0.000e+00
2.512e-07 0.000e+00 0.000e+00 0.000e+00 0.000e+00 0.000e+00
2.818e-07 0.000e+00 0.000e+00 0.000e+00 0.000e+00 0.000e+00
3.162e-07 0.000e+00 0.000e+00 0.000e+00 0.000e+00 0.000e+00
3.548e-07 0.000e+00 0.000e+00 0.000e+00 0.000e+00 0.000e+00
3.981e-07 0.000e+00 0.000e+00 0.000e+00 0.000e+00 0.000e+00
4.467e-07 0.000e+00 0.000e+00 0.000e+00 0.000e+00 0.000e+00
5.012e-07 0.000e+00 0.000e+00 0.000e+00 0.000e+00 0.000e+00
5.623e-07 1.157e+42 5.861e+29 5.871e-28 3.862e-16 4.853e-15
6.310e-07 1.016e+42 6.483e+29 6.494e-28 4.272e-16 5.368e-15
7.079e-07 8.924e+41 7.166e+29 7.178e-28 4.722e-16 5.934e-15
7.943e-07 7.831e+41 7.916e+29 7.929e-28 5.216e-16 6.555e-15
8.913e-07 6.867e+41 8.740e+29 8.754e-28 5.759e-16 7.237e-15
1.000e-06 6.019e+41 9.643e+29 9.659e-28 6.354e-16 7.985e-15
1.122e-06 5.271e+41 1.063e+30 1.065e-27 7.006e-16 8.804e-15
1.259e-06 4.614e+41 1.172e+30 1.174e-27 7.720e-16 9.701e-15
1.413e-06 4.035e+41 1.290e+30 1.292e-27 8.501e-16 1.068e-14
1.585e-06 3.527e+41 1.419e+30 1.422e-27 9.354e-16 1.175e-14
1.778e-06 3.081e+41 1.561e+30 1.563e-27 1.028e-15 1.292e-14
1.995e-06 2.689e+41 1.715e+30 1.718e-27 1.130e-15 1.420e-14
2.239e-06 2.345e+41 1.883e+30 1.886e-27 1.241e-15 1.559e-14
2.512e-06 2.043e+41 2.065e+30 2.069e-27 1.361e-15 1.710e-14
2.818e-06 1.779e+41 2.264e+30 2.268e-27 1.492e-15 1.875e-14
3.162e-06 1.548e+41 2.479e+30 2.484e-27 1.634e-15 2.053e-14
3.548e-06 1.345e+41 2.713e+30 2.718e-27 1.788e-15 2.247e-14
3.981e-06 1.168e+41 2.966e+30 2.971e-27 1.955e-15 2.456e-14
4.467e-06 1.013e+41 3.240e+30 3.245e-27 2.135e-15 2.683e-14
5.012e-06 8.785e+40 3.536e+30 3.542e-27 2.330e-15 2.928e-14
5.623e-06 7.608e+40 3.855e+30 3.861e-27 2.540e-15 3.192e-14
6.310e-06 6.582e+40 4.198e+30 4.205e-27 2.766e-15 3.476e-14
7.079e-06 5.689e+40 4.568e+30 4.576e-27 3.010e-15 3.783e-14
7.943e-06 4.911e+40 4.965e+30 4.973e-27 3.272e-15 4.111e-14
8.913e-06 4.236e+40 5.391e+30 5.400e-27 3.552e-15 4.464e-14
1.000e-05 3.649e+40 5.846e+30 5.856e-27 3.853e-15 4.841e-14
1.122e-05 3.140e+40 6.334e+30 6.344e-27 4.174e-15 5.245e-14
1.259e-05 2.699e+40 6.853e+30 6.865e-27 4.516e-15 5.675e-14
1.413e-05 2.317e+40 7.407e+30 7.420e-27 4.881e-15 6.134e-14
1.585e-05 1.987e+40 7.996e+30 8.009e-27 5.269e-15 6.621e-14
1.778e-05 1.701e+40 8.620e+30 8.635e-27 5.680e-15 7.138e-14
1.995e-05 1.455e+40 9.281e+30 9.297e-27 6.116e-15 7.686e-14
2.239e-05 1.243e+40 9.980e+30 9.997e-27 6.577e-15 8.264e-14
2.512e-05 1.060e+40 1.072e+31 1.074e-26 7.062e-15 8.874e-14
2.818e-05 9.030e+39 1.149e+31 1.151e-26 7.573e-15 9.516e-14
3.162e-05 7.681e+39 1.231e+31 1.233e-26 8.109e-15 1.019e-13
3.548e-05 6.523e+39 1.316e+31 1.318e-26 8.670e-15 1.090e-13
3.981e-05 5.532e+39 1.405e+31 1.407e-26 9.256e-15 1.163e-13
4.467e-05 4.684e+39 1.497e+31 1.500e-26 9.866e-15 1.240e-13
5.012e-05 3.959e+39 1.593e+31 1.596e-26 1.050e-14 1.319e-13
5.623e-05 3.342e+39 1.693e+31 1.696e-26 1.116e-14 1.402e-13
6.310e-05 2.815e+39 1.796e+31 1.799e-26 1.183e-14 1.487e-13
7.079e-05 2.368e+39 1.901e+31 1.905e-26 1.253e-14 1.575e-13
7.943e-05 1.988e+39 2.010e+31 2.013e-26 1.324e-14 1.664e-13
8.913e-05 1.666e+39 2.121e+31 2.124e-26 1.397e-14 1.756e-13
1.000e-04 1.394e+39 2.233e+31 2.237e-26 1.472e-14 1.849e-13
1.122e-04 1.164e+39 2.347e+31 2.351e-26 1.547e-14 1.944e-13
1.259e-04 9.696e+38 2.462e+31 2.466e-26 1.622e-14 2.039e-13
1.413e-04 8.063e+38 2.578e+31 2.582e-26 1.699e-14 2.134e-13
1.585e-04 6.691e+38 2.693e+31 2.697e-26 1.774e-14 2.230e-13
1.778e-04 5.541e+38 2.807e+31 2.812e-26 1.850e-14 2.325e-13
1.995e-04 4.578e+38 2.920e+31 2.925e-26 1.924e-14 2.418e-13
2.239e-04 3.774e+38 3.031e+31 3.036e-26 1.997e-14 2.510e-13
2.512e-04 3.104e+38 3.138e+31 3.144e-26 2.068e-14 2.599e-13
2.818e-04 2.547e+38 3.242e+31 3.247e-26 2.136e-14 2.685e-13
3.162e-04 2.085e+38 3.341e+31 3.347e-26 2.202e-14 2.767e-13
3.548e-04 1.703e+38 3.434e+31 3.440e-26 2.263e-14 2.844e-13
3.981e-04 1.387e+38 3.522e+31 3.528e-26 2.321e-14 2.916e-13
4.467e-04 1.127e+38 3.602e+31 3.608e-26 2.373e-14 2.982e-13
5.012e-04 9.128e+37 3.674e+31 3.680e-26 2.421e-14 3.042e-13
5.623e-04 7.375e+37 3.737e+31 3.743e-26 2.462e-14 3.094e-13
6.310e-04 5.943e+37 3.790e+31 3.797e-26 2.498e-14 3.139e-13
7.079e-04 4.775e+37 3.834e+31 3.840e-26 2.526e-14 3.175e-13
7.943e-04 3.825e+37 3.867e+31 3.873e-26 2.548e-14 3.202e-13
8.913e-04 3.055e+37 3.888e+31 3.895e-26 2.562e-14 3.220e-13
1.000e-03 2.433e+37 3.898e+31 3.904e-26 2.568e-14 3.227e-13
1.122e-03 1.931e+37 3.895e+31 3.902e-26 2.567e-14 3.225e-13
1.259e-03 1.528e+37 3.880e+31 3.887e-26 2.557e-14 3.213e-13
1.413e-03 1.205e+37 3.853e+31 3.860e-26 2.539e-14 3.191e-13
1.585e-03 9.476e+36 3.814e+31 3.820e-26 2.513e-14 3.158e-13
1.778e-03 7.425e+36 3.762e+31 3.768e-26 2.479e-14 3.115e-13
1.995e-03 5.798e+36 3.698e+31 3.705e-26 2.437e-14 3.063e-13
2.239e-03 4.513e+36 3.624e+31 3.630e-26 2.388e-14 3.001e-13
2.512e-03 3.500e+36 3.538e+31 3.544e-26 2.332e-14 2.930e-13
2.818e-03 2.705e+36 3.443e+31 3.449e-26 2.269e-14 2.851e-13
3.162e-03 2.084e+36 3.338e+31 3.344e-26 2.200e-14 2.764e-13
3.548e-03 1.599e+36 3.225e+31 3.231e-26 2.125e-14 2.671e-13
3.981e-03 1.223e+36 3.105e+31 3.111e-26 2.046e-14 2.572e-13
4.467e-03 9.320e+35 2.979e+31 2.984e-26 1.963e-14 2.467e-13
5.012e-03 7.078e+35 2.849e+31 2.853e-26 1.877e-14 2.359e-13
5.623e-03 5.356e+35 2.714e+31 2.718e-26 1.788e-14 2.247e-13
6.310e-03 4.040e+35 2.577e+31 2.581e-26 1.698e-14 2.134e-13
7.079e-03 3.036e+35 2.438e+31 2.442e-26 1.607e-14 2.019e-13
7.943e-03 2.274e+35 2.299e+31 2.303e-26 1.515e-14 1.904e-13
8.913e-03 1.698e+35 2.161e+31 2.165e-26 1.424e-14 1.790e-13
1.000e-02 1.264e+35 2.025e+31 2.029e-26 1.334e-14 1.677e-13
1.122e-02 9.379e+34 1.892e+31 1.895e-26 1.247e-14 1.567e-13
1.259e-02 6.940e+34 1.762e+31 1.765e-26 1.161e-14 1.459e-13
1.413e-02 5.122e+34 1.637e+31 1.640e-26 1.079e-14 1.356e-13
1.585e-02 3.770e+34 1.517e+31 1.520e-26 9.999e-15 1.257e-13
1.778e-02 2.770e+34 1.403e+31 1.406e-26 9.248e-15 1.162e-13
1.995e-02 2.031e+34 1.296e+31 1.298e-26 8.538e-15 1.073e-13
2.239e-02 1.488e+34 1.195e+31 1.197e-26 7.873e-15 9.894e-14
2.512e-02 1.089e+34 1.101e+31 1.103e-26 7.253e-15 9.115e-14
2.818e-02 7.964e+33 1.014e+31 1.015e-26 6.679e-15 8.393e-14
3.162e-02 5.825e+33 9.333e+30 9.349e-27 6.150e-15 7.728e-14
3.548e-02 4.261e+33 8.595e+30 8.609e-27 5.663e-15 7.117e-14
3.981e-02 3.118e+33 7.917e+30 7.930e-27 5.217e-15 6.556e-14
4.467e-02 2.282e+33 7.295e+30 7.307e-27 4.807e-15 6.041e-14
5.012e-02 1.671e+33 6.724e+30 6.735e-27 4.431e-15 5.568e-14
5.623e-02 1.224e+33 6.199e+30 6.209e-27 4.085e-15 5.133e-14
6.310e-02 8.960e+32 5.715e+30 5.725e-27 3.766e-15 4.732e-14
7.079e-02 6.561e+32 5.268e+30 5.277e-27 3.472e-15 4.363e-14
7.943e-02 4.803e+32 4.855e+30 4.863e-27 3.199e-15 4.020e-14
8.913e-02 3.514e+32 4.473e+30 4.480e-27 2.947e-15 3.704e-14
1.000e-01 2.570e+32 4.118e+30 4.125e-27 2.713e-15 3.410e-14
1.122e-01 1.878e+32 3.788e+30 3.794e-27 2.496e-15 3.137e-14
1.259e-01 1.371e+32 3.482e+30 3.488e-27 2.294e-15 2.883e-14
1.413e-01 1.000e+32 3.197e+30 3.203e-27 2.107e-15 2.647e-14
1.585e-01 7.287e+31 2.933e+30 2.938e-27 1.932e-15 2.428e-14
1.778e-01 5.303e+31 2.687e+30 2.691e-27 1.770e-15 2.225e-14
1.995e-01 3.854e+31 2.458e+30 2.463e-27 1.620e-15 2.036e-14
2.239e-01 2.797e+31 2.246e+30 2.250e-27 1.480e-15 1.860e-14
2.512e-01 2.027e+31 2.049e+30 2.053e-27 1.351e-15 1.697e-14
2.818e-01 1.467e+31 1.867e+30 1.870e-27 1.230e-15 1.546e-14
3.162e-01 1.060e+31 1.698e+30 1.701e-27 1.119e-15 1.406e-14
3.548e-01 7.642e+30 1.541e+30 1.544e-27 1.016e-15 1.276e-14
3.981e-01 5.500e+30 1.397e+30 1.399e-27 9.204e-16 1.157e-14
4.467e-01 3.951e+30 1.263e+30 1.265e-27 8.324e-16 1.046e-14
5.012e-01 2.833e+30 1.140e+30 1.142e-27 7.513e-16 9.441e-15
5.623e-01 2.027e+30 1.027e+30 1.028e-27 6.766e-16 8.502e-15
6.310e-01 1.446e+30 9.226e+29 9.242e-28 6.079e-16 7.640e-15
7.079e-01 1.030e+30 8.270e+29 8.284e-28 5.450e-16 6.849e-15
7.943e-01 7.316e+29 7.396e+29 7.408e-28 4.873e-16 6.124e-15
8.913e-01 5.183e+29 6.596e+29 6.607e-28 4.346e-16 5.462e-15
1.000e+00 3.662e+29 5.867e+29 5.877e-28 3.866e-16 4.858e-15
1.122e+00 2.580e+29 5.203e+29 5.212e-28 3.429e-16 4.309e-15
1.259e+00 1.812e+29 4.601e+29 4.609e-28 3.032e-16 3.810e-15
1.413e+00 1.269e+29 4.056e+29 4.063e-28 2.673e-16 3.359e-15
1.585e+00 8.855e+28 3.564e+29 3.570e-28 2.348e-16 2.951e-15
1.778e+00 6.159e+28 3.120e+29 3.126e-28 2.056e-16 2.584e-15
1.995e+00 4.268e+28 2.722e+29 2.727e-28 1.794e-16 2.254e-15
2.239e+00 2.946e+28 2.366e+29 2.370e-28 1.559e-16 1.959e-15
2.512e+00 2.026e+28 2.048e+29 2.052e-28 1.350e-16 1.696e-15
2.818e+00 1.387e+28 1.766e+29 1.769e-28 1.164e-16 1.462e-15
3.162e+00 9.459e+27 1.515e+29 1.518e-28 9.986e-17 1.255e-15
3.548e+00 6.419e+27 1.295e+29 1.297e-28 8.532e-17 1.072e-15
3.981e+00 4.335e+27 1.101e+29 1.103e-28 7.254e-17 9.116e-16
4.467e+00 2.913e+27 9.313e+28 9.328e-29 6.137e-17 7.712e-16
5.012e+00 1.947e+27 7.836e+28 7.849e-29 5.164e-17 6.489e-16
5.623e+00 1.294e+27 6.556e+28 6.568e-29 4.320e-17 5.429e-16
6.310e+00 8.550e+26 5.454e+28 5.463e-29 3.594e-17 4.516e-16
7.079e+00 5.614e+26 4.508e+28 4.516e-29 2.971e-17 3.733e-16
7.943e+00 3.662e+26 3.702e+28 3.709e-29 2.440e-17 3.066e-16
8.913e+00 2.373e+26 3.020e+28 3.025e-29 1.990e-17 2.500e-16
1.000e+01 1.526e+26 2.445e+28 2.449e-29 1.611e-17 2.025e-16
1.122e+01 9.740e+25 1.964e+28 1.968e-29 1.295e-17 1.627e-16
1.259e+01 6.166e+25 1.566e+28 1.568e-29 1.032e-17 1.297e-16
1.413e+01 3.871e+25 1.237e+28 1.239e-29 8.154e-18 1.025e-16
1.585e+01 2.408e+25 9.691e+27 9.707e-30 6.386e-18 8.025e-17
1.778e+01 1.484e+25 7.517e+27 7.530e-30 4.954e-18 6.225e-17
1.995e+01 9.051e+24 5.773e+27 5.783e-30 3.804e-18 4.780e-17
2.239e+01 5.462e+24 4.386e+27 4.394e-30 2.890e-18 3.632e-17
2.512e+01 3.259e+24 3.295e+27 3.301e-30 2.171e-18 2.728e-17
2.818e+01 1.922e+24 2.446e+27 2.450e-30 1.612e-18 2.025e-17
3.162e+01 1.119e+24 1.792e+27 1.796e-30 1.181e-18 1.484e-17
3.548e+01 6.426e+23 1.296e+27 1.298e-30 8.541e-19 1.073e-17
3.981e+01 3.638e+23 9.238e+26 9.253e-31 6.087e-19 7.649e-18
4.467e+01 2.028e+23 6.484e+26 6.495e-31 4.273e-19 5.370e-18
5.012e+01 1.113e+23 4.478e+26 4.486e-31 2.951e-19 3.708e-18
5.623e+01 6.000e+22 3.040e+26 3.045e-31 2.003e-19 2.517e-18
6.310e+01 3.176e+22 2.025e+26 2.029e-31 1.335e-19 1.677e-18
7.079e+01 1.648e+22 1.323e+26 1.325e-31 8.719e-20 1.096e-18
7.943e+01 8.372e+21 8.464e+25 8.478e-32 5.577e-20 7.008e-19
8.913e+01 4.158e+21 5.292e+25 5.301e-32 3.487e-20 4.382e-19
1.000e+02 2.016e+21 3.230e+25 3.235e-32 2.128e-20 2.674e-19
1.122e+02 9.519e+20 1.920e+25 1.923e-32 1.265e-20 1.590e-19
1.259e+02 4.371e+20 1.110e+25 1.112e-32 7.313e-21 9.190e-20
1.413e+02 1.947e+20 6.224e+24 6.234e-33 4.101e-21 5.154e-20
1.585e+02 8.394e+19 3.378e+24 3.384e-33 2.226e-21 2.797e-20
1.778e+02 3.494e+19 1.770e+24 1.773e-33 1.166e-21 1.466e-20
1.995e+02 1.400e+19 8.928e+23 8.943e-34 5.883e-22 7.393e-21
2.239e+02 5.382e+18 4.322e+23 4.329e-34 2.848e-22 3.579e-21
2.512e+02 1.979e+18 2.000e+23 2.004e-34 1.318e-22 1.656e-21
2.818e+02 6.931e+17 8.820e+22 8.835e-35 5.812e-23 7.304e-22
3.162e+02 2.302e+17 3.689e+22 3.695e-35 2.431e-23 3.054e-22
3.548e+02 7.219e+16 1.456e+22 1.459e-35 9.595e-24 1.206e-22
3.981e+02 2.125e+16 5.397e+21 5.406e-36 3.557e-24 4.469e-23
4.467e+02 5.842e+15 1.868e+21 1.871e-36 1.231e-24 1.547e-23
5.012e+02 1.490e+15 5.996e+20 6.006e-37 3.951e-25 4.965e-24
5.623e+02 3.499e+14 1.773e+20 1.776e-37 1.168e-25 1.468e-24
6.310e+02 7.508e+13 4.789e+19 4.797e-38 3.155e-26 3.965e-25
7.079e+02 1.459e+13 1.171e+19 1.173e-38 7.719e-27 9.700e-26
7.943e+02 2.542e+12 2.570e+18 2.574e-39 1.693e-27 2.128e-26
8.913e+02 3.928e+11 4.999e+17 5.007e-40 3.294e-28 4.139e-27
1.000e+03 5.316e+10 8.518e+16 8.532e-41 5.613e-29 7.053e-28
1.122e+03 6.216e+09 1.254e+16 1.256e-41 8.261e-30 1.038e-28
1.259e+03 6.180e+08 1.569e+15 1.572e-42 1.034e-30 1.299e-29
1.413e+03 5.134e+07 1.641e+14 1.644e-43 1.081e-31 1.359e-30
1.585e+03 3.492e+06 1.405e+13 1.408e-44 9.261e-33 1.164e-31
1.778e+03 1.901e+05 9.633e+11 9.649e-46 6.348e-34 7.977e-33
1.995e+03 8.072e+03 5.148e+10 5.157e-47 3.393e-35 4.263e-34
2.239e+03 2.593e+02 2.083e+09 2.086e-48 1.372e-36 1.724e-35
2.512e+03 6.096e+00 6.163e+07 6.173e-50 4.061e-38 5.103e-37
2.818e+03 1.010e-01 1.285e+06 1.287e-51 8.466e-40 1.064e-38
3.162e+03 1.131e-03 1.812e+04 1.815e-53 1.194e-41 1.500e-40
3.548e+03 8.224e-06 1.659e+02 1.662e-55 1.093e-43 1.374e-42
3.981e+03 3.739e-08 9.495e-01 9.511e-58 6.257e-46 7.862e-45
4.467e+03 1.026e-10 3.281e-03 3.286e-60 2.162e-48 2.717e-47
5.012e+03 1.634e-13 6.576e-06 6.587e-63 4.333e-51 5.445e-50
5.623e+03 1.417e-16 7.182e-09 7.194e-66 4.732e-54 5.947e-53
6.310e+03 6.085e-20 3.881e-12 3.888e-69 2.558e-57 3.214e-56
7.079e+03 1.144e-23 9.187e-16 9.203e-73 6.054e-61 7.608e-60
7.943e+03 8.251e-28 8.341e-20 8.355e-77 5.496e-65 6.907e-64
8.913e+03 1.984e-32 2.525e-24 2.529e-81 1.664e-69 2.091e-68
1.000e+04 0.000e+00 0.000e+00 0.000e+00 0.000e+00 0.000e+00
1.122e+04 0.000e+00 0.000e+00 0.000e+00 0.000e+00 0.000e+00
1.259e+04 0.000e+00 0.000e+00 0.000e+00 0.000e+00 0.000e+00
1.413e+04 0.000e+00 0.000e+00 0.000e+00 0.000e+00 0.000e+00
1.585e+04 0.000e+00 0.000e+00 0.000e+00 0.000e+00 0.000e+00
1.778e+04 0.000e+00 0.000e+00 0.000e+00 0.000e+00 0.000e+00
1.995e+04 0.000e+00 0.000e+00 0.000e+00 0.000e+00 0.000e+00
2.239e+04 0.000e+00 0.000e+00 0.000e+00 0.000e+00 0.000e+00
2.512e+04 0.000e+00 0.000e+00 0.000e+00 0.000e+00 0.000e+00
2.818e+04 0.000e+00 0.000e+00 0.000e+00 0.000e+00 0.000e+00
3.162e+04 0.000e+00 0.000e+00 0.000e+00 0.000e+00 0.000e+00
3.548e+04 0.000e+00 0.000e+00 0.000e+00 0.000e+00 0.000e+00
3.981e+04 0.000e+00 0.000e+00 0.000e+00 0.000e+00 0.000e+00
4.467e+04 0.000e+00 0.000e+00 0.000e+00 0.000e+00 0.000e+00
5.012e+04 0.000e+00 0.000e+00 0.000e+00 0.000e+00 0.000e+00
5.623e+04 0.000e+00 0.000e+00 0.000e+00 0.000e+00 0.000e+00
6.310e+04 0.000e+00 0.000e+00 0.000e+00 0.000e+00 0.000e+00
7.079e+04 0.000e+00 0.000e+00 0.000e+00 0.000e+00 0.000e+00
7.943e+04 0.000e+00 0.000e+00 0.000e+00 0.000e+00 0.000e+00
8.913e+04 0.000e+00 0.000e+00 0.000e+00 0.000e+00 0.000e+00
1.000e+05 0.000e+00 0.000e+00 0.000e+00 0.000e+00 0.000e+00
1.122e+05 0.000e+00 0.000e+00 0.000e+00 0.000e+00 0.000e+00
1.259e+05 0.000e+00 0.000e+00 0.000e+00 0.000e+00 0.000e+00
1.413e+05 0.000e+00 0.000e+00 0.000e+00 0.000e+00 0.000e+00
1.585e+05 0.000e+00 0.000e+00 0.000e+00 0.000e+00 0.000e+00
1.778e+05 0.000e+00 0.000e+00 0.000e+00 0.000e+00 0.000e+00
1.995e+05 0.000e+00 0.000e+00 0.000e+00 0.000e+00 0.000e+00
2.239e+05 0.000e+00 0.000e+00 0.000e+00 0.000e+00 0.000e+00
2.512e+05 0.000e+00 0.000e+00 0.000e+00 0.000e+00 0.000e+00
2.818e+05 0.000e+00 0.000e+00 0.000e+00 0.000e+00 0.000e+00
3.162e+05 0.000e+00 0.000e+00 0.000e+00 0.000e+00 0.000e+00
3.548e+05 0.000e+00 0.000e+00 0.000e+00 0.000e+00 0.000e+00
3.981e+05 0.000e+00 0.000e+00 0.000e+00 0.000e+00 0.000e+00
4.467e+05 0.000e+00 0.000e+00 0.000e+00 0.000e+00 0.000e+00
5.012e+05 0.000e+00 0.000e+00 0.000e+00 0.000e+00 0.000e+00
5.623e+05 0.000e+00 0.000e+00 0.000e+00 0.000e+00 0.000e+00
6.310e+05 0.000e+00 0.000e+00 0.000e+00 0.000e+00 0.000e+00
7.079e+05 0.000e+00 0.000e+00 0.000e+00 0.000e+00 0.000e+00
7.943e+05 0.000e+00 0.000e+00 0.000e+00 0.000e+00 0.000e+00
8.913e+05 0.000e+00 0.000e+00 0.000e+00 0.000e+00 0.000e+00
1.000e+06 0.000e+00 0.000e+00 0.000e+00 0.000e+00 0.000e+00
1.122e+06 0.000e+00 0.000e+00 0.000e+00 0.000e+00 0.000e+00
1.259e+06 0.000e+00 0.000e+00 0.000e+00 0.000e+00 0.000e+00
1.413e+06 0.000e+00 0.000e+00 0.000e+00 0.000e+00 0.000e+00
1.585e+06 0.000e+00 0.000e+00 0.000e+00 0.000e+00 0.000e+00
1.778e+06 0.000e+00 0.000e+00 0.000e+00 0.000e+00 0.000e+00
1.995e+06 0.000e+00 0.000e+00 0.000e+00 0.000e+00 0.000e+00
2.239e+06 0.000e+00 0.000e+00 0.000e+00 0.000e+00 0.000e+00
2.512e+06 0.000e+00 0.000e+00 0.000e+00 0.000e+00 0.000e+00
2.818e+06 0.000e+00 0.000e+00 0.000e+00 0.000e+00 0.000e+00
3.162e+06 0.000e+00 0.000e+00 0.000e+00 0.000e+00 0.000e+00
3.548e+06 0.000e+00 0.000e+00 0.000e+00 0.000e+00 0.000e+00
3.981e+06 0.000e+00 0.000e+00 0.000e+00 0.000e+00 0.000e+00
4.467e+06 0.000e+00 0.000e+00 0.000e+00 0.000e+00 0.000e+00
5.012e+06 0.000e+00 0.000e+00 0.000e+00 0.000e+00 0.000e+00
5.623e+06 0.000e+00 0.000e+00 0.000e+00 0.000e+00 0.000e+00
6.310e+06 0.000e+00 0.000e+00 0.000e+00 0.000e+00 0.000e+00
7.079e+06 0.000e+00 0.000e+00 0.000e+00 0.000e+00 0.000e+00
7.943e+06 0.000e+00 0.000e+00 0.000e+00 0.000e+00 0.000e+00
8.913e+06 0.000e+00 0.000e+00 0.000e+00 0.000e+00 0.000e+00
1.000e+07 0.000e+00 0.000e+00 0.000e+00 0.000e+00 0.000e+00
1.122e+07 0.000e+00 0.000e+00 0.000e+00 0.000e+00 0.000e+00
1.259e+07 0.000e+00 0.000e+00 0.000e+00 0.000e+00 0.000e+00
1.413e+07 0.000e+00 0.000e+00 0.000e+00 0.000e+00 0.000e+00
1.585e+07 0.000e+00 0.000e+00 0.000e+00 0.000e+00 0.000e+00
1.778e+07 0.000e+00 0.000e+00 0.000e+00 0.000e+00 0.000e+00
1.995e+07 0.000e+00 0.000e+00 0.000e+00 0.000e+00 0.000e+00
2.239e+07 0.000e+00 0.000e+00 0.000e+00 0.000e+00 0.000e+00
2.512e+07 0.000e+00 0.000e+00 0.000e+00 0.000e+00 0.000e+00
2.818e+07 0.000e+00 0.000e+00 0.000e+00 0.000e+00 0.000e+00
3.162e+07 0.000e+00 0.000e+00 0.000e+00 0.000e+00 0.000e+00
3.548e+07 0.000e+00 0.000e+00 0.000e+00 0.000e+00 0.000e+00
3.981e+07 0.000e+00 0.000e+00 0.000e+00 0.000e+00 0.000e+00
4.467e+07 0.000e+00 0.000e+00 0.000e+00 0.000e+00 0.000e+00
5.012e+07 0.000e+00 0.000e+00 0.000e+00 0.000e+00 0.000e+00
5.623e+07 0.000e+00 0.000e+00 0.000e+00 0.000e+00 0.000e+00
6.310e+07 0.000e+00 0.000e+00 0.000e+00 0.000e+00 0.000e+00
7.079e+07 0.000e+00 0.000e+00 0.000e+00 0.000e+00 0.000e+00
7.943e+07 0.000e+00 0.000e+00 0.000e+00 0.000e+00 0.000e+00
8.913e+07 0.000e+00 0.000e+00 0.000e+00 0.000e+00 0.000e+00
1.000e+08 0.000e+00 0.000e+00 0.000e+00 0.000e+00 0.000e+00
