1.000e-20 0.000e+00 0.000e+00 0.000e+00 0.000e+00 0.000e+00
1.122e-20 0.000e+00 0.000e+00 0.000e+00 0.000e+00 0.000e+00
1.259e-20 0.000e+00 0.000e+00 0.000e+00 0.000e+00 0.000e+00
1.413e-20 0.000e+00 0.000e+00 0.000e+00 0.000e+00 0.000e+00
1.585e-20 0.000e+00 0.000e+00 0.000e+00 0.000e+00 0.000e+00
1.778e-20 0.000e+00 0.000e+00 0.000e+00 0.000e+00 0.000e+00
1.995e-20 0.000e+00 0.000e+00 0.000e+00 0.000e+00 0.000e+00
2.239e-20 0.000e+00 0.000e+00 0.000e+00 0.000e+00 0.000e+00
2.512e-20 0.000e+00 0.000e+00 0.000e+00 0.000e+00 0.000e+00
2.818e-20 0.000e+00 0.000e+00 0.000e+00 0.000e+00 0.000e+00
3.162e-20 0.000e+00 0.000e+00 0.000e+00 0.000e+00 0.000e+00
3.548e-20 0.000e+00 0.000e+00 0.000e+00 0.000e+00 0.000e+00
3.981e-20 0.000e+00 0.000e+00 0.000e+00 0.000e+00 0.000e+00
4.467e-20 0.000e+00 0.000e+00 0.000e+00 0.000e+00 0.000e+00
5.012e-20 0.000e+00 0.000e+00 0.000e+00 0.000e+00 0.000e+00
5.623e-20 0.000e+00 0.000e+00 0.000e+00 0.000e+00 0.000e+00
6.310e-20 0.000e+00 0.000e+00 0.000e+00 0.000e+00 0.000e+00
7.079e-20 0.000e+00 0.000e+00 0.000e+00 0.000e+00 0.000e+00
7.943e-20 0.000e+00 0.000e+00 0.000e+00 0.000e+00 0.000e+00
8.913e-20 0.000e+00 0.000e+00 0.000e+00 0.000e+00 0.000e+00
1.000e-19 0.000e+00 0.000e+00 0.000e+00 0.000e+00 0.000e+00
1.122e-19 0.000e+00 0.000e+00 0.000e+00 0.000e+00 0.000e+00
1.259e-19 0.000e+00 0.000e+00 0.000e+00 0.000e+00 0.000e+00
1.413e-19 0.000e+00 0.000e+00 0.000e+00 0.000e+00 0.000e+00
1.585e-19 0.000e+00 0.000e+00 0.000e+00 0.000e+00 0.000e+00
1.778e-19 0.000e+00 0.000e+00 0.000e+00 0.000e+00 0.000e+00
1.995e-19 0.000e+00 0.000e+00 0.000e+00 0.000e+00 0.000e+00
2.239e-19 0.000e+00 0.000e+00 0.000e+00 0.000e+00 0.000e+00
2.512e-19 0.000e+00 0.000e+00 0.000e+00 0.000e+00 0.000e+00
2.818e-19 0.000e+00 0.000e+00 0.000e+00 0.000e+00 0.000e+00
3.162e-19 0.000e+00 0.000e+00 0.000e+00 0.000e+00 0.000e+00
3.548e-19 0.000e+00 0.000e+00 0.000e+00 0.000e+00 0.000e+00
3.981e-19 0.000e+00 0.000e+00 0.000e+00 0.000e+00 0.000e+00
4.467e-19 0.000e+00 0.000e+00 0.000e+00 0.000e+00 0.000e+00
5.012e-19 0.000e+00 0.000e+00 0.000e+00 0.000e+00 0.000e+00
5.623e-19 0.000e+00 0.000e+00 0.000e+00 0.000e+00 0.000e+00
6.310e-19 0.000e+00 0.000e+00 0.000e+00 0.000e+00 0.000e+00
7.079e-19 0.000e+00 0.000e+00 0.000e+00 0.000e+00 0.000e+00
7.943e-19 0.000e+00 0.000e+00 0.000e+00 0.000e+00 0.000e+00
8.913e-19 0.000e+00 0.000e+00 0.000e+00 0.000e+00 0.000e+00
1.000e-18 0.000e+00 0.000e+00 0.000e+00 0.000e+00 0.000e+00
1.122e-18 0.000e+00 0.000e+00 0.000e+00 0.000e+00 0.000e+00
1.259e-18 0.000e+00 0.000e+00 0.000e+00 0.000e+00 0.000e+00
1.413e-18 0.000e+00 0.000e+00 0.000e+00 0.000e+00 0.000e+00
1.585e-18 0.000e+00 0.000e+00 0.000e+00 0.000e+00 0.000e+00
1.778e-18 0.000e+00 0.000e+00 0.000e+00 0.000e+00 0.000e+00
1.995e-18 0.000e+00 0.000e+00 0.000e+00 0.000e+00 0.000e+00
2.239e-18 0.000e+00 0.000e+00 0.000e+00 0.000e+00 0.000e+00
2.512e-18 0.000e+00 0.000e+00 0.000e+00 0.000e+00 0.000e+00
2.818e-18 0.000e+00 0.000e+00 0.000e+00 0.000e+00 0.000e+00
3.162e-18 0.000e+00 0.000e+00 0.000e+00 0.000e+00 0.000e+00
3.548e-18 0.000e+00 0.000e+00 0.000e+00 0.000e+00 0.000e+00
3.981e-18 0.000e+00 0.000e+00 0.000e+00 0.000e+00 0.000e+00
4.467e-18 0.000e+00 0.000e+00 0.000e+00 0.000e+00 0.000e+00
5.012e-18 0.000e+00 0.000e+00 0.000e+00 0.000e+00 0.000e+00
5.623e-18 0.000e+00 0.000e+00 0.000e+00 0.000e+00 0.000e+00
6.310e-18 0.000e+00 0.000e+00 0.000e+00 0.000e+00 0.000e+00
7.079e-18 0.000e+00 0.000e+00 0.000e+00 0.000e+00 0.000e+00
7.943e-18 0.000e+00 0.000e+00 0.000e+00 0.000e+00 0.000e+00
8.913e-18 0.000e+00 0.000e+00 0.000e+00 0.000e+00 0.000e+00
1.000e-17 0.000e+00 0.000e+00 0.000e+00 0.000e+00 0.000e+00
1.122e-17 0.000e+00 0.000e+00 0.000e+00 0.000e+00 0.000e+00
1.259e-17 0.000e+00 0.000e+00 0.000e+00 0.000e+00 0.000e+00
1.413e-17 0.000e+00 0.000e+00 0.000e+00 0.000e+00 0.000e+00
1.585e-17 0.000e+00 0.000e+00 0.000e+00 0.000e+00 0.000e+00
1.778e-17 0.000e+00 0.000e+00 0.000e+00 0.000e+00 0.000e+00
1.995e-17 0.000e+00 0.000e+00 0.000e+00 0.000e+00 0.000e+00
2.239e-17 0.000e+00 0.000e+00 0.000e+00 0.000e+00 0.000e+00
2.512e-17 0.000e+00 0.000e+00 0.000e+00 0.000e+00 0.000e+00
2.818e-17 0.000e+00 0.000e+00 0.000e+00 0.000e+00 0.000e+00
3.162e-17 0.000e+00 0.000e+00 0.000e+00 0.000e+00 0.000e+00
3.548e-17 0.000e+00 0.000e+00 0.000e+00 0.000e+00 0.000e+00
3.981e-17 0.000e+00 0.000e+00 0.000e+00 0.000e+00 0.000e+00
4.467e-17 0.000e+00 0.000e+00 0.000e+00 0.000e+00 0.000e+00
5.012e-17 0.000e+00 0.000e+00 0.000e+00 0.000e+00 0.000e+00
5.623e-17 0.000e+00 0.000e+00 0.000e+00 0.000e+00 0.000e+00
6.310e-17 0.000e+00 0.000e+00 0.000e+00 0.000e+00 0.000e+00
7.079e-17 0.000e+00 0.000e+00 0.000e+00 0.000e+00 0.000e+00
7.943e-17 0.000e+00 0.000e+00 0.000e+00 0.000e+00 0.000e+00
8.913e-17 0.000e+00 0.000e+00 0.000e+00 0.000e+00 0.000e+00
1.000e-16 0.000e+00 0.000e+00 0.000e+00 0.000e+00 0.000e+00
1.122e-16 0.000e+00 0.000e+00 0.000e+00 0.000e+00 0.000e+00
1.259e-16 0.000e+00 0.000e+00 0.000e+00 0.000e+00 0.000e+00
1.413e-16 0.000e+00 0.000e+00 0.000e+00 0.000e+00 0.000e+00
1.585e-16 0.000e+00 0.000e+00 0.000e+00 0.000e+00 0.000e+00
1.778e-16 0.000e+00 0.000e+00 0.000e+00 0.000e+00 0.000e+00
1.995e-16 0.000e+00 0.000e+00 0.000e+00 0.000e+00 0.000e+00
2.239e-16 0.000e+00 0.000e+00 0.000e+00 0.000e+00 0.000e+00
2.512e-16 0.000e+00 0.000e+00 0.000e+00 0.000e+00 0.000e+00
2.818e-16 0.000e+00 0.000e+00 0.000e+00 0.000e+00 0.000e+00
3.162e-16 0.000e+00 0.000e+00 0.000e+00 0.000e+00 0.000e+00
3.548e-16 0.000e+00 0.000e+00 0.000e+00 0.000e+00 0.000e+00
3.981e-16 0.000e+00 0.000e+00 0.000e+00 0.000e+00 0.000e+00
4.467e-16 0.000e+00 0.000e+00 0.000e+00 0.000e+00 0.000e+00
5.012e-16 0.000e+00 0.000e+00 0.000e+00 0.000e+00 0.000e+00
5.623e-16 0.000e+00 0.000e+00 0.000e+00 0.000e+00 0.000e+00
6.310e-16 0.000e+00 0.000e+00 0.000e+00 0.000e+00 0.000e+00
7.079e-16 0.000e+00 0.000e+00 0.000e+00 0.000e+00 0.000e+00
7.943e-16 0.000e+00 0.000e+00 0.000e+00 0.000e+00 0.000e+00
8.913e-16 0.000e+00 0.000e+00 0.000e+00 0.000e+00 0.000e+00
1.000e-15 0.000e+00 0.000e+00 0.000e+00 0.000e+00 0.000e+00
1.122e-15 0.000e+00 0.000e+00 0.000e+00 0.000e+00 0.000e+00
1.259e-15 0.000e+00 0.000e+00 0.000e+00 0.000e+00 0.000e+00
1.413e-15 0.000e+00 0.000e+00 0.000e+00 0.000e+00 0.000e+00
1.585e-15 0.000e+00 0.000e+00 0.000e+00 0.000e+00 0.000e+00
1.778e-15 0.000e+00 0.000e+00 0.000e+00 0.000e+00 0.000e+00
1.995e-15 0.000e+00 0.000e+00 0.000e+00 0.000e+00 0.000e+00
2.239e-15 0.000e+00 0.000e+00 0.000e+00 0.000e+00 0.000e+00
2.512e-15 0.000e+00 0.000e+00 0.000e+00 0.000e+00 0.000e+00
2.818e-15 0.000e+00 0.000e+00 0.000e+00 0.000e+00 0.000e+00
3.162e-15 0.000e+00 0.000e+00 0.000e+00 0.000e+00 0.000e+00
3.548e-15 0.000e+00 0.000e+00 0.000e+00 0.000e+00 0.000e+00
3.981e-15 0.000e+00 0.000e+00 0.000e+00 0.000e+00 0.000e+00
4.467e-15 0.000e+00 0.000e+00 0.000e+00 0.000e+00 0.000e+00
5.012e-15 0.000e+00 0.000e+00 0.000e+00 0.000e+00 0.000e+00
5.623e-15 0.000e+00 0.000e+00 0.000e+00 0.000e+00 0.000e+00
6.310e-15 0.000e+00 0.000e+00 0.000e+00 0.000e+00 0.000e+00
7.079e-15 0.000e+00 0.000e+00 0.000e+00 0.000e+00 0.000e+00
7.943e-15 0.000e+00 0.000e+00 0.000e+00 0.000e+00 0.000e+00
8.913e-15 0.000e+00 0.000e+00 0.000e+00 0.000e+00 0.000e+00
1.000e-14 0.000e+00 0.000e+00 0.000e+00 0.000e+00 0.000e+00
1.122e-14 0.000e+00 0.000e+00 0.000e+00 0.000e+00 0.000e+00
1.259e-14 0.000e+00 0.000e+00 0.000e+00 0.000e+00 0.000e+00
1.413e-14 0.000e+00 0.000e+00 0.000e+00 0.000e+00 0.000e+00
1.585e-14 0.000e+00 0.000e+00 0.000e+00 0.000e+00 0.000e+00
1.778e-14 0.000e+00 0.000e+00 0.000e+00 0.000e+00 0.000e+00
1.995e-14 0.000e+00 0.000e+00 0.000e+00 0.000e+00 0.000e+00
2.239e-14 0.000e+00 0.000e+00 0.000e+00 0.000e+00 0.000e+00
2.512e-14 0.000e+00 0.000e+00 0.000e+00 0.000e+00 0.000e+00
2.818e-14 0.000e+00 0.000e+00 0.000e+00 0.000e+00 0.000e+00
3.162e-14 0.000e+00 0.000e+00 0.000e+00 0.000e+00 0.000e+00
3.548e-14 0.000e+00 0.000e+00 0.000e+00 0.000e+00 0.000e+00
3.981e-14 0.000e+00 0.000e+00 0.000e+00 0.000e+00 0.000e+00
4.467e-14 0.000e+00 0.000e+00 0.000e+00 0.000e+00 0.000e+00
5.012e-14 0.000e+00 0.000e+00 0.000e+00 0.000e+00 0.000e+00
5.623e-14 0.000e+00 0.000e+00 0.000e+00 0.000e+00 0.000e+00
6.310e-14 0.000e+00 0.000e+00 0.000e+00 0.000e+00 0.000e+00
7.079e-14 0.000e+00 0.000e+00 0.000e+00 0.000e+00 0.000e+00
7.943e-14 0.000e+00 0.000e+00 0.000e+00 0.000e+00 0.000e+00
8.913e-14 0.000e+00 0.000e+00 0.000e+00 0.000e+00 0.000e+00
1.000e-13 0.000e+00 0.000e+00 0.000e+00 0.000e+00 0.000e+00
1.122e-13 0.000e+00 0.000e+00 0.000e+00 0.000e+00 0.000e+00
1.259e-13 0.000e+00 0.000e+00 0.000e+00 0.000e+00 0.000e+00
1.413e-13 0.000e+00 0.000e+00 0.000e+00 0.000e+00 0.000e+00
1.585e-13 0.000e+00 0.000e+00 0.000e+00 0.000e+00 0.000e+00
1.778e-13 0.000e+00 0.000e+00 0.000e+00 0.000e+00 0.000e+00
1.995e-13 0.000e+00 0.000e+00 0.000e+00 0.000e+00 0.000e+00
2.239e-13 0.000e+00 0.000e+00 0.000e+00 0.000e+00 0.000e+00
2.512e-13 0.000e+00 0.000e+00 0.000e+00 0.000e+00 0.000e+00
2.818e-13 0.000e+00 0.000e+00 0.000e+00 0.000e+00 0.000e+00
3.162e-13 0.000e+00 0.000e+00 0.000e+00 0.000e+00 0.000e+00
3.548e-13 0.000e+00 0.000e+00 0.000e+00 0.000e+00 0.000e+00
3.981e-13 0.000e+00 0.000e+00 0.000e+00 0.000e+00 0.000e+00
4.467e-13 0.000e+00 0.000e+00 0.000e+00 0.000e+00 0.000e+00
5.012e-13 0.000e+00 0.000e+00 0.000e+00 0.000e+00 0.000e+00
5.623e-13 0.000e+00 0.000e+00 0.000e+00 0.000e+00 0.000e+00
6.310e-13 0.000e+00 0.000e+00 0.000e+00 0.000e+00 0.000e+00
7.079e-13 0.000e+00 0.000e+00 0.000e+00 0.000e+00 0.000e+00
7.943e-13 0.000e+00 0.000e+00 0.000e+00 0.000e+00 0.000e+00
8.913e-13 0.000e+00 0.000e+00 0.000e+00 0.000e+00 0.000e+00
1.000e-12 0.000e+00 0.000e+00 0.000e+00 0.000e+00 0.000e+00
1.122e-12 2.514e+50 5.071e+26 5.079e-31 6.683e-19 4.199e-18
1.259e-12 2.176e+50 5.526e+26 5.536e-31 7.283e-19 4.576e-18
1.413e-12 1.884e+50 6.021e+26 6.031e-31 7.935e-19 4.986e-18
1.585e-12 1.630e+50 6.558e+26 6.569e-31 8.643e-19 5.431e-18
1.778e-12 1.409e+50 7.141e+26 7.153e-31 9.411e-19 5.913e-18
1.995e-12 1.219e+50 7.773e+26 7.786e-31 1.024e-18 6.436e-18
2.239e-12 1.053e+50 8.458e+26 8.472e-31 1.115e-18 7.003e-18
2.512e-12 9.100e+49 9.199e+26 9.215e-31 1.212e-18 7.618e-18
2.818e-12 7.859e+49 1.000e+27 1.002e-30 1.318e-18 8.282e-18
3.162e-12 6.785e+49 1.087e+27 1.089e-30 1.433e-18 9.002e-18
3.548e-12 5.855e+49 1.181e+27 1.183e-30 1.556e-18 9.779e-18
3.981e-12 5.050e+49 1.282e+27 1.285e-30 1.690e-18 1.062e-17
4.467e-12 4.354e+49 1.392e+27 1.394e-30 1.835e-18 1.153e-17
5.012e-12 3.753e+49 1.510e+27 1.513e-30 1.990e-18 1.251e-17
5.623e-12 3.232e+49 1.638e+27 1.640e-30 2.158e-18 1.356e-17
6.310e-12 2.783e+49 1.775e+27 1.778e-30 2.339e-18 1.470e-17
7.079e-12 2.395e+49 1.923e+27 1.926e-30 2.534e-18 1.592e-17
7.943e-12 2.060e+49 2.082e+27 2.086e-30 2.744e-18 1.724e-17
8.913e-12 1.770e+49 2.253e+27 2.257e-30 2.969e-18 1.866e-17
1.000e-11 1.521e+49 2.437e+27 2.441e-30 3.212e-18 2.018e-17
1.122e-11 1.306e+49 2.634e+27 2.639e-30 3.471e-18 2.181e-17
1.259e-11 1.121e+49 2.846e+27 2.850e-30 3.750e-18 2.356e-17
1.413e-11 9.610e+48 3.072e+27 3.077e-30 4.049e-18 2.544e-17
1.585e-11 8.236e+48 3.315e+27 3.320e-30 4.368e-18 2.745e-17
1.778e-11 7.054e+48 3.574e+27 3.580e-30 4.710e-18 2.960e-17
1.995e-11 6.038e+48 3.851e+27 3.858e-30 5.076e-18 3.189e-17
2.239e-11 5.165e+48 4.147e+27 4.154e-30 5.466e-18 3.434e-17
2.512e-11 4.415e+48 4.463e+27 4.470e-30 5.881e-18 3.695e-17
2.818e-11 3.771e+48 4.799e+27 4.807e-30 6.325e-18 3.974e-17
3.162e-11 3.219e+48 5.157e+27 5.166e-30 6.796e-18 4.270e-17
3.548e-11 2.745e+48 5.538e+27 5.547e-30 7.298e-18 4.586e-17
3.981e-11 2.340e+48 5.942e+27 5.952e-30 7.831e-18 4.920e-17
4.467e-11 1.993e+48 6.371e+27 6.382e-30 8.397e-18 5.276e-17
5.012e-11 1.696e+48 6.826e+27 6.838e-30 8.997e-18 5.653e-17
5.623e-11 1.443e+48 7.308e+27 7.321e-30 9.632e-18 6.052e-17
6.310e-11 1.226e+48 7.819e+27 7.832e-30 1.030e-17 6.474e-17
7.079e-11 1.041e+48 8.358e+27 8.372e-30 1.101e-17 6.921e-17
7.943e-11 8.831e+47 8.927e+27 8.942e-30 1.177e-17 7.392e-17
8.913e-11 7.487e+47 9.528e+27 9.544e-30 1.256e-17 7.890e-17
1.000e-10 6.342e+47 1.016e+28 1.018e-29 1.339e-17 8.414e-17
1.122e-10 5.368e+47 1.083e+28 1.085e-29 1.427e-17 8.966e-17
1.259e-10 4.540e+47 1.153e+28 1.155e-29 1.519e-17 9.547e-17
1.413e-10 3.837e+47 1.227e+28 1.229e-29 1.617e-17 1.016e-16
1.585e-10 3.240e+47 1.304e+28 1.306e-29 1.719e-17 1.080e-16
1.778e-10 2.734e+47 1.385e+28 1.387e-29 1.825e-17 1.147e-16
1.995e-10 2.305e+47 1.470e+28 1.473e-29 1.938e-17 1.217e-16
2.239e-10 1.942e+47 1.559e+28 1.562e-29 2.055e-17 1.291e-16
2.512e-10 1.634e+47 1.652e+28 1.655e-29 2.178e-17 1.368e-16
2.818e-10 1.375e+47 1.750e+28 1.753e-29 2.306e-17 1.449e-16
3.162e-10 1.155e+47 1.851e+28 1.854e-29 2.440e-17 1.533e-16
3.548e-10 9.704e+46 1.957e+28 1.961e-29 2.580e-17 1.621e-16
3.981e-10 8.143e+46 2.068e+28 2.071e-29 2.725e-17 1.712e-16
4.467e-10 6.829e+46 2.183e+28 2.187e-29 2.877e-17 1.808e-16
5.012e-10 5.722e+46 2.303e+28 2.307e-29 3.035e-17 1.907e-16
5.623e-10 4.791e+46 2.428e+28 2.432e-29 3.199e-17 2.010e-16
6.310e-10 4.009e+46 2.557e+28 2.561e-29 3.370e-17 2.117e-16
7.079e-10 3.352e+46 2.692e+28 2.696e-29 3.548e-17 2.229e-16
7.943e-10 2.801e+46 2.832e+28 2.836e-29 3.732e-17 2.345e-16
8.913e-10 2.339e+46 2.977e+28 2.982e-29 3.923e-17 2.465e-16
1.000e-09 1.952e+46 3.127e+28 3.132e-29 4.121e-17 2.589e-16
1.122e-09 1.628e+46 3.283e+28 3.289e-29 4.327e-17 2.719e-16
1.259e-09 1.356e+46 3.445e+28 3.450e-29 4.540e-17 2.852e-16
1.413e-09 1.130e+46 3.612e+28 3.618e-29 4.760e-17 2.991e-16
1.585e-09 9.405e+45 3.785e+28 3.791e-29 4.988e-17 3.134e-16
1.778e-09 7.824e+45 3.964e+28 3.971e-29 5.224e-17 3.283e-16
1.995e-09 6.505e+45 4.149e+28 4.156e-29 5.468e-17 3.436e-16
2.239e-09 5.406e+45 4.341e+28 4.348e-29 5.721e-17 3.595e-16
2.512e-09 4.490e+45 4.539e+28 4.547e-29 5.982e-17 3.758e-16
2.818e-09 3.727e+45 4.743e+28 4.751e-29 6.251e-17 3.928e-16
3.162e-09 3.093e+45 4.955e+28 4.963e-29 6.530e-17 4.103e-16
3.548e-09 2.565e+45 5.173e+28 5.182e-29 6.818e-17 4.284e-16
3.981e-09 2.126e+45 5.398e+28 5.408e-29 7.115e-17 4.470e-16
4.467e-09 1.761e+45 5.631e+28 5.641e-29 7.421e-17 4.663e-16
5.012e-09 1.459e+45 5.871e+28 5.881e-29 7.738e-17 4.862e-16
5.623e-09 1.208e+45 6.119e+28 6.129e-29 8.064e-17 5.067e-16
6.310e-09 9.994e+44 6.375e+28 6.386e-29 8.402e-17 5.279e-16
7.079e-09 8.268e+44 6.639e+28 6.650e-29 8.749e-17 5.497e-16
7.943e-09 6.837e+44 6.911e+28 6.923e-29 9.108e-17 5.723e-16
8.913e-09 5.651e+44 7.192e+28 7.204e-29 9.478e-17 5.955e-16
1.000e-08 4.670e+44 7.482e+28 7.494e-29 9.860e-17 6.195e-16
1.122e-08 3.858e+44 7.781e+28 7.794e-29 1.025e-16 6.443e-16
1.259e-08 3.186e+44 8.089e+28 8.103e-29 1.066e-16 6.698e-16
1.413e-08 2.630e+44 8.407e+28 8.421e-29 1.108e-16 6.962e-16
1.585e-08 2.170e+44 8.735e+28 8.750e-29 1.151e-16 7.233e-16
1.778e-08 1.791e+44 9.073e+28 9.089e-29 1.196e-16 7.513e-16
1.995e-08 1.477e+44 9.423e+28 9.439e-29 1.242e-16 7.802e-16
2.239e-08 1.218e+44 9.783e+28 9.799e-29 1.289e-16 8.101e-16
2.512e-08 1.004e+44 1.015e+29 1.017e-28 1.338e-16 8.408e-16
2.818e-08 8.280e+43 1.054e+29 1.055e-28 1.389e-16 8.725e-16
3.162e-08 6.823e+43 1.093e+29 1.095e-28 1.441e-16 9.053e-16
3.548e-08 5.622e+43 1.134e+29 1.136e-28 1.494e-16 9.390e-16
3.981e-08 4.631e+43 1.176e+29 1.178e-28 1.550e-16 9.738e-16
4.467e-08 3.815e+43 1.219e+29 1.221e-28 1.607e-16 1.010e-15
5.012e-08 3.141e+43 1.264e+29 1.266e-28 1.666e-16 1.047e-15
5.623e-08 2.586e+43 1.310e+29 1.313e-28 1.727e-16 1.085e-15
6.310e-08 2.129e+43 1.358e+29 1.360e-28 1.790e-16 1.125e-15
7.079e-08 1.752e+43 1.407e+29 1.410e-28 1.855e-16 1.165e-15
7.943e-08 1.442e+43 1.458e+29 1.460e-28 1.921e-16 1.207e-15
8.913e-08 1.187e+43 1.510e+29 1.513e-28 1.990e-16 1.251e-15
1.000e-07 9.763e+42 1.564e+29 1.567e-28 2.062e-16 1.295e-15
1.122e-07 8.032e+42 1.620e+29 1.623e-28 2.135e-16 1.341e-15
1.259e-07 6.606e+42 1.678e+29 1.680e-28 2.211e-16 1.389e-15
1.413e-07 5.433e+42 1.737e+29 1.740e-28 2.289e-16 1.438e-15
1.585e-07 4.468e+42 1.798e+29 1.801e-28 2.370e-16 1.489e-15
1.778e-07 3.674e+42 1.861e+29 1.865e-28 2.453e-16 1.541e-15
1.995e-07 3.021e+42 1.927e+29 1.930e-28 2.539e-16 1.596e-15
2.239e-07 2.483e+42 1.994e+29 1.998e-28 2.628e-16 1.651e-15
2.512e-07 2.041e+42 2.064e+29 2.067e-28 2.720e-16 1.709e-15
2.818e-07 1.678e+42 2.136e+29 2.139e-28 2.814e-16 1.768e-15
3.162e-07 1.379e+42 2.210e+29 2.213e-28 2.912e-16 1.830e-15
3.548e-07 1.133e+42 2.286e+29 2.290e-28 3.013e-16 1.893e-15
3.981e-07 9.314e+41 2.365e+29 2.369e-28 3.117e-16 1.959e-15
4.467e-07 7.654e+41 2.447e+29 2.451e-28 3.225e-16 2.026e-15
5.012e-07 6.289e+41 2.531e+29 2.535e-28 3.336e-16 2.096e-15
5.623e-07 5.167e+41 2.618e+29 2.622e-28 3.450e-16 2.168e-15
6.310e-07 4.245e+41 2.708e+29 2.712e-28 3.568e-16 2.242e-15
7.079e-07 3.487e+41 2.800e+29 2.805e-28 3.691e-16 2.319e-15
7.943e-07 2.865e+41 2.896e+29 2.901e-28 3.817e-16 2.398e-15
8.913e-07 2.353e+41 2.995e+29 3.000e-28 3.947e-16 2.480e-15
1.000e-06 1.933e+41 3.097e+29 3.102e-28 4.081e-16 2.564e-15
1.122e-06 1.587e+41 3.202e+29 3.207e-28 4.220e-16 2.651e-15
1.259e-06 1.304e+41 3.310e+29 3.316e-28 4.363e-16 2.741e-15
1.413e-06 1.071e+41 3.423e+29 3.428e-28 4.511e-16 2.834e-15
1.585e-06 8.792e+40 3.538e+29 3.544e-28 4.663e-16 2.930e-15
1.778e-06 7.220e+40 3.658e+29 3.664e-28 4.821e-16 3.029e-15
1.995e-06 5.928e+40 3.781e+29 3.788e-28 4.983e-16 3.131e-15
2.239e-06 4.868e+40 3.909e+29 3.915e-28 5.151e-16 3.237e-15
2.512e-06 3.997e+40 4.040e+29 4.047e-28 5.324e-16 3.345e-15
2.818e-06 3.281e+40 4.176e+29 4.183e-28 5.503e-16 3.458e-15
3.162e-06 2.694e+40 4.316e+29 4.323e-28 5.688e-16 3.574e-15
3.548e-06 2.211e+40 4.460e+29 4.468e-28 5.878e-16 3.693e-15
3.981e-06 1.815e+40 4.609e+29 4.617e-28 6.075e-16 3.817e-15
4.467e-06 1.490e+40 4.763e+29 4.771e-28 6.278e-16 3.944e-15
5.012e-06 1.223e+40 4.922e+29 4.931e-28 6.487e-16 4.076e-15
5.623e-06 1.004e+40 5.086e+29 5.095e-28 6.703e-16 4.212e-15
6.310e-06 8.239e+39 5.255e+29 5.264e-28 6.926e-16 4.352e-15
7.079e-06 6.762e+39 5.430e+29 5.439e-28 7.156e-16 4.496e-15
7.943e-06 5.549e+39 5.609e+29 5.619e-28 7.393e-16 4.645e-15
8.913e-06 4.554e+39 5.795e+29 5.805e-28 7.637e-16 4.799e-15
1.000e-05 3.736e+39 5.986e+29 5.997e-28 7.890e-16 4.957e-15
1.122e-05 3.066e+39 6.184e+29 6.194e-28 8.150e-16 5.121e-15
1.259e-05 2.515e+39 6.387e+29 6.398e-28 8.418e-16 5.289e-15
1.413e-05 2.064e+39 6.597e+29 6.608e-28 8.694e-16 5.463e-15
1.585e-05 1.693e+39 6.813e+29 6.825e-28 8.979e-16 5.642e-15
1.778e-05 1.389e+39 7.036e+29 7.048e-28 9.273e-16 5.826e-15
1.995e-05 1.139e+39 7.265e+29 7.278e-28 9.575e-16 6.016e-15
2.239e-05 9.343e+38 7.502e+29 7.515e-28 9.887e-16 6.212e-15
2.512e-05 7.662e+38 7.746e+29 7.759e-28 1.021e-15 6.414e-15
2.818e-05 6.283e+38 7.996e+29 8.010e-28 1.054e-15 6.622e-15
3.162e-05 5.152e+38 8.255e+29 8.269e-28 1.088e-15 6.835e-15
3.548e-05 4.224e+38 8.520e+29 8.535e-28 1.123e-15 7.055e-15
3.981e-05 3.463e+38 8.794e+29 8.809e-28 1.159e-15 7.282e-15
4.467e-05 2.839e+38 9.075e+29 9.090e-28 1.196e-15 7.515e-15
5.012e-05 2.327e+38 9.364e+29 9.380e-28 1.234e-15 7.754e-15
5.623e-05 1.907e+38 9.661e+29 9.678e-28 1.273e-15 8.000e-15
6.310e-05 1.563e+38 9.967e+29 9.984e-28 1.314e-15 8.253e-15
7.079e-05 1.280e+38 1.028e+30 1.030e-27 1.355e-15 8.513e-15
7.943e-05 1.049e+38 1.060e+30 1.062e-27 1.397e-15 8.779e-15
8.913e-05 8.590e+37 1.093e+30 1.095e-27 1.441e-15 9.053e-15
1.000e-04 7.035e+37 1.127e+30 1.129e-27 1.485e-15 9.333e-15
1.122e-04 5.760e+37 1.162e+30 1.164e-27 1.531e-15 9.621e-15
1.259e-04 4.715e+37 1.197e+30 1.199e-27 1.578e-15 9.915e-15
1.413e-04 3.859e+37 1.234e+30 1.236e-27 1.626e-15 1.022e-14
1.585e-04 3.158e+37 1.271e+30 1.273e-27 1.675e-15 1.052e-14
1.778e-04 2.583e+37 1.309e+30 1.311e-27 1.725e-15 1.084e-14
1.995e-04 2.113e+37 1.348e+30 1.350e-27 1.776e-15 1.116e-14
2.239e-04 1.728e+37 1.387e+30 1.390e-27 1.828e-15 1.149e-14
2.512e-04 1.412e+37 1.427e+30 1.430e-27 1.881e-15 1.182e-14
2.818e-04 1.154e+37 1.468e+30 1.471e-27 1.935e-15 1.216e-14
3.162e-04 9.425e+36 1.510e+30 1.513e-27 1.990e-15 1.250e-14
3.548e-04 7.696e+36 1.552e+30 1.555e-27 2.046e-15 1.285e-14
3.981e-04 6.281e+36 1.595e+30 1.598e-27 2.102e-15 1.321e-14
4.467e-04 5.124e+36 1.638e+30 1.641e-27 2.159e-15 1.356e-14
5.012e-04 4.179e+36 1.682e+30 1.685e-27 2.216e-15 1.393e-14
5.623e-04 3.406e+36 1.726e+30 1.728e-27 2.274e-15 1.429e-14
6.310e-04 2.774e+36 1.770e+30 1.773e-27 2.332e-15 1.465e-14
7.079e-04 2.259e+36 1.814e+30 1.817e-27 2.390e-15 1.502e-14
7.943e-04 1.838e+36 1.858e+30 1.861e-27 2.448e-15 1.538e-14
8.913e-04 1.494e+36 1.901e+30 1.905e-27 2.506e-15 1.574e-14
1.000e-03 1.214e+36 1.945e+30 1.948e-27 2.563e-15 1.610e-14
1.122e-03 9.854e+35 1.988e+30 1.991e-27 2.619e-15 1.646e-14
1.259e-03 7.993e+35 2.030e+30 2.033e-27 2.675e-15 1.681e-14
1.413e-03 6.477e+35 2.071e+30 2.074e-27 2.729e-15 1.715e-14
1.585e-03 5.244e+35 2.111e+30 2.114e-27 2.782e-15 1.748e-14
1.778e-03 4.242e+35 2.149e+30 2.153e-27 2.832e-15 1.780e-14
1.995e-03 3.427e+35 2.186e+30 2.190e-27 2.881e-15 1.810e-14
2.239e-03 2.766e+35 2.221e+30 2.225e-27 2.927e-15 1.839e-14
2.512e-03 2.230e+35 2.254e+30 2.258e-27 2.971e-15 1.866e-14
2.818e-03 1.795e+35 2.285e+30 2.288e-27 3.011e-15 1.892e-14
3.162e-03 1.443e+35 2.313e+30 2.316e-27 3.048e-15 1.915e-14
3.548e-03 1.159e+35 2.338e+30 2.342e-27 3.081e-15 1.936e-14
3.981e-03 9.293e+34 2.360e+30 2.364e-27 3.110e-15 1.954e-14
4.467e-03 7.441e+34 2.379e+30 2.383e-27 3.135e-15 1.970e-14
5.012e-03 5.949e+34 2.394e+30 2.398e-27 3.155e-15 1.983e-14
5.623e-03 4.749e+34 2.406e+30 2.410e-27 3.171e-15 1.992e-14
6.310e-03 3.786e+34 2.415e+30 2.419e-27 3.182e-15 2.000e-14
7.079e-03 3.013e+34 2.420e+30 2.424e-27 3.189e-15 2.004e-14
7.943e-03 2.395e+34 2.421e+30 2.425e-27 3.191e-15 2.005e-14
8.913e-03 1.901e+34 2.419e+30 2.423e-27 3.188e-15 2.003e-14
1.000e-02 1.506e+34 2.413e+30 2.417e-27 3.180e-15 1.998e-14
1.122e-02 1.192e+34 2.405e+30 2.409e-27 3.169e-15 1.991e-14
1.259e-02 9.424e+33 2.393e+30 2.397e-27 3.154e-15 1.982e-14
1.413e-02 7.442e+33 2.379e+30 2.383e-27 3.135e-15 1.970e-14
1.585e-02 5.870e+33 2.362e+30 2.366e-27 3.113e-15 1.956e-14
1.778e-02 4.626e+33 2.344e+30 2.348e-27 3.089e-15 1.941e-14
1.995e-02 3.642e+33 2.323e+30 2.327e-27 3.061e-15 1.924e-14
2.239e-02 2.865e+33 2.301e+30 2.304e-27 3.032e-15 1.905e-14
2.512e-02 2.252e+33 2.277e+30 2.280e-27 3.000e-15 1.885e-14
2.818e-02 1.769e+33 2.251e+30 2.255e-27 2.967e-15 1.864e-14
3.162e-02 1.388e+33 2.224e+30 2.228e-27 2.931e-15 1.842e-14
3.548e-02 1.089e+33 2.196e+30 2.200e-27 2.894e-15 1.818e-14
3.981e-02 8.531e+32 2.166e+30 2.170e-27 2.855e-15 1.794e-14
4.467e-02 6.680e+32 2.135e+30 2.139e-27 2.814e-15 1.768e-14
5.012e-02 5.226e+32 2.103e+30 2.107e-27 2.772e-15 1.742e-14
5.623e-02 4.086e+32 2.070e+30 2.074e-27 2.728e-15 1.714e-14
6.310e-02 3.192e+32 2.036e+30 2.039e-27 2.683e-15 1.686e-14
7.079e-02 2.491e+32 2.000e+30 2.004e-27 2.636e-15 1.656e-14
7.943e-02 1.942e+32 1.964e+30 1.967e-27 2.588e-15 1.626e-14
8.913e-02 1.513e+32 1.926e+30 1.929e-27 2.538e-15 1.595e-14
1.000e-01 1.178e+32 1.888e+30 1.891e-27 2.488e-15 1.563e-14
1.122e-01 9.163e+31 1.848e+30 1.851e-27 2.436e-15 1.530e-14
1.259e-01 7.119e+31 1.808e+30 1.811e-27 2.383e-15 1.497e-14
1.413e-01 5.527e+31 1.767e+30 1.770e-27 2.328e-15 1.463e-14
1.585e-01 4.286e+31 1.725e+30 1.728e-27 2.273e-15 1.428e-14
1.778e-01 3.321e+31 1.682e+30 1.685e-27 2.217e-15 1.393e-14
1.995e-01 2.570e+31 1.639e+30 1.642e-27 2.160e-15 1.357e-14
2.239e-01 1.987e+31 1.595e+30 1.598e-27 2.103e-15 1.321e-14
2.512e-01 1.534e+31 1.551e+30 1.554e-27 2.044e-15 1.284e-14
2.818e-01 1.184e+31 1.506e+30 1.509e-27 1.985e-15 1.247e-14
3.162e-01 9.120e+30 1.461e+30 1.464e-27 1.926e-15 1.210e-14
3.548e-01 7.018e+30 1.416e+30 1.418e-27 1.866e-15 1.172e-14
3.981e-01 5.394e+30 1.370e+30 1.372e-27 1.805e-15 1.134e-14
4.467e-01 4.140e+30 1.324e+30 1.326e-27 1.744e-15 1.096e-14
5.012e-01 3.174e+30 1.277e+30 1.279e-27 1.683e-15 1.058e-14
5.623e-01 2.429e+30 1.231e+30 1.233e-27 1.622e-15 1.019e-14
6.310e-01 1.857e+30 1.184e+30 1.186e-27 1.561e-15 9.807e-15
7.079e-01 1.417e+30 1.138e+30 1.140e-27 1.500e-15 9.422e-15
7.943e-01 1.080e+30 1.091e+30 1.093e-27 1.438e-15 9.038e-15
8.913e-01 8.213e+29 1.045e+30 1.047e-27 1.378e-15 8.655e-15
1.000e+00 6.237e+29 9.993e+29 1.001e-27 1.317e-15 8.275e-15
1.122e+00 4.728e+29 9.536e+29 9.552e-28 1.257e-15 7.896e-15
1.259e+00 3.577e+29 9.083e+29 9.098e-28 1.197e-15 7.521e-15
1.413e+00 2.701e+29 8.635e+29 8.649e-28 1.138e-15 7.150e-15
1.585e+00 2.035e+29 8.192e+29 8.206e-28 1.080e-15 6.783e-15
1.778e+00 1.531e+29 7.755e+29 7.768e-28 1.022e-15 6.422e-15
1.995e+00 1.148e+29 7.325e+29 7.337e-28 9.654e-16 6.066e-15
2.239e+00 8.596e+28 6.903e+29 6.914e-28 9.097e-16 5.716e-15
2.512e+00 6.419e+28 6.489e+29 6.500e-28 8.551e-16 5.373e-15
2.818e+00 4.780e+28 6.084e+29 6.094e-28 8.018e-16 5.038e-15
3.162e+00 3.551e+28 5.689e+29 5.698e-28 7.497e-16 4.711e-15
3.548e+00 2.630e+28 5.304e+29 5.313e-28 6.991e-16 4.392e-15
3.981e+00 1.942e+28 4.931e+29 4.940e-28 6.499e-16 4.083e-15
4.467e+00 1.430e+28 4.570e+29 4.578e-28 6.023e-16 3.784e-15
5.012e+00 1.049e+28 4.221e+29 4.228e-28 5.563e-16 3.495e-15
5.623e+00 7.669e+27 3.886e+29 3.892e-28 5.121e-16 3.218e-15
6.310e+00 5.587e+27 3.564e+29 3.570e-28 4.697e-16 2.951e-15
7.079e+00 4.055e+27 3.256e+29 3.261e-28 4.291e-16 2.696e-15
7.943e+00 2.930e+27 2.962e+29 2.967e-28 3.904e-16 2.453e-15
8.913e+00 2.109e+27 2.684e+29 2.689e-28 3.537e-16 2.223e-15
1.000e+01 1.511e+27 2.421e+29 2.425e-28 3.190e-16 2.005e-15
1.122e+01 1.077e+27 2.173e+29 2.177e-28 2.864e-16 1.799e-15
1.259e+01 7.642e+26 1.941e+29 1.944e-28 2.558e-16 1.607e-15
1.413e+01 5.393e+26 1.724e+29 1.727e-28 2.272e-16 1.428e-15
1.585e+01 3.784e+26 1.523e+29 1.525e-28 2.007e-16 1.261e-15
1.778e+01 2.639e+26 1.337e+29 1.339e-28 1.762e-16 1.107e-15
1.995e+01 1.828e+26 1.166e+29 1.168e-28 1.537e-16 9.657e-16
2.239e+01 1.258e+26 1.010e+29 1.012e-28 1.332e-16 8.367e-16
2.512e+01 8.598e+25 8.692e+28 8.706e-29 1.145e-16 7.197e-16
2.818e+01 5.829e+25 7.419e+28 7.431e-29 9.777e-17 6.143e-16
3.162e+01 3.920e+25 6.280e+28 6.290e-29 8.276e-17 5.200e-16
3.548e+01 2.612e+25 5.269e+28 5.278e-29 6.944e-17 4.363e-16
3.981e+01 1.725e+25 4.379e+28 4.387e-29 5.772e-17 3.626e-16
4.467e+01 1.127e+25 3.603e+28 3.609e-29 4.749e-17 2.984e-16
5.012e+01 7.286e+24 2.932e+28 2.937e-29 3.864e-17 2.428e-16
5.623e+01 4.655e+24 2.358e+28 2.362e-29 3.108e-17 1.953e-16
6.310e+01 2.936e+24 1.873e+28 1.876e-29 2.468e-17 1.551e-16
7.079e+01 1.827e+24 1.467e+28 1.470e-29 1.934e-17 1.215e-16
7.943e+01 1.120e+24 1.132e+28 1.134e-29 1.492e-17 9.377e-17
8.913e+01 6.758e+23 8.601e+27 8.615e-30 1.133e-17 7.122e-17
1.000e+02 4.006e+23 6.419e+27 6.430e-30 8.459e-18 5.315e-17
1.122e+02 2.331e+23 4.701e+27 4.709e-30 6.195e-18 3.893e-17
1.259e+02 1.328e+23 3.373e+27 3.378e-30 4.445e-18 2.793e-17
1.413e+02 7.401e+22 2.366e+27 2.370e-30 3.118e-18 1.959e-17
1.585e+02 4.023e+22 1.619e+27 1.622e-30 2.134e-18 1.341e-17
1.778e+02 2.127e+22 1.078e+27 1.080e-30 1.420e-18 8.924e-18
1.995e+02 1.091e+22 6.958e+26 6.969e-31 9.170e-19 5.761e-18
2.239e+02 5.410e+21 4.344e+26 4.351e-31 5.725e-19 3.597e-18
2.512e+02 2.588e+21 2.616e+26 2.620e-31 3.447e-19 2.166e-18
2.818e+02 1.191e+21 1.516e+26 1.518e-31 1.997e-19 1.255e-18
3.162e+02 5.260e+20 8.427e+25 8.441e-32 1.111e-19 6.978e-19
3.548e+02 2.221e+20 4.480e+25 4.488e-32 5.904e-20 3.710e-19
3.981e+02 8.919e+19 2.265e+25 2.269e-32 2.985e-20 1.875e-19
4.467e+02 3.378e+19 1.080e+25 1.082e-32 1.423e-20 8.942e-20
5.012e+02 1.192e+19 4.798e+24 4.806e-33 6.324e-21 3.973e-20
5.623e+02 3.849e+18 1.950e+24 1.953e-33 2.570e-21 1.615e-20
6.310e+02 1.099e+18 7.010e+23 7.022e-34 9.239e-22 5.805e-21
7.079e+02 2.570e+17 2.064e+23 2.068e-34 2.720e-22 1.709e-21
7.943e+02 3.867e+16 3.909e+22 3.916e-35 5.152e-23 3.237e-22
8.913e+02 3.463e+11 4.407e+17 4.415e-40 5.808e-28 3.650e-27
1.000e+03 0.000e+00 0.000e+00 0.000e+00 0.000e+00 0.000e+00
1.122e+03 0.000e+00 0.000e+00 0.000e+00 0.000e+00 0.000e+00
1.259e+03 0.000e+00 0.000e+00 0.000e+00 0.000e+00 0.000e+00
1.413e+03 0.000e+00 0.000e+00 0.000e+00 0.000e+00 0.000e+00
1.585e+03 0.000e+00 0.000e+00 0.000e+00 0.000e+00 0.000e+00
1.778e+03 0.000e+00 0.000e+00 0.000e+00 0.000e+00 0.000e+00
1.995e+03 0.000e+00 0.000e+00 0.000e+00 0.000e+00 0.000e+00
2.239e+03 0.000e+00 0.000e+00 0.000e+00 0.000e+00 0.000e+00
2.512e+03 0.000e+00 0.000e+00 0.000e+00 0.000e+00 0.000e+00
2.818e+03 0.000e+00 0.000e+00 0.000e+00 0.000e+00 0.000e+00
3.162e+03 0.000e+00 0.000e+00 0.000e+00 0.000e+00 0.000e+00
3.548e+03 0.000e+00 0.000e+00 0.000e+00 0.000e+00 0.000e+00
3.981e+03 0.000e+00 0.000e+00 0.000e+00 0.000e+00 0.000e+00
4.467e+03 0.000e+00 0.000e+00 0.000e+00 0.000e+00 0.000e+00
5.012e+03 0.000e+00 0.000e+00 0.000e+00 0.000e+00 0.000e+00
5.623e+03 0.000e+00 0.000e+00 0.000e+00 0.000e+00 0.000e+00
6.310e+03 0.000e+00 0.000e+00 0.000e+00 0.000e+00 0.000e+00
7.079e+03 0.000e+00 0.000e+00 0.000e+00 0.000e+00 0.000e+00
7.943e+03 0.000e+00 0.000e+00 0.000e+00 0.000e+00 0.000e+00
8.913e+03 0.000e+00 0.000e+00 0.000e+00 0.000e+00 0.000e+00
1.000e+04 0.000e+00 0.000e+00 0.000e+00 0.000e+00 0.000e+00
1.122e+04 0.000e+00 0.000e+00 0.000e+00 0.000e+00 0.000e+00
1.259e+04 0.000e+00 0.000e+00 0.000e+00 0.000e+00 0.000e+00
1.413e+04 0.000e+00 0.000e+00 0.000e+00 0.000e+00 0.000e+00
1.585e+04 0.000e+00 0.000e+00 0.000e+00 0.000e+00 0.000e+00
1.778e+04 0.000e+00 0.000e+00 0.000e+00 0.000e+00 0.000e+00
1.995e+04 0.000e+00 0.000e+00 0.000e+00 0.000e+00 0.000e+00
2.239e+04 0.000e+00 0.000e+00 0.000e+00 0.000e+00 0.000e+00
2.512e+04 0.000e+00 0.000e+00 0.000e+00 0.000e+00 0.000e+00
2.818e+04 0.000e+00 0.000e+00 0.000e+00 0.000e+00 0.000e+00
3.162e+04 0.000e+00 0.000e+00 0.000e+00 0.000e+00 0.000e+00
3.548e+04 0.000e+00 0.000e+00 0.000e+00 0.000e+00 0.000e+00
3.981e+04 0.000e+00 0.000e+00 0.000e+00 0.000e+00 0.000e+00
4.467e+04 0.000e+00 0.000e+00 0.000e+00 0.000e+00 0.000e+00
5.012e+04 0.000e+00 0.000e+00 0.000e+00 0.000e+00 0.000e+00
5.623e+04 0.000e+00 0.000e+00 0.000e+00 0.000e+00 0.000e+00
6.310e+04 0.000e+00 0.000e+00 0.000e+00 0.000e+00 0.000e+00
7.079e+04 0.000e+00 0.000e+00 0.000e+00 0.000e+00 0.000e+00
7.943e+04 0.000e+00 0.000e+00 0.000e+00 0.000e+00 0.000e+00
8.913e+04 0.000e+00 0.000e+00 0.000e+00 0.000e+00 0.000e+00
1.000e+05 0.000e+00 0.000e+00 0.000e+00 0.000e+00 0.000e+00
1.122e+05 0.000e+00 0.000e+00 0.000e+00 0.000e+00 0.000e+00
1.259e+05 0.000e+00 0.000e+00 0.000e+00 0.000e+00 0.000e+00
1.413e+05 0.000e+00 0.000e+00 0.000e+00 0.000e+00 0.000e+00
1.585e+05 0.000e+00 0.000e+00 0.000e+00 0.000e+00 0.000e+00
1.778e+05 0.000e+00 0.000e+00 0.000e+00 0.000e+00 0.000e+00
1.995e+05 0.000e+00 0.000e+00 0.000e+00 0.000e+00 0.000e+00
2.239e+05 0.000e+00 0.000e+00 0.000e+00 0.000e+00 0.000e+00
2.512e+05 0.000e+00 0.000e+00 0.000e+00 0.000e+00 0.000e+00
2.818e+05 0.000e+00 0.000e+00 0.000e+00 0.000e+00 0.000e+00
3.162e+05 0.000e+00 0.000e+00 0.000e+00 0.000e+00 0.000e+00
3.548e+05 0.000e+00 0.000e+00 0.000e+00 0.000e+00 0.000e+00
3.981e+05 0.000e+00 0.000e+00 0.000e+00 0.000e+00 0.000e+00
4.467e+05 0.000e+00 0.000e+00 0.000e+00 0.000e+00 0.000e+00
5.012e+05 0.000e+00 0.000e+00 0.000e+00 0.000e+00 0.000e+00
5.623e+05 0.000e+00 0.000e+00 0.000e+00 0.000e+00 0.000e+00
6.310e+05 0.000e+00 0.000e+00 0.000e+00 0.000e+00 0.000e+00
7.079e+05 0.000e+00 0.000e+00 0.000e+00 0.000e+00 0.000e+00
7.943e+05 0.000e+00 0.000e+00 0.000e+00 0.000e+00 0.000e+00
8.913e+05 0.000e+00 0.000e+00 0.000e+00 0.000e+00 0.000e+00
1.000e+06 0.000e+00 0.000e+00 0.000e+00 0.000e+00 0.000e+00
1.122e+06 0.000e+00 0.000e+00 0.000e+00 0.000e+00 0.000e+00
1.259e+06 0.000e+00 0.000e+00 0.000e+00 0.000e+00 0.000e+00
1.413e+06 0.000e+00 0.000e+00 0.000e+00 0.000e+00 0.000e+00
1.585e+06 0.000e+00 0.000e+00 0.000e+00 0.000e+00 0.000e+00
1.778e+06 0.000e+00 0.000e+00 0.000e+00 0.000e+00 0.000e+00
1.995e+06 0.000e+00 0.000e+00 0.000e+00 0.000e+00 0.000e+00
2.239e+06 0.000e+00 0.000e+00 0.000e+00 0.000e+00 0.000e+00
2.512e+06 0.000e+00 0.000e+00 0.000e+00 0.000e+00 0.000e+00
2.818e+06 0.000e+00 0.000e+00 0.000e+00 0.000e+00 0.000e+00
3.162e+06 0.000e+00 0.000e+00 0.000e+00 0.000e+00 0.000e+00
3.548e+06 0.000e+00 0.000e+00 0.000e+00 0.000e+00 0.000e+00
3.981e+06 0.000e+00 0.000e+00 0.000e+00 0.000e+00 0.000e+00
4.467e+06 0.000e+00 0.000e+00 0.000e+00 0.000e+00 0.000e+00
5.012e+06 0.000e+00 0.000e+00 0.000e+00 0.000e+00 0.000e+00
5.623e+06 0.000e+00 0.000e+00 0.000e+00 0.000e+00 0.000e+00
6.310e+06 0.000e+00 0.000e+00 0.000e+00 0.000e+00 0.000e+00
7.079e+06 0.000e+00 0.000e+00 0.000e+00 0.000e+00 0.000e+00
7.943e+06 0.000e+00 0.000e+00 0.000e+00 0.000e+00 0.000e+00
8.913e+06 0.000e+00 0.000e+00 0.000e+00 0.000e+00 0.000e+00
1.000e+07 0.000e+00 0.000e+00 0.000e+00 0.000e+00 0.000e+00
1.122e+07 0.000e+00 0.000e+00 0.000e+00 0.000e+00 0.000e+00
1.259e+07 0.000e+00 0.000e+00 0.000e+00 0.000e+00 0.000e+00
1.413e+07 0.000e+00 0.000e+00 0.000e+00 0.000e+00 0.000e+00
1.585e+07 0.000e+00 0.000e+00 0.000e+00 0.000e+00 0.000e+00
1.778e+07 0.000e+00 0.000e+00 0.000e+00 0.000e+00 0.000e+00
1.995e+07 0.000e+00 0.000e+00 0.000e+00 0.000e+00 0.000e+00
2.239e+07 0.000e+00 0.000e+00 0.000e+00 0.000e+00 0.000e+00
2.512e+07 0.000e+00 0.000e+00 0.000e+00 0.000e+00 0.000e+00
2.818e+07 0.000e+00 0.000e+00 0.000e+00 0.000e+00 0.000e+00
3.162e+07 0.000e+00 0.000e+00 0.000e+00 0.000e+00 0.000e+00
3.548e+07 0.000e+00 0.000e+00 0.000e+00 0.000e+00 0.000e+00
3.981e+07 0.000e+00 0.000e+00 0.000e+00 0.000e+00 0.000e+00
4.467e+07 0.000e+00 0.000e+00 0.000e+00 0.000e+00 0.000e+00
5.012e+07 0.000e+00 0.000e+00 0.000e+00 0.000e+00 0.000e+00
5.623e+07 0.000e+00 0.000e+00 0.000e+00 0.000e+00 0.000e+00
6.310e+07 0.000e+00 0.000e+00 0.000e+00 0.000e+00 0.000e+00
7.079e+07 0.000e+00 0.000e+00 0.000e+00 0.000e+00 0.000e+00
7.943e+07 0.000e+00 0.000e+00 0.000e+00 0.000e+00 0.000e+00
8.913e+07 0.000e+00 0.000e+00 0.000e+00 0.000e+00 0.000e+00
1.000e+08 0.000e+00 0.000e+00 0.000e+00 0.000e+00 0.000e+00
