5.110e-07 4.533e+50 1.184e+38
5.734e-07 4.525e+50 1.488e+38
6.433e-07 4.517e+50 1.870e+38
7.218e-07 4.510e+50 2.349e+38
8.099e-07 4.502e+50 2.953e+38
9.087e-07 4.494e+50 3.711e+38
1.020e-06 4.486e+50 4.663e+38
1.144e-06 4.464e+50 5.843e+38
1.284e-06 4.456e+50 7.342e+38
1.440e-06 4.448e+50 9.227e+38
1.616e-06 4.440e+50 1.159e+39
1.813e-06 4.419e+50 1.453e+39
2.034e-06 4.411e+50 1.825e+39
2.283e-06 4.403e+50 2.294e+39
2.561e-06 4.381e+50 2.874e+39
2.874e-06 4.373e+50 3.611e+39
3.224e-06 4.364e+50 4.537e+39
3.618e-06 4.342e+50 5.683e+39
4.059e-06 4.321e+50 7.118e+39
4.554e-06 4.311e+50 8.943e+39
5.110e-06 4.289e+50 1.120e+40
5.734e-06 4.267e+50 1.403e+40
6.433e-06 4.244e+50 1.756e+40
7.218e-06 4.221e+50 2.199e+40
8.099e-06 4.198e+50 2.753e+40
9.087e-06 4.174e+50 3.447e+40
1.020e-05 4.137e+50 4.301e+40
1.144e-05 4.113e+50 5.382e+40
1.284e-05 4.075e+50 6.714e+40
1.440e-05 4.037e+50 8.373e+40
1.616e-05 3.998e+50 1.044e+41
1.813e-05 3.947e+50 1.297e+41
2.034e-05 3.895e+50 1.612e+41
2.283e-05 3.842e+50 2.002e+41
2.561e-05 3.754e+50 2.463e+41
2.874e-05 3.689e+50 3.046e+41
3.224e-05 3.619e+50 3.762e+41
3.618e-05 3.541e+50 4.634e+41
4.059e-05 3.456e+50 5.694e+41
4.554e-05 3.366e+50 6.981e+41
5.110e-05 3.267e+50 8.531e+41
5.734e-05 3.161e+50 1.039e+42
6.433e-05 3.047e+50 1.261e+42
7.218e-05 2.925e+50 1.524e+42
8.099e-05 2.796e+50 1.834e+42
9.087e-05 2.659e+50 2.195e+42
1.020e-04 2.515e+50 2.615e+42
1.144e-04 2.365e+50 3.095e+42
1.284e-04 2.210e+50 3.641e+42
1.440e-04 2.050e+50 4.253e+42
1.616e-04 1.888e+50 4.931e+42
1.813e-04 1.725e+50 5.671e+42
2.034e-04 1.563e+50 6.467e+42
2.283e-04 1.403e+50 7.307e+42
2.561e-04 1.247e+50 8.177e+42
2.874e-04 1.097e+50 9.055e+42
3.224e-04 9.544e+49 9.922e+42
3.618e-04 8.217e+49 1.075e+43
4.059e-04 6.993e+49 1.152e+43
4.554e-04 5.880e+49 1.220e+43
5.110e-04 4.886e+49 1.276e+43
5.734e-04 4.011e+49 1.319e+43
6.433e-04 3.252e+49 1.346e+43
7.218e-04 2.605e+49 1.357e+43
8.099e-04 2.060e+49 1.351e+43
9.087e-04 1.609e+49 1.329e+43
1.020e-03 1.241e+49 1.290e+43
1.144e-03 9.447e+48 1.236e+43
1.284e-03 7.099e+48 1.170e+43
1.440e-03 5.262e+48 1.092e+43
1.616e-03 3.843e+48 1.003e+43
1.813e-03 2.761e+48 9.076e+42
2.034e-03 1.946e+48 8.052e+42
2.283e-03 1.338e+48 6.973e+42
2.561e-03 8.897e+47 5.835e+42
2.874e-03 5.597e+47 4.622e+42
3.224e-03 3.144e+47 3.268e+42
3.618e-03 1.233e+47 1.614e+42
