1.000e-20 6.681e+67 1.070e+28 1.072e-29 7.053e-18 8.863e-17
1.122e-20 5.973e+67 1.205e+28 1.207e-29 7.939e-18 9.976e-17
1.259e-20 5.335e+67 1.355e+28 1.357e-29 8.928e-18 1.122e-16
1.413e-20 4.761e+67 1.522e+28 1.525e-29 1.003e-17 1.260e-16
1.585e-20 4.244e+67 1.708e+28 1.711e-29 1.126e-17 1.414e-16
1.778e-20 3.780e+67 1.915e+28 1.918e-29 1.262e-17 1.586e-16
1.995e-20 3.363e+67 2.145e+28 2.149e-29 1.413e-17 1.776e-16
2.239e-20 2.988e+67 2.400e+28 2.404e-29 1.581e-17 1.987e-16
2.512e-20 2.653e+67 2.682e+28 2.686e-29 1.767e-17 2.221e-16
2.818e-20 2.352e+67 2.994e+28 2.999e-29 1.973e-17 2.479e-16
3.162e-20 2.083e+67 3.338e+28 3.344e-29 2.200e-17 2.764e-16
3.548e-20 1.843e+67 3.718e+28 3.724e-29 2.450e-17 3.078e-16
3.981e-20 1.629e+67 4.135e+28 4.142e-29 2.725e-17 3.424e-16
4.467e-20 1.437e+67 4.594e+28 4.602e-29 3.028e-17 3.804e-16
5.012e-20 1.267e+67 5.098e+28 5.107e-29 3.359e-17 4.222e-16
5.623e-20 1.115e+67 5.650e+28 5.659e-29 3.723e-17 4.678e-16
6.310e-20 9.803e+66 6.253e+28 6.264e-29 4.120e-17 5.178e-16
7.079e-20 8.607e+66 6.911e+28 6.923e-29 4.554e-17 5.723e-16
7.943e-20 7.547e+66 7.629e+28 7.642e-29 5.027e-17 6.317e-16
8.913e-20 6.608e+66 8.409e+28 8.424e-29 5.541e-17 6.964e-16
1.000e-19 5.777e+66 9.257e+28 9.272e-29 6.100e-17 7.665e-16
1.122e-19 5.044e+66 1.017e+29 1.019e-28 6.705e-17 8.425e-16
1.259e-19 4.398e+66 1.117e+29 1.119e-28 7.359e-17 9.247e-16
1.413e-19 3.829e+66 1.224e+29 1.226e-28 8.065e-17 1.013e-15
1.585e-19 3.328e+66 1.339e+29 1.342e-28 8.825e-17 1.109e-15
1.778e-19 2.888e+66 1.463e+29 1.466e-28 9.643e-17 1.212e-15
1.995e-19 2.503e+66 1.596e+29 1.599e-28 1.052e-16 1.322e-15
2.239e-19 2.165e+66 1.739e+29 1.742e-28 1.146e-16 1.440e-15
2.512e-19 1.871e+66 1.891e+29 1.894e-28 1.246e-16 1.566e-15
2.818e-19 1.613e+66 2.053e+29 2.056e-28 1.353e-16 1.700e-15
3.162e-19 1.389e+66 2.225e+29 2.229e-28 1.466e-16 1.843e-15
3.548e-19 1.194e+66 2.408e+29 2.412e-28 1.587e-16 1.994e-15
3.981e-19 1.024e+66 2.601e+29 2.605e-28 1.714e-16 2.154e-15
4.467e-19 8.773e+65 2.804e+29 2.809e-28 1.848e-16 2.322e-15
5.012e-19 7.501e+65 3.019e+29 3.024e-28 1.989e-16 2.500e-15
5.623e-19 6.402e+65 3.243e+29 3.249e-28 2.137e-16 2.686e-15
6.310e-19 5.454e+65 3.479e+29 3.484e-28 2.292e-16 2.880e-15
7.079e-19 4.637e+65 3.724e+29 3.730e-28 2.454e-16 3.083e-15
7.943e-19 3.936e+65 3.978e+29 3.985e-28 2.622e-16 3.294e-15
8.913e-19 3.333e+65 4.242e+29 4.250e-28 2.795e-16 3.513e-15
1.000e-18 2.818e+65 4.515e+29 4.522e-28 2.975e-16 3.738e-15
1.122e-18 2.377e+65 4.795e+29 4.803e-28 3.159e-16 3.970e-15
1.259e-18 2.001e+65 5.081e+29 5.090e-28 3.348e-16 4.208e-15
1.413e-18 1.681e+65 5.373e+29 5.382e-28 3.541e-16 4.449e-15
1.585e-18 1.409e+65 5.669e+29 5.679e-28 3.736e-16 4.694e-15
1.778e-18 1.178e+65 5.968e+29 5.978e-28 3.932e-16 4.942e-15
1.995e-18 9.825e+64 6.267e+29 6.278e-28 4.130e-16 5.189e-15
2.239e-18 8.175e+64 6.565e+29 6.576e-28 4.326e-16 5.436e-15
2.512e-18 6.785e+64 6.859e+29 6.871e-28 4.520e-16 5.680e-15
2.818e-18 5.616e+64 7.147e+29 7.159e-28 4.709e-16 5.918e-15
3.162e-18 4.635e+64 7.425e+29 7.438e-28 4.893e-16 6.149e-15
3.548e-18 3.813e+64 7.692e+29 7.705e-28 5.068e-16 6.369e-15
3.981e-18 3.128e+64 7.942e+29 7.956e-28 5.234e-16 6.577e-15
4.467e-18 2.557e+64 8.173e+29 8.187e-28 5.386e-16 6.768e-15
5.012e-18 2.083e+64 8.381e+29 8.395e-28 5.523e-16 6.940e-15
5.623e-18 1.690e+64 8.561e+29 8.576e-28 5.641e-16 7.089e-15
6.310e-18 1.365e+64 8.709e+29 8.724e-28 5.739e-16 7.212e-15
7.079e-18 1.099e+64 8.821e+29 8.836e-28 5.813e-16 7.304e-15
7.943e-18 8.796e+63 8.892e+29 8.907e-28 5.859e-16 7.363e-15
8.913e-18 7.007e+63 8.917e+29 8.932e-28 5.876e-16 7.384e-15
1.000e-17 5.550e+63 8.893e+29 8.908e-28 5.860e-16 7.364e-15
1.122e-17 4.370e+63 8.814e+29 8.829e-28 5.808e-16 7.299e-15
1.259e-17 3.418e+63 8.679e+29 8.694e-28 5.719e-16 7.187e-15
1.413e-17 2.654e+63 8.484e+29 8.499e-28 5.591e-16 7.026e-15
1.585e-17 2.045e+63 8.228e+29 8.242e-28 5.422e-16 6.813e-15
1.778e-17 1.561e+63 7.910e+29 7.924e-28 5.213e-16 6.550e-15
1.995e-17 1.181e+63 7.532e+29 7.545e-28 4.963e-16 6.237e-15
2.239e-17 8.838e+62 7.097e+29 7.109e-28 4.676e-16 5.876e-15
2.512e-17 6.537e+62 6.608e+29 6.620e-28 4.355e-16 5.472e-15
2.818e-17 4.773e+62 6.075e+29 6.085e-28 4.003e-16 5.030e-15
3.162e-17 3.436e+62 5.505e+29 5.514e-28 3.627e-16 4.558e-15
3.548e-17 2.434e+62 4.910e+29 4.918e-28 3.235e-16 4.066e-15
3.981e-17 1.694e+62 4.303e+29 4.310e-28 2.835e-16 3.563e-15
4.467e-17 1.157e+62 3.697e+29 3.703e-28 2.436e-16 3.062e-15
5.012e-17 7.724e+61 3.108e+29 3.114e-28 2.048e-16 2.574e-15
5.623e-17 5.034e+61 2.551e+29 2.555e-28 1.681e-16 2.112e-15
6.310e-17 3.194e+61 2.037e+29 2.040e-28 1.342e-16 1.687e-15
7.079e-17 1.965e+61 1.578e+29 1.581e-28 1.040e-16 1.307e-15
7.943e-17 1.169e+61 1.182e+29 1.184e-28 7.790e-17 9.789e-16
8.913e-17 6.699e+60 8.526e+28 8.540e-29 5.618e-17 7.060e-16
1.000e-16 3.679e+60 5.894e+28 5.904e-29 3.884e-17 4.880e-16
1.122e-16 1.926e+60 3.885e+28 3.892e-29 2.560e-17 3.217e-16
1.259e-16 9.563e+59 2.428e+28 2.432e-29 1.600e-17 2.011e-16
1.413e-16 4.472e+59 1.430e+28 1.432e-29 9.421e-18 1.184e-16
1.585e-16 1.955e+59 7.869e+27 7.883e-30 5.186e-18 6.516e-17
1.778e-16 7.927e+58 4.016e+27 4.023e-30 2.646e-18 3.326e-17
1.995e-16 2.951e+58 1.882e+27 1.885e-30 1.240e-18 1.559e-17
2.239e-16 9.979e+57 8.013e+26 8.027e-31 5.280e-19 6.635e-18
2.512e-16 3.028e+57 3.061e+26 3.066e-31 2.017e-19 2.535e-18
2.818e-16 8.132e+56 1.035e+26 1.037e-31 6.820e-20 8.570e-19
3.162e-16 1.902e+56 3.047e+25 3.053e-32 2.008e-20 2.523e-19
3.548e-16 3.806e+55 7.677e+24 7.690e-33 5.059e-21 6.357e-20
3.981e-16 6.385e+54 1.621e+24 1.624e-33 1.068e-21 1.343e-20
4.467e-16 8.772e+53 2.804e+23 2.809e-34 1.848e-22 2.322e-21
5.012e-16 9.600e+52 3.863e+22 3.870e-35 2.546e-23 3.199e-22
5.623e-16 7.919e+51 4.012e+21 4.019e-36 2.644e-24 3.322e-23
6.310e-16 7.079e+50 4.515e+20 4.523e-37 2.975e-25 3.739e-24
7.079e-16 5.993e+50 4.812e+20 4.821e-37 3.171e-25 3.985e-24
7.943e-16 5.071e+50 5.127e+20 5.135e-37 3.378e-25 4.245e-24
8.913e-16 4.290e+50 5.459e+20 5.469e-37 3.597e-25 4.521e-24
1.000e-15 3.627e+50 5.811e+20 5.821e-37 3.829e-25 4.812e-24
1.122e-15 5.237e+50 1.056e+21 1.058e-36 6.961e-25 8.747e-24
1.259e-15 4.524e+50 1.149e+21 1.151e-36 7.571e-25 9.514e-24
1.413e-15 3.911e+50 1.250e+21 1.252e-36 8.238e-25 1.035e-23
1.585e-15 3.382e+50 1.361e+21 1.363e-36 8.968e-25 1.127e-23
1.778e-15 2.926e+50 1.482e+21 1.485e-36 9.768e-25 1.228e-23
1.995e-15 2.533e+50 1.616e+21 1.618e-36 1.065e-24 1.338e-23
2.239e-15 2.194e+50 1.762e+21 1.765e-36 1.161e-24 1.459e-23
2.512e-15 1.901e+50 1.922e+21 1.925e-36 1.267e-24 1.592e-23
2.818e-15 1.649e+50 2.098e+21 2.102e-36 1.383e-24 1.738e-23
3.162e-15 1.431e+50 2.292e+21 2.296e-36 1.510e-24 1.898e-23
3.548e-15 1.242e+50 2.505e+21 2.510e-36 1.651e-24 2.075e-23
3.981e-15 1.079e+50 2.740e+21 2.745e-36 1.806e-24 2.269e-23
4.467e-15 9.380e+49 2.999e+21 3.004e-36 1.976e-24 2.483e-23
5.012e-15 8.160e+49 3.284e+21 3.289e-36 2.164e-24 2.719e-23
5.623e-15 7.102e+49 3.598e+21 3.604e-36 2.371e-24 2.980e-23
6.310e-15 6.186e+49 3.945e+21 3.952e-36 2.600e-24 3.267e-23
7.079e-15 5.391e+49 4.329e+21 4.336e-36 2.853e-24 3.585e-23
7.943e-15 4.701e+49 4.753e+21 4.761e-36 3.132e-24 3.936e-23
8.913e-15 4.103e+49 5.221e+21 5.230e-36 3.441e-24 4.323e-23
1.000e-14 3.582e+49 5.740e+21 5.749e-36 3.782e-24 4.753e-23
1.122e-14 3.130e+49 6.313e+21 6.324e-36 4.160e-24 5.228e-23
1.259e-14 2.737e+49 6.949e+21 6.961e-36 4.579e-24 5.754e-23
1.413e-14 2.394e+49 7.653e+21 7.666e-36 5.043e-24 6.338e-23
1.585e-14 2.096e+49 8.435e+21 8.449e-36 5.558e-24 6.984e-23
1.778e-14 1.836e+49 9.301e+21 9.317e-36 6.129e-24 7.702e-23
1.995e-14 1.609e+49 1.026e+22 1.028e-35 6.763e-24 8.498e-23
2.239e-14 1.411e+49 1.133e+22 1.135e-35 7.467e-24 9.383e-23
2.512e-14 1.238e+49 1.252e+22 1.254e-35 8.249e-24 1.037e-22
2.818e-14 1.087e+49 1.384e+22 1.386e-35 9.118e-24 1.146e-22
3.162e-14 9.552e+48 1.530e+22 1.533e-35 1.009e-23 1.267e-22
3.548e-14 8.397e+48 1.694e+22 1.697e-35 1.116e-23 1.403e-22
3.981e-14 7.386e+48 1.875e+22 1.879e-35 1.236e-23 1.553e-22
4.467e-14 6.500e+48 2.078e+22 2.081e-35 1.369e-23 1.721e-22
5.012e-14 5.723e+48 2.303e+22 2.307e-35 1.518e-23 1.907e-22
5.623e-14 5.042e+48 2.555e+22 2.559e-35 1.683e-23 2.115e-22
6.310e-14 4.445e+48 2.835e+22 2.840e-35 1.868e-23 2.347e-22
7.079e-14 3.920e+48 3.147e+22 3.153e-35 2.074e-23 2.606e-22
7.943e-14 3.458e+48 3.496e+22 3.502e-35 2.304e-23 2.895e-22
8.913e-14 3.053e+48 3.885e+22 3.892e-35 2.560e-23 3.217e-22
1.000e-13 2.696e+48 4.320e+22 4.327e-35 2.847e-23 3.577e-22
1.122e-13 2.382e+48 4.805e+22 4.814e-35 3.167e-23 3.979e-22
1.259e-13 2.106e+48 5.348e+22 5.357e-35 3.524e-23 4.428e-22
1.413e-13 1.862e+48 5.954e+22 5.964e-35 3.923e-23 4.930e-22
1.585e-13 1.648e+48 6.631e+22 6.643e-35 4.370e-23 5.491e-22
1.778e-13 1.458e+48 7.389e+22 7.401e-35 4.869e-23 6.118e-22
1.995e-13 1.291e+48 8.236e+22 8.250e-35 5.427e-23 6.820e-22
2.239e-13 1.144e+48 9.184e+22 9.199e-35 6.052e-23 7.605e-22
2.512e-13 1.013e+48 1.024e+23 1.026e-34 6.750e-23 8.483e-22
2.818e-13 8.982e+47 1.143e+23 1.145e-34 7.532e-23 9.465e-22
3.162e-13 7.963e+47 1.276e+23 1.278e-34 8.407e-23 1.056e-21
3.548e-13 7.063e+47 1.425e+23 1.427e-34 9.387e-23 1.180e-21
3.981e-13 6.266e+47 1.591e+23 1.594e-34 1.048e-22 1.317e-21
4.467e-13 5.560e+47 1.777e+23 1.780e-34 1.171e-22 1.472e-21
5.012e-13 4.935e+47 1.986e+23 1.990e-34 1.309e-22 1.645e-21
5.623e-13 4.382e+47 2.220e+23 2.224e-34 1.463e-22 1.838e-21
6.310e-13 3.892e+47 2.482e+23 2.486e-34 1.636e-22 2.055e-21
7.079e-13 3.457e+47 2.776e+23 2.781e-34 1.829e-22 2.299e-21
7.943e-13 3.071e+47 3.105e+23 3.110e-34 2.046e-22 2.571e-21
8.913e-13 2.729e+47 3.474e+23 3.479e-34 2.289e-22 2.876e-21
1.000e-12 2.426e+47 3.887e+23 3.893e-34 2.561e-22 3.218e-21
1.122e-12 8.140e+47 1.642e+24 1.645e-33 1.082e-21 1.360e-20
1.259e-12 7.497e+47 1.904e+24 1.907e-33 1.254e-21 1.576e-20
1.413e-12 6.906e+47 2.208e+24 2.211e-33 1.455e-21 1.828e-20
1.585e-12 6.362e+47 2.560e+24 2.565e-33 1.687e-21 2.120e-20
1.778e-12 5.862e+47 2.970e+24 2.975e-33 1.957e-21 2.459e-20
1.995e-12 5.401e+47 3.445e+24 3.451e-33 2.270e-21 2.852e-20
2.239e-12 4.976e+47 3.996e+24 4.002e-33 2.633e-21 3.309e-20
2.512e-12 4.585e+47 4.634e+24 4.642e-33 3.054e-21 3.838e-20
2.818e-12 4.224e+47 5.375e+24 5.384e-33 3.542e-21 4.451e-20
3.162e-12 3.891e+47 6.234e+24 6.244e-33 4.108e-21 5.162e-20
3.548e-12 3.584e+47 7.228e+24 7.241e-33 4.763e-21 5.986e-20
3.981e-12 3.300e+47 8.380e+24 8.394e-33 5.522e-21 6.939e-20
4.467e-12 3.039e+47 9.714e+24 9.730e-33 6.401e-21 8.044e-20
5.012e-12 2.797e+47 1.126e+25 1.128e-32 7.418e-21 9.322e-20
5.623e-12 2.574e+47 1.304e+25 1.306e-32 8.595e-21 1.080e-19
6.310e-12 2.368e+47 1.511e+25 1.513e-32 9.955e-21 1.251e-19
7.079e-12 2.178e+47 1.749e+25 1.752e-32 1.153e-20 1.448e-19
7.943e-12 2.003e+47 2.025e+25 2.028e-32 1.334e-20 1.677e-19
8.913e-12 1.841e+47 2.343e+25 2.347e-32 1.544e-20 1.940e-19
1.000e-11 1.691e+47 2.709e+25 2.714e-32 1.785e-20 2.244e-19
1.122e-11 1.553e+47 3.132e+25 3.138e-32 2.064e-20 2.594e-19
1.259e-11 1.425e+47 3.619e+25 3.626e-32 2.385e-20 2.997e-19
1.413e-11 1.308e+47 4.180e+25 4.187e-32 2.755e-20 3.462e-19
1.585e-11 1.199e+47 4.825e+25 4.834e-32 3.180e-20 3.996e-19
1.778e-11 1.099e+47 5.567e+25 5.577e-32 3.669e-20 4.610e-19
1.995e-11 1.006e+47 6.419e+25 6.430e-32 4.230e-20 5.316e-19
2.239e-11 9.213e+46 7.398e+25 7.410e-32 4.875e-20 6.126e-19
2.512e-11 8.428e+46 8.520e+25 8.534e-32 5.614e-20 7.055e-19
2.818e-11 7.705e+46 9.805e+25 9.822e-32 6.461e-20 8.120e-19
3.162e-11 7.039e+46 1.128e+26 1.130e-31 7.432e-20 9.339e-19
3.548e-11 6.426e+46 1.296e+26 1.298e-31 8.541e-20 1.073e-18
3.981e-11 5.863e+46 1.489e+26 1.491e-31 9.810e-20 1.233e-18
4.467e-11 5.345e+46 1.709e+26 1.712e-31 1.126e-19 1.415e-18
5.012e-11 4.869e+46 1.960e+26 1.963e-31 1.291e-19 1.623e-18
5.623e-11 4.432e+46 2.246e+26 2.249e-31 1.480e-19 1.859e-18
6.310e-11 4.031e+46 2.571e+26 2.576e-31 1.694e-19 2.129e-18
7.079e-11 3.663e+46 2.942e+26 2.947e-31 1.938e-19 2.436e-18
7.943e-11 3.327e+46 3.363e+26 3.369e-31 2.216e-19 2.785e-18
8.913e-11 3.018e+46 3.841e+26 3.847e-31 2.531e-19 3.181e-18
1.000e-10 2.736e+46 4.383e+26 4.391e-31 2.888e-19 3.630e-18
1.122e-10 2.478e+46 4.998e+26 5.006e-31 3.293e-19 4.139e-18
1.259e-10 2.242e+46 5.693e+26 5.703e-31 3.752e-19 4.715e-18
1.413e-10 2.027e+46 6.480e+26 6.491e-31 4.270e-19 5.366e-18
1.585e-10 1.831e+46 7.368e+26 7.381e-31 4.855e-19 6.101e-18
1.778e-10 1.652e+46 8.370e+26 8.385e-31 5.516e-19 6.931e-18
1.995e-10 1.489e+46 9.500e+26 9.516e-31 6.260e-19 7.867e-18
2.239e-10 1.341e+46 1.077e+27 1.079e-30 7.098e-19 8.920e-18
2.512e-10 1.207e+46 1.220e+27 1.222e-30 8.040e-19 1.010e-17
2.818e-10 1.085e+46 1.381e+27 1.383e-30 9.099e-19 1.143e-17
3.162e-10 9.743e+45 1.561e+27 1.564e-30 1.029e-18 1.293e-17
3.548e-10 8.740e+45 1.763e+27 1.766e-30 1.162e-18 1.460e-17
3.981e-10 7.833e+45 1.989e+27 1.992e-30 1.311e-18 1.647e-17
4.467e-10 7.013e+45 2.242e+27 2.246e-30 1.477e-18 1.856e-17
5.012e-10 6.272e+45 2.524e+27 2.529e-30 1.663e-18 2.090e-17
5.623e-10 5.604e+45 2.839e+27 2.844e-30 1.871e-18 2.351e-17
6.310e-10 5.002e+45 3.190e+27 3.196e-30 2.102e-18 2.642e-17
7.079e-10 4.460e+45 3.581e+27 3.587e-30 2.360e-18 2.966e-17
7.943e-10 3.972e+45 4.016e+27 4.023e-30 2.646e-18 3.325e-17
8.913e-10 3.535e+45 4.498e+27 4.506e-30 2.964e-18 3.725e-17
1.000e-09 3.142e+45 5.033e+27 5.042e-30 3.317e-18 4.168e-17
1.122e-09 2.789e+45 5.626e+27 5.636e-30 3.707e-18 4.659e-17
1.259e-09 2.474e+45 6.282e+27 6.293e-30 4.140e-18 5.202e-17
1.413e-09 2.192e+45 7.007e+27 7.019e-30 4.618e-18 5.803e-17
1.585e-09 1.940e+45 7.808e+27 7.821e-30 5.145e-18 6.465e-17
1.778e-09 1.715e+45 8.690e+27 8.705e-30 5.726e-18 7.196e-17
1.995e-09 1.515e+45 9.662e+27 9.678e-30 6.367e-18 8.001e-17
2.239e-09 1.336e+45 1.073e+28 1.075e-29 7.071e-18 8.886e-17
2.512e-09 1.178e+45 1.190e+28 1.192e-29 7.844e-18 9.857e-17
2.818e-09 1.037e+45 1.319e+28 1.321e-29 8.693e-18 1.092e-16
3.162e-09 9.114e+44 1.460e+28 1.463e-29 9.622e-18 1.209e-16
3.548e-09 8.004e+44 1.614e+28 1.617e-29 1.064e-17 1.337e-16
3.981e-09 7.021e+44 1.783e+28 1.786e-29 1.175e-17 1.476e-16
4.467e-09 6.152e+44 1.967e+28 1.970e-29 1.296e-17 1.629e-16
5.012e-09 5.384e+44 2.167e+28 2.171e-29 1.428e-17 1.794e-16
5.623e-09 4.707e+44 2.385e+28 2.389e-29 1.571e-17 1.975e-16
6.310e-09 4.109e+44 2.621e+28 2.626e-29 1.727e-17 2.170e-16
7.079e-09 3.583e+44 2.877e+28 2.882e-29 1.896e-17 2.383e-16
7.943e-09 3.121e+44 3.155e+28 3.160e-29 2.079e-17 2.613e-16
8.913e-09 2.715e+44 3.455e+28 3.461e-29 2.277e-17 2.861e-16
1.000e-08 2.358e+44 3.778e+28 3.785e-29 2.490e-17 3.129e-16
1.122e-08 2.046e+44 4.127e+28 4.134e-29 2.719e-17 3.417e-16
1.259e-08 1.773e+44 4.501e+28 4.509e-29 2.966e-17 3.728e-16
1.413e-08 1.534e+44 4.904e+28 4.912e-29 3.231e-17 4.060e-16
1.585e-08 1.325e+44 5.334e+28 5.343e-29 3.515e-17 4.417e-16
1.778e-08 1.144e+44 5.795e+28 5.805e-29 3.819e-17 4.799e-16
1.995e-08 9.856e+43 6.286e+28 6.297e-29 4.142e-17 5.206e-16
2.239e-08 8.481e+43 6.810e+28 6.822e-29 4.488e-17 5.639e-16
2.512e-08 7.288e+43 7.367e+28 7.380e-29 4.855e-17 6.101e-16
2.818e-08 6.254e+43 7.959e+28 7.972e-29 5.244e-17 6.590e-16
3.162e-08 5.359e+43 8.585e+28 8.600e-29 5.657e-17 7.109e-16
3.548e-08 4.585e+43 9.249e+28 9.264e-29 6.095e-17 7.659e-16
3.981e-08 3.918e+43 9.950e+28 9.966e-29 6.556e-17 8.239e-16
4.467e-08 3.344e+43 1.069e+29 1.071e-28 7.044e-17 8.851e-16
5.012e-08 2.850e+43 1.147e+29 1.149e-28 7.557e-17 9.497e-16
5.623e-08 2.426e+43 1.229e+29 1.231e-28 8.099e-17 1.018e-15
6.310e-08 2.062e+43 1.315e+29 1.318e-28 8.668e-17 1.089e-15
7.079e-08 1.752e+43 1.406e+29 1.409e-28 9.268e-17 1.165e-15
7.943e-08 1.486e+43 1.502e+29 1.505e-28 9.899e-17 1.244e-15
8.913e-08 1.260e+43 1.603e+29 1.606e-28 1.056e-16 1.328e-15
1.000e-07 1.067e+43 1.710e+29 1.713e-28 1.127e-16 1.416e-15
1.122e-07 9.034e+42 1.822e+29 1.825e-28 1.201e-16 1.509e-15
1.259e-07 7.643e+42 1.941e+29 1.944e-28 1.279e-16 1.607e-15
1.413e-07 6.464e+42 2.067e+29 2.070e-28 1.362e-16 1.711e-15
1.585e-07 5.466e+42 2.200e+29 2.203e-28 1.449e-16 1.821e-15
1.778e-07 4.620e+42 2.341e+29 2.344e-28 1.542e-16 1.938e-15
1.995e-07 3.903e+42 2.490e+29 2.494e-28 1.641e-16 2.062e-15
2.239e-07 3.297e+42 2.647e+29 2.652e-28 1.745e-16 2.192e-15
2.512e-07 2.784e+42 2.814e+29 2.819e-28 1.854e-16 2.330e-15
2.818e-07 2.349e+42 2.990e+29 2.995e-28 1.970e-16 2.476e-15
3.162e-07 1.981e+42 3.174e+29 3.180e-28 2.092e-16 2.628e-15
3.548e-07 1.670e+42 3.368e+29 3.374e-28 2.219e-16 2.789e-15
3.981e-07 1.406e+42 3.571e+29 3.577e-28 2.353e-16 2.957e-15
4.467e-07 1.183e+42 3.783e+29 3.789e-28 2.493e-16 3.132e-15
5.012e-07 9.951e+41 4.005e+29 4.012e-28 2.639e-16 3.316e-15
5.623e-07 2.121e+42 1.075e+30 1.076e-27 7.081e-16 8.899e-15
6.310e-07 1.833e+42 1.169e+30 1.171e-27 7.704e-16 9.681e-15
7.079e-07 1.584e+42 1.272e+30 1.274e-27 8.382e-16 1.053e-14
7.943e-07 1.369e+42 1.384e+30 1.386e-27 9.120e-16 1.146e-14
8.913e-07 1.184e+42 1.506e+30 1.509e-27 9.925e-16 1.247e-14
1.000e-06 1.024e+42 1.640e+30 1.643e-27 1.081e-15 1.358e-14
1.122e-06 8.854e+41 1.786e+30 1.789e-27 1.177e-15 1.479e-14
1.259e-06 7.663e+41 1.946e+30 1.949e-27 1.282e-15 1.611e-14
1.413e-06 6.638e+41 2.122e+30 2.126e-27 1.398e-15 1.757e-14
1.585e-06 5.752e+41 2.315e+30 2.319e-27 1.526e-15 1.917e-14
1.778e-06 4.991e+41 2.529e+30 2.533e-27 1.666e-15 2.094e-14
1.995e-06 4.336e+41 2.765e+30 2.770e-27 1.822e-15 2.290e-14
2.239e-06 3.770e+41 3.027e+30 3.032e-27 1.995e-15 2.507e-14
2.512e-06 3.284e+41 3.320e+30 3.325e-27 2.187e-15 2.749e-14
2.818e-06 2.865e+41 3.646e+30 3.652e-27 2.403e-15 3.019e-14
3.162e-06 2.503e+41 4.011e+30 4.018e-27 2.643e-15 3.321e-14
3.548e-06 2.193e+41 4.423e+30 4.430e-27 2.914e-15 3.662e-14
3.981e-06 1.925e+41 4.889e+30 4.898e-27 3.222e-15 4.049e-14
4.467e-06 1.694e+41 5.417e+30 5.426e-27 3.569e-15 4.486e-14
5.012e-06 1.497e+41 6.024e+30 6.035e-27 3.970e-15 4.989e-14
5.623e-06 1.328e+41 6.728e+30 6.739e-27 4.433e-15 5.571e-14
6.310e-06 1.184e+41 7.551e+30 7.564e-27 4.976e-15 6.253e-14
7.079e-06 1.061e+41 8.522e+30 8.536e-27 5.615e-15 7.056e-14
7.943e-06 9.593e+40 9.698e+30 9.714e-27 6.390e-15 8.030e-14
8.913e-06 8.752e+40 1.114e+31 1.116e-26 7.340e-15 9.224e-14
1.000e-05 8.073e+40 1.293e+31 1.296e-26 8.523e-15 1.071e-13
1.122e-05 7.538e+40 1.521e+31 1.523e-26 1.002e-14 1.259e-13
1.259e-05 7.126e+40 1.809e+31 1.813e-26 1.192e-14 1.498e-13
1.413e-05 6.835e+40 2.185e+31 2.189e-26 1.440e-14 1.809e-13
1.585e-05 6.645e+40 2.674e+31 2.679e-26 1.762e-14 2.214e-13
1.778e-05 6.540e+40 3.313e+31 3.319e-26 2.183e-14 2.744e-13
1.995e-05 6.505e+40 4.149e+31 4.156e-26 2.734e-14 3.436e-13
2.239e-05 6.526e+40 5.240e+31 5.249e-26 3.453e-14 4.339e-13
2.512e-05 6.589e+40 6.661e+31 6.672e-26 4.389e-14 5.516e-13
2.818e-05 6.675e+40 8.494e+31 8.509e-26 5.597e-14 7.034e-13
3.162e-05 6.782e+40 1.087e+32 1.088e-25 7.160e-14 8.997e-13
3.548e-05 6.892e+40 1.390e+32 1.393e-25 9.161e-14 1.151e-12
3.981e-05 6.996e+40 1.776e+32 1.779e-25 1.171e-13 1.471e-12
4.467e-05 7.083e+40 2.264e+32 2.268e-25 1.492e-13 1.875e-12
5.012e-05 7.145e+40 2.876e+32 2.881e-25 1.895e-13 2.381e-12
5.623e-05 7.176e+40 3.636e+32 3.642e-25 2.396e-13 3.011e-12
6.310e-05 7.170e+40 4.574e+32 4.581e-25 3.014e-13 3.787e-12
7.079e-05 7.096e+40 5.698e+32 5.708e-25 3.755e-13 4.719e-12
7.943e-05 6.941e+40 7.017e+32 7.028e-25 4.624e-13 5.810e-12
8.913e-05 6.743e+40 8.581e+32 8.596e-25 5.655e-13 7.106e-12
1.000e-04 6.503e+40 1.042e+33 1.044e-24 6.866e-13 8.628e-12
1.122e-04 6.226e+40 1.256e+33 1.258e-24 8.275e-13 1.040e-11
1.259e-04 5.913e+40 1.502e+33 1.504e-24 9.895e-13 1.243e-11
1.413e-04 5.571e+40 1.781e+33 1.784e-24 1.174e-12 1.475e-11
1.585e-04 5.206e+40 2.095e+33 2.099e-24 1.381e-12 1.735e-11
1.778e-04 4.823e+40 2.443e+33 2.448e-24 1.610e-12 2.023e-11
1.995e-04 4.429e+40 2.825e+33 2.830e-24 1.862e-12 2.339e-11
2.239e-04 4.030e+40 3.236e+33 3.241e-24 2.132e-12 2.680e-11
2.512e-04 3.637e+40 3.677e+33 3.683e-24 2.423e-12 3.045e-11
2.818e-04 3.255e+40 4.143e+33 4.150e-24 2.730e-12 3.430e-11
3.162e-04 2.889e+40 4.629e+33 4.637e-24 3.051e-12 3.833e-11
3.548e-04 2.546e+40 5.134e+33 5.143e-24 3.383e-12 4.252e-11
3.981e-04 2.227e+40 5.654e+33 5.664e-24 3.726e-12 4.682e-11
4.467e-04 1.935e+40 6.186e+33 6.196e-24 4.076e-12 5.122e-11
5.012e-04 1.672e+40 6.728e+33 6.740e-24 4.434e-12 5.571e-11
5.623e-04 1.437e+40 7.280e+33 7.292e-24 4.797e-12 6.028e-11
6.310e-04 1.228e+40 7.835e+33 7.849e-24 5.163e-12 6.488e-11
7.079e-04 1.045e+40 8.393e+33 8.407e-24 5.531e-12 6.950e-11
7.943e-04 8.849e+39 8.946e+33 8.961e-24 5.895e-12 7.408e-11
8.913e-04 7.457e+39 9.490e+33 9.506e-24 6.254e-12 7.858e-11
1.000e-03 6.256e+39 1.002e+34 1.004e-23 6.605e-12 8.300e-11
1.122e-03 5.227e+39 1.054e+34 1.056e-23 6.948e-12 8.731e-11
1.259e-03 4.351e+39 1.105e+34 1.107e-23 7.281e-12 9.149e-11
1.413e-03 3.609e+39 1.154e+34 1.156e-23 7.603e-12 9.554e-11
1.585e-03 2.984e+39 1.201e+34 1.203e-23 7.915e-12 9.946e-11
1.778e-03 2.462e+39 1.247e+34 1.249e-23 8.219e-12 1.033e-10
1.995e-03 2.026e+39 1.293e+34 1.295e-23 8.517e-12 1.070e-10
2.239e-03 1.666e+39 1.338e+34 1.340e-23 8.815e-12 1.108e-10
2.512e-03 1.368e+39 1.383e+34 1.386e-23 9.115e-12 1.145e-10
2.818e-03 1.123e+39 1.430e+34 1.432e-23 9.421e-12 1.184e-10
3.162e-03 9.218e+38 1.477e+34 1.479e-23 9.732e-12 1.223e-10
3.548e-03 7.559e+38 1.525e+34 1.527e-23 1.005e-11 1.262e-10
3.981e-03 6.192e+38 1.572e+34 1.575e-23 1.036e-11 1.302e-10
4.467e-03 5.068e+38 1.620e+34 1.623e-23 1.068e-11 1.342e-10
5.012e-03 4.144e+38 1.668e+34 1.671e-23 1.099e-11 1.381e-10
5.623e-03 3.386e+38 1.715e+34 1.718e-23 1.130e-11 1.421e-10
6.310e-03 2.764e+38 1.763e+34 1.766e-23 1.162e-11 1.460e-10
7.079e-03 2.254e+38 1.810e+34 1.813e-23 1.192e-11 1.498e-10
7.943e-03 1.836e+38 1.856e+34 1.859e-23 1.223e-11 1.537e-10
8.913e-03 1.494e+38 1.901e+34 1.904e-23 1.253e-11 1.574e-10
1.000e-02 1.214e+38 1.944e+34 1.948e-23 1.281e-11 1.610e-10
1.122e-02 9.847e+37 1.986e+34 1.990e-23 1.309e-11 1.645e-10
1.259e-02 7.978e+37 2.026e+34 2.029e-23 1.335e-11 1.677e-10
1.413e-02 6.453e+37 2.063e+34 2.066e-23 1.359e-11 1.708e-10
1.585e-02 5.212e+37 2.097e+34 2.101e-23 1.382e-11 1.737e-10
1.778e-02 4.203e+37 2.130e+34 2.133e-23 1.403e-11 1.763e-10
1.995e-02 3.385e+37 2.159e+34 2.163e-23 1.423e-11 1.788e-10
2.239e-02 2.724e+37 2.187e+34 2.191e-23 1.441e-11 1.811e-10
2.512e-02 2.189e+37 2.213e+34 2.216e-23 1.458e-11 1.832e-10
2.818e-02 1.758e+37 2.237e+34 2.241e-23 1.474e-11 1.852e-10
3.162e-02 1.410e+37 2.259e+34 2.263e-23 1.489e-11 1.871e-10
3.548e-02 1.131e+37 2.280e+34 2.284e-23 1.503e-11 1.888e-10
3.981e-02 9.059e+36 2.300e+34 2.304e-23 1.516e-11 1.905e-10
4.467e-02 7.255e+36 2.319e+34 2.323e-23 1.528e-11 1.921e-10
5.012e-02 5.806e+36 2.337e+34 2.341e-23 1.540e-11 1.935e-10
5.623e-02 4.643e+36 2.353e+34 2.357e-23 1.550e-11 1.948e-10
6.310e-02 3.710e+36 2.366e+34 2.370e-23 1.559e-11 1.959e-10
7.079e-02 2.960e+36 2.377e+34 2.381e-23 1.566e-11 1.968e-10
7.943e-02 2.358e+36 2.384e+34 2.388e-23 1.571e-11 1.974e-10
8.913e-02 1.875e+36 2.386e+34 2.390e-23 1.572e-11 1.976e-10
1.000e-01 1.488e+36 2.384e+34 2.388e-23 1.571e-11 1.974e-10
1.122e-01 1.178e+36 2.376e+34 2.380e-23 1.566e-11 1.968e-10
1.259e-01 9.308e+35 2.364e+34 2.368e-23 1.558e-11 1.957e-10
1.413e-01 7.337e+35 2.345e+34 2.349e-23 1.545e-11 1.942e-10
1.585e-01 5.768e+35 2.321e+34 2.325e-23 1.530e-11 1.922e-10
1.778e-01 4.523e+35 2.292e+34 2.295e-23 1.510e-11 1.898e-10
1.995e-01 3.537e+35 2.256e+34 2.260e-23 1.487e-11 1.868e-10
2.239e-01 2.758e+35 2.214e+34 2.218e-23 1.459e-11 1.834e-10
2.512e-01 2.143e+35 2.167e+34 2.170e-23 1.428e-11 1.794e-10
2.818e-01 1.661e+35 2.113e+34 2.117e-23 1.393e-11 1.750e-10
3.162e-01 1.282e+35 2.054e+34 2.058e-23 1.354e-11 1.701e-10
3.548e-01 9.862e+34 1.989e+34 1.993e-23 1.311e-11 1.647e-10
3.981e-01 7.557e+34 1.919e+34 1.922e-23 1.264e-11 1.589e-10
4.467e-01 5.767e+34 1.844e+34 1.847e-23 1.215e-11 1.527e-10
5.012e-01 4.382e+34 1.763e+34 1.766e-23 1.162e-11 1.460e-10
5.623e-01 3.314e+34 1.679e+34 1.682e-23 1.106e-11 1.390e-10
6.310e-01 2.494e+34 1.591e+34 1.594e-23 1.048e-11 1.317e-10
7.079e-01 1.867e+34 1.499e+34 1.502e-23 9.881e-12 1.242e-10
7.943e-01 1.390e+34 1.406e+34 1.408e-23 9.262e-12 1.164e-10
8.913e-01 1.029e+34 1.310e+34 1.312e-23 8.630e-12 1.085e-10
1.000e+00 7.570e+33 1.213e+34 1.215e-23 7.992e-12 1.004e-10
1.122e+00 5.531e+33 1.116e+34 1.118e-23 7.352e-12 9.238e-11
1.259e+00 4.013e+33 1.019e+34 1.021e-23 6.714e-12 8.438e-11
1.413e+00 2.889e+33 9.236e+33 9.252e-24 6.086e-12 7.648e-11
1.585e+00 2.063e+33 8.304e+33 8.318e-24 5.472e-12 6.876e-11
1.778e+00 1.461e+33 7.401e+33 7.414e-24 4.877e-12 6.129e-11
1.995e+00 1.025e+33 6.536e+33 6.547e-24 4.307e-12 5.412e-11
2.239e+00 7.117e+32 5.715e+33 5.725e-24 3.766e-12 4.732e-11
2.512e+00 4.891e+32 4.944e+33 4.952e-24 3.258e-12 4.094e-11
2.818e+00 3.322e+32 4.228e+33 4.235e-24 2.786e-12 3.501e-11
3.162e+00 2.229e+32 3.572e+33 3.578e-24 2.354e-12 2.958e-11
3.548e+00 1.476e+32 2.978e+33 2.983e-24 1.962e-12 2.466e-11
3.981e+00 9.639e+31 2.448e+33 2.452e-24 1.613e-12 2.027e-11
4.467e+00 6.197e+31 1.981e+33 1.984e-24 1.305e-12 1.640e-11
5.012e+00 3.918e+31 1.577e+33 1.580e-24 1.039e-12 1.306e-11
5.623e+00 2.434e+31 1.233e+33 1.235e-24 8.125e-13 1.021e-11
6.310e+00 1.482e+31 9.454e+32 9.470e-25 6.230e-13 7.829e-12
7.079e+00 8.840e+30 7.098e+32 7.110e-25 4.677e-13 5.878e-12
7.943e+00 5.152e+30 5.208e+32 5.217e-25 3.432e-13 4.313e-12
8.913e+00 2.929e+30 3.727e+32 3.733e-25 2.456e-13 3.086e-12
1.000e+01 1.620e+30 2.596e+32 2.600e-25 1.710e-13 2.149e-12
1.122e+01 8.698e+29 1.754e+32 1.757e-25 1.156e-13 1.453e-12
1.259e+01 4.520e+29 1.148e+32 1.150e-25 7.563e-14 9.504e-13
1.413e+01 2.266e+29 7.244e+31 7.257e-26 4.774e-14 5.999e-13
1.585e+01 1.092e+29 4.395e+31 4.403e-26 2.896e-14 3.640e-13
1.778e+01 5.039e+28 2.553e+31 2.557e-26 1.682e-14 2.114e-13
1.995e+01 2.216e+28 1.413e+31 1.416e-26 9.313e-15 1.170e-13
2.239e+01 9.236e+27 7.417e+30 7.429e-27 4.887e-15 6.142e-14
2.512e+01 3.629e+27 3.668e+30 3.674e-27 2.417e-15 3.038e-14
2.818e+01 1.335e+27 1.699e+30 1.701e-27 1.119e-15 1.406e-14
3.162e+01 4.561e+26 7.307e+29 7.320e-28 4.815e-16 6.051e-15
3.548e+01 1.435e+26 2.895e+29 2.900e-28 1.908e-16 2.397e-15
3.981e+01 4.118e+25 1.046e+29 1.048e-28 6.891e-17 8.660e-16
4.467e+01 1.064e+25 3.403e+28 3.408e-29 2.242e-17 2.818e-16
5.012e+01 2.446e+24 9.843e+27 9.860e-30 6.486e-18 8.151e-17
5.623e+01 4.921e+23 2.493e+27 2.497e-30 1.643e-18 2.064e-17
6.310e+01 8.518e+22 5.433e+26 5.442e-31 3.580e-19 4.499e-18
7.079e+01 1.245e+22 9.998e+25 1.002e-31 6.588e-20 8.279e-19
7.943e+01 1.497e+21 1.513e+25 1.516e-32 9.971e-21 1.253e-19
8.913e+01 1.437e+20 1.829e+24 1.832e-33 1.205e-21 1.514e-20
1.000e+02 1.072e+19 1.718e+23 1.721e-34 1.132e-22 1.423e-21
1.122e+02 5.980e+17 1.206e+22 1.208e-35 7.948e-24 9.988e-23
1.259e+02 2.366e+16 6.008e+20 6.018e-37 3.959e-25 4.975e-24
1.413e+02 6.209e+14 1.985e+19 1.988e-38 1.308e-26 1.644e-25
1.585e+02 1.067e+13 4.295e+17 4.302e-40 2.830e-28 3.557e-27
1.778e+02 1.060e+11 5.370e+15 5.379e-42 3.538e-30 4.447e-29
1.995e+02 5.890e+08 3.757e+13 3.763e-44 2.475e-32 3.111e-31
2.239e+02 1.764e+06 1.416e+11 1.419e-46 9.333e-35 1.173e-33
2.512e+02 2.605e+03 2.633e+08 2.638e-49 1.735e-37 2.181e-36
2.818e+02 1.548e+00 1.971e+05 1.974e-52 1.298e-40 1.632e-39
3.162e+02 3.179e-04 5.094e+01 5.102e-56 3.357e-44 4.218e-43
3.548e+02 2.084e-08 4.203e-03 4.210e-60 2.770e-48 3.480e-47
3.981e+02 2.586e-13 6.567e-08 6.578e-65 4.327e-53 5.438e-52
4.467e+02 4.343e-19 1.388e-13 1.391e-70 9.149e-59 1.150e-57
5.012e+02 1.095e-25 4.407e-20 4.414e-77 2.904e-65 3.649e-64
5.623e+02 1.841e-33 9.328e-28 9.344e-85 6.147e-73 7.725e-72
6.310e+02 1.700e-42 1.084e-36 1.086e-93 7.144e-82 8.978e-81
7.079e+02 5.351e-53 4.297e-47 4.304e-104 2.831e-92 3.558e-91
7.943e+02 3.299e-65 3.335e-59 3.341e-116 2.198e-104 2.762e-103
8.913e+02 1.227e-79 1.561e-73 1.564e-130 1.029e-118 1.293e-117
1.000e+03 3.448e-96 5.525e-90 5.534e-147 3.640e-135 4.575e-134
1.122e+03 9.370e-116 1.890e-109 1.893e-166 1.245e-154 1.565e-153
1.259e+03 1.439e-138 3.654e-132 3.660e-189 2.408e-177 3.025e-176
1.413e+03 1.338e-165 4.279e-159 4.286e-216 2.819e-204 3.543e-203
1.585e+03 1.072e-196 4.314e-190 4.321e-247 2.842e-235 3.572e-234
1.778e+03 1.508e-233 7.641e-227 7.654e-284 5.035e-272 6.328e-271
1.995e+03 1.249e-276 7.970e-270 0.000e+00 5.252e-315 6.599e-314
2.239e+03 0.000e+00 0.000e+00 0.000e+00 0.000e+00 0.000e+00
2.512e+03 0.000e+00 0.000e+00 0.000e+00 0.000e+00 0.000e+00
2.818e+03 0.000e+00 0.000e+00 0.000e+00 0.000e+00 0.000e+00
3.162e+03 0.000e+00 0.000e+00 0.000e+00 0.000e+00 0.000e+00
3.548e+03 0.000e+00 0.000e+00 0.000e+00 0.000e+00 0.000e+00
3.981e+03 0.000e+00 0.000e+00 0.000e+00 0.000e+00 0.000e+00
4.467e+03 0.000e+00 0.000e+00 0.000e+00 0.000e+00 0.000e+00
5.012e+03 0.000e+00 0.000e+00 0.000e+00 0.000e+00 0.000e+00
5.623e+03 0.000e+00 0.000e+00 0.000e+00 0.000e+00 0.000e+00
6.310e+03 0.000e+00 0.000e+00 0.000e+00 0.000e+00 0.000e+00
7.079e+03 0.000e+00 0.000e+00 0.000e+00 0.000e+00 0.000e+00
7.943e+03 0.000e+00 0.000e+00 0.000e+00 0.000e+00 0.000e+00
8.913e+03 0.000e+00 0.000e+00 0.000e+00 0.000e+00 0.000e+00
1.000e+04 0.000e+00 0.000e+00 0.000e+00 0.000e+00 0.000e+00
1.122e+04 0.000e+00 0.000e+00 0.000e+00 0.000e+00 0.000e+00
1.259e+04 0.000e+00 0.000e+00 0.000e+00 0.000e+00 0.000e+00
1.413e+04 0.000e+00 0.000e+00 0.000e+00 0.000e+00 0.000e+00
1.585e+04 0.000e+00 0.000e+00 0.000e+00 0.000e+00 0.000e+00
1.778e+04 0.000e+00 0.000e+00 0.000e+00 0.000e+00 0.000e+00
1.995e+04 0.000e+00 0.000e+00 0.000e+00 0.000e+00 0.000e+00
2.239e+04 0.000e+00 0.000e+00 0.000e+00 0.000e+00 0.000e+00
2.512e+04 0.000e+00 0.000e+00 0.000e+00 0.000e+00 0.000e+00
2.818e+04 0.000e+00 0.000e+00 0.000e+00 0.000e+00 0.000e+00
3.162e+04 0.000e+00 0.000e+00 0.000e+00 0.000e+00 0.000e+00
3.548e+04 0.000e+00 0.000e+00 0.000e+00 0.000e+00 0.000e+00
3.981e+04 0.000e+00 0.000e+00 0.000e+00 0.000e+00 0.000e+00
4.467e+04 0.000e+00 0.000e+00 0.000e+00 0.000e+00 0.000e+00
5.012e+04 0.000e+00 0.000e+00 0.000e+00 0.000e+00 0.000e+00
5.623e+04 0.000e+00 0.000e+00 0.000e+00 0.000e+00 0.000e+00
6.310e+04 0.000e+00 0.000e+00 0.000e+00 0.000e+00 0.000e+00
7.079e+04 0.000e+00 0.000e+00 0.000e+00 0.000e+00 0.000e+00
7.943e+04 0.000e+00 0.000e+00 0.000e+00 0.000e+00 0.000e+00
8.913e+04 0.000e+00 0.000e+00 0.000e+00 0.000e+00 0.000e+00
1.000e+05 0.000e+00 0.000e+00 0.000e+00 0.000e+00 0.000e+00
1.122e+05 0.000e+00 0.000e+00 0.000e+00 0.000e+00 0.000e+00
1.259e+05 0.000e+00 0.000e+00 0.000e+00 0.000e+00 0.000e+00
1.413e+05 0.000e+00 0.000e+00 0.000e+00 0.000e+00 0.000e+00
1.585e+05 0.000e+00 0.000e+00 0.000e+00 0.000e+00 0.000e+00
1.778e+05 0.000e+00 0.000e+00 0.000e+00 0.000e+00 0.000e+00
1.995e+05 0.000e+00 0.000e+00 0.000e+00 0.000e+00 0.000e+00
2.239e+05 0.000e+00 0.000e+00 0.000e+00 0.000e+00 0.000e+00
2.512e+05 0.000e+00 0.000e+00 0.000e+00 0.000e+00 0.000e+00
2.818e+05 0.000e+00 0.000e+00 0.000e+00 0.000e+00 0.000e+00
3.162e+05 0.000e+00 0.000e+00 0.000e+00 0.000e+00 0.000e+00
3.548e+05 0.000e+00 0.000e+00 0.000e+00 0.000e+00 0.000e+00
3.981e+05 0.000e+00 0.000e+00 0.000e+00 0.000e+00 0.000e+00
4.467e+05 0.000e+00 0.000e+00 0.000e+00 0.000e+00 0.000e+00
5.012e+05 0.000e+00 0.000e+00 0.000e+00 0.000e+00 0.000e+00
5.623e+05 0.000e+00 0.000e+00 0.000e+00 0.000e+00 0.000e+00
6.310e+05 0.000e+00 0.000e+00 0.000e+00 0.000e+00 0.000e+00
7.079e+05 0.000e+00 0.000e+00 0.000e+00 0.000e+00 0.000e+00
7.943e+05 0.000e+00 0.000e+00 0.000e+00 0.000e+00 0.000e+00
8.913e+05 0.000e+00 0.000e+00 0.000e+00 0.000e+00 0.000e+00
1.000e+06 0.000e+00 0.000e+00 0.000e+00 0.000e+00 0.000e+00
1.122e+06 0.000e+00 0.000e+00 0.000e+00 0.000e+00 0.000e+00
1.259e+06 0.000e+00 0.000e+00 0.000e+00 0.000e+00 0.000e+00
1.413e+06 0.000e+00 0.000e+00 0.000e+00 0.000e+00 0.000e+00
1.585e+06 0.000e+00 0.000e+00 0.000e+00 0.000e+00 0.000e+00
1.778e+06 0.000e+00 0.000e+00 0.000e+00 0.000e+00 0.000e+00
1.995e+06 0.000e+00 0.000e+00 0.000e+00 0.000e+00 0.000e+00
2.239e+06 0.000e+00 0.000e+00 0.000e+00 0.000e+00 0.000e+00
2.512e+06 0.000e+00 0.000e+00 0.000e+00 0.000e+00 0.000e+00
2.818e+06 0.000e+00 0.000e+00 0.000e+00 0.000e+00 0.000e+00
3.162e+06 0.000e+00 0.000e+00 0.000e+00 0.000e+00 0.000e+00
3.548e+06 0.000e+00 0.000e+00 0.000e+00 0.000e+00 0.000e+00
3.981e+06 0.000e+00 0.000e+00 0.000e+00 0.000e+00 0.000e+00
4.467e+06 0.000e+00 0.000e+00 0.000e+00 0.000e+00 0.000e+00
5.012e+06 0.000e+00 0.000e+00 0.000e+00 0.000e+00 0.000e+00
5.623e+06 0.000e+00 0.000e+00 0.000e+00 0.000e+00 0.000e+00
6.310e+06 0.000e+00 0.000e+00 0.000e+00 0.000e+00 0.000e+00
7.079e+06 0.000e+00 0.000e+00 0.000e+00 0.000e+00 0.000e+00
7.943e+06 0.000e+00 0.000e+00 0.000e+00 0.000e+00 0.000e+00
8.913e+06 0.000e+00 0.000e+00 0.000e+00 0.000e+00 0.000e+00
1.000e+07 0.000e+00 0.000e+00 0.000e+00 0.000e+00 0.000e+00
1.122e+07 0.000e+00 0.000e+00 0.000e+00 0.000e+00 0.000e+00
1.259e+07 0.000e+00 0.000e+00 0.000e+00 0.000e+00 0.000e+00
1.413e+07 0.000e+00 0.000e+00 0.000e+00 0.000e+00 0.000e+00
1.585e+07 0.000e+00 0.000e+00 0.000e+00 0.000e+00 0.000e+00
1.778e+07 0.000e+00 0.000e+00 0.000e+00 0.000e+00 0.000e+00
1.995e+07 0.000e+00 0.000e+00 0.000e+00 0.000e+00 0.000e+00
2.239e+07 0.000e+00 0.000e+00 0.000e+00 0.000e+00 0.000e+00
2.512e+07 0.000e+00 0.000e+00 0.000e+00 0.000e+00 0.000e+00
2.818e+07 0.000e+00 0.000e+00 0.000e+00 0.000e+00 0.000e+00
3.162e+07 0.000e+00 0.000e+00 0.000e+00 0.000e+00 0.000e+00
3.548e+07 0.000e+00 0.000e+00 0.000e+00 0.000e+00 0.000e+00
3.981e+07 0.000e+00 0.000e+00 0.000e+00 0.000e+00 0.000e+00
4.467e+07 0.000e+00 0.000e+00 0.000e+00 0.000e+00 0.000e+00
5.012e+07 0.000e+00 0.000e+00 0.000e+00 0.000e+00 0.000e+00
5.623e+07 0.000e+00 0.000e+00 0.000e+00 0.000e+00 0.000e+00
6.310e+07 0.000e+00 0.000e+00 0.000e+00 0.000e+00 0.000e+00
7.079e+07 0.000e+00 0.000e+00 0.000e+00 0.000e+00 0.000e+00
7.943e+07 0.000e+00 0.000e+00 0.000e+00 0.000e+00 0.000e+00
8.913e+07 0.000e+00 0.000e+00 0.000e+00 0.000e+00 0.000e+00
1.000e+08 0.000e+00 0.000e+00 0.000e+00 0.000e+00 0.000e+00
