1.000e-20 0.000e+00 0.000e+00 0.000e+00 0.000e+00 0.000e+00
1.122e-20 0.000e+00 0.000e+00 0.000e+00 0.000e+00 0.000e+00
1.259e-20 0.000e+00 0.000e+00 0.000e+00 0.000e+00 0.000e+00
1.413e-20 0.000e+00 0.000e+00 0.000e+00 0.000e+00 0.000e+00
1.585e-20 0.000e+00 0.000e+00 0.000e+00 0.000e+00 0.000e+00
1.778e-20 0.000e+00 0.000e+00 0.000e+00 0.000e+00 0.000e+00
1.995e-20 0.000e+00 0.000e+00 0.000e+00 0.000e+00 0.000e+00
2.239e-20 0.000e+00 0.000e+00 0.000e+00 0.000e+00 0.000e+00
2.512e-20 0.000e+00 0.000e+00 0.000e+00 0.000e+00 0.000e+00
2.818e-20 0.000e+00 0.000e+00 0.000e+00 0.000e+00 0.000e+00
3.162e-20 0.000e+00 0.000e+00 0.000e+00 0.000e+00 0.000e+00
3.548e-20 0.000e+00 0.000e+00 0.000e+00 0.000e+00 0.000e+00
3.981e-20 0.000e+00 0.000e+00 0.000e+00 0.000e+00 0.000e+00
4.467e-20 0.000e+00 0.000e+00 0.000e+00 0.000e+00 0.000e+00
5.012e-20 0.000e+00 0.000e+00 0.000e+00 0.000e+00 0.000e+00
5.623e-20 0.000e+00 0.000e+00 0.000e+00 0.000e+00 0.000e+00
6.310e-20 0.000e+00 0.000e+00 0.000e+00 0.000e+00 0.000e+00
7.079e-20 0.000e+00 0.000e+00 0.000e+00 0.000e+00 0.000e+00
7.943e-20 0.000e+00 0.000e+00 0.000e+00 0.000e+00 0.000e+00
8.913e-20 0.000e+00 0.000e+00 0.000e+00 0.000e+00 0.000e+00
1.000e-19 0.000e+00 0.000e+00 0.000e+00 0.000e+00 0.000e+00
1.122e-19 0.000e+00 0.000e+00 0.000e+00 0.000e+00 0.000e+00
1.259e-19 0.000e+00 0.000e+00 0.000e+00 0.000e+00 0.000e+00
1.413e-19 0.000e+00 0.000e+00 0.000e+00 0.000e+00 0.000e+00
1.585e-19 0.000e+00 0.000e+00 0.000e+00 0.000e+00 0.000e+00
1.778e-19 0.000e+00 0.000e+00 0.000e+00 0.000e+00 0.000e+00
1.995e-19 0.000e+00 0.000e+00 0.000e+00 0.000e+00 0.000e+00
2.239e-19 0.000e+00 0.000e+00 0.000e+00 0.000e+00 0.000e+00
2.512e-19 0.000e+00 0.000e+00 0.000e+00 0.000e+00 0.000e+00
2.818e-19 0.000e+00 0.000e+00 0.000e+00 0.000e+00 0.000e+00
3.162e-19 0.000e+00 0.000e+00 0.000e+00 0.000e+00 0.000e+00
3.548e-19 0.000e+00 0.000e+00 0.000e+00 0.000e+00 0.000e+00
3.981e-19 0.000e+00 0.000e+00 0.000e+00 0.000e+00 0.000e+00
4.467e-19 0.000e+00 0.000e+00 0.000e+00 0.000e+00 0.000e+00
5.012e-19 0.000e+00 0.000e+00 0.000e+00 0.000e+00 0.000e+00
5.623e-19 0.000e+00 0.000e+00 0.000e+00 0.000e+00 0.000e+00
6.310e-19 0.000e+00 0.000e+00 0.000e+00 0.000e+00 0.000e+00
7.079e-19 0.000e+00 0.000e+00 0.000e+00 0.000e+00 0.000e+00
7.943e-19 0.000e+00 0.000e+00 0.000e+00 0.000e+00 0.000e+00
8.913e-19 0.000e+00 0.000e+00 0.000e+00 0.000e+00 0.000e+00
1.000e-18 0.000e+00 0.000e+00 0.000e+00 0.000e+00 0.000e+00
1.122e-18 0.000e+00 0.000e+00 0.000e+00 0.000e+00 0.000e+00
1.259e-18 0.000e+00 0.000e+00 0.000e+00 0.000e+00 0.000e+00
1.413e-18 0.000e+00 0.000e+00 0.000e+00 0.000e+00 0.000e+00
1.585e-18 0.000e+00 0.000e+00 0.000e+00 0.000e+00 0.000e+00
1.778e-18 0.000e+00 0.000e+00 0.000e+00 0.000e+00 0.000e+00
1.995e-18 0.000e+00 0.000e+00 0.000e+00 0.000e+00 0.000e+00
2.239e-18 0.000e+00 0.000e+00 0.000e+00 0.000e+00 0.000e+00
2.512e-18 0.000e+00 0.000e+00 0.000e+00 0.000e+00 0.000e+00
2.818e-18 0.000e+00 0.000e+00 0.000e+00 0.000e+00 0.000e+00
3.162e-18 0.000e+00 0.000e+00 0.000e+00 0.000e+00 0.000e+00
3.548e-18 0.000e+00 0.000e+00 0.000e+00 0.000e+00 0.000e+00
3.981e-18 0.000e+00 0.000e+00 0.000e+00 0.000e+00 0.000e+00
4.467e-18 0.000e+00 0.000e+00 0.000e+00 0.000e+00 0.000e+00
5.012e-18 0.000e+00 0.000e+00 0.000e+00 0.000e+00 0.000e+00
5.623e-18 0.000e+00 0.000e+00 0.000e+00 0.000e+00 0.000e+00
6.310e-18 0.000e+00 0.000e+00 0.000e+00 0.000e+00 0.000e+00
7.079e-18 0.000e+00 0.000e+00 0.000e+00 0.000e+00 0.000e+00
7.943e-18 0.000e+00 0.000e+00 0.000e+00 0.000e+00 0.000e+00
8.913e-18 0.000e+00 0.000e+00 0.000e+00 0.000e+00 0.000e+00
1.000e-17 0.000e+00 0.000e+00 0.000e+00 0.000e+00 0.000e+00
1.122e-17 0.000e+00 0.000e+00 0.000e+00 0.000e+00 0.000e+00
1.259e-17 0.000e+00 0.000e+00 0.000e+00 0.000e+00 0.000e+00
1.413e-17 0.000e+00 0.000e+00 0.000e+00 0.000e+00 0.000e+00
1.585e-17 0.000e+00 0.000e+00 0.000e+00 0.000e+00 0.000e+00
1.778e-17 0.000e+00 0.000e+00 0.000e+00 0.000e+00 0.000e+00
1.995e-17 0.000e+00 0.000e+00 0.000e+00 0.000e+00 0.000e+00
2.239e-17 0.000e+00 0.000e+00 0.000e+00 0.000e+00 0.000e+00
2.512e-17 0.000e+00 0.000e+00 0.000e+00 0.000e+00 0.000e+00
2.818e-17 0.000e+00 0.000e+00 0.000e+00 0.000e+00 0.000e+00
3.162e-17 0.000e+00 0.000e+00 0.000e+00 0.000e+00 0.000e+00
3.548e-17 0.000e+00 0.000e+00 0.000e+00 0.000e+00 0.000e+00
3.981e-17 0.000e+00 0.000e+00 0.000e+00 0.000e+00 0.000e+00
4.467e-17 0.000e+00 0.000e+00 0.000e+00 0.000e+00 0.000e+00
5.012e-17 0.000e+00 0.000e+00 0.000e+00 0.000e+00 0.000e+00
5.623e-17 0.000e+00 0.000e+00 0.000e+00 0.000e+00 0.000e+00
6.310e-17 0.000e+00 0.000e+00 0.000e+00 0.000e+00 0.000e+00
7.079e-17 0.000e+00 0.000e+00 0.000e+00 0.000e+00 0.000e+00
7.943e-17 0.000e+00 0.000e+00 0.000e+00 0.000e+00 0.000e+00
8.913e-17 0.000e+00 0.000e+00 0.000e+00 0.000e+00 0.000e+00
1.000e-16 0.000e+00 0.000e+00 0.000e+00 0.000e+00 0.000e+00
1.122e-16 0.000e+00 0.000e+00 0.000e+00 0.000e+00 0.000e+00
1.259e-16 0.000e+00 0.000e+00 0.000e+00 0.000e+00 0.000e+00
1.413e-16 0.000e+00 0.000e+00 0.000e+00 0.000e+00 0.000e+00
1.585e-16 0.000e+00 0.000e+00 0.000e+00 0.000e+00 0.000e+00
1.778e-16 0.000e+00 0.000e+00 0.000e+00 0.000e+00 0.000e+00
1.995e-16 0.000e+00 0.000e+00 0.000e+00 0.000e+00 0.000e+00
2.239e-16 0.000e+00 0.000e+00 0.000e+00 0.000e+00 0.000e+00
2.512e-16 0.000e+00 0.000e+00 0.000e+00 0.000e+00 0.000e+00
2.818e-16 0.000e+00 0.000e+00 0.000e+00 0.000e+00 0.000e+00
3.162e-16 0.000e+00 0.000e+00 0.000e+00 0.000e+00 0.000e+00
3.548e-16 0.000e+00 0.000e+00 0.000e+00 0.000e+00 0.000e+00
3.981e-16 0.000e+00 0.000e+00 0.000e+00 0.000e+00 0.000e+00
4.467e-16 0.000e+00 0.000e+00 0.000e+00 0.000e+00 0.000e+00
5.012e-16 0.000e+00 0.000e+00 0.000e+00 0.000e+00 0.000e+00
5.623e-16 0.000e+00 0.000e+00 0.000e+00 0.000e+00 0.000e+00
6.310e-16 0.000e+00 0.000e+00 0.000e+00 0.000e+00 0.000e+00
7.079e-16 0.000e+00 0.000e+00 0.000e+00 0.000e+00 0.000e+00
7.943e-16 0.000e+00 0.000e+00 0.000e+00 0.000e+00 0.000e+00
8.913e-16 0.000e+00 0.000e+00 0.000e+00 0.000e+00 0.000e+00
1.000e-15 0.000e+00 0.000e+00 0.000e+00 0.000e+00 0.000e+00
1.122e-15 0.000e+00 0.000e+00 0.000e+00 0.000e+00 0.000e+00
1.259e-15 0.000e+00 0.000e+00 0.000e+00 0.000e+00 0.000e+00
1.413e-15 0.000e+00 0.000e+00 0.000e+00 0.000e+00 0.000e+00
1.585e-15 0.000e+00 0.000e+00 0.000e+00 0.000e+00 0.000e+00
1.778e-15 0.000e+00 0.000e+00 0.000e+00 0.000e+00 0.000e+00
1.995e-15 0.000e+00 0.000e+00 0.000e+00 0.000e+00 0.000e+00
2.239e-15 0.000e+00 0.000e+00 0.000e+00 0.000e+00 0.000e+00
2.512e-15 0.000e+00 0.000e+00 0.000e+00 0.000e+00 0.000e+00
2.818e-15 0.000e+00 0.000e+00 0.000e+00 0.000e+00 0.000e+00
3.162e-15 0.000e+00 0.000e+00 0.000e+00 0.000e+00 0.000e+00
3.548e-15 0.000e+00 0.000e+00 0.000e+00 0.000e+00 0.000e+00
3.981e-15 0.000e+00 0.000e+00 0.000e+00 0.000e+00 0.000e+00
4.467e-15 0.000e+00 0.000e+00 0.000e+00 0.000e+00 0.000e+00
5.012e-15 0.000e+00 0.000e+00 0.000e+00 0.000e+00 0.000e+00
5.623e-15 0.000e+00 0.000e+00 0.000e+00 0.000e+00 0.000e+00
6.310e-15 0.000e+00 0.000e+00 0.000e+00 0.000e+00 0.000e+00
7.079e-15 0.000e+00 0.000e+00 0.000e+00 0.000e+00 0.000e+00
7.943e-15 0.000e+00 0.000e+00 0.000e+00 0.000e+00 0.000e+00
8.913e-15 0.000e+00 0.000e+00 0.000e+00 0.000e+00 0.000e+00
1.000e-14 0.000e+00 0.000e+00 0.000e+00 0.000e+00 0.000e+00
1.122e-14 0.000e+00 0.000e+00 0.000e+00 0.000e+00 0.000e+00
1.259e-14 0.000e+00 0.000e+00 0.000e+00 0.000e+00 0.000e+00
1.413e-14 0.000e+00 0.000e+00 0.000e+00 0.000e+00 0.000e+00
1.585e-14 0.000e+00 0.000e+00 0.000e+00 0.000e+00 0.000e+00
1.778e-14 0.000e+00 0.000e+00 0.000e+00 0.000e+00 0.000e+00
1.995e-14 0.000e+00 0.000e+00 0.000e+00 0.000e+00 0.000e+00
2.239e-14 0.000e+00 0.000e+00 0.000e+00 0.000e+00 0.000e+00
2.512e-14 0.000e+00 0.000e+00 0.000e+00 0.000e+00 0.000e+00
2.818e-14 0.000e+00 0.000e+00 0.000e+00 0.000e+00 0.000e+00
3.162e-14 0.000e+00 0.000e+00 0.000e+00 0.000e+00 0.000e+00
3.548e-14 0.000e+00 0.000e+00 0.000e+00 0.000e+00 0.000e+00
3.981e-14 0.000e+00 0.000e+00 0.000e+00 0.000e+00 0.000e+00
4.467e-14 0.000e+00 0.000e+00 0.000e+00 0.000e+00 0.000e+00
5.012e-14 0.000e+00 0.000e+00 0.000e+00 0.000e+00 0.000e+00
5.623e-14 0.000e+00 0.000e+00 0.000e+00 0.000e+00 0.000e+00
6.310e-14 0.000e+00 0.000e+00 0.000e+00 0.000e+00 0.000e+00
7.079e-14 0.000e+00 0.000e+00 0.000e+00 0.000e+00 0.000e+00
7.943e-14 0.000e+00 0.000e+00 0.000e+00 0.000e+00 0.000e+00
8.913e-14 0.000e+00 0.000e+00 0.000e+00 0.000e+00 0.000e+00
1.000e-13 0.000e+00 0.000e+00 0.000e+00 0.000e+00 0.000e+00
1.122e-13 0.000e+00 0.000e+00 0.000e+00 0.000e+00 0.000e+00
1.259e-13 0.000e+00 0.000e+00 0.000e+00 0.000e+00 0.000e+00
1.413e-13 0.000e+00 0.000e+00 0.000e+00 0.000e+00 0.000e+00
1.585e-13 0.000e+00 0.000e+00 0.000e+00 0.000e+00 0.000e+00
1.778e-13 0.000e+00 0.000e+00 0.000e+00 0.000e+00 0.000e+00
1.995e-13 0.000e+00 0.000e+00 0.000e+00 0.000e+00 0.000e+00
2.239e-13 0.000e+00 0.000e+00 0.000e+00 0.000e+00 0.000e+00
2.512e-13 0.000e+00 0.000e+00 0.000e+00 0.000e+00 0.000e+00
2.818e-13 0.000e+00 0.000e+00 0.000e+00 0.000e+00 0.000e+00
3.162e-13 0.000e+00 0.000e+00 0.000e+00 0.000e+00 0.000e+00
3.548e-13 0.000e+00 0.000e+00 0.000e+00 0.000e+00 0.000e+00
3.981e-13 0.000e+00 0.000e+00 0.000e+00 0.000e+00 0.000e+00
4.467e-13 0.000e+00 0.000e+00 0.000e+00 0.000e+00 0.000e+00
5.012e-13 0.000e+00 0.000e+00 0.000e+00 0.000e+00 0.000e+00
5.623e-13 0.000e+00 0.000e+00 0.000e+00 0.000e+00 0.000e+00
6.310e-13 0.000e+00 0.000e+00 0.000e+00 0.000e+00 0.000e+00
7.079e-13 0.000e+00 0.000e+00 0.000e+00 0.000e+00 0.000e+00
7.943e-13 0.000e+00 0.000e+00 0.000e+00 0.000e+00 0.000e+00
8.913e-13 0.000e+00 0.000e+00 0.000e+00 0.000e+00 0.000e+00
1.000e-12 0.000e+00 0.000e+00 0.000e+00 0.000e+00 0.000e+00
1.122e-12 1.362e+52 2.747e+28 2.752e-29 3.621e-17 2.275e-16
1.259e-12 1.181e+52 3.000e+28 3.005e-29 3.954e-17 2.484e-16
1.413e-12 1.024e+52 3.273e+28 3.278e-29 4.313e-17 2.710e-16
1.585e-12 8.862e+51 3.566e+28 3.572e-29 4.700e-17 2.953e-16
1.778e-12 7.663e+51 3.882e+28 3.889e-29 5.117e-17 3.215e-16
1.995e-12 6.620e+51 4.222e+28 4.230e-29 5.565e-17 3.496e-16
2.239e-12 5.713e+51 4.588e+28 4.596e-29 6.046e-17 3.799e-16
2.512e-12 4.926e+51 4.980e+28 4.989e-29 6.563e-17 4.124e-16
2.818e-12 4.244e+51 5.401e+28 5.411e-29 7.118e-17 4.473e-16
3.162e-12 3.653e+51 5.853e+28 5.863e-29 7.714e-17 4.847e-16
3.548e-12 3.142e+51 6.337e+28 6.348e-29 8.352e-17 5.248e-16
3.981e-12 2.700e+51 6.856e+28 6.868e-29 9.036e-17 5.677e-16
4.467e-12 2.318e+51 7.411e+28 7.424e-29 9.768e-17 6.137e-16
5.012e-12 1.989e+51 8.006e+28 8.020e-29 1.055e-16 6.630e-16
5.623e-12 1.706e+51 8.642e+28 8.657e-29 1.139e-16 7.156e-16
6.310e-12 1.462e+51 9.323e+28 9.339e-29 1.229e-16 7.720e-16
7.079e-12 1.252e+51 1.005e+29 1.007e-28 1.325e-16 8.323e-16
7.943e-12 1.071e+51 1.083e+29 1.085e-28 1.427e-16 8.967e-16
8.913e-12 9.163e+50 1.166e+29 1.168e-28 1.537e-16 9.657e-16
1.000e-11 7.834e+50 1.255e+29 1.257e-28 1.654e-16 1.039e-15
1.122e-11 6.694e+50 1.350e+29 1.352e-28 1.779e-16 1.118e-15
1.259e-11 5.718e+50 1.452e+29 1.454e-28 1.913e-16 1.202e-15
1.413e-11 4.881e+50 1.560e+29 1.563e-28 2.057e-16 1.292e-15
1.585e-11 4.166e+50 1.677e+29 1.679e-28 2.210e-16 1.388e-15
1.778e-11 3.554e+50 1.801e+29 1.804e-28 2.373e-16 1.491e-15
1.995e-11 3.031e+50 1.933e+29 1.937e-28 2.548e-16 1.601e-15
2.239e-11 2.584e+50 2.075e+29 2.079e-28 2.735e-16 1.718e-15
2.512e-11 2.203e+50 2.227e+29 2.231e-28 2.935e-16 1.844e-15
2.818e-11 1.877e+50 2.389e+29 2.393e-28 3.148e-16 1.978e-15
3.162e-11 1.599e+50 2.562e+29 2.566e-28 3.376e-16 2.121e-15
3.548e-11 1.362e+50 2.746e+29 2.751e-28 3.619e-16 2.274e-15
3.981e-11 1.159e+50 2.943e+29 2.948e-28 3.879e-16 2.437e-15
4.467e-11 9.865e+49 3.154e+29 3.159e-28 4.156e-16 2.611e-15
5.012e-11 8.392e+49 3.377e+29 3.383e-28 4.451e-16 2.797e-15
5.623e-11 7.135e+49 3.615e+29 3.621e-28 4.764e-16 2.994e-15
6.310e-11 6.064e+49 3.868e+29 3.874e-28 5.097e-16 3.203e-15
7.079e-11 5.150e+49 4.135e+29 4.142e-28 5.450e-16 3.424e-15
7.943e-11 4.370e+49 4.418e+29 4.425e-28 5.822e-16 3.658e-15
8.913e-11 3.706e+49 4.716e+29 4.724e-28 6.216e-16 3.905e-15
1.000e-10 3.140e+49 5.030e+29 5.039e-28 6.629e-16 4.165e-15
1.122e-10 2.657e+49 5.360e+29 5.369e-28 7.064e-16 4.439e-15
1.259e-10 2.247e+49 5.706e+29 5.716e-28 7.520e-16 4.725e-15
1.413e-10 1.898e+49 6.069e+29 6.079e-28 7.998e-16 5.025e-15
1.585e-10 1.602e+49 6.448e+29 6.459e-28 8.498e-16 5.340e-15
1.778e-10 1.351e+49 6.846e+29 6.858e-28 9.022e-16 5.669e-15
1.995e-10 1.139e+49 7.263e+29 7.276e-28 9.572e-16 6.014e-15
2.239e-10 9.591e+48 7.702e+29 7.715e-28 1.015e-15 6.378e-15
2.512e-10 8.075e+48 8.163e+29 8.177e-28 1.076e-15 6.760e-15
2.818e-10 6.797e+48 8.650e+29 8.665e-28 1.140e-15 7.163e-15
3.162e-10 5.720e+48 9.164e+29 9.180e-28 1.208e-15 7.589e-15
3.548e-10 4.813e+48 9.708e+29 9.725e-28 1.279e-15 8.039e-15
3.981e-10 4.050e+48 1.028e+30 1.030e-27 1.355e-15 8.516e-15
4.467e-10 3.408e+48 1.089e+30 1.091e-27 1.436e-15 9.020e-15
5.012e-10 2.867e+48 1.154e+30 1.156e-27 1.521e-15 9.555e-15
5.623e-10 2.412e+48 1.222e+30 1.224e-27 1.611e-15 1.012e-14
6.310e-10 2.030e+48 1.295e+30 1.297e-27 1.706e-15 1.072e-14
7.079e-10 1.708e+48 1.371e+30 1.374e-27 1.807e-15 1.136e-14
7.943e-10 1.437e+48 1.453e+30 1.455e-27 1.914e-15 1.203e-14
8.913e-10 1.209e+48 1.539e+30 1.541e-27 2.028e-15 1.274e-14
1.000e-09 1.017e+48 1.630e+30 1.633e-27 2.148e-15 1.350e-14
1.122e-09 8.559e+47 1.726e+30 1.729e-27 2.275e-15 1.430e-14
1.259e-09 7.202e+47 1.829e+30 1.832e-27 2.410e-15 1.514e-14
1.413e-09 6.060e+47 1.937e+30 1.940e-27 2.553e-15 1.604e-14
1.585e-09 5.098e+47 2.052e+30 2.055e-27 2.704e-15 1.699e-14
1.778e-09 4.290e+47 2.173e+30 2.177e-27 2.864e-15 1.800e-14
1.995e-09 3.609e+47 2.302e+30 2.306e-27 3.034e-15 1.906e-14
2.239e-09 3.037e+47 2.439e+30 2.443e-27 3.214e-15 2.019e-14
2.512e-09 2.555e+47 2.583e+30 2.588e-27 3.404e-15 2.139e-14
2.818e-09 2.150e+47 2.736e+30 2.741e-27 3.606e-15 2.266e-14
3.162e-09 1.809e+47 2.898e+30 2.903e-27 3.820e-15 2.400e-14
3.548e-09 1.522e+47 3.070e+30 3.075e-27 4.046e-15 2.542e-14
3.981e-09 1.281e+47 3.252e+30 3.257e-27 4.286e-15 2.693e-14
4.467e-09 1.078e+47 3.445e+30 3.450e-27 4.540e-15 2.852e-14
5.012e-09 9.066e+46 3.649e+30 3.655e-27 4.809e-15 3.021e-14
5.623e-09 7.628e+46 3.865e+30 3.871e-27 5.094e-15 3.200e-14
6.310e-09 6.418e+46 4.094e+30 4.101e-27 5.395e-15 3.390e-14
7.079e-09 5.400e+46 4.336e+30 4.344e-27 5.715e-15 3.591e-14
7.943e-09 4.544e+46 4.593e+30 4.601e-27 6.054e-15 3.804e-14
8.913e-09 3.823e+46 4.866e+30 4.874e-27 6.412e-15 4.029e-14
1.000e-08 3.217e+46 5.154e+30 5.163e-27 6.792e-15 4.268e-14
1.122e-08 2.707e+46 5.459e+30 5.468e-27 7.195e-15 4.521e-14
1.259e-08 2.277e+46 5.783e+30 5.792e-27 7.621e-15 4.788e-14
1.413e-08 1.916e+46 6.125e+30 6.136e-27 8.073e-15 5.072e-14
1.585e-08 1.612e+46 6.488e+30 6.499e-27 8.551e-15 5.373e-14
1.778e-08 1.356e+46 6.873e+30 6.884e-27 9.058e-15 5.691e-14
1.995e-08 1.141e+46 7.280e+30 7.292e-27 9.594e-15 6.028e-14
2.239e-08 9.603e+45 7.711e+30 7.724e-27 1.016e-14 6.385e-14
2.512e-08 8.080e+45 8.168e+30 8.182e-27 1.076e-14 6.764e-14
2.818e-08 6.798e+45 8.652e+30 8.667e-27 1.140e-14 7.164e-14
3.162e-08 5.720e+45 9.165e+30 9.180e-27 1.208e-14 7.589e-14
3.548e-08 4.813e+45 9.708e+30 9.724e-27 1.279e-14 8.039e-14
3.981e-08 4.049e+45 1.028e+31 1.030e-26 1.355e-14 8.515e-14
4.467e-08 3.407e+45 1.089e+31 1.091e-26 1.435e-14 9.019e-14
5.012e-08 2.867e+45 1.154e+31 1.156e-26 1.521e-14 9.554e-14
5.623e-08 2.412e+45 1.222e+31 1.224e-26 1.611e-14 1.012e-13
6.310e-08 2.029e+45 1.294e+31 1.297e-26 1.706e-14 1.072e-13
7.079e-08 1.708e+45 1.371e+31 1.373e-26 1.807e-14 1.135e-13
7.943e-08 1.437e+45 1.452e+31 1.455e-26 1.914e-14 1.203e-13
8.913e-08 1.209e+45 1.538e+31 1.541e-26 2.028e-14 1.274e-13
1.000e-07 1.017e+45 1.630e+31 1.632e-26 2.148e-14 1.349e-13
1.122e-07 8.558e+44 1.726e+31 1.729e-26 2.275e-14 1.429e-13
1.259e-07 7.200e+44 1.828e+31 1.831e-26 2.410e-14 1.514e-13
1.413e-07 6.058e+44 1.937e+31 1.940e-26 2.552e-14 1.604e-13
1.585e-07 5.097e+44 2.051e+31 2.055e-26 2.704e-14 1.699e-13
1.778e-07 4.289e+44 2.173e+31 2.177e-26 2.864e-14 1.799e-13
1.995e-07 3.609e+44 2.302e+31 2.306e-26 3.033e-14 1.906e-13
2.239e-07 3.036e+44 2.438e+31 2.442e-26 3.213e-14 2.019e-13
2.512e-07 2.555e+44 2.582e+31 2.587e-26 3.403e-14 2.138e-13
2.818e-07 2.149e+44 2.735e+31 2.740e-26 3.605e-14 2.265e-13
3.162e-07 1.808e+44 2.897e+31 2.902e-26 3.819e-14 2.399e-13
3.548e-07 1.522e+44 3.069e+31 3.074e-26 4.045e-14 2.541e-13
3.981e-07 1.280e+44 3.251e+31 3.256e-26 4.284e-14 2.692e-13
4.467e-07 1.077e+44 3.443e+31 3.449e-26 4.538e-14 2.851e-13
5.012e-07 9.063e+43 3.647e+31 3.653e-26 4.807e-14 3.020e-13
5.623e-07 7.625e+43 3.863e+31 3.870e-26 5.092e-14 3.199e-13
6.310e-07 6.416e+43 4.092e+31 4.099e-26 5.393e-14 3.389e-13
7.079e-07 5.398e+43 4.334e+31 4.342e-26 5.712e-14 3.589e-13
7.943e-07 4.542e+43 4.591e+31 4.599e-26 6.051e-14 3.802e-13
8.913e-07 3.821e+43 4.863e+31 4.871e-26 6.409e-14 4.027e-13
1.000e-06 3.215e+43 5.151e+31 5.160e-26 6.789e-14 4.265e-13
1.122e-06 2.705e+43 5.456e+31 5.465e-26 7.191e-14 4.518e-13
1.259e-06 2.276e+43 5.779e+31 5.789e-26 7.616e-14 4.786e-13
1.413e-06 1.915e+43 6.121e+31 6.132e-26 8.067e-14 5.069e-13
1.585e-06 1.611e+43 6.484e+31 6.495e-26 8.545e-14 5.369e-13
1.778e-06 1.355e+43 6.868e+31 6.879e-26 9.051e-14 5.687e-13
1.995e-06 1.140e+43 7.274e+31 7.287e-26 9.587e-14 6.024e-13
2.239e-06 9.595e+42 7.705e+31 7.718e-26 1.015e-13 6.380e-13
2.512e-06 8.073e+42 8.161e+31 8.175e-26 1.076e-13 6.758e-13
2.818e-06 6.792e+42 8.644e+31 8.659e-26 1.139e-13 7.158e-13
3.162e-06 5.714e+42 9.156e+31 9.171e-26 1.207e-13 7.581e-13
3.548e-06 4.808e+42 9.697e+31 9.714e-26 1.278e-13 8.030e-13
3.981e-06 4.045e+42 1.027e+32 1.029e-25 1.354e-13 8.505e-13
4.467e-06 3.403e+42 1.088e+32 1.090e-25 1.434e-13 9.009e-13
5.012e-06 2.863e+42 1.152e+32 1.154e-25 1.519e-13 9.542e-13
5.623e-06 2.409e+42 1.220e+32 1.223e-25 1.608e-13 1.011e-12
6.310e-06 2.027e+42 1.293e+32 1.295e-25 1.704e-13 1.070e-12
7.079e-06 1.705e+42 1.369e+32 1.371e-25 1.804e-13 1.134e-12
7.943e-06 1.434e+42 1.450e+32 1.453e-25 1.911e-13 1.201e-12
8.913e-06 1.207e+42 1.536e+32 1.539e-25 2.024e-13 1.272e-12
1.000e-05 1.015e+42 1.627e+32 1.630e-25 2.144e-13 1.347e-12
1.122e-05 8.542e+41 1.723e+32 1.726e-25 2.271e-13 1.427e-12
1.259e-05 7.186e+41 1.825e+32 1.828e-25 2.405e-13 1.511e-12
1.413e-05 6.046e+41 1.933e+32 1.936e-25 2.547e-13 1.600e-12
1.585e-05 5.086e+41 2.047e+32 2.050e-25 2.698e-13 1.695e-12
1.778e-05 4.279e+41 2.168e+32 2.172e-25 2.857e-13 1.795e-12
1.995e-05 3.600e+41 2.296e+32 2.300e-25 3.026e-13 1.901e-12
2.239e-05 3.028e+41 2.432e+32 2.436e-25 3.205e-13 2.014e-12
2.512e-05 2.548e+41 2.575e+32 2.580e-25 3.394e-13 2.133e-12
2.818e-05 2.143e+41 2.727e+32 2.732e-25 3.594e-13 2.258e-12
3.162e-05 1.803e+41 2.888e+32 2.893e-25 3.807e-13 2.392e-12
3.548e-05 1.517e+41 3.059e+32 3.064e-25 4.031e-13 2.533e-12
3.981e-05 1.276e+41 3.240e+32 3.245e-25 4.269e-13 2.683e-12
4.467e-05 1.073e+41 3.431e+32 3.437e-25 4.521e-13 2.841e-12
5.012e-05 9.027e+40 3.633e+32 3.639e-25 4.788e-13 3.008e-12
5.623e-05 7.594e+40 3.847e+32 3.854e-25 5.071e-13 3.186e-12
6.310e-05 6.388e+40 4.074e+32 4.081e-25 5.370e-13 3.374e-12
7.079e-05 5.373e+40 4.314e+32 4.322e-25 5.686e-13 3.573e-12
7.943e-05 4.519e+40 4.569e+32 4.576e-25 6.021e-13 3.783e-12
8.913e-05 3.801e+40 4.838e+32 4.846e-25 6.376e-13 4.006e-12
1.000e-04 3.197e+40 5.123e+32 5.131e-25 6.751e-13 4.242e-12
1.122e-04 2.689e+40 5.424e+32 5.434e-25 7.149e-13 4.492e-12
1.259e-04 2.262e+40 5.744e+32 5.753e-25 7.569e-13 4.756e-12
1.413e-04 1.902e+40 6.081e+32 6.092e-25 8.015e-13 5.036e-12
1.585e-04 1.600e+40 6.439e+32 6.450e-25 8.486e-13 5.332e-12
1.778e-04 1.346e+40 6.817e+32 6.829e-25 8.985e-13 5.645e-12
1.995e-04 1.132e+40 7.218e+32 7.230e-25 9.512e-13 5.977e-12
2.239e-04 9.516e+39 7.642e+32 7.655e-25 1.007e-12 6.328e-12
2.512e-04 8.003e+39 8.090e+32 8.104e-25 1.066e-12 6.699e-12
2.818e-04 6.730e+39 8.564e+32 8.579e-25 1.129e-12 7.092e-12
3.162e-04 5.659e+39 9.066e+32 9.082e-25 1.195e-12 7.508e-12
3.548e-04 4.758e+39 9.597e+32 9.614e-25 1.265e-12 7.947e-12
3.981e-04 4.001e+39 1.016e+33 1.018e-24 1.339e-12 8.412e-12
4.467e-04 3.364e+39 1.075e+33 1.077e-24 1.417e-12 8.904e-12
5.012e-04 2.828e+39 1.138e+33 1.140e-24 1.500e-12 9.425e-12
5.623e-04 2.378e+39 1.205e+33 1.207e-24 1.588e-12 9.975e-12
6.310e-04 1.999e+39 1.275e+33 1.277e-24 1.680e-12 1.056e-11
7.079e-04 1.680e+39 1.349e+33 1.352e-24 1.778e-12 1.117e-11
7.943e-04 1.412e+39 1.428e+33 1.430e-24 1.882e-12 1.182e-11
8.913e-04 1.187e+39 1.511e+33 1.513e-24 1.991e-12 1.251e-11
1.000e-03 9.978e+38 1.599e+33 1.601e-24 2.107e-12 1.324e-11
1.122e-03 8.386e+38 1.691e+33 1.694e-24 2.229e-12 1.401e-11
1.259e-03 7.047e+38 1.789e+33 1.792e-24 2.358e-12 1.482e-11
1.413e-03 5.922e+38 1.893e+33 1.896e-24 2.495e-12 1.568e-11
1.585e-03 4.976e+38 2.002e+33 2.006e-24 2.639e-12 1.658e-11
1.778e-03 4.180e+38 2.118e+33 2.122e-24 2.791e-12 1.754e-11
1.995e-03 3.512e+38 2.240e+33 2.244e-24 2.952e-12 1.855e-11
2.239e-03 2.950e+38 2.369e+33 2.373e-24 3.122e-12 1.962e-11
2.512e-03 2.478e+38 2.505e+33 2.509e-24 3.301e-12 2.074e-11
2.818e-03 2.081e+38 2.648e+33 2.653e-24 3.490e-12 2.193e-11
3.162e-03 1.747e+38 2.800e+33 2.805e-24 3.690e-12 2.318e-11
3.548e-03 1.467e+38 2.959e+33 2.965e-24 3.900e-12 2.451e-11
3.981e-03 1.232e+38 3.128e+33 3.133e-24 4.122e-12 2.590e-11
4.467e-03 1.034e+38 3.306e+33 3.311e-24 4.356e-12 2.737e-11
5.012e-03 8.679e+37 3.493e+33 3.499e-24 4.603e-12 2.892e-11
5.623e-03 7.283e+37 3.690e+33 3.696e-24 4.863e-12 3.055e-11
6.310e-03 6.110e+37 3.897e+33 3.904e-24 5.137e-12 3.227e-11
7.079e-03 5.126e+37 4.116e+33 4.123e-24 5.425e-12 3.408e-11
7.943e-03 4.299e+37 4.346e+33 4.354e-24 5.728e-12 3.599e-11
8.913e-03 3.605e+37 4.588e+33 4.596e-24 6.047e-12 3.799e-11
1.000e-02 3.023e+37 4.843e+33 4.851e-24 6.382e-12 4.010e-11
1.122e-02 2.533e+37 5.110e+33 5.119e-24 6.735e-12 4.232e-11
1.259e-02 2.123e+37 5.391e+33 5.400e-24 7.105e-12 4.464e-11
1.413e-02 1.779e+37 5.686e+33 5.696e-24 7.493e-12 4.708e-11
1.585e-02 1.490e+37 5.995e+33 6.005e-24 7.901e-12 4.964e-11
1.778e-02 1.247e+37 6.320e+33 6.330e-24 8.329e-12 5.233e-11
1.995e-02 1.044e+37 6.660e+33 6.671e-24 8.777e-12 5.515e-11
2.239e-02 8.737e+36 7.015e+33 7.027e-24 9.246e-12 5.809e-11
2.512e-02 7.308e+36 7.388e+33 7.400e-24 9.736e-12 6.118e-11
2.818e-02 6.111e+36 7.777e+33 7.790e-24 1.025e-11 6.440e-11
3.162e-02 5.108e+36 8.184e+33 8.198e-24 1.079e-11 6.777e-11
3.548e-02 4.268e+36 8.608e+33 8.623e-24 1.135e-11 7.128e-11
3.981e-02 3.564e+36 9.051e+33 9.066e-24 1.193e-11 7.495e-11
4.467e-02 2.976e+36 9.512e+33 9.529e-24 1.254e-11 7.877e-11
5.012e-02 2.483e+36 9.993e+33 1.001e-23 1.317e-11 8.275e-11
5.623e-02 2.071e+36 1.049e+34 1.051e-23 1.383e-11 8.688e-11
6.310e-02 1.726e+36 1.101e+34 1.103e-23 1.451e-11 9.118e-11
7.079e-02 1.438e+36 1.155e+34 1.157e-23 1.522e-11 9.564e-11
7.943e-02 1.198e+36 1.211e+34 1.213e-23 1.596e-11 1.003e-10
8.913e-02 9.969e+35 1.269e+34 1.271e-23 1.672e-11 1.051e-10
1.000e-01 8.292e+35 1.328e+34 1.331e-23 1.751e-11 1.100e-10
1.122e-01 6.892e+35 1.390e+34 1.393e-23 1.832e-11 1.151e-10
1.259e-01 5.725e+35 1.454e+34 1.456e-23 1.916e-11 1.204e-10
1.413e-01 4.752e+35 1.519e+34 1.522e-23 2.002e-11 1.258e-10
1.585e-01 3.941e+35 1.586e+34 1.589e-23 2.090e-11 1.313e-10
1.778e-01 3.265e+35 1.654e+34 1.657e-23 2.180e-11 1.370e-10
1.995e-01 2.703e+35 1.724e+34 1.727e-23 2.272e-11 1.428e-10
2.239e-01 2.235e+35 1.795e+34 1.798e-23 2.365e-11 1.486e-10
2.512e-01 1.846e+35 1.866e+34 1.870e-23 2.460e-11 1.546e-10
2.818e-01 1.523e+35 1.938e+34 1.942e-23 2.555e-11 1.605e-10
3.162e-01 1.255e+35 2.011e+34 2.014e-23 2.650e-11 1.665e-10
3.548e-01 1.033e+35 2.083e+34 2.086e-23 2.745e-11 1.725e-10
3.981e-01 8.482e+34 2.154e+34 2.158e-23 2.839e-11 1.784e-10
4.467e-01 6.956e+34 2.224e+34 2.228e-23 2.931e-11 1.841e-10
5.012e-01 5.695e+34 2.292e+34 2.296e-23 3.020e-11 1.898e-10
5.623e-01 4.652e+34 2.357e+34 2.361e-23 3.107e-11 1.952e-10
6.310e-01 3.793e+34 2.419e+34 2.423e-23 3.188e-11 2.003e-10
7.079e-01 3.084e+34 2.477e+34 2.481e-23 3.264e-11 2.051e-10
7.943e-01 2.501e+34 2.529e+34 2.533e-23 3.333e-11 2.094e-10
8.913e-01 2.023e+34 2.574e+34 2.579e-23 3.392e-11 2.132e-10
1.000e+00 1.630e+34 2.612e+34 2.616e-23 3.442e-11 2.163e-10
1.122e+00 1.309e+34 2.640e+34 2.644e-23 3.479e-11 2.186e-10
1.259e+00 1.046e+34 2.657e+34 2.661e-23 3.502e-11 2.200e-10
1.413e+00 8.325e+33 2.661e+34 2.666e-23 3.507e-11 2.204e-10
1.585e+00 6.587e+33 2.651e+34 2.655e-23 3.494e-11 2.195e-10
1.778e+00 5.178e+33 2.624e+34 2.628e-23 3.458e-11 2.173e-10
1.995e+00 4.041e+33 2.577e+34 2.582e-23 3.397e-11 2.134e-10
2.239e+00 3.126e+33 2.510e+34 2.514e-23 3.308e-11 2.079e-10
2.512e+00 2.393e+33 2.419e+34 2.423e-23 3.188e-11 2.003e-10
2.818e+00 1.809e+33 2.302e+34 2.306e-23 3.034e-11 1.907e-10
3.162e+00 1.347e+33 2.158e+34 2.162e-23 2.844e-11 1.787e-10
3.548e+00 9.840e+32 1.985e+34 1.988e-23 2.616e-11 1.643e-10
3.981e+00 7.017e+32 1.782e+34 1.785e-23 2.348e-11 1.475e-10
4.467e+00 4.848e+32 1.550e+34 1.553e-23 2.043e-11 1.283e-10
5.012e+00 3.212e+32 1.293e+34 1.295e-23 1.704e-11 1.070e-10
5.623e+00 2.007e+32 1.017e+34 1.019e-23 1.340e-11 8.421e-11
6.310e+00 1.152e+32 7.349e+33 7.361e-24 9.685e-12 6.085e-11
7.079e+00 5.808e+31 4.663e+33 4.671e-24 6.146e-12 3.862e-11
7.943e+00 2.364e+31 2.390e+33 2.394e-24 3.150e-12 1.979e-11
8.913e+00 6.558e+30 8.347e+32 8.361e-25 1.100e-12 6.912e-12
1.000e+01 8.950e+29 1.434e+32 1.436e-25 1.890e-13 1.187e-12
1.122e+01 2.617e+28 5.278e+30 5.287e-27 6.956e-15 4.371e-14
1.259e+01 3.569e+06 9.063e+08 9.079e-49 1.194e-36 7.505e-36
1.413e+01 0.000e+00 0.000e+00 0.000e+00 0.000e+00 0.000e+00
1.585e+01 0.000e+00 0.000e+00 0.000e+00 0.000e+00 0.000e+00
1.778e+01 0.000e+00 0.000e+00 0.000e+00 0.000e+00 0.000e+00
1.995e+01 0.000e+00 0.000e+00 0.000e+00 0.000e+00 0.000e+00
2.239e+01 0.000e+00 0.000e+00 0.000e+00 0.000e+00 0.000e+00
2.512e+01 0.000e+00 0.000e+00 0.000e+00 0.000e+00 0.000e+00
2.818e+01 0.000e+00 0.000e+00 0.000e+00 0.000e+00 0.000e+00
3.162e+01 0.000e+00 0.000e+00 0.000e+00 0.000e+00 0.000e+00
3.548e+01 0.000e+00 0.000e+00 0.000e+00 0.000e+00 0.000e+00
3.981e+01 0.000e+00 0.000e+00 0.000e+00 0.000e+00 0.000e+00
4.467e+01 0.000e+00 0.000e+00 0.000e+00 0.000e+00 0.000e+00
5.012e+01 0.000e+00 0.000e+00 0.000e+00 0.000e+00 0.000e+00
5.623e+01 0.000e+00 0.000e+00 0.000e+00 0.000e+00 0.000e+00
6.310e+01 0.000e+00 0.000e+00 0.000e+00 0.000e+00 0.000e+00
7.079e+01 0.000e+00 0.000e+00 0.000e+00 0.000e+00 0.000e+00
7.943e+01 0.000e+00 0.000e+00 0.000e+00 0.000e+00 0.000e+00
8.913e+01 0.000e+00 0.000e+00 0.000e+00 0.000e+00 0.000e+00
1.000e+02 0.000e+00 0.000e+00 0.000e+00 0.000e+00 0.000e+00
1.122e+02 0.000e+00 0.000e+00 0.000e+00 0.000e+00 0.000e+00
1.259e+02 0.000e+00 0.000e+00 0.000e+00 0.000e+00 0.000e+00
1.413e+02 0.000e+00 0.000e+00 0.000e+00 0.000e+00 0.000e+00
1.585e+02 0.000e+00 0.000e+00 0.000e+00 0.000e+00 0.000e+00
1.778e+02 0.000e+00 0.000e+00 0.000e+00 0.000e+00 0.000e+00
1.995e+02 0.000e+00 0.000e+00 0.000e+00 0.000e+00 0.000e+00
2.239e+02 0.000e+00 0.000e+00 0.000e+00 0.000e+00 0.000e+00
2.512e+02 0.000e+00 0.000e+00 0.000e+00 0.000e+00 0.000e+00
2.818e+02 0.000e+00 0.000e+00 0.000e+00 0.000e+00 0.000e+00
3.162e+02 0.000e+00 0.000e+00 0.000e+00 0.000e+00 0.000e+00
3.548e+02 0.000e+00 0.000e+00 0.000e+00 0.000e+00 0.000e+00
3.981e+02 0.000e+00 0.000e+00 0.000e+00 0.000e+00 0.000e+00
4.467e+02 0.000e+00 0.000e+00 0.000e+00 0.000e+00 0.000e+00
5.012e+02 0.000e+00 0.000e+00 0.000e+00 0.000e+00 0.000e+00
5.623e+02 0.000e+00 0.000e+00 0.000e+00 0.000e+00 0.000e+00
6.310e+02 0.000e+00 0.000e+00 0.000e+00 0.000e+00 0.000e+00
7.079e+02 0.000e+00 0.000e+00 0.000e+00 0.000e+00 0.000e+00
7.943e+02 0.000e+00 0.000e+00 0.000e+00 0.000e+00 0.000e+00
8.913e+02 0.000e+00 0.000e+00 0.000e+00 0.000e+00 0.000e+00
1.000e+03 0.000e+00 0.000e+00 0.000e+00 0.000e+00 0.000e+00
1.122e+03 0.000e+00 0.000e+00 0.000e+00 0.000e+00 0.000e+00
1.259e+03 0.000e+00 0.000e+00 0.000e+00 0.000e+00 0.000e+00
1.413e+03 0.000e+00 0.000e+00 0.000e+00 0.000e+00 0.000e+00
1.585e+03 0.000e+00 0.000e+00 0.000e+00 0.000e+00 0.000e+00
1.778e+03 0.000e+00 0.000e+00 0.000e+00 0.000e+00 0.000e+00
1.995e+03 0.000e+00 0.000e+00 0.000e+00 0.000e+00 0.000e+00
2.239e+03 0.000e+00 0.000e+00 0.000e+00 0.000e+00 0.000e+00
2.512e+03 0.000e+00 0.000e+00 0.000e+00 0.000e+00 0.000e+00
2.818e+03 0.000e+00 0.000e+00 0.000e+00 0.000e+00 0.000e+00
3.162e+03 0.000e+00 0.000e+00 0.000e+00 0.000e+00 0.000e+00
3.548e+03 0.000e+00 0.000e+00 0.000e+00 0.000e+00 0.000e+00
3.981e+03 0.000e+00 0.000e+00 0.000e+00 0.000e+00 0.000e+00
4.467e+03 0.000e+00 0.000e+00 0.000e+00 0.000e+00 0.000e+00
5.012e+03 0.000e+00 0.000e+00 0.000e+00 0.000e+00 0.000e+00
5.623e+03 0.000e+00 0.000e+00 0.000e+00 0.000e+00 0.000e+00
6.310e+03 0.000e+00 0.000e+00 0.000e+00 0.000e+00 0.000e+00
7.079e+03 0.000e+00 0.000e+00 0.000e+00 0.000e+00 0.000e+00
7.943e+03 0.000e+00 0.000e+00 0.000e+00 0.000e+00 0.000e+00
8.913e+03 0.000e+00 0.000e+00 0.000e+00 0.000e+00 0.000e+00
1.000e+04 0.000e+00 0.000e+00 0.000e+00 0.000e+00 0.000e+00
1.122e+04 0.000e+00 0.000e+00 0.000e+00 0.000e+00 0.000e+00
1.259e+04 0.000e+00 0.000e+00 0.000e+00 0.000e+00 0.000e+00
1.413e+04 0.000e+00 0.000e+00 0.000e+00 0.000e+00 0.000e+00
1.585e+04 0.000e+00 0.000e+00 0.000e+00 0.000e+00 0.000e+00
1.778e+04 0.000e+00 0.000e+00 0.000e+00 0.000e+00 0.000e+00
1.995e+04 0.000e+00 0.000e+00 0.000e+00 0.000e+00 0.000e+00
2.239e+04 0.000e+00 0.000e+00 0.000e+00 0.000e+00 0.000e+00
2.512e+04 0.000e+00 0.000e+00 0.000e+00 0.000e+00 0.000e+00
2.818e+04 0.000e+00 0.000e+00 0.000e+00 0.000e+00 0.000e+00
3.162e+04 0.000e+00 0.000e+00 0.000e+00 0.000e+00 0.000e+00
3.548e+04 0.000e+00 0.000e+00 0.000e+00 0.000e+00 0.000e+00
3.981e+04 0.000e+00 0.000e+00 0.000e+00 0.000e+00 0.000e+00
4.467e+04 0.000e+00 0.000e+00 0.000e+00 0.000e+00 0.000e+00
5.012e+04 0.000e+00 0.000e+00 0.000e+00 0.000e+00 0.000e+00
5.623e+04 0.000e+00 0.000e+00 0.000e+00 0.000e+00 0.000e+00
6.310e+04 0.000e+00 0.000e+00 0.000e+00 0.000e+00 0.000e+00
7.079e+04 0.000e+00 0.000e+00 0.000e+00 0.000e+00 0.000e+00
7.943e+04 0.000e+00 0.000e+00 0.000e+00 0.000e+00 0.000e+00
8.913e+04 0.000e+00 0.000e+00 0.000e+00 0.000e+00 0.000e+00
1.000e+05 0.000e+00 0.000e+00 0.000e+00 0.000e+00 0.000e+00
1.122e+05 0.000e+00 0.000e+00 0.000e+00 0.000e+00 0.000e+00
1.259e+05 0.000e+00 0.000e+00 0.000e+00 0.000e+00 0.000e+00
1.413e+05 0.000e+00 0.000e+00 0.000e+00 0.000e+00 0.000e+00
1.585e+05 0.000e+00 0.000e+00 0.000e+00 0.000e+00 0.000e+00
1.778e+05 0.000e+00 0.000e+00 0.000e+00 0.000e+00 0.000e+00
1.995e+05 0.000e+00 0.000e+00 0.000e+00 0.000e+00 0.000e+00
2.239e+05 0.000e+00 0.000e+00 0.000e+00 0.000e+00 0.000e+00
2.512e+05 0.000e+00 0.000e+00 0.000e+00 0.000e+00 0.000e+00
2.818e+05 0.000e+00 0.000e+00 0.000e+00 0.000e+00 0.000e+00
3.162e+05 0.000e+00 0.000e+00 0.000e+00 0.000e+00 0.000e+00
3.548e+05 0.000e+00 0.000e+00 0.000e+00 0.000e+00 0.000e+00
3.981e+05 0.000e+00 0.000e+00 0.000e+00 0.000e+00 0.000e+00
4.467e+05 0.000e+00 0.000e+00 0.000e+00 0.000e+00 0.000e+00
5.012e+05 0.000e+00 0.000e+00 0.000e+00 0.000e+00 0.000e+00
5.623e+05 0.000e+00 0.000e+00 0.000e+00 0.000e+00 0.000e+00
6.310e+05 0.000e+00 0.000e+00 0.000e+00 0.000e+00 0.000e+00
7.079e+05 0.000e+00 0.000e+00 0.000e+00 0.000e+00 0.000e+00
7.943e+05 0.000e+00 0.000e+00 0.000e+00 0.000e+00 0.000e+00
8.913e+05 0.000e+00 0.000e+00 0.000e+00 0.000e+00 0.000e+00
1.000e+06 0.000e+00 0.000e+00 0.000e+00 0.000e+00 0.000e+00
1.122e+06 0.000e+00 0.000e+00 0.000e+00 0.000e+00 0.000e+00
1.259e+06 0.000e+00 0.000e+00 0.000e+00 0.000e+00 0.000e+00
1.413e+06 0.000e+00 0.000e+00 0.000e+00 0.000e+00 0.000e+00
1.585e+06 0.000e+00 0.000e+00 0.000e+00 0.000e+00 0.000e+00
1.778e+06 0.000e+00 0.000e+00 0.000e+00 0.000e+00 0.000e+00
1.995e+06 0.000e+00 0.000e+00 0.000e+00 0.000e+00 0.000e+00
2.239e+06 0.000e+00 0.000e+00 0.000e+00 0.000e+00 0.000e+00
2.512e+06 0.000e+00 0.000e+00 0.000e+00 0.000e+00 0.000e+00
2.818e+06 0.000e+00 0.000e+00 0.000e+00 0.000e+00 0.000e+00
3.162e+06 0.000e+00 0.000e+00 0.000e+00 0.000e+00 0.000e+00
3.548e+06 0.000e+00 0.000e+00 0.000e+00 0.000e+00 0.000e+00
3.981e+06 0.000e+00 0.000e+00 0.000e+00 0.000e+00 0.000e+00
4.467e+06 0.000e+00 0.000e+00 0.000e+00 0.000e+00 0.000e+00
5.012e+06 0.000e+00 0.000e+00 0.000e+00 0.000e+00 0.000e+00
5.623e+06 0.000e+00 0.000e+00 0.000e+00 0.000e+00 0.000e+00
6.310e+06 0.000e+00 0.000e+00 0.000e+00 0.000e+00 0.000e+00
7.079e+06 0.000e+00 0.000e+00 0.000e+00 0.000e+00 0.000e+00
7.943e+06 0.000e+00 0.000e+00 0.000e+00 0.000e+00 0.000e+00
8.913e+06 0.000e+00 0.000e+00 0.000e+00 0.000e+00 0.000e+00
1.000e+07 0.000e+00 0.000e+00 0.000e+00 0.000e+00 0.000e+00
1.122e+07 0.000e+00 0.000e+00 0.000e+00 0.000e+00 0.000e+00
1.259e+07 0.000e+00 0.000e+00 0.000e+00 0.000e+00 0.000e+00
1.413e+07 0.000e+00 0.000e+00 0.000e+00 0.000e+00 0.000e+00
1.585e+07 0.000e+00 0.000e+00 0.000e+00 0.000e+00 0.000e+00
1.778e+07 0.000e+00 0.000e+00 0.000e+00 0.000e+00 0.000e+00
1.995e+07 0.000e+00 0.000e+00 0.000e+00 0.000e+00 0.000e+00
2.239e+07 0.000e+00 0.000e+00 0.000e+00 0.000e+00 0.000e+00
2.512e+07 0.000e+00 0.000e+00 0.000e+00 0.000e+00 0.000e+00
2.818e+07 0.000e+00 0.000e+00 0.000e+00 0.000e+00 0.000e+00
3.162e+07 0.000e+00 0.000e+00 0.000e+00 0.000e+00 0.000e+00
3.548e+07 0.000e+00 0.000e+00 0.000e+00 0.000e+00 0.000e+00
3.981e+07 0.000e+00 0.000e+00 0.000e+00 0.000e+00 0.000e+00
4.467e+07 0.000e+00 0.000e+00 0.000e+00 0.000e+00 0.000e+00
5.012e+07 0.000e+00 0.000e+00 0.000e+00 0.000e+00 0.000e+00
5.623e+07 0.000e+00 0.000e+00 0.000e+00 0.000e+00 0.000e+00
6.310e+07 0.000e+00 0.000e+00 0.000e+00 0.000e+00 0.000e+00
7.079e+07 0.000e+00 0.000e+00 0.000e+00 0.000e+00 0.000e+00
7.943e+07 0.000e+00 0.000e+00 0.000e+00 0.000e+00 0.000e+00
8.913e+07 0.000e+00 0.000e+00 0.000e+00 0.000e+00 0.000e+00
1.000e+08 0.000e+00 0.000e+00 0.000e+00 0.000e+00 0.000e+00
