1.000e-20 0.000e+00 0.000e+00 0.000e+00 0.000e+00 0.000e+00
1.122e-20 0.000e+00 0.000e+00 0.000e+00 0.000e+00 0.000e+00
1.259e-20 0.000e+00 0.000e+00 0.000e+00 0.000e+00 0.000e+00
1.413e-20 0.000e+00 0.000e+00 0.000e+00 0.000e+00 0.000e+00
1.585e-20 0.000e+00 0.000e+00 0.000e+00 0.000e+00 0.000e+00
1.778e-20 0.000e+00 0.000e+00 0.000e+00 0.000e+00 0.000e+00
1.995e-20 0.000e+00 0.000e+00 0.000e+00 0.000e+00 0.000e+00
2.239e-20 0.000e+00 0.000e+00 0.000e+00 0.000e+00 0.000e+00
2.512e-20 0.000e+00 0.000e+00 0.000e+00 0.000e+00 0.000e+00
2.818e-20 0.000e+00 0.000e+00 0.000e+00 0.000e+00 0.000e+00
3.162e-20 0.000e+00 0.000e+00 0.000e+00 0.000e+00 0.000e+00
3.548e-20 0.000e+00 0.000e+00 0.000e+00 0.000e+00 0.000e+00
3.981e-20 0.000e+00 0.000e+00 0.000e+00 0.000e+00 0.000e+00
4.467e-20 0.000e+00 0.000e+00 0.000e+00 0.000e+00 0.000e+00
5.012e-20 0.000e+00 0.000e+00 0.000e+00 0.000e+00 0.000e+00
5.623e-20 0.000e+00 0.000e+00 0.000e+00 0.000e+00 0.000e+00
6.310e-20 0.000e+00 0.000e+00 0.000e+00 0.000e+00 0.000e+00
7.079e-20 0.000e+00 0.000e+00 0.000e+00 0.000e+00 0.000e+00
7.943e-20 0.000e+00 0.000e+00 0.000e+00 0.000e+00 0.000e+00
8.913e-20 0.000e+00 0.000e+00 0.000e+00 0.000e+00 0.000e+00
1.000e-19 0.000e+00 0.000e+00 0.000e+00 0.000e+00 0.000e+00
1.122e-19 0.000e+00 0.000e+00 0.000e+00 0.000e+00 0.000e+00
1.259e-19 0.000e+00 0.000e+00 0.000e+00 0.000e+00 0.000e+00
1.413e-19 0.000e+00 0.000e+00 0.000e+00 0.000e+00 0.000e+00
1.585e-19 0.000e+00 0.000e+00 0.000e+00 0.000e+00 0.000e+00
1.778e-19 0.000e+00 0.000e+00 0.000e+00 0.000e+00 0.000e+00
1.995e-19 0.000e+00 0.000e+00 0.000e+00 0.000e+00 0.000e+00
2.239e-19 0.000e+00 0.000e+00 0.000e+00 0.000e+00 0.000e+00
2.512e-19 0.000e+00 0.000e+00 0.000e+00 0.000e+00 0.000e+00
2.818e-19 0.000e+00 0.000e+00 0.000e+00 0.000e+00 0.000e+00
3.162e-19 0.000e+00 0.000e+00 0.000e+00 0.000e+00 0.000e+00
3.548e-19 0.000e+00 0.000e+00 0.000e+00 0.000e+00 0.000e+00
3.981e-19 0.000e+00 0.000e+00 0.000e+00 0.000e+00 0.000e+00
4.467e-19 0.000e+00 0.000e+00 0.000e+00 0.000e+00 0.000e+00
5.012e-19 0.000e+00 0.000e+00 0.000e+00 0.000e+00 0.000e+00
5.623e-19 0.000e+00 0.000e+00 0.000e+00 0.000e+00 0.000e+00
6.310e-19 0.000e+00 0.000e+00 0.000e+00 0.000e+00 0.000e+00
7.079e-19 0.000e+00 0.000e+00 0.000e+00 0.000e+00 0.000e+00
7.943e-19 0.000e+00 0.000e+00 0.000e+00 0.000e+00 0.000e+00
8.913e-19 0.000e+00 0.000e+00 0.000e+00 0.000e+00 0.000e+00
1.000e-18 0.000e+00 0.000e+00 0.000e+00 0.000e+00 0.000e+00
1.122e-18 0.000e+00 0.000e+00 0.000e+00 0.000e+00 0.000e+00
1.259e-18 0.000e+00 0.000e+00 0.000e+00 0.000e+00 0.000e+00
1.413e-18 0.000e+00 0.000e+00 0.000e+00 0.000e+00 0.000e+00
1.585e-18 0.000e+00 0.000e+00 0.000e+00 0.000e+00 0.000e+00
1.778e-18 0.000e+00 0.000e+00 0.000e+00 0.000e+00 0.000e+00
1.995e-18 0.000e+00 0.000e+00 0.000e+00 0.000e+00 0.000e+00
2.239e-18 0.000e+00 0.000e+00 0.000e+00 0.000e+00 0.000e+00
2.512e-18 0.000e+00 0.000e+00 0.000e+00 0.000e+00 0.000e+00
2.818e-18 0.000e+00 0.000e+00 0.000e+00 0.000e+00 0.000e+00
3.162e-18 0.000e+00 0.000e+00 0.000e+00 0.000e+00 0.000e+00
3.548e-18 0.000e+00 0.000e+00 0.000e+00 0.000e+00 0.000e+00
3.981e-18 0.000e+00 0.000e+00 0.000e+00 0.000e+00 0.000e+00
4.467e-18 0.000e+00 0.000e+00 0.000e+00 0.000e+00 0.000e+00
5.012e-18 0.000e+00 0.000e+00 0.000e+00 0.000e+00 0.000e+00
5.623e-18 0.000e+00 0.000e+00 0.000e+00 0.000e+00 0.000e+00
6.310e-18 0.000e+00 0.000e+00 0.000e+00 0.000e+00 0.000e+00
7.079e-18 0.000e+00 0.000e+00 0.000e+00 0.000e+00 0.000e+00
7.943e-18 0.000e+00 0.000e+00 0.000e+00 0.000e+00 0.000e+00
8.913e-18 0.000e+00 0.000e+00 0.000e+00 0.000e+00 0.000e+00
1.000e-17 0.000e+00 0.000e+00 0.000e+00 0.000e+00 0.000e+00
1.122e-17 0.000e+00 0.000e+00 0.000e+00 0.000e+00 0.000e+00
1.259e-17 0.000e+00 0.000e+00 0.000e+00 0.000e+00 0.000e+00
1.413e-17 0.000e+00 0.000e+00 0.000e+00 0.000e+00 0.000e+00
1.585e-17 0.000e+00 0.000e+00 0.000e+00 0.000e+00 0.000e+00
1.778e-17 0.000e+00 0.000e+00 0.000e+00 0.000e+00 0.000e+00
1.995e-17 0.000e+00 0.000e+00 0.000e+00 0.000e+00 0.000e+00
2.239e-17 0.000e+00 0.000e+00 0.000e+00 0.000e+00 0.000e+00
2.512e-17 0.000e+00 0.000e+00 0.000e+00 0.000e+00 0.000e+00
2.818e-17 0.000e+00 0.000e+00 0.000e+00 0.000e+00 0.000e+00
3.162e-17 0.000e+00 0.000e+00 0.000e+00 0.000e+00 0.000e+00
3.548e-17 0.000e+00 0.000e+00 0.000e+00 0.000e+00 0.000e+00
3.981e-17 0.000e+00 0.000e+00 0.000e+00 0.000e+00 0.000e+00
4.467e-17 0.000e+00 0.000e+00 0.000e+00 0.000e+00 0.000e+00
5.012e-17 0.000e+00 0.000e+00 0.000e+00 0.000e+00 0.000e+00
5.623e-17 0.000e+00 0.000e+00 0.000e+00 0.000e+00 0.000e+00
6.310e-17 0.000e+00 0.000e+00 0.000e+00 0.000e+00 0.000e+00
7.079e-17 0.000e+00 0.000e+00 0.000e+00 0.000e+00 0.000e+00
7.943e-17 0.000e+00 0.000e+00 0.000e+00 0.000e+00 0.000e+00
8.913e-17 0.000e+00 0.000e+00 0.000e+00 0.000e+00 0.000e+00
1.000e-16 0.000e+00 0.000e+00 0.000e+00 0.000e+00 0.000e+00
1.122e-16 0.000e+00 0.000e+00 0.000e+00 0.000e+00 0.000e+00
1.259e-16 0.000e+00 0.000e+00 0.000e+00 0.000e+00 0.000e+00
1.413e-16 0.000e+00 0.000e+00 0.000e+00 0.000e+00 0.000e+00
1.585e-16 0.000e+00 0.000e+00 0.000e+00 0.000e+00 0.000e+00
1.778e-16 0.000e+00 0.000e+00 0.000e+00 0.000e+00 0.000e+00
1.995e-16 0.000e+00 0.000e+00 0.000e+00 0.000e+00 0.000e+00
2.239e-16 0.000e+00 0.000e+00 0.000e+00 0.000e+00 0.000e+00
2.512e-16 0.000e+00 0.000e+00 0.000e+00 0.000e+00 0.000e+00
2.818e-16 0.000e+00 0.000e+00 0.000e+00 0.000e+00 0.000e+00
3.162e-16 0.000e+00 0.000e+00 0.000e+00 0.000e+00 0.000e+00
3.548e-16 0.000e+00 0.000e+00 0.000e+00 0.000e+00 0.000e+00
3.981e-16 0.000e+00 0.000e+00 0.000e+00 0.000e+00 0.000e+00
4.467e-16 0.000e+00 0.000e+00 0.000e+00 0.000e+00 0.000e+00
5.012e-16 0.000e+00 0.000e+00 0.000e+00 0.000e+00 0.000e+00
5.623e-16 0.000e+00 0.000e+00 0.000e+00 0.000e+00 0.000e+00
6.310e-16 0.000e+00 0.000e+00 0.000e+00 0.000e+00 0.000e+00
7.079e-16 0.000e+00 0.000e+00 0.000e+00 0.000e+00 0.000e+00
7.943e-16 0.000e+00 0.000e+00 0.000e+00 0.000e+00 0.000e+00
8.913e-16 0.000e+00 0.000e+00 0.000e+00 0.000e+00 0.000e+00
1.000e-15 0.000e+00 0.000e+00 0.000e+00 0.000e+00 0.000e+00
1.122e-15 0.000e+00 0.000e+00 0.000e+00 0.000e+00 0.000e+00
1.259e-15 0.000e+00 0.000e+00 0.000e+00 0.000e+00 0.000e+00
1.413e-15 0.000e+00 0.000e+00 0.000e+00 0.000e+00 0.000e+00
1.585e-15 0.000e+00 0.000e+00 0.000e+00 0.000e+00 0.000e+00
1.778e-15 0.000e+00 0.000e+00 0.000e+00 0.000e+00 0.000e+00
1.995e-15 0.000e+00 0.000e+00 0.000e+00 0.000e+00 0.000e+00
2.239e-15 0.000e+00 0.000e+00 0.000e+00 0.000e+00 0.000e+00
2.512e-15 0.000e+00 0.000e+00 0.000e+00 0.000e+00 0.000e+00
2.818e-15 0.000e+00 0.000e+00 0.000e+00 0.000e+00 0.000e+00
3.162e-15 0.000e+00 0.000e+00 0.000e+00 0.000e+00 0.000e+00
3.548e-15 0.000e+00 0.000e+00 0.000e+00 0.000e+00 0.000e+00
3.981e-15 0.000e+00 0.000e+00 0.000e+00 0.000e+00 0.000e+00
4.467e-15 0.000e+00 0.000e+00 0.000e+00 0.000e+00 0.000e+00
5.012e-15 0.000e+00 0.000e+00 0.000e+00 0.000e+00 0.000e+00
5.623e-15 0.000e+00 0.000e+00 0.000e+00 0.000e+00 0.000e+00
6.310e-15 0.000e+00 0.000e+00 0.000e+00 0.000e+00 0.000e+00
7.079e-15 0.000e+00 0.000e+00 0.000e+00 0.000e+00 0.000e+00
7.943e-15 0.000e+00 0.000e+00 0.000e+00 0.000e+00 0.000e+00
8.913e-15 0.000e+00 0.000e+00 0.000e+00 0.000e+00 0.000e+00
1.000e-14 0.000e+00 0.000e+00 0.000e+00 0.000e+00 0.000e+00
1.122e-14 0.000e+00 0.000e+00 0.000e+00 0.000e+00 0.000e+00
1.259e-14 0.000e+00 0.000e+00 0.000e+00 0.000e+00 0.000e+00
1.413e-14 0.000e+00 0.000e+00 0.000e+00 0.000e+00 0.000e+00
1.585e-14 0.000e+00 0.000e+00 0.000e+00 0.000e+00 0.000e+00
1.778e-14 0.000e+00 0.000e+00 0.000e+00 0.000e+00 0.000e+00
1.995e-14 0.000e+00 0.000e+00 0.000e+00 0.000e+00 0.000e+00
2.239e-14 0.000e+00 0.000e+00 0.000e+00 0.000e+00 0.000e+00
2.512e-14 0.000e+00 0.000e+00 0.000e+00 0.000e+00 0.000e+00
2.818e-14 0.000e+00 0.000e+00 0.000e+00 0.000e+00 0.000e+00
3.162e-14 0.000e+00 0.000e+00 0.000e+00 0.000e+00 0.000e+00
3.548e-14 0.000e+00 0.000e+00 0.000e+00 0.000e+00 0.000e+00
3.981e-14 0.000e+00 0.000e+00 0.000e+00 0.000e+00 0.000e+00
4.467e-14 0.000e+00 0.000e+00 0.000e+00 0.000e+00 0.000e+00
5.012e-14 0.000e+00 0.000e+00 0.000e+00 0.000e+00 0.000e+00
5.623e-14 0.000e+00 0.000e+00 0.000e+00 0.000e+00 0.000e+00
6.310e-14 0.000e+00 0.000e+00 0.000e+00 0.000e+00 0.000e+00
7.079e-14 0.000e+00 0.000e+00 0.000e+00 0.000e+00 0.000e+00
7.943e-14 0.000e+00 0.000e+00 0.000e+00 0.000e+00 0.000e+00
8.913e-14 0.000e+00 0.000e+00 0.000e+00 0.000e+00 0.000e+00
1.000e-13 0.000e+00 0.000e+00 0.000e+00 0.000e+00 0.000e+00
1.122e-13 0.000e+00 0.000e+00 0.000e+00 0.000e+00 0.000e+00
1.259e-13 0.000e+00 0.000e+00 0.000e+00 0.000e+00 0.000e+00
1.413e-13 0.000e+00 0.000e+00 0.000e+00 0.000e+00 0.000e+00
1.585e-13 0.000e+00 0.000e+00 0.000e+00 0.000e+00 0.000e+00
1.778e-13 0.000e+00 0.000e+00 0.000e+00 0.000e+00 0.000e+00
1.995e-13 0.000e+00 0.000e+00 0.000e+00 0.000e+00 0.000e+00
2.239e-13 0.000e+00 0.000e+00 0.000e+00 0.000e+00 0.000e+00
2.512e-13 0.000e+00 0.000e+00 0.000e+00 0.000e+00 0.000e+00
2.818e-13 0.000e+00 0.000e+00 0.000e+00 0.000e+00 0.000e+00
3.162e-13 0.000e+00 0.000e+00 0.000e+00 0.000e+00 0.000e+00
3.548e-13 0.000e+00 0.000e+00 0.000e+00 0.000e+00 0.000e+00
3.981e-13 0.000e+00 0.000e+00 0.000e+00 0.000e+00 0.000e+00
4.467e-13 0.000e+00 0.000e+00 0.000e+00 0.000e+00 0.000e+00
5.012e-13 1.723e-25 6.934e-50 6.945e-107 4.569e-95 5.741e-94
5.623e-13 7.393e-21 3.745e-45 3.752e-102 2.468e-90 3.101e-89
6.310e-13 1.228e-16 7.830e-41 7.844e-98 5.160e-86 6.484e-85
7.079e-13 8.168e-13 6.559e-37 6.570e-94 4.322e-82 5.431e-81
7.943e-13 2.476e-09 2.503e-33 2.507e-90 1.650e-78 2.073e-77
8.913e-13 3.813e-06 4.853e-30 4.861e-87 3.198e-75 4.018e-74
1.000e-12 3.184e-03 5.101e-27 5.110e-84 3.362e-72 4.224e-71
1.122e-12 1.489e+00 3.004e-24 3.009e-81 1.979e-69 2.487e-68
1.259e-12 3.335e+02 8.468e-22 8.483e-79 5.580e-67 7.012e-66
1.413e-12 4.734e+04 1.513e-19 1.516e-76 9.971e-65 1.253e-63
1.585e-12 4.224e+06 1.700e-17 1.703e-74 1.120e-62 1.408e-61
1.778e-12 2.458e+08 1.245e-15 1.247e-72 8.206e-61 1.031e-59
1.995e-12 9.842e+09 6.278e-14 6.288e-71 4.137e-59 5.198e-58
2.239e-12 2.844e+11 2.283e-12 2.287e-69 1.505e-57 1.891e-56
2.512e-12 6.126e+12 6.193e-11 6.204e-68 4.081e-56 5.128e-55
2.818e-12 1.032e+14 1.313e-09 1.315e-66 8.652e-55 1.087e-53
3.162e-12 1.363e+15 2.183e-08 2.187e-65 1.439e-53 1.808e-52
3.548e-12 1.443e+16 2.910e-07 2.915e-64 1.918e-52 2.410e-51
3.981e-12 1.270e+17 3.224e-06 3.229e-63 2.124e-51 2.669e-50
4.467e-12 9.472e+17 3.028e-05 3.033e-62 1.995e-50 2.507e-49
5.012e-12 6.085e+18 2.449e-04 2.453e-61 1.614e-49 2.028e-48
5.623e-12 3.412e+19 1.729e-03 1.732e-60 1.139e-48 1.431e-47
6.310e-12 1.692e+20 1.080e-02 1.081e-59 7.114e-48 8.939e-47
7.079e-12 7.523e+20 6.041e-02 6.051e-59 3.981e-47 5.002e-46
7.943e-12 3.020e+21 3.053e-01 3.058e-58 2.012e-46 2.528e-45
8.913e-12 1.104e+22 1.405e+00 1.408e-57 9.261e-46 1.164e-44
1.000e-11 3.713e+22 5.948e+00 5.958e-57 3.920e-45 4.926e-44
1.122e-11 1.157e+23 2.334e+01 2.338e-56 1.538e-44 1.933e-43
1.259e-11 3.368e+23 8.553e+01 8.568e-56 5.636e-44 7.083e-43
1.413e-11 9.212e+23 2.945e+02 2.950e-55 1.941e-43 2.439e-42
1.585e-11 2.380e+24 9.580e+02 9.596e-55 6.313e-43 7.933e-42
1.778e-11 5.839e+24 2.958e+03 2.963e-54 1.949e-42 2.450e-41
1.995e-11 1.366e+25 8.711e+03 8.726e-54 5.740e-42 7.213e-41
2.239e-11 3.058e+25 2.456e+04 2.460e-53 1.618e-41 2.034e-40
2.512e-11 6.579e+25 6.651e+04 6.662e-53 4.383e-41 5.507e-40
2.818e-11 1.364e+26 1.736e+05 1.739e-52 1.144e-40 1.437e-39
3.162e-11 2.733e+26 4.379e+05 4.386e-52 2.885e-40 3.626e-39
3.548e-11 5.307e+26 1.070e+06 1.072e-51 7.054e-40 8.864e-39
3.981e-11 1.001e+27 2.542e+06 2.546e-51 1.675e-39 2.105e-38
4.467e-11 1.839e+27 5.878e+06 5.888e-51 3.873e-39 4.867e-38
5.012e-11 3.294e+27 1.326e+07 1.328e-50 8.737e-39 1.098e-37
5.623e-11 5.769e+27 2.923e+07 2.928e-50 1.926e-38 2.420e-37
6.310e-11 9.891e+27 6.309e+07 6.319e-50 4.157e-38 5.224e-37
7.079e-11 1.663e+28 1.335e+08 1.337e-49 8.798e-38 1.106e-36
7.943e-11 2.744e+28 2.774e+08 2.779e-49 1.828e-37 2.297e-36
8.913e-11 4.453e+28 5.667e+08 5.677e-49 3.734e-37 4.693e-36
1.000e-10 7.112e+28 1.139e+09 1.141e-48 7.508e-37 9.435e-36
1.122e-10 1.119e+29 2.257e+09 2.261e-48 1.487e-36 1.869e-35
1.259e-10 1.737e+29 4.411e+09 4.418e-48 2.906e-36 3.652e-35
1.413e-10 2.661e+29 8.507e+09 8.522e-48 5.606e-36 7.045e-35
1.585e-10 4.028e+29 1.621e+10 1.624e-47 1.068e-35 1.343e-34
1.778e-10 6.030e+29 3.055e+10 3.060e-47 2.013e-35 2.530e-34
1.995e-10 8.931e+29 5.696e+10 5.706e-47 3.754e-35 4.717e-34
2.239e-10 1.310e+30 1.052e+11 1.053e-46 6.930e-35 8.709e-34
2.512e-10 1.903e+30 1.924e+11 1.927e-46 1.268e-34 1.593e-33
2.818e-10 2.741e+30 3.489e+11 3.494e-46 2.299e-34 2.889e-33
3.162e-10 3.917e+30 6.275e+11 6.286e-46 4.135e-34 5.196e-33
3.548e-10 5.553e+30 1.120e+12 1.122e-45 7.381e-34 9.275e-33
3.981e-10 7.817e+30 1.985e+12 1.988e-45 1.308e-33 1.644e-32
4.467e-10 1.093e+31 3.494e+12 3.500e-45 2.303e-33 2.894e-32
5.012e-10 1.519e+31 6.112e+12 6.123e-45 4.028e-33 5.062e-32
5.623e-10 2.098e+31 1.063e+13 1.065e-44 7.004e-33 8.801e-32
6.310e-10 2.881e+31 1.838e+13 1.841e-44 1.211e-32 1.522e-31
7.079e-10 3.937e+31 3.161e+13 3.166e-44 2.083e-32 2.618e-31
7.943e-10 5.352e+31 5.410e+13 5.419e-44 3.565e-32 4.480e-31
8.913e-10 7.242e+31 9.217e+13 9.232e-44 6.073e-32 7.632e-31
1.000e-09 9.757e+31 1.563e+14 1.566e-43 1.030e-31 1.294e-30
1.122e-09 1.309e+32 2.640e+14 2.645e-43 1.740e-31 2.187e-30
1.259e-09 1.750e+32 4.443e+14 4.450e-43 2.928e-31 3.679e-30
1.413e-09 2.330e+32 7.448e+14 7.461e-43 4.908e-31 6.168e-30
1.585e-09 3.092e+32 1.244e+15 1.246e-42 8.200e-31 1.030e-29
1.778e-09 4.090e+32 2.072e+15 2.076e-42 1.365e-30 1.716e-29
1.995e-09 5.394e+32 3.440e+15 3.446e-42 2.267e-30 2.849e-29
2.239e-09 7.093e+32 5.695e+15 5.705e-42 3.753e-30 4.716e-29
2.512e-09 9.302e+32 9.403e+15 9.419e-42 6.196e-30 7.786e-29
2.818e-09 1.217e+33 1.549e+16 1.551e-41 1.020e-29 1.282e-28
3.162e-09 1.588e+33 2.544e+16 2.548e-41 1.676e-29 2.107e-28
3.548e-09 2.067e+33 4.170e+16 4.177e-41 2.748e-29 3.453e-28
3.981e-09 2.686e+33 6.821e+16 6.833e-41 4.495e-29 5.648e-28
4.467e-09 3.483e+33 1.114e+17 1.115e-40 7.338e-29 9.221e-28
5.012e-09 4.509e+33 1.814e+17 1.818e-40 1.196e-28 1.502e-27
5.623e-09 5.825e+33 2.951e+17 2.956e-40 1.945e-28 2.444e-27
6.310e-09 7.514e+33 4.792e+17 4.801e-40 3.158e-28 3.969e-27
7.079e-09 9.676e+33 7.770e+17 7.783e-40 5.120e-28 6.434e-27
7.943e-09 1.244e+34 1.258e+18 1.260e-39 8.289e-28 1.042e-26
8.913e-09 1.598e+34 2.034e+18 2.037e-39 1.340e-27 1.684e-26
1.000e-08 2.049e+34 3.284e+18 3.289e-39 2.164e-27 2.719e-26
1.122e-08 2.625e+34 5.295e+18 5.304e-39 3.489e-27 4.385e-26
1.259e-08 3.359e+34 8.529e+18 8.543e-39 5.620e-27 7.062e-26
1.413e-08 4.293e+34 1.372e+19 1.375e-38 9.043e-27 1.136e-25
1.585e-08 5.480e+34 2.206e+19 2.209e-38 1.453e-26 1.826e-25
1.778e-08 6.990e+34 3.542e+19 3.548e-38 2.334e-26 2.933e-25
1.995e-08 8.907e+34 5.682e+19 5.691e-38 3.744e-26 4.705e-25
2.239e-08 1.134e+35 9.106e+19 9.122e-38 6.001e-26 7.541e-25
2.512e-08 1.443e+35 1.458e+20 1.461e-37 9.610e-26 1.208e-24
2.818e-08 1.834e+35 2.334e+20 2.338e-37 1.538e-25 1.932e-24
3.162e-08 2.329e+35 3.731e+20 3.738e-37 2.459e-25 3.090e-24
3.548e-08 2.956e+35 5.962e+20 5.972e-37 3.929e-25 4.937e-24
3.981e-08 3.749e+35 9.520e+20 9.536e-37 6.273e-25 7.883e-24
4.467e-08 4.752e+35 1.519e+21 1.522e-36 1.001e-24 1.258e-23
5.012e-08 6.019e+35 2.422e+21 2.426e-36 1.596e-24 2.006e-23
5.623e-08 7.619e+35 3.860e+21 3.867e-36 2.544e-24 3.196e-23
6.310e-08 9.640e+35 6.149e+21 6.159e-36 4.052e-24 5.092e-23
7.079e-08 1.220e+36 9.793e+21 9.809e-36 6.453e-24 8.109e-23
7.943e-08 1.543e+36 1.560e+22 1.563e-35 1.028e-23 1.292e-22
8.913e-08 1.954e+36 2.487e+22 2.491e-35 1.639e-23 2.059e-22
1.000e-07 2.476e+36 3.967e+22 3.973e-35 2.614e-23 3.285e-22
1.122e-07 3.140e+36 6.334e+22 6.344e-35 4.174e-23 5.245e-22
1.259e-07 3.986e+36 1.012e+23 1.014e-34 6.670e-23 8.382e-22
1.413e-07 5.065e+36 1.619e+23 1.622e-34 1.067e-22 1.341e-21
1.585e-07 6.439e+36 2.591e+23 2.596e-34 1.708e-22 2.146e-21
1.778e-07 8.188e+36 4.148e+23 4.155e-34 2.734e-22 3.435e-21
1.995e-07 1.041e+37 6.641e+23 6.652e-34 4.376e-22 5.499e-21
2.239e-07 1.324e+37 1.063e+24 1.065e-33 7.004e-22 8.801e-21
2.512e-07 1.682e+37 1.700e+24 1.703e-33 1.120e-21 1.408e-20
2.818e-07 2.135e+37 2.717e+24 2.722e-33 1.790e-21 2.250e-20
3.162e-07 2.707e+37 4.338e+24 4.345e-33 2.858e-21 3.592e-20
3.548e-07 3.429e+37 6.916e+24 6.928e-33 4.557e-21 5.727e-20
3.981e-07 4.337e+37 1.101e+25 1.103e-32 7.257e-21 9.120e-20
4.467e-07 5.479e+37 1.752e+25 1.754e-32 1.154e-20 1.450e-19
5.012e-07 6.914e+37 2.783e+25 2.787e-32 1.834e-20 2.304e-19
5.623e-07 8.718e+37 4.417e+25 4.425e-32 2.911e-20 3.658e-19
6.310e-07 1.099e+38 7.008e+25 7.020e-32 4.618e-20 5.803e-19
7.079e-07 1.384e+38 1.111e+26 1.113e-31 7.323e-20 9.203e-19
7.943e-07 1.743e+38 1.762e+26 1.765e-31 1.161e-19 1.459e-18
8.913e-07 2.195e+38 2.793e+26 2.798e-31 1.841e-19 2.313e-18
1.000e-06 2.763e+38 4.427e+26 4.434e-31 2.917e-19 3.665e-18
1.122e-06 3.477e+38 7.013e+26 7.025e-31 4.621e-19 5.807e-18
1.259e-06 4.373e+38 1.110e+27 1.112e-30 7.317e-19 9.195e-18
1.413e-06 5.496e+38 1.757e+27 1.760e-30 1.158e-18 1.455e-17
1.585e-06 6.909e+38 2.780e+27 2.785e-30 1.832e-18 2.302e-17
1.778e-06 8.691e+38 4.403e+27 4.411e-30 2.902e-18 3.646e-17
1.995e-06 1.094e+39 6.978e+27 6.990e-30 4.598e-18 5.778e-17
2.239e-06 1.377e+39 1.106e+28 1.108e-29 7.287e-18 9.157e-17
2.512e-06 1.732e+39 1.750e+28 1.753e-29 1.153e-17 1.449e-16
2.818e-06 2.173e+39 2.765e+28 2.770e-29 1.822e-17 2.290e-16
3.162e-06 2.717e+39 4.354e+28 4.361e-29 2.869e-17 3.605e-16
3.548e-06 3.385e+39 6.827e+28 6.839e-29 4.499e-17 5.653e-16
3.981e-06 4.197e+39 1.066e+29 1.068e-28 7.023e-17 8.826e-16
4.467e-06 5.179e+39 1.656e+29 1.658e-28 1.091e-16 1.371e-15
5.012e-06 6.358e+39 2.559e+29 2.563e-28 1.686e-16 2.119e-15
5.623e-06 7.762e+39 3.933e+29 3.939e-28 2.591e-16 3.257e-15
6.310e-06 9.423e+39 6.010e+29 6.021e-28 3.961e-16 4.977e-15
7.079e-06 1.137e+40 9.130e+29 9.146e-28 6.016e-16 7.560e-15
7.943e-06 1.365e+40 1.380e+30 1.382e-27 9.091e-16 1.142e-14
8.913e-06 1.628e+40 2.072e+30 2.075e-27 1.365e-15 1.716e-14
1.000e-05 1.931e+40 3.093e+30 3.099e-27 2.038e-15 2.561e-14
1.122e-05 2.275e+40 4.589e+30 4.597e-27 3.024e-15 3.800e-14
1.259e-05 2.660e+40 6.754e+30 6.766e-27 4.451e-15 5.593e-14
1.413e-05 3.083e+40 9.855e+30 9.872e-27 6.494e-15 8.161e-14
1.585e-05 3.540e+40 1.425e+31 1.427e-26 9.388e-15 1.180e-13
1.778e-05 4.024e+40 2.039e+31 2.042e-26 1.343e-14 1.688e-13
1.995e-05 4.524e+40 2.886e+31 2.891e-26 1.902e-14 2.390e-13
2.239e-05 5.032e+40 4.040e+31 4.047e-26 2.662e-14 3.346e-13
2.512e-05 5.535e+40 5.595e+31 5.604e-26 3.687e-14 4.633e-13
2.818e-05 6.022e+40 7.664e+31 7.677e-26 5.050e-14 6.346e-13
3.162e-05 6.482e+40 1.038e+32 1.040e-25 6.843e-14 8.599e-13
3.548e-05 6.903e+40 1.392e+32 1.395e-25 9.175e-14 1.153e-12
3.981e-05 7.277e+40 1.848e+32 1.851e-25 1.218e-13 1.530e-12
4.467e-05 7.594e+40 2.428e+32 2.432e-25 1.600e-13 2.010e-12
5.012e-05 7.846e+40 3.158e+32 3.163e-25 2.081e-13 2.615e-12
5.623e-05 8.028e+40 4.067e+32 4.074e-25 2.680e-13 3.368e-12
6.310e-05 8.135e+40 5.189e+32 5.198e-25 3.419e-13 4.297e-12
7.079e-05 8.146e+40 6.541e+32 6.552e-25 4.310e-13 5.417e-12
7.943e-05 8.051e+40 8.139e+32 8.153e-25 5.363e-13 6.740e-12
8.913e-05 7.882e+40 1.003e+33 1.005e-24 6.610e-13 8.306e-12
1.000e-04 7.641e+40 1.224e+33 1.226e-24 8.067e-13 1.014e-11
1.122e-04 7.335e+40 1.479e+33 1.482e-24 9.749e-13 1.225e-11
1.259e-04 6.970e+40 1.770e+33 1.773e-24 1.166e-12 1.466e-11
1.413e-04 6.556e+40 2.096e+33 2.099e-24 1.381e-12 1.735e-11
1.585e-04 6.102e+40 2.456e+33 2.460e-24 1.618e-12 2.033e-11
1.778e-04 5.618e+40 2.847e+33 2.851e-24 1.876e-12 2.357e-11
1.995e-04 5.117e+40 3.264e+33 3.270e-24 2.151e-12 2.703e-11
2.239e-04 4.610e+40 3.702e+33 3.708e-24 2.439e-12 3.065e-11
2.512e-04 4.107e+40 4.152e+33 4.159e-24 2.736e-12 3.438e-11
2.818e-04 3.620e+40 4.607e+33 4.615e-24 3.036e-12 3.815e-11
3.162e-04 3.158e+40 5.060e+33 5.068e-24 3.334e-12 4.190e-11
3.548e-04 2.729e+40 5.504e+33 5.513e-24 3.627e-12 4.558e-11
3.981e-04 2.337e+40 5.935e+33 5.946e-24 3.911e-12 4.915e-11
4.467e-04 1.986e+40 6.349e+33 6.360e-24 4.184e-12 5.257e-11
5.012e-04 1.676e+40 6.746e+33 6.758e-24 4.446e-12 5.587e-11
5.623e-04 1.407e+40 7.127e+33 7.139e-24 4.696e-12 5.902e-11
6.310e-04 1.173e+40 7.483e+33 7.495e-24 4.931e-12 6.196e-11
7.079e-04 9.731e+39 7.814e+33 7.827e-24 5.149e-12 6.471e-11
7.943e-04 8.024e+39 8.112e+33 8.126e-24 5.345e-12 6.717e-11
8.913e-04 6.578e+39 8.372e+33 8.386e-24 5.517e-12 6.933e-11
1.000e-03 5.364e+39 8.594e+33 8.609e-24 5.663e-12 7.116e-11
1.122e-03 4.351e+39 8.775e+33 8.790e-24 5.783e-12 7.267e-11
1.259e-03 3.511e+39 8.916e+33 8.932e-24 5.876e-12 7.383e-11
1.413e-03 2.821e+39 9.018e+33 9.033e-24 5.942e-12 7.467e-11
1.585e-03 2.257e+39 9.083e+33 9.098e-24 5.985e-12 7.521e-11
1.778e-03 1.800e+39 9.118e+33 9.133e-24 6.008e-12 7.550e-11
1.995e-03 1.432e+39 9.131e+33 9.147e-24 6.017e-12 7.561e-11
2.239e-03 1.137e+39 9.134e+33 9.149e-24 6.019e-12 7.563e-11
2.512e-03 9.036e+38 9.134e+33 9.150e-24 6.019e-12 7.564e-11
2.818e-03 7.182e+38 9.140e+33 9.155e-24 6.023e-12 7.568e-11
3.162e-03 5.713e+38 9.153e+33 9.168e-24 6.031e-12 7.579e-11
3.548e-03 4.546e+38 9.169e+33 9.184e-24 6.042e-12 7.592e-11
3.981e-03 3.615e+38 9.178e+33 9.194e-24 6.048e-12 7.600e-11
4.467e-03 2.872e+38 9.183e+33 9.198e-24 6.051e-12 7.604e-11
5.012e-03 2.282e+38 9.183e+33 9.199e-24 6.052e-12 7.605e-11
5.623e-03 1.812e+38 9.182e+33 9.198e-24 6.051e-12 7.604e-11
6.310e-03 1.439e+38 9.179e+33 9.195e-24 6.049e-12 7.601e-11
7.079e-03 1.142e+38 9.174e+33 9.190e-24 6.045e-12 7.597e-11
7.943e-03 9.067e+37 9.165e+33 9.181e-24 6.040e-12 7.590e-11
8.913e-03 7.191e+37 9.152e+33 9.167e-24 6.031e-12 7.578e-11
1.000e-02 5.699e+37 9.131e+33 9.147e-24 6.017e-12 7.561e-11
1.122e-02 4.512e+37 9.101e+33 9.117e-24 5.997e-12 7.537e-11
1.259e-02 3.568e+37 9.061e+33 9.076e-24 5.971e-12 7.503e-11
1.413e-02 2.818e+37 9.008e+33 9.024e-24 5.936e-12 7.459e-11
1.585e-02 2.223e+37 8.945e+33 8.960e-24 5.894e-12 7.407e-11
1.778e-02 1.751e+37 8.872e+33 8.887e-24 5.846e-12 7.346e-11
1.995e-02 1.378e+37 8.792e+33 8.807e-24 5.793e-12 7.280e-11
2.239e-02 1.084e+37 8.707e+33 8.722e-24 5.738e-12 7.210e-11
2.512e-02 8.528e+36 8.621e+33 8.635e-24 5.681e-12 7.138e-11
2.818e-02 6.706e+36 8.534e+33 8.549e-24 5.624e-12 7.067e-11
3.162e-02 5.275e+36 8.451e+33 8.465e-24 5.569e-12 6.998e-11
3.548e-02 4.151e+36 8.373e+33 8.387e-24 5.517e-12 6.933e-11
3.981e-02 3.269e+36 8.302e+33 8.316e-24 5.470e-12 6.874e-11
4.467e-02 2.577e+36 8.239e+33 8.253e-24 5.429e-12 6.822e-11
5.012e-02 2.034e+36 8.184e+33 8.198e-24 5.393e-12 6.777e-11
5.623e-02 1.606e+36 8.136e+33 8.150e-24 5.362e-12 6.737e-11
6.310e-02 1.269e+36 8.094e+33 8.108e-24 5.334e-12 6.703e-11
7.079e-02 1.003e+36 8.055e+33 8.068e-24 5.308e-12 6.670e-11
7.943e-02 7.928e+35 8.015e+33 8.028e-24 5.281e-12 6.637e-11
8.913e-02 6.264e+35 7.972e+33 7.985e-24 5.253e-12 6.601e-11
1.000e-01 4.946e+35 7.924e+33 7.937e-24 5.222e-12 6.562e-11
1.122e-01 3.903e+35 7.872e+33 7.885e-24 5.187e-12 6.518e-11
1.259e-01 3.077e+35 7.814e+33 7.828e-24 5.149e-12 6.471e-11
1.413e-01 2.425e+35 7.752e+33 7.765e-24 5.108e-12 6.419e-11
1.585e-01 1.909e+35 7.685e+33 7.698e-24 5.064e-12 6.363e-11
1.778e-01 1.502e+35 7.612e+33 7.625e-24 5.016e-12 6.303e-11
1.995e-01 1.181e+35 7.534e+33 7.547e-24 4.965e-12 6.239e-11
2.239e-01 9.279e+34 7.451e+33 7.464e-24 4.910e-12 6.170e-11
2.512e-01 7.283e+34 7.363e+33 7.375e-24 4.852e-12 6.097e-11
2.818e-01 5.711e+34 7.268e+33 7.281e-24 4.789e-12 6.019e-11
3.162e-01 4.474e+34 7.168e+33 7.180e-24 4.724e-12 5.936e-11
3.548e-01 3.501e+34 7.062e+33 7.074e-24 4.654e-12 5.848e-11
3.981e-01 2.737e+34 6.950e+33 6.962e-24 4.580e-12 5.755e-11
4.467e-01 2.137e+34 6.832e+33 6.844e-24 4.502e-12 5.658e-11
5.012e-01 1.667e+34 6.708e+33 6.719e-24 4.420e-12 5.555e-11
5.623e-01 1.298e+34 6.578e+33 6.589e-24 4.334e-12 5.447e-11
6.310e-01 1.010e+34 6.441e+33 6.452e-24 4.244e-12 5.334e-11
7.079e-01 7.843e+33 6.298e+33 6.308e-24 4.150e-12 5.215e-11
7.943e-01 6.082e+33 6.148e+33 6.159e-24 4.052e-12 5.091e-11
8.913e-01 4.709e+33 5.993e+33 6.003e-24 3.949e-12 4.962e-11
1.000e+00 3.639e+33 5.831e+33 5.841e-24 3.842e-12 4.828e-11
1.122e+00 2.807e+33 5.663e+33 5.672e-24 3.731e-12 4.689e-11
1.259e+00 2.161e+33 5.488e+33 5.498e-24 3.617e-12 4.545e-11
1.413e+00 1.661e+33 5.309e+33 5.318e-24 3.498e-12 4.396e-11
1.585e+00 1.273e+33 5.123e+33 5.132e-24 3.376e-12 4.242e-11
1.778e+00 9.736e+32 4.933e+33 4.941e-24 3.250e-12 4.084e-11
1.995e+00 7.427e+32 4.737e+33 4.745e-24 3.122e-12 3.923e-11
2.239e+00 5.650e+32 4.537e+33 4.545e-24 2.990e-12 3.757e-11
2.512e+00 4.287e+32 4.334e+33 4.341e-24 2.856e-12 3.589e-11
2.818e+00 3.242e+32 4.127e+33 4.134e-24 2.719e-12 3.417e-11
3.162e+00 2.445e+32 3.917e+33 3.923e-24 2.581e-12 3.243e-11
3.548e+00 1.837e+32 3.705e+33 3.711e-24 2.442e-12 3.068e-11
3.981e+00 1.375e+32 3.492e+33 3.498e-24 2.301e-12 2.892e-11
4.467e+00 1.026e+32 3.279e+33 3.285e-24 2.161e-12 2.715e-11
5.012e+00 7.619e+31 3.066e+33 3.071e-24 2.020e-12 2.539e-11
5.623e+00 5.635e+31 2.855e+33 2.860e-24 1.881e-12 2.364e-11
6.310e+00 4.148e+31 2.646e+33 2.650e-24 1.743e-12 2.191e-11
7.079e+00 3.039e+31 2.440e+33 2.444e-24 1.608e-12 2.020e-11
7.943e+00 2.214e+31 2.238e+33 2.242e-24 1.475e-12 1.854e-11
8.913e+00 1.605e+31 2.042e+33 2.046e-24 1.346e-12 1.691e-11
1.000e+01 1.156e+31 1.852e+33 1.855e-24 1.221e-12 1.534e-11
1.122e+01 8.277e+30 1.670e+33 1.672e-24 1.100e-12 1.383e-11
1.259e+01 5.887e+30 1.495e+33 1.497e-24 9.850e-13 1.238e-11
1.413e+01 4.157e+30 1.329e+33 1.331e-24 8.757e-13 1.100e-11
1.585e+01 2.913e+30 1.172e+33 1.174e-24 7.726e-13 9.709e-12
1.778e+01 2.025e+30 1.026e+33 1.028e-24 6.762e-13 8.497e-12
1.995e+01 1.396e+30 8.904e+32 8.920e-25 5.868e-13 7.373e-12
2.239e+01 9.535e+29 7.656e+32 7.669e-25 5.045e-13 6.340e-12
2.512e+01 6.449e+29 6.519e+32 6.530e-25 4.296e-13 5.398e-12
2.818e+01 4.316e+29 5.493e+32 5.502e-25 3.620e-13 4.549e-12
3.162e+01 2.857e+29 4.577e+32 4.585e-25 3.016e-13 3.790e-12
3.548e+01 1.869e+29 3.769e+32 3.775e-25 2.484e-13 3.121e-12
3.981e+01 1.207e+29 3.064e+32 3.069e-25 2.019e-13 2.537e-12
4.467e+01 7.686e+28 2.457e+32 2.461e-25 1.619e-13 2.035e-12
5.012e+01 4.825e+28 1.942e+32 1.945e-25 1.280e-13 1.608e-12
5.623e+01 2.982e+28 1.511e+32 1.513e-25 9.955e-14 1.251e-12
6.310e+01 1.812e+28 1.156e+32 1.158e-25 7.616e-14 9.570e-13
7.079e+01 1.081e+28 8.683e+31 8.698e-26 5.722e-14 7.190e-13
7.943e+01 6.329e+27 6.398e+31 6.409e-26 4.216e-14 5.298e-13
8.913e+01 3.628e+27 4.617e+31 4.624e-26 3.042e-14 3.823e-13
1.000e+02 2.033e+27 3.257e+31 3.262e-26 2.146e-14 2.697e-13
1.122e+02 1.112e+27 2.242e+31 2.246e-26 1.477e-14 1.857e-13
1.259e+02 5.920e+26 1.503e+31 1.506e-26 9.906e-15 1.245e-13
1.413e+02 3.064e+26 9.795e+30 9.812e-27 6.455e-15 8.111e-14
1.585e+02 1.538e+26 6.188e+30 6.199e-27 4.078e-15 5.124e-14
1.778e+02 7.461e+25 3.780e+30 3.787e-27 2.491e-15 3.130e-14
1.995e+02 3.491e+25 2.227e+30 2.230e-27 1.467e-15 1.844e-14
2.239e+02 1.570e+25 1.261e+30 1.263e-27 8.307e-16 1.044e-14
2.512e+02 6.763e+24 6.837e+29 6.848e-28 4.505e-16 5.661e-15
2.818e+02 2.780e+24 3.538e+29 3.544e-28 2.332e-16 2.930e-15
3.162e+02 1.086e+24 1.740e+29 1.743e-28 1.146e-16 1.441e-15
3.548e+02 4.010e+23 8.089e+28 8.102e-29 5.330e-17 6.698e-16
3.981e+02 1.393e+23 3.537e+28 3.543e-29 2.331e-17 2.929e-16
4.467e+02 4.523e+22 1.446e+28 1.448e-29 9.528e-18 1.197e-16
5.012e+02 1.363e+22 5.487e+27 5.496e-30 3.616e-18 4.543e-17
5.623e+02 3.784e+21 1.917e+27 1.920e-30 1.263e-18 1.588e-17
6.310e+02 9.583e+20 6.112e+26 6.123e-31 4.028e-19 5.061e-18
7.079e+02 2.194e+20 1.762e+26 1.765e-31 1.161e-19 1.459e-18
7.943e+02 4.509e+19 4.558e+25 4.566e-32 3.004e-20 3.775e-19
8.913e+02 8.218e+18 1.046e+25 1.048e-32 6.892e-21 8.661e-20
1.000e+03 1.310e+18 2.099e+24 2.102e-33 1.383e-21 1.738e-20
1.122e+03 1.801e+17 3.634e+23 3.640e-34 2.394e-22 3.009e-21
1.259e+03 2.106e+16 5.348e+22 5.357e-35 3.524e-23 4.429e-22
1.413e+03 2.053e+15 6.564e+21 6.575e-36 4.325e-24 5.435e-23
1.585e+03 1.615e+14 6.498e+20 6.509e-37 4.282e-25 5.381e-24
1.778e+03 9.933e+12 5.032e+19 5.041e-38 3.316e-26 4.167e-25
1.995e+03 4.797e+11 3.060e+18 3.065e-39 2.016e-27 2.534e-26
2.239e+03 1.735e+10 1.393e+17 1.395e-40 9.180e-29 1.154e-27
2.512e+03 4.555e+08 4.604e+15 4.612e-42 3.034e-30 3.813e-29
2.818e+03 8.326e+06 1.060e+14 1.061e-43 6.982e-32 8.774e-31
3.162e+03 1.013e+05 1.623e+12 1.626e-45 1.070e-33 1.344e-32
3.548e+03 7.993e+02 1.612e+10 1.615e-47 1.062e-35 1.335e-34
3.981e+03 4.120e+00 1.046e+08 1.048e-49 6.894e-38 8.663e-37
4.467e+03 1.207e-02 3.860e+05 3.866e-52 2.543e-40 3.196e-39
5.012e+03 1.869e-05 7.521e+02 7.533e-55 4.956e-43 6.228e-42
5.623e+03 1.624e-08 8.229e-01 8.243e-58 5.423e-46 6.814e-45
6.310e+03 6.743e-12 4.301e-04 4.308e-61 2.834e-49 3.562e-48
7.079e+03 1.150e-15 9.235e-08 9.251e-65 6.086e-53 7.647e-52
7.943e+03 7.291e-20 7.371e-12 7.383e-69 4.857e-57 6.103e-56
8.913e+03 1.757e-24 2.236e-16 2.239e-73 1.473e-61 1.851e-60
1.000e+04 0.000e+00 0.000e+00 0.000e+00 0.000e+00 0.000e+00
1.122e+04 0.000e+00 0.000e+00 0.000e+00 0.000e+00 0.000e+00
1.259e+04 0.000e+00 0.000e+00 0.000e+00 0.000e+00 0.000e+00
1.413e+04 0.000e+00 0.000e+00 0.000e+00 0.000e+00 0.000e+00
1.585e+04 0.000e+00 0.000e+00 0.000e+00 0.000e+00 0.000e+00
1.778e+04 0.000e+00 0.000e+00 0.000e+00 0.000e+00 0.000e+00
1.995e+04 0.000e+00 0.000e+00 0.000e+00 0.000e+00 0.000e+00
2.239e+04 0.000e+00 0.000e+00 0.000e+00 0.000e+00 0.000e+00
2.512e+04 0.000e+00 0.000e+00 0.000e+00 0.000e+00 0.000e+00
2.818e+04 0.000e+00 0.000e+00 0.000e+00 0.000e+00 0.000e+00
3.162e+04 0.000e+00 0.000e+00 0.000e+00 0.000e+00 0.000e+00
3.548e+04 0.000e+00 0.000e+00 0.000e+00 0.000e+00 0.000e+00
3.981e+04 0.000e+00 0.000e+00 0.000e+00 0.000e+00 0.000e+00
4.467e+04 0.000e+00 0.000e+00 0.000e+00 0.000e+00 0.000e+00
5.012e+04 0.000e+00 0.000e+00 0.000e+00 0.000e+00 0.000e+00
5.623e+04 0.000e+00 0.000e+00 0.000e+00 0.000e+00 0.000e+00
6.310e+04 0.000e+00 0.000e+00 0.000e+00 0.000e+00 0.000e+00
7.079e+04 0.000e+00 0.000e+00 0.000e+00 0.000e+00 0.000e+00
7.943e+04 0.000e+00 0.000e+00 0.000e+00 0.000e+00 0.000e+00
8.913e+04 0.000e+00 0.000e+00 0.000e+00 0.000e+00 0.000e+00
1.000e+05 0.000e+00 0.000e+00 0.000e+00 0.000e+00 0.000e+00
1.122e+05 0.000e+00 0.000e+00 0.000e+00 0.000e+00 0.000e+00
1.259e+05 0.000e+00 0.000e+00 0.000e+00 0.000e+00 0.000e+00
1.413e+05 0.000e+00 0.000e+00 0.000e+00 0.000e+00 0.000e+00
1.585e+05 0.000e+00 0.000e+00 0.000e+00 0.000e+00 0.000e+00
1.778e+05 0.000e+00 0.000e+00 0.000e+00 0.000e+00 0.000e+00
1.995e+05 0.000e+00 0.000e+00 0.000e+00 0.000e+00 0.000e+00
2.239e+05 0.000e+00 0.000e+00 0.000e+00 0.000e+00 0.000e+00
2.512e+05 0.000e+00 0.000e+00 0.000e+00 0.000e+00 0.000e+00
2.818e+05 0.000e+00 0.000e+00 0.000e+00 0.000e+00 0.000e+00
3.162e+05 0.000e+00 0.000e+00 0.000e+00 0.000e+00 0.000e+00
3.548e+05 0.000e+00 0.000e+00 0.000e+00 0.000e+00 0.000e+00
3.981e+05 0.000e+00 0.000e+00 0.000e+00 0.000e+00 0.000e+00
4.467e+05 0.000e+00 0.000e+00 0.000e+00 0.000e+00 0.000e+00
5.012e+05 0.000e+00 0.000e+00 0.000e+00 0.000e+00 0.000e+00
5.623e+05 0.000e+00 0.000e+00 0.000e+00 0.000e+00 0.000e+00
6.310e+05 0.000e+00 0.000e+00 0.000e+00 0.000e+00 0.000e+00
7.079e+05 0.000e+00 0.000e+00 0.000e+00 0.000e+00 0.000e+00
7.943e+05 0.000e+00 0.000e+00 0.000e+00 0.000e+00 0.000e+00
8.913e+05 0.000e+00 0.000e+00 0.000e+00 0.000e+00 0.000e+00
1.000e+06 0.000e+00 0.000e+00 0.000e+00 0.000e+00 0.000e+00
1.122e+06 0.000e+00 0.000e+00 0.000e+00 0.000e+00 0.000e+00
1.259e+06 0.000e+00 0.000e+00 0.000e+00 0.000e+00 0.000e+00
1.413e+06 0.000e+00 0.000e+00 0.000e+00 0.000e+00 0.000e+00
1.585e+06 0.000e+00 0.000e+00 0.000e+00 0.000e+00 0.000e+00
1.778e+06 0.000e+00 0.000e+00 0.000e+00 0.000e+00 0.000e+00
1.995e+06 0.000e+00 0.000e+00 0.000e+00 0.000e+00 0.000e+00
2.239e+06 0.000e+00 0.000e+00 0.000e+00 0.000e+00 0.000e+00
2.512e+06 0.000e+00 0.000e+00 0.000e+00 0.000e+00 0.000e+00
2.818e+06 0.000e+00 0.000e+00 0.000e+00 0.000e+00 0.000e+00
3.162e+06 0.000e+00 0.000e+00 0.000e+00 0.000e+00 0.000e+00
3.548e+06 0.000e+00 0.000e+00 0.000e+00 0.000e+00 0.000e+00
3.981e+06 0.000e+00 0.000e+00 0.000e+00 0.000e+00 0.000e+00
4.467e+06 0.000e+00 0.000e+00 0.000e+00 0.000e+00 0.000e+00
5.012e+06 0.000e+00 0.000e+00 0.000e+00 0.000e+00 0.000e+00
5.623e+06 0.000e+00 0.000e+00 0.000e+00 0.000e+00 0.000e+00
6.310e+06 0.000e+00 0.000e+00 0.000e+00 0.000e+00 0.000e+00
7.079e+06 0.000e+00 0.000e+00 0.000e+00 0.000e+00 0.000e+00
7.943e+06 0.000e+00 0.000e+00 0.000e+00 0.000e+00 0.000e+00
8.913e+06 0.000e+00 0.000e+00 0.000e+00 0.000e+00 0.000e+00
1.000e+07 0.000e+00 0.000e+00 0.000e+00 0.000e+00 0.000e+00
1.122e+07 0.000e+00 0.000e+00 0.000e+00 0.000e+00 0.000e+00
1.259e+07 0.000e+00 0.000e+00 0.000e+00 0.000e+00 0.000e+00
1.413e+07 0.000e+00 0.000e+00 0.000e+00 0.000e+00 0.000e+00
1.585e+07 0.000e+00 0.000e+00 0.000e+00 0.000e+00 0.000e+00
1.778e+07 0.000e+00 0.000e+00 0.000e+00 0.000e+00 0.000e+00
1.995e+07 0.000e+00 0.000e+00 0.000e+00 0.000e+00 0.000e+00
2.239e+07 0.000e+00 0.000e+00 0.000e+00 0.000e+00 0.000e+00
2.512e+07 0.000e+00 0.000e+00 0.000e+00 0.000e+00 0.000e+00
2.818e+07 0.000e+00 0.000e+00 0.000e+00 0.000e+00 0.000e+00
3.162e+07 0.000e+00 0.000e+00 0.000e+00 0.000e+00 0.000e+00
3.548e+07 0.000e+00 0.000e+00 0.000e+00 0.000e+00 0.000e+00
3.981e+07 0.000e+00 0.000e+00 0.000e+00 0.000e+00 0.000e+00
4.467e+07 0.000e+00 0.000e+00 0.000e+00 0.000e+00 0.000e+00
5.012e+07 0.000e+00 0.000e+00 0.000e+00 0.000e+00 0.000e+00
5.623e+07 0.000e+00 0.000e+00 0.000e+00 0.000e+00 0.000e+00
6.310e+07 0.000e+00 0.000e+00 0.000e+00 0.000e+00 0.000e+00
7.079e+07 0.000e+00 0.000e+00 0.000e+00 0.000e+00 0.000e+00
7.943e+07 0.000e+00 0.000e+00 0.000e+00 0.000e+00 0.000e+00
8.913e+07 0.000e+00 0.000e+00 0.000e+00 0.000e+00 0.000e+00
1.000e+08 0.000e+00 0.000e+00 0.000e+00 0.000e+00 0.000e+00
