9.384e-04 5.727e+53 5.043e+47
1.053e-03 4.549e+53 5.043e+47
1.181e-03 3.614e+53 5.043e+47
1.325e-03 2.825e+53 4.962e+47
1.487e-03 2.244e+53 4.962e+47
1.669e-03 1.783e+53 4.964e+47
1.872e-03 1.416e+53 4.964e+47
2.101e-03 1.125e+53 4.964e+47
2.357e-03 8.937e+52 4.965e+47
2.645e-03 7.099e+52 4.966e+47
2.967e-03 5.639e+52 4.966e+47
3.329e-03 4.479e+52 4.966e+47
3.736e-03 3.559e+52 4.967e+47
4.192e-03 2.827e+52 4.967e+47
4.703e-03 2.246e+52 4.967e+47
5.277e-03 1.784e+52 4.967e+47
5.921e-03 1.417e+52 4.967e+47
6.643e-03 1.126e+52 4.968e+47
7.454e-03 8.943e+51 4.969e+47
8.363e-03 7.104e+51 4.969e+47
9.384e-03 5.643e+51 4.969e+47
1.053e-02 4.483e+51 4.969e+47
1.181e-02 3.561e+51 4.969e+47
1.325e-02 2.828e+51 4.969e+47
1.487e-02 2.247e+51 4.969e+47
1.669e-02 1.784e+51 4.969e+47
1.872e-02 1.418e+51 4.969e+47
2.101e-02 1.126e+51 4.969e+47
2.357e-02 8.944e+50 4.969e+47
2.645e-02 7.104e+50 4.969e+47
2.967e-02 5.643e+50 4.969e+47
3.329e-02 4.482e+50 4.969e+47
3.736e-02 3.560e+50 4.969e+47
4.192e-02 2.828e+50 4.969e+47
4.703e-02 2.247e+50 4.969e+47
5.277e-02 1.784e+50 4.969e+47
5.921e-02 1.417e+50 4.969e+47
6.643e-02 1.126e+50 4.968e+47
7.454e-02 8.942e+49 4.968e+47
8.363e-02 7.101e+49 4.967e+47
9.384e-02 5.640e+49 4.966e+47
1.053e-01 4.480e+49 4.966e+47
1.181e-01 3.558e+49 4.965e+47
1.325e-01 2.826e+49 4.965e+47
1.487e-01 2.244e+49 4.963e+47
1.669e-01 1.782e+49 4.962e+47
1.872e-01 1.415e+49 4.961e+47
2.101e-01 1.124e+49 4.960e+47
2.357e-01 8.924e+48 4.958e+47
2.645e-01 7.086e+48 4.956e+47
2.967e-01 5.627e+48 4.955e+47
3.329e-01 4.468e+48 4.953e+47
3.736e-01 3.547e+48 4.950e+47
4.192e-01 2.816e+48 4.948e+47
4.703e-01 2.236e+48 4.946e+47
5.277e-01 1.775e+48 4.942e+47
5.921e-01 1.409e+48 4.939e+47
6.643e-01 1.118e+48 4.934e+47
7.454e-01 8.891e+47 4.940e+47
8.363e-01 7.056e+47 4.936e+47
9.384e-01 5.587e+47 4.919e+47
1.053e+00 4.433e+47 4.914e+47
1.181e+00 3.516e+47 4.906e+47
1.325e+00 2.789e+47 4.900e+47
1.487e+00 2.211e+47 4.890e+47
1.669e+00 1.753e+47 4.882e+47
1.872e+00 1.389e+47 4.870e+47
2.101e+00 1.101e+47 4.859e+47
2.357e+00 8.721e+46 4.846e+47
2.645e+00 6.908e+46 4.832e+47
2.967e+00 5.468e+46 4.815e+47
3.329e+00 4.328e+46 4.797e+47
3.736e+00 3.423e+46 4.776e+47
4.192e+00 2.705e+46 4.753e+47
4.703e+00 2.138e+46 4.729e+47
5.277e+00 1.688e+46 4.700e+47
5.921e+00 1.332e+46 4.669e+47
6.643e+00 1.052e+46 4.644e+47
7.454e+00 8.271e+45 4.595e+47
8.363e+00 6.508e+45 4.552e+47
9.384e+00 5.116e+45 4.505e+47
1.053e+01 4.016e+45 4.452e+47
1.181e+01 3.148e+45 4.393e+47
1.325e+01 2.464e+45 4.329e+47
1.487e+01 1.925e+45 4.257e+47
1.669e+01 1.500e+45 4.178e+47
1.872e+01 1.167e+45 4.091e+47
2.101e+01 9.054e+44 3.996e+47
2.357e+01 7.007e+44 3.893e+47
2.645e+01 5.403e+44 3.779e+47
2.967e+01 4.162e+44 3.665e+47
3.329e+01 3.177e+44 3.522e+47
3.736e+01 2.421e+44 3.378e+47
4.192e+01 1.835e+44 3.224e+47
4.703e+01 1.383e+44 3.059e+47
5.277e+01 1.036e+44 2.884e+47
5.921e+01 7.702e+43 2.700e+47
6.643e+01 5.680e+43 2.507e+47
7.454e+01 4.152e+43 2.307e+47
8.363e+01 3.004e+43 2.101e+47
9.384e+01 2.149e+43 1.892e+47
1.053e+02 1.524e+43 1.689e+47
1.181e+02 1.056e+43 1.474e+47
1.325e+02 7.237e+42 1.271e+47
1.487e+02 4.869e+42 1.077e+47
1.669e+02 3.210e+42 8.937e+46
1.872e+02 2.068e+42 7.251e+46
2.101e+02 1.299e+42 5.734e+46
2.357e+02 7.925e+41 4.403e+46
2.645e+02 4.684e+41 3.276e+46
2.967e+02 2.692e+41 2.371e+46
3.329e+02 1.462e+41 1.620e+46
3.736e+02 7.646e+40 1.067e+46
4.192e+02 3.800e+40 6.677e+45
4.703e+02 1.784e+40 3.945e+45
5.277e+02 7.839e+39 2.183e+45
5.921e+02 3.210e+39 1.125e+45
6.643e+02 1.212e+39 5.348e+44
7.454e+02 4.178e+38 2.321e+44
8.363e+02 1.326e+38 9.277e+43
9.384e+02 3.602e+37 3.171e+43
1.053e+03 8.791e+36 9.745e+42
1.181e+03 1.857e+36 2.592e+42
1.325e+03 3.326e+35 5.844e+41
1.487e+03 4.982e+34 1.102e+41
1.669e+03 6.086e+33 1.695e+40
1.872e+03 6.137e+32 2.151e+39
2.101e+03 4.420e+31 1.951e+38
2.357e+03 2.488e+30 1.382e+37
2.645e+03 1.007e+29 7.041e+35
2.967e+03 2.849e+27 2.509e+34
3.329e+03 5.363e+25 5.945e+32
3.736e+03 6.331e+23 8.835e+30
4.192e+03 4.508e+21 7.920e+28
4.703e+03 1.998e+19 4.419e+26
5.277e+03 3.731e+16 1.039e+24
5.921e+03 3.722e+13 1.305e+21
6.643e+03 1.665e+10 7.346e+17
7.454e+03 2.929e+06 1.627e+14
8.363e+03 1.875e+02 1.311e+10
9.384e+03 4.540e-03 3.998e+05
