1.000e-20 0.000e+00 0.000e+00 0.000e+00 0.000e+00 0.000e+00
1.122e-20 0.000e+00 0.000e+00 0.000e+00 0.000e+00 0.000e+00
1.259e-20 0.000e+00 0.000e+00 0.000e+00 0.000e+00 0.000e+00
1.413e-20 0.000e+00 0.000e+00 0.000e+00 0.000e+00 0.000e+00
1.585e-20 0.000e+00 0.000e+00 0.000e+00 0.000e+00 0.000e+00
1.778e-20 0.000e+00 0.000e+00 0.000e+00 0.000e+00 0.000e+00
1.995e-20 0.000e+00 0.000e+00 0.000e+00 0.000e+00 0.000e+00
2.239e-20 0.000e+00 0.000e+00 0.000e+00 0.000e+00 0.000e+00
2.512e-20 0.000e+00 0.000e+00 0.000e+00 0.000e+00 0.000e+00
2.818e-20 0.000e+00 0.000e+00 0.000e+00 0.000e+00 0.000e+00
3.162e-20 0.000e+00 0.000e+00 0.000e+00 0.000e+00 0.000e+00
3.548e-20 0.000e+00 0.000e+00 0.000e+00 0.000e+00 0.000e+00
3.981e-20 0.000e+00 0.000e+00 0.000e+00 0.000e+00 0.000e+00
4.467e-20 0.000e+00 0.000e+00 0.000e+00 0.000e+00 0.000e+00
5.012e-20 0.000e+00 0.000e+00 0.000e+00 0.000e+00 0.000e+00
5.623e-20 0.000e+00 0.000e+00 0.000e+00 0.000e+00 0.000e+00
6.310e-20 0.000e+00 0.000e+00 0.000e+00 0.000e+00 0.000e+00
7.079e-20 0.000e+00 0.000e+00 0.000e+00 0.000e+00 0.000e+00
7.943e-20 0.000e+00 0.000e+00 0.000e+00 0.000e+00 0.000e+00
8.913e-20 0.000e+00 0.000e+00 0.000e+00 0.000e+00 0.000e+00
1.000e-19 0.000e+00 0.000e+00 0.000e+00 0.000e+00 0.000e+00
1.122e-19 0.000e+00 0.000e+00 0.000e+00 0.000e+00 0.000e+00
1.259e-19 0.000e+00 0.000e+00 0.000e+00 0.000e+00 0.000e+00
1.413e-19 0.000e+00 0.000e+00 0.000e+00 0.000e+00 0.000e+00
1.585e-19 0.000e+00 0.000e+00 0.000e+00 0.000e+00 0.000e+00
1.778e-19 0.000e+00 0.000e+00 0.000e+00 0.000e+00 0.000e+00
1.995e-19 0.000e+00 0.000e+00 0.000e+00 0.000e+00 0.000e+00
2.239e-19 0.000e+00 0.000e+00 0.000e+00 0.000e+00 0.000e+00
2.512e-19 0.000e+00 0.000e+00 0.000e+00 0.000e+00 0.000e+00
2.818e-19 0.000e+00 0.000e+00 0.000e+00 0.000e+00 0.000e+00
3.162e-19 0.000e+00 0.000e+00 0.000e+00 0.000e+00 0.000e+00
3.548e-19 0.000e+00 0.000e+00 0.000e+00 0.000e+00 0.000e+00
3.981e-19 0.000e+00 0.000e+00 0.000e+00 0.000e+00 0.000e+00
4.467e-19 0.000e+00 0.000e+00 0.000e+00 0.000e+00 0.000e+00
5.012e-19 0.000e+00 0.000e+00 0.000e+00 0.000e+00 0.000e+00
5.623e-19 0.000e+00 0.000e+00 0.000e+00 0.000e+00 0.000e+00
6.310e-19 0.000e+00 0.000e+00 0.000e+00 0.000e+00 0.000e+00
7.079e-19 0.000e+00 0.000e+00 0.000e+00 0.000e+00 0.000e+00
7.943e-19 0.000e+00 0.000e+00 0.000e+00 0.000e+00 0.000e+00
8.913e-19 0.000e+00 0.000e+00 0.000e+00 0.000e+00 0.000e+00
1.000e-18 0.000e+00 0.000e+00 0.000e+00 0.000e+00 0.000e+00
1.122e-18 0.000e+00 0.000e+00 0.000e+00 0.000e+00 0.000e+00
1.259e-18 0.000e+00 0.000e+00 0.000e+00 0.000e+00 0.000e+00
1.413e-18 0.000e+00 0.000e+00 0.000e+00 0.000e+00 0.000e+00
1.585e-18 0.000e+00 0.000e+00 0.000e+00 0.000e+00 0.000e+00
1.778e-18 0.000e+00 0.000e+00 0.000e+00 0.000e+00 0.000e+00
1.995e-18 0.000e+00 0.000e+00 0.000e+00 0.000e+00 0.000e+00
2.239e-18 0.000e+00 0.000e+00 0.000e+00 0.000e+00 0.000e+00
2.512e-18 0.000e+00 0.000e+00 0.000e+00 0.000e+00 0.000e+00
2.818e-18 0.000e+00 0.000e+00 0.000e+00 0.000e+00 0.000e+00
3.162e-18 0.000e+00 0.000e+00 0.000e+00 0.000e+00 0.000e+00
3.548e-18 0.000e+00 0.000e+00 0.000e+00 0.000e+00 0.000e+00
3.981e-18 0.000e+00 0.000e+00 0.000e+00 0.000e+00 0.000e+00
4.467e-18 0.000e+00 0.000e+00 0.000e+00 0.000e+00 0.000e+00
5.012e-18 0.000e+00 0.000e+00 0.000e+00 0.000e+00 0.000e+00
5.623e-18 0.000e+00 0.000e+00 0.000e+00 0.000e+00 0.000e+00
6.310e-18 0.000e+00 0.000e+00 0.000e+00 0.000e+00 0.000e+00
7.079e-18 0.000e+00 0.000e+00 0.000e+00 0.000e+00 0.000e+00
7.943e-18 0.000e+00 0.000e+00 0.000e+00 0.000e+00 0.000e+00
8.913e-18 0.000e+00 0.000e+00 0.000e+00 0.000e+00 0.000e+00
1.000e-17 0.000e+00 0.000e+00 0.000e+00 0.000e+00 0.000e+00
1.122e-17 0.000e+00 0.000e+00 0.000e+00 0.000e+00 0.000e+00
1.259e-17 0.000e+00 0.000e+00 0.000e+00 0.000e+00 0.000e+00
1.413e-17 0.000e+00 0.000e+00 0.000e+00 0.000e+00 0.000e+00
1.585e-17 0.000e+00 0.000e+00 0.000e+00 0.000e+00 0.000e+00
1.778e-17 0.000e+00 0.000e+00 0.000e+00 0.000e+00 0.000e+00
1.995e-17 0.000e+00 0.000e+00 0.000e+00 0.000e+00 0.000e+00
2.239e-17 0.000e+00 0.000e+00 0.000e+00 0.000e+00 0.000e+00
2.512e-17 0.000e+00 0.000e+00 0.000e+00 0.000e+00 0.000e+00
2.818e-17 0.000e+00 0.000e+00 0.000e+00 0.000e+00 0.000e+00
3.162e-17 0.000e+00 0.000e+00 0.000e+00 0.000e+00 0.000e+00
3.548e-17 0.000e+00 0.000e+00 0.000e+00 0.000e+00 0.000e+00
3.981e-17 0.000e+00 0.000e+00 0.000e+00 0.000e+00 0.000e+00
4.467e-17 0.000e+00 0.000e+00 0.000e+00 0.000e+00 0.000e+00
5.012e-17 0.000e+00 0.000e+00 0.000e+00 0.000e+00 0.000e+00
5.623e-17 0.000e+00 0.000e+00 0.000e+00 0.000e+00 0.000e+00
6.310e-17 0.000e+00 0.000e+00 0.000e+00 0.000e+00 0.000e+00
7.079e-17 0.000e+00 0.000e+00 0.000e+00 0.000e+00 0.000e+00
7.943e-17 0.000e+00 0.000e+00 0.000e+00 0.000e+00 0.000e+00
8.913e-17 0.000e+00 0.000e+00 0.000e+00 0.000e+00 0.000e+00
1.000e-16 0.000e+00 0.000e+00 0.000e+00 0.000e+00 0.000e+00
1.122e-16 0.000e+00 0.000e+00 0.000e+00 0.000e+00 0.000e+00
1.259e-16 0.000e+00 0.000e+00 0.000e+00 0.000e+00 0.000e+00
1.413e-16 0.000e+00 0.000e+00 0.000e+00 0.000e+00 0.000e+00
1.585e-16 0.000e+00 0.000e+00 0.000e+00 0.000e+00 0.000e+00
1.778e-16 0.000e+00 0.000e+00 0.000e+00 0.000e+00 0.000e+00
1.995e-16 0.000e+00 0.000e+00 0.000e+00 0.000e+00 0.000e+00
2.239e-16 0.000e+00 0.000e+00 0.000e+00 0.000e+00 0.000e+00
2.512e-16 0.000e+00 0.000e+00 0.000e+00 0.000e+00 0.000e+00
2.818e-16 0.000e+00 0.000e+00 0.000e+00 0.000e+00 0.000e+00
3.162e-16 0.000e+00 0.000e+00 0.000e+00 0.000e+00 0.000e+00
3.548e-16 0.000e+00 0.000e+00 0.000e+00 0.000e+00 0.000e+00
3.981e-16 0.000e+00 0.000e+00 0.000e+00 0.000e+00 0.000e+00
4.467e-16 0.000e+00 0.000e+00 0.000e+00 0.000e+00 0.000e+00
5.012e-16 0.000e+00 0.000e+00 0.000e+00 0.000e+00 0.000e+00
5.623e-16 0.000e+00 0.000e+00 0.000e+00 0.000e+00 0.000e+00
6.310e-16 0.000e+00 0.000e+00 0.000e+00 0.000e+00 0.000e+00
7.079e-16 0.000e+00 0.000e+00 0.000e+00 0.000e+00 0.000e+00
7.943e-16 0.000e+00 0.000e+00 0.000e+00 0.000e+00 0.000e+00
8.913e-16 0.000e+00 0.000e+00 0.000e+00 0.000e+00 0.000e+00
1.000e-15 0.000e+00 0.000e+00 0.000e+00 0.000e+00 0.000e+00
1.122e-15 0.000e+00 0.000e+00 0.000e+00 0.000e+00 0.000e+00
1.259e-15 0.000e+00 0.000e+00 0.000e+00 0.000e+00 0.000e+00
1.413e-15 0.000e+00 0.000e+00 0.000e+00 0.000e+00 0.000e+00
1.585e-15 0.000e+00 0.000e+00 0.000e+00 0.000e+00 0.000e+00
1.778e-15 0.000e+00 0.000e+00 0.000e+00 0.000e+00 0.000e+00
1.995e-15 0.000e+00 0.000e+00 0.000e+00 0.000e+00 0.000e+00
2.239e-15 0.000e+00 0.000e+00 0.000e+00 0.000e+00 0.000e+00
2.512e-15 0.000e+00 0.000e+00 0.000e+00 0.000e+00 0.000e+00
2.818e-15 0.000e+00 0.000e+00 0.000e+00 0.000e+00 0.000e+00
3.162e-15 0.000e+00 0.000e+00 0.000e+00 0.000e+00 0.000e+00
3.548e-15 0.000e+00 0.000e+00 0.000e+00 0.000e+00 0.000e+00
3.981e-15 0.000e+00 0.000e+00 0.000e+00 0.000e+00 0.000e+00
4.467e-15 0.000e+00 0.000e+00 0.000e+00 0.000e+00 0.000e+00
5.012e-15 0.000e+00 0.000e+00 0.000e+00 0.000e+00 0.000e+00
5.623e-15 0.000e+00 0.000e+00 0.000e+00 0.000e+00 0.000e+00
6.310e-15 0.000e+00 0.000e+00 0.000e+00 0.000e+00 0.000e+00
7.079e-15 0.000e+00 0.000e+00 0.000e+00 0.000e+00 0.000e+00
7.943e-15 0.000e+00 0.000e+00 0.000e+00 0.000e+00 0.000e+00
8.913e-15 0.000e+00 0.000e+00 0.000e+00 0.000e+00 0.000e+00
1.000e-14 0.000e+00 0.000e+00 0.000e+00 0.000e+00 0.000e+00
1.122e-14 0.000e+00 0.000e+00 0.000e+00 0.000e+00 0.000e+00
1.259e-14 0.000e+00 0.000e+00 0.000e+00 0.000e+00 0.000e+00
1.413e-14 0.000e+00 0.000e+00 0.000e+00 0.000e+00 0.000e+00
1.585e-14 0.000e+00 0.000e+00 0.000e+00 0.000e+00 0.000e+00
1.778e-14 0.000e+00 0.000e+00 0.000e+00 0.000e+00 0.000e+00
1.995e-14 0.000e+00 0.000e+00 0.000e+00 0.000e+00 0.000e+00
2.239e-14 0.000e+00 0.000e+00 0.000e+00 0.000e+00 0.000e+00
2.512e-14 0.000e+00 0.000e+00 0.000e+00 0.000e+00 0.000e+00
2.818e-14 0.000e+00 0.000e+00 0.000e+00 0.000e+00 0.000e+00
3.162e-14 0.000e+00 0.000e+00 0.000e+00 0.000e+00 0.000e+00
3.548e-14 0.000e+00 0.000e+00 0.000e+00 0.000e+00 0.000e+00
3.981e-14 0.000e+00 0.000e+00 0.000e+00 0.000e+00 0.000e+00
4.467e-14 0.000e+00 0.000e+00 0.000e+00 0.000e+00 0.000e+00
5.012e-14 0.000e+00 0.000e+00 0.000e+00 0.000e+00 0.000e+00
5.623e-14 0.000e+00 0.000e+00 0.000e+00 0.000e+00 0.000e+00
6.310e-14 0.000e+00 0.000e+00 0.000e+00 0.000e+00 0.000e+00
7.079e-14 0.000e+00 0.000e+00 0.000e+00 0.000e+00 0.000e+00
7.943e-14 0.000e+00 0.000e+00 0.000e+00 0.000e+00 0.000e+00
8.913e-14 0.000e+00 0.000e+00 0.000e+00 0.000e+00 0.000e+00
1.000e-13 0.000e+00 0.000e+00 0.000e+00 0.000e+00 0.000e+00
1.122e-13 0.000e+00 0.000e+00 0.000e+00 0.000e+00 0.000e+00
1.259e-13 0.000e+00 0.000e+00 0.000e+00 0.000e+00 0.000e+00
1.413e-13 0.000e+00 0.000e+00 0.000e+00 0.000e+00 0.000e+00
1.585e-13 0.000e+00 0.000e+00 0.000e+00 0.000e+00 0.000e+00
1.778e-13 0.000e+00 0.000e+00 0.000e+00 0.000e+00 0.000e+00
1.995e-13 0.000e+00 0.000e+00 0.000e+00 0.000e+00 0.000e+00
2.239e-13 0.000e+00 0.000e+00 0.000e+00 0.000e+00 0.000e+00
2.512e-13 0.000e+00 0.000e+00 0.000e+00 0.000e+00 0.000e+00
2.818e-13 0.000e+00 0.000e+00 0.000e+00 0.000e+00 0.000e+00
3.162e-13 0.000e+00 0.000e+00 0.000e+00 0.000e+00 0.000e+00
3.548e-13 0.000e+00 0.000e+00 0.000e+00 0.000e+00 0.000e+00
3.981e-13 0.000e+00 0.000e+00 0.000e+00 0.000e+00 0.000e+00
4.467e-13 0.000e+00 0.000e+00 0.000e+00 0.000e+00 0.000e+00
5.012e-13 0.000e+00 0.000e+00 0.000e+00 0.000e+00 0.000e+00
5.623e-13 0.000e+00 0.000e+00 0.000e+00 0.000e+00 0.000e+00
6.310e-13 0.000e+00 0.000e+00 0.000e+00 0.000e+00 0.000e+00
7.079e-13 0.000e+00 0.000e+00 0.000e+00 0.000e+00 0.000e+00
7.943e-13 0.000e+00 0.000e+00 0.000e+00 0.000e+00 0.000e+00
8.913e-13 0.000e+00 0.000e+00 0.000e+00 0.000e+00 0.000e+00
1.000e-12 0.000e+00 0.000e+00 0.000e+00 0.000e+00 0.000e+00
1.122e-12 0.000e+00 0.000e+00 0.000e+00 0.000e+00 0.000e+00
1.259e-12 0.000e+00 0.000e+00 0.000e+00 0.000e+00 0.000e+00
1.413e-12 0.000e+00 0.000e+00 0.000e+00 0.000e+00 0.000e+00
1.585e-12 0.000e+00 0.000e+00 0.000e+00 0.000e+00 0.000e+00
1.778e-12 0.000e+00 0.000e+00 0.000e+00 0.000e+00 0.000e+00
1.995e-12 0.000e+00 0.000e+00 0.000e+00 0.000e+00 0.000e+00
2.239e-12 0.000e+00 0.000e+00 0.000e+00 0.000e+00 0.000e+00
2.512e-12 0.000e+00 0.000e+00 0.000e+00 0.000e+00 0.000e+00
2.818e-12 0.000e+00 0.000e+00 0.000e+00 0.000e+00 0.000e+00
3.162e-12 0.000e+00 0.000e+00 0.000e+00 0.000e+00 0.000e+00
3.548e-12 0.000e+00 0.000e+00 0.000e+00 0.000e+00 0.000e+00
3.981e-12 0.000e+00 0.000e+00 0.000e+00 0.000e+00 0.000e+00
4.467e-12 0.000e+00 0.000e+00 0.000e+00 0.000e+00 0.000e+00
5.012e-12 0.000e+00 0.000e+00 0.000e+00 0.000e+00 0.000e+00
5.623e-12 0.000e+00 0.000e+00 0.000e+00 0.000e+00 0.000e+00
6.310e-12 0.000e+00 0.000e+00 0.000e+00 0.000e+00 0.000e+00
7.079e-12 0.000e+00 0.000e+00 0.000e+00 0.000e+00 0.000e+00
7.943e-12 0.000e+00 0.000e+00 0.000e+00 0.000e+00 0.000e+00
8.913e-12 0.000e+00 0.000e+00 0.000e+00 0.000e+00 0.000e+00
1.000e-11 0.000e+00 0.000e+00 0.000e+00 0.000e+00 0.000e+00
1.122e-11 0.000e+00 0.000e+00 0.000e+00 0.000e+00 0.000e+00
1.259e-11 0.000e+00 0.000e+00 0.000e+00 0.000e+00 0.000e+00
1.413e-11 0.000e+00 0.000e+00 0.000e+00 0.000e+00 0.000e+00
1.585e-11 0.000e+00 0.000e+00 0.000e+00 0.000e+00 0.000e+00
1.778e-11 0.000e+00 0.000e+00 0.000e+00 0.000e+00 0.000e+00
1.995e-11 0.000e+00 0.000e+00 0.000e+00 0.000e+00 0.000e+00
2.239e-11 0.000e+00 0.000e+00 0.000e+00 0.000e+00 0.000e+00
2.512e-11 0.000e+00 0.000e+00 0.000e+00 0.000e+00 0.000e+00
2.818e-11 0.000e+00 0.000e+00 0.000e+00 0.000e+00 0.000e+00
3.162e-11 0.000e+00 0.000e+00 0.000e+00 0.000e+00 0.000e+00
3.548e-11 0.000e+00 0.000e+00 0.000e+00 0.000e+00 0.000e+00
3.981e-11 0.000e+00 0.000e+00 0.000e+00 0.000e+00 0.000e+00
4.467e-11 0.000e+00 0.000e+00 0.000e+00 0.000e+00 0.000e+00
5.012e-11 0.000e+00 0.000e+00 0.000e+00 0.000e+00 0.000e+00
5.623e-11 0.000e+00 0.000e+00 0.000e+00 0.000e+00 0.000e+00
6.310e-11 0.000e+00 0.000e+00 0.000e+00 0.000e+00 0.000e+00
7.079e-11 0.000e+00 0.000e+00 0.000e+00 0.000e+00 0.000e+00
7.943e-11 0.000e+00 0.000e+00 0.000e+00 0.000e+00 0.000e+00
8.913e-11 0.000e+00 0.000e+00 0.000e+00 0.000e+00 0.000e+00
1.000e-10 0.000e+00 0.000e+00 0.000e+00 0.000e+00 0.000e+00
1.122e-10 0.000e+00 0.000e+00 0.000e+00 0.000e+00 0.000e+00
1.259e-10 0.000e+00 0.000e+00 0.000e+00 0.000e+00 0.000e+00
1.413e-10 0.000e+00 0.000e+00 0.000e+00 0.000e+00 0.000e+00
1.585e-10 0.000e+00 0.000e+00 0.000e+00 0.000e+00 0.000e+00
1.778e-10 0.000e+00 0.000e+00 0.000e+00 0.000e+00 0.000e+00
1.995e-10 0.000e+00 0.000e+00 0.000e+00 0.000e+00 0.000e+00
2.239e-10 0.000e+00 0.000e+00 0.000e+00 0.000e+00 0.000e+00
2.512e-10 0.000e+00 0.000e+00 0.000e+00 0.000e+00 0.000e+00
2.818e-10 0.000e+00 0.000e+00 0.000e+00 0.000e+00 0.000e+00
3.162e-10 0.000e+00 0.000e+00 0.000e+00 0.000e+00 0.000e+00
3.548e-10 0.000e+00 0.000e+00 0.000e+00 0.000e+00 0.000e+00
3.981e-10 0.000e+00 0.000e+00 0.000e+00 0.000e+00 0.000e+00
4.467e-10 0.000e+00 0.000e+00 0.000e+00 0.000e+00 0.000e+00
5.012e-10 0.000e+00 0.000e+00 0.000e+00 0.000e+00 0.000e+00
5.623e-10 0.000e+00 0.000e+00 0.000e+00 0.000e+00 0.000e+00
6.310e-10 0.000e+00 0.000e+00 0.000e+00 0.000e+00 0.000e+00
7.079e-10 0.000e+00 0.000e+00 0.000e+00 0.000e+00 0.000e+00
7.943e-10 0.000e+00 0.000e+00 0.000e+00 0.000e+00 0.000e+00
8.913e-10 0.000e+00 0.000e+00 0.000e+00 0.000e+00 0.000e+00
1.000e-09 0.000e+00 0.000e+00 0.000e+00 0.000e+00 0.000e+00
1.122e-09 0.000e+00 0.000e+00 0.000e+00 0.000e+00 0.000e+00
1.259e-09 0.000e+00 0.000e+00 0.000e+00 0.000e+00 0.000e+00
1.413e-09 0.000e+00 0.000e+00 0.000e+00 0.000e+00 0.000e+00
1.585e-09 0.000e+00 0.000e+00 0.000e+00 0.000e+00 0.000e+00
1.778e-09 0.000e+00 0.000e+00 0.000e+00 0.000e+00 0.000e+00
1.995e-09 0.000e+00 0.000e+00 0.000e+00 0.000e+00 0.000e+00
2.239e-09 0.000e+00 0.000e+00 0.000e+00 0.000e+00 0.000e+00
2.512e-09 0.000e+00 0.000e+00 0.000e+00 0.000e+00 0.000e+00
2.818e-09 0.000e+00 0.000e+00 0.000e+00 0.000e+00 0.000e+00
3.162e-09 0.000e+00 0.000e+00 0.000e+00 0.000e+00 0.000e+00
3.548e-09 0.000e+00 0.000e+00 0.000e+00 0.000e+00 0.000e+00
3.981e-09 0.000e+00 0.000e+00 0.000e+00 0.000e+00 0.000e+00
4.467e-09 0.000e+00 0.000e+00 0.000e+00 0.000e+00 0.000e+00
5.012e-09 0.000e+00 0.000e+00 0.000e+00 0.000e+00 0.000e+00
5.623e-09 0.000e+00 0.000e+00 0.000e+00 0.000e+00 0.000e+00
6.310e-09 0.000e+00 0.000e+00 0.000e+00 0.000e+00 0.000e+00
7.079e-09 0.000e+00 0.000e+00 0.000e+00 0.000e+00 0.000e+00
7.943e-09 0.000e+00 0.000e+00 0.000e+00 0.000e+00 0.000e+00
8.913e-09 0.000e+00 0.000e+00 0.000e+00 0.000e+00 0.000e+00
1.000e-08 0.000e+00 0.000e+00 0.000e+00 0.000e+00 0.000e+00
1.122e-08 0.000e+00 0.000e+00 0.000e+00 0.000e+00 0.000e+00
1.259e-08 0.000e+00 0.000e+00 0.000e+00 0.000e+00 0.000e+00
1.413e-08 0.000e+00 0.000e+00 0.000e+00 0.000e+00 0.000e+00
1.585e-08 0.000e+00 0.000e+00 0.000e+00 0.000e+00 0.000e+00
1.778e-08 0.000e+00 0.000e+00 0.000e+00 0.000e+00 0.000e+00
1.995e-08 0.000e+00 0.000e+00 0.000e+00 0.000e+00 0.000e+00
2.239e-08 0.000e+00 0.000e+00 0.000e+00 0.000e+00 0.000e+00
2.512e-08 0.000e+00 0.000e+00 0.000e+00 0.000e+00 0.000e+00
2.818e-08 0.000e+00 0.000e+00 0.000e+00 0.000e+00 0.000e+00
3.162e-08 0.000e+00 0.000e+00 0.000e+00 0.000e+00 0.000e+00
3.548e-08 0.000e+00 0.000e+00 0.000e+00 0.000e+00 0.000e+00
3.981e-08 0.000e+00 0.000e+00 0.000e+00 0.000e+00 0.000e+00
4.467e-08 0.000e+00 0.000e+00 0.000e+00 0.000e+00 0.000e+00
5.012e-08 0.000e+00 0.000e+00 0.000e+00 0.000e+00 0.000e+00
5.623e-08 0.000e+00 0.000e+00 0.000e+00 0.000e+00 0.000e+00
6.310e-08 0.000e+00 0.000e+00 0.000e+00 0.000e+00 0.000e+00
7.079e-08 0.000e+00 0.000e+00 0.000e+00 0.000e+00 0.000e+00
7.943e-08 0.000e+00 0.000e+00 0.000e+00 0.000e+00 0.000e+00
8.913e-08 0.000e+00 0.000e+00 0.000e+00 0.000e+00 0.000e+00
1.000e-07 0.000e+00 0.000e+00 0.000e+00 0.000e+00 0.000e+00
1.122e-07 0.000e+00 0.000e+00 0.000e+00 0.000e+00 0.000e+00
1.259e-07 0.000e+00 0.000e+00 0.000e+00 0.000e+00 0.000e+00
1.413e-07 0.000e+00 0.000e+00 0.000e+00 0.000e+00 0.000e+00
1.585e-07 0.000e+00 0.000e+00 0.000e+00 0.000e+00 0.000e+00
1.778e-07 0.000e+00 0.000e+00 0.000e+00 0.000e+00 0.000e+00
1.995e-07 0.000e+00 0.000e+00 0.000e+00 0.000e+00 0.000e+00
2.239e-07 0.000e+00 0.000e+00 0.000e+00 0.000e+00 0.000e+00
2.512e-07 0.000e+00 0.000e+00 0.000e+00 0.000e+00 0.000e+00
2.818e-07 0.000e+00 0.000e+00 0.000e+00 0.000e+00 0.000e+00
3.162e-07 0.000e+00 0.000e+00 0.000e+00 0.000e+00 0.000e+00
3.548e-07 0.000e+00 0.000e+00 0.000e+00 0.000e+00 0.000e+00
3.981e-07 0.000e+00 0.000e+00 0.000e+00 0.000e+00 0.000e+00
4.467e-07 0.000e+00 0.000e+00 0.000e+00 0.000e+00 0.000e+00
5.012e-07 0.000e+00 0.000e+00 0.000e+00 0.000e+00 0.000e+00
5.623e-07 5.577e+40 2.826e+28 2.831e-29 1.862e-17 2.340e-16
6.310e-07 4.919e+40 3.137e+28 3.143e-29 2.067e-17 2.598e-16
7.079e-07 4.335e+40 3.481e+28 3.487e-29 2.294e-17 2.882e-16
7.943e-07 3.818e+40 3.859e+28 3.866e-29 2.543e-17 3.196e-16
8.913e-07 3.360e+40 4.276e+28 4.283e-29 2.818e-17 3.541e-16
1.000e-06 2.955e+40 4.735e+28 4.743e-29 3.120e-17 3.921e-16
1.122e-06 2.597e+40 5.239e+28 5.248e-29 3.452e-17 4.338e-16
1.259e-06 2.281e+40 5.792e+28 5.802e-29 3.817e-17 4.797e-16
1.413e-06 2.002e+40 6.400e+28 6.410e-29 4.217e-17 5.299e-16
1.585e-06 1.756e+40 7.065e+28 7.077e-29 4.656e-17 5.850e-16
1.778e-06 1.538e+40 7.793e+28 7.807e-29 5.136e-17 6.454e-16
1.995e-06 1.347e+40 8.590e+28 8.605e-29 5.660e-17 7.113e-16
2.239e-06 1.178e+40 9.460e+28 9.476e-29 6.234e-17 7.834e-16
2.512e-06 1.030e+40 1.041e+29 1.043e-28 6.859e-17 8.620e-16
2.818e-06 8.992e+39 1.144e+29 1.146e-28 7.541e-17 9.476e-16
3.162e-06 7.845e+39 1.257e+29 1.259e-28 8.283e-17 1.041e-15
3.548e-06 6.839e+39 1.379e+29 1.382e-28 9.089e-17 1.142e-15
3.981e-06 5.955e+39 1.512e+29 1.515e-28 9.965e-17 1.252e-15
4.467e-06 5.181e+39 1.656e+29 1.659e-28 1.091e-16 1.372e-15
5.012e-06 4.503e+39 1.812e+29 1.815e-28 1.194e-16 1.501e-15
5.623e-06 3.910e+39 1.981e+29 1.984e-28 1.305e-16 1.640e-15
6.310e-06 3.391e+39 2.163e+29 2.167e-28 1.425e-16 1.791e-15
7.079e-06 2.938e+39 2.359e+29 2.363e-28 1.555e-16 1.954e-15
7.943e-06 2.543e+39 2.570e+29 2.575e-28 1.694e-16 2.128e-15
8.913e-06 2.198e+39 2.797e+29 2.802e-28 1.843e-16 2.316e-15
1.000e-05 1.898e+39 3.041e+29 3.046e-28 2.004e-16 2.518e-15
1.122e-05 1.637e+39 3.301e+29 3.307e-28 2.175e-16 2.734e-15
1.259e-05 1.410e+39 3.580e+29 3.586e-28 2.359e-16 2.964e-15
1.413e-05 1.213e+39 3.877e+29 3.884e-28 2.555e-16 3.210e-15
1.585e-05 1.042e+39 4.193e+29 4.200e-28 2.763e-16 3.472e-15
1.778e-05 8.940e+38 4.529e+29 4.537e-28 2.985e-16 3.751e-15
1.995e-05 7.660e+38 4.886e+29 4.894e-28 3.220e-16 4.046e-15
2.239e-05 6.554e+38 5.263e+29 5.272e-28 3.468e-16 4.358e-15
2.512e-05 5.600e+38 5.661e+29 5.671e-28 3.730e-16 4.688e-15
2.818e-05 4.778e+38 6.080e+29 6.091e-28 4.007e-16 5.035e-15
3.162e-05 4.070e+38 6.521e+29 6.532e-28 4.297e-16 5.400e-15
3.548e-05 3.462e+38 6.982e+29 6.994e-28 4.601e-16 5.782e-15
3.981e-05 2.940e+38 7.464e+29 7.477e-28 4.919e-16 6.181e-15
4.467e-05 2.492e+38 7.967e+29 7.980e-28 5.250e-16 6.597e-15
5.012e-05 2.109e+38 8.488e+29 8.503e-28 5.594e-16 7.029e-15
5.623e-05 1.782e+38 9.029e+29 9.044e-28 5.950e-16 7.477e-15
6.310e-05 1.503e+38 9.587e+29 9.603e-28 6.317e-16 7.938e-15
7.079e-05 1.265e+38 1.016e+30 1.018e-27 6.695e-16 8.414e-15
7.943e-05 1.063e+38 1.075e+30 1.077e-27 7.083e-16 8.900e-15
8.913e-05 8.917e+37 1.135e+30 1.137e-27 7.478e-16 9.397e-15
1.000e-04 7.464e+37 1.196e+30 1.198e-27 7.880e-16 9.902e-15
1.122e-04 6.235e+37 1.258e+30 1.260e-27 8.287e-16 1.041e-14
1.259e-04 5.197e+37 1.320e+30 1.322e-27 8.696e-16 1.093e-14
1.413e-04 4.323e+37 1.382e+30 1.384e-27 9.107e-16 1.144e-14
1.585e-04 3.588e+37 1.444e+30 1.446e-27 9.515e-16 1.196e-14
1.778e-04 2.971e+37 1.505e+30 1.508e-27 9.920e-16 1.247e-14
1.995e-04 2.455e+37 1.566e+30 1.568e-27 1.032e-15 1.297e-14
2.239e-04 2.023e+37 1.625e+30 1.627e-27 1.071e-15 1.345e-14
2.512e-04 1.664e+37 1.682e+30 1.685e-27 1.108e-15 1.393e-14
2.818e-04 1.364e+37 1.736e+30 1.739e-27 1.144e-15 1.438e-14
3.162e-04 1.116e+37 1.788e+30 1.791e-27 1.178e-15 1.481e-14
3.548e-04 9.106e+36 1.837e+30 1.840e-27 1.210e-15 1.521e-14
3.981e-04 7.409e+36 1.881e+30 1.884e-27 1.240e-15 1.558e-14
4.467e-04 6.011e+36 1.922e+30 1.925e-27 1.266e-15 1.591e-14
5.012e-04 4.863e+36 1.957e+30 1.961e-27 1.290e-15 1.621e-14
5.623e-04 3.923e+36 1.988e+30 1.991e-27 1.310e-15 1.646e-14
6.310e-04 3.155e+36 2.012e+30 2.016e-27 1.326e-15 1.666e-14
7.079e-04 2.529e+36 2.031e+30 2.034e-27 1.338e-15 1.682e-14
7.943e-04 2.021e+36 2.043e+30 2.047e-27 1.346e-15 1.692e-14
8.913e-04 1.610e+36 2.049e+30 2.053e-27 1.350e-15 1.697e-14
1.000e-03 1.278e+36 2.048e+30 2.051e-27 1.349e-15 1.696e-14
1.122e-03 1.011e+36 2.040e+30 2.043e-27 1.344e-15 1.689e-14
1.259e-03 7.973e+35 2.024e+30 2.028e-27 1.334e-15 1.676e-14
1.413e-03 6.263e+35 2.002e+30 2.006e-27 1.319e-15 1.658e-14
1.585e-03 4.902e+35 1.973e+30 1.976e-27 1.300e-15 1.634e-14
1.778e-03 3.822e+35 1.936e+30 1.940e-27 1.276e-15 1.603e-14
1.995e-03 2.969e+35 1.893e+30 1.897e-27 1.248e-15 1.568e-14
2.239e-03 2.297e+35 1.844e+30 1.847e-27 1.215e-15 1.527e-14
2.512e-03 1.770e+35 1.789e+30 1.792e-27 1.179e-15 1.481e-14
2.818e-03 1.358e+35 1.728e+30 1.731e-27 1.139e-15 1.431e-14
3.162e-03 1.038e+35 1.663e+30 1.666e-27 1.096e-15 1.377e-14
3.548e-03 7.898e+34 1.593e+30 1.596e-27 1.050e-15 1.319e-14
3.981e-03 5.984e+34 1.520e+30 1.522e-27 1.001e-15 1.258e-14
4.467e-03 4.514e+34 1.443e+30 1.446e-27 9.510e-16 1.195e-14
5.012e-03 3.390e+34 1.364e+30 1.367e-27 8.991e-16 1.130e-14
5.623e-03 2.535e+34 1.284e+30 1.286e-27 8.463e-16 1.063e-14
6.310e-03 1.886e+34 1.203e+30 1.205e-27 7.929e-16 9.963e-15
7.079e-03 1.397e+34 1.122e+30 1.124e-27 7.394e-16 9.292e-15
7.943e-03 1.030e+34 1.042e+30 1.043e-27 6.863e-16 8.624e-15
8.913e-03 7.560e+33 9.622e+29 9.638e-28 6.340e-16 7.967e-15
1.000e-02 5.522e+33 8.847e+29 8.862e-28 5.830e-16 7.326e-15
1.122e-02 4.014e+33 8.095e+29 8.109e-28 5.335e-16 6.704e-15
1.259e-02 2.904e+33 7.373e+29 7.386e-28 4.859e-16 6.106e-15
1.413e-02 2.091e+33 6.685e+29 6.696e-28 4.405e-16 5.536e-15
1.585e-02 1.499e+33 6.034e+29 6.045e-28 3.976e-16 4.997e-15
1.778e-02 1.071e+33 5.425e+29 5.434e-28 3.575e-16 4.492e-15
1.995e-02 7.619e+32 4.859e+29 4.868e-28 3.202e-16 4.024e-15
2.239e-02 5.405e+32 4.340e+29 4.347e-28 2.860e-16 3.594e-15
2.512e-02 3.826e+32 3.868e+29 3.874e-28 2.549e-16 3.203e-15
2.818e-02 2.705e+32 3.442e+29 3.448e-28 2.268e-16 2.850e-15
3.162e-02 1.911e+32 3.061e+29 3.066e-28 2.017e-16 2.535e-15
3.548e-02 1.350e+32 2.723e+29 2.727e-28 1.794e-16 2.255e-15
3.981e-02 9.542e+31 2.423e+29 2.427e-28 1.597e-16 2.006e-15
4.467e-02 6.750e+31 2.158e+29 2.161e-28 1.422e-16 1.787e-15
5.012e-02 4.779e+31 1.923e+29 1.927e-28 1.267e-16 1.593e-15
5.623e-02 3.387e+31 1.716e+29 1.719e-28 1.131e-16 1.421e-15
6.310e-02 2.402e+31 1.532e+29 1.535e-28 1.010e-16 1.269e-15
7.079e-02 1.705e+31 1.369e+29 1.371e-28 9.021e-17 1.134e-15
7.943e-02 1.210e+31 1.224e+29 1.226e-28 8.063e-17 1.013e-15
8.913e-02 8.596e+30 1.094e+29 1.096e-28 7.209e-17 9.059e-16
1.000e-01 6.105e+30 9.781e+28 9.798e-29 6.445e-17 8.100e-16
1.122e-01 4.335e+30 8.744e+28 8.759e-29 5.762e-17 7.241e-16
1.259e-01 3.077e+30 7.814e+28 7.827e-29 5.149e-17 6.470e-16
1.413e-01 2.183e+30 6.980e+28 6.991e-29 4.599e-17 5.780e-16
1.585e-01 1.548e+30 6.231e+28 6.241e-29 4.106e-17 5.159e-16
1.778e-01 1.097e+30 5.558e+28 5.567e-29 3.662e-17 4.602e-16
1.995e-01 7.766e+29 4.954e+28 4.962e-29 3.264e-17 4.102e-16
2.239e-01 5.493e+29 4.411e+28 4.418e-29 2.907e-17 3.653e-16
2.512e-01 3.881e+29 3.924e+28 3.930e-29 2.585e-17 3.249e-16
2.818e-01 2.739e+29 3.486e+28 3.492e-29 2.297e-17 2.887e-16
3.162e-01 1.931e+29 3.093e+28 3.099e-29 2.038e-17 2.562e-16
3.548e-01 1.359e+29 2.741e+28 2.746e-29 1.806e-17 2.270e-16
3.981e-01 9.553e+28 2.426e+28 2.430e-29 1.598e-17 2.009e-16
4.467e-01 6.704e+28 2.143e+28 2.147e-29 1.412e-17 1.775e-16
5.012e-01 4.697e+28 1.890e+28 1.894e-29 1.246e-17 1.565e-16
5.623e-01 3.285e+28 1.665e+28 1.667e-29 1.097e-17 1.378e-16
6.310e-01 2.294e+28 1.463e+28 1.465e-29 9.640e-18 1.211e-16
7.079e-01 1.598e+28 1.283e+28 1.285e-29 8.456e-18 1.063e-16
7.943e-01 1.111e+28 1.123e+28 1.125e-29 7.402e-18 9.301e-17
8.913e-01 7.708e+27 9.810e+27 9.827e-30 6.464e-18 8.123e-17
1.000e+00 5.335e+27 8.548e+27 8.562e-30 5.633e-18 7.078e-17
1.122e+00 3.684e+27 7.430e+27 7.442e-30 4.896e-18 6.152e-17
1.259e+00 2.537e+27 6.441e+27 6.452e-30 4.244e-18 5.334e-17
1.413e+00 1.742e+27 5.569e+27 5.578e-30 3.669e-18 4.611e-17
1.585e+00 1.193e+27 4.800e+27 4.809e-30 3.163e-18 3.975e-17
1.778e+00 8.143e+26 4.126e+27 4.133e-30 2.719e-18 3.416e-17
1.995e+00 5.541e+26 3.534e+27 3.540e-30 2.329e-18 2.926e-17
2.239e+00 3.757e+26 3.017e+27 3.022e-30 1.988e-18 2.498e-17
2.512e+00 2.539e+26 2.567e+27 2.571e-30 1.691e-18 2.125e-17
2.818e+00 1.709e+26 2.175e+27 2.179e-30 1.433e-18 1.801e-17
3.162e+00 1.146e+26 1.836e+27 1.839e-30 1.210e-18 1.520e-17
3.548e+00 7.652e+25 1.543e+27 1.546e-30 1.017e-18 1.278e-17
3.981e+00 5.087e+25 1.292e+27 1.294e-30 8.512e-19 1.070e-17
4.467e+00 3.366e+25 1.076e+27 1.078e-30 7.090e-19 8.910e-18
5.012e+00 2.216e+25 8.919e+26 8.934e-31 5.877e-19 7.385e-18
5.623e+00 1.452e+25 7.355e+26 7.367e-31 4.846e-19 6.090e-18
6.310e+00 9.457e+24 6.032e+26 6.042e-31 3.975e-19 4.995e-18
7.079e+00 6.125e+24 4.918e+26 4.927e-31 3.241e-19 4.073e-18
7.943e+00 3.943e+24 3.986e+26 3.993e-31 2.627e-19 3.301e-18
8.913e+00 2.522e+24 3.210e+26 3.215e-31 2.115e-19 2.658e-18
1.000e+01 1.602e+24 2.567e+26 2.572e-31 1.692e-19 2.126e-18
1.122e+01 1.011e+24 2.039e+26 2.042e-31 1.344e-19 1.688e-18
1.259e+01 6.328e+23 1.607e+26 1.610e-31 1.059e-19 1.331e-18
1.413e+01 3.930e+23 1.256e+26 1.258e-31 8.279e-20 1.040e-18
1.585e+01 2.420e+23 9.740e+25 9.756e-32 6.418e-20 8.065e-19
1.778e+01 1.477e+23 7.483e+25 7.496e-32 4.931e-20 6.197e-19
1.995e+01 8.929e+22 5.696e+25 5.705e-32 3.753e-20 4.716e-19
2.239e+01 5.344e+22 4.291e+25 4.299e-32 2.828e-20 3.554e-19
2.512e+01 3.165e+22 3.199e+25 3.205e-32 2.108e-20 2.649e-19
2.818e+01 1.853e+22 2.358e+25 2.362e-32 1.554e-20 1.953e-19
3.162e+01 1.072e+22 1.718e+25 1.720e-32 1.132e-20 1.422e-19
3.548e+01 6.123e+21 1.235e+25 1.237e-32 8.139e-21 1.023e-19
3.981e+01 3.451e+21 8.762e+24 8.777e-33 5.774e-21 7.256e-20
4.467e+01 1.917e+21 6.127e+24 6.138e-33 4.038e-21 5.074e-20
5.012e+01 1.048e+21 4.219e+24 4.227e-33 2.780e-21 3.494e-20
5.623e+01 5.642e+20 2.859e+24 2.863e-33 1.884e-21 2.367e-20
6.310e+01 2.984e+20 1.903e+24 1.906e-33 1.254e-21 1.576e-20
7.079e+01 1.549e+20 1.244e+24 1.246e-33 8.195e-22 1.030e-20
7.943e+01 7.880e+19 7.966e+23 7.980e-34 5.249e-22 6.596e-21
8.913e+01 3.925e+19 4.995e+23 5.003e-34 3.291e-22 4.136e-21
1.000e+02 1.910e+19 3.061e+23 3.066e-34 2.017e-22 2.535e-21
1.122e+02 9.073e+18 1.830e+23 1.833e-34 1.206e-22 1.515e-21
1.259e+02 4.196e+18 1.066e+23 1.067e-34 7.022e-23 8.824e-22
1.413e+02 1.886e+18 6.030e+22 6.040e-35 3.973e-23 4.993e-22
1.585e+02 8.221e+17 3.309e+22 3.314e-35 2.180e-23 2.740e-22
1.778e+02 3.466e+17 1.756e+22 1.759e-35 1.157e-23 1.454e-22
1.995e+02 1.409e+17 8.990e+21 9.006e-36 5.924e-24 7.445e-23
2.239e+02 5.512e+16 4.426e+21 4.434e-36 2.917e-24 3.665e-23
2.512e+02 2.066e+16 2.089e+21 2.092e-36 1.376e-24 1.730e-23
2.818e+02 7.396e+15 9.413e+20 9.429e-37 6.203e-25 7.794e-24
3.162e+02 2.517e+15 4.033e+20 4.040e-37 2.658e-25 3.340e-24
3.548e+02 8.111e+14 1.636e+20 1.639e-37 1.078e-25 1.355e-24
3.981e+02 2.461e+14 6.249e+19 6.259e-38 4.118e-26 5.174e-25
4.467e+02 6.991e+13 2.235e+19 2.239e-38 1.473e-26 1.851e-25
5.012e+02 1.847e+13 7.435e+18 7.448e-39 4.899e-27 6.157e-26
5.623e+02 4.509e+12 2.285e+18 2.289e-39 1.506e-27 1.892e-26
6.310e+02 1.008e+12 6.432e+17 6.443e-40 4.239e-28 5.326e-27
7.079e+02 2.048e+11 1.645e+17 1.647e-40 1.084e-28 1.362e-27
7.943e+02 3.740e+10 3.781e+16 3.787e-41 2.491e-29 3.131e-28
8.913e+02 6.073e+09 7.729e+15 7.742e-42 5.093e-30 6.400e-29
1.000e+03 8.657e+08 1.387e+15 1.389e-42 9.139e-31 1.149e-29
1.122e+03 1.068e+08 2.155e+14 2.158e-43 1.420e-31 1.784e-30
1.259e+03 1.123e+07 2.852e+13 2.857e-44 1.879e-32 2.362e-31
1.413e+03 9.881e+05 3.159e+12 3.164e-45 2.082e-33 2.616e-32
1.585e+03 7.120e+04 2.866e+11 2.870e-46 1.888e-34 2.373e-33
1.778e+03 4.106e+03 2.081e+10 2.084e-47 1.371e-35 1.723e-34
1.995e+03 1.851e+02 1.180e+09 1.182e-48 7.778e-37 9.775e-36
2.239e+03 6.315e+00 5.071e+07 5.080e-50 3.342e-38 4.199e-37
2.512e+03 1.577e-01 1.594e+06 1.597e-51 1.050e-39 1.320e-38
2.818e+03 2.773e-03 3.529e+04 3.535e-53 2.326e-41 2.923e-40
3.162e+03 3.295e-05 5.279e+02 5.288e-55 3.479e-43 4.371e-42
3.548e+03 2.539e-07 5.122e+00 5.131e-57 3.375e-45 4.241e-44
3.981e+03 1.226e-09 3.114e-02 3.120e-59 2.052e-47 2.579e-46
4.467e+03 3.538e-12 1.131e-04 1.133e-61 7.452e-50 9.365e-49
5.012e+03 5.884e-15 2.368e-07 2.372e-64 1.561e-52 1.961e-51
5.623e+03 5.359e-18 2.715e-10 2.720e-67 1.789e-55 2.249e-54
6.310e+03 2.413e-21 1.539e-13 1.542e-70 1.014e-58 1.275e-57
7.079e+03 4.760e-25 3.822e-17 3.829e-74 2.519e-62 3.165e-61
7.943e+03 3.584e-29 3.624e-21 3.630e-78 2.388e-66 3.001e-65
8.913e+03 9.128e-34 1.162e-25 1.164e-82 7.655e-71 9.620e-70
1.000e+04 0.000e+00 0.000e+00 0.000e+00 0.000e+00 0.000e+00
1.122e+04 0.000e+00 0.000e+00 0.000e+00 0.000e+00 0.000e+00
1.259e+04 0.000e+00 0.000e+00 0.000e+00 0.000e+00 0.000e+00
1.413e+04 0.000e+00 0.000e+00 0.000e+00 0.000e+00 0.000e+00
1.585e+04 0.000e+00 0.000e+00 0.000e+00 0.000e+00 0.000e+00
1.778e+04 0.000e+00 0.000e+00 0.000e+00 0.000e+00 0.000e+00
1.995e+04 0.000e+00 0.000e+00 0.000e+00 0.000e+00 0.000e+00
2.239e+04 0.000e+00 0.000e+00 0.000e+00 0.000e+00 0.000e+00
2.512e+04 0.000e+00 0.000e+00 0.000e+00 0.000e+00 0.000e+00
2.818e+04 0.000e+00 0.000e+00 0.000e+00 0.000e+00 0.000e+00
3.162e+04 0.000e+00 0.000e+00 0.000e+00 0.000e+00 0.000e+00
3.548e+04 0.000e+00 0.000e+00 0.000e+00 0.000e+00 0.000e+00
3.981e+04 0.000e+00 0.000e+00 0.000e+00 0.000e+00 0.000e+00
4.467e+04 0.000e+00 0.000e+00 0.000e+00 0.000e+00 0.000e+00
5.012e+04 0.000e+00 0.000e+00 0.000e+00 0.000e+00 0.000e+00
5.623e+04 0.000e+00 0.000e+00 0.000e+00 0.000e+00 0.000e+00
6.310e+04 0.000e+00 0.000e+00 0.000e+00 0.000e+00 0.000e+00
7.079e+04 0.000e+00 0.000e+00 0.000e+00 0.000e+00 0.000e+00
7.943e+04 0.000e+00 0.000e+00 0.000e+00 0.000e+00 0.000e+00
8.913e+04 0.000e+00 0.000e+00 0.000e+00 0.000e+00 0.000e+00
1.000e+05 0.000e+00 0.000e+00 0.000e+00 0.000e+00 0.000e+00
1.122e+05 0.000e+00 0.000e+00 0.000e+00 0.000e+00 0.000e+00
1.259e+05 0.000e+00 0.000e+00 0.000e+00 0.000e+00 0.000e+00
1.413e+05 0.000e+00 0.000e+00 0.000e+00 0.000e+00 0.000e+00
1.585e+05 0.000e+00 0.000e+00 0.000e+00 0.000e+00 0.000e+00
1.778e+05 0.000e+00 0.000e+00 0.000e+00 0.000e+00 0.000e+00
1.995e+05 0.000e+00 0.000e+00 0.000e+00 0.000e+00 0.000e+00
2.239e+05 0.000e+00 0.000e+00 0.000e+00 0.000e+00 0.000e+00
2.512e+05 0.000e+00 0.000e+00 0.000e+00 0.000e+00 0.000e+00
2.818e+05 0.000e+00 0.000e+00 0.000e+00 0.000e+00 0.000e+00
3.162e+05 0.000e+00 0.000e+00 0.000e+00 0.000e+00 0.000e+00
3.548e+05 0.000e+00 0.000e+00 0.000e+00 0.000e+00 0.000e+00
3.981e+05 0.000e+00 0.000e+00 0.000e+00 0.000e+00 0.000e+00
4.467e+05 0.000e+00 0.000e+00 0.000e+00 0.000e+00 0.000e+00
5.012e+05 0.000e+00 0.000e+00 0.000e+00 0.000e+00 0.000e+00
5.623e+05 0.000e+00 0.000e+00 0.000e+00 0.000e+00 0.000e+00
6.310e+05 0.000e+00 0.000e+00 0.000e+00 0.000e+00 0.000e+00
7.079e+05 0.000e+00 0.000e+00 0.000e+00 0.000e+00 0.000e+00
7.943e+05 0.000e+00 0.000e+00 0.000e+00 0.000e+00 0.000e+00
8.913e+05 0.000e+00 0.000e+00 0.000e+00 0.000e+00 0.000e+00
1.000e+06 0.000e+00 0.000e+00 0.000e+00 0.000e+00 0.000e+00
1.122e+06 0.000e+00 0.000e+00 0.000e+00 0.000e+00 0.000e+00
1.259e+06 0.000e+00 0.000e+00 0.000e+00 0.000e+00 0.000e+00
1.413e+06 0.000e+00 0.000e+00 0.000e+00 0.000e+00 0.000e+00
1.585e+06 0.000e+00 0.000e+00 0.000e+00 0.000e+00 0.000e+00
1.778e+06 0.000e+00 0.000e+00 0.000e+00 0.000e+00 0.000e+00
1.995e+06 0.000e+00 0.000e+00 0.000e+00 0.000e+00 0.000e+00
2.239e+06 0.000e+00 0.000e+00 0.000e+00 0.000e+00 0.000e+00
2.512e+06 0.000e+00 0.000e+00 0.000e+00 0.000e+00 0.000e+00
2.818e+06 0.000e+00 0.000e+00 0.000e+00 0.000e+00 0.000e+00
3.162e+06 0.000e+00 0.000e+00 0.000e+00 0.000e+00 0.000e+00
3.548e+06 0.000e+00 0.000e+00 0.000e+00 0.000e+00 0.000e+00
3.981e+06 0.000e+00 0.000e+00 0.000e+00 0.000e+00 0.000e+00
4.467e+06 0.000e+00 0.000e+00 0.000e+00 0.000e+00 0.000e+00
5.012e+06 0.000e+00 0.000e+00 0.000e+00 0.000e+00 0.000e+00
5.623e+06 0.000e+00 0.000e+00 0.000e+00 0.000e+00 0.000e+00
6.310e+06 0.000e+00 0.000e+00 0.000e+00 0.000e+00 0.000e+00
7.079e+06 0.000e+00 0.000e+00 0.000e+00 0.000e+00 0.000e+00
7.943e+06 0.000e+00 0.000e+00 0.000e+00 0.000e+00 0.000e+00
8.913e+06 0.000e+00 0.000e+00 0.000e+00 0.000e+00 0.000e+00
1.000e+07 0.000e+00 0.000e+00 0.000e+00 0.000e+00 0.000e+00
1.122e+07 0.000e+00 0.000e+00 0.000e+00 0.000e+00 0.000e+00
1.259e+07 0.000e+00 0.000e+00 0.000e+00 0.000e+00 0.000e+00
1.413e+07 0.000e+00 0.000e+00 0.000e+00 0.000e+00 0.000e+00
1.585e+07 0.000e+00 0.000e+00 0.000e+00 0.000e+00 0.000e+00
1.778e+07 0.000e+00 0.000e+00 0.000e+00 0.000e+00 0.000e+00
1.995e+07 0.000e+00 0.000e+00 0.000e+00 0.000e+00 0.000e+00
2.239e+07 0.000e+00 0.000e+00 0.000e+00 0.000e+00 0.000e+00
2.512e+07 0.000e+00 0.000e+00 0.000e+00 0.000e+00 0.000e+00
2.818e+07 0.000e+00 0.000e+00 0.000e+00 0.000e+00 0.000e+00
3.162e+07 0.000e+00 0.000e+00 0.000e+00 0.000e+00 0.000e+00
3.548e+07 0.000e+00 0.000e+00 0.000e+00 0.000e+00 0.000e+00
3.981e+07 0.000e+00 0.000e+00 0.000e+00 0.000e+00 0.000e+00
4.467e+07 0.000e+00 0.000e+00 0.000e+00 0.000e+00 0.000e+00
5.012e+07 0.000e+00 0.000e+00 0.000e+00 0.000e+00 0.000e+00
5.623e+07 0.000e+00 0.000e+00 0.000e+00 0.000e+00 0.000e+00
6.310e+07 0.000e+00 0.000e+00 0.000e+00 0.000e+00 0.000e+00
7.079e+07 0.000e+00 0.000e+00 0.000e+00 0.000e+00 0.000e+00
7.943e+07 0.000e+00 0.000e+00 0.000e+00 0.000e+00 0.000e+00
8.913e+07 0.000e+00 0.000e+00 0.000e+00 0.000e+00 0.000e+00
1.000e+08 0.000e+00 0.000e+00 0.000e+00 0.000e+00 0.000e+00
