1.000e-20 2.471e+56 3.959e+16 3.965e-41 2.609e-29 3.278e-28
1.122e-20 2.223e+56 4.485e+16 4.492e-41 2.955e-29 3.713e-28
1.259e-20 2.000e+56 5.078e+16 5.087e-41 3.346e-29 4.205e-28
1.413e-20 1.798e+56 5.748e+16 5.757e-41 3.787e-29 4.759e-28
1.585e-20 1.616e+56 6.503e+16 6.514e-41 4.285e-29 5.385e-28
1.778e-20 1.451e+56 7.354e+16 7.366e-41 4.846e-29 6.090e-28
1.995e-20 1.303e+56 8.313e+16 8.327e-41 5.478e-29 6.884e-28
2.239e-20 1.170e+56 9.392e+16 9.408e-41 6.189e-29 7.778e-28
2.512e-20 1.049e+56 1.061e+17 1.063e-40 6.990e-29 8.784e-28
2.818e-20 9.409e+55 1.197e+17 1.199e-40 7.891e-29 9.916e-28
3.162e-20 8.433e+55 1.351e+17 1.353e-40 8.903e-29 1.119e-27
3.548e-20 7.555e+55 1.524e+17 1.526e-40 1.004e-28 1.262e-27
3.981e-20 6.765e+55 1.718e+17 1.721e-40 1.132e-28 1.422e-27
4.467e-20 6.055e+55 1.936e+17 1.939e-40 1.275e-28 1.603e-27
5.012e-20 5.416e+55 2.180e+17 2.183e-40 1.436e-28 1.805e-27
5.623e-20 4.843e+55 2.454e+17 2.458e-40 1.617e-28 2.032e-27
6.310e-20 4.328e+55 2.761e+17 2.765e-40 1.819e-28 2.286e-27
7.079e-20 3.866e+55 3.104e+17 3.110e-40 2.046e-28 2.571e-27
7.943e-20 3.452e+55 3.489e+17 3.495e-40 2.299e-28 2.889e-27
8.913e-20 3.080e+55 3.920e+17 3.927e-40 2.583e-28 3.246e-27
1.000e-19 2.747e+55 4.401e+17 4.409e-40 2.900e-28 3.645e-27
1.122e-19 2.449e+55 4.939e+17 4.948e-40 3.255e-28 4.090e-27
1.259e-19 2.182e+55 5.540e+17 5.550e-40 3.651e-28 4.588e-27
1.413e-19 1.943e+55 6.211e+17 6.222e-40 4.093e-28 5.143e-27
1.585e-19 1.729e+55 6.959e+17 6.971e-40 4.586e-28 5.763e-27
1.778e-19 1.538e+55 7.793e+17 7.807e-40 5.136e-28 6.454e-27
1.995e-19 1.368e+55 8.723e+17 8.738e-40 5.748e-28 7.223e-27
2.239e-19 1.215e+55 9.758e+17 9.774e-40 6.430e-28 8.080e-27
2.512e-19 1.079e+55 1.091e+18 1.093e-39 7.189e-28 9.034e-27
2.818e-19 9.578e+54 1.219e+18 1.221e-39 8.033e-28 1.009e-26
3.162e-19 8.497e+54 1.361e+18 1.364e-39 8.970e-28 1.127e-26
3.548e-19 7.533e+54 1.519e+18 1.522e-39 1.001e-27 1.258e-26
3.981e-19 6.674e+54 1.695e+18 1.698e-39 1.117e-27 1.403e-26
4.467e-19 5.910e+54 1.889e+18 1.893e-39 1.245e-27 1.565e-26
5.012e-19 5.231e+54 2.105e+18 2.109e-39 1.387e-27 1.743e-26
5.623e-19 4.627e+54 2.344e+18 2.348e-39 1.545e-27 1.941e-26
6.310e-19 4.090e+54 2.609e+18 2.613e-39 1.719e-27 2.160e-26
7.079e-19 3.613e+54 2.901e+18 2.906e-39 1.912e-27 2.403e-26
7.943e-19 3.190e+54 3.225e+18 3.230e-39 2.125e-27 2.671e-26
8.913e-19 2.815e+54 3.582e+18 3.589e-39 2.361e-27 2.967e-26
1.000e-18 2.482e+54 3.977e+18 3.984e-39 2.621e-27 3.293e-26
1.122e-18 2.188e+54 4.413e+18 4.420e-39 2.908e-27 3.654e-26
1.259e-18 1.927e+54 4.893e+18 4.901e-39 3.224e-27 4.051e-26
1.413e-18 1.696e+54 5.422e+18 5.431e-39 3.573e-27 4.490e-26
1.585e-18 1.492e+54 6.004e+18 6.014e-39 3.956e-27 4.972e-26
1.778e-18 1.312e+54 6.645e+18 6.656e-39 4.379e-27 5.502e-26
1.995e-18 1.152e+54 7.349e+18 7.362e-39 4.843e-27 6.086e-26
2.239e-18 1.012e+54 8.123e+18 8.137e-39 5.353e-27 6.727e-26
2.512e-18 8.876e+53 8.973e+18 8.988e-39 5.913e-27 7.430e-26
2.818e-18 7.783e+53 9.906e+18 9.922e-39 6.527e-27 8.202e-26
3.162e-18 6.821e+53 1.093e+19 1.095e-38 7.201e-27 9.049e-26
3.548e-18 5.973e+53 1.205e+19 1.207e-38 7.939e-27 9.976e-26
3.981e-18 5.227e+53 1.327e+19 1.330e-38 8.747e-27 1.099e-25
4.467e-18 4.572e+53 1.462e+19 1.464e-38 9.631e-27 1.210e-25
5.012e-18 3.996e+53 1.608e+19 1.611e-38 1.060e-26 1.332e-25
5.623e-18 3.490e+53 1.768e+19 1.771e-38 1.165e-26 1.464e-25
6.310e-18 3.047e+53 1.943e+19 1.947e-38 1.281e-26 1.609e-25
7.079e-18 2.658e+53 2.134e+19 2.138e-38 1.406e-26 1.767e-25
7.943e-18 2.317e+53 2.342e+19 2.346e-38 1.544e-26 1.940e-25
8.913e-18 2.019e+53 2.569e+19 2.573e-38 1.693e-26 2.127e-25
1.000e-17 1.758e+53 2.816e+19 2.821e-38 1.856e-26 2.332e-25
1.122e-17 1.529e+53 3.085e+19 3.090e-38 2.033e-26 2.554e-25
1.259e-17 1.330e+53 3.377e+19 3.382e-38 2.225e-26 2.796e-25
1.413e-17 1.156e+53 3.694e+19 3.700e-38 2.434e-26 3.059e-25
1.585e-17 1.003e+53 4.039e+19 4.045e-38 2.661e-26 3.344e-25
1.778e-17 8.709e+52 4.412e+19 4.420e-38 2.908e-26 3.654e-25
1.995e-17 7.554e+52 4.818e+19 4.826e-38 3.175e-26 3.990e-25
2.239e-17 6.548e+52 5.258e+19 5.267e-38 3.465e-26 4.354e-25
2.512e-17 5.672e+52 5.734e+19 5.744e-38 3.778e-26 4.748e-25
2.818e-17 4.910e+52 6.249e+19 6.260e-38 4.118e-26 5.175e-25
3.162e-17 4.249e+52 6.807e+19 6.819e-38 4.486e-26 5.637e-25
3.548e-17 3.674e+52 7.410e+19 7.423e-38 4.883e-26 6.136e-25
3.981e-17 3.175e+52 8.062e+19 8.076e-38 5.312e-26 6.676e-25
4.467e-17 2.742e+52 8.766e+19 8.781e-38 5.776e-26 7.259e-25
5.012e-17 2.367e+52 9.526e+19 9.542e-38 6.277e-26 7.888e-25
5.623e-17 2.042e+52 1.035e+20 1.036e-37 6.818e-26 8.568e-25
6.310e-17 1.761e+52 1.123e+20 1.125e-37 7.401e-26 9.300e-25
7.079e-17 1.518e+52 1.219e+20 1.221e-37 8.030e-26 1.009e-24
7.943e-17 1.307e+52 1.321e+20 1.324e-37 8.707e-26 1.094e-24
8.913e-17 1.125e+52 1.432e+20 1.435e-37 9.437e-26 1.186e-24
1.000e-16 9.684e+51 1.551e+20 1.554e-37 1.022e-25 1.285e-24
1.122e-16 8.329e+51 1.680e+20 1.683e-37 1.107e-25 1.391e-24
1.259e-16 7.160e+51 1.818e+20 1.821e-37 1.198e-25 1.506e-24
1.413e-16 6.153e+51 1.967e+20 1.970e-37 1.296e-25 1.629e-24
1.585e-16 5.285e+51 2.127e+20 2.130e-37 1.402e-25 1.761e-24
1.778e-16 4.538e+51 2.299e+20 2.303e-37 1.515e-25 1.904e-24
1.995e-16 3.894e+51 2.484e+20 2.488e-37 1.637e-25 2.057e-24
2.239e-16 3.341e+51 2.683e+20 2.687e-37 1.768e-25 2.222e-24
2.512e-16 2.865e+51 2.897e+20 2.902e-37 1.909e-25 2.399e-24
2.818e-16 2.457e+51 3.126e+20 3.132e-37 2.060e-25 2.589e-24
3.162e-16 2.105e+51 3.373e+20 3.379e-37 2.223e-25 2.793e-24
3.548e-16 1.804e+51 3.639e+20 3.645e-37 2.398e-25 3.013e-24
3.981e-16 1.545e+51 3.924e+20 3.930e-37 2.586e-25 3.249e-24
4.467e-16 1.323e+51 4.230e+20 4.237e-37 2.788e-25 3.503e-24
5.012e-16 1.133e+51 4.559e+20 4.567e-37 3.004e-25 3.776e-24
5.623e-16 9.697e+50 4.913e+20 4.921e-37 3.238e-25 4.068e-24
6.310e-16 8.299e+50 5.293e+20 5.302e-37 3.488e-25 4.383e-24
7.079e-16 7.100e+50 5.702e+20 5.711e-37 3.757e-25 4.721e-24
7.943e-16 6.074e+50 6.140e+20 6.151e-37 4.046e-25 5.085e-24
8.913e-16 5.195e+50 6.612e+20 6.623e-37 4.357e-25 5.475e-24
1.000e-15 4.443e+50 7.119e+20 7.131e-37 4.691e-25 5.895e-24
1.122e-15 3.799e+50 7.663e+20 7.676e-37 5.050e-25 6.346e-24
1.259e-15 3.248e+50 8.248e+20 8.262e-37 5.435e-25 6.830e-24
1.413e-15 2.777e+50 8.877e+20 8.892e-37 5.849e-25 7.351e-24
1.585e-15 2.374e+50 9.552e+20 9.569e-37 6.295e-25 7.910e-24
1.778e-15 2.029e+50 1.028e+21 1.030e-36 6.773e-25 8.511e-24
1.995e-15 1.734e+50 1.106e+21 1.108e-36 7.287e-25 9.157e-24
2.239e-15 1.481e+50 1.190e+21 1.192e-36 7.839e-25 9.850e-24
2.512e-15 1.266e+50 1.280e+21 1.282e-36 8.432e-25 1.060e-23
2.818e-15 1.081e+50 1.376e+21 1.379e-36 9.068e-25 1.140e-23
3.162e-15 9.237e+49 1.480e+21 1.482e-36 9.752e-25 1.226e-23
3.548e-15 7.890e+49 1.591e+21 1.594e-36 1.049e-24 1.318e-23
3.981e-15 6.738e+49 1.711e+21 1.714e-36 1.127e-24 1.417e-23
4.467e-15 5.754e+49 1.839e+21 1.842e-36 1.212e-24 1.523e-23
5.012e-15 4.912e+49 1.977e+21 1.980e-36 1.303e-24 1.637e-23
5.623e-15 4.194e+49 2.125e+21 2.128e-36 1.400e-24 1.759e-23
6.310e-15 3.579e+49 2.283e+21 2.287e-36 1.504e-24 1.890e-23
7.079e-15 3.054e+49 2.453e+21 2.457e-36 1.616e-24 2.031e-23
7.943e-15 2.606e+49 2.635e+21 2.639e-36 1.736e-24 2.182e-23
8.913e-15 2.223e+49 2.829e+21 2.834e-36 1.864e-24 2.343e-23
1.000e-14 1.896e+49 3.038e+21 3.043e-36 2.002e-24 2.515e-23
1.122e-14 1.617e+49 3.261e+21 3.266e-36 2.149e-24 2.700e-23
1.259e-14 1.378e+49 3.500e+21 3.506e-36 2.306e-24 2.898e-23
1.413e-14 1.175e+49 3.755e+21 3.761e-36 2.474e-24 3.109e-23
1.585e-14 1.001e+49 4.028e+21 4.035e-36 2.654e-24 3.335e-23
1.778e-14 8.525e+48 4.319e+21 4.327e-36 2.846e-24 3.577e-23
1.995e-14 7.260e+48 4.630e+21 4.638e-36 3.051e-24 3.834e-23
2.239e-14 6.180e+48 4.963e+21 4.971e-36 3.270e-24 4.109e-23
2.512e-14 5.260e+48 5.317e+21 5.326e-36 3.504e-24 4.403e-23
2.818e-14 4.475e+48 5.695e+21 5.705e-36 3.753e-24 4.716e-23
3.162e-14 3.806e+48 6.098e+21 6.108e-36 4.018e-24 5.049e-23
3.548e-14 3.236e+48 6.527e+21 6.538e-36 4.301e-24 5.405e-23
3.981e-14 2.750e+48 6.983e+21 6.995e-36 4.602e-24 5.783e-23
4.467e-14 2.337e+48 7.469e+21 7.482e-36 4.922e-24 6.185e-23
5.012e-14 1.984e+48 7.986e+21 8.000e-36 5.263e-24 6.613e-23
5.623e-14 1.685e+48 8.535e+21 8.550e-36 5.624e-24 7.068e-23
6.310e-14 1.430e+48 9.119e+21 9.134e-36 6.009e-24 7.551e-23
7.079e-14 1.213e+48 9.738e+21 9.755e-36 6.417e-24 8.064e-23
7.943e-14 1.028e+48 1.040e+22 1.041e-35 6.850e-24 8.608e-23
8.913e-14 8.716e+47 1.109e+22 1.111e-35 7.309e-24 9.185e-23
1.000e-13 7.384e+47 1.183e+22 1.185e-35 7.795e-24 9.796e-23
1.122e-13 6.253e+47 1.261e+22 1.263e-35 8.311e-24 1.044e-22
1.259e-13 5.292e+47 1.344e+22 1.346e-35 8.856e-24 1.113e-22
1.413e-13 4.477e+47 1.431e+22 1.434e-35 9.432e-24 1.185e-22
1.585e-13 3.786e+47 1.524e+22 1.526e-35 1.004e-23 1.262e-22
1.778e-13 3.200e+47 1.621e+22 1.624e-35 1.068e-23 1.343e-22
1.995e-13 2.703e+47 1.724e+22 1.727e-35 1.136e-23 1.428e-22
2.239e-13 2.283e+47 1.833e+22 1.836e-35 1.208e-23 1.518e-22
2.512e-13 1.926e+47 1.947e+22 1.951e-35 1.283e-23 1.613e-22
2.818e-13 1.625e+47 2.068e+22 2.071e-35 1.363e-23 1.712e-22
3.162e-13 1.370e+47 2.195e+22 2.198e-35 1.446e-23 1.817e-22
3.548e-13 1.154e+47 2.328e+22 2.332e-35 1.534e-23 1.927e-22
3.981e-13 9.718e+46 2.468e+22 2.472e-35 1.626e-23 2.043e-22
4.467e-13 8.178e+46 2.614e+22 2.619e-35 1.723e-23 2.165e-22
5.012e-13 6.878e+46 2.768e+22 2.773e-35 1.824e-23 2.292e-22
5.623e-13 5.782e+46 2.929e+22 2.934e-35 1.930e-23 2.426e-22
6.310e-13 4.857e+46 3.098e+22 3.103e-35 2.041e-23 2.565e-22
7.079e-13 4.077e+46 3.274e+22 3.280e-35 2.157e-23 2.711e-22
7.943e-13 3.421e+46 3.458e+22 3.464e-35 2.279e-23 2.864e-22
8.913e-13 2.868e+46 3.650e+22 3.656e-35 2.405e-23 3.023e-22
1.000e-12 2.403e+46 3.850e+22 3.857e-35 2.537e-23 3.188e-22
1.122e-12 2.012e+46 4.059e+22 4.065e-35 2.674e-23 3.361e-22
1.259e-12 1.684e+46 4.275e+22 4.283e-35 2.817e-23 3.540e-22
1.413e-12 1.408e+46 4.500e+22 4.508e-35 2.965e-23 3.727e-22
1.585e-12 1.176e+46 4.734e+22 4.742e-35 3.119e-23 3.920e-22
1.778e-12 9.821e+45 4.976e+22 4.984e-35 3.279e-23 4.120e-22
1.995e-12 8.193e+45 5.226e+22 5.235e-35 3.444e-23 4.327e-22
2.239e-12 6.830e+45 5.485e+22 5.494e-35 3.614e-23 4.542e-22
2.512e-12 5.690e+45 5.752e+22 5.762e-35 3.790e-23 4.763e-22
2.818e-12 4.736e+45 6.027e+22 6.037e-35 3.972e-23 4.991e-22
3.162e-12 3.939e+45 6.310e+22 6.321e-35 4.158e-23 5.225e-22
3.548e-12 3.273e+45 6.602e+22 6.613e-35 4.350e-23 5.467e-22
3.981e-12 2.717e+45 6.900e+22 6.912e-35 4.547e-23 5.714e-22
4.467e-12 2.254e+45 7.207e+22 7.219e-35 4.749e-23 5.968e-22
5.012e-12 1.868e+45 7.520e+22 7.532e-35 4.955e-23 6.227e-22
5.623e-12 1.547e+45 7.839e+22 7.853e-35 5.166e-23 6.492e-22
6.310e-12 1.280e+45 8.165e+22 8.179e-35 5.381e-23 6.761e-22
7.079e-12 1.058e+45 8.497e+22 8.511e-35 5.599e-23 7.036e-22
7.943e-12 8.738e+44 8.833e+22 8.848e-35 5.821e-23 7.314e-22
8.913e-12 7.209e+44 9.174e+22 9.190e-35 6.045e-23 7.597e-22
1.000e-11 5.941e+44 9.519e+22 9.535e-35 6.272e-23 7.882e-22
1.122e-11 4.891e+44 9.866e+22 9.883e-35 6.501e-23 8.170e-22
1.259e-11 4.023e+44 1.022e+23 1.023e-34 6.732e-23 8.460e-22
1.413e-11 3.306e+44 1.057e+23 1.058e-34 6.963e-23 8.750e-22
1.585e-11 2.713e+44 1.092e+23 1.094e-34 7.195e-23 9.041e-22
1.778e-11 2.224e+44 1.127e+23 1.129e-34 7.426e-23 9.332e-22
1.995e-11 1.821e+44 1.162e+23 1.164e-34 7.656e-23 9.621e-22
2.239e-11 1.490e+44 1.196e+23 1.198e-34 7.884e-23 9.907e-22
2.512e-11 1.217e+44 1.231e+23 1.233e-34 8.109e-23 1.019e-21
2.818e-11 9.935e+43 1.264e+23 1.266e-34 8.331e-23 1.047e-21
3.162e-11 8.098e+43 1.297e+23 1.300e-34 8.549e-23 1.074e-21
3.548e-11 6.592e+43 1.330e+23 1.332e-34 8.762e-23 1.101e-21
3.981e-11 5.360e+43 1.361e+23 1.363e-34 8.968e-23 1.127e-21
4.467e-11 4.352e+43 1.391e+23 1.394e-34 9.168e-23 1.152e-21
5.012e-11 3.529e+43 1.420e+23 1.423e-34 9.359e-23 1.176e-21
5.623e-11 2.858e+43 1.448e+23 1.450e-34 9.542e-23 1.199e-21
6.310e-11 2.311e+43 1.474e+23 1.477e-34 9.715e-23 1.221e-21
7.079e-11 1.867e+43 1.499e+23 1.501e-34 9.877e-23 1.241e-21
7.943e-11 1.505e+43 1.522e+23 1.524e-34 1.003e-22 1.260e-21
8.913e-11 1.212e+43 1.543e+23 1.545e-34 1.017e-22 1.277e-21
1.000e-10 9.747e+42 1.562e+23 1.564e-34 1.029e-22 1.293e-21
1.122e-10 7.825e+42 1.578e+23 1.581e-34 1.040e-22 1.307e-21
1.259e-10 6.272e+42 1.593e+23 1.595e-34 1.050e-22 1.319e-21
1.413e-10 5.020e+42 1.605e+23 1.607e-34 1.057e-22 1.329e-21
1.585e-10 4.011e+42 1.614e+23 1.617e-34 1.064e-22 1.337e-21
1.778e-10 3.199e+42 1.621e+23 1.624e-34 1.068e-22 1.342e-21
1.995e-10 2.548e+42 1.625e+23 1.628e-34 1.071e-22 1.346e-21
2.239e-10 2.025e+42 1.626e+23 1.629e-34 1.072e-22 1.347e-21
2.512e-10 1.607e+42 1.625e+23 1.627e-34 1.071e-22 1.345e-21
2.818e-10 1.273e+42 1.620e+23 1.623e-34 1.067e-22 1.341e-21
3.162e-10 1.006e+42 1.612e+23 1.615e-34 1.062e-22 1.335e-21
3.548e-10 7.941e+41 1.602e+23 1.605e-34 1.056e-22 1.326e-21
3.981e-10 6.255e+41 1.588e+23 1.591e-34 1.047e-22 1.315e-21
4.467e-10 4.916e+41 1.572e+23 1.574e-34 1.036e-22 1.301e-21
5.012e-10 3.857e+41 1.552e+23 1.555e-34 1.023e-22 1.285e-21
5.623e-10 3.019e+41 1.530e+23 1.532e-34 1.008e-22 1.267e-21
6.310e-10 2.358e+41 1.504e+23 1.507e-34 9.912e-23 1.246e-21
7.079e-10 1.838e+41 1.476e+23 1.479e-34 9.727e-23 1.222e-21
7.943e-10 1.430e+41 1.445e+23 1.448e-34 9.523e-23 1.197e-21
8.913e-10 1.109e+41 1.412e+23 1.414e-34 9.303e-23 1.169e-21
1.000e-09 8.588e+40 1.376e+23 1.378e-34 9.067e-23 1.139e-21
1.122e-09 6.633e+40 1.338e+23 1.340e-34 8.816e-23 1.108e-21
1.259e-09 5.111e+40 1.298e+23 1.300e-34 8.551e-23 1.075e-21
1.413e-09 3.928e+40 1.256e+23 1.258e-34 8.274e-23 1.040e-21
1.585e-09 3.011e+40 1.212e+23 1.214e-34 7.985e-23 1.003e-21
1.778e-09 2.302e+40 1.166e+23 1.168e-34 7.686e-23 9.659e-22
1.995e-09 1.756e+40 1.120e+23 1.122e-34 7.379e-23 9.272e-22
2.239e-09 1.335e+40 1.072e+23 1.074e-34 7.064e-23 8.877e-22
2.512e-09 1.012e+40 1.023e+23 1.025e-34 6.744e-23 8.475e-22
2.818e-09 7.656e+39 9.743e+22 9.760e-35 6.420e-23 8.068e-22
3.162e-09 5.772e+39 9.248e+22 9.264e-35 6.094e-23 7.658e-22
3.548e-09 4.339e+39 8.752e+22 8.767e-35 5.767e-23 7.247e-22
3.981e-09 3.252e+39 8.257e+22 8.271e-35 5.441e-23 6.837e-22
4.467e-09 2.429e+39 7.765e+22 7.778e-35 5.117e-23 6.430e-22
5.012e-09 1.809e+39 7.279e+22 7.291e-35 4.796e-23 6.027e-22
5.623e-09 1.342e+39 6.801e+22 6.812e-35 4.481e-23 5.631e-22
6.310e-09 9.928e+38 6.332e+22 6.343e-35 4.173e-23 5.244e-22
7.079e-09 7.317e+38 5.876e+22 5.886e-35 3.872e-23 4.865e-22
7.943e-09 5.374e+38 5.433e+22 5.442e-35 3.580e-23 4.498e-22
8.913e-09 3.932e+38 5.004e+22 5.013e-35 3.298e-23 4.144e-22
1.000e-08 2.867e+38 4.593e+22 4.601e-35 3.026e-23 3.803e-22
1.122e-08 2.082e+38 4.199e+22 4.206e-35 2.767e-23 3.477e-22
1.259e-08 1.506e+38 3.823e+22 3.830e-35 2.519e-23 3.166e-22
1.413e-08 1.085e+38 3.467e+22 3.473e-35 2.285e-23 2.871e-22
1.585e-08 7.781e+37 3.132e+22 3.137e-35 2.064e-23 2.593e-22
1.778e-08 5.558e+37 2.816e+22 2.821e-35 1.856e-23 2.332e-22
1.995e-08 3.953e+37 2.521e+22 2.526e-35 1.662e-23 2.088e-22
2.239e-08 2.799e+37 2.247e+22 2.251e-35 1.481e-23 1.861e-22
2.512e-08 1.972e+37 1.994e+22 1.997e-35 1.314e-23 1.651e-22
2.818e-08 1.383e+37 1.761e+22 1.764e-35 1.160e-23 1.458e-22
3.162e-08 9.656e+36 1.547e+22 1.550e-35 1.019e-23 1.281e-22
3.548e-08 6.705e+36 1.353e+22 1.355e-35 8.912e-24 1.120e-22
3.981e-08 4.633e+36 1.176e+22 1.178e-35 7.752e-24 9.741e-23
4.467e-08 3.184e+36 1.018e+22 1.020e-35 6.707e-24 8.428e-23
5.012e-08 2.176e+36 8.758e+21 8.773e-36 5.771e-24 7.252e-23
5.623e-08 1.479e+36 7.494e+21 7.506e-36 4.938e-24 6.205e-23
6.310e-08 9.995e+35 6.375e+21 6.386e-36 4.201e-24 5.279e-23
7.079e-08 6.714e+35 5.392e+21 5.401e-36 3.553e-24 4.465e-23
7.943e-08 4.483e+35 4.532e+21 4.540e-36 2.986e-24 3.753e-23
8.913e-08 2.975e+35 3.786e+21 3.792e-36 2.495e-24 3.135e-23
1.000e-07 1.961e+35 3.142e+21 3.147e-36 2.070e-24 2.602e-23
1.122e-07 1.284e+35 2.590e+21 2.595e-36 1.707e-24 2.145e-23
1.259e-07 8.353e+34 2.121e+21 2.125e-36 1.398e-24 1.756e-23
1.413e-07 5.395e+34 1.725e+21 1.728e-36 1.136e-24 1.428e-23
1.585e-07 3.459e+34 1.392e+21 1.395e-36 9.174e-25 1.153e-23
1.778e-07 2.202e+34 1.115e+21 1.117e-36 7.350e-25 9.237e-24
1.995e-07 1.390e+34 8.869e+20 8.884e-37 5.844e-25 7.344e-24
2.239e-07 8.712e+33 6.996e+20 7.008e-37 4.610e-25 5.793e-24
2.512e-07 5.415e+33 5.474e+20 5.483e-37 3.607e-25 4.533e-24
2.818e-07 3.337e+33 4.247e+20 4.254e-37 2.799e-25 3.517e-24
3.162e-07 2.039e+33 3.267e+20 3.272e-37 2.153e-25 2.705e-24
3.548e-07 1.235e+33 2.491e+20 2.495e-37 1.641e-25 2.062e-24
3.981e-07 7.409e+32 1.881e+20 1.884e-37 1.240e-25 1.558e-24
4.467e-07 4.403e+32 1.408e+20 1.410e-37 9.276e-26 1.166e-24
5.012e-07 2.592e+32 1.043e+20 1.045e-37 6.873e-26 8.637e-25
5.623e-07 1.510e+32 7.651e+19 7.664e-38 5.042e-26 6.336e-25
6.310e-07 8.708e+31 5.554e+19 5.564e-38 3.660e-26 4.599e-25
7.079e-07 4.967e+31 3.989e+19 3.996e-38 2.628e-26 3.303e-25
7.943e-07 2.803e+31 2.833e+19 2.838e-38 1.867e-26 2.346e-25
8.913e-07 1.563e+31 1.989e+19 1.993e-38 1.311e-26 1.647e-25
1.000e-06 8.616e+30 1.380e+19 1.383e-38 9.096e-27 1.143e-25
1.122e-06 4.692e+30 9.463e+18 9.479e-39 6.236e-27 7.836e-26
1.259e-06 2.523e+30 6.406e+18 6.417e-39 4.221e-27 5.305e-26
1.413e-06 1.339e+30 4.280e+18 4.288e-39 2.821e-27 3.545e-26
1.585e-06 7.012e+29 2.822e+18 2.827e-39 1.860e-27 2.337e-26
1.778e-06 3.622e+29 1.835e+18 1.838e-39 1.209e-27 1.519e-26
1.995e-06 1.844e+29 1.176e+18 1.178e-39 7.750e-28 9.739e-27
2.239e-06 9.250e+28 7.428e+17 7.440e-40 4.894e-28 6.151e-27
2.512e-06 4.570e+28 4.620e+17 4.628e-40 3.044e-28 3.825e-27
2.818e-06 2.222e+28 2.828e+17 2.833e-40 1.864e-28 2.342e-27
3.162e-06 1.063e+28 1.703e+17 1.706e-40 1.122e-28 1.411e-27
3.548e-06 5.001e+27 1.009e+17 1.010e-40 6.647e-29 8.353e-28
3.981e-06 2.312e+27 5.871e+16 5.881e-41 3.868e-29 4.861e-28
4.467e-06 1.050e+27 3.355e+16 3.361e-41 2.211e-29 2.778e-28
5.012e-06 4.677e+26 1.882e+16 1.885e-41 1.240e-29 1.559e-28
5.623e-06 2.044e+26 1.036e+16 1.037e-41 6.825e-30 8.576e-29
6.310e-06 8.758e+25 5.586e+15 5.596e-42 3.681e-30 4.626e-29
7.079e-06 3.675e+25 2.951e+15 2.956e-42 1.945e-30 2.444e-29
7.943e-06 1.510e+25 1.526e+15 1.529e-42 1.006e-30 1.264e-29
8.913e-06 6.067e+24 7.721e+14 7.734e-43 5.088e-31 6.393e-30
1.000e-05 2.382e+24 3.817e+14 3.824e-43 2.515e-31 3.161e-30
1.122e-05 9.137e+23 1.843e+14 1.846e-43 1.214e-31 1.526e-30
1.259e-05 3.419e+23 8.682e+13 8.697e-44 5.721e-32 7.189e-31
1.413e-05 1.247e+23 3.987e+13 3.994e-44 2.627e-32 3.302e-31
1.585e-05 4.432e+22 1.784e+13 1.787e-44 1.175e-32 1.477e-31
1.778e-05 1.532e+22 7.764e+12 7.778e-45 5.116e-33 6.429e-32
1.995e-05 5.152e+21 3.286e+12 3.292e-45 2.165e-33 2.721e-32
2.239e-05 1.682e+21 1.350e+12 1.353e-45 8.898e-34 1.118e-32
2.512e-05 5.327e+20 5.385e+11 5.394e-46 3.548e-34 4.459e-33
2.818e-05 1.634e+20 2.080e+11 2.083e-46 1.370e-34 1.722e-33
3.162e-05 4.856e+19 7.780e+10 7.793e-47 5.127e-35 6.442e-34
3.548e-05 1.394e+19 2.811e+10 2.816e-47 1.852e-35 2.328e-34
3.981e-05 3.866e+18 9.818e+09 9.834e-48 6.469e-36 8.130e-35
4.467e-05 1.033e+18 3.301e+09 3.307e-48 2.175e-36 2.734e-35
5.012e-05 2.661e+17 1.071e+09 1.073e-48 7.057e-37 8.869e-36
5.623e-05 6.576e+16 3.332e+08 3.337e-49 2.195e-37 2.759e-36
6.310e-05 1.566e+16 9.985e+07 1.000e-49 6.580e-38 8.269e-37
7.079e-05 3.555e+15 2.855e+07 2.859e-50 1.881e-38 2.364e-37
7.943e-05 7.773e+14 7.858e+06 7.872e-51 5.178e-39 6.507e-38
8.913e-05 1.609e+14 2.048e+06 2.052e-51 1.350e-39 1.696e-38
1.000e-04 3.213e+13 5.148e+05 5.157e-52 3.392e-40 4.263e-39
1.122e-04 6.009e+12 1.212e+05 1.214e-52 7.987e-41 1.004e-39
1.259e-04 1.088e+12 2.764e+04 2.768e-53 1.821e-41 2.288e-40
1.413e-04 1.818e+11 5.811e+03 5.821e-54 3.829e-42 4.812e-41
1.585e-04 2.967e+10 1.194e+03 1.196e-54 7.869e-43 9.889e-42
1.778e-04 4.364e+09 2.211e+02 2.215e-55 1.457e-43 1.831e-42
1.995e-04 6.376e+08 4.067e+01 4.074e-56 2.680e-44 3.368e-43
2.239e-04 8.120e+07 6.520e+00 6.532e-57 4.297e-45 5.399e-44
2.512e-04 1.053e+07 1.065e+00 1.066e-57 7.016e-46 8.816e-45
2.818e-04 1.139e+06 1.450e-01 1.452e-58 9.554e-47 1.201e-45
3.162e-04 1.297e+05 2.078e-02 2.081e-59 1.369e-47 1.721e-46
3.548e-04 1.170e+04 2.359e-03 2.363e-60 1.554e-48 1.953e-47
3.981e-04 1.148e+03 2.915e-04 2.920e-61 1.921e-49 2.414e-48
4.467e-04 8.520e+01 2.724e-05 2.728e-62 1.795e-50 2.255e-49
5.012e-04 7.006e+00 2.820e-06 2.824e-63 1.858e-51 2.335e-50
5.623e-04 4.276e-01 2.166e-07 2.170e-64 1.427e-52 1.794e-51
6.310e-04 2.816e-02 1.796e-08 1.799e-65 1.184e-53 1.488e-52
7.079e-04 1.436e-03 1.153e-09 1.155e-66 7.600e-55 9.550e-54
7.943e-04 7.119e-05 7.197e-11 7.209e-68 4.742e-56 5.960e-55
8.913e-04 3.123e-06 3.975e-12 3.981e-69 2.619e-57 3.291e-56
1.000e-03 1.075e-07 1.722e-13 1.725e-70 1.135e-58 1.426e-57
1.122e-03 4.197e-09 8.465e-15 8.479e-72 5.578e-60 7.010e-59
1.259e-03 9.021e-11 2.291e-16 2.295e-73 1.509e-61 1.897e-60
1.413e-03 3.248e-12 1.038e-17 1.040e-74 6.841e-63 8.597e-62
1.585e-03 3.802e-14 1.530e-19 1.533e-76 1.008e-64 1.267e-63
1.778e-03 1.303e-15 6.602e-21 6.613e-78 4.351e-66 5.467e-65
1.995e-03 7.087e-18 4.520e-23 4.528e-80 2.979e-68 3.743e-67
2.239e-03 2.369e-19 1.902e-24 1.905e-81 1.253e-69 1.575e-68
2.512e-03 5.092e-22 5.147e-27 5.156e-84 3.392e-72 4.262e-71
2.818e-03 1.684e-23 2.143e-28 2.147e-85 1.412e-73 1.774e-72
3.162e-03 1.222e-26 1.958e-31 1.961e-88 1.290e-76 1.621e-75
3.548e-03 4.020e-28 8.108e-33 8.121e-90 5.343e-78 6.714e-77
3.981e-03 0.000e+00 0.000e+00 0.000e+00 0.000e+00 0.000e+00
4.467e-03 0.000e+00 0.000e+00 0.000e+00 0.000e+00 0.000e+00
5.012e-03 0.000e+00 0.000e+00 0.000e+00 0.000e+00 0.000e+00
5.623e-03 0.000e+00 0.000e+00 0.000e+00 0.000e+00 0.000e+00
6.310e-03 0.000e+00 0.000e+00 0.000e+00 0.000e+00 0.000e+00
7.079e-03 0.000e+00 0.000e+00 0.000e+00 0.000e+00 0.000e+00
7.943e-03 0.000e+00 0.000e+00 0.000e+00 0.000e+00 0.000e+00
8.913e-03 0.000e+00 0.000e+00 0.000e+00 0.000e+00 0.000e+00
1.000e-02 0.000e+00 0.000e+00 0.000e+00 0.000e+00 0.000e+00
1.122e-02 0.000e+00 0.000e+00 0.000e+00 0.000e+00 0.000e+00
1.259e-02 0.000e+00 0.000e+00 0.000e+00 0.000e+00 0.000e+00
1.413e-02 0.000e+00 0.000e+00 0.000e+00 0.000e+00 0.000e+00
1.585e-02 0.000e+00 0.000e+00 0.000e+00 0.000e+00 0.000e+00
1.778e-02 0.000e+00 0.000e+00 0.000e+00 0.000e+00 0.000e+00
1.995e-02 0.000e+00 0.000e+00 0.000e+00 0.000e+00 0.000e+00
2.239e-02 0.000e+00 0.000e+00 0.000e+00 0.000e+00 0.000e+00
2.512e-02 0.000e+00 0.000e+00 0.000e+00 0.000e+00 0.000e+00
2.818e-02 0.000e+00 0.000e+00 0.000e+00 0.000e+00 0.000e+00
3.162e-02 0.000e+00 0.000e+00 0.000e+00 0.000e+00 0.000e+00
3.548e-02 0.000e+00 0.000e+00 0.000e+00 0.000e+00 0.000e+00
3.981e-02 0.000e+00 0.000e+00 0.000e+00 0.000e+00 0.000e+00
4.467e-02 0.000e+00 0.000e+00 0.000e+00 0.000e+00 0.000e+00
5.012e-02 0.000e+00 0.000e+00 0.000e+00 0.000e+00 0.000e+00
5.623e-02 0.000e+00 0.000e+00 0.000e+00 0.000e+00 0.000e+00
6.310e-02 0.000e+00 0.000e+00 0.000e+00 0.000e+00 0.000e+00
7.079e-02 0.000e+00 0.000e+00 0.000e+00 0.000e+00 0.000e+00
7.943e-02 0.000e+00 0.000e+00 0.000e+00 0.000e+00 0.000e+00
8.913e-02 0.000e+00 0.000e+00 0.000e+00 0.000e+00 0.000e+00
1.000e-01 0.000e+00 0.000e+00 0.000e+00 0.000e+00 0.000e+00
1.122e-01 0.000e+00 0.000e+00 0.000e+00 0.000e+00 0.000e+00
1.259e-01 0.000e+00 0.000e+00 0.000e+00 0.000e+00 0.000e+00
1.413e-01 0.000e+00 0.000e+00 0.000e+00 0.000e+00 0.000e+00
1.585e-01 0.000e+00 0.000e+00 0.000e+00 0.000e+00 0.000e+00
1.778e-01 0.000e+00 0.000e+00 0.000e+00 0.000e+00 0.000e+00
1.995e-01 0.000e+00 0.000e+00 0.000e+00 0.000e+00 0.000e+00
2.239e-01 0.000e+00 0.000e+00 0.000e+00 0.000e+00 0.000e+00
2.512e-01 0.000e+00 0.000e+00 0.000e+00 0.000e+00 0.000e+00
2.818e-01 0.000e+00 0.000e+00 0.000e+00 0.000e+00 0.000e+00
3.162e-01 0.000e+00 0.000e+00 0.000e+00 0.000e+00 0.000e+00
3.548e-01 0.000e+00 0.000e+00 0.000e+00 0.000e+00 0.000e+00
3.981e-01 0.000e+00 0.000e+00 0.000e+00 0.000e+00 0.000e+00
4.467e-01 0.000e+00 0.000e+00 0.000e+00 0.000e+00 0.000e+00
5.012e-01 0.000e+00 0.000e+00 0.000e+00 0.000e+00 0.000e+00
5.623e-01 0.000e+00 0.000e+00 0.000e+00 0.000e+00 0.000e+00
6.310e-01 0.000e+00 0.000e+00 0.000e+00 0.000e+00 0.000e+00
7.079e-01 0.000e+00 0.000e+00 0.000e+00 0.000e+00 0.000e+00
7.943e-01 0.000e+00 0.000e+00 0.000e+00 0.000e+00 0.000e+00
8.913e-01 0.000e+00 0.000e+00 0.000e+00 0.000e+00 0.000e+00
1.000e+00 0.000e+00 0.000e+00 0.000e+00 0.000e+00 0.000e+00
1.122e+00 0.000e+00 0.000e+00 0.000e+00 0.000e+00 0.000e+00
1.259e+00 0.000e+00 0.000e+00 0.000e+00 0.000e+00 0.000e+00
1.413e+00 0.000e+00 0.000e+00 0.000e+00 0.000e+00 0.000e+00
1.585e+00 0.000e+00 0.000e+00 0.000e+00 0.000e+00 0.000e+00
1.778e+00 0.000e+00 0.000e+00 0.000e+00 0.000e+00 0.000e+00
1.995e+00 0.000e+00 0.000e+00 0.000e+00 0.000e+00 0.000e+00
2.239e+00 0.000e+00 0.000e+00 0.000e+00 0.000e+00 0.000e+00
2.512e+00 0.000e+00 0.000e+00 0.000e+00 0.000e+00 0.000e+00
2.818e+00 0.000e+00 0.000e+00 0.000e+00 0.000e+00 0.000e+00
3.162e+00 0.000e+00 0.000e+00 0.000e+00 0.000e+00 0.000e+00
3.548e+00 0.000e+00 0.000e+00 0.000e+00 0.000e+00 0.000e+00
3.981e+00 0.000e+00 0.000e+00 0.000e+00 0.000e+00 0.000e+00
4.467e+00 0.000e+00 0.000e+00 0.000e+00 0.000e+00 0.000e+00
5.012e+00 0.000e+00 0.000e+00 0.000e+00 0.000e+00 0.000e+00
5.623e+00 0.000e+00 0.000e+00 0.000e+00 0.000e+00 0.000e+00
6.310e+00 0.000e+00 0.000e+00 0.000e+00 0.000e+00 0.000e+00
7.079e+00 0.000e+00 0.000e+00 0.000e+00 0.000e+00 0.000e+00
7.943e+00 0.000e+00 0.000e+00 0.000e+00 0.000e+00 0.000e+00
8.913e+00 0.000e+00 0.000e+00 0.000e+00 0.000e+00 0.000e+00
1.000e+01 0.000e+00 0.000e+00 0.000e+00 0.000e+00 0.000e+00
1.122e+01 0.000e+00 0.000e+00 0.000e+00 0.000e+00 0.000e+00
1.259e+01 0.000e+00 0.000e+00 0.000e+00 0.000e+00 0.000e+00
1.413e+01 0.000e+00 0.000e+00 0.000e+00 0.000e+00 0.000e+00
1.585e+01 0.000e+00 0.000e+00 0.000e+00 0.000e+00 0.000e+00
1.778e+01 0.000e+00 0.000e+00 0.000e+00 0.000e+00 0.000e+00
1.995e+01 0.000e+00 0.000e+00 0.000e+00 0.000e+00 0.000e+00
2.239e+01 0.000e+00 0.000e+00 0.000e+00 0.000e+00 0.000e+00
2.512e+01 0.000e+00 0.000e+00 0.000e+00 0.000e+00 0.000e+00
2.818e+01 0.000e+00 0.000e+00 0.000e+00 0.000e+00 0.000e+00
3.162e+01 0.000e+00 0.000e+00 0.000e+00 0.000e+00 0.000e+00
3.548e+01 0.000e+00 0.000e+00 0.000e+00 0.000e+00 0.000e+00
3.981e+01 0.000e+00 0.000e+00 0.000e+00 0.000e+00 0.000e+00
4.467e+01 0.000e+00 0.000e+00 0.000e+00 0.000e+00 0.000e+00
5.012e+01 0.000e+00 0.000e+00 0.000e+00 0.000e+00 0.000e+00
5.623e+01 0.000e+00 0.000e+00 0.000e+00 0.000e+00 0.000e+00
6.310e+01 0.000e+00 0.000e+00 0.000e+00 0.000e+00 0.000e+00
7.079e+01 0.000e+00 0.000e+00 0.000e+00 0.000e+00 0.000e+00
7.943e+01 0.000e+00 0.000e+00 0.000e+00 0.000e+00 0.000e+00
8.913e+01 0.000e+00 0.000e+00 0.000e+00 0.000e+00 0.000e+00
1.000e+02 0.000e+00 0.000e+00 0.000e+00 0.000e+00 0.000e+00
1.122e+02 0.000e+00 0.000e+00 0.000e+00 0.000e+00 0.000e+00
1.259e+02 0.000e+00 0.000e+00 0.000e+00 0.000e+00 0.000e+00
1.413e+02 0.000e+00 0.000e+00 0.000e+00 0.000e+00 0.000e+00
1.585e+02 0.000e+00 0.000e+00 0.000e+00 0.000e+00 0.000e+00
1.778e+02 0.000e+00 0.000e+00 0.000e+00 0.000e+00 0.000e+00
1.995e+02 0.000e+00 0.000e+00 0.000e+00 0.000e+00 0.000e+00
2.239e+02 0.000e+00 0.000e+00 0.000e+00 0.000e+00 0.000e+00
2.512e+02 0.000e+00 0.000e+00 0.000e+00 0.000e+00 0.000e+00
2.818e+02 0.000e+00 0.000e+00 0.000e+00 0.000e+00 0.000e+00
3.162e+02 0.000e+00 0.000e+00 0.000e+00 0.000e+00 0.000e+00
3.548e+02 0.000e+00 0.000e+00 0.000e+00 0.000e+00 0.000e+00
3.981e+02 0.000e+00 0.000e+00 0.000e+00 0.000e+00 0.000e+00
4.467e+02 0.000e+00 0.000e+00 0.000e+00 0.000e+00 0.000e+00
5.012e+02 0.000e+00 0.000e+00 0.000e+00 0.000e+00 0.000e+00
5.623e+02 0.000e+00 0.000e+00 0.000e+00 0.000e+00 0.000e+00
6.310e+02 0.000e+00 0.000e+00 0.000e+00 0.000e+00 0.000e+00
7.079e+02 0.000e+00 0.000e+00 0.000e+00 0.000e+00 0.000e+00
7.943e+02 0.000e+00 0.000e+00 0.000e+00 0.000e+00 0.000e+00
8.913e+02 0.000e+00 0.000e+00 0.000e+00 0.000e+00 0.000e+00
1.000e+03 0.000e+00 0.000e+00 0.000e+00 0.000e+00 0.000e+00
1.122e+03 0.000e+00 0.000e+00 0.000e+00 0.000e+00 0.000e+00
1.259e+03 0.000e+00 0.000e+00 0.000e+00 0.000e+00 0.000e+00
1.413e+03 0.000e+00 0.000e+00 0.000e+00 0.000e+00 0.000e+00
1.585e+03 0.000e+00 0.000e+00 0.000e+00 0.000e+00 0.000e+00
1.778e+03 0.000e+00 0.000e+00 0.000e+00 0.000e+00 0.000e+00
1.995e+03 0.000e+00 0.000e+00 0.000e+00 0.000e+00 0.000e+00
2.239e+03 0.000e+00 0.000e+00 0.000e+00 0.000e+00 0.000e+00
2.512e+03 0.000e+00 0.000e+00 0.000e+00 0.000e+00 0.000e+00
2.818e+03 0.000e+00 0.000e+00 0.000e+00 0.000e+00 0.000e+00
3.162e+03 0.000e+00 0.000e+00 0.000e+00 0.000e+00 0.000e+00
3.548e+03 0.000e+00 0.000e+00 0.000e+00 0.000e+00 0.000e+00
3.981e+03 0.000e+00 0.000e+00 0.000e+00 0.000e+00 0.000e+00
4.467e+03 0.000e+00 0.000e+00 0.000e+00 0.000e+00 0.000e+00
5.012e+03 0.000e+00 0.000e+00 0.000e+00 0.000e+00 0.000e+00
5.623e+03 0.000e+00 0.000e+00 0.000e+00 0.000e+00 0.000e+00
6.310e+03 0.000e+00 0.000e+00 0.000e+00 0.000e+00 0.000e+00
7.079e+03 0.000e+00 0.000e+00 0.000e+00 0.000e+00 0.000e+00
7.943e+03 0.000e+00 0.000e+00 0.000e+00 0.000e+00 0.000e+00
8.913e+03 0.000e+00 0.000e+00 0.000e+00 0.000e+00 0.000e+00
1.000e+04 0.000e+00 0.000e+00 0.000e+00 0.000e+00 0.000e+00
1.122e+04 0.000e+00 0.000e+00 0.000e+00 0.000e+00 0.000e+00
1.259e+04 0.000e+00 0.000e+00 0.000e+00 0.000e+00 0.000e+00
1.413e+04 0.000e+00 0.000e+00 0.000e+00 0.000e+00 0.000e+00
1.585e+04 0.000e+00 0.000e+00 0.000e+00 0.000e+00 0.000e+00
1.778e+04 0.000e+00 0.000e+00 0.000e+00 0.000e+00 0.000e+00
1.995e+04 0.000e+00 0.000e+00 0.000e+00 0.000e+00 0.000e+00
2.239e+04 0.000e+00 0.000e+00 0.000e+00 0.000e+00 0.000e+00
2.512e+04 0.000e+00 0.000e+00 0.000e+00 0.000e+00 0.000e+00
2.818e+04 0.000e+00 0.000e+00 0.000e+00 0.000e+00 0.000e+00
3.162e+04 0.000e+00 0.000e+00 0.000e+00 0.000e+00 0.000e+00
3.548e+04 0.000e+00 0.000e+00 0.000e+00 0.000e+00 0.000e+00
3.981e+04 0.000e+00 0.000e+00 0.000e+00 0.000e+00 0.000e+00
4.467e+04 0.000e+00 0.000e+00 0.000e+00 0.000e+00 0.000e+00
5.012e+04 0.000e+00 0.000e+00 0.000e+00 0.000e+00 0.000e+00
5.623e+04 0.000e+00 0.000e+00 0.000e+00 0.000e+00 0.000e+00
6.310e+04 0.000e+00 0.000e+00 0.000e+00 0.000e+00 0.000e+00
7.079e+04 0.000e+00 0.000e+00 0.000e+00 0.000e+00 0.000e+00
7.943e+04 0.000e+00 0.000e+00 0.000e+00 0.000e+00 0.000e+00
8.913e+04 0.000e+00 0.000e+00 0.000e+00 0.000e+00 0.000e+00
1.000e+05 0.000e+00 0.000e+00 0.000e+00 0.000e+00 0.000e+00
1.122e+05 0.000e+00 0.000e+00 0.000e+00 0.000e+00 0.000e+00
1.259e+05 0.000e+00 0.000e+00 0.000e+00 0.000e+00 0.000e+00
1.413e+05 0.000e+00 0.000e+00 0.000e+00 0.000e+00 0.000e+00
1.585e+05 0.000e+00 0.000e+00 0.000e+00 0.000e+00 0.000e+00
1.778e+05 0.000e+00 0.000e+00 0.000e+00 0.000e+00 0.000e+00
1.995e+05 0.000e+00 0.000e+00 0.000e+00 0.000e+00 0.000e+00
2.239e+05 0.000e+00 0.000e+00 0.000e+00 0.000e+00 0.000e+00
2.512e+05 0.000e+00 0.000e+00 0.000e+00 0.000e+00 0.000e+00
2.818e+05 0.000e+00 0.000e+00 0.000e+00 0.000e+00 0.000e+00
3.162e+05 0.000e+00 0.000e+00 0.000e+00 0.000e+00 0.000e+00
3.548e+05 0.000e+00 0.000e+00 0.000e+00 0.000e+00 0.000e+00
3.981e+05 0.000e+00 0.000e+00 0.000e+00 0.000e+00 0.000e+00
4.467e+05 0.000e+00 0.000e+00 0.000e+00 0.000e+00 0.000e+00
5.012e+05 0.000e+00 0.000e+00 0.000e+00 0.000e+00 0.000e+00
5.623e+05 0.000e+00 0.000e+00 0.000e+00 0.000e+00 0.000e+00
6.310e+05 0.000e+00 0.000e+00 0.000e+00 0.000e+00 0.000e+00
7.079e+05 0.000e+00 0.000e+00 0.000e+00 0.000e+00 0.000e+00
7.943e+05 0.000e+00 0.000e+00 0.000e+00 0.000e+00 0.000e+00
8.913e+05 0.000e+00 0.000e+00 0.000e+00 0.000e+00 0.000e+00
1.000e+06 0.000e+00 0.000e+00 0.000e+00 0.000e+00 0.000e+00
1.122e+06 0.000e+00 0.000e+00 0.000e+00 0.000e+00 0.000e+00
1.259e+06 0.000e+00 0.000e+00 0.000e+00 0.000e+00 0.000e+00
1.413e+06 0.000e+00 0.000e+00 0.000e+00 0.000e+00 0.000e+00
1.585e+06 0.000e+00 0.000e+00 0.000e+00 0.000e+00 0.000e+00
1.778e+06 0.000e+00 0.000e+00 0.000e+00 0.000e+00 0.000e+00
1.995e+06 0.000e+00 0.000e+00 0.000e+00 0.000e+00 0.000e+00
2.239e+06 0.000e+00 0.000e+00 0.000e+00 0.000e+00 0.000e+00
2.512e+06 0.000e+00 0.000e+00 0.000e+00 0.000e+00 0.000e+00
2.818e+06 0.000e+00 0.000e+00 0.000e+00 0.000e+00 0.000e+00
3.162e+06 0.000e+00 0.000e+00 0.000e+00 0.000e+00 0.000e+00
3.548e+06 0.000e+00 0.000e+00 0.000e+00 0.000e+00 0.000e+00
3.981e+06 0.000e+00 0.000e+00 0.000e+00 0.000e+00 0.000e+00
4.467e+06 0.000e+00 0.000e+00 0.000e+00 0.000e+00 0.000e+00
5.012e+06 0.000e+00 0.000e+00 0.000e+00 0.000e+00 0.000e+00
5.623e+06 0.000e+00 0.000e+00 0.000e+00 0.000e+00 0.000e+00
6.310e+06 0.000e+00 0.000e+00 0.000e+00 0.000e+00 0.000e+00
7.079e+06 0.000e+00 0.000e+00 0.000e+00 0.000e+00 0.000e+00
7.943e+06 0.000e+00 0.000e+00 0.000e+00 0.000e+00 0.000e+00
8.913e+06 0.000e+00 0.000e+00 0.000e+00 0.000e+00 0.000e+00
1.000e+07 0.000e+00 0.000e+00 0.000e+00 0.000e+00 0.000e+00
1.122e+07 0.000e+00 0.000e+00 0.000e+00 0.000e+00 0.000e+00
1.259e+07 0.000e+00 0.000e+00 0.000e+00 0.000e+00 0.000e+00
1.413e+07 0.000e+00 0.000e+00 0.000e+00 0.000e+00 0.000e+00
1.585e+07 0.000e+00 0.000e+00 0.000e+00 0.000e+00 0.000e+00
1.778e+07 0.000e+00 0.000e+00 0.000e+00 0.000e+00 0.000e+00
1.995e+07 0.000e+00 0.000e+00 0.000e+00 0.000e+00 0.000e+00
2.239e+07 0.000e+00 0.000e+00 0.000e+00 0.000e+00 0.000e+00
2.512e+07 0.000e+00 0.000e+00 0.000e+00 0.000e+00 0.000e+00
2.818e+07 0.000e+00 0.000e+00 0.000e+00 0.000e+00 0.000e+00
3.162e+07 0.000e+00 0.000e+00 0.000e+00 0.000e+00 0.000e+00
3.548e+07 0.000e+00 0.000e+00 0.000e+00 0.000e+00 0.000e+00
3.981e+07 0.000e+00 0.000e+00 0.000e+00 0.000e+00 0.000e+00
4.467e+07 0.000e+00 0.000e+00 0.000e+00 0.000e+00 0.000e+00
5.012e+07 0.000e+00 0.000e+00 0.000e+00 0.000e+00 0.000e+00
5.623e+07 0.000e+00 0.000e+00 0.000e+00 0.000e+00 0.000e+00
6.310e+07 0.000e+00 0.000e+00 0.000e+00 0.000e+00 0.000e+00
7.079e+07 0.000e+00 0.000e+00 0.000e+00 0.000e+00 0.000e+00
7.943e+07 0.000e+00 0.000e+00 0.000e+00 0.000e+00 0.000e+00
8.913e+07 0.000e+00 0.000e+00 0.000e+00 0.000e+00 0.000e+00
1.000e+08 0.000e+00 0.000e+00 0.000e+00 0.000e+00 0.000e+00
