1.000e-20 0.000e+00 0.000e+00 0.000e+00 0.000e+00 0.000e+00
1.122e-20 0.000e+00 0.000e+00 0.000e+00 0.000e+00 0.000e+00
1.259e-20 0.000e+00 0.000e+00 0.000e+00 0.000e+00 0.000e+00
1.413e-20 0.000e+00 0.000e+00 0.000e+00 0.000e+00 0.000e+00
1.585e-20 0.000e+00 0.000e+00 0.000e+00 0.000e+00 0.000e+00
1.778e-20 0.000e+00 0.000e+00 0.000e+00 0.000e+00 0.000e+00
1.995e-20 0.000e+00 0.000e+00 0.000e+00 0.000e+00 0.000e+00
2.239e-20 0.000e+00 0.000e+00 0.000e+00 0.000e+00 0.000e+00
2.512e-20 0.000e+00 0.000e+00 0.000e+00 0.000e+00 0.000e+00
2.818e-20 0.000e+00 0.000e+00 0.000e+00 0.000e+00 0.000e+00
3.162e-20 0.000e+00 0.000e+00 0.000e+00 0.000e+00 0.000e+00
3.548e-20 0.000e+00 0.000e+00 0.000e+00 0.000e+00 0.000e+00
3.981e-20 0.000e+00 0.000e+00 0.000e+00 0.000e+00 0.000e+00
4.467e-20 0.000e+00 0.000e+00 0.000e+00 0.000e+00 0.000e+00
5.012e-20 0.000e+00 0.000e+00 0.000e+00 0.000e+00 0.000e+00
5.623e-20 0.000e+00 0.000e+00 0.000e+00 0.000e+00 0.000e+00
6.310e-20 0.000e+00 0.000e+00 0.000e+00 0.000e+00 0.000e+00
7.079e-20 0.000e+00 0.000e+00 0.000e+00 0.000e+00 0.000e+00
7.943e-20 0.000e+00 0.000e+00 0.000e+00 0.000e+00 0.000e+00
8.913e-20 0.000e+00 0.000e+00 0.000e+00 0.000e+00 0.000e+00
1.000e-19 0.000e+00 0.000e+00 0.000e+00 0.000e+00 0.000e+00
1.122e-19 0.000e+00 0.000e+00 0.000e+00 0.000e+00 0.000e+00
1.259e-19 0.000e+00 0.000e+00 0.000e+00 0.000e+00 0.000e+00
1.413e-19 0.000e+00 0.000e+00 0.000e+00 0.000e+00 0.000e+00
1.585e-19 0.000e+00 0.000e+00 0.000e+00 0.000e+00 0.000e+00
1.778e-19 0.000e+00 0.000e+00 0.000e+00 0.000e+00 0.000e+00
1.995e-19 0.000e+00 0.000e+00 0.000e+00 0.000e+00 0.000e+00
2.239e-19 0.000e+00 0.000e+00 0.000e+00 0.000e+00 0.000e+00
2.512e-19 0.000e+00 0.000e+00 0.000e+00 0.000e+00 0.000e+00
2.818e-19 0.000e+00 0.000e+00 0.000e+00 0.000e+00 0.000e+00
3.162e-19 0.000e+00 0.000e+00 0.000e+00 0.000e+00 0.000e+00
3.548e-19 0.000e+00 0.000e+00 0.000e+00 0.000e+00 0.000e+00
3.981e-19 0.000e+00 0.000e+00 0.000e+00 0.000e+00 0.000e+00
4.467e-19 0.000e+00 0.000e+00 0.000e+00 0.000e+00 0.000e+00
5.012e-19 0.000e+00 0.000e+00 0.000e+00 0.000e+00 0.000e+00
5.623e-19 0.000e+00 0.000e+00 0.000e+00 0.000e+00 0.000e+00
6.310e-19 0.000e+00 0.000e+00 0.000e+00 0.000e+00 0.000e+00
7.079e-19 0.000e+00 0.000e+00 0.000e+00 0.000e+00 0.000e+00
7.943e-19 0.000e+00 0.000e+00 0.000e+00 0.000e+00 0.000e+00
8.913e-19 0.000e+00 0.000e+00 0.000e+00 0.000e+00 0.000e+00
1.000e-18 0.000e+00 0.000e+00 0.000e+00 0.000e+00 0.000e+00
1.122e-18 0.000e+00 0.000e+00 0.000e+00 0.000e+00 0.000e+00
1.259e-18 0.000e+00 0.000e+00 0.000e+00 0.000e+00 0.000e+00
1.413e-18 0.000e+00 0.000e+00 0.000e+00 0.000e+00 0.000e+00
1.585e-18 0.000e+00 0.000e+00 0.000e+00 0.000e+00 0.000e+00
1.778e-18 0.000e+00 0.000e+00 0.000e+00 0.000e+00 0.000e+00
1.995e-18 0.000e+00 0.000e+00 0.000e+00 0.000e+00 0.000e+00
2.239e-18 0.000e+00 0.000e+00 0.000e+00 0.000e+00 0.000e+00
2.512e-18 0.000e+00 0.000e+00 0.000e+00 0.000e+00 0.000e+00
2.818e-18 0.000e+00 0.000e+00 0.000e+00 0.000e+00 0.000e+00
3.162e-18 0.000e+00 0.000e+00 0.000e+00 0.000e+00 0.000e+00
3.548e-18 0.000e+00 0.000e+00 0.000e+00 0.000e+00 0.000e+00
3.981e-18 0.000e+00 0.000e+00 0.000e+00 0.000e+00 0.000e+00
4.467e-18 0.000e+00 0.000e+00 0.000e+00 0.000e+00 0.000e+00
5.012e-18 0.000e+00 0.000e+00 0.000e+00 0.000e+00 0.000e+00
5.623e-18 0.000e+00 0.000e+00 0.000e+00 0.000e+00 0.000e+00
6.310e-18 0.000e+00 0.000e+00 0.000e+00 0.000e+00 0.000e+00
7.079e-18 0.000e+00 0.000e+00 0.000e+00 0.000e+00 0.000e+00
7.943e-18 0.000e+00 0.000e+00 0.000e+00 0.000e+00 0.000e+00
8.913e-18 0.000e+00 0.000e+00 0.000e+00 0.000e+00 0.000e+00
1.000e-17 0.000e+00 0.000e+00 0.000e+00 0.000e+00 0.000e+00
1.122e-17 0.000e+00 0.000e+00 0.000e+00 0.000e+00 0.000e+00
1.259e-17 0.000e+00 0.000e+00 0.000e+00 0.000e+00 0.000e+00
1.413e-17 0.000e+00 0.000e+00 0.000e+00 0.000e+00 0.000e+00
1.585e-17 0.000e+00 0.000e+00 0.000e+00 0.000e+00 0.000e+00
1.778e-17 0.000e+00 0.000e+00 0.000e+00 0.000e+00 0.000e+00
1.995e-17 0.000e+00 0.000e+00 0.000e+00 0.000e+00 0.000e+00
2.239e-17 0.000e+00 0.000e+00 0.000e+00 0.000e+00 0.000e+00
2.512e-17 0.000e+00 0.000e+00 0.000e+00 0.000e+00 0.000e+00
2.818e-17 0.000e+00 0.000e+00 0.000e+00 0.000e+00 0.000e+00
3.162e-17 0.000e+00 0.000e+00 0.000e+00 0.000e+00 0.000e+00
3.548e-17 0.000e+00 0.000e+00 0.000e+00 0.000e+00 0.000e+00
3.981e-17 0.000e+00 0.000e+00 0.000e+00 0.000e+00 0.000e+00
4.467e-17 0.000e+00 0.000e+00 0.000e+00 0.000e+00 0.000e+00
5.012e-17 0.000e+00 0.000e+00 0.000e+00 0.000e+00 0.000e+00
5.623e-17 0.000e+00 0.000e+00 0.000e+00 0.000e+00 0.000e+00
6.310e-17 0.000e+00 0.000e+00 0.000e+00 0.000e+00 0.000e+00
7.079e-17 0.000e+00 0.000e+00 0.000e+00 0.000e+00 0.000e+00
7.943e-17 0.000e+00 0.000e+00 0.000e+00 0.000e+00 0.000e+00
8.913e-17 0.000e+00 0.000e+00 0.000e+00 0.000e+00 0.000e+00
1.000e-16 0.000e+00 0.000e+00 0.000e+00 0.000e+00 0.000e+00
1.122e-16 0.000e+00 0.000e+00 0.000e+00 0.000e+00 0.000e+00
1.259e-16 0.000e+00 0.000e+00 0.000e+00 0.000e+00 0.000e+00
1.413e-16 0.000e+00 0.000e+00 0.000e+00 0.000e+00 0.000e+00
1.585e-16 0.000e+00 0.000e+00 0.000e+00 0.000e+00 0.000e+00
1.778e-16 0.000e+00 0.000e+00 0.000e+00 0.000e+00 0.000e+00
1.995e-16 0.000e+00 0.000e+00 0.000e+00 0.000e+00 0.000e+00
2.239e-16 0.000e+00 0.000e+00 0.000e+00 0.000e+00 0.000e+00
2.512e-16 0.000e+00 0.000e+00 0.000e+00 0.000e+00 0.000e+00
2.818e-16 0.000e+00 0.000e+00 0.000e+00 0.000e+00 0.000e+00
3.162e-16 0.000e+00 0.000e+00 0.000e+00 0.000e+00 0.000e+00
3.548e-16 0.000e+00 0.000e+00 0.000e+00 0.000e+00 0.000e+00
3.981e-16 0.000e+00 0.000e+00 0.000e+00 0.000e+00 0.000e+00
4.467e-16 0.000e+00 0.000e+00 0.000e+00 0.000e+00 0.000e+00
5.012e-16 0.000e+00 0.000e+00 0.000e+00 0.000e+00 0.000e+00
5.623e-16 0.000e+00 0.000e+00 0.000e+00 0.000e+00 0.000e+00
6.310e-16 0.000e+00 0.000e+00 0.000e+00 0.000e+00 0.000e+00
7.079e-16 0.000e+00 0.000e+00 0.000e+00 0.000e+00 0.000e+00
7.943e-16 0.000e+00 0.000e+00 0.000e+00 0.000e+00 0.000e+00
8.913e-16 0.000e+00 0.000e+00 0.000e+00 0.000e+00 0.000e+00
1.000e-15 0.000e+00 0.000e+00 0.000e+00 0.000e+00 0.000e+00
1.122e-15 0.000e+00 0.000e+00 0.000e+00 0.000e+00 0.000e+00
1.259e-15 0.000e+00 0.000e+00 0.000e+00 0.000e+00 0.000e+00
1.413e-15 0.000e+00 0.000e+00 0.000e+00 0.000e+00 0.000e+00
1.585e-15 0.000e+00 0.000e+00 0.000e+00 0.000e+00 0.000e+00
1.778e-15 0.000e+00 0.000e+00 0.000e+00 0.000e+00 0.000e+00
1.995e-15 0.000e+00 0.000e+00 0.000e+00 0.000e+00 0.000e+00
2.239e-15 0.000e+00 0.000e+00 0.000e+00 0.000e+00 0.000e+00
2.512e-15 0.000e+00 0.000e+00 0.000e+00 0.000e+00 0.000e+00
2.818e-15 0.000e+00 0.000e+00 0.000e+00 0.000e+00 0.000e+00
3.162e-15 0.000e+00 0.000e+00 0.000e+00 0.000e+00 0.000e+00
3.548e-15 0.000e+00 0.000e+00 0.000e+00 0.000e+00 0.000e+00
3.981e-15 0.000e+00 0.000e+00 0.000e+00 0.000e+00 0.000e+00
4.467e-15 0.000e+00 0.000e+00 0.000e+00 0.000e+00 0.000e+00
5.012e-15 0.000e+00 0.000e+00 0.000e+00 0.000e+00 0.000e+00
5.623e-15 0.000e+00 0.000e+00 0.000e+00 0.000e+00 0.000e+00
6.310e-15 0.000e+00 0.000e+00 0.000e+00 0.000e+00 0.000e+00
7.079e-15 0.000e+00 0.000e+00 0.000e+00 0.000e+00 0.000e+00
7.943e-15 0.000e+00 0.000e+00 0.000e+00 0.000e+00 0.000e+00
8.913e-15 0.000e+00 0.000e+00 0.000e+00 0.000e+00 0.000e+00
1.000e-14 0.000e+00 0.000e+00 0.000e+00 0.000e+00 0.000e+00
1.122e-14 0.000e+00 0.000e+00 0.000e+00 0.000e+00 0.000e+00
1.259e-14 0.000e+00 0.000e+00 0.000e+00 0.000e+00 0.000e+00
1.413e-14 0.000e+00 0.000e+00 0.000e+00 0.000e+00 0.000e+00
1.585e-14 0.000e+00 0.000e+00 0.000e+00 0.000e+00 0.000e+00
1.778e-14 0.000e+00 0.000e+00 0.000e+00 0.000e+00 0.000e+00
1.995e-14 0.000e+00 0.000e+00 0.000e+00 0.000e+00 0.000e+00
2.239e-14 0.000e+00 0.000e+00 0.000e+00 0.000e+00 0.000e+00
2.512e-14 0.000e+00 0.000e+00 0.000e+00 0.000e+00 0.000e+00
2.818e-14 0.000e+00 0.000e+00 0.000e+00 0.000e+00 0.000e+00
3.162e-14 0.000e+00 0.000e+00 0.000e+00 0.000e+00 0.000e+00
3.548e-14 0.000e+00 0.000e+00 0.000e+00 0.000e+00 0.000e+00
3.981e-14 0.000e+00 0.000e+00 0.000e+00 0.000e+00 0.000e+00
4.467e-14 0.000e+00 0.000e+00 0.000e+00 0.000e+00 0.000e+00
5.012e-14 0.000e+00 0.000e+00 0.000e+00 0.000e+00 0.000e+00
5.623e-14 0.000e+00 0.000e+00 0.000e+00 0.000e+00 0.000e+00
6.310e-14 0.000e+00 0.000e+00 0.000e+00 0.000e+00 0.000e+00
7.079e-14 0.000e+00 0.000e+00 0.000e+00 0.000e+00 0.000e+00
7.943e-14 0.000e+00 0.000e+00 0.000e+00 0.000e+00 0.000e+00
8.913e-14 0.000e+00 0.000e+00 0.000e+00 0.000e+00 0.000e+00
1.000e-13 0.000e+00 0.000e+00 0.000e+00 0.000e+00 0.000e+00
1.122e-13 0.000e+00 0.000e+00 0.000e+00 0.000e+00 0.000e+00
1.259e-13 0.000e+00 0.000e+00 0.000e+00 0.000e+00 0.000e+00
1.413e-13 0.000e+00 0.000e+00 0.000e+00 0.000e+00 0.000e+00
1.585e-13 0.000e+00 0.000e+00 0.000e+00 0.000e+00 0.000e+00
1.778e-13 0.000e+00 0.000e+00 0.000e+00 0.000e+00 0.000e+00
1.995e-13 0.000e+00 0.000e+00 0.000e+00 0.000e+00 0.000e+00
2.239e-13 0.000e+00 0.000e+00 0.000e+00 0.000e+00 0.000e+00
2.512e-13 0.000e+00 0.000e+00 0.000e+00 0.000e+00 0.000e+00
2.818e-13 0.000e+00 0.000e+00 0.000e+00 0.000e+00 0.000e+00
3.162e-13 0.000e+00 0.000e+00 0.000e+00 0.000e+00 0.000e+00
3.548e-13 0.000e+00 0.000e+00 0.000e+00 0.000e+00 0.000e+00
3.981e-13 0.000e+00 0.000e+00 0.000e+00 0.000e+00 0.000e+00
4.467e-13 0.000e+00 0.000e+00 0.000e+00 0.000e+00 0.000e+00
5.012e-13 0.000e+00 0.000e+00 0.000e+00 0.000e+00 0.000e+00
5.623e-13 0.000e+00 0.000e+00 0.000e+00 0.000e+00 0.000e+00
6.310e-13 0.000e+00 0.000e+00 0.000e+00 0.000e+00 0.000e+00
7.079e-13 0.000e+00 0.000e+00 0.000e+00 0.000e+00 0.000e+00
7.943e-13 0.000e+00 0.000e+00 0.000e+00 0.000e+00 0.000e+00
8.913e-13 0.000e+00 0.000e+00 0.000e+00 0.000e+00 0.000e+00
1.000e-12 0.000e+00 0.000e+00 0.000e+00 0.000e+00 0.000e+00
1.122e-12 0.000e+00 0.000e+00 0.000e+00 0.000e+00 0.000e+00
1.259e-12 0.000e+00 0.000e+00 0.000e+00 0.000e+00 0.000e+00
1.413e-12 0.000e+00 0.000e+00 0.000e+00 0.000e+00 0.000e+00
1.585e-12 0.000e+00 0.000e+00 0.000e+00 0.000e+00 0.000e+00
1.778e-12 0.000e+00 0.000e+00 0.000e+00 0.000e+00 0.000e+00
1.995e-12 0.000e+00 0.000e+00 0.000e+00 0.000e+00 0.000e+00
2.239e-12 0.000e+00 0.000e+00 0.000e+00 0.000e+00 0.000e+00
2.512e-12 0.000e+00 0.000e+00 0.000e+00 0.000e+00 0.000e+00
2.818e-12 0.000e+00 0.000e+00 0.000e+00 0.000e+00 0.000e+00
3.162e-12 0.000e+00 0.000e+00 0.000e+00 0.000e+00 0.000e+00
3.548e-12 0.000e+00 0.000e+00 0.000e+00 0.000e+00 0.000e+00
3.981e-12 0.000e+00 0.000e+00 0.000e+00 0.000e+00 0.000e+00
4.467e-12 0.000e+00 0.000e+00 0.000e+00 0.000e+00 0.000e+00
5.012e-12 0.000e+00 0.000e+00 0.000e+00 0.000e+00 0.000e+00
5.623e-12 0.000e+00 0.000e+00 0.000e+00 0.000e+00 0.000e+00
6.310e-12 0.000e+00 0.000e+00 0.000e+00 0.000e+00 0.000e+00
7.079e-12 0.000e+00 0.000e+00 0.000e+00 0.000e+00 0.000e+00
7.943e-12 0.000e+00 0.000e+00 0.000e+00 0.000e+00 0.000e+00
8.913e-12 0.000e+00 0.000e+00 0.000e+00 0.000e+00 0.000e+00
1.000e-11 0.000e+00 0.000e+00 0.000e+00 0.000e+00 0.000e+00
1.122e-11 0.000e+00 0.000e+00 0.000e+00 0.000e+00 0.000e+00
1.259e-11 0.000e+00 0.000e+00 0.000e+00 0.000e+00 0.000e+00
1.413e-11 0.000e+00 0.000e+00 0.000e+00 0.000e+00 0.000e+00
1.585e-11 0.000e+00 0.000e+00 0.000e+00 0.000e+00 0.000e+00
1.778e-11 0.000e+00 0.000e+00 0.000e+00 0.000e+00 0.000e+00
1.995e-11 0.000e+00 0.000e+00 0.000e+00 0.000e+00 0.000e+00
2.239e-11 0.000e+00 0.000e+00 0.000e+00 0.000e+00 0.000e+00
2.512e-11 0.000e+00 0.000e+00 0.000e+00 0.000e+00 0.000e+00
2.818e-11 0.000e+00 0.000e+00 0.000e+00 0.000e+00 0.000e+00
3.162e-11 0.000e+00 0.000e+00 0.000e+00 0.000e+00 0.000e+00
3.548e-11 0.000e+00 0.000e+00 0.000e+00 0.000e+00 0.000e+00
3.981e-11 0.000e+00 0.000e+00 0.000e+00 0.000e+00 0.000e+00
4.467e-11 0.000e+00 0.000e+00 0.000e+00 0.000e+00 0.000e+00
5.012e-11 0.000e+00 0.000e+00 0.000e+00 0.000e+00 0.000e+00
5.623e-11 0.000e+00 0.000e+00 0.000e+00 0.000e+00 0.000e+00
6.310e-11 0.000e+00 0.000e+00 0.000e+00 0.000e+00 0.000e+00
7.079e-11 0.000e+00 0.000e+00 0.000e+00 0.000e+00 0.000e+00
7.943e-11 0.000e+00 0.000e+00 0.000e+00 0.000e+00 0.000e+00
8.913e-11 0.000e+00 0.000e+00 0.000e+00 0.000e+00 0.000e+00
1.000e-10 0.000e+00 0.000e+00 0.000e+00 0.000e+00 0.000e+00
1.122e-10 0.000e+00 0.000e+00 0.000e+00 0.000e+00 0.000e+00
1.259e-10 0.000e+00 0.000e+00 0.000e+00 0.000e+00 0.000e+00
1.413e-10 0.000e+00 0.000e+00 0.000e+00 0.000e+00 0.000e+00
1.585e-10 0.000e+00 0.000e+00 0.000e+00 0.000e+00 0.000e+00
1.778e-10 0.000e+00 0.000e+00 0.000e+00 0.000e+00 0.000e+00
1.995e-10 0.000e+00 0.000e+00 0.000e+00 0.000e+00 0.000e+00
2.239e-10 0.000e+00 0.000e+00 0.000e+00 0.000e+00 0.000e+00
2.512e-10 0.000e+00 0.000e+00 0.000e+00 0.000e+00 0.000e+00
2.818e-10 0.000e+00 0.000e+00 0.000e+00 0.000e+00 0.000e+00
3.162e-10 0.000e+00 0.000e+00 0.000e+00 0.000e+00 0.000e+00
3.548e-10 0.000e+00 0.000e+00 0.000e+00 0.000e+00 0.000e+00
3.981e-10 0.000e+00 0.000e+00 0.000e+00 0.000e+00 0.000e+00
4.467e-10 0.000e+00 0.000e+00 0.000e+00 0.000e+00 0.000e+00
5.012e-10 0.000e+00 0.000e+00 0.000e+00 0.000e+00 0.000e+00
5.623e-10 0.000e+00 0.000e+00 0.000e+00 0.000e+00 0.000e+00
6.310e-10 0.000e+00 0.000e+00 0.000e+00 0.000e+00 0.000e+00
7.079e-10 0.000e+00 0.000e+00 0.000e+00 0.000e+00 0.000e+00
7.943e-10 0.000e+00 0.000e+00 0.000e+00 0.000e+00 0.000e+00
8.913e-10 0.000e+00 0.000e+00 0.000e+00 0.000e+00 0.000e+00
1.000e-09 0.000e+00 0.000e+00 0.000e+00 0.000e+00 0.000e+00
1.122e-09 0.000e+00 0.000e+00 0.000e+00 0.000e+00 0.000e+00
1.259e-09 0.000e+00 0.000e+00 0.000e+00 0.000e+00 0.000e+00
1.413e-09 0.000e+00 0.000e+00 0.000e+00 0.000e+00 0.000e+00
1.585e-09 0.000e+00 0.000e+00 0.000e+00 0.000e+00 0.000e+00
1.778e-09 0.000e+00 0.000e+00 0.000e+00 0.000e+00 0.000e+00
1.995e-09 0.000e+00 0.000e+00 0.000e+00 0.000e+00 0.000e+00
2.239e-09 0.000e+00 0.000e+00 0.000e+00 0.000e+00 0.000e+00
2.512e-09 0.000e+00 0.000e+00 0.000e+00 0.000e+00 0.000e+00
2.818e-09 0.000e+00 0.000e+00 0.000e+00 0.000e+00 0.000e+00
3.162e-09 0.000e+00 0.000e+00 0.000e+00 0.000e+00 0.000e+00
3.548e-09 0.000e+00 0.000e+00 0.000e+00 0.000e+00 0.000e+00
3.981e-09 0.000e+00 0.000e+00 0.000e+00 0.000e+00 0.000e+00
4.467e-09 0.000e+00 0.000e+00 0.000e+00 0.000e+00 0.000e+00
5.012e-09 0.000e+00 0.000e+00 0.000e+00 0.000e+00 0.000e+00
5.623e-09 0.000e+00 0.000e+00 0.000e+00 0.000e+00 0.000e+00
6.310e-09 0.000e+00 0.000e+00 0.000e+00 0.000e+00 0.000e+00
7.079e-09 0.000e+00 0.000e+00 0.000e+00 0.000e+00 0.000e+00
7.943e-09 0.000e+00 0.000e+00 0.000e+00 0.000e+00 0.000e+00
8.913e-09 0.000e+00 0.000e+00 0.000e+00 0.000e+00 0.000e+00
1.000e-08 0.000e+00 0.000e+00 0.000e+00 0.000e+00 0.000e+00
1.122e-08 0.000e+00 0.000e+00 0.000e+00 0.000e+00 0.000e+00
1.259e-08 0.000e+00 0.000e+00 0.000e+00 0.000e+00 0.000e+00
1.413e-08 0.000e+00 0.000e+00 0.000e+00 0.000e+00 0.000e+00
1.585e-08 0.000e+00 0.000e+00 0.000e+00 0.000e+00 0.000e+00
1.778e-08 0.000e+00 0.000e+00 0.000e+00 0.000e+00 0.000e+00
1.995e-08 0.000e+00 0.000e+00 0.000e+00 0.000e+00 0.000e+00
2.239e-08 0.000e+00 0.000e+00 0.000e+00 0.000e+00 0.000e+00
2.512e-08 0.000e+00 0.000e+00 0.000e+00 0.000e+00 0.000e+00
2.818e-08 0.000e+00 0.000e+00 0.000e+00 0.000e+00 0.000e+00
3.162e-08 0.000e+00 0.000e+00 0.000e+00 0.000e+00 0.000e+00
3.548e-08 0.000e+00 0.000e+00 0.000e+00 0.000e+00 0.000e+00
3.981e-08 0.000e+00 0.000e+00 0.000e+00 0.000e+00 0.000e+00
4.467e-08 0.000e+00 0.000e+00 0.000e+00 0.000e+00 0.000e+00
5.012e-08 0.000e+00 0.000e+00 0.000e+00 0.000e+00 0.000e+00
5.623e-08 0.000e+00 0.000e+00 0.000e+00 0.000e+00 0.000e+00
6.310e-08 0.000e+00 0.000e+00 0.000e+00 0.000e+00 0.000e+00
7.079e-08 0.000e+00 0.000e+00 0.000e+00 0.000e+00 0.000e+00
7.943e-08 0.000e+00 0.000e+00 0.000e+00 0.000e+00 0.000e+00
8.913e-08 0.000e+00 0.000e+00 0.000e+00 0.000e+00 0.000e+00
1.000e-07 0.000e+00 0.000e+00 0.000e+00 0.000e+00 0.000e+00
1.122e-07 0.000e+00 0.000e+00 0.000e+00 0.000e+00 0.000e+00
1.259e-07 0.000e+00 0.000e+00 0.000e+00 0.000e+00 0.000e+00
1.413e-07 0.000e+00 0.000e+00 0.000e+00 0.000e+00 0.000e+00
1.585e-07 0.000e+00 0.000e+00 0.000e+00 0.000e+00 0.000e+00
1.778e-07 0.000e+00 0.000e+00 0.000e+00 0.000e+00 0.000e+00
1.995e-07 0.000e+00 0.000e+00 0.000e+00 0.000e+00 0.000e+00
2.239e-07 0.000e+00 0.000e+00 0.000e+00 0.000e+00 0.000e+00
2.512e-07 0.000e+00 0.000e+00 0.000e+00 0.000e+00 0.000e+00
2.818e-07 0.000e+00 0.000e+00 0.000e+00 0.000e+00 0.000e+00
3.162e-07 0.000e+00 0.000e+00 0.000e+00 0.000e+00 0.000e+00
3.548e-07 0.000e+00 0.000e+00 0.000e+00 0.000e+00 0.000e+00
3.981e-07 0.000e+00 0.000e+00 0.000e+00 0.000e+00 0.000e+00
4.467e-07 0.000e+00 0.000e+00 0.000e+00 0.000e+00 0.000e+00
5.012e-07 0.000e+00 0.000e+00 0.000e+00 0.000e+00 0.000e+00
5.623e-07 1.857e+40 9.407e+27 9.423e-30 6.199e-18 7.789e-17
6.310e-07 1.837e+40 1.172e+28 1.174e-29 7.721e-18 9.703e-17
7.079e-07 1.817e+40 1.459e+28 1.461e-29 9.612e-18 1.208e-16
7.943e-07 1.795e+40 1.815e+28 1.818e-29 1.196e-17 1.503e-16
8.913e-07 1.773e+40 2.256e+28 2.260e-29 1.487e-17 1.868e-16
1.000e-06 1.749e+40 2.803e+28 2.808e-29 1.847e-17 2.321e-16
1.122e-06 1.725e+40 3.480e+28 3.486e-29 2.293e-17 2.881e-16
1.259e-06 1.700e+40 4.317e+28 4.324e-29 2.845e-17 3.575e-16
1.413e-06 1.674e+40 5.351e+28 5.360e-29 3.526e-17 4.431e-16
1.585e-06 1.647e+40 6.628e+28 6.640e-29 4.368e-17 5.489e-16
1.778e-06 1.619e+40 8.204e+28 8.218e-29 5.406e-17 6.793e-16
1.995e-06 1.591e+40 1.015e+29 1.016e-28 6.686e-17 8.401e-16
2.239e-06 1.561e+40 1.254e+29 1.256e-28 8.261e-17 1.038e-15
2.512e-06 1.531e+40 1.548e+29 1.550e-28 1.020e-16 1.282e-15
2.818e-06 1.500e+40 1.909e+29 1.912e-28 1.258e-16 1.581e-15
3.162e-06 1.469e+40 2.353e+29 2.357e-28 1.551e-16 1.948e-15
3.548e-06 1.436e+40 2.897e+29 2.902e-28 1.909e-16 2.399e-15
3.981e-06 1.403e+40 3.564e+29 3.570e-28 2.348e-16 2.951e-15
4.467e-06 1.370e+40 4.380e+29 4.387e-28 2.886e-16 3.627e-15
5.012e-06 1.336e+40 5.377e+29 5.386e-28 3.543e-16 4.452e-15
5.623e-06 1.302e+40 6.594e+29 6.605e-28 4.345e-16 5.460e-15
6.310e-06 1.267e+40 8.079e+29 8.093e-28 5.324e-16 6.690e-15
7.079e-06 1.231e+40 9.887e+29 9.904e-28 6.515e-16 8.187e-15
7.943e-06 1.196e+40 1.209e+30 1.211e-27 7.964e-16 1.001e-14
8.913e-06 1.160e+40 1.476e+30 1.478e-27 9.725e-16 1.222e-14
1.000e-05 1.123e+40 1.800e+30 1.803e-27 1.186e-15 1.491e-14
1.122e-05 1.087e+40 2.193e+30 2.196e-27 1.445e-15 1.816e-14
1.259e-05 1.051e+40 2.668e+30 2.672e-27 1.758e-15 2.209e-14
1.413e-05 1.014e+40 3.242e+30 3.247e-27 2.136e-15 2.684e-14
1.585e-05 9.776e+39 3.934e+30 3.941e-27 2.592e-15 3.258e-14
1.778e-05 9.411e+39 4.768e+30 4.776e-27 3.142e-15 3.948e-14
1.995e-05 9.048e+39 5.771e+30 5.781e-27 3.803e-15 4.779e-14
2.239e-05 8.686e+39 6.975e+30 6.987e-27 4.596e-15 5.776e-14
2.512e-05 8.327e+39 8.418e+30 8.432e-27 5.547e-15 6.971e-14
2.818e-05 7.971e+39 1.014e+31 1.016e-26 6.685e-15 8.400e-14
3.162e-05 7.619e+39 1.221e+31 1.223e-26 8.044e-15 1.011e-13
3.548e-05 7.271e+39 1.467e+31 1.469e-26 9.664e-15 1.214e-13
3.981e-05 6.927e+39 1.759e+31 1.762e-26 1.159e-14 1.457e-13
4.467e-05 6.590e+39 2.107e+31 2.110e-26 1.388e-14 1.744e-13
5.012e-05 6.258e+39 2.518e+31 2.523e-26 1.660e-14 2.085e-13
5.623e-05 5.932e+39 3.006e+31 3.011e-26 1.981e-14 2.489e-13
6.310e-05 5.614e+39 3.581e+31 3.587e-26 2.360e-14 2.965e-13
7.079e-05 5.303e+39 4.258e+31 4.265e-26 2.806e-14 3.526e-13
7.943e-05 5.000e+39 5.054e+31 5.063e-26 3.330e-14 4.185e-13
8.913e-05 4.705e+39 5.987e+31 5.998e-26 3.945e-14 4.958e-13
1.000e-04 4.418e+39 7.079e+31 7.091e-26 4.665e-14 5.862e-13
1.122e-04 4.141e+39 8.353e+31 8.367e-26 5.504e-14 6.917e-13
1.259e-04 3.873e+39 9.835e+31 9.852e-26 6.481e-14 8.144e-13
1.413e-04 3.615e+39 1.156e+32 1.158e-25 7.615e-14 9.569e-13
1.585e-04 3.366e+39 1.355e+32 1.357e-25 8.927e-14 1.122e-12
1.778e-04 3.128e+39 1.585e+32 1.587e-25 1.044e-13 1.312e-12
1.995e-04 2.900e+39 1.849e+32 1.853e-25 1.219e-13 1.531e-12
2.239e-04 2.681e+39 2.153e+32 2.157e-25 1.419e-13 1.783e-12
2.512e-04 2.474e+39 2.501e+32 2.505e-25 1.648e-13 2.071e-12
2.818e-04 2.276e+39 2.897e+32 2.902e-25 1.909e-13 2.399e-12
3.162e-04 2.089e+39 3.347e+32 3.353e-25 2.206e-13 2.772e-12
3.548e-04 1.913e+39 3.858e+32 3.864e-25 2.542e-13 3.194e-12
3.981e-04 1.746e+39 4.434e+32 4.441e-25 2.922e-13 3.671e-12
4.467e-04 1.589e+39 5.081e+32 5.090e-25 3.348e-13 4.208e-12
5.012e-04 1.443e+39 5.807e+32 5.817e-25 3.826e-13 4.808e-12
5.623e-04 1.306e+39 6.616e+32 6.627e-25 4.360e-13 5.479e-12
6.310e-04 1.178e+39 7.516e+32 7.529e-25 4.953e-13 6.224e-12
7.079e-04 1.060e+39 8.511e+32 8.526e-25 5.609e-13 7.048e-12
7.943e-04 9.504e+38 9.608e+32 9.624e-25 6.331e-13 7.956e-12
8.913e-04 8.495e+38 1.081e+33 1.083e-24 7.124e-13 8.952e-12
1.000e-03 7.567e+38 1.212e+33 1.214e-24 7.988e-13 1.004e-11
1.122e-03 6.717e+38 1.355e+33 1.357e-24 8.928e-13 1.122e-11
1.259e-03 5.942e+38 1.509e+33 1.511e-24 9.942e-13 1.249e-11
1.413e-03 5.237e+38 1.674e+33 1.677e-24 1.103e-12 1.386e-11
1.585e-03 4.599e+38 1.851e+33 1.854e-24 1.220e-12 1.533e-11
1.778e-03 4.023e+38 2.038e+33 2.042e-24 1.343e-12 1.688e-11
1.995e-03 3.506e+38 2.236e+33 2.240e-24 1.474e-12 1.852e-11
2.239e-03 3.044e+38 2.444e+33 2.448e-24 1.611e-12 2.024e-11
2.512e-03 2.632e+38 2.660e+33 2.665e-24 1.753e-12 2.203e-11
2.818e-03 2.266e+38 2.884e+33 2.889e-24 1.900e-12 2.388e-11
3.162e-03 1.943e+38 3.113e+33 3.118e-24 2.051e-12 2.578e-11
3.548e-03 1.659e+38 3.346e+33 3.352e-24 2.205e-12 2.771e-11
3.981e-03 1.410e+38 3.581e+33 3.587e-24 2.360e-12 2.965e-11
4.467e-03 1.194e+38 3.816e+33 3.823e-24 2.515e-12 3.160e-11
5.012e-03 1.006e+38 4.048e+33 4.055e-24 2.668e-12 3.352e-11
5.623e-03 8.438e+37 4.275e+33 4.282e-24 2.817e-12 3.540e-11
6.310e-03 7.046e+37 4.494e+33 4.502e-24 2.961e-12 3.721e-11
7.079e-03 5.856e+37 4.702e+33 4.710e-24 3.099e-12 3.894e-11
7.943e-03 4.844e+37 4.897e+33 4.906e-24 3.227e-12 4.055e-11
8.913e-03 3.989e+37 5.076e+33 5.085e-24 3.345e-12 4.204e-11
1.000e-02 3.269e+37 5.237e+33 5.246e-24 3.451e-12 4.336e-11
1.122e-02 2.666e+37 5.377e+33 5.386e-24 3.543e-12 4.452e-11
1.259e-02 2.164e+37 5.495e+33 5.504e-24 3.621e-12 4.550e-11
1.413e-02 1.749e+37 5.590e+33 5.599e-24 3.683e-12 4.629e-11
1.585e-02 1.407e+37 5.661e+33 5.671e-24 3.731e-12 4.688e-11
1.778e-02 1.127e+37 5.711e+33 5.720e-24 3.763e-12 4.729e-11
1.995e-02 8.998e+36 5.740e+33 5.749e-24 3.782e-12 4.753e-11
2.239e-02 7.163e+36 5.752e+33 5.761e-24 3.790e-12 4.763e-11
2.512e-02 5.689e+36 5.751e+33 5.761e-24 3.790e-12 4.762e-11
2.818e-02 4.512e+36 5.742e+33 5.752e-24 3.784e-12 4.755e-11
3.162e-02 3.577e+36 5.731e+33 5.740e-24 3.776e-12 4.745e-11
3.548e-02 2.835e+36 5.719e+33 5.729e-24 3.768e-12 4.736e-11
3.981e-02 2.249e+36 5.710e+33 5.720e-24 3.763e-12 4.728e-11
4.467e-02 1.785e+36 5.705e+33 5.715e-24 3.760e-12 4.725e-11
5.012e-02 1.418e+36 5.706e+33 5.716e-24 3.760e-12 4.725e-11
5.623e-02 1.127e+36 5.712e+33 5.722e-24 3.764e-12 4.730e-11
6.310e-02 8.972e+35 5.723e+33 5.733e-24 3.771e-12 4.739e-11
7.079e-02 7.145e+35 5.737e+33 5.747e-24 3.780e-12 4.751e-11
7.943e-02 5.692e+35 5.754e+33 5.764e-24 3.792e-12 4.765e-11
8.913e-02 4.535e+35 5.772e+33 5.782e-24 3.803e-12 4.780e-11
1.000e-01 3.614e+35 5.790e+33 5.800e-24 3.815e-12 4.795e-11
1.122e-01 2.879e+35 5.808e+33 5.817e-24 3.827e-12 4.809e-11
1.259e-01 2.293e+35 5.823e+33 5.833e-24 3.837e-12 4.822e-11
1.413e-01 1.826e+35 5.836e+33 5.846e-24 3.846e-12 4.833e-11
1.585e-01 1.452e+35 5.846e+33 5.855e-24 3.852e-12 4.840e-11
1.778e-01 1.155e+35 5.851e+33 5.861e-24 3.855e-12 4.845e-11
1.995e-01 9.173e+34 5.851e+33 5.861e-24 3.855e-12 4.845e-11
2.239e-01 7.280e+34 5.846e+33 5.856e-24 3.852e-12 4.841e-11
2.512e-01 5.771e+34 5.834e+33 5.844e-24 3.844e-12 4.831e-11
2.818e-01 4.570e+34 5.816e+33 5.826e-24 3.833e-12 4.816e-11
3.162e-01 3.614e+34 5.791e+33 5.801e-24 3.816e-12 4.795e-11
3.548e-01 2.855e+34 5.758e+33 5.768e-24 3.794e-12 4.768e-11
3.981e-01 2.251e+34 5.717e+33 5.726e-24 3.767e-12 4.734e-11
4.467e-01 1.773e+34 5.667e+33 5.677e-24 3.734e-12 4.693e-11
5.012e-01 1.394e+34 5.609e+33 5.618e-24 3.696e-12 4.644e-11
5.623e-01 1.094e+34 5.541e+33 5.551e-24 3.651e-12 4.588e-11
6.310e-01 8.567e+33 5.464e+33 5.474e-24 3.601e-12 4.525e-11
7.079e-01 6.697e+33 5.378e+33 5.387e-24 3.544e-12 4.453e-11
7.943e-01 5.225e+33 5.282e+33 5.291e-24 3.480e-12 4.374e-11
8.913e-01 4.067e+33 5.176e+33 5.184e-24 3.411e-12 4.286e-11
1.000e+00 3.158e+33 5.060e+33 5.069e-24 3.334e-12 4.190e-11
1.122e+00 2.447e+33 4.935e+33 4.943e-24 3.252e-12 4.086e-11
1.259e+00 1.890e+33 4.800e+33 4.808e-24 3.163e-12 3.975e-11
1.413e+00 1.457e+33 4.656e+33 4.664e-24 3.068e-12 3.856e-11
1.585e+00 1.119e+33 4.504e+33 4.511e-24 2.968e-12 3.729e-11
1.778e+00 8.572e+32 4.343e+33 4.350e-24 2.862e-12 3.596e-11
1.995e+00 6.544e+32 4.174e+33 4.181e-24 2.751e-12 3.457e-11
2.239e+00 4.980e+32 3.999e+33 4.005e-24 2.635e-12 3.311e-11
2.512e+00 3.775e+32 3.817e+33 3.823e-24 2.515e-12 3.160e-11
2.818e+00 2.852e+32 3.629e+33 3.635e-24 2.391e-12 3.005e-11
3.162e+00 2.145e+32 3.437e+33 3.443e-24 2.265e-12 2.846e-11
3.548e+00 1.607e+32 3.242e+33 3.247e-24 2.136e-12 2.685e-11
3.981e+00 1.199e+32 3.044e+33 3.049e-24 2.006e-12 2.521e-11
4.467e+00 8.900e+31 2.845e+33 2.850e-24 1.875e-12 2.356e-11
5.012e+00 6.575e+31 2.646e+33 2.651e-24 1.744e-12 2.191e-11
5.623e+00 4.832e+31 2.448e+33 2.452e-24 1.613e-12 2.027e-11
6.310e+00 3.532e+31 2.253e+33 2.257e-24 1.485e-12 1.866e-11
7.079e+00 2.567e+31 2.061e+33 2.065e-24 1.358e-12 1.707e-11
7.943e+00 1.854e+31 1.874e+33 1.878e-24 1.235e-12 1.552e-11
8.913e+00 1.331e+31 1.694e+33 1.696e-24 1.116e-12 1.402e-11
1.000e+01 9.486e+30 1.520e+33 1.522e-24 1.002e-12 1.259e-11
1.122e+01 6.714e+30 1.354e+33 1.357e-24 8.924e-13 1.121e-11
1.259e+01 4.716e+30 1.198e+33 1.200e-24 7.891e-13 9.916e-12
1.413e+01 3.286e+30 1.051e+33 1.052e-24 6.922e-13 8.699e-12
1.585e+01 2.271e+30 9.138e+32 9.153e-25 6.021e-13 7.567e-12
1.778e+01 1.555e+30 7.878e+32 7.891e-25 5.191e-13 6.523e-12
1.995e+01 1.055e+30 6.727e+32 6.739e-25 4.433e-13 5.571e-12
2.239e+01 7.083e+29 5.687e+32 5.697e-25 3.748e-13 4.709e-12
2.512e+01 4.706e+29 4.757e+32 4.765e-25 3.135e-13 3.939e-12
2.818e+01 3.091e+29 3.934e+32 3.941e-25 2.593e-13 3.258e-12
3.162e+01 2.007e+29 3.215e+32 3.221e-25 2.119e-13 2.662e-12
3.548e+01 1.286e+29 2.594e+32 2.599e-25 1.709e-13 2.148e-12
3.981e+01 8.132e+28 2.065e+32 2.068e-25 1.361e-13 1.710e-12
4.467e+01 5.068e+28 1.620e+32 1.623e-25 1.068e-13 1.342e-12
5.012e+01 3.111e+28 1.252e+32 1.254e-25 8.249e-14 1.037e-12
5.623e+01 1.878e+28 9.516e+31 9.532e-26 6.271e-14 7.880e-13
6.310e+01 1.114e+28 7.108e+31 7.120e-26 4.684e-14 5.886e-13
7.079e+01 6.490e+27 5.212e+31 5.221e-26 3.434e-14 4.316e-13
7.943e+01 3.705e+27 3.746e+31 3.752e-26 2.468e-14 3.102e-13
8.913e+01 2.071e+27 2.635e+31 2.640e-26 1.737e-14 2.182e-13
1.000e+02 1.131e+27 1.812e+31 1.815e-26 1.194e-14 1.500e-13
1.122e+02 6.026e+26 1.216e+31 1.218e-26 8.010e-15 1.007e-13
1.259e+02 3.127e+26 7.941e+30 7.955e-27 5.233e-15 6.576e-14
1.413e+02 1.577e+26 5.042e+30 5.051e-27 3.322e-15 4.175e-14
1.585e+02 7.713e+25 3.104e+30 3.109e-27 2.046e-15 2.571e-14
1.778e+02 3.649e+25 1.849e+30 1.852e-27 1.218e-15 1.531e-14
1.995e+02 1.665e+25 1.062e+30 1.064e-27 6.997e-16 8.793e-15
2.239e+02 7.305e+24 5.866e+29 5.876e-28 3.866e-16 4.858e-15
2.512e+02 3.073e+24 3.106e+29 3.111e-28 2.047e-16 2.572e-15
2.818e+02 1.234e+24 1.570e+29 1.573e-28 1.035e-16 1.300e-15
3.162e+02 4.713e+23 7.551e+28 7.563e-29 4.976e-17 6.252e-16
3.548e+02 1.704e+23 3.436e+28 3.442e-29 2.264e-17 2.845e-16
3.981e+02 5.800e+22 1.473e+28 1.475e-29 9.704e-18 1.219e-16
4.467e+02 1.849e+22 5.909e+27 5.920e-30 3.894e-18 4.893e-17
5.012e+02 5.481e+21 2.206e+27 2.210e-30 1.454e-18 1.827e-17
5.623e+02 1.501e+21 7.606e+26 7.619e-31 5.012e-19 6.298e-18
6.310e+02 3.767e+20 2.403e+26 2.407e-31 1.583e-19 1.990e-18
7.079e+02 8.584e+19 6.893e+25 6.904e-32 4.542e-20 5.708e-19
7.943e+02 1.759e+19 1.778e+25 1.781e-32 1.172e-20 1.472e-19
8.913e+02 3.204e+18 4.078e+24 4.085e-33 2.687e-21 3.377e-20
1.000e+03 5.125e+17 8.211e+23 8.225e-34 5.411e-22 6.799e-21
1.122e+03 7.096e+16 1.431e+23 1.434e-34 9.431e-23 1.185e-21
1.259e+03 8.371e+15 2.126e+22 2.129e-35 1.401e-23 1.760e-22
1.413e+03 8.264e+14 2.642e+21 2.646e-36 1.741e-24 2.188e-23
1.585e+03 6.681e+13 2.689e+20 2.693e-37 1.772e-25 2.227e-24
1.778e+03 4.324e+12 2.191e+19 2.194e-38 1.443e-26 1.814e-25
1.995e+03 2.186e+11 1.395e+18 1.397e-39 9.189e-28 1.155e-26
2.239e+03 8.371e+09 6.722e+16 6.734e-41 4.430e-29 5.566e-28
2.512e+03 2.345e+08 2.371e+15 2.375e-42 1.562e-30 1.963e-29
2.818e+03 4.628e+06 5.890e+13 5.900e-44 3.881e-32 4.877e-31
3.162e+03 6.170e+04 9.885e+11 9.902e-46 6.514e-34 8.186e-33
3.548e+03 5.336e+02 1.076e+10 1.078e-47 7.092e-36 8.912e-35
3.981e+03 2.891e+00 7.342e+07 7.355e-50 4.838e-38 6.080e-37
4.467e+03 9.359e-03 2.992e+05 2.997e-52 1.971e-40 2.477e-39
5.012e+03 1.747e-05 7.029e+02 7.041e-55 4.632e-43 5.821e-42
5.623e+03 1.785e-08 9.044e-01 9.059e-58 5.960e-46 7.489e-45
6.310e+03 9.020e-12 5.753e-04 5.763e-61 3.791e-49 4.764e-48
7.079e+03 1.996e-15 1.603e-07 1.606e-64 1.056e-52 1.327e-51
7.943e+03 1.687e-19 1.705e-11 1.708e-68 1.124e-56 1.412e-55
8.913e+03 4.820e-24 6.134e-16 6.145e-73 4.042e-61 5.080e-60
1.000e+04 0.000e+00 0.000e+00 0.000e+00 0.000e+00 0.000e+00
1.122e+04 0.000e+00 0.000e+00 0.000e+00 0.000e+00 0.000e+00
1.259e+04 0.000e+00 0.000e+00 0.000e+00 0.000e+00 0.000e+00
1.413e+04 0.000e+00 0.000e+00 0.000e+00 0.000e+00 0.000e+00
1.585e+04 0.000e+00 0.000e+00 0.000e+00 0.000e+00 0.000e+00
1.778e+04 0.000e+00 0.000e+00 0.000e+00 0.000e+00 0.000e+00
1.995e+04 0.000e+00 0.000e+00 0.000e+00 0.000e+00 0.000e+00
2.239e+04 0.000e+00 0.000e+00 0.000e+00 0.000e+00 0.000e+00
2.512e+04 0.000e+00 0.000e+00 0.000e+00 0.000e+00 0.000e+00
2.818e+04 0.000e+00 0.000e+00 0.000e+00 0.000e+00 0.000e+00
3.162e+04 0.000e+00 0.000e+00 0.000e+00 0.000e+00 0.000e+00
3.548e+04 0.000e+00 0.000e+00 0.000e+00 0.000e+00 0.000e+00
3.981e+04 0.000e+00 0.000e+00 0.000e+00 0.000e+00 0.000e+00
4.467e+04 0.000e+00 0.000e+00 0.000e+00 0.000e+00 0.000e+00
5.012e+04 0.000e+00 0.000e+00 0.000e+00 0.000e+00 0.000e+00
5.623e+04 0.000e+00 0.000e+00 0.000e+00 0.000e+00 0.000e+00
6.310e+04 0.000e+00 0.000e+00 0.000e+00 0.000e+00 0.000e+00
7.079e+04 0.000e+00 0.000e+00 0.000e+00 0.000e+00 0.000e+00
7.943e+04 0.000e+00 0.000e+00 0.000e+00 0.000e+00 0.000e+00
8.913e+04 0.000e+00 0.000e+00 0.000e+00 0.000e+00 0.000e+00
1.000e+05 0.000e+00 0.000e+00 0.000e+00 0.000e+00 0.000e+00
1.122e+05 0.000e+00 0.000e+00 0.000e+00 0.000e+00 0.000e+00
1.259e+05 0.000e+00 0.000e+00 0.000e+00 0.000e+00 0.000e+00
1.413e+05 0.000e+00 0.000e+00 0.000e+00 0.000e+00 0.000e+00
1.585e+05 0.000e+00 0.000e+00 0.000e+00 0.000e+00 0.000e+00
1.778e+05 0.000e+00 0.000e+00 0.000e+00 0.000e+00 0.000e+00
1.995e+05 0.000e+00 0.000e+00 0.000e+00 0.000e+00 0.000e+00
2.239e+05 0.000e+00 0.000e+00 0.000e+00 0.000e+00 0.000e+00
2.512e+05 0.000e+00 0.000e+00 0.000e+00 0.000e+00 0.000e+00
2.818e+05 0.000e+00 0.000e+00 0.000e+00 0.000e+00 0.000e+00
3.162e+05 0.000e+00 0.000e+00 0.000e+00 0.000e+00 0.000e+00
3.548e+05 0.000e+00 0.000e+00 0.000e+00 0.000e+00 0.000e+00
3.981e+05 0.000e+00 0.000e+00 0.000e+00 0.000e+00 0.000e+00
4.467e+05 0.000e+00 0.000e+00 0.000e+00 0.000e+00 0.000e+00
5.012e+05 0.000e+00 0.000e+00 0.000e+00 0.000e+00 0.000e+00
5.623e+05 0.000e+00 0.000e+00 0.000e+00 0.000e+00 0.000e+00
6.310e+05 0.000e+00 0.000e+00 0.000e+00 0.000e+00 0.000e+00
7.079e+05 0.000e+00 0.000e+00 0.000e+00 0.000e+00 0.000e+00
7.943e+05 0.000e+00 0.000e+00 0.000e+00 0.000e+00 0.000e+00
8.913e+05 0.000e+00 0.000e+00 0.000e+00 0.000e+00 0.000e+00
1.000e+06 0.000e+00 0.000e+00 0.000e+00 0.000e+00 0.000e+00
1.122e+06 0.000e+00 0.000e+00 0.000e+00 0.000e+00 0.000e+00
1.259e+06 0.000e+00 0.000e+00 0.000e+00 0.000e+00 0.000e+00
1.413e+06 0.000e+00 0.000e+00 0.000e+00 0.000e+00 0.000e+00
1.585e+06 0.000e+00 0.000e+00 0.000e+00 0.000e+00 0.000e+00
1.778e+06 0.000e+00 0.000e+00 0.000e+00 0.000e+00 0.000e+00
1.995e+06 0.000e+00 0.000e+00 0.000e+00 0.000e+00 0.000e+00
2.239e+06 0.000e+00 0.000e+00 0.000e+00 0.000e+00 0.000e+00
2.512e+06 0.000e+00 0.000e+00 0.000e+00 0.000e+00 0.000e+00
2.818e+06 0.000e+00 0.000e+00 0.000e+00 0.000e+00 0.000e+00
3.162e+06 0.000e+00 0.000e+00 0.000e+00 0.000e+00 0.000e+00
3.548e+06 0.000e+00 0.000e+00 0.000e+00 0.000e+00 0.000e+00
3.981e+06 0.000e+00 0.000e+00 0.000e+00 0.000e+00 0.000e+00
4.467e+06 0.000e+00 0.000e+00 0.000e+00 0.000e+00 0.000e+00
5.012e+06 0.000e+00 0.000e+00 0.000e+00 0.000e+00 0.000e+00
5.623e+06 0.000e+00 0.000e+00 0.000e+00 0.000e+00 0.000e+00
6.310e+06 0.000e+00 0.000e+00 0.000e+00 0.000e+00 0.000e+00
7.079e+06 0.000e+00 0.000e+00 0.000e+00 0.000e+00 0.000e+00
7.943e+06 0.000e+00 0.000e+00 0.000e+00 0.000e+00 0.000e+00
8.913e+06 0.000e+00 0.000e+00 0.000e+00 0.000e+00 0.000e+00
1.000e+07 0.000e+00 0.000e+00 0.000e+00 0.000e+00 0.000e+00
1.122e+07 0.000e+00 0.000e+00 0.000e+00 0.000e+00 0.000e+00
1.259e+07 0.000e+00 0.000e+00 0.000e+00 0.000e+00 0.000e+00
1.413e+07 0.000e+00 0.000e+00 0.000e+00 0.000e+00 0.000e+00
1.585e+07 0.000e+00 0.000e+00 0.000e+00 0.000e+00 0.000e+00
1.778e+07 0.000e+00 0.000e+00 0.000e+00 0.000e+00 0.000e+00
1.995e+07 0.000e+00 0.000e+00 0.000e+00 0.000e+00 0.000e+00
2.239e+07 0.000e+00 0.000e+00 0.000e+00 0.000e+00 0.000e+00
2.512e+07 0.000e+00 0.000e+00 0.000e+00 0.000e+00 0.000e+00
2.818e+07 0.000e+00 0.000e+00 0.000e+00 0.000e+00 0.000e+00
3.162e+07 0.000e+00 0.000e+00 0.000e+00 0.000e+00 0.000e+00
3.548e+07 0.000e+00 0.000e+00 0.000e+00 0.000e+00 0.000e+00
3.981e+07 0.000e+00 0.000e+00 0.000e+00 0.000e+00 0.000e+00
4.467e+07 0.000e+00 0.000e+00 0.000e+00 0.000e+00 0.000e+00
5.012e+07 0.000e+00 0.000e+00 0.000e+00 0.000e+00 0.000e+00
5.623e+07 0.000e+00 0.000e+00 0.000e+00 0.000e+00 0.000e+00
6.310e+07 0.000e+00 0.000e+00 0.000e+00 0.000e+00 0.000e+00
7.079e+07 0.000e+00 0.000e+00 0.000e+00 0.000e+00 0.000e+00
7.943e+07 0.000e+00 0.000e+00 0.000e+00 0.000e+00 0.000e+00
8.913e+07 0.000e+00 0.000e+00 0.000e+00 0.000e+00 0.000e+00
1.000e+08 0.000e+00 0.000e+00 0.000e+00 0.000e+00 0.000e+00
