1.000e-20 0.000e+00 0.000e+00 0.000e+00 0.000e+00 0.000e+00
1.122e-20 0.000e+00 0.000e+00 0.000e+00 0.000e+00 0.000e+00
1.259e-20 0.000e+00 0.000e+00 0.000e+00 0.000e+00 0.000e+00
1.413e-20 0.000e+00 0.000e+00 0.000e+00 0.000e+00 0.000e+00
1.585e-20 0.000e+00 0.000e+00 0.000e+00 0.000e+00 0.000e+00
1.778e-20 0.000e+00 0.000e+00 0.000e+00 0.000e+00 0.000e+00
1.995e-20 0.000e+00 0.000e+00 0.000e+00 0.000e+00 0.000e+00
2.239e-20 0.000e+00 0.000e+00 0.000e+00 0.000e+00 0.000e+00
2.512e-20 0.000e+00 0.000e+00 0.000e+00 0.000e+00 0.000e+00
2.818e-20 0.000e+00 0.000e+00 0.000e+00 0.000e+00 0.000e+00
3.162e-20 0.000e+00 0.000e+00 0.000e+00 0.000e+00 0.000e+00
3.548e-20 0.000e+00 0.000e+00 0.000e+00 0.000e+00 0.000e+00
3.981e-20 0.000e+00 0.000e+00 0.000e+00 0.000e+00 0.000e+00
4.467e-20 0.000e+00 0.000e+00 0.000e+00 0.000e+00 0.000e+00
5.012e-20 0.000e+00 0.000e+00 0.000e+00 0.000e+00 0.000e+00
5.623e-20 0.000e+00 0.000e+00 0.000e+00 0.000e+00 0.000e+00
6.310e-20 0.000e+00 0.000e+00 0.000e+00 0.000e+00 0.000e+00
7.079e-20 0.000e+00 0.000e+00 0.000e+00 0.000e+00 0.000e+00
7.943e-20 0.000e+00 0.000e+00 0.000e+00 0.000e+00 0.000e+00
8.913e-20 0.000e+00 0.000e+00 0.000e+00 0.000e+00 0.000e+00
1.000e-19 0.000e+00 0.000e+00 0.000e+00 0.000e+00 0.000e+00
1.122e-19 0.000e+00 0.000e+00 0.000e+00 0.000e+00 0.000e+00
1.259e-19 0.000e+00 0.000e+00 0.000e+00 0.000e+00 0.000e+00
1.413e-19 0.000e+00 0.000e+00 0.000e+00 0.000e+00 0.000e+00
1.585e-19 0.000e+00 0.000e+00 0.000e+00 0.000e+00 0.000e+00
1.778e-19 0.000e+00 0.000e+00 0.000e+00 0.000e+00 0.000e+00
1.995e-19 0.000e+00 0.000e+00 0.000e+00 0.000e+00 0.000e+00
2.239e-19 0.000e+00 0.000e+00 0.000e+00 0.000e+00 0.000e+00
2.512e-19 0.000e+00 0.000e+00 0.000e+00 0.000e+00 0.000e+00
2.818e-19 0.000e+00 0.000e+00 0.000e+00 0.000e+00 0.000e+00
3.162e-19 0.000e+00 0.000e+00 0.000e+00 0.000e+00 0.000e+00
3.548e-19 0.000e+00 0.000e+00 0.000e+00 0.000e+00 0.000e+00
3.981e-19 0.000e+00 0.000e+00 0.000e+00 0.000e+00 0.000e+00
4.467e-19 0.000e+00 0.000e+00 0.000e+00 0.000e+00 0.000e+00
5.012e-19 0.000e+00 0.000e+00 0.000e+00 0.000e+00 0.000e+00
5.623e-19 0.000e+00 0.000e+00 0.000e+00 0.000e+00 0.000e+00
6.310e-19 0.000e+00 0.000e+00 0.000e+00 0.000e+00 0.000e+00
7.079e-19 0.000e+00 0.000e+00 0.000e+00 0.000e+00 0.000e+00
7.943e-19 0.000e+00 0.000e+00 0.000e+00 0.000e+00 0.000e+00
8.913e-19 0.000e+00 0.000e+00 0.000e+00 0.000e+00 0.000e+00
1.000e-18 0.000e+00 0.000e+00 0.000e+00 0.000e+00 0.000e+00
1.122e-18 0.000e+00 0.000e+00 0.000e+00 0.000e+00 0.000e+00
1.259e-18 0.000e+00 0.000e+00 0.000e+00 0.000e+00 0.000e+00
1.413e-18 0.000e+00 0.000e+00 0.000e+00 0.000e+00 0.000e+00
1.585e-18 0.000e+00 0.000e+00 0.000e+00 0.000e+00 0.000e+00
1.778e-18 0.000e+00 0.000e+00 0.000e+00 0.000e+00 0.000e+00
1.995e-18 0.000e+00 0.000e+00 0.000e+00 0.000e+00 0.000e+00
2.239e-18 0.000e+00 0.000e+00 0.000e+00 0.000e+00 0.000e+00
2.512e-18 0.000e+00 0.000e+00 0.000e+00 0.000e+00 0.000e+00
2.818e-18 0.000e+00 0.000e+00 0.000e+00 0.000e+00 0.000e+00
3.162e-18 0.000e+00 0.000e+00 0.000e+00 0.000e+00 0.000e+00
3.548e-18 0.000e+00 0.000e+00 0.000e+00 0.000e+00 0.000e+00
3.981e-18 0.000e+00 0.000e+00 0.000e+00 0.000e+00 0.000e+00
4.467e-18 0.000e+00 0.000e+00 0.000e+00 0.000e+00 0.000e+00
5.012e-18 0.000e+00 0.000e+00 0.000e+00 0.000e+00 0.000e+00
5.623e-18 0.000e+00 0.000e+00 0.000e+00 0.000e+00 0.000e+00
6.310e-18 0.000e+00 0.000e+00 0.000e+00 0.000e+00 0.000e+00
7.079e-18 0.000e+00 0.000e+00 0.000e+00 0.000e+00 0.000e+00
7.943e-18 0.000e+00 0.000e+00 0.000e+00 0.000e+00 0.000e+00
8.913e-18 0.000e+00 0.000e+00 0.000e+00 0.000e+00 0.000e+00
1.000e-17 0.000e+00 0.000e+00 0.000e+00 0.000e+00 0.000e+00
1.122e-17 0.000e+00 0.000e+00 0.000e+00 0.000e+00 0.000e+00
1.259e-17 0.000e+00 0.000e+00 0.000e+00 0.000e+00 0.000e+00
1.413e-17 0.000e+00 0.000e+00 0.000e+00 0.000e+00 0.000e+00
1.585e-17 0.000e+00 0.000e+00 0.000e+00 0.000e+00 0.000e+00
1.778e-17 0.000e+00 0.000e+00 0.000e+00 0.000e+00 0.000e+00
1.995e-17 0.000e+00 0.000e+00 0.000e+00 0.000e+00 0.000e+00
2.239e-17 0.000e+00 0.000e+00 0.000e+00 0.000e+00 0.000e+00
2.512e-17 0.000e+00 0.000e+00 0.000e+00 0.000e+00 0.000e+00
2.818e-17 0.000e+00 0.000e+00 0.000e+00 0.000e+00 0.000e+00
3.162e-17 0.000e+00 0.000e+00 0.000e+00 0.000e+00 0.000e+00
3.548e-17 0.000e+00 0.000e+00 0.000e+00 0.000e+00 0.000e+00
3.981e-17 0.000e+00 0.000e+00 0.000e+00 0.000e+00 0.000e+00
4.467e-17 0.000e+00 0.000e+00 0.000e+00 0.000e+00 0.000e+00
5.012e-17 0.000e+00 0.000e+00 0.000e+00 0.000e+00 0.000e+00
5.623e-17 0.000e+00 0.000e+00 0.000e+00 0.000e+00 0.000e+00
6.310e-17 0.000e+00 0.000e+00 0.000e+00 0.000e+00 0.000e+00
7.079e-17 0.000e+00 0.000e+00 0.000e+00 0.000e+00 0.000e+00
7.943e-17 0.000e+00 0.000e+00 0.000e+00 0.000e+00 0.000e+00
8.913e-17 0.000e+00 0.000e+00 0.000e+00 0.000e+00 0.000e+00
1.000e-16 0.000e+00 0.000e+00 0.000e+00 0.000e+00 0.000e+00
1.122e-16 0.000e+00 0.000e+00 0.000e+00 0.000e+00 0.000e+00
1.259e-16 0.000e+00 0.000e+00 0.000e+00 0.000e+00 0.000e+00
1.413e-16 0.000e+00 0.000e+00 0.000e+00 0.000e+00 0.000e+00
1.585e-16 0.000e+00 0.000e+00 0.000e+00 0.000e+00 0.000e+00
1.778e-16 0.000e+00 0.000e+00 0.000e+00 0.000e+00 0.000e+00
1.995e-16 0.000e+00 0.000e+00 0.000e+00 0.000e+00 0.000e+00
2.239e-16 0.000e+00 0.000e+00 0.000e+00 0.000e+00 0.000e+00
2.512e-16 0.000e+00 0.000e+00 0.000e+00 0.000e+00 0.000e+00
2.818e-16 0.000e+00 0.000e+00 0.000e+00 0.000e+00 0.000e+00
3.162e-16 0.000e+00 0.000e+00 0.000e+00 0.000e+00 0.000e+00
3.548e-16 0.000e+00 0.000e+00 0.000e+00 0.000e+00 0.000e+00
3.981e-16 0.000e+00 0.000e+00 0.000e+00 0.000e+00 0.000e+00
4.467e-16 0.000e+00 0.000e+00 0.000e+00 0.000e+00 0.000e+00
5.012e-16 0.000e+00 0.000e+00 0.000e+00 0.000e+00 0.000e+00
5.623e-16 0.000e+00 0.000e+00 0.000e+00 0.000e+00 0.000e+00
6.310e-16 0.000e+00 0.000e+00 0.000e+00 0.000e+00 0.000e+00
7.079e-16 0.000e+00 0.000e+00 0.000e+00 0.000e+00 0.000e+00
7.943e-16 0.000e+00 0.000e+00 0.000e+00 0.000e+00 0.000e+00
8.913e-16 0.000e+00 0.000e+00 0.000e+00 0.000e+00 0.000e+00
1.000e-15 0.000e+00 0.000e+00 0.000e+00 0.000e+00 0.000e+00
1.122e-15 0.000e+00 0.000e+00 0.000e+00 0.000e+00 0.000e+00
1.259e-15 0.000e+00 0.000e+00 0.000e+00 0.000e+00 0.000e+00
1.413e-15 0.000e+00 0.000e+00 0.000e+00 0.000e+00 0.000e+00
1.585e-15 0.000e+00 0.000e+00 0.000e+00 0.000e+00 0.000e+00
1.778e-15 0.000e+00 0.000e+00 0.000e+00 0.000e+00 0.000e+00
1.995e-15 0.000e+00 0.000e+00 0.000e+00 0.000e+00 0.000e+00
2.239e-15 0.000e+00 0.000e+00 0.000e+00 0.000e+00 0.000e+00
2.512e-15 0.000e+00 0.000e+00 0.000e+00 0.000e+00 0.000e+00
2.818e-15 0.000e+00 0.000e+00 0.000e+00 0.000e+00 0.000e+00
3.162e-15 0.000e+00 0.000e+00 0.000e+00 0.000e+00 0.000e+00
3.548e-15 0.000e+00 0.000e+00 0.000e+00 0.000e+00 0.000e+00
3.981e-15 0.000e+00 0.000e+00 0.000e+00 0.000e+00 0.000e+00
4.467e-15 0.000e+00 0.000e+00 0.000e+00 0.000e+00 0.000e+00
5.012e-15 0.000e+00 0.000e+00 0.000e+00 0.000e+00 0.000e+00
5.623e-15 0.000e+00 0.000e+00 0.000e+00 0.000e+00 0.000e+00
6.310e-15 0.000e+00 0.000e+00 0.000e+00 0.000e+00 0.000e+00
7.079e-15 0.000e+00 0.000e+00 0.000e+00 0.000e+00 0.000e+00
7.943e-15 0.000e+00 0.000e+00 0.000e+00 0.000e+00 0.000e+00
8.913e-15 0.000e+00 0.000e+00 0.000e+00 0.000e+00 0.000e+00
1.000e-14 0.000e+00 0.000e+00 0.000e+00 0.000e+00 0.000e+00
1.122e-14 0.000e+00 0.000e+00 0.000e+00 0.000e+00 0.000e+00
1.259e-14 0.000e+00 0.000e+00 0.000e+00 0.000e+00 0.000e+00
1.413e-14 0.000e+00 0.000e+00 0.000e+00 0.000e+00 0.000e+00
1.585e-14 0.000e+00 0.000e+00 0.000e+00 0.000e+00 0.000e+00
1.778e-14 0.000e+00 0.000e+00 0.000e+00 0.000e+00 0.000e+00
1.995e-14 0.000e+00 0.000e+00 0.000e+00 0.000e+00 0.000e+00
2.239e-14 0.000e+00 0.000e+00 0.000e+00 0.000e+00 0.000e+00
2.512e-14 0.000e+00 0.000e+00 0.000e+00 0.000e+00 0.000e+00
2.818e-14 0.000e+00 0.000e+00 0.000e+00 0.000e+00 0.000e+00
3.162e-14 0.000e+00 0.000e+00 0.000e+00 0.000e+00 0.000e+00
3.548e-14 0.000e+00 0.000e+00 0.000e+00 0.000e+00 0.000e+00
3.981e-14 0.000e+00 0.000e+00 0.000e+00 0.000e+00 0.000e+00
4.467e-14 0.000e+00 0.000e+00 0.000e+00 0.000e+00 0.000e+00
5.012e-14 0.000e+00 0.000e+00 0.000e+00 0.000e+00 0.000e+00
5.623e-14 0.000e+00 0.000e+00 0.000e+00 0.000e+00 0.000e+00
6.310e-14 0.000e+00 0.000e+00 0.000e+00 0.000e+00 0.000e+00
7.079e-14 0.000e+00 0.000e+00 0.000e+00 0.000e+00 0.000e+00
7.943e-14 0.000e+00 0.000e+00 0.000e+00 0.000e+00 0.000e+00
8.913e-14 0.000e+00 0.000e+00 0.000e+00 0.000e+00 0.000e+00
1.000e-13 0.000e+00 0.000e+00 0.000e+00 0.000e+00 0.000e+00
1.122e-13 0.000e+00 0.000e+00 0.000e+00 0.000e+00 0.000e+00
1.259e-13 0.000e+00 0.000e+00 0.000e+00 0.000e+00 0.000e+00
1.413e-13 0.000e+00 0.000e+00 0.000e+00 0.000e+00 0.000e+00
1.585e-13 0.000e+00 0.000e+00 0.000e+00 0.000e+00 0.000e+00
1.778e-13 0.000e+00 0.000e+00 0.000e+00 0.000e+00 0.000e+00
1.995e-13 0.000e+00 0.000e+00 0.000e+00 0.000e+00 0.000e+00
2.239e-13 0.000e+00 0.000e+00 0.000e+00 0.000e+00 0.000e+00
2.512e-13 0.000e+00 0.000e+00 0.000e+00 0.000e+00 0.000e+00
2.818e-13 0.000e+00 0.000e+00 0.000e+00 0.000e+00 0.000e+00
3.162e-13 0.000e+00 0.000e+00 0.000e+00 0.000e+00 0.000e+00
3.548e-13 0.000e+00 0.000e+00 0.000e+00 0.000e+00 0.000e+00
3.981e-13 0.000e+00 0.000e+00 0.000e+00 0.000e+00 0.000e+00
4.467e-13 0.000e+00 0.000e+00 0.000e+00 0.000e+00 0.000e+00
5.012e-13 0.000e+00 0.000e+00 0.000e+00 0.000e+00 0.000e+00
5.623e-13 0.000e+00 0.000e+00 0.000e+00 0.000e+00 0.000e+00
6.310e-13 0.000e+00 0.000e+00 0.000e+00 0.000e+00 0.000e+00
7.079e-13 0.000e+00 0.000e+00 0.000e+00 0.000e+00 0.000e+00
7.943e-13 0.000e+00 0.000e+00 0.000e+00 0.000e+00 0.000e+00
8.913e-13 0.000e+00 0.000e+00 0.000e+00 0.000e+00 0.000e+00
1.000e-12 0.000e+00 0.000e+00 0.000e+00 0.000e+00 0.000e+00
1.122e-12 0.000e+00 0.000e+00 0.000e+00 0.000e+00 0.000e+00
1.259e-12 0.000e+00 0.000e+00 0.000e+00 0.000e+00 0.000e+00
1.413e-12 0.000e+00 0.000e+00 0.000e+00 0.000e+00 0.000e+00
1.585e-12 0.000e+00 0.000e+00 0.000e+00 0.000e+00 0.000e+00
1.778e-12 0.000e+00 0.000e+00 0.000e+00 0.000e+00 0.000e+00
1.995e-12 0.000e+00 0.000e+00 0.000e+00 0.000e+00 0.000e+00
2.239e-12 1.225e-277 9.840e-301 0.000e+00 0.000e+00 0.000e+00
2.512e-12 1.479e-234 1.495e-257 1.498e-314 9.853e-303 1.238e-301
2.818e-12 1.051e-197 1.338e-220 1.340e-277 8.815e-266 1.108e-264
3.162e-12 1.313e-166 2.103e-189 2.107e-246 1.386e-234 1.741e-233
3.548e-12 1.411e-139 2.846e-162 2.851e-219 1.875e-207 2.357e-206
3.981e-12 9.189e-117 2.333e-139 2.337e-196 1.538e-184 1.932e-183
4.467e-12 3.382e-97 1.081e-119 1.083e-176 7.123e-165 8.951e-164
5.012e-12 1.203e-80 4.841e-103 4.849e-160 3.190e-148 4.009e-147
5.623e-12 3.235e-66 1.639e-88 1.642e-145 1.080e-133 1.357e-132
6.310e-12 5.247e-54 3.347e-76 3.353e-133 2.205e-121 2.771e-120
7.079e-12 1.667e-43 1.338e-65 1.341e-122 8.820e-111 1.108e-109
7.943e-12 1.805e-34 1.825e-56 1.828e-113 1.203e-101 1.511e-100
8.913e-12 1.074e-26 1.367e-48 1.369e-105 9.005e-94 1.132e-92
1.000e-11 4.260e-20 6.826e-42 6.838e-99 4.498e-87 5.652e-86
1.122e-11 2.542e-14 5.127e-36 5.136e-93 3.378e-81 4.246e-80
1.259e-11 2.079e-09 5.279e-31 5.288e-88 3.478e-76 4.371e-75
1.413e-11 3.403e-05 1.088e-26 1.090e-83 7.169e-72 9.009e-71
1.585e-11 1.948e-01 7.838e-23 7.852e-80 5.165e-68 6.491e-67
1.778e-11 4.562e+02 2.311e-19 2.315e-76 1.523e-64 1.914e-63
1.995e-11 4.735e+05 3.020e-16 3.025e-73 1.990e-61 2.501e-60
2.239e-11 2.138e+08 1.716e-13 1.719e-70 1.131e-58 1.421e-57
2.512e-11 4.664e+10 4.714e-11 4.722e-68 3.107e-56 3.904e-55
2.818e-11 5.320e+12 6.771e-09 6.783e-66 4.462e-54 5.607e-53
3.162e-11 3.337e+14 5.347e-07 5.356e-64 3.523e-52 4.427e-51
3.548e-11 1.350e+16 2.723e-05 2.728e-62 1.795e-50 2.255e-49
3.981e-11 3.604e+17 9.151e-04 9.167e-61 6.030e-49 7.578e-48
4.467e-11 6.775e+18 2.166e-02 2.170e-59 1.427e-47 1.793e-46
5.012e-11 9.475e+19 3.813e-01 3.820e-58 2.513e-46 3.158e-45
5.623e-11 1.025e+21 5.196e+00 5.204e-57 3.424e-45 4.302e-44
6.310e-11 8.837e+21 5.637e+01 5.646e-56 3.714e-44 4.668e-43
7.079e-11 6.232e+22 5.005e+02 5.013e-55 3.298e-43 4.144e-42
7.943e-11 3.699e+23 3.739e+03 3.745e-54 2.464e-42 3.096e-41
8.913e-11 1.883e+24 2.397e+04 2.401e-53 1.579e-41 1.985e-40
1.000e-10 8.372e+24 1.341e+05 1.344e-52 8.839e-41 1.111e-39
1.122e-10 3.301e+25 6.659e+05 6.670e-52 4.388e-40 5.514e-39
1.259e-10 1.170e+26 2.971e+06 2.976e-51 1.958e-39 2.460e-38
1.413e-10 3.773e+26 1.206e+07 1.208e-50 7.949e-39 9.989e-38
1.585e-10 1.119e+27 4.503e+07 4.511e-50 2.968e-38 3.729e-37
1.778e-10 3.079e+27 1.560e+08 1.562e-49 1.028e-37 1.292e-36
1.995e-10 7.920e+27 5.052e+08 5.061e-49 3.329e-37 4.183e-36
2.239e-10 1.918e+28 1.540e+09 1.543e-48 1.015e-36 1.276e-35
2.512e-10 4.401e+28 4.449e+09 4.456e-48 2.932e-36 3.684e-35
2.818e-10 9.613e+28 1.223e+10 1.225e-47 8.061e-36 1.013e-34
3.162e-10 2.009e+29 3.218e+10 3.224e-47 2.121e-35 2.665e-34
3.548e-10 4.032e+29 8.133e+10 8.147e-47 5.360e-35 6.735e-34
3.981e-10 7.805e+29 1.982e+11 1.985e-46 1.306e-34 1.641e-33
4.467e-10 1.461e+30 4.672e+11 4.680e-46 3.079e-34 3.869e-33
5.012e-10 2.655e+30 1.068e+12 1.070e-45 7.040e-34 8.847e-33
5.623e-10 4.691e+30 2.377e+12 2.381e-45 1.566e-33 1.968e-32
6.310e-10 8.082e+30 5.155e+12 5.163e-45 3.397e-33 4.268e-32
7.079e-10 1.360e+31 1.092e+13 1.094e-44 7.197e-33 9.045e-32
7.943e-10 2.241e+31 2.265e+13 2.269e-44 1.493e-32 1.876e-31
8.913e-10 3.620e+31 4.607e+13 4.614e-44 3.036e-32 3.815e-31
1.000e-09 5.741e+31 9.199e+13 9.214e-44 6.062e-32 7.617e-31
1.122e-09 8.955e+31 1.806e+14 1.809e-43 1.190e-31 1.496e-30
1.259e-09 1.375e+32 3.492e+14 3.498e-43 2.301e-31 2.891e-30
1.413e-09 2.081e+32 6.653e+14 6.665e-43 4.384e-31 5.509e-30
1.585e-09 3.108e+32 1.251e+15 1.253e-42 8.243e-31 1.036e-29
1.778e-09 4.585e+32 2.323e+15 2.327e-42 1.531e-30 1.923e-29
1.995e-09 6.685e+32 4.264e+15 4.271e-42 2.810e-30 3.531e-29
2.239e-09 9.641e+32 7.742e+15 7.755e-42 5.102e-30 6.411e-29
2.512e-09 1.377e+33 1.392e+16 1.394e-41 9.171e-30 1.152e-28
2.818e-09 1.947e+33 2.478e+16 2.483e-41 1.633e-29 2.052e-28
3.162e-09 2.731e+33 4.375e+16 4.383e-41 2.883e-29 3.623e-28
3.548e-09 3.798e+33 7.660e+16 7.673e-41 5.048e-29 6.343e-28
3.981e-09 5.242e+33 1.331e+17 1.333e-40 8.770e-29 1.102e-27
4.467e-09 7.182e+33 2.296e+17 2.300e-40 1.513e-28 1.901e-27
5.012e-09 9.775e+33 3.934e+17 3.940e-40 2.592e-28 3.257e-27
5.623e-09 1.322e+34 6.697e+17 6.709e-40 4.413e-28 5.546e-27
6.310e-09 1.777e+34 1.134e+18 1.135e-39 7.469e-28 9.386e-27
7.079e-09 2.376e+34 1.908e+18 1.911e-39 1.257e-27 1.580e-26
7.943e-09 3.159e+34 3.194e+18 3.199e-39 2.105e-27 2.645e-26
8.913e-09 4.181e+34 5.321e+18 5.330e-39 3.506e-27 4.406e-26
1.000e-08 5.507e+34 8.823e+18 8.838e-39 5.814e-27 7.306e-26
1.122e-08 7.221e+34 1.457e+19 1.459e-38 9.598e-27 1.206e-25
1.259e-08 9.430e+34 2.395e+19 2.399e-38 1.578e-26 1.983e-25
1.413e-08 1.227e+35 3.921e+19 3.928e-38 2.584e-26 3.247e-25
1.585e-08 1.590e+35 6.398e+19 6.409e-38 4.216e-26 5.298e-25
1.778e-08 2.053e+35 1.040e+20 1.042e-37 6.855e-26 8.614e-25
1.995e-08 2.643e+35 1.686e+20 1.689e-37 1.111e-25 1.396e-24
2.239e-08 3.392e+35 2.723e+20 2.728e-37 1.795e-25 2.255e-24
2.512e-08 4.339e+35 4.387e+20 4.394e-37 2.891e-25 3.632e-24
2.818e-08 5.536e+35 7.046e+20 7.058e-37 4.643e-25 5.834e-24
3.162e-08 7.045e+35 1.129e+21 1.131e-36 7.438e-25 9.346e-24
3.548e-08 8.942e+35 1.804e+21 1.807e-36 1.188e-24 1.493e-23
3.981e-08 1.132e+36 2.875e+21 2.880e-36 1.894e-24 2.381e-23
4.467e-08 1.430e+36 4.572e+21 4.580e-36 3.013e-24 3.786e-23
5.012e-08 1.803e+36 7.256e+21 7.269e-36 4.782e-24 6.009e-23
5.623e-08 2.268e+36 1.149e+22 1.151e-35 7.573e-24 9.516e-23
6.310e-08 2.848e+36 1.817e+22 1.820e-35 1.197e-23 1.504e-22
7.079e-08 3.570e+36 2.867e+22 2.872e-35 1.889e-23 2.374e-22
7.943e-08 4.470e+36 4.519e+22 4.526e-35 2.978e-23 3.742e-22
8.913e-08 5.590e+36 7.114e+22 7.126e-35 4.688e-23 5.891e-22
1.000e-07 6.985e+36 1.119e+23 1.121e-34 7.375e-23 9.268e-22
1.122e-07 8.723e+36 1.760e+23 1.762e-34 1.159e-22 1.457e-21
1.259e-07 1.089e+37 2.765e+23 2.769e-34 1.822e-22 2.289e-21
1.413e-07 1.358e+37 4.341e+23 4.348e-34 2.861e-22 3.595e-21
1.585e-07 1.693e+37 6.812e+23 6.824e-34 4.489e-22 5.641e-21
1.778e-07 2.108e+37 1.068e+24 1.070e-33 7.039e-22 8.845e-21
1.995e-07 2.624e+37 1.673e+24 1.676e-33 1.103e-21 1.386e-20
2.239e-07 3.262e+37 2.619e+24 2.623e-33 1.726e-21 2.169e-20
2.512e-07 4.050e+37 4.094e+24 4.101e-33 2.698e-21 3.390e-20
2.818e-07 5.023e+37 6.392e+24 6.403e-33 4.212e-21 5.293e-20
3.162e-07 6.220e+37 9.965e+24 9.982e-33 6.567e-21 8.252e-20
3.548e-07 7.691e+37 1.551e+25 1.554e-32 1.022e-20 1.285e-19
3.981e-07 9.494e+37 2.411e+25 2.415e-32 1.589e-20 1.996e-19
4.467e-07 1.170e+38 3.741e+25 3.748e-32 2.465e-20 3.098e-19
5.012e-07 1.440e+38 5.797e+25 5.807e-32 3.820e-20 4.801e-19
5.623e-07 1.771e+38 8.971e+25 8.986e-32 5.912e-20 7.429e-19
6.310e-07 2.174e+38 1.387e+26 1.389e-31 9.137e-20 1.148e-18
7.079e-07 2.666e+38 2.141e+26 2.144e-31 1.411e-19 1.773e-18
7.943e-07 3.266e+38 3.302e+26 3.307e-31 2.176e-19 2.734e-18
8.913e-07 3.998e+38 5.088e+26 5.097e-31 3.353e-19 4.213e-18
1.000e-06 4.889e+38 7.833e+26 7.846e-31 5.162e-19 6.486e-18
1.122e-06 5.973e+38 1.205e+27 1.207e-30 7.939e-19 9.977e-18
1.259e-06 7.290e+38 1.851e+27 1.854e-30 1.220e-18 1.533e-17
1.413e-06 8.888e+38 2.841e+27 2.846e-30 1.872e-18 2.353e-17
1.585e-06 1.083e+39 4.357e+27 4.365e-30 2.871e-18 3.608e-17
1.778e-06 1.318e+39 6.679e+27 6.691e-30 4.401e-18 5.531e-17
1.995e-06 1.604e+39 1.023e+28 1.025e-29 6.743e-18 8.474e-17
2.239e-06 1.951e+39 1.567e+28 1.569e-29 1.032e-17 1.297e-16
2.512e-06 2.369e+39 2.395e+28 2.399e-29 1.578e-17 1.983e-16
2.818e-06 2.872e+39 3.655e+28 3.662e-29 2.409e-17 3.027e-16
3.162e-06 3.473e+39 5.565e+28 5.574e-29 3.667e-17 4.608e-16
3.548e-06 4.187e+39 8.446e+28 8.460e-29 5.566e-17 6.994e-16
3.981e-06 5.031e+39 1.278e+29 1.280e-28 8.418e-17 1.058e-15
4.467e-06 6.022e+39 1.925e+29 1.928e-28 1.269e-16 1.594e-15
5.012e-06 7.178e+39 2.889e+29 2.894e-28 1.904e-16 2.392e-15
5.623e-06 8.520e+39 4.316e+29 4.324e-28 2.844e-16 3.574e-15
6.310e-06 1.006e+40 6.419e+29 6.430e-28 4.230e-16 5.316e-15
7.079e-06 1.183e+40 9.499e+29 9.515e-28 6.259e-16 7.866e-15
7.943e-06 1.384e+40 1.399e+30 1.401e-27 9.218e-16 1.158e-14
8.913e-06 1.610e+40 2.049e+30 2.053e-27 1.350e-15 1.697e-14
1.000e-05 1.864e+40 2.986e+30 2.991e-27 1.968e-15 2.473e-14
1.122e-05 2.145e+40 4.326e+30 4.333e-27 2.851e-15 3.582e-14
1.259e-05 2.452e+40 6.227e+30 6.237e-27 4.103e-15 5.156e-14
1.413e-05 2.784e+40 8.898e+30 8.913e-27 5.864e-15 7.368e-14
1.585e-05 3.136e+40 1.262e+31 1.264e-26 8.316e-15 1.045e-13
1.778e-05 3.503e+40 1.775e+31 1.778e-26 1.170e-14 1.470e-13
1.995e-05 3.880e+40 2.475e+31 2.479e-26 1.631e-14 2.050e-13
2.239e-05 4.260e+40 3.420e+31 3.426e-26 2.254e-14 2.832e-13
2.512e-05 4.634e+40 4.684e+31 4.692e-26 3.087e-14 3.879e-13
2.818e-05 4.995e+40 6.358e+31 6.368e-26 4.189e-14 5.264e-13
3.162e-05 5.337e+40 8.551e+31 8.565e-26 5.634e-14 7.080e-13
3.548e-05 5.651e+40 1.140e+32 1.142e-25 7.511e-14 9.438e-13
3.981e-05 5.930e+40 1.506e+32 1.508e-25 9.923e-14 1.247e-12
4.467e-05 6.170e+40 1.972e+32 1.976e-25 1.300e-13 1.633e-12
5.012e-05 6.364e+40 2.561e+32 2.565e-25 1.688e-13 2.121e-12
5.623e-05 6.508e+40 3.297e+32 3.303e-25 2.173e-13 2.731e-12
6.310e-05 6.600e+40 4.210e+32 4.217e-25 2.774e-13 3.486e-12
7.079e-05 6.611e+40 5.308e+32 5.317e-25 3.498e-13 4.396e-12
7.943e-05 6.528e+40 6.599e+32 6.610e-25 4.348e-13 5.464e-12
8.913e-05 6.392e+40 8.135e+32 8.148e-25 5.360e-13 6.736e-12
1.000e-04 6.206e+40 9.943e+32 9.960e-25 6.552e-13 8.233e-12
1.122e-04 5.974e+40 1.205e+33 1.207e-24 7.940e-13 9.978e-12
1.259e-04 5.701e+40 1.448e+33 1.450e-24 9.539e-13 1.199e-11
1.413e-04 5.392e+40 1.724e+33 1.727e-24 1.136e-12 1.427e-11
1.585e-04 5.055e+40 2.034e+33 2.038e-24 1.341e-12 1.685e-11
1.778e-04 4.696e+40 2.379e+33 2.383e-24 1.568e-12 1.970e-11
1.995e-04 4.323e+40 2.758e+33 2.762e-24 1.817e-12 2.284e-11
2.239e-04 3.945e+40 3.167e+33 3.173e-24 2.087e-12 2.623e-11
2.512e-04 3.567e+40 3.606e+33 3.612e-24 2.376e-12 2.986e-11
2.818e-04 3.197e+40 4.069e+33 4.076e-24 2.681e-12 3.369e-11
3.162e-04 2.842e+40 4.553e+33 4.561e-24 3.000e-12 3.770e-11
3.548e-04 2.507e+40 5.056e+33 5.064e-24 3.332e-12 4.187e-11
3.981e-04 2.195e+40 5.574e+33 5.583e-24 3.673e-12 4.615e-11
4.467e-04 1.909e+40 6.103e+33 6.114e-24 4.022e-12 5.054e-11
5.012e-04 1.651e+40 6.645e+33 6.656e-24 4.379e-12 5.502e-11
5.623e-04 1.420e+40 7.196e+33 7.208e-24 4.742e-12 5.959e-11
6.310e-04 1.215e+40 7.751e+33 7.764e-24 5.107e-12 6.418e-11
7.079e-04 1.035e+40 8.308e+33 8.322e-24 5.475e-12 6.880e-11
7.943e-04 8.766e+39 8.862e+33 8.877e-24 5.839e-12 7.338e-11
8.913e-04 7.392e+39 9.407e+33 9.423e-24 6.199e-12 7.790e-11
1.000e-03 6.205e+39 9.942e+33 9.959e-24 6.551e-12 8.233e-11
1.122e-03 5.188e+39 1.046e+34 1.048e-23 6.895e-12 8.665e-11
1.259e-03 4.321e+39 1.097e+34 1.099e-23 7.229e-12 9.085e-11
1.413e-03 3.586e+39 1.146e+34 1.148e-23 7.553e-12 9.492e-11
1.585e-03 2.967e+39 1.194e+34 1.196e-23 7.867e-12 9.887e-11
1.778e-03 2.448e+39 1.240e+34 1.243e-23 8.174e-12 1.027e-10
1.995e-03 2.016e+39 1.286e+34 1.288e-23 8.475e-12 1.065e-10
2.239e-03 1.658e+39 1.332e+34 1.334e-23 8.776e-12 1.103e-10
2.512e-03 1.363e+39 1.378e+34 1.380e-23 9.079e-12 1.141e-10
2.818e-03 1.119e+39 1.425e+34 1.427e-23 9.388e-12 1.180e-10
3.162e-03 9.190e+38 1.472e+34 1.475e-23 9.702e-12 1.219e-10
3.548e-03 7.539e+38 1.521e+34 1.523e-23 1.002e-11 1.259e-10
3.981e-03 6.178e+38 1.569e+34 1.572e-23 1.034e-11 1.299e-10
4.467e-03 5.058e+38 1.617e+34 1.620e-23 1.065e-11 1.339e-10
5.012e-03 4.137e+38 1.665e+34 1.668e-23 1.097e-11 1.379e-10
5.623e-03 3.380e+38 1.713e+34 1.715e-23 1.128e-11 1.418e-10
6.310e-03 2.759e+38 1.760e+34 1.763e-23 1.160e-11 1.457e-10
7.079e-03 2.250e+38 1.807e+34 1.810e-23 1.191e-11 1.496e-10
7.943e-03 1.833e+38 1.853e+34 1.856e-23 1.221e-11 1.535e-10
8.913e-03 1.492e+38 1.899e+34 1.902e-23 1.251e-11 1.572e-10
1.000e-02 1.212e+38 1.942e+34 1.946e-23 1.280e-11 1.608e-10
1.122e-02 9.837e+37 1.984e+34 1.988e-23 1.308e-11 1.643e-10
1.259e-02 7.971e+37 2.024e+34 2.027e-23 1.334e-11 1.676e-10
1.413e-02 6.448e+37 2.061e+34 2.065e-23 1.358e-11 1.707e-10
1.585e-02 5.208e+37 2.096e+34 2.100e-23 1.381e-11 1.736e-10
1.778e-02 4.201e+37 2.128e+34 2.132e-23 1.402e-11 1.762e-10
1.995e-02 3.384e+37 2.158e+34 2.162e-23 1.422e-11 1.787e-10
2.239e-02 2.722e+37 2.186e+34 2.190e-23 1.440e-11 1.810e-10
2.512e-02 2.188e+37 2.212e+34 2.215e-23 1.457e-11 1.831e-10
2.818e-02 1.757e+37 2.236e+34 2.240e-23 1.473e-11 1.851e-10
3.162e-02 1.410e+37 2.258e+34 2.262e-23 1.488e-11 1.870e-10
3.548e-02 1.130e+37 2.280e+34 2.284e-23 1.502e-11 1.888e-10
3.981e-02 9.057e+36 2.300e+34 2.304e-23 1.515e-11 1.904e-10
4.467e-02 7.253e+36 2.319e+34 2.323e-23 1.528e-11 1.920e-10
5.012e-02 5.805e+36 2.336e+34 2.340e-23 1.539e-11 1.935e-10
5.623e-02 4.642e+36 2.352e+34 2.356e-23 1.550e-11 1.948e-10
6.310e-02 3.709e+36 2.366e+34 2.370e-23 1.559e-11 1.959e-10
7.079e-02 2.959e+36 2.376e+34 2.380e-23 1.566e-11 1.968e-10
7.943e-02 2.358e+36 2.383e+34 2.387e-23 1.571e-11 1.974e-10
8.913e-02 1.875e+36 2.386e+34 2.390e-23 1.572e-11 1.976e-10
1.000e-01 1.488e+36 2.384e+34 2.388e-23 1.571e-11 1.974e-10
1.122e-01 1.178e+36 2.376e+34 2.380e-23 1.566e-11 1.968e-10
1.259e-01 9.307e+35 2.363e+34 2.367e-23 1.557e-11 1.957e-10
1.413e-01 7.336e+35 2.345e+34 2.349e-23 1.545e-11 1.942e-10
1.585e-01 5.768e+35 2.321e+34 2.325e-23 1.530e-11 1.922e-10
1.778e-01 4.523e+35 2.291e+34 2.295e-23 1.510e-11 1.897e-10
1.995e-01 3.537e+35 2.256e+34 2.260e-23 1.486e-11 1.868e-10
2.239e-01 2.757e+35 2.214e+34 2.218e-23 1.459e-11 1.834e-10
2.512e-01 2.143e+35 2.167e+34 2.170e-23 1.428e-11 1.794e-10
2.818e-01 1.661e+35 2.113e+34 2.117e-23 1.393e-11 1.750e-10
3.162e-01 1.282e+35 2.054e+34 2.057e-23 1.354e-11 1.701e-10
3.548e-01 9.862e+34 1.989e+34 1.993e-23 1.311e-11 1.647e-10
3.981e-01 7.557e+34 1.919e+34 1.922e-23 1.264e-11 1.589e-10
4.467e-01 5.767e+34 1.843e+34 1.847e-23 1.215e-11 1.527e-10
5.012e-01 4.382e+34 1.763e+34 1.766e-23 1.162e-11 1.460e-10
5.623e-01 3.314e+34 1.679e+34 1.682e-23 1.106e-11 1.390e-10
6.310e-01 2.494e+34 1.591e+34 1.593e-23 1.048e-11 1.317e-10
7.079e-01 1.867e+34 1.499e+34 1.502e-23 9.881e-12 1.242e-10
7.943e-01 1.390e+34 1.405e+34 1.408e-23 9.262e-12 1.164e-10
8.913e-01 1.029e+34 1.310e+34 1.312e-23 8.630e-12 1.085e-10
1.000e+00 7.570e+33 1.213e+34 1.215e-23 7.992e-12 1.004e-10
1.122e+00 5.531e+33 1.116e+34 1.118e-23 7.351e-12 9.238e-11
1.259e+00 4.013e+33 1.019e+34 1.021e-23 6.714e-12 8.437e-11
1.413e+00 2.889e+33 9.236e+33 9.251e-24 6.086e-12 7.648e-11
1.585e+00 2.063e+33 8.304e+33 8.318e-24 5.472e-12 6.876e-11
1.778e+00 1.461e+33 7.401e+33 7.414e-24 4.877e-12 6.129e-11
1.995e+00 1.025e+33 6.536e+33 6.547e-24 4.307e-12 5.412e-11
2.239e+00 7.117e+32 5.715e+33 5.725e-24 3.766e-12 4.732e-11
2.512e+00 4.891e+32 4.944e+33 4.952e-24 3.258e-12 4.094e-11
2.818e+00 3.322e+32 4.228e+33 4.235e-24 2.786e-12 3.501e-11
3.162e+00 2.229e+32 3.572e+33 3.578e-24 2.354e-12 2.958e-11
3.548e+00 1.476e+32 2.978e+33 2.983e-24 1.962e-12 2.466e-11
3.981e+00 9.639e+31 2.448e+33 2.452e-24 1.613e-12 2.027e-11
4.467e+00 6.197e+31 1.981e+33 1.984e-24 1.305e-12 1.640e-11
5.012e+00 3.918e+31 1.577e+33 1.580e-24 1.039e-12 1.306e-11
5.623e+00 2.434e+31 1.233e+33 1.235e-24 8.125e-13 1.021e-11
6.310e+00 1.482e+31 9.454e+32 9.470e-25 6.230e-13 7.829e-12
7.079e+00 8.840e+30 7.098e+32 7.110e-25 4.677e-13 5.878e-12
7.943e+00 5.152e+30 5.208e+32 5.217e-25 3.432e-13 4.313e-12
8.913e+00 2.929e+30 3.727e+32 3.733e-25 2.456e-13 3.086e-12
1.000e+01 1.620e+30 2.596e+32 2.600e-25 1.710e-13 2.149e-12
1.122e+01 8.698e+29 1.754e+32 1.757e-25 1.156e-13 1.453e-12
1.259e+01 4.520e+29 1.148e+32 1.150e-25 7.563e-14 9.504e-13
1.413e+01 2.266e+29 7.244e+31 7.257e-26 4.774e-14 5.999e-13
1.585e+01 1.092e+29 4.395e+31 4.403e-26 2.896e-14 3.640e-13
1.778e+01 5.039e+28 2.553e+31 2.557e-26 1.682e-14 2.114e-13
1.995e+01 2.216e+28 1.413e+31 1.416e-26 9.313e-15 1.170e-13
2.239e+01 9.236e+27 7.417e+30 7.429e-27 4.887e-15 6.142e-14
2.512e+01 3.629e+27 3.668e+30 3.674e-27 2.417e-15 3.038e-14
2.818e+01 1.335e+27 1.699e+30 1.701e-27 1.119e-15 1.406e-14
3.162e+01 4.561e+26 7.307e+29 7.320e-28 4.815e-16 6.051e-15
3.548e+01 1.435e+26 2.895e+29 2.900e-28 1.908e-16 2.397e-15
3.981e+01 4.118e+25 1.046e+29 1.048e-28 6.891e-17 8.660e-16
4.467e+01 1.064e+25 3.403e+28 3.408e-29 2.242e-17 2.818e-16
5.012e+01 2.446e+24 9.843e+27 9.860e-30 6.486e-18 8.151e-17
5.623e+01 4.921e+23 2.493e+27 2.497e-30 1.643e-18 2.064e-17
6.310e+01 8.518e+22 5.433e+26 5.442e-31 3.580e-19 4.499e-18
7.079e+01 1.245e+22 9.998e+25 1.002e-31 6.588e-20 8.279e-19
7.943e+01 1.497e+21 1.513e+25 1.516e-32 9.971e-21 1.253e-19
8.913e+01 1.437e+20 1.829e+24 1.832e-33 1.205e-21 1.514e-20
1.000e+02 1.072e+19 1.718e+23 1.721e-34 1.132e-22 1.423e-21
1.122e+02 5.980e+17 1.206e+22 1.208e-35 7.948e-24 9.988e-23
1.259e+02 2.366e+16 6.008e+20 6.018e-37 3.959e-25 4.975e-24
1.413e+02 6.209e+14 1.985e+19 1.988e-38 1.308e-26 1.644e-25
1.585e+02 1.067e+13 4.295e+17 4.302e-40 2.830e-28 3.557e-27
1.778e+02 1.060e+11 5.370e+15 5.379e-42 3.538e-30 4.447e-29
1.995e+02 5.890e+08 3.757e+13 3.763e-44 2.475e-32 3.111e-31
2.239e+02 1.764e+06 1.416e+11 1.419e-46 9.333e-35 1.173e-33
2.512e+02 2.605e+03 2.633e+08 2.638e-49 1.735e-37 2.181e-36
2.818e+02 1.548e+00 1.971e+05 1.974e-52 1.298e-40 1.632e-39
3.162e+02 3.179e-04 5.094e+01 5.102e-56 3.357e-44 4.218e-43
3.548e+02 2.084e-08 4.203e-03 4.210e-60 2.770e-48 3.480e-47
3.981e+02 2.586e-13 6.567e-08 6.578e-65 4.327e-53 5.438e-52
4.467e+02 4.343e-19 1.388e-13 1.391e-70 9.149e-59 1.150e-57
5.012e+02 1.095e-25 4.407e-20 4.414e-77 2.904e-65 3.649e-64
5.623e+02 1.841e-33 9.328e-28 9.344e-85 6.147e-73 7.725e-72
6.310e+02 1.700e-42 1.084e-36 1.086e-93 7.144e-82 8.978e-81
7.079e+02 5.351e-53 4.297e-47 4.304e-104 2.831e-92 3.558e-91
7.943e+02 3.299e-65 3.335e-59 3.341e-116 2.198e-104 2.762e-103
8.913e+02 1.227e-79 1.561e-73 1.564e-130 1.029e-118 1.293e-117
1.000e+03 3.448e-96 5.525e-90 5.534e-147 3.640e-135 4.575e-134
1.122e+03 9.370e-116 1.890e-109 1.893e-166 1.245e-154 1.565e-153
1.259e+03 1.439e-138 3.654e-132 3.660e-189 2.408e-177 3.025e-176
1.413e+03 1.338e-165 4.279e-159 4.286e-216 2.819e-204 3.543e-203
1.585e+03 1.072e-196 4.314e-190 4.321e-247 2.842e-235 3.572e-234
1.778e+03 1.508e-233 7.641e-227 7.654e-284 5.035e-272 6.328e-271
1.995e+03 1.249e-276 7.970e-270 0.000e+00 5.252e-315 6.599e-314
2.239e+03 0.000e+00 0.000e+00 0.000e+00 0.000e+00 0.000e+00
2.512e+03 0.000e+00 0.000e+00 0.000e+00 0.000e+00 0.000e+00
2.818e+03 0.000e+00 0.000e+00 0.000e+00 0.000e+00 0.000e+00
3.162e+03 0.000e+00 0.000e+00 0.000e+00 0.000e+00 0.000e+00
3.548e+03 0.000e+00 0.000e+00 0.000e+00 0.000e+00 0.000e+00
3.981e+03 0.000e+00 0.000e+00 0.000e+00 0.000e+00 0.000e+00
4.467e+03 0.000e+00 0.000e+00 0.000e+00 0.000e+00 0.000e+00
5.012e+03 0.000e+00 0.000e+00 0.000e+00 0.000e+00 0.000e+00
5.623e+03 0.000e+00 0.000e+00 0.000e+00 0.000e+00 0.000e+00
6.310e+03 0.000e+00 0.000e+00 0.000e+00 0.000e+00 0.000e+00
7.079e+03 0.000e+00 0.000e+00 0.000e+00 0.000e+00 0.000e+00
7.943e+03 0.000e+00 0.000e+00 0.000e+00 0.000e+00 0.000e+00
8.913e+03 0.000e+00 0.000e+00 0.000e+00 0.000e+00 0.000e+00
1.000e+04 0.000e+00 0.000e+00 0.000e+00 0.000e+00 0.000e+00
1.122e+04 0.000e+00 0.000e+00 0.000e+00 0.000e+00 0.000e+00
1.259e+04 0.000e+00 0.000e+00 0.000e+00 0.000e+00 0.000e+00
1.413e+04 0.000e+00 0.000e+00 0.000e+00 0.000e+00 0.000e+00
1.585e+04 0.000e+00 0.000e+00 0.000e+00 0.000e+00 0.000e+00
1.778e+04 0.000e+00 0.000e+00 0.000e+00 0.000e+00 0.000e+00
1.995e+04 0.000e+00 0.000e+00 0.000e+00 0.000e+00 0.000e+00
2.239e+04 0.000e+00 0.000e+00 0.000e+00 0.000e+00 0.000e+00
2.512e+04 0.000e+00 0.000e+00 0.000e+00 0.000e+00 0.000e+00
2.818e+04 0.000e+00 0.000e+00 0.000e+00 0.000e+00 0.000e+00
3.162e+04 0.000e+00 0.000e+00 0.000e+00 0.000e+00 0.000e+00
3.548e+04 0.000e+00 0.000e+00 0.000e+00 0.000e+00 0.000e+00
3.981e+04 0.000e+00 0.000e+00 0.000e+00 0.000e+00 0.000e+00
4.467e+04 0.000e+00 0.000e+00 0.000e+00 0.000e+00 0.000e+00
5.012e+04 0.000e+00 0.000e+00 0.000e+00 0.000e+00 0.000e+00
5.623e+04 0.000e+00 0.000e+00 0.000e+00 0.000e+00 0.000e+00
6.310e+04 0.000e+00 0.000e+00 0.000e+00 0.000e+00 0.000e+00
7.079e+04 0.000e+00 0.000e+00 0.000e+00 0.000e+00 0.000e+00
7.943e+04 0.000e+00 0.000e+00 0.000e+00 0.000e+00 0.000e+00
8.913e+04 0.000e+00 0.000e+00 0.000e+00 0.000e+00 0.000e+00
1.000e+05 0.000e+00 0.000e+00 0.000e+00 0.000e+00 0.000e+00
1.122e+05 0.000e+00 0.000e+00 0.000e+00 0.000e+00 0.000e+00
1.259e+05 0.000e+00 0.000e+00 0.000e+00 0.000e+00 0.000e+00
1.413e+05 0.000e+00 0.000e+00 0.000e+00 0.000e+00 0.000e+00
1.585e+05 0.000e+00 0.000e+00 0.000e+00 0.000e+00 0.000e+00
1.778e+05 0.000e+00 0.000e+00 0.000e+00 0.000e+00 0.000e+00
1.995e+05 0.000e+00 0.000e+00 0.000e+00 0.000e+00 0.000e+00
2.239e+05 0.000e+00 0.000e+00 0.000e+00 0.000e+00 0.000e+00
2.512e+05 0.000e+00 0.000e+00 0.000e+00 0.000e+00 0.000e+00
2.818e+05 0.000e+00 0.000e+00 0.000e+00 0.000e+00 0.000e+00
3.162e+05 0.000e+00 0.000e+00 0.000e+00 0.000e+00 0.000e+00
3.548e+05 0.000e+00 0.000e+00 0.000e+00 0.000e+00 0.000e+00
3.981e+05 0.000e+00 0.000e+00 0.000e+00 0.000e+00 0.000e+00
4.467e+05 0.000e+00 0.000e+00 0.000e+00 0.000e+00 0.000e+00
5.012e+05 0.000e+00 0.000e+00 0.000e+00 0.000e+00 0.000e+00
5.623e+05 0.000e+00 0.000e+00 0.000e+00 0.000e+00 0.000e+00
6.310e+05 0.000e+00 0.000e+00 0.000e+00 0.000e+00 0.000e+00
7.079e+05 0.000e+00 0.000e+00 0.000e+00 0.000e+00 0.000e+00
7.943e+05 0.000e+00 0.000e+00 0.000e+00 0.000e+00 0.000e+00
8.913e+05 0.000e+00 0.000e+00 0.000e+00 0.000e+00 0.000e+00
1.000e+06 0.000e+00 0.000e+00 0.000e+00 0.000e+00 0.000e+00
1.122e+06 0.000e+00 0.000e+00 0.000e+00 0.000e+00 0.000e+00
1.259e+06 0.000e+00 0.000e+00 0.000e+00 0.000e+00 0.000e+00
1.413e+06 0.000e+00 0.000e+00 0.000e+00 0.000e+00 0.000e+00
1.585e+06 0.000e+00 0.000e+00 0.000e+00 0.000e+00 0.000e+00
1.778e+06 0.000e+00 0.000e+00 0.000e+00 0.000e+00 0.000e+00
1.995e+06 0.000e+00 0.000e+00 0.000e+00 0.000e+00 0.000e+00
2.239e+06 0.000e+00 0.000e+00 0.000e+00 0.000e+00 0.000e+00
2.512e+06 0.000e+00 0.000e+00 0.000e+00 0.000e+00 0.000e+00
2.818e+06 0.000e+00 0.000e+00 0.000e+00 0.000e+00 0.000e+00
3.162e+06 0.000e+00 0.000e+00 0.000e+00 0.000e+00 0.000e+00
3.548e+06 0.000e+00 0.000e+00 0.000e+00 0.000e+00 0.000e+00
3.981e+06 0.000e+00 0.000e+00 0.000e+00 0.000e+00 0.000e+00
4.467e+06 0.000e+00 0.000e+00 0.000e+00 0.000e+00 0.000e+00
5.012e+06 0.000e+00 0.000e+00 0.000e+00 0.000e+00 0.000e+00
5.623e+06 0.000e+00 0.000e+00 0.000e+00 0.000e+00 0.000e+00
6.310e+06 0.000e+00 0.000e+00 0.000e+00 0.000e+00 0.000e+00
7.079e+06 0.000e+00 0.000e+00 0.000e+00 0.000e+00 0.000e+00
7.943e+06 0.000e+00 0.000e+00 0.000e+00 0.000e+00 0.000e+00
8.913e+06 0.000e+00 0.000e+00 0.000e+00 0.000e+00 0.000e+00
1.000e+07 0.000e+00 0.000e+00 0.000e+00 0.000e+00 0.000e+00
1.122e+07 0.000e+00 0.000e+00 0.000e+00 0.000e+00 0.000e+00
1.259e+07 0.000e+00 0.000e+00 0.000e+00 0.000e+00 0.000e+00
1.413e+07 0.000e+00 0.000e+00 0.000e+00 0.000e+00 0.000e+00
1.585e+07 0.000e+00 0.000e+00 0.000e+00 0.000e+00 0.000e+00
1.778e+07 0.000e+00 0.000e+00 0.000e+00 0.000e+00 0.000e+00
1.995e+07 0.000e+00 0.000e+00 0.000e+00 0.000e+00 0.000e+00
2.239e+07 0.000e+00 0.000e+00 0.000e+00 0.000e+00 0.000e+00
2.512e+07 0.000e+00 0.000e+00 0.000e+00 0.000e+00 0.000e+00
2.818e+07 0.000e+00 0.000e+00 0.000e+00 0.000e+00 0.000e+00
3.162e+07 0.000e+00 0.000e+00 0.000e+00 0.000e+00 0.000e+00
3.548e+07 0.000e+00 0.000e+00 0.000e+00 0.000e+00 0.000e+00
3.981e+07 0.000e+00 0.000e+00 0.000e+00 0.000e+00 0.000e+00
4.467e+07 0.000e+00 0.000e+00 0.000e+00 0.000e+00 0.000e+00
5.012e+07 0.000e+00 0.000e+00 0.000e+00 0.000e+00 0.000e+00
5.623e+07 0.000e+00 0.000e+00 0.000e+00 0.000e+00 0.000e+00
6.310e+07 0.000e+00 0.000e+00 0.000e+00 0.000e+00 0.000e+00
7.079e+07 0.000e+00 0.000e+00 0.000e+00 0.000e+00 0.000e+00
7.943e+07 0.000e+00 0.000e+00 0.000e+00 0.000e+00 0.000e+00
8.913e+07 0.000e+00 0.000e+00 0.000e+00 0.000e+00 0.000e+00
1.000e+08 0.000e+00 0.000e+00 0.000e+00 0.000e+00 0.000e+00
