9.384e-04 6.772e+52 5.963e+46
1.053e-03 5.569e+52 6.173e+46
1.181e-03 4.579e+52 6.391e+46
1.325e-03 3.356e+52 5.897e+46
1.487e-03 2.766e+52 6.118e+46
1.669e-03 2.275e+52 6.335e+46
1.872e-03 1.870e+52 6.556e+46
2.101e-03 1.541e+52 6.803e+46
2.357e-03 1.268e+52 7.043e+46
2.645e-03 1.043e+52 7.293e+46
2.967e-03 8.572e+51 7.548e+46
3.329e-03 7.065e+51 7.831e+46
3.736e-03 5.810e+51 8.109e+46
4.192e-03 4.779e+51 8.396e+46
4.703e-03 3.930e+51 8.693e+46
5.277e-03 3.231e+51 8.998e+46
5.921e-03 2.658e+51 9.318e+46
6.643e-03 2.190e+51 9.666e+46
7.454e-03 1.801e+51 1.001e+47
8.363e-03 1.481e+51 1.036e+47
9.384e-03 1.218e+51 1.073e+47
1.053e-02 1.002e+51 1.111e+47
1.181e-02 8.237e+50 1.149e+47
1.325e-02 6.775e+50 1.190e+47
1.487e-02 5.572e+50 1.233e+47
1.669e-02 4.584e+50 1.276e+47
1.872e-02 3.770e+50 1.322e+47
2.101e-02 3.101e+50 1.368e+47
2.357e-02 2.550e+50 1.417e+47
2.645e-02 2.097e+50 1.467e+47
2.967e-02 1.725e+50 1.519e+47
3.329e-02 1.418e+50 1.572e+47
3.736e-02 1.166e+50 1.628e+47
4.192e-02 9.598e+49 1.686e+47
4.703e-02 7.893e+49 1.746e+47
5.277e-02 6.492e+49 1.808e+47
5.921e-02 5.339e+49 1.871e+47
6.643e-02 4.390e+49 1.938e+47
7.454e-02 3.611e+49 2.006e+47
8.363e-02 2.964e+49 2.073e+47
9.384e-02 2.437e+49 2.146e+47
1.053e-01 2.005e+49 2.223e+47
1.181e-01 1.649e+49 2.301e+47
1.325e-01 1.356e+49 2.382e+47
1.487e-01 1.113e+49 2.462e+47
1.669e-01 9.149e+48 2.547e+47
1.872e-01 7.526e+48 2.638e+47
2.101e-01 6.188e+48 2.731e+47
2.357e-01 5.079e+48 2.822e+47
2.645e-01 4.177e+48 2.921e+47
2.967e-01 3.434e+48 3.024e+47
3.329e-01 2.819e+48 3.125e+47
3.736e-01 2.317e+48 3.234e+47
4.192e-01 1.905e+48 3.346e+47
4.703e-01 1.563e+48 3.457e+47
5.277e-01 1.285e+48 3.577e+47
5.921e-01 1.056e+48 3.701e+47
6.643e-01 8.660e+47 3.822e+47
7.454e-01 7.117e+47 3.954e+47
8.363e-01 5.838e+47 4.083e+47
9.384e-01 4.796e+47 4.223e+47
1.053e+00 3.939e+47 4.366e+47
1.181e+00 3.230e+47 4.507e+47
1.325e+00 2.652e+47 4.659e+47
1.487e+00 2.173e+47 4.807e+47
1.669e+00 1.783e+47 4.966e+47
1.872e+00 1.461e+47 5.122e+47
2.101e+00 1.198e+47 5.288e+47
2.357e+00 9.810e+46 5.450e+47
2.645e+00 8.027e+46 5.614e+47
2.967e+00 6.577e+46 5.791e+47
3.329e+00 5.377e+46 5.961e+47
3.736e+00 4.401e+46 6.142e+47
4.192e+00 3.594e+46 6.314e+47
4.703e+00 2.932e+46 6.485e+47
5.277e+00 2.395e+46 6.670e+47
5.921e+00 1.952e+46 6.842e+47
6.643e+00 1.588e+46 7.008e+47
7.454e+00 1.294e+46 7.188e+47
8.363e+00 1.051e+46 7.348e+47
9.384e+00 8.520e+45 7.502e+47
1.053e+01 6.910e+45 7.660e+47
1.181e+01 5.585e+45 7.795e+47
1.325e+01 4.505e+45 7.916e+47
1.487e+01 3.626e+45 8.021e+47
1.669e+01 2.911e+45 8.106e+47
1.872e+01 2.336e+45 8.187e+47
2.101e+01 1.864e+45 8.227e+47
2.357e+01 1.483e+45 8.237e+47
2.645e+01 1.174e+45 8.215e+47
2.967e+01 9.262e+44 8.155e+47
3.329e+01 7.266e+44 8.054e+47
3.736e+01 5.684e+44 7.932e+47
4.192e+01 4.407e+44 7.743e+47
4.703e+01 3.393e+44 7.504e+47
5.277e+01 2.591e+44 7.214e+47
5.921e+01 1.961e+44 6.873e+47
6.643e+01 1.469e+44 6.482e+47
7.454e+01 1.088e+44 6.044e+47
8.363e+01 7.953e+43 5.563e+47
9.384e+01 5.731e+43 5.046e+47
1.053e+02 4.063e+43 4.504e+47
1.181e+02 2.829e+43 3.947e+47
1.325e+02 1.929e+43 3.389e+47
1.487e+02 1.285e+43 2.843e+47
1.669e+02 8.344e+42 2.324e+47
1.872e+02 5.261e+42 1.844e+47
2.101e+02 3.210e+42 1.416e+47
2.357e+02 1.871e+42 1.040e+47
2.645e+02 1.054e+42 7.374e+46
2.967e+02 5.668e+41 4.991e+46
3.329e+02 2.890e+41 3.204e+46
3.736e+02 1.389e+41 1.939e+46
4.192e+02 6.244e+40 1.097e+46
4.703e+02 2.604e+40 5.760e+45
5.277e+02 9.810e+39 2.732e+45
5.921e+02 3.413e+39 1.196e+45
6.643e+02 1.067e+39 4.707e+44
7.454e+02 2.956e+38 1.642e+44
8.363e+02 6.965e+37 4.872e+43
9.384e+02 1.443e+37 1.271e+43
1.053e+03 2.519e+36 2.792e+42
1.181e+03 3.491e+35 4.872e+41
1.325e+03 4.026e+34 7.073e+40
1.487e+03 3.635e+33 8.040e+39
1.669e+03 2.364e+32 6.583e+38
1.872e+03 1.182e+31 4.144e+37
2.101e+03 4.172e+29 1.841e+36
2.357e+03 9.227e+27 5.126e+34
2.645e+03 1.402e+26 9.809e+32
2.967e+03 1.296e+24 1.142e+31
3.329e+03 6.161e+21 6.830e+28
3.736e+03 1.714e+19 2.392e+26
4.192e+03 2.053e+16 3.606e+23
4.703e+03 1.246e+13 2.756e+20
5.277e+03 2.599e+09 7.238e+16
5.921e+03 2.291e+05 8.032e+12
6.643e+03 5.215e+00 2.302e+08
7.454e+03 3.983e-05 2.213e+03
8.363e+03 5.468e-11 3.824e-03
9.384e+03 1.879e-17 1.655e-09
