1.000e-20 3.256e+69 5.216e+29 5.225e-28 3.437e-16 4.319e-15
1.122e-20 2.767e+69 5.581e+29 5.591e-28 3.678e-16 4.622e-15
1.259e-20 2.350e+69 5.968e+29 5.978e-28 3.933e-16 4.942e-15
1.413e-20 1.995e+69 6.377e+29 6.388e-28 4.202e-16 5.281e-15
1.585e-20 1.692e+69 6.810e+29 6.821e-28 4.487e-16 5.639e-15
1.778e-20 1.434e+69 7.266e+29 7.279e-28 4.788e-16 6.017e-15
1.995e-20 1.215e+69 7.748e+29 7.761e-28 5.106e-16 6.416e-15
2.239e-20 1.028e+69 8.256e+29 8.270e-28 5.440e-16 6.837e-15
2.512e-20 8.696e+68 8.791e+29 8.806e-28 5.793e-16 7.279e-15
2.818e-20 7.349e+68 9.353e+29 9.369e-28 6.163e-16 7.745e-15
3.162e-20 6.207e+68 9.945e+29 9.962e-28 6.553e-16 8.235e-15
3.548e-20 5.238e+68 1.057e+30 1.058e-27 6.963e-16 8.749e-15
3.981e-20 4.418e+68 1.122e+30 1.124e-27 7.392e-16 9.289e-15
4.467e-20 3.723e+68 1.190e+30 1.192e-27 7.843e-16 9.855e-15
5.012e-20 3.135e+68 1.262e+30 1.264e-27 8.314e-16 1.045e-14
5.623e-20 2.638e+68 1.337e+30 1.339e-27 8.808e-16 1.107e-14
6.310e-20 2.219e+68 1.415e+30 1.417e-27 9.325e-16 1.172e-14
7.079e-20 1.864e+68 1.497e+30 1.500e-27 9.865e-16 1.240e-14
7.943e-20 1.565e+68 1.583e+30 1.585e-27 1.043e-15 1.310e-14
8.913e-20 1.314e+68 1.672e+30 1.675e-27 1.102e-15 1.384e-14
1.000e-19 1.102e+68 1.765e+30 1.768e-27 1.163e-15 1.461e-14
1.122e-19 9.231e+67 1.862e+30 1.865e-27 1.227e-15 1.542e-14
1.259e-19 7.730e+67 1.963e+30 1.966e-27 1.293e-15 1.625e-14
1.413e-19 6.469e+67 2.068e+30 2.071e-27 1.363e-15 1.712e-14
1.585e-19 5.410e+67 2.177e+30 2.181e-27 1.435e-15 1.803e-14
1.778e-19 4.521e+67 2.291e+30 2.295e-27 1.509e-15 1.897e-14
1.995e-19 3.776e+67 2.409e+30 2.413e-27 1.587e-15 1.994e-14
2.239e-19 3.152e+67 2.531e+30 2.535e-27 1.668e-15 2.096e-14
2.512e-19 2.629e+67 2.658e+30 2.662e-27 1.751e-15 2.201e-14
2.818e-19 2.192e+67 2.790e+30 2.794e-27 1.838e-15 2.310e-14
3.162e-19 1.826e+67 2.926e+30 2.931e-27 1.928e-15 2.423e-14
3.548e-19 1.521e+67 3.067e+30 3.073e-27 2.021e-15 2.540e-14
3.981e-19 1.266e+67 3.214e+30 3.219e-27 2.118e-15 2.661e-14
4.467e-19 1.053e+67 3.365e+30 3.371e-27 2.218e-15 2.787e-14
5.012e-19 8.752e+66 3.522e+30 3.528e-27 2.321e-15 2.917e-14
5.623e-19 7.272e+66 3.684e+30 3.691e-27 2.428e-15 3.051e-14
6.310e-19 6.039e+66 3.852e+30 3.858e-27 2.538e-15 3.190e-14
7.079e-19 5.013e+66 4.025e+30 4.032e-27 2.652e-15 3.333e-14
7.943e-19 4.159e+66 4.204e+30 4.212e-27 2.771e-15 3.482e-14
8.913e-19 3.449e+66 4.389e+30 4.397e-27 2.892e-15 3.635e-14
1.000e-18 2.859e+66 4.581e+30 4.588e-27 3.018e-15 3.793e-14
1.122e-18 2.369e+66 4.778e+30 4.786e-27 3.148e-15 3.957e-14
1.259e-18 1.962e+66 4.982e+30 4.990e-27 3.283e-15 4.125e-14
1.413e-18 1.624e+66 5.192e+30 5.201e-27 3.421e-15 4.300e-14
1.585e-18 1.344e+66 5.409e+30 5.419e-27 3.565e-15 4.479e-14
1.778e-18 1.112e+66 5.634e+30 5.643e-27 3.712e-15 4.665e-14
1.995e-18 9.195e+65 5.865e+30 5.875e-27 3.865e-15 4.857e-14
2.239e-18 7.601e+65 6.104e+30 6.114e-27 4.022e-15 5.054e-14
2.512e-18 6.281e+65 6.350e+30 6.361e-27 4.184e-15 5.258e-14
2.818e-18 5.189e+65 6.604e+30 6.615e-27 4.352e-15 5.469e-14
3.162e-18 4.286e+65 6.866e+30 6.878e-27 4.525e-15 5.686e-14
3.548e-18 3.538e+65 7.137e+30 7.149e-27 4.703e-15 5.910e-14
3.981e-18 2.920e+65 7.416e+30 7.428e-27 4.887e-15 6.141e-14
4.467e-18 2.410e+65 7.704e+30 7.717e-27 5.076e-15 6.379e-14
5.012e-18 1.988e+65 8.000e+30 8.014e-27 5.272e-15 6.625e-14
5.623e-18 1.640e+65 8.307e+30 8.321e-27 5.474e-15 6.879e-14
6.310e-18 1.352e+65 8.623e+30 8.637e-27 5.682e-15 7.140e-14
7.079e-18 1.114e+65 8.949e+30 8.964e-27 5.897e-15 7.410e-14
7.943e-18 9.185e+64 9.285e+30 9.301e-27 6.118e-15 7.689e-14
8.913e-18 7.568e+64 9.632e+30 9.648e-27 6.347e-15 7.976e-14
1.000e-17 6.235e+64 9.990e+30 1.001e-26 6.583e-15 8.272e-14
1.122e-17 5.136e+64 1.036e+31 1.038e-26 6.826e-15 8.578e-14
1.259e-17 4.230e+64 1.074e+31 1.076e-26 7.077e-15 8.893e-14
1.413e-17 3.483e+64 1.113e+31 1.115e-26 7.336e-15 9.219e-14
1.585e-17 2.867e+64 1.154e+31 1.156e-26 7.603e-15 9.555e-14
1.778e-17 2.360e+64 1.196e+31 1.198e-26 7.879e-15 9.901e-14
1.995e-17 1.942e+64 1.239e+31 1.241e-26 8.164e-15 1.026e-13
2.239e-17 1.598e+64 1.283e+31 1.286e-26 8.457e-15 1.063e-13
2.512e-17 1.315e+64 1.329e+31 1.332e-26 8.760e-15 1.101e-13
2.818e-17 1.082e+64 1.377e+31 1.379e-26 9.073e-15 1.140e-13
3.162e-17 8.899e+63 1.426e+31 1.428e-26 9.396e-15 1.181e-13
3.548e-17 7.319e+63 1.476e+31 1.479e-26 9.728e-15 1.223e-13
3.981e-17 6.019e+63 1.529e+31 1.531e-26 1.007e-14 1.266e-13
4.467e-17 4.950e+63 1.582e+31 1.585e-26 1.043e-14 1.310e-13
5.012e-17 4.070e+63 1.638e+31 1.641e-26 1.079e-14 1.356e-13
5.623e-17 3.346e+63 1.695e+31 1.698e-26 1.117e-14 1.404e-13
6.310e-17 2.751e+63 1.754e+31 1.757e-26 1.156e-14 1.453e-13
7.079e-17 2.261e+63 1.816e+31 1.819e-26 1.196e-14 1.503e-13
7.943e-17 1.858e+63 1.879e+31 1.882e-26 1.238e-14 1.556e-13
8.913e-17 1.527e+63 1.944e+31 1.947e-26 1.281e-14 1.609e-13
1.000e-16 1.255e+63 2.011e+31 2.014e-26 1.325e-14 1.665e-13
1.122e-16 1.031e+63 2.080e+31 2.084e-26 1.371e-14 1.723e-13
1.259e-16 8.474e+62 2.152e+31 2.155e-26 1.418e-14 1.782e-13
1.413e-16 6.962e+62 2.226e+31 2.230e-26 1.467e-14 1.843e-13
1.585e-16 5.720e+62 2.302e+31 2.306e-26 1.517e-14 1.906e-13
1.778e-16 4.699e+62 2.381e+31 2.385e-26 1.569e-14 1.971e-13
1.995e-16 3.860e+62 2.462e+31 2.466e-26 1.622e-14 2.039e-13
2.239e-16 3.171e+62 2.546e+31 2.550e-26 1.678e-14 2.108e-13
2.512e-16 2.604e+62 2.633e+31 2.637e-26 1.735e-14 2.180e-13
2.818e-16 2.139e+62 2.722e+31 2.727e-26 1.794e-14 2.254e-13
3.162e-16 1.757e+62 2.814e+31 2.819e-26 1.855e-14 2.331e-13
3.548e-16 1.443e+62 2.910e+31 2.915e-26 1.917e-14 2.409e-13
3.981e-16 1.185e+62 3.008e+31 3.013e-26 1.982e-14 2.491e-13
4.467e-16 9.727e+61 3.110e+31 3.115e-26 2.049e-14 2.575e-13
5.012e-16 7.987e+61 3.214e+31 3.220e-26 2.118e-14 2.662e-13
5.623e-16 6.558e+61 3.322e+31 3.328e-26 2.189e-14 2.751e-13
6.310e-16 5.384e+61 3.434e+31 3.440e-26 2.263e-14 2.844e-13
7.079e-16 4.420e+61 3.549e+31 3.555e-26 2.339e-14 2.939e-13
7.943e-16 3.628e+61 3.668e+31 3.674e-26 2.417e-14 3.037e-13
8.913e-16 2.979e+61 3.791e+31 3.797e-26 2.498e-14 3.139e-13
1.000e-15 2.445e+61 3.917e+31 3.924e-26 2.581e-14 3.244e-13
1.122e-15 2.007e+61 4.048e+31 4.055e-26 2.667e-14 3.352e-13
1.259e-15 1.647e+61 4.182e+31 4.189e-26 2.756e-14 3.463e-13
1.413e-15 1.352e+61 4.321e+31 4.328e-26 2.847e-14 3.578e-13
1.585e-15 1.109e+61 4.464e+31 4.472e-26 2.942e-14 3.697e-13
1.778e-15 9.103e+60 4.612e+31 4.620e-26 3.039e-14 3.819e-13
1.995e-15 7.470e+60 4.764e+31 4.772e-26 3.140e-14 3.945e-13
2.239e-15 6.129e+60 4.921e+31 4.930e-26 3.243e-14 4.075e-13
2.512e-15 5.028e+60 5.083e+31 5.092e-26 3.350e-14 4.209e-13
2.818e-15 4.125e+60 5.250e+31 5.259e-26 3.460e-14 4.348e-13
3.162e-15 3.384e+60 5.422e+31 5.431e-26 3.573e-14 4.490e-13
3.548e-15 2.776e+60 5.599e+31 5.609e-26 3.690e-14 4.637e-13
3.981e-15 2.277e+60 5.782e+31 5.792e-26 3.810e-14 4.788e-13
4.467e-15 1.868e+60 5.970e+31 5.980e-26 3.934e-14 4.944e-13
5.012e-15 1.532e+60 6.164e+31 6.174e-26 4.062e-14 5.104e-13
5.623e-15 1.256e+60 6.363e+31 6.374e-26 4.193e-14 5.269e-13
6.310e-15 1.030e+60 6.568e+31 6.579e-26 4.328e-14 5.439e-13
7.079e-15 8.443e+59 6.779e+31 6.791e-26 4.467e-14 5.614e-13
7.943e-15 6.921e+59 6.997e+31 7.008e-26 4.610e-14 5.794e-13
8.913e-15 5.673e+59 7.220e+31 7.232e-26 4.758e-14 5.979e-13
1.000e-14 4.650e+59 7.450e+31 7.462e-26 4.909e-14 6.169e-13
1.122e-14 3.810e+59 7.686e+31 7.699e-26 5.064e-14 6.364e-13
1.259e-14 3.122e+59 7.928e+31 7.941e-26 5.224e-14 6.565e-13
1.413e-14 2.558e+59 8.177e+31 8.191e-26 5.388e-14 6.771e-13
1.585e-14 2.095e+59 8.433e+31 8.447e-26 5.557e-14 6.983e-13
1.778e-14 1.716e+59 8.695e+31 8.710e-26 5.729e-14 7.200e-13
1.995e-14 1.405e+59 8.964e+31 8.979e-26 5.907e-14 7.422e-13
2.239e-14 1.151e+59 9.239e+31 9.255e-26 6.088e-14 7.651e-13
2.512e-14 9.419e+58 9.521e+31 9.537e-26 6.274e-14 7.884e-13
2.818e-14 7.708e+58 9.810e+31 9.827e-26 6.464e-14 8.123e-13
3.162e-14 6.307e+58 1.011e+32 1.012e-25 6.659e-14 8.368e-13
3.548e-14 5.160e+58 1.041e+32 1.043e-25 6.858e-14 8.618e-13
3.981e-14 4.220e+58 1.072e+32 1.073e-25 7.061e-14 8.873e-13
4.467e-14 3.450e+58 1.103e+32 1.105e-25 7.268e-14 9.134e-13
5.012e-14 2.820e+58 1.135e+32 1.137e-25 7.480e-14 9.399e-13
5.623e-14 2.305e+58 1.168e+32 1.170e-25 7.695e-14 9.670e-13
6.310e-14 1.883e+58 1.201e+32 1.203e-25 7.914e-14 9.945e-13
7.079e-14 1.538e+58 1.235e+32 1.237e-25 8.136e-14 1.022e-12
7.943e-14 1.255e+58 1.269e+32 1.271e-25 8.361e-14 1.051e-12
8.913e-14 1.024e+58 1.304e+32 1.306e-25 8.590e-14 1.079e-12
1.000e-13 8.355e+57 1.339e+32 1.341e-25 8.821e-14 1.108e-12
1.122e-13 6.812e+57 1.374e+32 1.376e-25 9.054e-14 1.138e-12
1.259e-13 5.552e+57 1.410e+32 1.412e-25 9.290e-14 1.167e-12
1.413e-13 4.522e+57 1.446e+32 1.448e-25 9.526e-14 1.197e-12
1.585e-13 3.682e+57 1.482e+32 1.484e-25 9.764e-14 1.227e-12
1.778e-13 2.996e+57 1.518e+32 1.520e-25 1.000e-13 1.257e-12
1.995e-13 2.436e+57 1.554e+32 1.557e-25 1.024e-13 1.287e-12
2.239e-13 1.980e+57 1.590e+32 1.593e-25 1.048e-13 1.317e-12
2.512e-13 1.608e+57 1.626e+32 1.628e-25 1.071e-13 1.346e-12
2.818e-13 1.305e+57 1.661e+32 1.664e-25 1.094e-13 1.375e-12
3.162e-13 1.058e+57 1.696e+32 1.699e-25 1.117e-13 1.404e-12
3.548e-13 8.576e+56 1.730e+32 1.733e-25 1.140e-13 1.432e-12
3.981e-13 6.944e+56 1.763e+32 1.766e-25 1.162e-13 1.460e-12
4.467e-13 5.617e+56 1.796e+32 1.799e-25 1.183e-13 1.487e-12
5.012e-13 4.540e+56 1.827e+32 1.830e-25 1.204e-13 1.513e-12
5.623e-13 3.666e+56 1.857e+32 1.861e-25 1.224e-13 1.538e-12
6.310e-13 2.957e+56 1.886e+32 1.889e-25 1.243e-13 1.562e-12
7.079e-13 2.383e+56 1.914e+32 1.917e-25 1.261e-13 1.585e-12
7.943e-13 1.918e+56 1.939e+32 1.942e-25 1.278e-13 1.606e-12
8.913e-13 1.542e+56 1.963e+32 1.966e-25 1.293e-13 1.625e-12
1.000e-12 1.239e+56 1.985e+32 1.988e-25 1.308e-13 1.643e-12
1.122e-12 inf inf inf inf inf
1.259e-12 inf inf inf inf inf
1.413e-12 inf inf inf inf inf
1.585e-12 inf inf inf inf inf
1.778e-12 inf inf inf inf inf
1.995e-12 inf inf inf inf inf
2.239e-12 inf inf inf inf inf
2.512e-12 inf inf inf inf inf
2.818e-12 inf inf inf inf inf
3.162e-12 inf inf inf inf inf
3.548e-12 inf inf inf inf inf
3.981e-12 inf inf inf inf inf
4.467e-12 inf inf inf inf inf
5.012e-12 inf inf inf inf inf
5.623e-12 inf inf inf inf inf
6.310e-12 3.151e+54 2.010e+32 2.013e-25 1.325e-13 1.664e-12
7.079e-12 2.483e+54 1.994e+32 1.997e-25 1.314e-13 1.651e-12
7.943e-12 1.955e+54 1.976e+32 1.980e-25 1.302e-13 1.636e-12
8.913e-12 1.538e+54 1.957e+32 1.961e-25 1.290e-13 1.621e-12
1.000e-11 1.209e+54 1.938e+32 1.941e-25 1.277e-13 1.604e-12
1.122e-11 9.502e+53 1.917e+32 1.920e-25 1.263e-13 1.587e-12
1.259e-11 7.461e+53 1.895e+32 1.898e-25 1.248e-13 1.569e-12
1.413e-11 5.855e+53 1.872e+32 1.875e-25 1.233e-13 1.550e-12
1.585e-11 4.592e+53 1.848e+32 1.851e-25 1.218e-13 1.530e-12
1.778e-11 3.599e+53 1.823e+32 1.826e-25 1.201e-13 1.510e-12
1.995e-11 2.819e+53 1.798e+32 1.801e-25 1.185e-13 1.489e-12
2.239e-11 2.206e+53 1.772e+32 1.775e-25 1.167e-13 1.467e-12
2.512e-11 1.726e+53 1.745e+32 1.748e-25 1.150e-13 1.445e-12
2.818e-11 1.349e+53 1.717e+32 1.720e-25 1.131e-13 1.422e-12
3.162e-11 1.054e+53 1.689e+32 1.692e-25 1.113e-13 1.398e-12
3.548e-11 8.229e+52 1.660e+32 1.663e-25 1.094e-13 1.374e-12
3.981e-11 6.420e+52 1.630e+32 1.633e-25 1.074e-13 1.350e-12
4.467e-11 5.006e+52 1.600e+32 1.603e-25 1.055e-13 1.325e-12
5.012e-11 3.901e+52 1.570e+32 1.572e-25 1.034e-13 1.300e-12
5.623e-11 3.037e+52 1.539e+32 1.541e-25 1.014e-13 1.274e-12
6.310e-11 2.363e+52 1.507e+32 1.510e-25 9.933e-14 1.248e-12
7.079e-11 1.838e+52 1.476e+32 1.478e-25 9.724e-14 1.222e-12
7.943e-11 1.428e+52 1.444e+32 1.446e-25 9.512e-14 1.195e-12
8.913e-11 1.109e+52 1.411e+32 1.413e-25 9.298e-14 1.168e-12
1.000e-10 8.603e+51 1.378e+32 1.381e-25 9.083e-14 1.141e-12
1.122e-10 6.670e+51 1.345e+32 1.348e-25 8.866e-14 1.114e-12
1.259e-10 5.168e+51 1.312e+32 1.314e-25 8.647e-14 1.087e-12
1.413e-10 4.001e+51 1.279e+32 1.281e-25 8.428e-14 1.059e-12
1.585e-10 3.095e+51 1.246e+32 1.248e-25 8.208e-14 1.031e-12
1.778e-10 2.392e+51 1.212e+32 1.214e-25 7.987e-14 1.004e-12
1.995e-10 1.848e+51 1.178e+32 1.180e-25 7.766e-14 9.759e-13
2.239e-10 1.426e+51 1.145e+32 1.147e-25 7.544e-14 9.481e-13
2.512e-10 1.099e+51 1.111e+32 1.113e-25 7.323e-14 9.203e-13
2.818e-10 8.470e+50 1.078e+32 1.080e-25 7.103e-14 8.926e-13
3.162e-10 6.519e+50 1.045e+32 1.046e-25 6.883e-14 8.649e-13
3.548e-10 5.014e+50 1.011e+32 1.013e-25 6.664e-14 8.374e-13
3.981e-10 3.853e+50 9.783e+31 9.799e-26 6.446e-14 8.101e-13
4.467e-10 2.958e+50 9.455e+31 9.471e-26 6.230e-14 7.829e-13
5.012e-10 2.268e+50 9.129e+31 9.144e-26 6.016e-14 7.559e-13
5.623e-10 1.738e+50 8.806e+31 8.821e-26 5.803e-14 7.292e-13
6.310e-10 1.331e+50 8.487e+31 8.501e-26 5.592e-14 7.028e-13
7.079e-10 1.018e+50 8.171e+31 8.185e-26 5.384e-14 6.766e-13
7.943e-10 7.775e+49 7.860e+31 7.873e-26 5.179e-14 6.508e-13
8.913e-10 5.935e+49 7.553e+31 7.565e-26 4.977e-14 6.254e-13
1.000e-09 4.525e+49 7.250e+31 7.263e-26 4.778e-14 6.004e-13
1.122e-09 3.447e+49 6.953e+31 6.965e-26 4.582e-14 5.758e-13
1.259e-09 2.623e+49 6.662e+31 6.673e-26 4.390e-14 5.516e-13
1.413e-09 1.995e+49 6.376e+31 6.387e-26 4.202e-14 5.280e-13
1.585e-09 1.515e+49 6.097e+31 6.107e-26 4.018e-14 5.049e-13
1.778e-09 1.150e+49 5.824e+31 5.834e-26 3.838e-14 4.823e-13
1.995e-09 8.715e+48 5.559e+31 5.568e-26 3.663e-14 4.603e-13
2.239e-09 6.601e+48 5.301e+31 5.310e-26 3.493e-14 4.389e-13
2.512e-09 4.996e+48 5.050e+31 5.059e-26 3.328e-14 4.182e-13
2.818e-09 3.778e+48 4.808e+31 4.816e-26 3.168e-14 3.981e-13
3.162e-09 2.855e+48 4.574e+31 4.582e-26 3.014e-14 3.788e-13
3.548e-09 2.157e+48 4.350e+31 4.357e-26 2.866e-14 3.602e-13
3.981e-09 1.628e+48 4.134e+31 4.141e-26 2.724e-14 3.423e-13
4.467e-09 1.229e+48 3.928e+31 3.935e-26 2.589e-14 3.253e-13
5.012e-09 9.275e+47 3.733e+31 3.739e-26 2.460e-14 3.091e-13
5.623e-09 7.001e+47 3.547e+31 3.553e-26 2.338e-14 2.937e-13
6.310e-09 5.288e+47 3.373e+31 3.379e-26 2.223e-14 2.793e-13
7.079e-09 3.997e+47 3.210e+31 3.215e-26 2.115e-14 2.658e-13
7.943e-09 3.025e+47 3.058e+31 3.063e-26 2.015e-14 2.532e-13
8.913e-09 2.294e+47 2.919e+31 2.924e-26 1.924e-14 2.417e-13
1.000e-08 1.743e+47 2.792e+31 2.797e-26 1.840e-14 2.312e-13
1.122e-08 1.328e+47 2.679e+31 2.683e-26 1.765e-14 2.218e-13
1.259e-08 1.016e+47 2.579e+31 2.583e-26 1.699e-14 2.136e-13
1.413e-08 7.800e+46 2.493e+31 2.498e-26 1.643e-14 2.065e-13
1.585e-08 6.019e+46 2.422e+31 2.426e-26 1.596e-14 2.006e-13
1.778e-08 4.670e+46 2.366e+31 2.370e-26 1.559e-14 1.959e-13
1.995e-08 3.647e+46 2.326e+31 2.330e-26 1.533e-14 1.926e-13
2.239e-08 2.866e+46 2.302e+31 2.306e-26 1.517e-14 1.906e-13
2.512e-08 2.269e+46 2.294e+31 2.298e-26 1.512e-14 1.899e-13
2.818e-08 1.810e+46 2.303e+31 2.307e-26 1.518e-14 1.907e-13
3.162e-08 1.454e+46 2.329e+31 2.333e-26 1.535e-14 1.929e-13
3.548e-08 1.176e+46 2.372e+31 2.376e-26 1.563e-14 1.964e-13
3.981e-08 9.576e+45 2.432e+31 2.436e-26 1.602e-14 2.014e-13
4.467e-08 7.842e+45 2.507e+31 2.511e-26 1.652e-14 2.076e-13
5.012e-08 6.451e+45 2.596e+31 2.601e-26 1.711e-14 2.150e-13
5.623e-08 5.318e+45 2.694e+31 2.699e-26 1.775e-14 2.231e-13
6.310e-08 4.327e+45 2.760e+31 2.765e-26 1.819e-14 2.286e-13
7.079e-08 3.625e+45 2.911e+31 2.916e-26 1.918e-14 2.410e-13
7.943e-08 3.045e+45 3.078e+31 3.083e-26 2.028e-14 2.549e-13
8.913e-08 2.561e+45 3.259e+31 3.265e-26 2.148e-14 2.699e-13
1.000e-07 2.155e+45 3.453e+31 3.459e-26 2.275e-14 2.859e-13
1.122e-07 1.812e+45 3.655e+31 3.661e-26 2.409e-14 3.027e-13
1.259e-07 1.518e+45 3.855e+31 3.862e-26 2.541e-14 3.193e-13
1.413e-07 1.266e+45 4.046e+31 4.053e-26 2.666e-14 3.351e-13
1.585e-07 1.069e+45 4.303e+31 4.311e-26 2.836e-14 3.564e-13
1.778e-07 9.015e+44 4.567e+31 4.575e-26 3.010e-14 3.782e-13
1.995e-07 7.569e+44 4.828e+31 4.836e-26 3.181e-14 3.998e-13
2.239e-07 6.317e+44 5.073e+31 5.081e-26 3.343e-14 4.201e-13
2.512e-07 5.326e+44 5.384e+31 5.393e-26 3.548e-14 4.459e-13
2.818e-07 4.471e+44 5.689e+31 5.699e-26 3.749e-14 4.711e-13
3.162e-07 3.729e+44 5.974e+31 5.984e-26 3.936e-14 4.947e-13
3.548e-07 3.135e+44 6.324e+31 6.335e-26 4.167e-14 5.237e-13
3.981e-07 2.605e+44 6.616e+31 6.627e-26 4.359e-14 5.478e-13
4.467e-07 2.191e+44 7.005e+31 7.017e-26 4.616e-14 5.801e-13
5.012e-07 1.830e+44 7.364e+31 7.376e-26 4.852e-14 6.098e-13
5.623e-07 1.541e+44 7.808e+31 7.821e-26 5.145e-14 6.465e-13
6.310e-07 1.284e+44 8.191e+31 8.204e-26 5.397e-14 6.782e-13
7.079e-07 1.076e+44 8.643e+31 8.658e-26 5.696e-14 7.157e-13
7.943e-07 8.960e+43 9.058e+31 9.073e-26 5.969e-14 7.501e-13
8.913e-07 7.529e+43 9.582e+31 9.598e-26 6.314e-14 7.934e-13
1.000e-06 6.531e+43 1.046e+32 1.048e-25 6.895e-14 8.665e-13
1.122e-06 5.427e+43 1.095e+32 1.096e-25 7.213e-14 9.064e-13
1.259e-06 4.718e+43 1.198e+32 1.200e-25 7.894e-14 9.921e-13
1.413e-06 4.077e+43 1.303e+32 1.305e-25 8.588e-14 1.079e-12
1.585e-06 3.370e+43 1.356e+32 1.359e-25 8.938e-14 1.123e-12
1.778e-06 2.889e+43 1.464e+32 1.466e-25 9.645e-14 1.212e-12
1.995e-06 2.503e+43 1.596e+32 1.599e-25 1.052e-13 1.322e-12
2.239e-06 2.062e+43 1.656e+32 1.659e-25 1.091e-13 1.371e-12
2.512e-06 1.765e+43 1.784e+32 1.787e-25 1.176e-13 1.478e-12
2.818e-06 1.509e+43 1.921e+32 1.924e-25 1.266e-13 1.591e-12
3.162e-06 1.232e+43 1.973e+32 1.977e-25 1.300e-13 1.634e-12
3.548e-06 1.047e+43 2.112e+32 2.115e-25 1.392e-13 1.749e-12
3.981e-06 9.013e+42 2.289e+32 2.293e-25 1.508e-13 1.895e-12
4.467e-06 7.345e+42 2.348e+32 2.352e-25 1.547e-13 1.944e-12
5.012e-06 6.240e+42 2.511e+32 2.516e-25 1.655e-13 2.080e-12
5.623e-06 5.297e+42 2.684e+32 2.688e-25 1.768e-13 2.222e-12
6.310e-06 4.493e+42 2.866e+32 2.871e-25 1.888e-13 2.373e-12
7.079e-06 3.610e+42 2.899e+32 2.904e-25 1.910e-13 2.400e-12
7.943e-06 3.043e+42 3.076e+32 3.081e-25 2.027e-13 2.547e-12
8.913e-06 2.563e+42 3.262e+32 3.268e-25 2.150e-13 2.701e-12
1.000e-05 2.159e+42 3.458e+32 3.464e-25 2.279e-13 2.864e-12
1.122e-05 1.817e+42 3.666e+32 3.672e-25 2.415e-13 3.035e-12
1.259e-05 1.435e+42 3.644e+32 3.650e-25 2.401e-13 3.017e-12
1.413e-05 1.201e+42 3.838e+32 3.845e-25 2.529e-13 3.178e-12
1.585e-05 1.005e+42 4.045e+32 4.052e-25 2.666e-13 3.350e-12
1.778e-05 8.421e+41 4.267e+32 4.274e-25 2.812e-13 3.533e-12
1.995e-05 7.065e+41 4.506e+32 4.514e-25 2.970e-13 3.732e-12
2.239e-05 5.938e+41 4.768e+32 4.777e-25 3.142e-13 3.949e-12
2.512e-05 5.004e+41 5.058e+32 5.067e-25 3.333e-13 4.189e-12
2.818e-05 3.965e+41 5.046e+32 5.055e-25 3.325e-13 4.179e-12
3.162e-05 3.376e+41 5.409e+32 5.418e-25 3.564e-13 4.479e-12
3.548e-05 2.885e+41 5.818e+32 5.828e-25 3.834e-13 4.818e-12
3.981e-05 2.478e+41 6.292e+32 6.302e-25 4.146e-13 5.210e-12
4.467e-05 2.141e+41 6.845e+32 6.857e-25 4.511e-13 5.669e-12
5.012e-05 1.863e+41 7.498e+32 7.511e-25 4.941e-13 6.209e-12
5.623e-05 1.632e+41 8.270e+32 8.284e-25 5.449e-13 6.848e-12
6.310e-05 1.440e+41 9.184e+32 9.200e-25 6.052e-13 7.605e-12
7.079e-05 1.276e+41 1.025e+33 1.027e-24 6.753e-13 8.486e-12
7.943e-05 1.134e+41 1.147e+33 1.149e-24 7.557e-13 9.496e-12
8.913e-05 1.012e+41 1.289e+33 1.291e-24 8.491e-13 1.067e-11
1.000e-04 9.064e+40 1.452e+33 1.455e-24 9.570e-13 1.203e-11
1.122e-04 8.131e+40 1.640e+33 1.643e-24 1.081e-12 1.358e-11
1.259e-04 7.300e+40 1.854e+33 1.857e-24 1.221e-12 1.535e-11
1.413e-04 6.551e+40 2.094e+33 2.098e-24 1.380e-12 1.734e-11
1.585e-04 5.870e+40 2.362e+33 2.366e-24 1.557e-12 1.956e-11
1.778e-04 5.246e+40 2.658e+33 2.662e-24 1.751e-12 2.201e-11
1.995e-04 4.672e+40 2.980e+33 2.985e-24 1.964e-12 2.468e-11
2.239e-04 4.040e+40 3.244e+33 3.250e-24 2.138e-12 2.686e-11
2.512e-04 3.567e+40 3.606e+33 3.612e-24 2.376e-12 2.986e-11
2.818e-04 3.133e+40 3.987e+33 3.994e-24 2.627e-12 3.301e-11
3.162e-04 2.737e+40 4.385e+33 4.392e-24 2.889e-12 3.631e-11
3.548e-04 2.378e+40 4.797e+33 4.805e-24 3.161e-12 3.972e-11
3.981e-04 2.056e+40 5.221e+33 5.229e-24 3.440e-12 4.323e-11
4.467e-04 1.769e+40 5.654e+33 5.664e-24 3.726e-12 4.682e-11
5.012e-04 1.515e+40 6.097e+33 6.107e-24 4.018e-12 5.049e-11
5.623e-04 1.292e+40 6.548e+33 6.560e-24 4.315e-12 5.423e-11
6.310e-04 1.098e+40 7.004e+33 7.016e-24 4.615e-12 5.800e-11
7.079e-04 9.294e+39 7.463e+33 7.475e-24 4.918e-12 6.180e-11
7.943e-04 7.834e+39 7.919e+33 7.933e-24 5.218e-12 6.558e-11
8.913e-04 6.577e+39 8.371e+33 8.385e-24 5.516e-12 6.932e-11
1.000e-03 5.503e+39 8.816e+33 8.831e-24 5.810e-12 7.300e-11
1.122e-03 4.588e+39 9.253e+33 9.269e-24 6.097e-12 7.662e-11
1.259e-03 3.812e+39 9.681e+33 9.697e-24 6.379e-12 8.017e-11
1.413e-03 3.159e+39 1.010e+34 1.012e-23 6.655e-12 8.363e-11
1.585e-03 2.611e+39 1.051e+34 1.053e-23 6.925e-12 8.703e-11
1.778e-03 2.154e+39 1.091e+34 1.093e-23 7.192e-12 9.038e-11
1.995e-03 1.775e+39 1.132e+34 1.134e-23 7.458e-12 9.372e-11
2.239e-03 1.460e+39 1.173e+34 1.175e-23 7.728e-12 9.711e-11
2.512e-03 1.201e+39 1.215e+34 1.217e-23 8.003e-12 1.006e-10
2.818e-03 9.883e+38 1.258e+34 1.260e-23 8.288e-12 1.042e-10
3.162e-03 8.130e+38 1.303e+34 1.305e-23 8.583e-12 1.079e-10
3.548e-03 6.686e+38 1.349e+34 1.351e-23 8.887e-12 1.117e-10
3.981e-03 5.495e+38 1.395e+34 1.398e-23 9.195e-12 1.155e-10
4.467e-03 4.514e+38 1.443e+34 1.445e-23 9.509e-12 1.195e-10
5.012e-03 3.706e+38 1.491e+34 1.494e-23 9.828e-12 1.235e-10
5.623e-03 3.041e+38 1.541e+34 1.544e-23 1.015e-11 1.276e-10
6.310e-03 2.495e+38 1.591e+34 1.594e-23 1.049e-11 1.318e-10
7.079e-03 2.046e+38 1.643e+34 1.646e-23 1.083e-11 1.360e-10
7.943e-03 1.677e+38 1.695e+34 1.698e-23 1.117e-11 1.404e-10
8.913e-03 1.373e+38 1.748e+34 1.751e-23 1.152e-11 1.447e-10
1.000e-02 1.124e+38 1.801e+34 1.804e-23 1.187e-11 1.491e-10
1.122e-02 9.191e+37 1.854e+34 1.857e-23 1.222e-11 1.535e-10
1.259e-02 7.510e+37 1.907e+34 1.910e-23 1.257e-11 1.579e-10
1.413e-02 6.131e+37 1.960e+34 1.963e-23 1.292e-11 1.623e-10
1.585e-02 5.002e+37 2.013e+34 2.016e-23 1.326e-11 1.667e-10
1.778e-02 4.077e+37 2.066e+34 2.069e-23 1.361e-11 1.711e-10
1.995e-02 3.322e+37 2.119e+34 2.123e-23 1.396e-11 1.755e-10
2.239e-02 2.706e+37 2.173e+34 2.176e-23 1.432e-11 1.799e-10
2.512e-02 2.203e+37 2.227e+34 2.231e-23 1.468e-11 1.844e-10
2.818e-02 1.794e+37 2.283e+34 2.287e-23 1.504e-11 1.890e-10
3.162e-02 1.460e+37 2.340e+34 2.344e-23 1.542e-11 1.937e-10
3.548e-02 1.189e+37 2.398e+34 2.402e-23 1.580e-11 1.986e-10
3.981e-02 9.682e+36 2.459e+34 2.463e-23 1.620e-11 2.036e-10
4.467e-02 7.886e+36 2.521e+34 2.525e-23 1.661e-11 2.087e-10
5.012e-02 6.423e+36 2.585e+34 2.589e-23 1.703e-11 2.141e-10
5.623e-02 5.232e+36 2.651e+34 2.655e-23 1.747e-11 2.195e-10
6.310e-02 4.261e+36 2.718e+34 2.723e-23 1.791e-11 2.251e-10
7.079e-02 3.470e+36 2.786e+34 2.791e-23 1.836e-11 2.307e-10
7.943e-02 2.824e+36 2.854e+34 2.859e-23 1.881e-11 2.364e-10
8.913e-02 2.296e+36 2.922e+34 2.927e-23 1.926e-11 2.420e-10
1.000e-01 1.866e+36 2.989e+34 2.995e-23 1.970e-11 2.476e-10
1.122e-01 1.515e+36 3.056e+34 3.061e-23 2.014e-11 2.530e-10
1.259e-01 1.229e+36 3.121e+34 3.126e-23 2.057e-11 2.584e-10
1.413e-01 9.962e+35 3.185e+34 3.190e-23 2.098e-11 2.637e-10
1.585e-01 8.067e+35 3.247e+34 3.252e-23 2.139e-11 2.688e-10
1.778e-01 6.526e+35 3.306e+34 3.312e-23 2.179e-11 2.738e-10
1.995e-01 5.274e+35 3.364e+34 3.370e-23 2.217e-11 2.786e-10
2.239e-01 4.258e+35 3.419e+34 3.425e-23 2.253e-11 2.831e-10
2.512e-01 3.434e+35 3.471e+34 3.477e-23 2.288e-11 2.875e-10
2.818e-01 2.766e+35 3.520e+34 3.526e-23 2.320e-11 2.915e-10
3.162e-01 2.225e+35 3.565e+34 3.571e-23 2.349e-11 2.952e-10
3.548e-01 1.788e+35 3.606e+34 3.613e-23 2.376e-11 2.986e-10
3.981e-01 1.435e+35 3.643e+34 3.649e-23 2.401e-11 3.017e-10
4.467e-01 1.150e+35 3.675e+34 3.681e-23 2.421e-11 3.043e-10
5.012e-01 9.196e+34 3.701e+34 3.707e-23 2.439e-11 3.065e-10
5.623e-01 7.346e+34 3.722e+34 3.728e-23 2.452e-11 3.082e-10
6.310e-01 5.858e+34 3.736e+34 3.743e-23 2.462e-11 3.094e-10
7.079e-01 4.663e+34 3.744e+34 3.750e-23 2.467e-11 3.100e-10
7.943e-01 3.705e+34 3.745e+34 3.751e-23 2.468e-11 3.101e-10
8.913e-01 2.938e+34 3.739e+34 3.745e-23 2.464e-11 3.096e-10
1.000e+00 2.325e+34 3.724e+34 3.731e-23 2.454e-11 3.084e-10
1.122e+00 1.835e+34 3.702e+34 3.709e-23 2.440e-11 3.066e-10
1.259e+00 1.446e+34 3.672e+34 3.678e-23 2.419e-11 3.040e-10
1.413e+00 1.136e+34 3.633e+34 3.639e-23 2.394e-11 3.008e-10
1.585e+00 8.907e+33 3.585e+34 3.591e-23 2.362e-11 2.968e-10
1.778e+00 6.963e+33 3.528e+34 3.534e-23 2.325e-11 2.921e-10
1.995e+00 5.427e+33 3.462e+34 3.468e-23 2.281e-11 2.867e-10
2.239e+00 4.218e+33 3.387e+34 3.393e-23 2.232e-11 2.805e-10
2.512e+00 3.267e+33 3.303e+34 3.309e-23 2.177e-11 2.735e-10
2.818e+00 2.523e+33 3.210e+34 3.216e-23 2.115e-11 2.658e-10
3.162e+00 1.941e+33 3.109e+34 3.114e-23 2.049e-11 2.575e-10
3.548e+00 1.487e+33 3.000e+34 3.005e-23 1.977e-11 2.484e-10
3.981e+00 1.135e+33 2.883e+34 2.888e-23 1.900e-11 2.387e-10
4.467e+00 8.629e+32 2.758e+34 2.763e-23 1.818e-11 2.284e-10
5.012e+00 6.530e+32 2.628e+34 2.632e-23 1.732e-11 2.176e-10
5.623e+00 4.918e+32 2.492e+34 2.496e-23 1.642e-11 2.063e-10
6.310e+00 3.685e+32 2.351e+34 2.355e-23 1.549e-11 1.946e-10
7.079e+00 2.747e+32 2.206e+34 2.210e-23 1.454e-11 1.827e-10
7.943e+00 2.036e+32 2.058e+34 2.062e-23 1.356e-11 1.704e-10
8.913e+00 1.500e+32 1.909e+34 1.913e-23 1.258e-11 1.581e-10
1.000e+01 1.098e+32 1.760e+34 1.763e-23 1.160e-11 1.457e-10
1.122e+01 7.989e+31 1.611e+34 1.614e-23 1.062e-11 1.334e-10
1.259e+01 5.769e+31 1.465e+34 1.467e-23 9.653e-12 1.213e-10
1.413e+01 4.134e+31 1.322e+34 1.324e-23 8.709e-12 1.094e-10
1.585e+01 2.939e+31 1.183e+34 1.185e-23 7.795e-12 9.796e-11
1.778e+01 2.072e+31 1.050e+34 1.052e-23 6.917e-12 8.693e-11
1.995e+01 1.447e+31 9.231e+33 9.247e-24 6.083e-12 7.644e-11
2.239e+01 1.001e+31 8.040e+33 8.053e-24 5.298e-12 6.657e-11
2.512e+01 6.855e+30 6.930e+33 6.941e-24 4.566e-12 5.738e-11
2.818e+01 4.642e+30 5.907e+33 5.917e-24 3.893e-12 4.892e-11
3.162e+01 3.106e+30 4.977e+33 4.986e-24 3.280e-12 4.121e-11
3.548e+01 2.053e+30 4.141e+33 4.148e-24 2.729e-12 3.429e-11
3.981e+01 1.339e+30 3.399e+33 3.405e-24 2.240e-12 2.815e-11
4.467e+01 8.605e+29 2.751e+33 2.755e-24 1.813e-12 2.278e-11
5.012e+01 5.446e+29 2.192e+33 2.196e-24 1.444e-12 1.815e-11
5.623e+01 3.391e+29 1.718e+33 1.721e-24 1.132e-12 1.423e-11
6.310e+01 2.074e+29 1.323e+33 1.325e-24 8.718e-13 1.096e-11
7.079e+01 1.245e+29 9.997e+32 1.001e-24 6.588e-13 8.278e-12
7.943e+01 7.321e+28 7.401e+32 7.414e-25 4.877e-13 6.129e-12
8.913e+01 4.212e+28 5.360e+32 5.369e-25 3.532e-13 4.439e-12
1.000e+02 2.366e+28 3.791e+32 3.798e-25 2.498e-13 3.139e-12
1.122e+02 1.296e+28 2.614e+32 2.618e-25 1.722e-13 2.164e-12
1.259e+02 6.903e+27 1.753e+32 1.756e-25 1.155e-13 1.451e-12
1.413e+02 3.569e+27 1.141e+32 1.143e-25 7.518e-14 9.447e-13
1.585e+02 1.786e+27 7.189e+31 7.201e-26 4.737e-14 5.953e-13
1.778e+02 8.634e+26 4.374e+31 4.382e-26 2.883e-14 3.622e-13
1.995e+02 4.018e+26 2.563e+31 2.567e-26 1.689e-14 2.122e-13
2.239e+02 1.794e+26 1.441e+31 1.443e-26 9.495e-15 1.193e-13
2.512e+02 7.664e+25 7.747e+30 7.760e-27 5.105e-15 6.415e-14
2.818e+02 3.118e+25 3.968e+30 3.975e-27 2.615e-15 3.286e-14
3.162e+02 1.203e+25 1.927e+30 1.930e-27 1.270e-15 1.596e-14
3.548e+02 4.380e+24 8.834e+29 8.849e-28 5.821e-16 7.315e-15
3.981e+02 1.497e+24 3.801e+29 3.808e-28 2.505e-16 3.148e-15
4.467e+02 4.774e+23 1.526e+29 1.529e-28 1.006e-16 1.264e-15
5.012e+02 1.412e+23 5.683e+28 5.692e-29 3.745e-17 4.706e-16
5.623e+02 3.845e+22 1.948e+28 1.951e-29 1.284e-17 1.613e-16
6.310e+02 9.559e+21 6.097e+27 6.108e-30 4.018e-18 5.049e-17
7.079e+02 2.151e+21 1.727e+27 1.730e-30 1.138e-18 1.430e-17
7.943e+02 4.337e+20 4.384e+26 4.392e-31 2.889e-19 3.630e-18
8.913e+02 7.748e+19 9.860e+25 9.877e-32 6.497e-20 8.165e-19
1.000e+03 1.211e+19 1.940e+25 1.943e-32 1.278e-20 1.606e-19
1.122e+03 1.634e+18 3.296e+24 3.302e-33 2.172e-21 2.729e-20
1.259e+03 1.874e+17 4.760e+23 4.768e-34 3.136e-22 3.941e-21
1.413e+03 1.794e+16 5.736e+22 5.746e-35 3.780e-23 4.750e-22
1.585e+03 1.405e+15 5.656e+21 5.665e-36 3.727e-24 4.683e-23
1.778e+03 8.798e+13 4.458e+20 4.465e-37 2.937e-25 3.691e-24
1.995e+03 4.290e+12 2.736e+19 2.741e-38 1.803e-26 2.266e-25
2.239e+03 1.581e+11 1.269e+18 1.272e-39 8.365e-28 1.051e-26
2.512e+03 4.258e+09 4.304e+16 4.312e-41 2.836e-29 3.564e-28
2.818e+03 8.078e+07 1.028e+15 1.030e-42 6.775e-31 8.513e-30
3.162e+03 1.038e+06 1.664e+13 1.666e-44 1.096e-32 1.378e-31
3.548e+03 8.699e+03 1.755e+11 1.758e-46 1.156e-34 1.453e-33
3.981e+03 4.582e+01 1.164e+09 1.166e-48 7.668e-37 9.635e-36
4.467e+03 1.465e-01 4.683e+06 4.691e-51 3.086e-39 3.878e-38
5.012e+03 2.717e-04 1.093e+04 1.095e-53 7.206e-42 9.055e-41
5.623e+03 2.726e-07 1.381e+01 1.384e-56 9.101e-45 1.144e-43
6.310e+03 1.339e-10 8.538e-03 8.552e-60 5.626e-48 7.070e-47
7.079e+03 2.852e-14 2.290e-06 2.294e-63 1.509e-51 1.896e-50
7.943e+03 2.317e-18 2.342e-10 2.346e-67 1.543e-55 1.939e-54
8.913e+03 6.263e-23 7.971e-15 7.985e-72 5.253e-60 6.601e-59
1.000e+04 0.000e+00 0.000e+00 0.000e+00 0.000e+00 0.000e+00
1.122e+04 0.000e+00 0.000e+00 0.000e+00 0.000e+00 0.000e+00
1.259e+04 0.000e+00 0.000e+00 0.000e+00 0.000e+00 0.000e+00
1.413e+04 0.000e+00 0.000e+00 0.000e+00 0.000e+00 0.000e+00
1.585e+04 0.000e+00 0.000e+00 0.000e+00 0.000e+00 0.000e+00
1.778e+04 0.000e+00 0.000e+00 0.000e+00 0.000e+00 0.000e+00
1.995e+04 0.000e+00 0.000e+00 0.000e+00 0.000e+00 0.000e+00
2.239e+04 0.000e+00 0.000e+00 0.000e+00 0.000e+00 0.000e+00
2.512e+04 0.000e+00 0.000e+00 0.000e+00 0.000e+00 0.000e+00
2.818e+04 0.000e+00 0.000e+00 0.000e+00 0.000e+00 0.000e+00
3.162e+04 0.000e+00 0.000e+00 0.000e+00 0.000e+00 0.000e+00
3.548e+04 0.000e+00 0.000e+00 0.000e+00 0.000e+00 0.000e+00
3.981e+04 0.000e+00 0.000e+00 0.000e+00 0.000e+00 0.000e+00
4.467e+04 0.000e+00 0.000e+00 0.000e+00 0.000e+00 0.000e+00
5.012e+04 0.000e+00 0.000e+00 0.000e+00 0.000e+00 0.000e+00
5.623e+04 0.000e+00 0.000e+00 0.000e+00 0.000e+00 0.000e+00
6.310e+04 0.000e+00 0.000e+00 0.000e+00 0.000e+00 0.000e+00
7.079e+04 0.000e+00 0.000e+00 0.000e+00 0.000e+00 0.000e+00
7.943e+04 0.000e+00 0.000e+00 0.000e+00 0.000e+00 0.000e+00
8.913e+04 0.000e+00 0.000e+00 0.000e+00 0.000e+00 0.000e+00
1.000e+05 0.000e+00 0.000e+00 0.000e+00 0.000e+00 0.000e+00
1.122e+05 0.000e+00 0.000e+00 0.000e+00 0.000e+00 0.000e+00
1.259e+05 0.000e+00 0.000e+00 0.000e+00 0.000e+00 0.000e+00
1.413e+05 0.000e+00 0.000e+00 0.000e+00 0.000e+00 0.000e+00
1.585e+05 0.000e+00 0.000e+00 0.000e+00 0.000e+00 0.000e+00
1.778e+05 0.000e+00 0.000e+00 0.000e+00 0.000e+00 0.000e+00
1.995e+05 0.000e+00 0.000e+00 0.000e+00 0.000e+00 0.000e+00
2.239e+05 0.000e+00 0.000e+00 0.000e+00 0.000e+00 0.000e+00
2.512e+05 0.000e+00 0.000e+00 0.000e+00 0.000e+00 0.000e+00
2.818e+05 0.000e+00 0.000e+00 0.000e+00 0.000e+00 0.000e+00
3.162e+05 0.000e+00 0.000e+00 0.000e+00 0.000e+00 0.000e+00
3.548e+05 0.000e+00 0.000e+00 0.000e+00 0.000e+00 0.000e+00
3.981e+05 0.000e+00 0.000e+00 0.000e+00 0.000e+00 0.000e+00
4.467e+05 0.000e+00 0.000e+00 0.000e+00 0.000e+00 0.000e+00
5.012e+05 0.000e+00 0.000e+00 0.000e+00 0.000e+00 0.000e+00
5.623e+05 0.000e+00 0.000e+00 0.000e+00 0.000e+00 0.000e+00
6.310e+05 0.000e+00 0.000e+00 0.000e+00 0.000e+00 0.000e+00
7.079e+05 0.000e+00 0.000e+00 0.000e+00 0.000e+00 0.000e+00
7.943e+05 0.000e+00 0.000e+00 0.000e+00 0.000e+00 0.000e+00
8.913e+05 0.000e+00 0.000e+00 0.000e+00 0.000e+00 0.000e+00
1.000e+06 0.000e+00 0.000e+00 0.000e+00 0.000e+00 0.000e+00
1.122e+06 0.000e+00 0.000e+00 0.000e+00 0.000e+00 0.000e+00
1.259e+06 0.000e+00 0.000e+00 0.000e+00 0.000e+00 0.000e+00
1.413e+06 0.000e+00 0.000e+00 0.000e+00 0.000e+00 0.000e+00
1.585e+06 0.000e+00 0.000e+00 0.000e+00 0.000e+00 0.000e+00
1.778e+06 0.000e+00 0.000e+00 0.000e+00 0.000e+00 0.000e+00
1.995e+06 0.000e+00 0.000e+00 0.000e+00 0.000e+00 0.000e+00
2.239e+06 0.000e+00 0.000e+00 0.000e+00 0.000e+00 0.000e+00
2.512e+06 0.000e+00 0.000e+00 0.000e+00 0.000e+00 0.000e+00
2.818e+06 0.000e+00 0.000e+00 0.000e+00 0.000e+00 0.000e+00
3.162e+06 0.000e+00 0.000e+00 0.000e+00 0.000e+00 0.000e+00
3.548e+06 0.000e+00 0.000e+00 0.000e+00 0.000e+00 0.000e+00
3.981e+06 0.000e+00 0.000e+00 0.000e+00 0.000e+00 0.000e+00
4.467e+06 0.000e+00 0.000e+00 0.000e+00 0.000e+00 0.000e+00
5.012e+06 0.000e+00 0.000e+00 0.000e+00 0.000e+00 0.000e+00
5.623e+06 0.000e+00 0.000e+00 0.000e+00 0.000e+00 0.000e+00
6.310e+06 0.000e+00 0.000e+00 0.000e+00 0.000e+00 0.000e+00
7.079e+06 0.000e+00 0.000e+00 0.000e+00 0.000e+00 0.000e+00
7.943e+06 0.000e+00 0.000e+00 0.000e+00 0.000e+00 0.000e+00
8.913e+06 0.000e+00 0.000e+00 0.000e+00 0.000e+00 0.000e+00
1.000e+07 0.000e+00 0.000e+00 0.000e+00 0.000e+00 0.000e+00
1.122e+07 0.000e+00 0.000e+00 0.000e+00 0.000e+00 0.000e+00
1.259e+07 0.000e+00 0.000e+00 0.000e+00 0.000e+00 0.000e+00
1.413e+07 0.000e+00 0.000e+00 0.000e+00 0.000e+00 0.000e+00
1.585e+07 0.000e+00 0.000e+00 0.000e+00 0.000e+00 0.000e+00
1.778e+07 0.000e+00 0.000e+00 0.000e+00 0.000e+00 0.000e+00
1.995e+07 0.000e+00 0.000e+00 0.000e+00 0.000e+00 0.000e+00
2.239e+07 0.000e+00 0.000e+00 0.000e+00 0.000e+00 0.000e+00
2.512e+07 0.000e+00 0.000e+00 0.000e+00 0.000e+00 0.000e+00
2.818e+07 0.000e+00 0.000e+00 0.000e+00 0.000e+00 0.000e+00
3.162e+07 0.000e+00 0.000e+00 0.000e+00 0.000e+00 0.000e+00
3.548e+07 0.000e+00 0.000e+00 0.000e+00 0.000e+00 0.000e+00
3.981e+07 0.000e+00 0.000e+00 0.000e+00 0.000e+00 0.000e+00
4.467e+07 0.000e+00 0.000e+00 0.000e+00 0.000e+00 0.000e+00
5.012e+07 0.000e+00 0.000e+00 0.000e+00 0.000e+00 0.000e+00
5.623e+07 0.000e+00 0.000e+00 0.000e+00 0.000e+00 0.000e+00
6.310e+07 0.000e+00 0.000e+00 0.000e+00 0.000e+00 0.000e+00
7.079e+07 0.000e+00 0.000e+00 0.000e+00 0.000e+00 0.000e+00
7.943e+07 0.000e+00 0.000e+00 0.000e+00 0.000e+00 0.000e+00
8.913e+07 0.000e+00 0.000e+00 0.000e+00 0.000e+00 0.000e+00
1.000e+08 0.000e+00 0.000e+00 0.000e+00 0.000e+00 0.000e+00
