1.000e-20 0.000e+00 0.000e+00 0.000e+00 0.000e+00 0.000e+00
1.122e-20 0.000e+00 0.000e+00 0.000e+00 0.000e+00 0.000e+00
1.259e-20 0.000e+00 0.000e+00 0.000e+00 0.000e+00 0.000e+00
1.413e-20 0.000e+00 0.000e+00 0.000e+00 0.000e+00 0.000e+00
1.585e-20 0.000e+00 0.000e+00 0.000e+00 0.000e+00 0.000e+00
1.778e-20 0.000e+00 0.000e+00 0.000e+00 0.000e+00 0.000e+00
1.995e-20 0.000e+00 0.000e+00 0.000e+00 0.000e+00 0.000e+00
2.239e-20 0.000e+00 0.000e+00 0.000e+00 0.000e+00 0.000e+00
2.512e-20 0.000e+00 0.000e+00 0.000e+00 0.000e+00 0.000e+00
2.818e-20 0.000e+00 0.000e+00 0.000e+00 0.000e+00 0.000e+00
3.162e-20 0.000e+00 0.000e+00 0.000e+00 0.000e+00 0.000e+00
3.548e-20 0.000e+00 0.000e+00 0.000e+00 0.000e+00 0.000e+00
3.981e-20 0.000e+00 0.000e+00 0.000e+00 0.000e+00 0.000e+00
4.467e-20 0.000e+00 0.000e+00 0.000e+00 0.000e+00 0.000e+00
5.012e-20 0.000e+00 0.000e+00 0.000e+00 0.000e+00 0.000e+00
5.623e-20 0.000e+00 0.000e+00 0.000e+00 0.000e+00 0.000e+00
6.310e-20 0.000e+00 0.000e+00 0.000e+00 0.000e+00 0.000e+00
7.079e-20 0.000e+00 0.000e+00 0.000e+00 0.000e+00 0.000e+00
7.943e-20 0.000e+00 0.000e+00 0.000e+00 0.000e+00 0.000e+00
8.913e-20 0.000e+00 0.000e+00 0.000e+00 0.000e+00 0.000e+00
1.000e-19 0.000e+00 0.000e+00 0.000e+00 0.000e+00 0.000e+00
1.122e-19 0.000e+00 0.000e+00 0.000e+00 0.000e+00 0.000e+00
1.259e-19 0.000e+00 0.000e+00 0.000e+00 0.000e+00 0.000e+00
1.413e-19 0.000e+00 0.000e+00 0.000e+00 0.000e+00 0.000e+00
1.585e-19 0.000e+00 0.000e+00 0.000e+00 0.000e+00 0.000e+00
1.778e-19 0.000e+00 0.000e+00 0.000e+00 0.000e+00 0.000e+00
1.995e-19 0.000e+00 0.000e+00 0.000e+00 0.000e+00 0.000e+00
2.239e-19 0.000e+00 0.000e+00 0.000e+00 0.000e+00 0.000e+00
2.512e-19 0.000e+00 0.000e+00 0.000e+00 0.000e+00 0.000e+00
2.818e-19 0.000e+00 0.000e+00 0.000e+00 0.000e+00 0.000e+00
3.162e-19 0.000e+00 0.000e+00 0.000e+00 0.000e+00 0.000e+00
3.548e-19 0.000e+00 0.000e+00 0.000e+00 0.000e+00 0.000e+00
3.981e-19 0.000e+00 0.000e+00 0.000e+00 0.000e+00 0.000e+00
4.467e-19 0.000e+00 0.000e+00 0.000e+00 0.000e+00 0.000e+00
5.012e-19 0.000e+00 0.000e+00 0.000e+00 0.000e+00 0.000e+00
5.623e-19 0.000e+00 0.000e+00 0.000e+00 0.000e+00 0.000e+00
6.310e-19 0.000e+00 0.000e+00 0.000e+00 0.000e+00 0.000e+00
7.079e-19 0.000e+00 0.000e+00 0.000e+00 0.000e+00 0.000e+00
7.943e-19 0.000e+00 0.000e+00 0.000e+00 0.000e+00 0.000e+00
8.913e-19 0.000e+00 0.000e+00 0.000e+00 0.000e+00 0.000e+00
1.000e-18 0.000e+00 0.000e+00 0.000e+00 0.000e+00 0.000e+00
1.122e-18 0.000e+00 0.000e+00 0.000e+00 0.000e+00 0.000e+00
1.259e-18 0.000e+00 0.000e+00 0.000e+00 0.000e+00 0.000e+00
1.413e-18 0.000e+00 0.000e+00 0.000e+00 0.000e+00 0.000e+00
1.585e-18 0.000e+00 0.000e+00 0.000e+00 0.000e+00 0.000e+00
1.778e-18 0.000e+00 0.000e+00 0.000e+00 0.000e+00 0.000e+00
1.995e-18 0.000e+00 0.000e+00 0.000e+00 0.000e+00 0.000e+00
2.239e-18 0.000e+00 0.000e+00 0.000e+00 0.000e+00 0.000e+00
2.512e-18 0.000e+00 0.000e+00 0.000e+00 0.000e+00 0.000e+00
2.818e-18 0.000e+00 0.000e+00 0.000e+00 0.000e+00 0.000e+00
3.162e-18 0.000e+00 0.000e+00 0.000e+00 0.000e+00 0.000e+00
3.548e-18 0.000e+00 0.000e+00 0.000e+00 0.000e+00 0.000e+00
3.981e-18 0.000e+00 0.000e+00 0.000e+00 0.000e+00 0.000e+00
4.467e-18 0.000e+00 0.000e+00 0.000e+00 0.000e+00 0.000e+00
5.012e-18 0.000e+00 0.000e+00 0.000e+00 0.000e+00 0.000e+00
5.623e-18 0.000e+00 0.000e+00 0.000e+00 0.000e+00 0.000e+00
6.310e-18 0.000e+00 0.000e+00 0.000e+00 0.000e+00 0.000e+00
7.079e-18 0.000e+00 0.000e+00 0.000e+00 0.000e+00 0.000e+00
7.943e-18 0.000e+00 0.000e+00 0.000e+00 0.000e+00 0.000e+00
8.913e-18 0.000e+00 0.000e+00 0.000e+00 0.000e+00 0.000e+00
1.000e-17 0.000e+00 0.000e+00 0.000e+00 0.000e+00 0.000e+00
1.122e-17 0.000e+00 0.000e+00 0.000e+00 0.000e+00 0.000e+00
1.259e-17 0.000e+00 0.000e+00 0.000e+00 0.000e+00 0.000e+00
1.413e-17 0.000e+00 0.000e+00 0.000e+00 0.000e+00 0.000e+00
1.585e-17 0.000e+00 0.000e+00 0.000e+00 0.000e+00 0.000e+00
1.778e-17 0.000e+00 0.000e+00 0.000e+00 0.000e+00 0.000e+00
1.995e-17 0.000e+00 0.000e+00 0.000e+00 0.000e+00 0.000e+00
2.239e-17 0.000e+00 0.000e+00 0.000e+00 0.000e+00 0.000e+00
2.512e-17 0.000e+00 0.000e+00 0.000e+00 0.000e+00 0.000e+00
2.818e-17 0.000e+00 0.000e+00 0.000e+00 0.000e+00 0.000e+00
3.162e-17 0.000e+00 0.000e+00 0.000e+00 0.000e+00 0.000e+00
3.548e-17 0.000e+00 0.000e+00 0.000e+00 0.000e+00 0.000e+00
3.981e-17 0.000e+00 0.000e+00 0.000e+00 0.000e+00 0.000e+00
4.467e-17 0.000e+00 0.000e+00 0.000e+00 0.000e+00 0.000e+00
5.012e-17 0.000e+00 0.000e+00 0.000e+00 0.000e+00 0.000e+00
5.623e-17 0.000e+00 0.000e+00 0.000e+00 0.000e+00 0.000e+00
6.310e-17 0.000e+00 0.000e+00 0.000e+00 0.000e+00 0.000e+00
7.079e-17 0.000e+00 0.000e+00 0.000e+00 0.000e+00 0.000e+00
7.943e-17 0.000e+00 0.000e+00 0.000e+00 0.000e+00 0.000e+00
8.913e-17 0.000e+00 0.000e+00 0.000e+00 0.000e+00 0.000e+00
1.000e-16 0.000e+00 0.000e+00 0.000e+00 0.000e+00 0.000e+00
1.122e-16 0.000e+00 0.000e+00 0.000e+00 0.000e+00 0.000e+00
1.259e-16 0.000e+00 0.000e+00 0.000e+00 0.000e+00 0.000e+00
1.413e-16 0.000e+00 0.000e+00 0.000e+00 0.000e+00 0.000e+00
1.585e-16 0.000e+00 0.000e+00 0.000e+00 0.000e+00 0.000e+00
1.778e-16 0.000e+00 0.000e+00 0.000e+00 0.000e+00 0.000e+00
1.995e-16 0.000e+00 0.000e+00 0.000e+00 0.000e+00 0.000e+00
2.239e-16 0.000e+00 0.000e+00 0.000e+00 0.000e+00 0.000e+00
2.512e-16 0.000e+00 0.000e+00 0.000e+00 0.000e+00 0.000e+00
2.818e-16 0.000e+00 0.000e+00 0.000e+00 0.000e+00 0.000e+00
3.162e-16 0.000e+00 0.000e+00 0.000e+00 0.000e+00 0.000e+00
3.548e-16 0.000e+00 0.000e+00 0.000e+00 0.000e+00 0.000e+00
3.981e-16 0.000e+00 0.000e+00 0.000e+00 0.000e+00 0.000e+00
4.467e-16 0.000e+00 0.000e+00 0.000e+00 0.000e+00 0.000e+00
5.012e-16 0.000e+00 0.000e+00 0.000e+00 0.000e+00 0.000e+00
5.623e-16 0.000e+00 0.000e+00 0.000e+00 0.000e+00 0.000e+00
6.310e-16 0.000e+00 0.000e+00 0.000e+00 0.000e+00 0.000e+00
7.079e-16 0.000e+00 0.000e+00 0.000e+00 0.000e+00 0.000e+00
7.943e-16 0.000e+00 0.000e+00 0.000e+00 0.000e+00 0.000e+00
8.913e-16 0.000e+00 0.000e+00 0.000e+00 0.000e+00 0.000e+00
1.000e-15 0.000e+00 0.000e+00 0.000e+00 0.000e+00 0.000e+00
1.122e-15 1.689e+54 3.407e+24 3.413e-33 2.245e-21 2.821e-20
1.259e-15 1.498e+54 3.804e+24 3.810e-33 2.506e-21 3.150e-20
1.413e-15 1.328e+54 4.246e+24 4.253e-33 2.798e-21 3.516e-20
1.585e-15 1.178e+54 4.740e+24 4.748e-33 3.123e-21 3.925e-20
1.778e-15 1.044e+54 5.290e+24 5.299e-33 3.486e-21 4.381e-20
1.995e-15 9.258e+53 5.905e+24 5.915e-33 3.891e-21 4.890e-20
2.239e-15 8.208e+53 6.591e+24 6.602e-33 4.343e-21 5.458e-20
2.512e-15 7.277e+53 7.357e+24 7.369e-33 4.848e-21 6.092e-20
2.818e-15 6.452e+53 8.211e+24 8.225e-33 5.411e-21 6.799e-20
3.162e-15 5.720e+53 9.164e+24 9.180e-33 6.039e-21 7.588e-20
3.548e-15 5.071e+53 1.023e+25 1.024e-32 6.740e-21 8.469e-20
3.981e-15 4.495e+53 1.141e+25 1.143e-32 7.521e-21 9.452e-20
4.467e-15 3.985e+53 1.274e+25 1.276e-32 8.394e-21 1.055e-19
5.012e-15 3.532e+53 1.421e+25 1.424e-32 9.367e-21 1.177e-19
5.623e-15 3.131e+53 1.586e+25 1.589e-32 1.045e-20 1.314e-19
6.310e-15 2.775e+53 1.770e+25 1.773e-32 1.166e-20 1.466e-19
7.079e-15 2.460e+53 1.975e+25 1.979e-32 1.302e-20 1.636e-19
7.943e-15 2.180e+53 2.204e+25 2.208e-32 1.452e-20 1.825e-19
8.913e-15 1.932e+53 2.459e+25 2.463e-32 1.620e-20 2.036e-19
1.000e-14 1.712e+53 2.744e+25 2.748e-32 1.808e-20 2.272e-19
1.122e-14 1.518e+53 3.061e+25 3.066e-32 2.017e-20 2.535e-19
1.259e-14 1.345e+53 3.415e+25 3.421e-32 2.251e-20 2.828e-19
1.413e-14 1.192e+53 3.810e+25 3.817e-32 2.511e-20 3.155e-19
1.585e-14 1.056e+53 4.251e+25 4.258e-32 2.801e-20 3.520e-19
1.778e-14 9.359e+52 4.742e+25 4.750e-32 3.125e-20 3.927e-19
1.995e-14 8.293e+52 5.290e+25 5.299e-32 3.486e-20 4.380e-19
2.239e-14 7.348e+52 5.901e+25 5.911e-32 3.888e-20 4.886e-19
2.512e-14 6.511e+52 6.582e+25 6.593e-32 4.337e-20 5.450e-19
2.818e-14 5.769e+52 7.342e+25 7.354e-32 4.838e-20 6.079e-19
3.162e-14 5.111e+52 8.189e+25 8.203e-32 5.396e-20 6.781e-19
3.548e-14 4.528e+52 9.133e+25 9.149e-32 6.018e-20 7.563e-19
3.981e-14 4.011e+52 1.019e+26 1.020e-31 6.712e-20 8.435e-19
4.467e-14 3.554e+52 1.136e+26 1.138e-31 7.486e-20 9.407e-19
5.012e-14 3.148e+52 1.267e+26 1.269e-31 8.348e-20 1.049e-18
5.623e-14 2.788e+52 1.413e+26 1.415e-31 9.310e-20 1.170e-18
6.310e-14 2.470e+52 1.575e+26 1.578e-31 1.038e-19 1.305e-18
7.079e-14 2.188e+52 1.757e+26 1.760e-31 1.158e-19 1.455e-18
7.943e-14 1.938e+52 1.959e+26 1.962e-31 1.291e-19 1.622e-18
8.913e-14 1.716e+52 2.184e+26 2.188e-31 1.439e-19 1.809e-18
1.000e-13 1.520e+52 2.435e+26 2.439e-31 1.605e-19 2.017e-18
1.122e-13 1.346e+52 2.715e+26 2.720e-31 1.789e-19 2.248e-18
1.259e-13 1.192e+52 3.027e+26 3.032e-31 1.995e-19 2.507e-18
1.413e-13 1.056e+52 3.375e+26 3.380e-31 2.224e-19 2.794e-18
1.585e-13 9.347e+51 3.762e+26 3.768e-31 2.479e-19 3.115e-18
1.778e-13 8.277e+51 4.193e+26 4.201e-31 2.763e-19 3.472e-18
1.995e-13 7.328e+51 4.674e+26 4.682e-31 3.080e-19 3.871e-18
2.239e-13 6.488e+51 5.210e+26 5.219e-31 3.433e-19 4.314e-18
2.512e-13 5.744e+51 5.807e+26 5.817e-31 3.827e-19 4.809e-18
2.818e-13 5.086e+51 6.472e+26 6.483e-31 4.265e-19 5.359e-18
3.162e-13 4.502e+51 7.213e+26 7.225e-31 4.753e-19 5.973e-18
3.548e-13 3.985e+51 8.039e+26 8.052e-31 5.297e-19 6.657e-18
3.981e-13 3.528e+51 8.958e+26 8.973e-31 5.903e-19 7.418e-18
4.467e-13 3.123e+51 9.982e+26 9.999e-31 6.578e-19 8.266e-18
5.012e-13 2.764e+51 1.112e+27 1.114e-30 7.330e-19 9.211e-18
5.623e-13 2.446e+51 1.239e+27 1.241e-30 8.167e-19 1.026e-17
6.310e-13 2.165e+51 1.381e+27 1.383e-30 9.099e-19 1.143e-17
7.079e-13 1.916e+51 1.538e+27 1.541e-30 1.014e-18 1.274e-17
7.943e-13 1.695e+51 1.714e+27 1.717e-30 1.129e-18 1.419e-17
8.913e-13 1.500e+51 1.909e+27 1.912e-30 1.258e-18 1.581e-17
1.000e-12 1.327e+51 2.127e+27 2.130e-30 1.401e-18 1.761e-17
1.122e-12 1.174e+51 2.369e+27 2.373e-30 1.561e-18 1.962e-17
1.259e-12 1.039e+51 2.639e+27 2.643e-30 1.739e-18 2.185e-17
1.413e-12 9.193e+50 2.939e+27 2.944e-30 1.937e-18 2.434e-17
1.585e-12 8.133e+50 3.273e+27 3.279e-30 2.157e-18 2.710e-17
1.778e-12 7.194e+50 3.645e+27 3.651e-30 2.402e-18 3.018e-17
1.995e-12 6.364e+50 4.059e+27 4.066e-30 2.675e-18 3.361e-17
2.239e-12 5.628e+50 4.520e+27 4.527e-30 2.978e-18 3.743e-17
2.512e-12 4.978e+50 5.032e+27 5.041e-30 3.316e-18 4.167e-17
2.818e-12 4.403e+50 5.603e+27 5.612e-30 3.692e-18 4.640e-17
3.162e-12 3.893e+50 6.238e+27 6.248e-30 4.110e-18 5.165e-17
3.548e-12 3.443e+50 6.944e+27 6.956e-30 4.576e-18 5.750e-17
3.981e-12 3.044e+50 7.730e+27 7.743e-30 5.094e-18 6.401e-17
4.467e-12 2.692e+50 8.605e+27 8.619e-30 5.670e-18 7.125e-17
5.012e-12 2.380e+50 9.577e+27 9.594e-30 6.311e-18 7.931e-17
5.623e-12 2.104e+50 1.066e+28 1.068e-29 7.024e-18 8.827e-17
6.310e-12 1.860e+50 1.186e+28 1.188e-29 7.817e-18 9.823e-17
7.079e-12 1.644e+50 1.320e+28 1.322e-29 8.699e-18 1.093e-16
7.943e-12 1.453e+50 1.469e+28 1.471e-29 9.680e-18 1.216e-16
8.913e-12 1.284e+50 1.634e+28 1.637e-29 1.077e-17 1.353e-16
1.000e-11 1.135e+50 1.818e+28 1.822e-29 1.198e-17 1.506e-16
1.122e-11 1.003e+50 2.023e+28 2.026e-29 1.333e-17 1.675e-16
1.259e-11 8.863e+49 2.251e+28 2.254e-29 1.483e-17 1.864e-16
1.413e-11 7.831e+49 2.503e+28 2.508e-29 1.650e-17 2.073e-16
1.585e-11 6.919e+49 2.784e+28 2.789e-29 1.835e-17 2.306e-16
1.778e-11 6.112e+49 3.097e+28 3.102e-29 2.041e-17 2.564e-16
1.995e-11 5.399e+49 3.444e+28 3.450e-29 2.269e-17 2.852e-16
2.239e-11 4.769e+49 3.830e+28 3.836e-29 2.524e-17 3.171e-16
2.512e-11 4.212e+49 4.258e+28 4.266e-29 2.806e-17 3.526e-16
2.818e-11 3.720e+49 4.735e+28 4.743e-29 3.120e-17 3.921e-16
3.162e-11 3.285e+49 5.264e+28 5.273e-29 3.469e-17 4.359e-16
3.548e-11 2.901e+49 5.851e+28 5.861e-29 3.856e-17 4.845e-16
3.981e-11 2.561e+49 6.504e+28 6.515e-29 4.286e-17 5.386e-16
4.467e-11 2.261e+49 7.229e+28 7.242e-29 4.764e-17 5.986e-16
5.012e-11 1.996e+49 8.035e+28 8.048e-29 5.294e-17 6.653e-16
5.623e-11 1.762e+49 8.929e+28 8.944e-29 5.884e-17 7.393e-16
6.310e-11 1.555e+49 9.921e+28 9.938e-29 6.538e-17 8.216e-16
7.079e-11 1.373e+49 1.102e+29 1.104e-28 7.264e-17 9.128e-16
7.943e-11 1.211e+49 1.225e+29 1.227e-28 8.070e-17 1.014e-15
8.913e-11 1.069e+49 1.360e+29 1.363e-28 8.965e-17 1.127e-15
1.000e-10 9.432e+48 1.511e+29 1.514e-28 9.958e-17 1.251e-15
1.122e-10 8.321e+48 1.678e+29 1.681e-28 1.106e-16 1.390e-15
1.259e-10 7.341e+48 1.864e+29 1.867e-28 1.228e-16 1.544e-15
1.413e-10 6.475e+48 2.070e+29 2.073e-28 1.364e-16 1.714e-15
1.585e-10 5.711e+48 2.298e+29 2.302e-28 1.515e-16 1.903e-15
1.778e-10 5.037e+48 2.552e+29 2.556e-28 1.682e-16 2.113e-15
1.995e-10 4.441e+48 2.833e+29 2.838e-28 1.867e-16 2.346e-15
2.239e-10 3.916e+48 3.145e+29 3.150e-28 2.072e-16 2.604e-15
2.512e-10 3.453e+48 3.490e+29 3.496e-28 2.300e-16 2.890e-15
2.818e-10 3.044e+48 3.874e+29 3.880e-28 2.553e-16 3.208e-15
3.162e-10 2.683e+48 4.299e+29 4.306e-28 2.833e-16 3.560e-15
3.548e-10 2.365e+48 4.770e+29 4.778e-28 3.143e-16 3.950e-15
3.981e-10 2.084e+48 5.292e+29 5.301e-28 3.487e-16 4.382e-15
4.467e-10 1.837e+48 5.871e+29 5.881e-28 3.869e-16 4.862e-15
5.012e-10 1.618e+48 6.513e+29 6.524e-28 4.292e-16 5.393e-15
5.623e-10 1.426e+48 7.224e+29 7.237e-28 4.761e-16 5.982e-15
6.310e-10 1.256e+48 8.013e+29 8.026e-28 5.280e-16 6.635e-15
7.079e-10 1.107e+48 8.886e+29 8.902e-28 5.856e-16 7.359e-15
7.943e-10 9.748e+47 9.855e+29 9.871e-28 6.494e-16 8.160e-15
8.913e-10 8.586e+47 1.093e+30 1.095e-27 7.201e-16 9.048e-15
1.000e-09 7.562e+47 1.212e+30 1.214e-27 7.984e-16 1.003e-14
1.122e-09 6.660e+47 1.343e+30 1.346e-27 8.852e-16 1.112e-14
1.259e-09 5.865e+47 1.489e+30 1.492e-27 9.813e-16 1.233e-14
1.413e-09 5.164e+47 1.651e+30 1.654e-27 1.088e-15 1.367e-14
1.585e-09 4.547e+47 1.830e+30 1.833e-27 1.206e-15 1.515e-14
1.778e-09 4.004e+47 2.029e+30 2.032e-27 1.337e-15 1.680e-14
1.995e-09 3.526e+47 2.249e+30 2.253e-27 1.482e-15 1.862e-14
2.239e-09 3.104e+47 2.493e+30 2.497e-27 1.643e-15 2.064e-14
2.512e-09 2.733e+47 2.763e+30 2.768e-27 1.821e-15 2.288e-14
2.818e-09 2.406e+47 3.062e+30 3.068e-27 2.018e-15 2.536e-14
3.162e-09 2.119e+47 3.395e+30 3.400e-27 2.237e-15 2.811e-14
3.548e-09 1.866e+47 3.763e+30 3.769e-27 2.480e-15 3.116e-14
3.981e-09 1.643e+47 4.171e+30 4.178e-27 2.749e-15 3.454e-14
4.467e-09 1.447e+47 4.624e+30 4.632e-27 3.047e-15 3.829e-14
5.012e-09 1.274e+47 5.127e+30 5.135e-27 3.378e-15 4.245e-14
5.623e-09 1.122e+47 5.684e+30 5.694e-27 3.746e-15 4.707e-14
6.310e-09 9.881e+46 6.303e+30 6.313e-27 4.153e-15 5.219e-14
7.079e-09 8.704e+46 6.989e+30 7.001e-27 4.605e-15 5.787e-14
7.943e-09 7.667e+46 7.751e+30 7.764e-27 5.107e-15 6.418e-14
8.913e-09 6.754e+46 8.596e+30 8.610e-27 5.664e-15 7.118e-14
1.000e-08 5.950e+46 9.533e+30 9.549e-27 6.282e-15 7.894e-14
1.122e-08 5.242e+46 1.057e+31 1.059e-26 6.967e-15 8.755e-14
1.259e-08 4.618e+46 1.173e+31 1.175e-26 7.727e-15 9.710e-14
1.413e-08 4.068e+46 1.300e+31 1.303e-26 8.570e-15 1.077e-13
1.585e-08 3.583e+46 1.442e+31 1.444e-26 9.502e-15 1.194e-13
1.778e-08 3.155e+46 1.599e+31 1.601e-26 1.053e-14 1.324e-13
1.995e-08 2.778e+46 1.772e+31 1.775e-26 1.167e-14 1.467e-13
2.239e-08 2.444e+46 1.963e+31 1.966e-26 1.293e-14 1.625e-13
2.512e-08 2.149e+46 2.173e+31 2.176e-26 1.432e-14 1.799e-13
2.818e-08 1.888e+46 2.403e+31 2.407e-26 1.584e-14 1.990e-13
3.162e-08 1.658e+46 2.656e+31 2.660e-26 1.750e-14 2.199e-13
3.548e-08 1.453e+46 2.931e+31 2.936e-26 1.931e-14 2.427e-13
3.981e-08 1.272e+46 3.230e+31 3.235e-26 2.128e-14 2.674e-13
4.467e-08 1.111e+46 3.552e+31 3.558e-26 2.340e-14 2.941e-13
5.012e-08 9.680e+45 3.896e+31 3.902e-26 2.567e-14 3.226e-13
5.623e-08 8.403e+45 4.257e+31 4.265e-26 2.805e-14 3.525e-13
6.310e-08 7.195e+45 4.589e+31 4.597e-26 3.024e-14 3.800e-13
7.079e-08 6.263e+45 5.029e+31 5.037e-26 3.314e-14 4.164e-13
7.943e-08 5.437e+45 5.496e+31 5.505e-26 3.622e-14 4.551e-13
8.913e-08 4.707e+45 5.990e+31 6.001e-26 3.947e-14 4.960e-13
1.000e-07 4.063e+45 6.509e+31 6.520e-26 4.289e-14 5.390e-13
1.122e-07 3.495e+45 7.049e+31 7.061e-26 4.645e-14 5.837e-13
1.259e-07 2.991e+45 7.596e+31 7.609e-26 5.005e-14 6.290e-13
1.413e-07 2.547e+45 8.142e+31 8.155e-26 5.365e-14 6.742e-13
1.585e-07 2.183e+45 8.784e+31 8.798e-26 5.788e-14 7.273e-13
1.778e-07 1.864e+45 9.445e+31 9.461e-26 6.224e-14 7.821e-13
1.995e-07 1.585e+45 1.011e+32 1.013e-25 6.664e-14 8.374e-13
2.239e-07 1.341e+45 1.077e+32 1.079e-25 7.096e-14 8.917e-13
2.512e-07 1.140e+45 1.153e+32 1.155e-25 7.597e-14 9.546e-13
2.818e-07 9.655e+44 1.229e+32 1.231e-25 8.096e-14 1.017e-12
3.162e-07 8.127e+44 1.302e+32 1.304e-25 8.580e-14 1.078e-12
3.548e-07 6.872e+44 1.386e+32 1.389e-25 9.134e-14 1.148e-12
3.981e-07 5.753e+44 1.461e+32 1.463e-25 9.626e-14 1.210e-12
4.467e-07 4.855e+44 1.552e+32 1.555e-25 1.023e-13 1.285e-12
5.012e-07 4.069e+44 1.637e+32 1.640e-25 1.079e-13 1.356e-12
5.623e-07 3.409e+44 1.727e+32 1.730e-25 1.138e-13 1.430e-12
6.310e-07 2.844e+44 1.814e+32 1.817e-25 1.196e-13 1.502e-12
7.079e-07 2.383e+44 1.914e+32 1.917e-25 1.261e-13 1.585e-12
7.943e-07 1.981e+44 2.003e+32 2.006e-25 1.320e-13 1.659e-12
8.913e-07 1.660e+44 2.113e+32 2.116e-25 1.392e-13 1.750e-12
1.000e-06 1.446e+44 2.316e+32 2.320e-25 1.526e-13 1.918e-12
1.122e-06 1.194e+44 2.408e+32 2.412e-25 1.587e-13 1.994e-12
1.259e-06 1.039e+44 2.639e+32 2.644e-25 1.739e-13 2.186e-12
1.413e-06 8.986e+43 2.873e+32 2.877e-25 1.893e-13 2.379e-12
1.585e-06 7.339e+43 2.954e+32 2.959e-25 1.946e-13 2.446e-12
1.778e-06 6.267e+43 3.175e+32 3.181e-25 2.092e-13 2.629e-12
1.995e-06 5.417e+43 3.455e+32 3.461e-25 2.277e-13 2.861e-12
2.239e-06 4.385e+43 3.521e+32 3.527e-25 2.320e-13 2.916e-12
2.512e-06 3.726e+43 3.767e+32 3.773e-25 2.482e-13 3.119e-12
2.818e-06 3.158e+43 4.020e+32 4.026e-25 2.649e-13 3.329e-12
3.162e-06 2.512e+43 4.025e+32 4.032e-25 2.652e-13 3.333e-12
3.548e-06 2.108e+43 4.252e+32 4.259e-25 2.802e-13 3.521e-12
3.981e-06 1.799e+43 4.567e+32 4.575e-25 3.010e-13 3.782e-12
4.467e-06 1.423e+43 4.549e+32 4.557e-25 2.998e-13 3.767e-12
5.012e-06 1.191e+43 4.792e+32 4.800e-25 3.157e-13 3.968e-12
5.623e-06 9.940e+42 5.036e+32 5.045e-25 3.319e-13 4.170e-12
6.310e-06 8.283e+42 5.283e+32 5.292e-25 3.481e-13 4.375e-12
7.079e-06 6.404e+42 5.142e+32 5.151e-25 3.389e-13 4.258e-12
7.943e-06 5.285e+42 5.342e+32 5.351e-25 3.520e-13 4.424e-12
8.913e-06 4.355e+42 5.542e+32 5.551e-25 3.652e-13 4.589e-12
1.000e-05 3.584e+42 5.742e+32 5.751e-25 3.784e-13 4.755e-12
1.122e-05 2.945e+42 5.941e+32 5.951e-25 3.915e-13 4.920e-12
1.259e-05 2.217e+42 5.629e+32 5.638e-25 3.709e-13 4.661e-12
1.413e-05 1.805e+42 5.769e+32 5.778e-25 3.801e-13 4.777e-12
1.585e-05 1.468e+42 5.907e+32 5.917e-25 3.893e-13 4.892e-12
1.778e-05 1.193e+42 6.046e+32 6.056e-25 3.984e-13 5.007e-12
1.995e-05 9.698e+41 6.186e+32 6.196e-25 4.076e-13 5.122e-12
2.239e-05 7.976e+41 6.404e+32 6.415e-25 4.220e-13 5.303e-12
2.512e-05 6.401e+41 6.470e+32 6.481e-25 4.264e-13 5.358e-12
2.818e-05 4.657e+41 5.927e+32 5.937e-25 3.905e-13 4.908e-12
3.162e-05 3.758e+41 6.021e+32 6.031e-25 3.968e-13 4.986e-12
3.548e-05 3.025e+41 6.101e+32 6.112e-25 4.021e-13 5.052e-12
3.981e-05 2.433e+41 6.177e+32 6.188e-25 4.071e-13 5.115e-12
4.467e-05 1.956e+41 6.252e+32 6.262e-25 4.120e-13 5.177e-12
5.012e-05 1.572e+41 6.326e+32 6.337e-25 4.169e-13 5.239e-12
5.623e-05 1.263e+41 6.401e+32 6.412e-25 4.218e-13 5.300e-12
6.310e-05 1.015e+41 6.476e+32 6.487e-25 4.267e-13 5.363e-12
7.079e-05 8.159e+40 6.552e+32 6.563e-25 4.317e-13 5.425e-12
7.943e-05 6.557e+40 6.628e+32 6.639e-25 4.368e-13 5.489e-12
8.913e-05 5.268e+40 6.705e+32 6.716e-25 4.418e-13 5.552e-12
1.000e-04 4.233e+40 6.782e+32 6.794e-25 4.469e-13 5.616e-12
1.122e-04 3.401e+40 6.859e+32 6.871e-25 4.520e-13 5.680e-12
1.259e-04 2.732e+40 6.937e+32 6.949e-25 4.571e-13 5.744e-12
1.413e-04 2.194e+40 7.015e+32 7.027e-25 4.622e-13 5.809e-12
1.585e-04 1.762e+40 7.092e+32 7.104e-25 4.674e-13 5.873e-12
1.778e-04 1.415e+40 7.170e+32 7.182e-25 4.725e-13 5.937e-12
1.995e-04 1.136e+40 7.248e+32 7.260e-25 4.776e-13 6.002e-12
2.239e-04 8.030e+39 6.448e+32 6.459e-25 4.249e-13 5.339e-12
2.512e-04 6.378e+39 6.448e+32 6.459e-25 4.249e-13 5.339e-12
2.818e-04 5.066e+39 6.448e+32 6.459e-25 4.249e-13 5.339e-12
3.162e-04 4.024e+39 6.448e+32 6.459e-25 4.249e-13 5.339e-12
3.548e-04 3.197e+39 6.448e+32 6.459e-25 4.249e-13 5.339e-12
3.981e-04 2.539e+39 6.448e+32 6.458e-25 4.249e-13 5.339e-12
4.467e-04 2.017e+39 6.447e+32 6.458e-25 4.249e-13 5.339e-12
5.012e-04 1.602e+39 6.447e+32 6.458e-25 4.249e-13 5.339e-12
5.623e-04 1.273e+39 6.447e+32 6.458e-25 4.248e-13 5.339e-12
6.310e-04 1.011e+39 6.447e+32 6.458e-25 4.248e-13 5.339e-12
7.079e-04 8.029e+38 6.447e+32 6.458e-25 4.248e-13 5.339e-12
7.943e-04 6.377e+38 6.447e+32 6.458e-25 4.248e-13 5.338e-12
8.913e-04 5.066e+38 6.447e+32 6.458e-25 4.248e-13 5.338e-12
1.000e-03 4.024e+38 6.446e+32 6.457e-25 4.248e-13 5.338e-12
1.122e-03 3.196e+38 6.446e+32 6.457e-25 4.248e-13 5.338e-12
1.259e-03 2.539e+38 6.446e+32 6.457e-25 4.248e-13 5.338e-12
1.413e-03 2.016e+38 6.446e+32 6.457e-25 4.247e-13 5.338e-12
1.585e-03 1.602e+38 6.446e+32 6.456e-25 4.247e-13 5.337e-12
1.778e-03 1.272e+38 6.445e+32 6.456e-25 4.247e-13 5.337e-12
1.995e-03 1.010e+38 6.445e+32 6.456e-25 4.247e-13 5.337e-12
2.239e-03 8.026e+37 6.444e+32 6.455e-25 4.247e-13 5.336e-12
2.512e-03 6.374e+37 6.444e+32 6.455e-25 4.246e-13 5.336e-12
2.818e-03 5.063e+37 6.444e+32 6.454e-25 4.246e-13 5.336e-12
3.162e-03 4.021e+37 6.443e+32 6.454e-25 4.246e-13 5.335e-12
3.548e-03 3.194e+37 6.442e+32 6.453e-25 4.245e-13 5.335e-12
3.981e-03 2.537e+37 6.442e+32 6.453e-25 4.245e-13 5.334e-12
4.467e-03 2.015e+37 6.441e+32 6.452e-25 4.244e-13 5.334e-12
5.012e-03 1.600e+37 6.440e+32 6.451e-25 4.244e-13 5.333e-12
5.623e-03 1.271e+37 6.439e+32 6.450e-25 4.243e-13 5.332e-12
6.310e-03 1.009e+37 6.438e+32 6.449e-25 4.242e-13 5.331e-12
7.079e-03 8.016e+36 6.437e+32 6.448e-25 4.242e-13 5.330e-12
7.943e-03 6.366e+36 6.436e+32 6.447e-25 4.241e-13 5.329e-12
8.913e-03 5.056e+36 6.434e+32 6.445e-25 4.240e-13 5.328e-12
1.000e-02 4.015e+36 6.433e+32 6.443e-25 4.239e-13 5.327e-12
1.122e-02 3.188e+36 6.431e+32 6.442e-25 4.238e-13 5.325e-12
1.259e-02 2.532e+36 6.429e+32 6.440e-25 4.236e-13 5.323e-12
1.413e-02 2.010e+36 6.427e+32 6.437e-25 4.235e-13 5.322e-12
1.585e-02 1.596e+36 6.424e+32 6.435e-25 4.233e-13 5.320e-12
1.778e-02 1.267e+36 6.421e+32 6.432e-25 4.231e-13 5.317e-12
1.995e-02 1.006e+36 6.418e+32 6.429e-25 4.229e-13 5.315e-12
2.239e-02 7.989e+35 6.415e+32 6.426e-25 4.227e-13 5.312e-12
2.512e-02 6.342e+35 6.411e+32 6.422e-25 4.224e-13 5.309e-12
2.818e-02 5.034e+35 6.407e+32 6.417e-25 4.222e-13 5.305e-12
3.162e-02 3.996e+35 6.402e+32 6.413e-25 4.219e-13 5.301e-12
3.548e-02 3.171e+35 6.397e+32 6.407e-25 4.215e-13 5.297e-12
3.981e-02 2.517e+35 6.391e+32 6.402e-25 4.211e-13 5.292e-12
4.467e-02 1.997e+35 6.384e+32 6.395e-25 4.207e-13 5.286e-12
5.012e-02 1.585e+35 6.377e+32 6.388e-25 4.202e-13 5.280e-12
5.623e-02 1.257e+35 6.369e+32 6.379e-25 4.197e-13 5.274e-12
6.310e-02 9.971e+34 6.360e+32 6.370e-25 4.191e-13 5.266e-12
7.079e-02 7.907e+34 6.350e+32 6.360e-25 4.184e-13 5.258e-12
7.943e-02 6.270e+34 6.338e+32 6.349e-25 4.177e-13 5.249e-12
8.913e-02 4.971e+34 6.326e+32 6.337e-25 4.169e-13 5.238e-12
1.000e-01 3.940e+34 6.312e+32 6.323e-25 4.160e-13 5.227e-12
1.122e-01 3.122e+34 6.297e+32 6.308e-25 4.149e-13 5.214e-12
1.259e-01 2.473e+34 6.280e+32 6.291e-25 4.138e-13 5.200e-12
1.413e-01 1.959e+34 6.261e+32 6.272e-25 4.126e-13 5.185e-12
1.585e-01 1.551e+34 6.240e+32 6.251e-25 4.112e-13 5.167e-12
1.778e-01 1.227e+34 6.217e+32 6.228e-25 4.097e-13 5.148e-12
1.995e-01 9.707e+33 6.191e+32 6.202e-25 4.080e-13 5.127e-12
2.239e-01 7.675e+33 6.163e+32 6.173e-25 4.061e-13 5.103e-12
2.512e-01 6.065e+33 6.131e+32 6.142e-25 4.040e-13 5.077e-12
2.818e-01 4.790e+33 6.096e+32 6.107e-25 4.017e-13 5.048e-12
3.162e-01 3.781e+33 6.058e+32 6.068e-25 3.992e-13 5.016e-12
3.548e-01 2.982e+33 6.015e+32 6.025e-25 3.963e-13 4.981e-12
3.981e-01 2.350e+33 5.967e+32 5.978e-25 3.932e-13 4.941e-12
4.467e-01 1.850e+33 5.915e+32 5.925e-25 3.898e-13 4.898e-12
5.012e-01 1.455e+33 5.857e+32 5.867e-25 3.860e-13 4.850e-12
5.623e-01 1.143e+33 5.794e+32 5.803e-25 3.818e-13 4.797e-12
6.310e-01 8.972e+32 5.723e+32 5.733e-25 3.771e-13 4.739e-12
7.079e-01 7.029e+32 5.645e+32 5.654e-25 3.719e-13 4.674e-12
7.943e-01 5.504e+32 5.564e+32 5.573e-25 3.666e-13 4.607e-12
8.913e-01 4.303e+32 5.476e+32 5.485e-25 3.608e-13 4.534e-12
1.000e+00 3.357e+32 5.379e+32 5.388e-25 3.545e-13 4.454e-12
1.122e+00 2.614e+32 5.273e+32 5.282e-25 3.475e-13 4.367e-12
1.259e+00 2.031e+32 5.158e+32 5.167e-25 3.399e-13 4.271e-12
1.413e+00 1.574e+32 5.032e+32 5.040e-25 3.316e-13 4.167e-12
1.585e+00 1.216e+32 4.895e+32 4.903e-25 3.225e-13 4.053e-12
1.778e+00 9.367e+31 4.746e+32 4.754e-25 3.127e-13 3.930e-12
1.995e+00 7.187e+31 4.584e+32 4.592e-25 3.021e-13 3.796e-12
2.239e+00 5.491e+31 4.409e+32 4.417e-25 2.905e-13 3.651e-12
2.512e+00 4.175e+31 4.220e+32 4.227e-25 2.781e-13 3.495e-12
2.818e+00 3.156e+31 4.017e+32 4.023e-25 2.647e-13 3.326e-12
3.162e+00 2.370e+31 3.798e+32 3.804e-25 2.503e-13 3.145e-12
3.548e+00 1.767e+31 3.563e+32 3.569e-25 2.348e-13 2.951e-12
3.981e+00 1.304e+31 3.312e+32 3.318e-25 2.183e-13 2.743e-12
4.467e+00 9.523e+30 3.044e+32 3.049e-25 2.006e-13 2.521e-12
5.012e+00 6.856e+30 2.759e+32 2.764e-25 1.818e-13 2.285e-12
5.623e+00 4.848e+30 2.456e+32 2.460e-25 1.618e-13 2.034e-12
6.310e+00 3.348e+30 2.135e+32 2.139e-25 1.407e-13 1.768e-12
7.079e+00 2.238e+30 1.797e+32 1.800e-25 1.184e-13 1.488e-12
7.943e+00 1.426e+30 1.441e+32 1.444e-25 9.497e-14 1.193e-12
8.913e+00 8.421e+29 1.072e+32 1.073e-25 7.062e-14 8.874e-13
1.000e+01 4.344e+29 6.961e+31 6.972e-26 4.587e-14 5.764e-13
1.122e+01 1.665e+29 3.359e+31 3.365e-26 2.213e-14 2.782e-13
1.259e+01 2.030e+28 5.155e+30 5.164e-27 3.397e-15 4.269e-14
1.413e+01 0.000e+00 0.000e+00 0.000e+00 0.000e+00 0.000e+00
1.585e+01 0.000e+00 0.000e+00 0.000e+00 0.000e+00 0.000e+00
1.778e+01 0.000e+00 0.000e+00 0.000e+00 0.000e+00 0.000e+00
1.995e+01 0.000e+00 0.000e+00 0.000e+00 0.000e+00 0.000e+00
2.239e+01 0.000e+00 0.000e+00 0.000e+00 0.000e+00 0.000e+00
2.512e+01 0.000e+00 0.000e+00 0.000e+00 0.000e+00 0.000e+00
2.818e+01 0.000e+00 0.000e+00 0.000e+00 0.000e+00 0.000e+00
3.162e+01 0.000e+00 0.000e+00 0.000e+00 0.000e+00 0.000e+00
3.548e+01 0.000e+00 0.000e+00 0.000e+00 0.000e+00 0.000e+00
3.981e+01 0.000e+00 0.000e+00 0.000e+00 0.000e+00 0.000e+00
4.467e+01 0.000e+00 0.000e+00 0.000e+00 0.000e+00 0.000e+00
5.012e+01 0.000e+00 0.000e+00 0.000e+00 0.000e+00 0.000e+00
5.623e+01 0.000e+00 0.000e+00 0.000e+00 0.000e+00 0.000e+00
6.310e+01 0.000e+00 0.000e+00 0.000e+00 0.000e+00 0.000e+00
7.079e+01 0.000e+00 0.000e+00 0.000e+00 0.000e+00 0.000e+00
7.943e+01 0.000e+00 0.000e+00 0.000e+00 0.000e+00 0.000e+00
8.913e+01 0.000e+00 0.000e+00 0.000e+00 0.000e+00 0.000e+00
1.000e+02 0.000e+00 0.000e+00 0.000e+00 0.000e+00 0.000e+00
1.122e+02 0.000e+00 0.000e+00 0.000e+00 0.000e+00 0.000e+00
1.259e+02 0.000e+00 0.000e+00 0.000e+00 0.000e+00 0.000e+00
1.413e+02 0.000e+00 0.000e+00 0.000e+00 0.000e+00 0.000e+00
1.585e+02 0.000e+00 0.000e+00 0.000e+00 0.000e+00 0.000e+00
1.778e+02 0.000e+00 0.000e+00 0.000e+00 0.000e+00 0.000e+00
1.995e+02 0.000e+00 0.000e+00 0.000e+00 0.000e+00 0.000e+00
2.239e+02 0.000e+00 0.000e+00 0.000e+00 0.000e+00 0.000e+00
2.512e+02 0.000e+00 0.000e+00 0.000e+00 0.000e+00 0.000e+00
2.818e+02 0.000e+00 0.000e+00 0.000e+00 0.000e+00 0.000e+00
3.162e+02 0.000e+00 0.000e+00 0.000e+00 0.000e+00 0.000e+00
3.548e+02 0.000e+00 0.000e+00 0.000e+00 0.000e+00 0.000e+00
3.981e+02 0.000e+00 0.000e+00 0.000e+00 0.000e+00 0.000e+00
4.467e+02 0.000e+00 0.000e+00 0.000e+00 0.000e+00 0.000e+00
5.012e+02 0.000e+00 0.000e+00 0.000e+00 0.000e+00 0.000e+00
5.623e+02 0.000e+00 0.000e+00 0.000e+00 0.000e+00 0.000e+00
6.310e+02 0.000e+00 0.000e+00 0.000e+00 0.000e+00 0.000e+00
7.079e+02 0.000e+00 0.000e+00 0.000e+00 0.000e+00 0.000e+00
7.943e+02 0.000e+00 0.000e+00 0.000e+00 0.000e+00 0.000e+00
8.913e+02 0.000e+00 0.000e+00 0.000e+00 0.000e+00 0.000e+00
1.000e+03 0.000e+00 0.000e+00 0.000e+00 0.000e+00 0.000e+00
1.122e+03 0.000e+00 0.000e+00 0.000e+00 0.000e+00 0.000e+00
1.259e+03 0.000e+00 0.000e+00 0.000e+00 0.000e+00 0.000e+00
1.413e+03 0.000e+00 0.000e+00 0.000e+00 0.000e+00 0.000e+00
1.585e+03 0.000e+00 0.000e+00 0.000e+00 0.000e+00 0.000e+00
1.778e+03 0.000e+00 0.000e+00 0.000e+00 0.000e+00 0.000e+00
1.995e+03 0.000e+00 0.000e+00 0.000e+00 0.000e+00 0.000e+00
2.239e+03 0.000e+00 0.000e+00 0.000e+00 0.000e+00 0.000e+00
2.512e+03 0.000e+00 0.000e+00 0.000e+00 0.000e+00 0.000e+00
2.818e+03 0.000e+00 0.000e+00 0.000e+00 0.000e+00 0.000e+00
3.162e+03 0.000e+00 0.000e+00 0.000e+00 0.000e+00 0.000e+00
3.548e+03 0.000e+00 0.000e+00 0.000e+00 0.000e+00 0.000e+00
3.981e+03 0.000e+00 0.000e+00 0.000e+00 0.000e+00 0.000e+00
4.467e+03 0.000e+00 0.000e+00 0.000e+00 0.000e+00 0.000e+00
5.012e+03 0.000e+00 0.000e+00 0.000e+00 0.000e+00 0.000e+00
5.623e+03 0.000e+00 0.000e+00 0.000e+00 0.000e+00 0.000e+00
6.310e+03 0.000e+00 0.000e+00 0.000e+00 0.000e+00 0.000e+00
7.079e+03 0.000e+00 0.000e+00 0.000e+00 0.000e+00 0.000e+00
7.943e+03 0.000e+00 0.000e+00 0.000e+00 0.000e+00 0.000e+00
8.913e+03 0.000e+00 0.000e+00 0.000e+00 0.000e+00 0.000e+00
1.000e+04 0.000e+00 0.000e+00 0.000e+00 0.000e+00 0.000e+00
1.122e+04 0.000e+00 0.000e+00 0.000e+00 0.000e+00 0.000e+00
1.259e+04 0.000e+00 0.000e+00 0.000e+00 0.000e+00 0.000e+00
1.413e+04 0.000e+00 0.000e+00 0.000e+00 0.000e+00 0.000e+00
1.585e+04 0.000e+00 0.000e+00 0.000e+00 0.000e+00 0.000e+00
1.778e+04 0.000e+00 0.000e+00 0.000e+00 0.000e+00 0.000e+00
1.995e+04 0.000e+00 0.000e+00 0.000e+00 0.000e+00 0.000e+00
2.239e+04 0.000e+00 0.000e+00 0.000e+00 0.000e+00 0.000e+00
2.512e+04 0.000e+00 0.000e+00 0.000e+00 0.000e+00 0.000e+00
2.818e+04 0.000e+00 0.000e+00 0.000e+00 0.000e+00 0.000e+00
3.162e+04 0.000e+00 0.000e+00 0.000e+00 0.000e+00 0.000e+00
3.548e+04 0.000e+00 0.000e+00 0.000e+00 0.000e+00 0.000e+00
3.981e+04 0.000e+00 0.000e+00 0.000e+00 0.000e+00 0.000e+00
4.467e+04 0.000e+00 0.000e+00 0.000e+00 0.000e+00 0.000e+00
5.012e+04 0.000e+00 0.000e+00 0.000e+00 0.000e+00 0.000e+00
5.623e+04 0.000e+00 0.000e+00 0.000e+00 0.000e+00 0.000e+00
6.310e+04 0.000e+00 0.000e+00 0.000e+00 0.000e+00 0.000e+00
7.079e+04 0.000e+00 0.000e+00 0.000e+00 0.000e+00 0.000e+00
7.943e+04 0.000e+00 0.000e+00 0.000e+00 0.000e+00 0.000e+00
8.913e+04 0.000e+00 0.000e+00 0.000e+00 0.000e+00 0.000e+00
1.000e+05 0.000e+00 0.000e+00 0.000e+00 0.000e+00 0.000e+00
1.122e+05 0.000e+00 0.000e+00 0.000e+00 0.000e+00 0.000e+00
1.259e+05 0.000e+00 0.000e+00 0.000e+00 0.000e+00 0.000e+00
1.413e+05 0.000e+00 0.000e+00 0.000e+00 0.000e+00 0.000e+00
1.585e+05 0.000e+00 0.000e+00 0.000e+00 0.000e+00 0.000e+00
1.778e+05 0.000e+00 0.000e+00 0.000e+00 0.000e+00 0.000e+00
1.995e+05 0.000e+00 0.000e+00 0.000e+00 0.000e+00 0.000e+00
2.239e+05 0.000e+00 0.000e+00 0.000e+00 0.000e+00 0.000e+00
2.512e+05 0.000e+00 0.000e+00 0.000e+00 0.000e+00 0.000e+00
2.818e+05 0.000e+00 0.000e+00 0.000e+00 0.000e+00 0.000e+00
3.162e+05 0.000e+00 0.000e+00 0.000e+00 0.000e+00 0.000e+00
3.548e+05 0.000e+00 0.000e+00 0.000e+00 0.000e+00 0.000e+00
3.981e+05 0.000e+00 0.000e+00 0.000e+00 0.000e+00 0.000e+00
4.467e+05 0.000e+00 0.000e+00 0.000e+00 0.000e+00 0.000e+00
5.012e+05 0.000e+00 0.000e+00 0.000e+00 0.000e+00 0.000e+00
5.623e+05 0.000e+00 0.000e+00 0.000e+00 0.000e+00 0.000e+00
6.310e+05 0.000e+00 0.000e+00 0.000e+00 0.000e+00 0.000e+00
7.079e+05 0.000e+00 0.000e+00 0.000e+00 0.000e+00 0.000e+00
7.943e+05 0.000e+00 0.000e+00 0.000e+00 0.000e+00 0.000e+00
8.913e+05 0.000e+00 0.000e+00 0.000e+00 0.000e+00 0.000e+00
1.000e+06 0.000e+00 0.000e+00 0.000e+00 0.000e+00 0.000e+00
1.122e+06 0.000e+00 0.000e+00 0.000e+00 0.000e+00 0.000e+00
1.259e+06 0.000e+00 0.000e+00 0.000e+00 0.000e+00 0.000e+00
1.413e+06 0.000e+00 0.000e+00 0.000e+00 0.000e+00 0.000e+00
1.585e+06 0.000e+00 0.000e+00 0.000e+00 0.000e+00 0.000e+00
1.778e+06 0.000e+00 0.000e+00 0.000e+00 0.000e+00 0.000e+00
1.995e+06 0.000e+00 0.000e+00 0.000e+00 0.000e+00 0.000e+00
2.239e+06 0.000e+00 0.000e+00 0.000e+00 0.000e+00 0.000e+00
2.512e+06 0.000e+00 0.000e+00 0.000e+00 0.000e+00 0.000e+00
2.818e+06 0.000e+00 0.000e+00 0.000e+00 0.000e+00 0.000e+00
3.162e+06 0.000e+00 0.000e+00 0.000e+00 0.000e+00 0.000e+00
3.548e+06 0.000e+00 0.000e+00 0.000e+00 0.000e+00 0.000e+00
3.981e+06 0.000e+00 0.000e+00 0.000e+00 0.000e+00 0.000e+00
4.467e+06 0.000e+00 0.000e+00 0.000e+00 0.000e+00 0.000e+00
5.012e+06 0.000e+00 0.000e+00 0.000e+00 0.000e+00 0.000e+00
5.623e+06 0.000e+00 0.000e+00 0.000e+00 0.000e+00 0.000e+00
6.310e+06 0.000e+00 0.000e+00 0.000e+00 0.000e+00 0.000e+00
7.079e+06 0.000e+00 0.000e+00 0.000e+00 0.000e+00 0.000e+00
7.943e+06 0.000e+00 0.000e+00 0.000e+00 0.000e+00 0.000e+00
8.913e+06 0.000e+00 0.000e+00 0.000e+00 0.000e+00 0.000e+00
1.000e+07 0.000e+00 0.000e+00 0.000e+00 0.000e+00 0.000e+00
1.122e+07 0.000e+00 0.000e+00 0.000e+00 0.000e+00 0.000e+00
1.259e+07 0.000e+00 0.000e+00 0.000e+00 0.000e+00 0.000e+00
1.413e+07 0.000e+00 0.000e+00 0.000e+00 0.000e+00 0.000e+00
1.585e+07 0.000e+00 0.000e+00 0.000e+00 0.000e+00 0.000e+00
1.778e+07 0.000e+00 0.000e+00 0.000e+00 0.000e+00 0.000e+00
1.995e+07 0.000e+00 0.000e+00 0.000e+00 0.000e+00 0.000e+00
2.239e+07 0.000e+00 0.000e+00 0.000e+00 0.000e+00 0.000e+00
2.512e+07 0.000e+00 0.000e+00 0.000e+00 0.000e+00 0.000e+00
2.818e+07 0.000e+00 0.000e+00 0.000e+00 0.000e+00 0.000e+00
3.162e+07 0.000e+00 0.000e+00 0.000e+00 0.000e+00 0.000e+00
3.548e+07 0.000e+00 0.000e+00 0.000e+00 0.000e+00 0.000e+00
3.981e+07 0.000e+00 0.000e+00 0.000e+00 0.000e+00 0.000e+00
4.467e+07 0.000e+00 0.000e+00 0.000e+00 0.000e+00 0.000e+00
5.012e+07 0.000e+00 0.000e+00 0.000e+00 0.000e+00 0.000e+00
5.623e+07 0.000e+00 0.000e+00 0.000e+00 0.000e+00 0.000e+00
6.310e+07 0.000e+00 0.000e+00 0.000e+00 0.000e+00 0.000e+00
7.079e+07 0.000e+00 0.000e+00 0.000e+00 0.000e+00 0.000e+00
7.943e+07 0.000e+00 0.000e+00 0.000e+00 0.000e+00 0.000e+00
8.913e+07 0.000e+00 0.000e+00 0.000e+00 0.000e+00 0.000e+00
1.000e+08 0.000e+00 0.000e+00 0.000e+00 0.000e+00 0.000e+00
