1.000e-20 4.266e+53 6.834e+13 6.846e-44 4.504e-32 5.659e-31
1.122e-20 3.798e+53 7.660e+13 7.673e-44 5.048e-32 6.343e-31
1.259e-20 3.379e+53 8.581e+13 8.595e-44 5.654e-32 7.105e-31
1.413e-20 3.005e+53 9.606e+13 9.623e-44 6.330e-32 7.955e-31
1.585e-20 2.671e+53 1.075e+14 1.077e-43 7.083e-32 8.900e-31
1.778e-20 2.372e+53 1.202e+14 1.204e-43 7.920e-32 9.952e-31
1.995e-20 2.106e+53 1.343e+14 1.345e-43 8.851e-32 1.112e-30
2.239e-20 1.868e+53 1.500e+14 1.503e-43 9.885e-32 1.242e-30
2.512e-20 1.656e+53 1.674e+14 1.677e-43 1.103e-31 1.386e-30
2.818e-20 1.468e+53 1.868e+14 1.871e-43 1.231e-31 1.547e-30
3.162e-20 1.299e+53 2.082e+14 2.086e-43 1.372e-31 1.724e-30
3.548e-20 1.150e+53 2.319e+14 2.323e-43 1.528e-31 1.921e-30
3.981e-20 1.017e+53 2.582e+14 2.587e-43 1.702e-31 2.138e-30
4.467e-20 8.987e+52 2.873e+14 2.878e-43 1.893e-31 2.379e-30
5.012e-20 7.937e+52 3.194e+14 3.200e-43 2.105e-31 2.645e-30
5.623e-20 7.006e+52 3.549e+14 3.555e-43 2.339e-31 2.939e-30
6.310e-20 6.179e+52 3.941e+14 3.948e-43 2.597e-31 3.264e-30
7.079e-20 5.446e+52 4.373e+14 4.381e-43 2.882e-31 3.621e-30
7.943e-20 4.797e+52 4.849e+14 4.857e-43 3.195e-31 4.015e-30
8.913e-20 4.222e+52 5.373e+14 5.382e-43 3.541e-31 4.449e-30
1.000e-19 3.714e+52 5.950e+14 5.960e-43 3.921e-31 4.927e-30
1.122e-19 3.264e+52 6.583e+14 6.595e-43 4.338e-31 5.452e-30
1.259e-19 2.867e+52 7.279e+14 7.292e-43 4.797e-31 6.028e-30
1.413e-19 2.516e+52 8.043e+14 8.057e-43 5.300e-31 6.660e-30
1.585e-19 2.207e+52 8.880e+14 8.895e-43 5.852e-31 7.354e-30
1.778e-19 1.934e+52 9.798e+14 9.814e-43 6.456e-31 8.113e-30
1.995e-19 1.693e+52 1.080e+15 1.082e-42 7.118e-31 8.944e-30
2.239e-19 1.482e+52 1.190e+15 1.192e-42 7.841e-31 9.853e-30
2.512e-19 1.296e+52 1.310e+15 1.312e-42 8.631e-31 1.085e-29
2.818e-19 1.132e+52 1.441e+15 1.443e-42 9.494e-31 1.193e-29
3.162e-19 9.884e+51 1.584e+15 1.586e-42 1.044e-30 1.311e-29
3.548e-19 8.622e+51 1.739e+15 1.742e-42 1.146e-30 1.440e-29
3.981e-19 7.516e+51 1.909e+15 1.912e-42 1.258e-30 1.580e-29
4.467e-19 6.546e+51 2.093e+15 2.096e-42 1.379e-30 1.733e-29
5.012e-19 5.697e+51 2.293e+15 2.297e-42 1.511e-30 1.899e-29
5.623e-19 4.954e+51 2.510e+15 2.514e-42 1.654e-30 2.079e-29
6.310e-19 4.305e+51 2.746e+15 2.750e-42 1.809e-30 2.274e-29
7.079e-19 3.737e+51 3.001e+15 3.006e-42 1.978e-30 2.485e-29
7.943e-19 3.242e+51 3.277e+15 3.283e-42 2.160e-30 2.714e-29
8.913e-19 2.810e+51 3.576e+15 3.582e-42 2.357e-30 2.961e-29
1.000e-18 2.434e+51 3.899e+15 3.906e-42 2.569e-30 3.229e-29
1.122e-18 2.106e+51 4.247e+15 4.255e-42 2.799e-30 3.517e-29
1.259e-18 1.821e+51 4.623e+15 4.631e-42 3.046e-30 3.828e-29
1.413e-18 1.573e+51 5.028e+15 5.036e-42 3.313e-30 4.163e-29
1.585e-18 1.357e+51 5.463e+15 5.472e-42 3.600e-30 4.524e-29
1.778e-18 1.171e+51 5.931e+15 5.941e-42 3.909e-30 4.912e-29
1.995e-18 1.009e+51 6.434e+15 6.445e-42 4.240e-30 5.328e-29
2.239e-18 8.685e+50 6.974e+15 6.986e-42 4.595e-30 5.775e-29
2.512e-18 7.471e+50 7.552e+15 7.565e-42 4.976e-30 6.254e-29
2.818e-18 6.421e+50 8.171e+15 8.185e-42 5.385e-30 6.766e-29
3.162e-18 5.514e+50 8.834e+15 8.849e-42 5.821e-30 7.315e-29
3.548e-18 4.731e+50 9.542e+15 9.558e-42 6.288e-30 7.901e-29
3.981e-18 4.056e+50 1.030e+16 1.032e-41 6.786e-30 8.528e-29
4.467e-18 3.474e+50 1.110e+16 1.112e-41 7.318e-30 9.196e-29
5.012e-18 2.973e+50 1.196e+16 1.198e-41 7.884e-30 9.908e-29
5.623e-18 2.542e+50 1.288e+16 1.290e-41 8.487e-30 1.067e-28
6.310e-18 2.172e+50 1.385e+16 1.388e-41 9.129e-30 1.147e-28
7.079e-18 1.854e+50 1.489e+16 1.491e-41 9.812e-30 1.233e-28
7.943e-18 1.582e+50 1.599e+16 1.602e-41 1.054e-29 1.324e-28
8.913e-18 1.348e+50 1.716e+16 1.719e-41 1.131e-29 1.421e-28
1.000e-17 1.148e+50 1.839e+16 1.843e-41 1.212e-29 1.523e-28
1.122e-17 9.770e+49 1.971e+16 1.974e-41 1.299e-29 1.632e-28
1.259e-17 8.307e+49 2.109e+16 2.113e-41 1.390e-29 1.747e-28
1.413e-17 7.059e+49 2.256e+16 2.260e-41 1.487e-29 1.868e-28
1.585e-17 5.993e+49 2.412e+16 2.416e-41 1.589e-29 1.997e-28
1.778e-17 5.085e+49 2.576e+16 2.581e-41 1.698e-29 2.133e-28
1.995e-17 4.311e+49 2.750e+16 2.754e-41 1.812e-29 2.277e-28
2.239e-17 3.653e+49 2.933e+16 2.938e-41 1.933e-29 2.429e-28
2.512e-17 3.093e+49 3.127e+16 3.132e-41 2.060e-29 2.589e-28
2.818e-17 2.617e+49 3.331e+16 3.336e-41 2.195e-29 2.758e-28
3.162e-17 2.213e+49 3.546e+16 3.552e-41 2.337e-29 2.936e-28
3.548e-17 1.871e+49 3.773e+16 3.780e-41 2.486e-29 3.125e-28
3.981e-17 1.580e+49 4.013e+16 4.020e-41 2.644e-29 3.323e-28
4.467e-17 1.334e+49 4.266e+16 4.273e-41 2.811e-29 3.532e-28
5.012e-17 1.126e+49 4.532e+16 4.540e-41 2.986e-29 3.753e-28
5.623e-17 9.500e+48 4.813e+16 4.821e-41 3.172e-29 3.986e-28
6.310e-17 8.011e+48 5.110e+16 5.118e-41 3.367e-29 4.231e-28
7.079e-17 6.753e+48 5.423e+16 5.432e-41 3.573e-29 4.490e-28
7.943e-17 5.691e+48 5.753e+16 5.763e-41 3.791e-29 4.764e-28
8.913e-17 4.794e+48 6.101e+16 6.112e-41 4.021e-29 5.052e-28
1.000e-16 4.038e+48 6.469e+16 6.480e-41 4.263e-29 5.357e-28
1.122e-16 3.400e+48 6.858e+16 6.870e-41 4.519e-29 5.679e-28
1.259e-16 2.863e+48 7.269e+16 7.281e-41 4.790e-29 6.019e-28
1.413e-16 2.410e+48 7.703e+16 7.717e-41 5.076e-29 6.379e-28
1.585e-16 2.028e+48 8.163e+16 8.177e-41 5.379e-29 6.759e-28
1.778e-16 1.707e+48 8.649e+16 8.663e-41 5.699e-29 7.162e-28
1.995e-16 1.437e+48 9.163e+16 9.178e-41 6.038e-29 7.588e-28
2.239e-16 1.209e+48 9.707e+16 9.724e-41 6.397e-29 8.038e-28
2.512e-16 1.017e+48 1.028e+17 1.030e-40 6.776e-29 8.516e-28
2.818e-16 8.560e+47 1.089e+17 1.091e-40 7.179e-29 9.021e-28
3.162e-16 7.203e+47 1.154e+17 1.156e-40 7.605e-29 9.556e-28
3.548e-16 6.061e+47 1.223e+17 1.225e-40 8.056e-29 1.012e-27
3.981e-16 5.100e+47 1.295e+17 1.297e-40 8.534e-29 1.072e-27
4.467e-16 4.292e+47 1.372e+17 1.374e-40 9.041e-29 1.136e-27
5.012e-16 3.612e+47 1.453e+17 1.456e-40 9.578e-29 1.204e-27
5.623e-16 3.039e+47 1.540e+17 1.542e-40 1.015e-28 1.275e-27
6.310e-16 2.557e+47 1.631e+17 1.634e-40 1.075e-28 1.351e-27
7.079e-16 2.152e+47 1.728e+17 1.731e-40 1.139e-28 1.431e-27
7.943e-16 1.811e+47 1.830e+17 1.834e-40 1.206e-28 1.516e-27
8.913e-16 1.524e+47 1.939e+17 1.942e-40 1.278e-28 1.606e-27
1.000e-15 1.282e+47 2.054e+17 2.057e-40 1.353e-28 1.701e-27
1.122e-15 1.078e+47 2.175e+17 2.179e-40 1.433e-28 1.801e-27
1.259e-15 9.073e+46 2.304e+17 2.308e-40 1.518e-28 1.908e-27
1.413e-15 7.631e+46 2.440e+17 2.444e-40 1.608e-28 2.020e-27
1.585e-15 6.419e+46 2.583e+17 2.588e-40 1.702e-28 2.139e-27
1.778e-15 5.398e+46 2.735e+17 2.739e-40 1.802e-28 2.265e-27
1.995e-15 4.539e+46 2.895e+17 2.900e-40 1.908e-28 2.397e-27
2.239e-15 3.816e+46 3.064e+17 3.069e-40 2.019e-28 2.537e-27
2.512e-15 3.207e+46 3.242e+17 3.248e-40 2.136e-28 2.685e-27
2.818e-15 2.695e+46 3.430e+17 3.436e-40 2.260e-28 2.840e-27
3.162e-15 2.265e+46 3.628e+17 3.634e-40 2.391e-28 3.004e-27
3.548e-15 1.902e+46 3.837e+17 3.844e-40 2.528e-28 3.177e-27
3.981e-15 1.598e+46 4.057e+17 4.064e-40 2.673e-28 3.359e-27
4.467e-15 1.341e+46 4.288e+17 4.296e-40 2.826e-28 3.551e-27
5.012e-15 1.126e+46 4.532e+17 4.539e-40 2.986e-28 3.753e-27
5.623e-15 9.449e+45 4.788e+17 4.796e-40 3.155e-28 3.964e-27
6.310e-15 7.928e+45 5.056e+17 5.065e-40 3.332e-28 4.187e-27
7.079e-15 6.649e+45 5.339e+17 5.348e-40 3.518e-28 4.421e-27
7.943e-15 5.575e+45 5.635e+17 5.645e-40 3.713e-28 4.666e-27
8.913e-15 4.672e+45 5.946e+17 5.956e-40 3.918e-28 4.924e-27
1.000e-14 3.915e+45 6.272e+17 6.283e-40 4.133e-28 5.194e-27
1.122e-14 3.279e+45 6.614e+17 6.625e-40 4.358e-28 5.477e-27
1.259e-14 2.746e+45 6.972e+17 6.984e-40 4.594e-28 5.773e-27
1.413e-14 2.298e+45 7.346e+17 7.359e-40 4.841e-28 6.083e-27
1.585e-14 1.923e+45 7.738e+17 7.751e-40 5.099e-28 6.408e-27
1.778e-14 1.608e+45 8.147e+17 8.161e-40 5.369e-28 6.747e-27
1.995e-14 1.344e+45 8.575e+17 8.590e-40 5.651e-28 7.101e-27
2.239e-14 1.123e+45 9.021e+17 9.037e-40 5.945e-28 7.470e-27
2.512e-14 9.384e+44 9.487e+17 9.503e-40 6.251e-28 7.856e-27
2.818e-14 7.835e+44 9.972e+17 9.989e-40 6.571e-28 8.257e-27
3.162e-14 6.539e+44 1.048e+18 1.049e-39 6.904e-28 8.676e-27
3.548e-14 5.455e+44 1.100e+18 1.102e-39 7.250e-28 9.111e-27
3.981e-14 4.548e+44 1.155e+18 1.157e-39 7.611e-28 9.564e-27
4.467e-14 3.790e+44 1.212e+18 1.214e-39 7.985e-28 1.003e-26
5.012e-14 3.157e+44 1.271e+18 1.273e-39 8.373e-28 1.052e-26
5.623e-14 2.629e+44 1.332e+18 1.334e-39 8.776e-28 1.103e-26
6.310e-14 2.187e+44 1.395e+18 1.398e-39 9.194e-28 1.155e-26
7.079e-14 1.819e+44 1.461e+18 1.463e-39 9.626e-28 1.210e-26
7.943e-14 1.512e+44 1.529e+18 1.531e-39 1.007e-27 1.266e-26
8.913e-14 1.256e+44 1.599e+18 1.601e-39 1.053e-27 1.324e-26
1.000e-13 1.043e+44 1.671e+18 1.674e-39 1.101e-27 1.384e-26
1.122e-13 8.654e+43 1.746e+18 1.749e-39 1.150e-27 1.445e-26
1.259e-13 7.177e+43 1.822e+18 1.825e-39 1.201e-27 1.509e-26
1.413e-13 5.948e+43 1.901e+18 1.905e-39 1.253e-27 1.574e-26
1.585e-13 4.926e+43 1.983e+18 1.986e-39 1.306e-27 1.642e-26
1.778e-13 4.078e+43 2.066e+18 2.069e-39 1.361e-27 1.711e-26
1.995e-13 3.373e+43 2.151e+18 2.155e-39 1.418e-27 1.781e-26
2.239e-13 2.788e+43 2.239e+18 2.243e-39 1.475e-27 1.854e-26
2.512e-13 2.303e+43 2.328e+18 2.332e-39 1.534e-27 1.928e-26
2.818e-13 1.901e+43 2.419e+18 2.423e-39 1.594e-27 2.003e-26
3.162e-13 1.568e+43 2.512e+18 2.517e-39 1.656e-27 2.080e-26
3.548e-13 1.292e+43 2.607e+18 2.611e-39 1.718e-27 2.159e-26
3.981e-13 1.065e+43 2.703e+18 2.708e-39 1.781e-27 2.238e-26
4.467e-13 8.761e+42 2.801e+18 2.805e-39 1.846e-27 2.319e-26
5.012e-13 7.204e+42 2.899e+18 2.904e-39 1.911e-27 2.401e-26
5.623e-13 5.920e+42 2.999e+18 3.004e-39 1.976e-27 2.484e-26
6.310e-13 4.860e+42 3.100e+18 3.105e-39 2.043e-27 2.567e-26
7.079e-13 3.987e+42 3.201e+18 3.207e-39 2.110e-27 2.651e-26
7.943e-13 3.268e+42 3.303e+18 3.309e-39 2.177e-27 2.735e-26
8.913e-13 2.676e+42 3.405e+18 3.411e-39 2.244e-27 2.820e-26
1.000e-12 2.189e+42 3.507e+18 3.513e-39 2.311e-27 2.904e-26
1.122e-12 1.789e+42 3.609e+18 3.615e-39 2.378e-27 2.989e-26
1.259e-12 1.461e+42 3.711e+18 3.717e-39 2.445e-27 3.073e-26
1.413e-12 1.192e+42 3.811e+18 3.817e-39 2.511e-27 3.156e-26
1.585e-12 9.716e+41 3.910e+18 3.917e-39 2.577e-27 3.238e-26
1.778e-12 7.911e+41 4.008e+18 4.015e-39 2.641e-27 3.319e-26
1.995e-12 6.435e+41 4.104e+18 4.111e-39 2.705e-27 3.399e-26
2.239e-12 5.228e+41 4.198e+18 4.205e-39 2.766e-27 3.476e-26
2.512e-12 4.244e+41 4.290e+18 4.297e-39 2.827e-27 3.552e-26
2.818e-12 3.440e+41 4.379e+18 4.386e-39 2.885e-27 3.626e-26
3.162e-12 2.786e+41 4.464e+18 4.472e-39 2.942e-27 3.697e-26
3.548e-12 2.254e+41 4.546e+18 4.554e-39 2.996e-27 3.765e-26
3.981e-12 1.821e+41 4.624e+18 4.632e-39 3.047e-27 3.829e-26
4.467e-12 1.470e+41 4.698e+18 4.706e-39 3.096e-27 3.890e-26
5.012e-12 1.185e+41 4.767e+18 4.775e-39 3.141e-27 3.948e-26
5.623e-12 9.536e+40 4.831e+18 4.839e-39 3.184e-27 4.001e-26
6.310e-12 7.666e+40 4.890e+18 4.898e-39 3.222e-27 4.049e-26
7.079e-12 6.156e+40 4.943e+18 4.951e-39 3.257e-27 4.093e-26
7.943e-12 4.936e+40 4.990e+18 4.998e-39 3.288e-27 4.132e-26
8.913e-12 3.952e+40 5.030e+18 5.039e-39 3.315e-27 4.165e-26
1.000e-11 3.161e+40 5.064e+18 5.072e-39 3.337e-27 4.193e-26
1.122e-11 2.524e+40 5.090e+18 5.099e-39 3.354e-27 4.215e-26
1.259e-11 2.012e+40 5.110e+18 5.118e-39 3.367e-27 4.231e-26
1.413e-11 1.602e+40 5.121e+18 5.130e-39 3.375e-27 4.241e-26
1.585e-11 1.273e+40 5.125e+18 5.134e-39 3.377e-27 4.244e-26
1.778e-11 1.011e+40 5.121e+18 5.130e-39 3.374e-27 4.240e-26
1.995e-11 8.009e+39 5.109e+18 5.117e-39 3.366e-27 4.230e-26
2.239e-11 6.336e+39 5.088e+18 5.097e-39 3.353e-27 4.213e-26
2.512e-11 5.004e+39 5.059e+18 5.067e-39 3.334e-27 4.189e-26
2.818e-11 3.946e+39 5.021e+18 5.030e-39 3.309e-27 4.158e-26
3.162e-11 3.106e+39 4.976e+18 4.984e-39 3.279e-27 4.120e-26
3.548e-11 2.440e+39 4.921e+18 4.930e-39 3.243e-27 4.075e-26
3.981e-11 1.913e+39 4.859e+18 4.867e-39 3.202e-27 4.023e-26
4.467e-11 1.498e+39 4.788e+18 4.796e-39 3.155e-27 3.965e-26
5.012e-11 1.170e+39 4.709e+18 4.717e-39 3.103e-27 3.900e-26
5.623e-11 9.124e+38 4.623e+18 4.631e-39 3.046e-27 3.828e-26
6.310e-11 7.100e+38 4.529e+18 4.536e-39 2.984e-27 3.750e-26
7.079e-11 5.514e+38 4.428e+18 4.435e-39 2.918e-27 3.666e-26
7.943e-11 4.273e+38 4.320e+18 4.327e-39 2.846e-27 3.577e-26
8.913e-11 3.304e+38 4.205e+18 4.212e-39 2.771e-27 3.482e-26
1.000e-10 2.550e+38 4.085e+18 4.092e-39 2.692e-27 3.382e-26
1.122e-10 1.963e+38 3.959e+18 3.966e-39 2.609e-27 3.278e-26
1.259e-10 1.508e+38 3.828e+18 3.835e-39 2.523e-27 3.170e-26
1.413e-10 1.155e+38 3.693e+18 3.699e-39 2.433e-27 3.058e-26
1.585e-10 8.830e+37 3.554e+18 3.560e-39 2.342e-27 2.943e-26
1.778e-10 6.733e+37 3.412e+18 3.417e-39 2.248e-27 2.825e-26
1.995e-10 5.121e+37 3.267e+18 3.272e-39 2.153e-27 2.705e-26
2.239e-10 3.885e+37 3.120e+18 3.125e-39 2.056e-27 2.583e-26
2.512e-10 2.940e+37 2.972e+18 2.977e-39 1.958e-27 2.461e-26
2.818e-10 2.218e+37 2.823e+18 2.828e-39 1.860e-27 2.338e-26
3.162e-10 1.669e+37 2.674e+18 2.679e-39 1.762e-27 2.214e-26
3.548e-10 1.252e+37 2.526e+18 2.530e-39 1.664e-27 2.092e-26
3.981e-10 9.369e+36 2.379e+18 2.383e-39 1.568e-27 1.970e-26
4.467e-10 6.988e+36 2.234e+18 2.238e-39 1.472e-27 1.850e-26
5.012e-10 5.196e+36 2.091e+18 2.095e-39 1.378e-27 1.732e-26
5.623e-10 3.851e+36 1.951e+18 1.955e-39 1.286e-27 1.616e-26
6.310e-10 2.846e+36 1.815e+18 1.818e-39 1.196e-27 1.503e-26
7.079e-10 2.095e+36 1.683e+18 1.686e-39 1.109e-27 1.393e-26
7.943e-10 1.538e+36 1.555e+18 1.557e-39 1.024e-27 1.287e-26
8.913e-10 1.125e+36 1.431e+18 1.434e-39 9.432e-28 1.185e-26
1.000e-09 8.196e+35 1.313e+18 1.315e-39 8.653e-28 1.087e-26
1.122e-09 5.951e+35 1.200e+18 1.202e-39 7.909e-28 9.939e-27
1.259e-09 4.304e+35 1.093e+18 1.095e-39 7.202e-28 9.051e-27
1.413e-09 3.101e+35 9.914e+17 9.931e-40 6.533e-28 8.210e-27
1.585e-09 2.226e+35 8.957e+17 8.973e-40 5.903e-28 7.417e-27
1.778e-09 1.591e+35 8.060e+17 8.074e-40 5.311e-28 6.674e-27
1.995e-09 1.132e+35 7.222e+17 7.235e-40 4.759e-28 5.981e-27
2.239e-09 8.025e+34 6.444e+17 6.455e-40 4.246e-28 5.336e-27
2.512e-09 5.662e+34 5.724e+17 5.734e-40 3.772e-28 4.740e-27
2.818e-09 3.977e+34 5.062e+17 5.070e-40 3.335e-28 4.191e-27
3.162e-09 2.781e+34 4.455e+17 4.463e-40 2.936e-28 3.689e-27
3.548e-09 1.935e+34 3.903e+17 3.909e-40 2.572e-28 3.232e-27
3.981e-09 1.340e+34 3.402e+17 3.408e-40 2.242e-28 2.817e-27
4.467e-09 9.229e+33 2.950e+17 2.955e-40 1.944e-28 2.443e-27
5.012e-09 6.325e+33 2.545e+17 2.550e-40 1.677e-28 2.108e-27
5.623e-09 4.311e+33 2.184e+17 2.188e-40 1.439e-28 1.809e-27
6.310e-09 2.923e+33 1.864e+17 1.867e-40 1.228e-28 1.544e-27
7.079e-09 1.970e+33 1.582e+17 1.585e-40 1.043e-28 1.310e-27
7.943e-09 1.320e+33 1.335e+17 1.337e-40 8.796e-29 1.105e-27
8.913e-09 8.797e+32 1.120e+17 1.121e-40 7.377e-29 9.271e-28
1.000e-08 5.825e+32 9.332e+16 9.348e-41 6.149e-29 7.727e-28
1.122e-08 3.832e+32 7.729e+16 7.742e-41 5.093e-29 6.400e-28
1.259e-08 2.505e+32 6.360e+16 6.371e-41 4.191e-29 5.267e-28
1.413e-08 1.626e+32 5.199e+16 5.207e-41 3.426e-29 4.305e-28
1.585e-08 1.048e+32 4.220e+16 4.227e-41 2.781e-29 3.494e-28
1.778e-08 6.712e+31 3.401e+16 3.407e-41 2.241e-29 2.816e-28
1.995e-08 4.266e+31 2.721e+16 2.725e-41 1.793e-29 2.253e-28
2.239e-08 2.690e+31 2.160e+16 2.164e-41 1.423e-29 1.789e-28
2.512e-08 1.683e+31 1.702e+16 1.705e-41 1.121e-29 1.409e-28
2.818e-08 1.045e+31 1.330e+16 1.332e-41 8.764e-30 1.101e-28
3.162e-08 6.433e+30 1.031e+16 1.032e-41 6.792e-30 8.535e-29
3.548e-08 3.927e+30 7.920e+15 7.934e-42 5.219e-30 6.559e-29
3.981e-08 2.376e+30 6.032e+15 6.043e-42 3.975e-30 4.995e-29
4.467e-08 1.424e+30 4.553e+15 4.561e-42 3.000e-30 3.770e-29
5.012e-08 8.458e+29 3.404e+15 3.410e-42 2.243e-30 2.819e-29
5.623e-08 4.975e+29 2.521e+15 2.525e-42 1.661e-30 2.087e-29
6.310e-08 2.897e+29 1.848e+15 1.851e-42 1.218e-30 1.530e-29
7.079e-08 1.669e+29 1.341e+15 1.343e-42 8.834e-31 1.110e-29
7.943e-08 9.519e+28 9.622e+14 9.639e-43 6.341e-31 7.968e-30
8.913e-08 5.368e+28 6.831e+14 6.843e-43 4.501e-31 5.657e-30
1.000e-07 2.993e+28 4.795e+14 4.803e-43 3.159e-31 3.970e-30
1.122e-07 1.649e+28 3.326e+14 3.331e-43 2.192e-31 2.754e-30
1.259e-07 8.975e+27 2.279e+14 2.283e-43 1.502e-31 1.887e-30
1.413e-07 4.824e+27 1.542e+14 1.545e-43 1.016e-31 1.277e-30
1.585e-07 2.560e+27 1.030e+14 1.032e-43 6.788e-32 8.530e-31
1.778e-07 1.340e+27 6.789e+13 6.800e-44 4.474e-32 5.622e-31
1.995e-07 6.918e+26 4.412e+13 4.420e-44 2.908e-32 3.654e-31
2.239e-07 3.520e+26 2.827e+13 2.832e-44 1.863e-32 2.341e-31
2.512e-07 1.765e+26 1.784e+13 1.787e-44 1.176e-32 1.477e-31
2.818e-07 8.714e+25 1.109e+13 1.111e-44 7.308e-33 9.183e-32
3.162e-07 4.234e+25 6.784e+12 6.796e-45 4.471e-33 5.618e-32
3.548e-07 2.024e+25 4.082e+12 4.089e-45 2.690e-33 3.381e-32
3.981e-07 9.511e+24 2.415e+12 2.419e-45 1.591e-33 2.000e-32
4.467e-07 4.391e+24 1.404e+12 1.406e-45 9.250e-34 1.162e-32
5.012e-07 1.991e+24 8.011e+11 8.025e-46 5.279e-34 6.634e-33
5.623e-07 8.855e+23 4.486e+11 4.494e-46 2.956e-34 3.715e-33
6.310e-07 3.863e+23 2.464e+11 2.468e-46 1.623e-34 2.040e-33
7.079e-07 1.651e+23 1.326e+11 1.328e-46 8.736e-35 1.098e-33
7.943e-07 6.910e+22 6.986e+10 6.998e-47 4.603e-35 5.785e-34
8.913e-07 2.830e+22 3.602e+10 3.608e-47 2.373e-35 2.982e-34
1.000e-06 1.133e+22 1.816e+10 1.819e-47 1.196e-35 1.503e-34
1.122e-06 4.432e+21 8.940e+09 8.955e-48 5.891e-36 7.403e-35
1.259e-06 1.692e+21 4.297e+09 4.305e-48 2.832e-36 3.558e-35
1.413e-06 6.301e+20 2.014e+09 2.018e-48 1.327e-36 1.668e-35
1.585e-06 2.286e+20 9.199e+08 9.215e-49 6.062e-37 7.618e-36
1.778e-06 8.071e+19 4.089e+08 4.096e-49 2.695e-37 3.386e-36
1.995e-06 2.772e+19 1.768e+08 1.771e-49 1.165e-37 1.464e-36
2.239e-06 9.243e+18 7.422e+07 7.435e-50 4.891e-38 6.146e-37
2.512e-06 2.992e+18 3.025e+07 3.030e-50 1.993e-38 2.505e-37
2.818e-06 9.385e+17 1.194e+07 1.196e-50 7.870e-39 9.890e-38
3.162e-06 2.851e+17 4.568e+06 4.576e-51 3.010e-39 3.783e-38
3.548e-06 8.370e+16 1.688e+06 1.691e-51 1.112e-39 1.398e-38
3.981e-06 2.375e+16 6.031e+05 6.041e-52 3.974e-40 4.994e-39
4.467e-06 6.491e+15 2.075e+05 2.079e-52 1.367e-40 1.718e-39
5.012e-06 1.712e+15 6.888e+04 6.900e-53 4.539e-41 5.704e-40
5.623e-06 4.330e+14 2.194e+04 2.198e-53 1.446e-41 1.817e-40
6.310e-06 1.055e+14 6.729e+03 6.741e-54 4.434e-42 5.572e-41
7.079e-06 2.454e+13 1.971e+03 1.974e-54 1.299e-42 1.632e-41
7.943e-06 5.494e+12 5.553e+02 5.563e-55 3.659e-43 4.599e-42
8.913e-06 1.166e+12 1.484e+02 1.487e-55 9.779e-44 1.229e-42
1.000e-05 2.383e+11 3.818e+01 3.825e-56 2.516e-44 3.162e-43
1.122e-05 4.573e+10 9.225e+00 9.240e-57 6.079e-45 7.639e-44
1.259e-05 8.479e+09 2.153e+00 2.157e-57 1.419e-45 1.783e-44
1.413e-05 1.455e+09 4.651e-01 4.659e-58 3.065e-46 3.851e-45
1.585e-05 2.431e+08 9.783e-02 9.800e-59 6.447e-47 8.101e-46
1.778e-05 3.679e+07 1.864e-02 1.867e-59 1.228e-47 1.543e-46
1.995e-05 5.501e+06 3.508e-03 3.514e-60 2.312e-48 2.905e-47
2.239e-05 7.218e+05 5.796e-04 5.806e-61 3.819e-49 4.800e-48
2.512e-05 9.582e+04 9.687e-05 9.703e-62 6.383e-50 8.021e-49
2.818e-05 1.070e+04 1.361e-05 1.363e-62 8.969e-51 1.127e-49
3.162e-05 1.247e+03 1.998e-06 2.002e-63 1.317e-51 1.655e-50
3.548e-05 1.161e+02 2.342e-07 2.346e-64 1.543e-52 1.939e-51
3.981e-05 1.169e+01 2.970e-08 2.975e-65 1.957e-53 2.459e-52
4.467e-05 8.946e-01 2.860e-09 2.865e-66 1.885e-54 2.368e-53
5.012e-05 7.575e-02 3.049e-10 3.054e-67 2.009e-55 2.524e-54
5.623e-05 4.749e-03 2.406e-11 2.410e-68 1.585e-56 1.992e-55
6.310e-05 3.236e-04 2.064e-12 2.068e-69 1.360e-57 1.709e-56
7.079e-05 1.686e-05 1.354e-13 1.356e-70 8.924e-59 1.121e-57
7.943e-05 8.702e-07 8.797e-15 8.812e-72 5.797e-60 7.285e-59
8.913e-05 3.879e-08 4.936e-16 4.944e-73 3.253e-61 4.087e-60
1.000e-04 1.399e-09 2.242e-17 2.245e-74 1.477e-62 1.856e-61
1.122e-04 5.523e-11 1.114e-18 1.116e-75 7.340e-64 9.224e-63
1.259e-04 1.255e-12 3.187e-20 3.192e-77 2.100e-65 2.639e-64
1.413e-04 4.547e-14 1.454e-21 1.456e-78 9.578e-67 1.204e-65
1.585e-04 5.678e-16 2.285e-23 2.289e-80 1.506e-68 1.892e-67
1.778e-04 1.952e-17 9.890e-25 9.907e-82 6.517e-70 8.190e-69
1.995e-04 1.140e-19 7.272e-27 7.285e-84 4.792e-72 6.022e-71
2.239e-04 3.815e-21 3.064e-28 3.069e-85 2.019e-73 2.537e-72
2.512e-04 8.842e-24 8.939e-31 8.954e-88 5.890e-76 7.402e-75
2.818e-04 2.925e-25 3.723e-32 3.729e-89 2.453e-77 3.083e-76
3.162e-04 2.291e-28 3.670e-35 3.677e-92 2.419e-80 3.039e-79
3.548e-04 7.534e-30 1.520e-36 1.522e-93 1.001e-81 1.258e-80
3.981e-04 0.000e+00 0.000e+00 0.000e+00 0.000e+00 0.000e+00
4.467e-04 0.000e+00 0.000e+00 0.000e+00 0.000e+00 0.000e+00
5.012e-04 0.000e+00 0.000e+00 0.000e+00 0.000e+00 0.000e+00
5.623e-04 0.000e+00 0.000e+00 0.000e+00 0.000e+00 0.000e+00
6.310e-04 0.000e+00 0.000e+00 0.000e+00 0.000e+00 0.000e+00
7.079e-04 0.000e+00 0.000e+00 0.000e+00 0.000e+00 0.000e+00
7.943e-04 0.000e+00 0.000e+00 0.000e+00 0.000e+00 0.000e+00
8.913e-04 0.000e+00 0.000e+00 0.000e+00 0.000e+00 0.000e+00
1.000e-03 0.000e+00 0.000e+00 0.000e+00 0.000e+00 0.000e+00
1.122e-03 0.000e+00 0.000e+00 0.000e+00 0.000e+00 0.000e+00
1.259e-03 0.000e+00 0.000e+00 0.000e+00 0.000e+00 0.000e+00
1.413e-03 0.000e+00 0.000e+00 0.000e+00 0.000e+00 0.000e+00
1.585e-03 0.000e+00 0.000e+00 0.000e+00 0.000e+00 0.000e+00
1.778e-03 0.000e+00 0.000e+00 0.000e+00 0.000e+00 0.000e+00
1.995e-03 0.000e+00 0.000e+00 0.000e+00 0.000e+00 0.000e+00
2.239e-03 0.000e+00 0.000e+00 0.000e+00 0.000e+00 0.000e+00
2.512e-03 0.000e+00 0.000e+00 0.000e+00 0.000e+00 0.000e+00
2.818e-03 0.000e+00 0.000e+00 0.000e+00 0.000e+00 0.000e+00
3.162e-03 0.000e+00 0.000e+00 0.000e+00 0.000e+00 0.000e+00
3.548e-03 0.000e+00 0.000e+00 0.000e+00 0.000e+00 0.000e+00
3.981e-03 0.000e+00 0.000e+00 0.000e+00 0.000e+00 0.000e+00
4.467e-03 0.000e+00 0.000e+00 0.000e+00 0.000e+00 0.000e+00
5.012e-03 0.000e+00 0.000e+00 0.000e+00 0.000e+00 0.000e+00
5.623e-03 0.000e+00 0.000e+00 0.000e+00 0.000e+00 0.000e+00
6.310e-03 0.000e+00 0.000e+00 0.000e+00 0.000e+00 0.000e+00
7.079e-03 0.000e+00 0.000e+00 0.000e+00 0.000e+00 0.000e+00
7.943e-03 0.000e+00 0.000e+00 0.000e+00 0.000e+00 0.000e+00
8.913e-03 0.000e+00 0.000e+00 0.000e+00 0.000e+00 0.000e+00
1.000e-02 0.000e+00 0.000e+00 0.000e+00 0.000e+00 0.000e+00
1.122e-02 0.000e+00 0.000e+00 0.000e+00 0.000e+00 0.000e+00
1.259e-02 0.000e+00 0.000e+00 0.000e+00 0.000e+00 0.000e+00
1.413e-02 0.000e+00 0.000e+00 0.000e+00 0.000e+00 0.000e+00
1.585e-02 0.000e+00 0.000e+00 0.000e+00 0.000e+00 0.000e+00
1.778e-02 0.000e+00 0.000e+00 0.000e+00 0.000e+00 0.000e+00
1.995e-02 0.000e+00 0.000e+00 0.000e+00 0.000e+00 0.000e+00
2.239e-02 0.000e+00 0.000e+00 0.000e+00 0.000e+00 0.000e+00
2.512e-02 0.000e+00 0.000e+00 0.000e+00 0.000e+00 0.000e+00
2.818e-02 0.000e+00 0.000e+00 0.000e+00 0.000e+00 0.000e+00
3.162e-02 0.000e+00 0.000e+00 0.000e+00 0.000e+00 0.000e+00
3.548e-02 0.000e+00 0.000e+00 0.000e+00 0.000e+00 0.000e+00
3.981e-02 0.000e+00 0.000e+00 0.000e+00 0.000e+00 0.000e+00
4.467e-02 0.000e+00 0.000e+00 0.000e+00 0.000e+00 0.000e+00
5.012e-02 0.000e+00 0.000e+00 0.000e+00 0.000e+00 0.000e+00
5.623e-02 0.000e+00 0.000e+00 0.000e+00 0.000e+00 0.000e+00
6.310e-02 0.000e+00 0.000e+00 0.000e+00 0.000e+00 0.000e+00
7.079e-02 0.000e+00 0.000e+00 0.000e+00 0.000e+00 0.000e+00
7.943e-02 0.000e+00 0.000e+00 0.000e+00 0.000e+00 0.000e+00
8.913e-02 0.000e+00 0.000e+00 0.000e+00 0.000e+00 0.000e+00
1.000e-01 0.000e+00 0.000e+00 0.000e+00 0.000e+00 0.000e+00
1.122e-01 0.000e+00 0.000e+00 0.000e+00 0.000e+00 0.000e+00
1.259e-01 0.000e+00 0.000e+00 0.000e+00 0.000e+00 0.000e+00
1.413e-01 0.000e+00 0.000e+00 0.000e+00 0.000e+00 0.000e+00
1.585e-01 0.000e+00 0.000e+00 0.000e+00 0.000e+00 0.000e+00
1.778e-01 0.000e+00 0.000e+00 0.000e+00 0.000e+00 0.000e+00
1.995e-01 0.000e+00 0.000e+00 0.000e+00 0.000e+00 0.000e+00
2.239e-01 0.000e+00 0.000e+00 0.000e+00 0.000e+00 0.000e+00
2.512e-01 0.000e+00 0.000e+00 0.000e+00 0.000e+00 0.000e+00
2.818e-01 0.000e+00 0.000e+00 0.000e+00 0.000e+00 0.000e+00
3.162e-01 0.000e+00 0.000e+00 0.000e+00 0.000e+00 0.000e+00
3.548e-01 0.000e+00 0.000e+00 0.000e+00 0.000e+00 0.000e+00
3.981e-01 0.000e+00 0.000e+00 0.000e+00 0.000e+00 0.000e+00
4.467e-01 0.000e+00 0.000e+00 0.000e+00 0.000e+00 0.000e+00
5.012e-01 0.000e+00 0.000e+00 0.000e+00 0.000e+00 0.000e+00
5.623e-01 0.000e+00 0.000e+00 0.000e+00 0.000e+00 0.000e+00
6.310e-01 0.000e+00 0.000e+00 0.000e+00 0.000e+00 0.000e+00
7.079e-01 0.000e+00 0.000e+00 0.000e+00 0.000e+00 0.000e+00
7.943e-01 0.000e+00 0.000e+00 0.000e+00 0.000e+00 0.000e+00
8.913e-01 0.000e+00 0.000e+00 0.000e+00 0.000e+00 0.000e+00
1.000e+00 0.000e+00 0.000e+00 0.000e+00 0.000e+00 0.000e+00
1.122e+00 0.000e+00 0.000e+00 0.000e+00 0.000e+00 0.000e+00
1.259e+00 0.000e+00 0.000e+00 0.000e+00 0.000e+00 0.000e+00
1.413e+00 0.000e+00 0.000e+00 0.000e+00 0.000e+00 0.000e+00
1.585e+00 0.000e+00 0.000e+00 0.000e+00 0.000e+00 0.000e+00
1.778e+00 0.000e+00 0.000e+00 0.000e+00 0.000e+00 0.000e+00
1.995e+00 0.000e+00 0.000e+00 0.000e+00 0.000e+00 0.000e+00
2.239e+00 0.000e+00 0.000e+00 0.000e+00 0.000e+00 0.000e+00
2.512e+00 0.000e+00 0.000e+00 0.000e+00 0.000e+00 0.000e+00
2.818e+00 0.000e+00 0.000e+00 0.000e+00 0.000e+00 0.000e+00
3.162e+00 0.000e+00 0.000e+00 0.000e+00 0.000e+00 0.000e+00
3.548e+00 0.000e+00 0.000e+00 0.000e+00 0.000e+00 0.000e+00
3.981e+00 0.000e+00 0.000e+00 0.000e+00 0.000e+00 0.000e+00
4.467e+00 0.000e+00 0.000e+00 0.000e+00 0.000e+00 0.000e+00
5.012e+00 0.000e+00 0.000e+00 0.000e+00 0.000e+00 0.000e+00
5.623e+00 0.000e+00 0.000e+00 0.000e+00 0.000e+00 0.000e+00
6.310e+00 0.000e+00 0.000e+00 0.000e+00 0.000e+00 0.000e+00
7.079e+00 0.000e+00 0.000e+00 0.000e+00 0.000e+00 0.000e+00
7.943e+00 0.000e+00 0.000e+00 0.000e+00 0.000e+00 0.000e+00
8.913e+00 0.000e+00 0.000e+00 0.000e+00 0.000e+00 0.000e+00
1.000e+01 0.000e+00 0.000e+00 0.000e+00 0.000e+00 0.000e+00
1.122e+01 0.000e+00 0.000e+00 0.000e+00 0.000e+00 0.000e+00
1.259e+01 0.000e+00 0.000e+00 0.000e+00 0.000e+00 0.000e+00
1.413e+01 0.000e+00 0.000e+00 0.000e+00 0.000e+00 0.000e+00
1.585e+01 0.000e+00 0.000e+00 0.000e+00 0.000e+00 0.000e+00
1.778e+01 0.000e+00 0.000e+00 0.000e+00 0.000e+00 0.000e+00
1.995e+01 0.000e+00 0.000e+00 0.000e+00 0.000e+00 0.000e+00
2.239e+01 0.000e+00 0.000e+00 0.000e+00 0.000e+00 0.000e+00
2.512e+01 0.000e+00 0.000e+00 0.000e+00 0.000e+00 0.000e+00
2.818e+01 0.000e+00 0.000e+00 0.000e+00 0.000e+00 0.000e+00
3.162e+01 0.000e+00 0.000e+00 0.000e+00 0.000e+00 0.000e+00
3.548e+01 0.000e+00 0.000e+00 0.000e+00 0.000e+00 0.000e+00
3.981e+01 0.000e+00 0.000e+00 0.000e+00 0.000e+00 0.000e+00
4.467e+01 0.000e+00 0.000e+00 0.000e+00 0.000e+00 0.000e+00
5.012e+01 0.000e+00 0.000e+00 0.000e+00 0.000e+00 0.000e+00
5.623e+01 0.000e+00 0.000e+00 0.000e+00 0.000e+00 0.000e+00
6.310e+01 0.000e+00 0.000e+00 0.000e+00 0.000e+00 0.000e+00
7.079e+01 0.000e+00 0.000e+00 0.000e+00 0.000e+00 0.000e+00
7.943e+01 0.000e+00 0.000e+00 0.000e+00 0.000e+00 0.000e+00
8.913e+01 0.000e+00 0.000e+00 0.000e+00 0.000e+00 0.000e+00
1.000e+02 0.000e+00 0.000e+00 0.000e+00 0.000e+00 0.000e+00
1.122e+02 0.000e+00 0.000e+00 0.000e+00 0.000e+00 0.000e+00
1.259e+02 0.000e+00 0.000e+00 0.000e+00 0.000e+00 0.000e+00
1.413e+02 0.000e+00 0.000e+00 0.000e+00 0.000e+00 0.000e+00
1.585e+02 0.000e+00 0.000e+00 0.000e+00 0.000e+00 0.000e+00
1.778e+02 0.000e+00 0.000e+00 0.000e+00 0.000e+00 0.000e+00
1.995e+02 0.000e+00 0.000e+00 0.000e+00 0.000e+00 0.000e+00
2.239e+02 0.000e+00 0.000e+00 0.000e+00 0.000e+00 0.000e+00
2.512e+02 0.000e+00 0.000e+00 0.000e+00 0.000e+00 0.000e+00
2.818e+02 0.000e+00 0.000e+00 0.000e+00 0.000e+00 0.000e+00
3.162e+02 0.000e+00 0.000e+00 0.000e+00 0.000e+00 0.000e+00
3.548e+02 0.000e+00 0.000e+00 0.000e+00 0.000e+00 0.000e+00
3.981e+02 0.000e+00 0.000e+00 0.000e+00 0.000e+00 0.000e+00
4.467e+02 0.000e+00 0.000e+00 0.000e+00 0.000e+00 0.000e+00
5.012e+02 0.000e+00 0.000e+00 0.000e+00 0.000e+00 0.000e+00
5.623e+02 0.000e+00 0.000e+00 0.000e+00 0.000e+00 0.000e+00
6.310e+02 0.000e+00 0.000e+00 0.000e+00 0.000e+00 0.000e+00
7.079e+02 0.000e+00 0.000e+00 0.000e+00 0.000e+00 0.000e+00
7.943e+02 0.000e+00 0.000e+00 0.000e+00 0.000e+00 0.000e+00
8.913e+02 0.000e+00 0.000e+00 0.000e+00 0.000e+00 0.000e+00
1.000e+03 0.000e+00 0.000e+00 0.000e+00 0.000e+00 0.000e+00
1.122e+03 0.000e+00 0.000e+00 0.000e+00 0.000e+00 0.000e+00
1.259e+03 0.000e+00 0.000e+00 0.000e+00 0.000e+00 0.000e+00
1.413e+03 0.000e+00 0.000e+00 0.000e+00 0.000e+00 0.000e+00
1.585e+03 0.000e+00 0.000e+00 0.000e+00 0.000e+00 0.000e+00
1.778e+03 0.000e+00 0.000e+00 0.000e+00 0.000e+00 0.000e+00
1.995e+03 0.000e+00 0.000e+00 0.000e+00 0.000e+00 0.000e+00
2.239e+03 0.000e+00 0.000e+00 0.000e+00 0.000e+00 0.000e+00
2.512e+03 0.000e+00 0.000e+00 0.000e+00 0.000e+00 0.000e+00
2.818e+03 0.000e+00 0.000e+00 0.000e+00 0.000e+00 0.000e+00
3.162e+03 0.000e+00 0.000e+00 0.000e+00 0.000e+00 0.000e+00
3.548e+03 0.000e+00 0.000e+00 0.000e+00 0.000e+00 0.000e+00
3.981e+03 0.000e+00 0.000e+00 0.000e+00 0.000e+00 0.000e+00
4.467e+03 0.000e+00 0.000e+00 0.000e+00 0.000e+00 0.000e+00
5.012e+03 0.000e+00 0.000e+00 0.000e+00 0.000e+00 0.000e+00
5.623e+03 0.000e+00 0.000e+00 0.000e+00 0.000e+00 0.000e+00
6.310e+03 0.000e+00 0.000e+00 0.000e+00 0.000e+00 0.000e+00
7.079e+03 0.000e+00 0.000e+00 0.000e+00 0.000e+00 0.000e+00
7.943e+03 0.000e+00 0.000e+00 0.000e+00 0.000e+00 0.000e+00
8.913e+03 0.000e+00 0.000e+00 0.000e+00 0.000e+00 0.000e+00
1.000e+04 0.000e+00 0.000e+00 0.000e+00 0.000e+00 0.000e+00
1.122e+04 0.000e+00 0.000e+00 0.000e+00 0.000e+00 0.000e+00
1.259e+04 0.000e+00 0.000e+00 0.000e+00 0.000e+00 0.000e+00
1.413e+04 0.000e+00 0.000e+00 0.000e+00 0.000e+00 0.000e+00
1.585e+04 0.000e+00 0.000e+00 0.000e+00 0.000e+00 0.000e+00
1.778e+04 0.000e+00 0.000e+00 0.000e+00 0.000e+00 0.000e+00
1.995e+04 0.000e+00 0.000e+00 0.000e+00 0.000e+00 0.000e+00
2.239e+04 0.000e+00 0.000e+00 0.000e+00 0.000e+00 0.000e+00
2.512e+04 0.000e+00 0.000e+00 0.000e+00 0.000e+00 0.000e+00
2.818e+04 0.000e+00 0.000e+00 0.000e+00 0.000e+00 0.000e+00
3.162e+04 0.000e+00 0.000e+00 0.000e+00 0.000e+00 0.000e+00
3.548e+04 0.000e+00 0.000e+00 0.000e+00 0.000e+00 0.000e+00
3.981e+04 0.000e+00 0.000e+00 0.000e+00 0.000e+00 0.000e+00
4.467e+04 0.000e+00 0.000e+00 0.000e+00 0.000e+00 0.000e+00
5.012e+04 0.000e+00 0.000e+00 0.000e+00 0.000e+00 0.000e+00
5.623e+04 0.000e+00 0.000e+00 0.000e+00 0.000e+00 0.000e+00
6.310e+04 0.000e+00 0.000e+00 0.000e+00 0.000e+00 0.000e+00
7.079e+04 0.000e+00 0.000e+00 0.000e+00 0.000e+00 0.000e+00
7.943e+04 0.000e+00 0.000e+00 0.000e+00 0.000e+00 0.000e+00
8.913e+04 0.000e+00 0.000e+00 0.000e+00 0.000e+00 0.000e+00
1.000e+05 0.000e+00 0.000e+00 0.000e+00 0.000e+00 0.000e+00
1.122e+05 0.000e+00 0.000e+00 0.000e+00 0.000e+00 0.000e+00
1.259e+05 0.000e+00 0.000e+00 0.000e+00 0.000e+00 0.000e+00
1.413e+05 0.000e+00 0.000e+00 0.000e+00 0.000e+00 0.000e+00
1.585e+05 0.000e+00 0.000e+00 0.000e+00 0.000e+00 0.000e+00
1.778e+05 0.000e+00 0.000e+00 0.000e+00 0.000e+00 0.000e+00
1.995e+05 0.000e+00 0.000e+00 0.000e+00 0.000e+00 0.000e+00
2.239e+05 0.000e+00 0.000e+00 0.000e+00 0.000e+00 0.000e+00
2.512e+05 0.000e+00 0.000e+00 0.000e+00 0.000e+00 0.000e+00
2.818e+05 0.000e+00 0.000e+00 0.000e+00 0.000e+00 0.000e+00
3.162e+05 0.000e+00 0.000e+00 0.000e+00 0.000e+00 0.000e+00
3.548e+05 0.000e+00 0.000e+00 0.000e+00 0.000e+00 0.000e+00
3.981e+05 0.000e+00 0.000e+00 0.000e+00 0.000e+00 0.000e+00
4.467e+05 0.000e+00 0.000e+00 0.000e+00 0.000e+00 0.000e+00
5.012e+05 0.000e+00 0.000e+00 0.000e+00 0.000e+00 0.000e+00
5.623e+05 0.000e+00 0.000e+00 0.000e+00 0.000e+00 0.000e+00
6.310e+05 0.000e+00 0.000e+00 0.000e+00 0.000e+00 0.000e+00
7.079e+05 0.000e+00 0.000e+00 0.000e+00 0.000e+00 0.000e+00
7.943e+05 0.000e+00 0.000e+00 0.000e+00 0.000e+00 0.000e+00
8.913e+05 0.000e+00 0.000e+00 0.000e+00 0.000e+00 0.000e+00
1.000e+06 0.000e+00 0.000e+00 0.000e+00 0.000e+00 0.000e+00
1.122e+06 0.000e+00 0.000e+00 0.000e+00 0.000e+00 0.000e+00
1.259e+06 0.000e+00 0.000e+00 0.000e+00 0.000e+00 0.000e+00
1.413e+06 0.000e+00 0.000e+00 0.000e+00 0.000e+00 0.000e+00
1.585e+06 0.000e+00 0.000e+00 0.000e+00 0.000e+00 0.000e+00
1.778e+06 0.000e+00 0.000e+00 0.000e+00 0.000e+00 0.000e+00
1.995e+06 0.000e+00 0.000e+00 0.000e+00 0.000e+00 0.000e+00
2.239e+06 0.000e+00 0.000e+00 0.000e+00 0.000e+00 0.000e+00
2.512e+06 0.000e+00 0.000e+00 0.000e+00 0.000e+00 0.000e+00
2.818e+06 0.000e+00 0.000e+00 0.000e+00 0.000e+00 0.000e+00
3.162e+06 0.000e+00 0.000e+00 0.000e+00 0.000e+00 0.000e+00
3.548e+06 0.000e+00 0.000e+00 0.000e+00 0.000e+00 0.000e+00
3.981e+06 0.000e+00 0.000e+00 0.000e+00 0.000e+00 0.000e+00
4.467e+06 0.000e+00 0.000e+00 0.000e+00 0.000e+00 0.000e+00
5.012e+06 0.000e+00 0.000e+00 0.000e+00 0.000e+00 0.000e+00
5.623e+06 0.000e+00 0.000e+00 0.000e+00 0.000e+00 0.000e+00
6.310e+06 0.000e+00 0.000e+00 0.000e+00 0.000e+00 0.000e+00
7.079e+06 0.000e+00 0.000e+00 0.000e+00 0.000e+00 0.000e+00
7.943e+06 0.000e+00 0.000e+00 0.000e+00 0.000e+00 0.000e+00
8.913e+06 0.000e+00 0.000e+00 0.000e+00 0.000e+00 0.000e+00
1.000e+07 0.000e+00 0.000e+00 0.000e+00 0.000e+00 0.000e+00
1.122e+07 0.000e+00 0.000e+00 0.000e+00 0.000e+00 0.000e+00
1.259e+07 0.000e+00 0.000e+00 0.000e+00 0.000e+00 0.000e+00
1.413e+07 0.000e+00 0.000e+00 0.000e+00 0.000e+00 0.000e+00
1.585e+07 0.000e+00 0.000e+00 0.000e+00 0.000e+00 0.000e+00
1.778e+07 0.000e+00 0.000e+00 0.000e+00 0.000e+00 0.000e+00
1.995e+07 0.000e+00 0.000e+00 0.000e+00 0.000e+00 0.000e+00
2.239e+07 0.000e+00 0.000e+00 0.000e+00 0.000e+00 0.000e+00
2.512e+07 0.000e+00 0.000e+00 0.000e+00 0.000e+00 0.000e+00
2.818e+07 0.000e+00 0.000e+00 0.000e+00 0.000e+00 0.000e+00
3.162e+07 0.000e+00 0.000e+00 0.000e+00 0.000e+00 0.000e+00
3.548e+07 0.000e+00 0.000e+00 0.000e+00 0.000e+00 0.000e+00
3.981e+07 0.000e+00 0.000e+00 0.000e+00 0.000e+00 0.000e+00
4.467e+07 0.000e+00 0.000e+00 0.000e+00 0.000e+00 0.000e+00
5.012e+07 0.000e+00 0.000e+00 0.000e+00 0.000e+00 0.000e+00
5.623e+07 0.000e+00 0.000e+00 0.000e+00 0.000e+00 0.000e+00
6.310e+07 0.000e+00 0.000e+00 0.000e+00 0.000e+00 0.000e+00
7.079e+07 0.000e+00 0.000e+00 0.000e+00 0.000e+00 0.000e+00
7.943e+07 0.000e+00 0.000e+00 0.000e+00 0.000e+00 0.000e+00
8.913e+07 0.000e+00 0.000e+00 0.000e+00 0.000e+00 0.000e+00
1.000e+08 0.000e+00 0.000e+00 0.000e+00 0.000e+00 0.000e+00
