1.000e-20 0.000e+00 0.000e+00 0.000e+00 0.000e+00 0.000e+00
1.122e-20 0.000e+00 0.000e+00 0.000e+00 0.000e+00 0.000e+00
1.259e-20 0.000e+00 0.000e+00 0.000e+00 0.000e+00 0.000e+00
1.413e-20 0.000e+00 0.000e+00 0.000e+00 0.000e+00 0.000e+00
1.585e-20 0.000e+00 0.000e+00 0.000e+00 0.000e+00 0.000e+00
1.778e-20 0.000e+00 0.000e+00 0.000e+00 0.000e+00 0.000e+00
1.995e-20 0.000e+00 0.000e+00 0.000e+00 0.000e+00 0.000e+00
2.239e-20 0.000e+00 0.000e+00 0.000e+00 0.000e+00 0.000e+00
2.512e-20 0.000e+00 0.000e+00 0.000e+00 0.000e+00 0.000e+00
2.818e-20 0.000e+00 0.000e+00 0.000e+00 0.000e+00 0.000e+00
3.162e-20 0.000e+00 0.000e+00 0.000e+00 0.000e+00 0.000e+00
3.548e-20 0.000e+00 0.000e+00 0.000e+00 0.000e+00 0.000e+00
3.981e-20 0.000e+00 0.000e+00 0.000e+00 0.000e+00 0.000e+00
4.467e-20 0.000e+00 0.000e+00 0.000e+00 0.000e+00 0.000e+00
5.012e-20 0.000e+00 0.000e+00 0.000e+00 0.000e+00 0.000e+00
5.623e-20 0.000e+00 0.000e+00 0.000e+00 0.000e+00 0.000e+00
6.310e-20 0.000e+00 0.000e+00 0.000e+00 0.000e+00 0.000e+00
7.079e-20 0.000e+00 0.000e+00 0.000e+00 0.000e+00 0.000e+00
7.943e-20 0.000e+00 0.000e+00 0.000e+00 0.000e+00 0.000e+00
8.913e-20 0.000e+00 0.000e+00 0.000e+00 0.000e+00 0.000e+00
1.000e-19 0.000e+00 0.000e+00 0.000e+00 0.000e+00 0.000e+00
1.122e-19 0.000e+00 0.000e+00 0.000e+00 0.000e+00 0.000e+00
1.259e-19 0.000e+00 0.000e+00 0.000e+00 0.000e+00 0.000e+00
1.413e-19 0.000e+00 0.000e+00 0.000e+00 0.000e+00 0.000e+00
1.585e-19 0.000e+00 0.000e+00 0.000e+00 0.000e+00 0.000e+00
1.778e-19 0.000e+00 0.000e+00 0.000e+00 0.000e+00 0.000e+00
1.995e-19 0.000e+00 0.000e+00 0.000e+00 0.000e+00 0.000e+00
2.239e-19 0.000e+00 0.000e+00 0.000e+00 0.000e+00 0.000e+00
2.512e-19 0.000e+00 0.000e+00 0.000e+00 0.000e+00 0.000e+00
2.818e-19 0.000e+00 0.000e+00 0.000e+00 0.000e+00 0.000e+00
3.162e-19 0.000e+00 0.000e+00 0.000e+00 0.000e+00 0.000e+00
3.548e-19 0.000e+00 0.000e+00 0.000e+00 0.000e+00 0.000e+00
3.981e-19 0.000e+00 0.000e+00 0.000e+00 0.000e+00 0.000e+00
4.467e-19 0.000e+00 0.000e+00 0.000e+00 0.000e+00 0.000e+00
5.012e-19 0.000e+00 0.000e+00 0.000e+00 0.000e+00 0.000e+00
5.623e-19 0.000e+00 0.000e+00 0.000e+00 0.000e+00 0.000e+00
6.310e-19 0.000e+00 0.000e+00 0.000e+00 0.000e+00 0.000e+00
7.079e-19 0.000e+00 0.000e+00 0.000e+00 0.000e+00 0.000e+00
7.943e-19 0.000e+00 0.000e+00 0.000e+00 0.000e+00 0.000e+00
8.913e-19 0.000e+00 0.000e+00 0.000e+00 0.000e+00 0.000e+00
1.000e-18 0.000e+00 0.000e+00 0.000e+00 0.000e+00 0.000e+00
1.122e-18 0.000e+00 0.000e+00 0.000e+00 0.000e+00 0.000e+00
1.259e-18 0.000e+00 0.000e+00 0.000e+00 0.000e+00 0.000e+00
1.413e-18 0.000e+00 0.000e+00 0.000e+00 0.000e+00 0.000e+00
1.585e-18 0.000e+00 0.000e+00 0.000e+00 0.000e+00 0.000e+00
1.778e-18 0.000e+00 0.000e+00 0.000e+00 0.000e+00 0.000e+00
1.995e-18 0.000e+00 0.000e+00 0.000e+00 0.000e+00 0.000e+00
2.239e-18 0.000e+00 0.000e+00 0.000e+00 0.000e+00 0.000e+00
2.512e-18 0.000e+00 0.000e+00 0.000e+00 0.000e+00 0.000e+00
2.818e-18 0.000e+00 0.000e+00 0.000e+00 0.000e+00 0.000e+00
3.162e-18 0.000e+00 0.000e+00 0.000e+00 0.000e+00 0.000e+00
3.548e-18 0.000e+00 0.000e+00 0.000e+00 0.000e+00 0.000e+00
3.981e-18 0.000e+00 0.000e+00 0.000e+00 0.000e+00 0.000e+00
4.467e-18 0.000e+00 0.000e+00 0.000e+00 0.000e+00 0.000e+00
5.012e-18 0.000e+00 0.000e+00 0.000e+00 0.000e+00 0.000e+00
5.623e-18 0.000e+00 0.000e+00 0.000e+00 0.000e+00 0.000e+00
6.310e-18 0.000e+00 0.000e+00 0.000e+00 0.000e+00 0.000e+00
7.079e-18 0.000e+00 0.000e+00 0.000e+00 0.000e+00 0.000e+00
7.943e-18 0.000e+00 0.000e+00 0.000e+00 0.000e+00 0.000e+00
8.913e-18 0.000e+00 0.000e+00 0.000e+00 0.000e+00 0.000e+00
1.000e-17 0.000e+00 0.000e+00 0.000e+00 0.000e+00 0.000e+00
1.122e-17 0.000e+00 0.000e+00 0.000e+00 0.000e+00 0.000e+00
1.259e-17 0.000e+00 0.000e+00 0.000e+00 0.000e+00 0.000e+00
1.413e-17 0.000e+00 0.000e+00 0.000e+00 0.000e+00 0.000e+00
1.585e-17 0.000e+00 0.000e+00 0.000e+00 0.000e+00 0.000e+00
1.778e-17 0.000e+00 0.000e+00 0.000e+00 0.000e+00 0.000e+00
1.995e-17 0.000e+00 0.000e+00 0.000e+00 0.000e+00 0.000e+00
2.239e-17 0.000e+00 0.000e+00 0.000e+00 0.000e+00 0.000e+00
2.512e-17 0.000e+00 0.000e+00 0.000e+00 0.000e+00 0.000e+00
2.818e-17 0.000e+00 0.000e+00 0.000e+00 0.000e+00 0.000e+00
3.162e-17 0.000e+00 0.000e+00 0.000e+00 0.000e+00 0.000e+00
3.548e-17 0.000e+00 0.000e+00 0.000e+00 0.000e+00 0.000e+00
3.981e-17 0.000e+00 0.000e+00 0.000e+00 0.000e+00 0.000e+00
4.467e-17 0.000e+00 0.000e+00 0.000e+00 0.000e+00 0.000e+00
5.012e-17 0.000e+00 0.000e+00 0.000e+00 0.000e+00 0.000e+00
5.623e-17 0.000e+00 0.000e+00 0.000e+00 0.000e+00 0.000e+00
6.310e-17 0.000e+00 0.000e+00 0.000e+00 0.000e+00 0.000e+00
7.079e-17 0.000e+00 0.000e+00 0.000e+00 0.000e+00 0.000e+00
7.943e-17 0.000e+00 0.000e+00 0.000e+00 0.000e+00 0.000e+00
8.913e-17 0.000e+00 0.000e+00 0.000e+00 0.000e+00 0.000e+00
1.000e-16 0.000e+00 0.000e+00 0.000e+00 0.000e+00 0.000e+00
1.122e-16 0.000e+00 0.000e+00 0.000e+00 0.000e+00 0.000e+00
1.259e-16 0.000e+00 0.000e+00 0.000e+00 0.000e+00 0.000e+00
1.413e-16 0.000e+00 0.000e+00 0.000e+00 0.000e+00 0.000e+00
1.585e-16 0.000e+00 0.000e+00 0.000e+00 0.000e+00 0.000e+00
1.778e-16 0.000e+00 0.000e+00 0.000e+00 0.000e+00 0.000e+00
1.995e-16 0.000e+00 0.000e+00 0.000e+00 0.000e+00 0.000e+00
2.239e-16 0.000e+00 0.000e+00 0.000e+00 0.000e+00 0.000e+00
2.512e-16 0.000e+00 0.000e+00 0.000e+00 0.000e+00 0.000e+00
2.818e-16 0.000e+00 0.000e+00 0.000e+00 0.000e+00 0.000e+00
3.162e-16 0.000e+00 0.000e+00 0.000e+00 0.000e+00 0.000e+00
3.548e-16 0.000e+00 0.000e+00 0.000e+00 0.000e+00 0.000e+00
3.981e-16 0.000e+00 0.000e+00 0.000e+00 0.000e+00 0.000e+00
4.467e-16 0.000e+00 0.000e+00 0.000e+00 0.000e+00 0.000e+00
5.012e-16 0.000e+00 0.000e+00 0.000e+00 0.000e+00 0.000e+00
5.623e-16 0.000e+00 0.000e+00 0.000e+00 0.000e+00 0.000e+00
6.310e-16 0.000e+00 0.000e+00 0.000e+00 0.000e+00 0.000e+00
7.079e-16 0.000e+00 0.000e+00 0.000e+00 0.000e+00 0.000e+00
7.943e-16 0.000e+00 0.000e+00 0.000e+00 0.000e+00 0.000e+00
8.913e-16 0.000e+00 0.000e+00 0.000e+00 0.000e+00 0.000e+00
1.000e-15 0.000e+00 0.000e+00 0.000e+00 0.000e+00 0.000e+00
1.122e-15 0.000e+00 0.000e+00 0.000e+00 0.000e+00 0.000e+00
1.259e-15 0.000e+00 0.000e+00 0.000e+00 0.000e+00 0.000e+00
1.413e-15 0.000e+00 0.000e+00 0.000e+00 0.000e+00 0.000e+00
1.585e-15 0.000e+00 0.000e+00 0.000e+00 0.000e+00 0.000e+00
1.778e-15 0.000e+00 0.000e+00 0.000e+00 0.000e+00 0.000e+00
1.995e-15 0.000e+00 0.000e+00 0.000e+00 0.000e+00 0.000e+00
2.239e-15 0.000e+00 0.000e+00 0.000e+00 0.000e+00 0.000e+00
2.512e-15 0.000e+00 0.000e+00 0.000e+00 0.000e+00 0.000e+00
2.818e-15 0.000e+00 0.000e+00 0.000e+00 0.000e+00 0.000e+00
3.162e-15 0.000e+00 0.000e+00 0.000e+00 0.000e+00 0.000e+00
3.548e-15 0.000e+00 0.000e+00 0.000e+00 0.000e+00 0.000e+00
3.981e-15 0.000e+00 0.000e+00 0.000e+00 0.000e+00 0.000e+00
4.467e-15 0.000e+00 0.000e+00 0.000e+00 0.000e+00 0.000e+00
5.012e-15 0.000e+00 0.000e+00 0.000e+00 0.000e+00 0.000e+00
5.623e-15 0.000e+00 0.000e+00 0.000e+00 0.000e+00 0.000e+00
6.310e-15 0.000e+00 0.000e+00 0.000e+00 0.000e+00 0.000e+00
7.079e-15 0.000e+00 0.000e+00 0.000e+00 0.000e+00 0.000e+00
7.943e-15 0.000e+00 0.000e+00 0.000e+00 0.000e+00 0.000e+00
8.913e-15 0.000e+00 0.000e+00 0.000e+00 0.000e+00 0.000e+00
1.000e-14 0.000e+00 0.000e+00 0.000e+00 0.000e+00 0.000e+00
1.122e-14 0.000e+00 0.000e+00 0.000e+00 0.000e+00 0.000e+00
1.259e-14 0.000e+00 0.000e+00 0.000e+00 0.000e+00 0.000e+00
1.413e-14 0.000e+00 0.000e+00 0.000e+00 0.000e+00 0.000e+00
1.585e-14 0.000e+00 0.000e+00 0.000e+00 0.000e+00 0.000e+00
1.778e-14 0.000e+00 0.000e+00 0.000e+00 0.000e+00 0.000e+00
1.995e-14 0.000e+00 0.000e+00 0.000e+00 0.000e+00 0.000e+00
2.239e-14 0.000e+00 0.000e+00 0.000e+00 0.000e+00 0.000e+00
2.512e-14 0.000e+00 0.000e+00 0.000e+00 0.000e+00 0.000e+00
2.818e-14 0.000e+00 0.000e+00 0.000e+00 0.000e+00 0.000e+00
3.162e-14 0.000e+00 0.000e+00 0.000e+00 0.000e+00 0.000e+00
3.548e-14 0.000e+00 0.000e+00 0.000e+00 0.000e+00 0.000e+00
3.981e-14 0.000e+00 0.000e+00 0.000e+00 0.000e+00 0.000e+00
4.467e-14 0.000e+00 0.000e+00 0.000e+00 0.000e+00 0.000e+00
5.012e-14 0.000e+00 0.000e+00 0.000e+00 0.000e+00 0.000e+00
5.623e-14 0.000e+00 0.000e+00 0.000e+00 0.000e+00 0.000e+00
6.310e-14 0.000e+00 0.000e+00 0.000e+00 0.000e+00 0.000e+00
7.079e-14 0.000e+00 0.000e+00 0.000e+00 0.000e+00 0.000e+00
7.943e-14 0.000e+00 0.000e+00 0.000e+00 0.000e+00 0.000e+00
8.913e-14 0.000e+00 0.000e+00 0.000e+00 0.000e+00 0.000e+00
1.000e-13 0.000e+00 0.000e+00 0.000e+00 0.000e+00 0.000e+00
1.122e-13 0.000e+00 0.000e+00 0.000e+00 0.000e+00 0.000e+00
1.259e-13 0.000e+00 0.000e+00 0.000e+00 0.000e+00 0.000e+00
1.413e-13 0.000e+00 0.000e+00 0.000e+00 0.000e+00 0.000e+00
1.585e-13 0.000e+00 0.000e+00 0.000e+00 0.000e+00 0.000e+00
1.778e-13 0.000e+00 0.000e+00 0.000e+00 0.000e+00 0.000e+00
1.995e-13 0.000e+00 0.000e+00 0.000e+00 0.000e+00 0.000e+00
2.239e-13 0.000e+00 0.000e+00 0.000e+00 0.000e+00 0.000e+00
2.512e-13 0.000e+00 0.000e+00 0.000e+00 0.000e+00 0.000e+00
2.818e-13 0.000e+00 0.000e+00 0.000e+00 0.000e+00 0.000e+00
3.162e-13 0.000e+00 0.000e+00 0.000e+00 0.000e+00 0.000e+00
3.548e-13 0.000e+00 0.000e+00 0.000e+00 0.000e+00 0.000e+00
3.981e-13 0.000e+00 0.000e+00 0.000e+00 0.000e+00 0.000e+00
4.467e-13 0.000e+00 0.000e+00 0.000e+00 0.000e+00 0.000e+00
5.012e-13 0.000e+00 0.000e+00 0.000e+00 0.000e+00 0.000e+00
5.623e-13 0.000e+00 0.000e+00 0.000e+00 0.000e+00 0.000e+00
6.310e-13 0.000e+00 0.000e+00 0.000e+00 0.000e+00 0.000e+00
7.079e-13 0.000e+00 0.000e+00 0.000e+00 0.000e+00 0.000e+00
7.943e-13 0.000e+00 0.000e+00 0.000e+00 0.000e+00 0.000e+00
8.913e-13 0.000e+00 0.000e+00 0.000e+00 0.000e+00 0.000e+00
1.000e-12 0.000e+00 0.000e+00 0.000e+00 0.000e+00 0.000e+00
1.122e-12 0.000e+00 0.000e+00 0.000e+00 0.000e+00 0.000e+00
1.259e-12 0.000e+00 0.000e+00 0.000e+00 0.000e+00 0.000e+00
1.413e-12 0.000e+00 0.000e+00 0.000e+00 0.000e+00 0.000e+00
1.585e-12 0.000e+00 0.000e+00 0.000e+00 0.000e+00 0.000e+00
1.778e-12 0.000e+00 0.000e+00 0.000e+00 0.000e+00 0.000e+00
1.995e-12 0.000e+00 0.000e+00 0.000e+00 0.000e+00 0.000e+00
2.239e-12 0.000e+00 0.000e+00 0.000e+00 0.000e+00 0.000e+00
2.512e-12 0.000e+00 0.000e+00 0.000e+00 0.000e+00 0.000e+00
2.818e-12 0.000e+00 0.000e+00 0.000e+00 0.000e+00 0.000e+00
3.162e-12 0.000e+00 0.000e+00 0.000e+00 0.000e+00 0.000e+00
3.548e-12 0.000e+00 0.000e+00 0.000e+00 0.000e+00 0.000e+00
3.981e-12 0.000e+00 0.000e+00 0.000e+00 0.000e+00 0.000e+00
4.467e-12 0.000e+00 0.000e+00 0.000e+00 0.000e+00 0.000e+00
5.012e-12 0.000e+00 0.000e+00 0.000e+00 0.000e+00 0.000e+00
5.623e-12 0.000e+00 0.000e+00 0.000e+00 0.000e+00 0.000e+00
6.310e-12 0.000e+00 0.000e+00 0.000e+00 0.000e+00 0.000e+00
7.079e-12 0.000e+00 0.000e+00 0.000e+00 0.000e+00 0.000e+00
7.943e-12 0.000e+00 0.000e+00 0.000e+00 0.000e+00 0.000e+00
8.913e-12 0.000e+00 0.000e+00 0.000e+00 0.000e+00 0.000e+00
1.000e-11 0.000e+00 0.000e+00 0.000e+00 0.000e+00 0.000e+00
1.122e-11 0.000e+00 0.000e+00 0.000e+00 0.000e+00 0.000e+00
1.259e-11 0.000e+00 0.000e+00 0.000e+00 0.000e+00 0.000e+00
1.413e-11 0.000e+00 0.000e+00 0.000e+00 0.000e+00 0.000e+00
1.585e-11 0.000e+00 0.000e+00 0.000e+00 0.000e+00 0.000e+00
1.778e-11 0.000e+00 0.000e+00 0.000e+00 0.000e+00 0.000e+00
1.995e-11 0.000e+00 0.000e+00 0.000e+00 0.000e+00 0.000e+00
2.239e-11 0.000e+00 0.000e+00 0.000e+00 0.000e+00 0.000e+00
2.512e-11 0.000e+00 0.000e+00 0.000e+00 0.000e+00 0.000e+00
2.818e-11 0.000e+00 0.000e+00 0.000e+00 0.000e+00 0.000e+00
3.162e-11 0.000e+00 0.000e+00 0.000e+00 0.000e+00 0.000e+00
3.548e-11 0.000e+00 0.000e+00 0.000e+00 0.000e+00 0.000e+00
3.981e-11 0.000e+00 0.000e+00 0.000e+00 0.000e+00 0.000e+00
4.467e-11 0.000e+00 0.000e+00 0.000e+00 0.000e+00 0.000e+00
5.012e-11 0.000e+00 0.000e+00 0.000e+00 0.000e+00 0.000e+00
5.623e-11 0.000e+00 0.000e+00 0.000e+00 0.000e+00 0.000e+00
6.310e-11 0.000e+00 0.000e+00 0.000e+00 0.000e+00 0.000e+00
7.079e-11 0.000e+00 0.000e+00 0.000e+00 0.000e+00 0.000e+00
7.943e-11 0.000e+00 0.000e+00 0.000e+00 0.000e+00 0.000e+00
8.913e-11 0.000e+00 0.000e+00 0.000e+00 0.000e+00 0.000e+00
1.000e-10 0.000e+00 0.000e+00 0.000e+00 0.000e+00 0.000e+00
1.122e-10 0.000e+00 0.000e+00 0.000e+00 0.000e+00 0.000e+00
1.259e-10 0.000e+00 0.000e+00 0.000e+00 0.000e+00 0.000e+00
1.413e-10 0.000e+00 0.000e+00 0.000e+00 0.000e+00 0.000e+00
1.585e-10 0.000e+00 0.000e+00 0.000e+00 0.000e+00 0.000e+00
1.778e-10 0.000e+00 0.000e+00 0.000e+00 0.000e+00 0.000e+00
1.995e-10 0.000e+00 0.000e+00 0.000e+00 0.000e+00 0.000e+00
2.239e-10 0.000e+00 0.000e+00 0.000e+00 0.000e+00 0.000e+00
2.512e-10 0.000e+00 0.000e+00 0.000e+00 0.000e+00 0.000e+00
2.818e-10 0.000e+00 0.000e+00 0.000e+00 0.000e+00 0.000e+00
3.162e-10 0.000e+00 0.000e+00 0.000e+00 0.000e+00 0.000e+00
3.548e-10 0.000e+00 0.000e+00 0.000e+00 0.000e+00 0.000e+00
3.981e-10 0.000e+00 0.000e+00 0.000e+00 0.000e+00 0.000e+00
4.467e-10 0.000e+00 0.000e+00 0.000e+00 0.000e+00 0.000e+00
5.012e-10 0.000e+00 0.000e+00 0.000e+00 0.000e+00 0.000e+00
5.623e-10 0.000e+00 0.000e+00 0.000e+00 0.000e+00 0.000e+00
6.310e-10 0.000e+00 0.000e+00 0.000e+00 0.000e+00 0.000e+00
7.079e-10 0.000e+00 0.000e+00 0.000e+00 0.000e+00 0.000e+00
7.943e-10 0.000e+00 0.000e+00 0.000e+00 0.000e+00 0.000e+00
8.913e-10 0.000e+00 0.000e+00 0.000e+00 0.000e+00 0.000e+00
1.000e-09 0.000e+00 0.000e+00 0.000e+00 0.000e+00 0.000e+00
1.122e-09 0.000e+00 0.000e+00 0.000e+00 0.000e+00 0.000e+00
1.259e-09 0.000e+00 0.000e+00 0.000e+00 0.000e+00 0.000e+00
1.413e-09 0.000e+00 0.000e+00 0.000e+00 0.000e+00 0.000e+00
1.585e-09 0.000e+00 0.000e+00 0.000e+00 0.000e+00 0.000e+00
1.778e-09 0.000e+00 0.000e+00 0.000e+00 0.000e+00 0.000e+00
1.995e-09 0.000e+00 0.000e+00 0.000e+00 0.000e+00 0.000e+00
2.239e-09 0.000e+00 0.000e+00 0.000e+00 0.000e+00 0.000e+00
2.512e-09 0.000e+00 0.000e+00 0.000e+00 0.000e+00 0.000e+00
2.818e-09 0.000e+00 0.000e+00 0.000e+00 0.000e+00 0.000e+00
3.162e-09 0.000e+00 0.000e+00 0.000e+00 0.000e+00 0.000e+00
3.548e-09 0.000e+00 0.000e+00 0.000e+00 0.000e+00 0.000e+00
3.981e-09 0.000e+00 0.000e+00 0.000e+00 0.000e+00 0.000e+00
4.467e-09 0.000e+00 0.000e+00 0.000e+00 0.000e+00 0.000e+00
5.012e-09 0.000e+00 0.000e+00 0.000e+00 0.000e+00 0.000e+00
5.623e-09 0.000e+00 0.000e+00 0.000e+00 0.000e+00 0.000e+00
6.310e-09 0.000e+00 0.000e+00 0.000e+00 0.000e+00 0.000e+00
7.079e-09 0.000e+00 0.000e+00 0.000e+00 0.000e+00 0.000e+00
7.943e-09 0.000e+00 0.000e+00 0.000e+00 0.000e+00 0.000e+00
8.913e-09 0.000e+00 0.000e+00 0.000e+00 0.000e+00 0.000e+00
1.000e-08 0.000e+00 0.000e+00 0.000e+00 0.000e+00 0.000e+00
1.122e-08 0.000e+00 0.000e+00 0.000e+00 0.000e+00 0.000e+00
1.259e-08 0.000e+00 0.000e+00 0.000e+00 0.000e+00 0.000e+00
1.413e-08 0.000e+00 0.000e+00 0.000e+00 0.000e+00 0.000e+00
1.585e-08 0.000e+00 0.000e+00 0.000e+00 0.000e+00 0.000e+00
1.778e-08 0.000e+00 0.000e+00 0.000e+00 0.000e+00 0.000e+00
1.995e-08 0.000e+00 0.000e+00 0.000e+00 0.000e+00 0.000e+00
2.239e-08 0.000e+00 0.000e+00 0.000e+00 0.000e+00 0.000e+00
2.512e-08 0.000e+00 0.000e+00 0.000e+00 0.000e+00 0.000e+00
2.818e-08 0.000e+00 0.000e+00 0.000e+00 0.000e+00 0.000e+00
3.162e-08 0.000e+00 0.000e+00 0.000e+00 0.000e+00 0.000e+00
3.548e-08 0.000e+00 0.000e+00 0.000e+00 0.000e+00 0.000e+00
3.981e-08 0.000e+00 0.000e+00 0.000e+00 0.000e+00 0.000e+00
4.467e-08 0.000e+00 0.000e+00 0.000e+00 0.000e+00 0.000e+00
5.012e-08 0.000e+00 0.000e+00 0.000e+00 0.000e+00 0.000e+00
5.623e-08 0.000e+00 0.000e+00 0.000e+00 0.000e+00 0.000e+00
6.310e-08 0.000e+00 0.000e+00 0.000e+00 0.000e+00 0.000e+00
7.079e-08 0.000e+00 0.000e+00 0.000e+00 0.000e+00 0.000e+00
7.943e-08 0.000e+00 0.000e+00 0.000e+00 0.000e+00 0.000e+00
8.913e-08 0.000e+00 0.000e+00 0.000e+00 0.000e+00 0.000e+00
1.000e-07 0.000e+00 0.000e+00 0.000e+00 0.000e+00 0.000e+00
1.122e-07 0.000e+00 0.000e+00 0.000e+00 0.000e+00 0.000e+00
1.259e-07 0.000e+00 0.000e+00 0.000e+00 0.000e+00 0.000e+00
1.413e-07 0.000e+00 0.000e+00 0.000e+00 0.000e+00 0.000e+00
1.585e-07 0.000e+00 0.000e+00 0.000e+00 0.000e+00 0.000e+00
1.778e-07 0.000e+00 0.000e+00 0.000e+00 0.000e+00 0.000e+00
1.995e-07 0.000e+00 0.000e+00 0.000e+00 0.000e+00 0.000e+00
2.239e-07 0.000e+00 0.000e+00 0.000e+00 0.000e+00 0.000e+00
2.512e-07 0.000e+00 0.000e+00 0.000e+00 0.000e+00 0.000e+00
2.818e-07 0.000e+00 0.000e+00 0.000e+00 0.000e+00 0.000e+00
3.162e-07 0.000e+00 0.000e+00 0.000e+00 0.000e+00 0.000e+00
3.548e-07 0.000e+00 0.000e+00 0.000e+00 0.000e+00 0.000e+00
3.981e-07 0.000e+00 0.000e+00 0.000e+00 0.000e+00 0.000e+00
4.467e-07 0.000e+00 0.000e+00 0.000e+00 0.000e+00 0.000e+00
5.012e-07 0.000e+00 0.000e+00 0.000e+00 0.000e+00 0.000e+00
5.623e-07 5.578e+38 2.826e+26 2.831e-31 1.862e-19 2.340e-18
6.310e-07 5.519e+38 3.521e+26 3.526e-31 2.320e-19 2.915e-18
7.079e-07 5.458e+38 4.383e+26 4.390e-31 2.888e-19 3.629e-18
7.943e-07 5.393e+38 5.452e+26 5.461e-31 3.593e-19 4.515e-18
8.913e-07 5.326e+38 6.778e+26 6.790e-31 4.467e-19 5.613e-18
1.000e-06 5.256e+38 8.421e+26 8.435e-31 5.549e-19 6.973e-18
1.122e-06 5.183e+38 1.045e+27 1.047e-30 6.889e-19 8.657e-18
1.259e-06 5.108e+38 1.297e+27 1.299e-30 8.546e-19 1.074e-17
1.413e-06 5.029e+38 1.608e+27 1.610e-30 1.059e-18 1.331e-17
1.585e-06 4.948e+38 1.991e+27 1.995e-30 1.312e-18 1.649e-17
1.778e-06 4.865e+38 2.465e+27 2.469e-30 1.624e-18 2.041e-17
1.995e-06 4.779e+38 3.048e+27 3.053e-30 2.009e-18 2.524e-17
2.239e-06 4.691e+38 3.767e+27 3.773e-30 2.482e-18 3.119e-17
2.512e-06 4.600e+38 4.650e+27 4.658e-30 3.064e-18 3.851e-17
2.818e-06 4.507e+38 5.736e+27 5.746e-30 3.780e-18 4.750e-17
3.162e-06 4.412e+38 7.069e+27 7.081e-30 4.658e-18 5.854e-17
3.548e-06 4.315e+38 8.704e+27 8.719e-30 5.736e-18 7.208e-17
3.981e-06 4.217e+38 1.071e+28 1.073e-29 7.056e-18 8.866e-17
4.467e-06 4.116e+38 1.316e+28 1.318e-29 8.671e-18 1.090e-16
5.012e-06 4.014e+38 1.615e+28 1.618e-29 1.064e-17 1.338e-16
5.623e-06 3.910e+38 1.981e+28 1.985e-29 1.306e-17 1.641e-16
6.310e-06 3.805e+38 2.427e+28 2.431e-29 1.599e-17 2.010e-16
7.079e-06 3.699e+38 2.970e+28 2.975e-29 1.957e-17 2.460e-16
7.943e-06 3.592e+38 3.631e+28 3.637e-29 2.393e-17 3.007e-16
8.913e-06 3.484e+38 4.434e+28 4.441e-29 2.922e-17 3.672e-16
1.000e-05 3.375e+38 5.408e+28 5.417e-29 3.564e-17 4.478e-16
1.122e-05 3.266e+38 6.588e+28 6.599e-29 4.341e-17 5.455e-16
1.259e-05 3.156e+38 8.015e+28 8.029e-29 5.282e-17 6.637e-16
1.413e-05 3.047e+38 9.740e+28 9.756e-29 6.418e-17 8.065e-16
1.585e-05 2.937e+38 1.182e+29 1.184e-28 7.789e-17 9.788e-16
1.778e-05 2.827e+38 1.433e+29 1.435e-28 9.440e-17 1.186e-15
1.995e-05 2.718e+38 1.734e+29 1.737e-28 1.143e-16 1.436e-15
2.239e-05 2.610e+38 2.096e+29 2.099e-28 1.381e-16 1.735e-15
2.512e-05 2.502e+38 2.529e+29 2.533e-28 1.667e-16 2.094e-15
2.818e-05 2.395e+38 3.048e+29 3.053e-28 2.008e-16 2.524e-15
3.162e-05 2.289e+38 3.667e+29 3.674e-28 2.417e-16 3.037e-15
3.548e-05 2.184e+38 4.406e+29 4.413e-28 2.903e-16 3.648e-15
3.981e-05 2.081e+38 5.285e+29 5.294e-28 3.483e-16 4.376e-15
4.467e-05 1.980e+38 6.329e+29 6.340e-28 4.170e-16 5.241e-15
5.012e-05 1.880e+38 7.566e+29 7.579e-28 4.986e-16 6.265e-15
5.623e-05 1.782e+38 9.030e+29 9.045e-28 5.950e-16 7.477e-15
6.310e-05 1.687e+38 1.076e+30 1.078e-27 7.089e-16 8.908e-15
7.079e-05 1.593e+38 1.279e+30 1.281e-27 8.430e-16 1.059e-14
7.943e-05 1.502e+38 1.518e+30 1.521e-27 1.001e-15 1.257e-14
8.913e-05 1.413e+38 1.799e+30 1.802e-27 1.185e-15 1.490e-14
1.000e-04 1.327e+38 2.127e+30 2.130e-27 1.401e-15 1.761e-14
1.122e-04 1.244e+38 2.509e+30 2.514e-27 1.654e-15 2.078e-14
1.259e-04 1.164e+38 2.955e+30 2.960e-27 1.947e-15 2.447e-14
1.413e-04 1.086e+38 3.472e+30 3.478e-27 2.288e-15 2.875e-14
1.585e-04 1.011e+38 4.070e+30 4.077e-27 2.682e-15 3.370e-14
1.778e-04 9.397e+37 4.761e+30 4.769e-27 3.137e-15 3.943e-14
1.995e-04 8.711e+37 5.556e+30 5.566e-27 3.661e-15 4.601e-14
2.239e-04 8.056e+37 6.469e+30 6.480e-27 4.263e-15 5.357e-14
2.512e-04 7.432e+37 7.513e+30 7.526e-27 4.951e-15 6.221e-14
2.818e-04 6.839e+37 8.704e+30 8.718e-27 5.735e-15 7.207e-14
3.162e-04 6.277e+37 1.006e+31 1.007e-26 6.627e-15 8.328e-14
3.548e-04 5.746e+37 1.159e+31 1.161e-26 7.637e-15 9.597e-14
3.981e-04 5.246e+37 1.332e+31 1.334e-26 8.777e-15 1.103e-13
4.467e-04 4.775e+37 1.527e+31 1.529e-26 1.006e-14 1.264e-13
5.012e-04 4.335e+37 1.745e+31 1.748e-26 1.150e-14 1.445e-13
5.623e-04 3.923e+37 1.988e+31 1.991e-26 1.310e-14 1.646e-13
6.310e-04 3.540e+37 2.258e+31 2.262e-26 1.488e-14 1.870e-13
7.079e-04 3.185e+37 2.557e+31 2.561e-26 1.685e-14 2.118e-13
7.943e-04 2.855e+37 2.887e+31 2.892e-26 1.902e-14 2.390e-13
8.913e-04 2.552e+37 3.248e+31 3.253e-26 2.140e-14 2.690e-13
1.000e-03 2.273e+37 3.642e+31 3.648e-26 2.400e-14 3.016e-13
1.122e-03 2.018e+37 4.070e+31 4.077e-26 2.682e-14 3.371e-13
1.259e-03 1.785e+37 4.533e+31 4.541e-26 2.987e-14 3.754e-13
1.413e-03 1.573e+37 5.030e+31 5.038e-26 3.314e-14 4.165e-13
1.585e-03 1.382e+37 5.561e+31 5.570e-26 3.664e-14 4.605e-13
1.778e-03 1.209e+37 6.124e+31 6.135e-26 4.036e-14 5.071e-13
1.995e-03 1.053e+37 6.719e+31 6.731e-26 4.428e-14 5.564e-13
2.239e-03 9.144e+36 7.343e+31 7.355e-26 4.839e-14 6.080e-13
2.512e-03 7.906e+36 7.992e+31 8.006e-26 5.267e-14 6.618e-13
2.818e-03 6.808e+36 8.664e+31 8.678e-26 5.709e-14 7.174e-13
3.162e-03 5.837e+36 9.352e+31 9.368e-26 6.163e-14 7.744e-13
3.548e-03 4.984e+36 1.005e+32 1.007e-25 6.624e-14 8.325e-13
3.981e-03 4.237e+36 1.076e+32 1.078e-25 7.090e-14 8.910e-13
4.467e-03 3.586e+36 1.147e+32 1.148e-25 7.555e-14 9.494e-13
5.012e-03 3.022e+36 1.216e+32 1.218e-25 8.015e-14 1.007e-12
5.623e-03 2.535e+36 1.284e+32 1.287e-25 8.464e-14 1.064e-12
6.310e-03 2.117e+36 1.350e+32 1.353e-25 8.897e-14 1.118e-12
7.079e-03 1.759e+36 1.413e+32 1.415e-25 9.310e-14 1.170e-12
7.943e-03 1.456e+36 1.471e+32 1.474e-25 9.696e-14 1.218e-12
8.913e-03 1.198e+36 1.525e+32 1.528e-25 1.005e-13 1.263e-12
1.000e-02 9.821e+35 1.573e+32 1.576e-25 1.037e-13 1.303e-12
1.122e-02 8.009e+35 1.616e+32 1.618e-25 1.065e-13 1.338e-12
1.259e-02 6.502e+35 1.651e+32 1.654e-25 1.088e-13 1.367e-12
1.413e-02 5.254e+35 1.679e+32 1.682e-25 1.107e-13 1.391e-12
1.585e-02 4.227e+35 1.701e+32 1.704e-25 1.121e-13 1.409e-12
1.778e-02 3.387e+35 1.716e+32 1.719e-25 1.131e-13 1.421e-12
1.995e-02 2.704e+35 1.725e+32 1.727e-25 1.136e-13 1.428e-12
2.239e-02 2.152e+35 1.728e+32 1.731e-25 1.139e-13 1.431e-12
2.512e-02 1.709e+35 1.728e+32 1.731e-25 1.139e-13 1.431e-12
2.818e-02 1.356e+35 1.725e+32 1.728e-25 1.137e-13 1.429e-12
3.162e-02 1.075e+35 1.722e+32 1.725e-25 1.135e-13 1.426e-12
3.548e-02 8.519e+34 1.718e+32 1.721e-25 1.132e-13 1.423e-12
3.981e-02 6.757e+34 1.716e+32 1.719e-25 1.131e-13 1.421e-12
4.467e-02 5.363e+34 1.714e+32 1.717e-25 1.130e-13 1.420e-12
5.012e-02 4.261e+34 1.715e+32 1.718e-25 1.130e-13 1.420e-12
5.623e-02 3.388e+34 1.717e+32 1.719e-25 1.131e-13 1.421e-12
6.310e-02 2.696e+34 1.720e+32 1.723e-25 1.133e-13 1.424e-12
7.079e-02 2.147e+34 1.724e+32 1.727e-25 1.136e-13 1.428e-12
7.943e-02 1.710e+34 1.729e+32 1.732e-25 1.139e-13 1.432e-12
8.913e-02 1.363e+34 1.735e+32 1.738e-25 1.143e-13 1.436e-12
1.000e-01 1.086e+34 1.740e+32 1.743e-25 1.147e-13 1.441e-12
1.122e-01 8.653e+33 1.745e+32 1.748e-25 1.150e-13 1.445e-12
1.259e-01 6.892e+33 1.750e+32 1.753e-25 1.153e-13 1.449e-12
1.413e-01 5.487e+33 1.754e+32 1.757e-25 1.156e-13 1.452e-12
1.585e-01 4.366e+33 1.757e+32 1.760e-25 1.158e-13 1.455e-12
1.778e-01 3.471e+33 1.759e+32 1.761e-25 1.159e-13 1.456e-12
1.995e-01 2.757e+33 1.759e+32 1.762e-25 1.159e-13 1.456e-12
2.239e-01 2.188e+33 1.757e+32 1.760e-25 1.158e-13 1.455e-12
2.512e-01 1.735e+33 1.754e+32 1.757e-25 1.156e-13 1.452e-12
2.818e-01 1.374e+33 1.748e+32 1.751e-25 1.152e-13 1.448e-12
3.162e-01 1.086e+33 1.741e+32 1.744e-25 1.147e-13 1.441e-12
3.548e-01 8.581e+32 1.731e+32 1.734e-25 1.141e-13 1.433e-12
3.981e-01 6.768e+32 1.719e+32 1.722e-25 1.132e-13 1.423e-12
4.467e-01 5.330e+32 1.704e+32 1.707e-25 1.123e-13 1.411e-12
5.012e-01 4.190e+32 1.686e+32 1.689e-25 1.111e-13 1.396e-12
5.623e-01 3.288e+32 1.666e+32 1.669e-25 1.098e-13 1.380e-12
6.310e-01 2.576e+32 1.643e+32 1.646e-25 1.083e-13 1.361e-12
7.079e-01 2.014e+32 1.617e+32 1.620e-25 1.066e-13 1.339e-12
7.943e-01 1.571e+32 1.588e+32 1.591e-25 1.047e-13 1.315e-12
8.913e-01 1.223e+32 1.556e+32 1.559e-25 1.026e-13 1.289e-12
1.000e+00 9.498e+31 1.522e+32 1.524e-25 1.003e-13 1.260e-12
1.122e+00 7.358e+31 1.484e+32 1.487e-25 9.780e-14 1.229e-12
1.259e+00 5.685e+31 1.444e+32 1.446e-25 9.513e-14 1.195e-12
1.413e+00 4.381e+31 1.401e+32 1.403e-25 9.229e-14 1.160e-12
1.585e+00 3.366e+31 1.355e+32 1.357e-25 8.927e-14 1.122e-12
1.778e+00 2.579e+31 1.306e+32 1.309e-25 8.609e-14 1.082e-12
1.995e+00 1.969e+31 1.256e+32 1.258e-25 8.275e-14 1.040e-12
2.239e+00 1.498e+31 1.203e+32 1.205e-25 7.927e-14 9.962e-13
2.512e+00 1.136e+31 1.148e+32 1.150e-25 7.567e-14 9.509e-13
2.818e+00 8.581e+30 1.092e+32 1.094e-25 7.196e-14 9.043e-13
3.162e+00 6.456e+30 1.034e+32 1.036e-25 6.816e-14 8.565e-13
3.548e+00 4.837e+30 9.757e+31 9.773e-26 6.429e-14 8.079e-13
3.981e+00 3.608e+30 9.162e+31 9.178e-26 6.037e-14 7.587e-13
4.467e+00 2.679e+30 8.564e+31 8.579e-26 5.643e-14 7.092e-13
5.012e+00 1.979e+30 7.966e+31 7.979e-26 5.249e-14 6.596e-13
5.623e+00 1.455e+30 7.371e+31 7.384e-26 4.857e-14 6.104e-13
6.310e+00 1.064e+30 6.784e+31 6.795e-26 4.470e-14 5.617e-13
7.079e+00 7.730e+29 6.207e+31 6.218e-26 4.090e-14 5.140e-13
7.943e+00 5.584e+29 5.645e+31 5.655e-26 3.720e-14 4.675e-13
8.913e+00 4.008e+29 5.101e+31 5.110e-26 3.361e-14 4.224e-13
1.000e+01 2.858e+29 4.579e+31 4.586e-26 3.017e-14 3.791e-13
1.122e+01 2.023e+29 4.080e+31 4.087e-26 2.689e-14 3.379e-13
1.259e+01 1.421e+29 3.609e+31 3.615e-26 2.378e-14 2.988e-13
1.413e+01 9.905e+28 3.166e+31 3.172e-26 2.086e-14 2.622e-13
1.585e+01 6.845e+28 2.755e+31 2.759e-26 1.815e-14 2.281e-13
1.778e+01 4.688e+28 2.375e+31 2.379e-26 1.565e-14 1.967e-13
1.995e+01 3.181e+28 2.029e+31 2.032e-26 1.337e-14 1.680e-13
2.239e+01 2.136e+28 1.716e+31 1.718e-26 1.130e-14 1.421e-13
2.512e+01 1.420e+28 1.435e+31 1.438e-26 9.458e-15 1.189e-13
2.818e+01 9.331e+27 1.187e+31 1.189e-26 7.825e-15 9.833e-14
3.162e+01 6.059e+27 9.707e+30 9.723e-27 6.396e-15 8.038e-14
3.548e+01 3.884e+27 7.835e+30 7.848e-27 5.163e-15 6.488e-14
3.981e+01 2.457e+27 6.239e+30 6.249e-27 4.111e-15 5.166e-14
4.467e+01 1.532e+27 4.897e+30 4.905e-27 3.227e-15 4.055e-14
5.012e+01 9.405e+26 3.785e+30 3.792e-27 2.494e-15 3.134e-14
5.623e+01 5.681e+26 2.879e+30 2.883e-27 1.897e-15 2.384e-14
6.310e+01 3.373e+26 2.151e+30 2.155e-27 1.418e-15 1.781e-14
7.079e+01 1.965e+26 1.578e+30 1.581e-27 1.040e-15 1.307e-14
7.943e+01 1.122e+26 1.135e+30 1.137e-27 7.477e-16 9.396e-15
8.913e+01 6.276e+25 7.987e+29 8.001e-28 5.263e-16 6.614e-15
1.000e+02 3.430e+25 5.495e+29 5.504e-28 3.621e-16 4.550e-15
1.122e+02 1.829e+25 3.689e+29 3.695e-28 2.431e-16 3.054e-15
1.259e+02 9.497e+24 2.411e+29 2.416e-28 1.589e-16 1.997e-15
1.413e+02 4.793e+24 1.532e+29 1.535e-28 1.010e-16 1.269e-15
1.585e+02 2.346e+24 9.441e+28 9.457e-29 6.221e-17 7.818e-16
1.778e+02 1.111e+24 5.627e+28 5.637e-29 3.708e-17 4.660e-16
1.995e+02 5.072e+23 3.235e+28 3.241e-29 2.132e-17 2.679e-16
2.239e+02 2.228e+23 1.789e+28 1.792e-29 1.179e-17 1.482e-16
2.512e+02 9.382e+22 9.484e+27 9.500e-30 6.249e-18 7.853e-17
2.818e+02 3.772e+22 4.801e+27 4.809e-30 3.163e-18 3.975e-17
3.162e+02 1.443e+22 2.311e+27 2.315e-30 1.523e-18 1.914e-17
3.548e+02 5.222e+21 1.053e+27 1.055e-30 6.941e-19 8.722e-18
3.981e+02 1.780e+21 4.521e+26 4.529e-31 2.979e-19 3.744e-18
4.467e+02 5.685e+20 1.817e+26 1.820e-31 1.198e-19 1.505e-18
5.012e+02 1.689e+20 6.797e+25 6.809e-32 4.479e-20 5.629e-19
5.623e+02 4.636e+19 2.349e+25 2.353e-32 1.548e-20 1.945e-19
6.310e+02 1.166e+19 7.439e+24 7.452e-33 4.902e-21 6.160e-20
7.079e+02 2.665e+18 2.140e+24 2.144e-33 1.410e-21 1.772e-20
7.943e+02 5.478e+17 5.538e+23 5.547e-34 3.649e-22 4.586e-21
8.913e+02 1.001e+17 1.274e+23 1.276e-34 8.397e-23 1.055e-21
1.000e+03 1.607e+16 2.575e+22 2.580e-35 1.697e-23 2.133e-22
1.122e+03 2.234e+15 4.507e+21 4.514e-36 2.970e-24 3.732e-23
1.259e+03 2.647e+14 6.721e+20 6.732e-37 4.429e-25 5.565e-24
1.413e+03 2.625e+13 8.391e+19 8.405e-38 5.529e-26 6.948e-25
1.585e+03 2.136e+12 8.594e+18 8.609e-39 5.663e-27 7.117e-26
1.778e+03 1.393e+11 7.057e+17 7.069e-40 4.651e-28 5.844e-27
1.995e+03 7.096e+09 4.526e+16 4.534e-41 2.983e-29 3.748e-28
2.239e+03 2.740e+08 2.200e+15 2.204e-42 1.450e-30 1.822e-29
2.512e+03 7.752e+06 7.837e+13 7.850e-44 5.164e-32 6.489e-31
2.818e+03 1.547e+05 1.968e+12 1.972e-45 1.297e-33 1.630e-32
3.162e+03 2.088e+03 3.345e+10 3.350e-47 2.204e-35 2.770e-34
3.548e+03 1.829e+01 3.689e+08 3.695e-49 2.431e-37 3.055e-36
3.981e+03 9.997e-02 2.539e+06 2.543e-51 1.673e-39 2.102e-38
4.467e+03 3.292e-04 1.053e+04 1.054e-53 6.936e-42 8.716e-41
5.012e+03 6.286e-07 2.530e+01 2.534e-56 1.667e-44 2.095e-43
5.623e+03 6.552e-10 3.320e-02 3.325e-59 2.188e-47 2.749e-46
6.310e+03 3.392e-13 2.164e-05 2.167e-62 1.426e-50 1.792e-49
7.079e+03 7.716e-17 6.196e-09 6.206e-66 4.083e-54 5.131e-53
7.943e+03 6.741e-21 6.815e-13 6.826e-70 4.491e-58 5.643e-57
8.913e+03 1.963e-25 2.499e-17 2.503e-74 1.647e-62 2.069e-61
1.000e+04 0.000e+00 0.000e+00 0.000e+00 0.000e+00 0.000e+00
1.122e+04 0.000e+00 0.000e+00 0.000e+00 0.000e+00 0.000e+00
1.259e+04 0.000e+00 0.000e+00 0.000e+00 0.000e+00 0.000e+00
1.413e+04 0.000e+00 0.000e+00 0.000e+00 0.000e+00 0.000e+00
1.585e+04 0.000e+00 0.000e+00 0.000e+00 0.000e+00 0.000e+00
1.778e+04 0.000e+00 0.000e+00 0.000e+00 0.000e+00 0.000e+00
1.995e+04 0.000e+00 0.000e+00 0.000e+00 0.000e+00 0.000e+00
2.239e+04 0.000e+00 0.000e+00 0.000e+00 0.000e+00 0.000e+00
2.512e+04 0.000e+00 0.000e+00 0.000e+00 0.000e+00 0.000e+00
2.818e+04 0.000e+00 0.000e+00 0.000e+00 0.000e+00 0.000e+00
3.162e+04 0.000e+00 0.000e+00 0.000e+00 0.000e+00 0.000e+00
3.548e+04 0.000e+00 0.000e+00 0.000e+00 0.000e+00 0.000e+00
3.981e+04 0.000e+00 0.000e+00 0.000e+00 0.000e+00 0.000e+00
4.467e+04 0.000e+00 0.000e+00 0.000e+00 0.000e+00 0.000e+00
5.012e+04 0.000e+00 0.000e+00 0.000e+00 0.000e+00 0.000e+00
5.623e+04 0.000e+00 0.000e+00 0.000e+00 0.000e+00 0.000e+00
6.310e+04 0.000e+00 0.000e+00 0.000e+00 0.000e+00 0.000e+00
7.079e+04 0.000e+00 0.000e+00 0.000e+00 0.000e+00 0.000e+00
7.943e+04 0.000e+00 0.000e+00 0.000e+00 0.000e+00 0.000e+00
8.913e+04 0.000e+00 0.000e+00 0.000e+00 0.000e+00 0.000e+00
1.000e+05 0.000e+00 0.000e+00 0.000e+00 0.000e+00 0.000e+00
1.122e+05 0.000e+00 0.000e+00 0.000e+00 0.000e+00 0.000e+00
1.259e+05 0.000e+00 0.000e+00 0.000e+00 0.000e+00 0.000e+00
1.413e+05 0.000e+00 0.000e+00 0.000e+00 0.000e+00 0.000e+00
1.585e+05 0.000e+00 0.000e+00 0.000e+00 0.000e+00 0.000e+00
1.778e+05 0.000e+00 0.000e+00 0.000e+00 0.000e+00 0.000e+00
1.995e+05 0.000e+00 0.000e+00 0.000e+00 0.000e+00 0.000e+00
2.239e+05 0.000e+00 0.000e+00 0.000e+00 0.000e+00 0.000e+00
2.512e+05 0.000e+00 0.000e+00 0.000e+00 0.000e+00 0.000e+00
2.818e+05 0.000e+00 0.000e+00 0.000e+00 0.000e+00 0.000e+00
3.162e+05 0.000e+00 0.000e+00 0.000e+00 0.000e+00 0.000e+00
3.548e+05 0.000e+00 0.000e+00 0.000e+00 0.000e+00 0.000e+00
3.981e+05 0.000e+00 0.000e+00 0.000e+00 0.000e+00 0.000e+00
4.467e+05 0.000e+00 0.000e+00 0.000e+00 0.000e+00 0.000e+00
5.012e+05 0.000e+00 0.000e+00 0.000e+00 0.000e+00 0.000e+00
5.623e+05 0.000e+00 0.000e+00 0.000e+00 0.000e+00 0.000e+00
6.310e+05 0.000e+00 0.000e+00 0.000e+00 0.000e+00 0.000e+00
7.079e+05 0.000e+00 0.000e+00 0.000e+00 0.000e+00 0.000e+00
7.943e+05 0.000e+00 0.000e+00 0.000e+00 0.000e+00 0.000e+00
8.913e+05 0.000e+00 0.000e+00 0.000e+00 0.000e+00 0.000e+00
1.000e+06 0.000e+00 0.000e+00 0.000e+00 0.000e+00 0.000e+00
1.122e+06 0.000e+00 0.000e+00 0.000e+00 0.000e+00 0.000e+00
1.259e+06 0.000e+00 0.000e+00 0.000e+00 0.000e+00 0.000e+00
1.413e+06 0.000e+00 0.000e+00 0.000e+00 0.000e+00 0.000e+00
1.585e+06 0.000e+00 0.000e+00 0.000e+00 0.000e+00 0.000e+00
1.778e+06 0.000e+00 0.000e+00 0.000e+00 0.000e+00 0.000e+00
1.995e+06 0.000e+00 0.000e+00 0.000e+00 0.000e+00 0.000e+00
2.239e+06 0.000e+00 0.000e+00 0.000e+00 0.000e+00 0.000e+00
2.512e+06 0.000e+00 0.000e+00 0.000e+00 0.000e+00 0.000e+00
2.818e+06 0.000e+00 0.000e+00 0.000e+00 0.000e+00 0.000e+00
3.162e+06 0.000e+00 0.000e+00 0.000e+00 0.000e+00 0.000e+00
3.548e+06 0.000e+00 0.000e+00 0.000e+00 0.000e+00 0.000e+00
3.981e+06 0.000e+00 0.000e+00 0.000e+00 0.000e+00 0.000e+00
4.467e+06 0.000e+00 0.000e+00 0.000e+00 0.000e+00 0.000e+00
5.012e+06 0.000e+00 0.000e+00 0.000e+00 0.000e+00 0.000e+00
5.623e+06 0.000e+00 0.000e+00 0.000e+00 0.000e+00 0.000e+00
6.310e+06 0.000e+00 0.000e+00 0.000e+00 0.000e+00 0.000e+00
7.079e+06 0.000e+00 0.000e+00 0.000e+00 0.000e+00 0.000e+00
7.943e+06 0.000e+00 0.000e+00 0.000e+00 0.000e+00 0.000e+00
8.913e+06 0.000e+00 0.000e+00 0.000e+00 0.000e+00 0.000e+00
1.000e+07 0.000e+00 0.000e+00 0.000e+00 0.000e+00 0.000e+00
1.122e+07 0.000e+00 0.000e+00 0.000e+00 0.000e+00 0.000e+00
1.259e+07 0.000e+00 0.000e+00 0.000e+00 0.000e+00 0.000e+00
1.413e+07 0.000e+00 0.000e+00 0.000e+00 0.000e+00 0.000e+00
1.585e+07 0.000e+00 0.000e+00 0.000e+00 0.000e+00 0.000e+00
1.778e+07 0.000e+00 0.000e+00 0.000e+00 0.000e+00 0.000e+00
1.995e+07 0.000e+00 0.000e+00 0.000e+00 0.000e+00 0.000e+00
2.239e+07 0.000e+00 0.000e+00 0.000e+00 0.000e+00 0.000e+00
2.512e+07 0.000e+00 0.000e+00 0.000e+00 0.000e+00 0.000e+00
2.818e+07 0.000e+00 0.000e+00 0.000e+00 0.000e+00 0.000e+00
3.162e+07 0.000e+00 0.000e+00 0.000e+00 0.000e+00 0.000e+00
3.548e+07 0.000e+00 0.000e+00 0.000e+00 0.000e+00 0.000e+00
3.981e+07 0.000e+00 0.000e+00 0.000e+00 0.000e+00 0.000e+00
4.467e+07 0.000e+00 0.000e+00 0.000e+00 0.000e+00 0.000e+00
5.012e+07 0.000e+00 0.000e+00 0.000e+00 0.000e+00 0.000e+00
5.623e+07 0.000e+00 0.000e+00 0.000e+00 0.000e+00 0.000e+00
6.310e+07 0.000e+00 0.000e+00 0.000e+00 0.000e+00 0.000e+00
7.079e+07 0.000e+00 0.000e+00 0.000e+00 0.000e+00 0.000e+00
7.943e+07 0.000e+00 0.000e+00 0.000e+00 0.000e+00 0.000e+00
8.913e+07 0.000e+00 0.000e+00 0.000e+00 0.000e+00 0.000e+00
1.000e+08 0.000e+00 0.000e+00 0.000e+00 0.000e+00 0.000e+00
