5.110e-07 4.503e+51 1.176e+39
5.734e-07 4.495e+51 1.478e+39
6.433e-07 4.487e+51 1.857e+39
7.218e-07 4.479e+51 2.334e+39
8.099e-07 4.471e+51 2.933e+39
9.087e-07 4.463e+51 3.685e+39
1.020e-06 4.455e+51 4.631e+39
1.144e-06 4.438e+51 5.808e+39
1.284e-06 4.430e+51 7.299e+39
1.440e-06 4.422e+51 9.172e+39
1.616e-06 4.414e+51 1.153e+40
1.813e-06 4.397e+51 1.445e+40
2.034e-06 4.389e+51 1.816e+40
2.283e-06 4.381e+51 2.282e+40
2.561e-06 4.363e+51 2.862e+40
2.874e-06 4.355e+51 3.596e+40
3.224e-06 4.346e+51 4.518e+40
3.618e-06 4.329e+51 5.665e+40
4.059e-06 4.311e+51 7.103e+40
4.554e-06 4.302e+51 8.923e+40
5.110e-06 4.284e+51 1.119e+41
5.734e-06 4.265e+51 1.402e+41
6.433e-06 4.246e+51 1.757e+41
7.218e-06 4.227e+51 2.202e+41
8.099e-06 4.208e+51 2.760e+41
9.087e-06 4.188e+51 3.458e+41
1.020e-05 4.159e+51 4.323e+41
1.144e-05 4.138e+51 5.415e+41
1.284e-05 4.107e+51 6.767e+41
1.440e-05 4.077e+51 8.455e+41
1.616e-05 4.045e+51 1.056e+42
1.813e-05 4.004e+51 1.316e+42
2.034e-05 3.962e+51 1.640e+42
2.283e-05 3.919e+51 2.042e+42
2.561e-05 3.851e+51 2.526e+42
2.874e-05 3.798e+51 3.136e+42
3.224e-05 3.741e+51 3.888e+42
3.618e-05 3.677e+51 4.812e+42
4.059e-05 3.608e+51 5.944e+42
4.554e-05 3.533e+51 7.328e+42
5.110e-05 3.451e+51 9.013e+42
5.734e-05 3.363e+51 1.105e+43
6.433e-05 3.267e+51 1.352e+43
7.218e-05 3.164e+51 1.649e+43
8.099e-05 3.054e+51 2.003e+43
9.087e-05 2.935e+51 2.424e+43
1.020e-04 2.810e+51 2.921e+43
1.144e-04 2.678e+51 3.504e+43
1.284e-04 2.538e+51 4.182e+43
1.440e-04 2.393e+51 4.964e+43
1.616e-04 2.243e+51 5.858e+43
1.813e-04 2.090e+51 6.869e+43
2.034e-04 1.933e+51 8.000e+43
2.283e-04 1.776e+51 9.251e+43
2.561e-04 1.619e+51 1.062e+44
2.874e-04 1.463e+51 1.208e+44
3.224e-04 1.312e+51 1.364e+44
3.618e-04 1.167e+51 1.527e+44
4.059e-04 1.028e+51 1.694e+44
4.554e-04 8.979e+50 1.862e+44
5.110e-04 7.769e+50 2.029e+44
5.734e-04 6.661e+50 2.190e+44
6.433e-04 5.658e+50 2.341e+44
7.218e-04 4.762e+50 2.481e+44
8.099e-04 3.972e+50 2.605e+44
9.087e-04 3.284e+50 2.712e+44
1.020e-03 2.692e+50 2.798e+44
1.144e-03 2.188e+50 2.863e+44
1.284e-03 1.764e+50 2.906e+44
1.440e-03 1.411e+50 2.926e+44
1.616e-03 1.119e+50 2.922e+44
1.813e-03 8.811e+49 2.896e+44
2.034e-03 6.882e+49 2.848e+44
2.283e-03 5.327e+49 2.775e+44
2.561e-03 4.079e+49 2.676e+44
2.874e-03 3.075e+49 2.539e+44
3.224e-03 2.246e+49 2.335e+44
3.618e-03 1.476e+49 1.932e+44
