1.000e-20 0.000e+00 0.000e+00 0.000e+00 0.000e+00 0.000e+00
1.122e-20 0.000e+00 0.000e+00 0.000e+00 0.000e+00 0.000e+00
1.259e-20 0.000e+00 0.000e+00 0.000e+00 0.000e+00 0.000e+00
1.413e-20 0.000e+00 0.000e+00 0.000e+00 0.000e+00 0.000e+00
1.585e-20 0.000e+00 0.000e+00 0.000e+00 0.000e+00 0.000e+00
1.778e-20 0.000e+00 0.000e+00 0.000e+00 0.000e+00 0.000e+00
1.995e-20 0.000e+00 0.000e+00 0.000e+00 0.000e+00 0.000e+00
2.239e-20 0.000e+00 0.000e+00 0.000e+00 0.000e+00 0.000e+00
2.512e-20 0.000e+00 0.000e+00 0.000e+00 0.000e+00 0.000e+00
2.818e-20 0.000e+00 0.000e+00 0.000e+00 0.000e+00 0.000e+00
3.162e-20 0.000e+00 0.000e+00 0.000e+00 0.000e+00 0.000e+00
3.548e-20 0.000e+00 0.000e+00 0.000e+00 0.000e+00 0.000e+00
3.981e-20 0.000e+00 0.000e+00 0.000e+00 0.000e+00 0.000e+00
4.467e-20 0.000e+00 0.000e+00 0.000e+00 0.000e+00 0.000e+00
5.012e-20 0.000e+00 0.000e+00 0.000e+00 0.000e+00 0.000e+00
5.623e-20 0.000e+00 0.000e+00 0.000e+00 0.000e+00 0.000e+00
6.310e-20 0.000e+00 0.000e+00 0.000e+00 0.000e+00 0.000e+00
7.079e-20 0.000e+00 0.000e+00 0.000e+00 0.000e+00 0.000e+00
7.943e-20 0.000e+00 0.000e+00 0.000e+00 0.000e+00 0.000e+00
8.913e-20 0.000e+00 0.000e+00 0.000e+00 0.000e+00 0.000e+00
1.000e-19 0.000e+00 0.000e+00 0.000e+00 0.000e+00 0.000e+00
1.122e-19 0.000e+00 0.000e+00 0.000e+00 0.000e+00 0.000e+00
1.259e-19 0.000e+00 0.000e+00 0.000e+00 0.000e+00 0.000e+00
1.413e-19 0.000e+00 0.000e+00 0.000e+00 0.000e+00 0.000e+00
1.585e-19 0.000e+00 0.000e+00 0.000e+00 0.000e+00 0.000e+00
1.778e-19 0.000e+00 0.000e+00 0.000e+00 0.000e+00 0.000e+00
1.995e-19 0.000e+00 0.000e+00 0.000e+00 0.000e+00 0.000e+00
2.239e-19 0.000e+00 0.000e+00 0.000e+00 0.000e+00 0.000e+00
2.512e-19 0.000e+00 0.000e+00 0.000e+00 0.000e+00 0.000e+00
2.818e-19 0.000e+00 0.000e+00 0.000e+00 0.000e+00 0.000e+00
3.162e-19 0.000e+00 0.000e+00 0.000e+00 0.000e+00 0.000e+00
3.548e-19 0.000e+00 0.000e+00 0.000e+00 0.000e+00 0.000e+00
3.981e-19 0.000e+00 0.000e+00 0.000e+00 0.000e+00 0.000e+00
4.467e-19 0.000e+00 0.000e+00 0.000e+00 0.000e+00 0.000e+00
5.012e-19 0.000e+00 0.000e+00 0.000e+00 0.000e+00 0.000e+00
5.623e-19 0.000e+00 0.000e+00 0.000e+00 0.000e+00 0.000e+00
6.310e-19 0.000e+00 0.000e+00 0.000e+00 0.000e+00 0.000e+00
7.079e-19 0.000e+00 0.000e+00 0.000e+00 0.000e+00 0.000e+00
7.943e-19 0.000e+00 0.000e+00 0.000e+00 0.000e+00 0.000e+00
8.913e-19 0.000e+00 0.000e+00 0.000e+00 0.000e+00 0.000e+00
1.000e-18 0.000e+00 0.000e+00 0.000e+00 0.000e+00 0.000e+00
1.122e-18 0.000e+00 0.000e+00 0.000e+00 0.000e+00 0.000e+00
1.259e-18 0.000e+00 0.000e+00 0.000e+00 0.000e+00 0.000e+00
1.413e-18 0.000e+00 0.000e+00 0.000e+00 0.000e+00 0.000e+00
1.585e-18 0.000e+00 0.000e+00 0.000e+00 0.000e+00 0.000e+00
1.778e-18 0.000e+00 0.000e+00 0.000e+00 0.000e+00 0.000e+00
1.995e-18 0.000e+00 0.000e+00 0.000e+00 0.000e+00 0.000e+00
2.239e-18 0.000e+00 0.000e+00 0.000e+00 0.000e+00 0.000e+00
2.512e-18 0.000e+00 0.000e+00 0.000e+00 0.000e+00 0.000e+00
2.818e-18 0.000e+00 0.000e+00 0.000e+00 0.000e+00 0.000e+00
3.162e-18 0.000e+00 0.000e+00 0.000e+00 0.000e+00 0.000e+00
3.548e-18 0.000e+00 0.000e+00 0.000e+00 0.000e+00 0.000e+00
3.981e-18 0.000e+00 0.000e+00 0.000e+00 0.000e+00 0.000e+00
4.467e-18 0.000e+00 0.000e+00 0.000e+00 0.000e+00 0.000e+00
5.012e-18 0.000e+00 0.000e+00 0.000e+00 0.000e+00 0.000e+00
5.623e-18 0.000e+00 0.000e+00 0.000e+00 0.000e+00 0.000e+00
6.310e-18 0.000e+00 0.000e+00 0.000e+00 0.000e+00 0.000e+00
7.079e-18 0.000e+00 0.000e+00 0.000e+00 0.000e+00 0.000e+00
7.943e-18 0.000e+00 0.000e+00 0.000e+00 0.000e+00 0.000e+00
8.913e-18 0.000e+00 0.000e+00 0.000e+00 0.000e+00 0.000e+00
1.000e-17 0.000e+00 0.000e+00 0.000e+00 0.000e+00 0.000e+00
1.122e-17 0.000e+00 0.000e+00 0.000e+00 0.000e+00 0.000e+00
1.259e-17 0.000e+00 0.000e+00 0.000e+00 0.000e+00 0.000e+00
1.413e-17 0.000e+00 0.000e+00 0.000e+00 0.000e+00 0.000e+00
1.585e-17 0.000e+00 0.000e+00 0.000e+00 0.000e+00 0.000e+00
1.778e-17 0.000e+00 0.000e+00 0.000e+00 0.000e+00 0.000e+00
1.995e-17 0.000e+00 0.000e+00 0.000e+00 0.000e+00 0.000e+00
2.239e-17 0.000e+00 0.000e+00 0.000e+00 0.000e+00 0.000e+00
2.512e-17 0.000e+00 0.000e+00 0.000e+00 0.000e+00 0.000e+00
2.818e-17 0.000e+00 0.000e+00 0.000e+00 0.000e+00 0.000e+00
3.162e-17 0.000e+00 0.000e+00 0.000e+00 0.000e+00 0.000e+00
3.548e-17 0.000e+00 0.000e+00 0.000e+00 0.000e+00 0.000e+00
3.981e-17 0.000e+00 0.000e+00 0.000e+00 0.000e+00 0.000e+00
4.467e-17 0.000e+00 0.000e+00 0.000e+00 0.000e+00 0.000e+00
5.012e-17 0.000e+00 0.000e+00 0.000e+00 0.000e+00 0.000e+00
5.623e-17 0.000e+00 0.000e+00 0.000e+00 0.000e+00 0.000e+00
6.310e-17 0.000e+00 0.000e+00 0.000e+00 0.000e+00 0.000e+00
7.079e-17 0.000e+00 0.000e+00 0.000e+00 0.000e+00 0.000e+00
7.943e-17 0.000e+00 0.000e+00 0.000e+00 0.000e+00 0.000e+00
8.913e-17 0.000e+00 0.000e+00 0.000e+00 0.000e+00 0.000e+00
1.000e-16 0.000e+00 0.000e+00 0.000e+00 0.000e+00 0.000e+00
1.122e-16 0.000e+00 0.000e+00 0.000e+00 0.000e+00 0.000e+00
1.259e-16 0.000e+00 0.000e+00 0.000e+00 0.000e+00 0.000e+00
1.413e-16 0.000e+00 0.000e+00 0.000e+00 0.000e+00 0.000e+00
1.585e-16 0.000e+00 0.000e+00 0.000e+00 0.000e+00 0.000e+00
1.778e-16 0.000e+00 0.000e+00 0.000e+00 0.000e+00 0.000e+00
1.995e-16 0.000e+00 0.000e+00 0.000e+00 0.000e+00 0.000e+00
2.239e-16 0.000e+00 0.000e+00 0.000e+00 0.000e+00 0.000e+00
2.512e-16 0.000e+00 0.000e+00 0.000e+00 0.000e+00 0.000e+00
2.818e-16 0.000e+00 0.000e+00 0.000e+00 0.000e+00 0.000e+00
3.162e-16 0.000e+00 0.000e+00 0.000e+00 0.000e+00 0.000e+00
3.548e-16 0.000e+00 0.000e+00 0.000e+00 0.000e+00 0.000e+00
3.981e-16 0.000e+00 0.000e+00 0.000e+00 0.000e+00 0.000e+00
4.467e-16 0.000e+00 0.000e+00 0.000e+00 0.000e+00 0.000e+00
5.012e-16 0.000e+00 0.000e+00 0.000e+00 0.000e+00 0.000e+00
5.623e-16 0.000e+00 0.000e+00 0.000e+00 0.000e+00 0.000e+00
6.310e-16 0.000e+00 0.000e+00 0.000e+00 0.000e+00 0.000e+00
7.079e-16 0.000e+00 0.000e+00 0.000e+00 0.000e+00 0.000e+00
7.943e-16 0.000e+00 0.000e+00 0.000e+00 0.000e+00 0.000e+00
8.913e-16 0.000e+00 0.000e+00 0.000e+00 0.000e+00 0.000e+00
1.000e-15 0.000e+00 0.000e+00 0.000e+00 0.000e+00 0.000e+00
1.122e-15 0.000e+00 0.000e+00 0.000e+00 0.000e+00 0.000e+00
1.259e-15 0.000e+00 0.000e+00 0.000e+00 0.000e+00 0.000e+00
1.413e-15 0.000e+00 0.000e+00 0.000e+00 0.000e+00 0.000e+00
1.585e-15 0.000e+00 0.000e+00 0.000e+00 0.000e+00 0.000e+00
1.778e-15 0.000e+00 0.000e+00 0.000e+00 0.000e+00 0.000e+00
1.995e-15 0.000e+00 0.000e+00 0.000e+00 0.000e+00 0.000e+00
2.239e-15 0.000e+00 0.000e+00 0.000e+00 0.000e+00 0.000e+00
2.512e-15 0.000e+00 0.000e+00 0.000e+00 0.000e+00 0.000e+00
2.818e-15 0.000e+00 0.000e+00 0.000e+00 0.000e+00 0.000e+00
3.162e-15 0.000e+00 0.000e+00 0.000e+00 0.000e+00 0.000e+00
3.548e-15 0.000e+00 0.000e+00 0.000e+00 0.000e+00 0.000e+00
3.981e-15 0.000e+00 0.000e+00 0.000e+00 0.000e+00 0.000e+00
4.467e-15 0.000e+00 0.000e+00 0.000e+00 0.000e+00 0.000e+00
5.012e-15 0.000e+00 0.000e+00 0.000e+00 0.000e+00 0.000e+00
5.623e-15 0.000e+00 0.000e+00 0.000e+00 0.000e+00 0.000e+00
6.310e-15 0.000e+00 0.000e+00 0.000e+00 0.000e+00 0.000e+00
7.079e-15 0.000e+00 0.000e+00 0.000e+00 0.000e+00 0.000e+00
7.943e-15 0.000e+00 0.000e+00 0.000e+00 0.000e+00 0.000e+00
8.913e-15 0.000e+00 0.000e+00 0.000e+00 0.000e+00 0.000e+00
1.000e-14 0.000e+00 0.000e+00 0.000e+00 0.000e+00 0.000e+00
1.122e-14 0.000e+00 0.000e+00 0.000e+00 0.000e+00 0.000e+00
1.259e-14 0.000e+00 0.000e+00 0.000e+00 0.000e+00 0.000e+00
1.413e-14 0.000e+00 0.000e+00 0.000e+00 0.000e+00 0.000e+00
1.585e-14 0.000e+00 0.000e+00 0.000e+00 0.000e+00 0.000e+00
1.778e-14 0.000e+00 0.000e+00 0.000e+00 0.000e+00 0.000e+00
1.995e-14 0.000e+00 0.000e+00 0.000e+00 0.000e+00 0.000e+00
2.239e-14 0.000e+00 0.000e+00 0.000e+00 0.000e+00 0.000e+00
2.512e-14 0.000e+00 0.000e+00 0.000e+00 0.000e+00 0.000e+00
2.818e-14 0.000e+00 0.000e+00 0.000e+00 0.000e+00 0.000e+00
3.162e-14 0.000e+00 0.000e+00 0.000e+00 0.000e+00 0.000e+00
3.548e-14 0.000e+00 0.000e+00 0.000e+00 0.000e+00 0.000e+00
3.981e-14 0.000e+00 0.000e+00 0.000e+00 0.000e+00 0.000e+00
4.467e-14 0.000e+00 0.000e+00 0.000e+00 0.000e+00 0.000e+00
5.012e-14 0.000e+00 0.000e+00 0.000e+00 0.000e+00 0.000e+00
5.623e-14 0.000e+00 0.000e+00 0.000e+00 0.000e+00 0.000e+00
6.310e-14 0.000e+00 0.000e+00 0.000e+00 0.000e+00 0.000e+00
7.079e-14 0.000e+00 0.000e+00 0.000e+00 0.000e+00 0.000e+00
7.943e-14 0.000e+00 0.000e+00 0.000e+00 0.000e+00 0.000e+00
8.913e-14 0.000e+00 0.000e+00 0.000e+00 0.000e+00 0.000e+00
1.000e-13 0.000e+00 0.000e+00 0.000e+00 0.000e+00 0.000e+00
1.122e-13 0.000e+00 0.000e+00 0.000e+00 0.000e+00 0.000e+00
1.259e-13 0.000e+00 0.000e+00 0.000e+00 0.000e+00 0.000e+00
1.413e-13 0.000e+00 0.000e+00 0.000e+00 0.000e+00 0.000e+00
1.585e-13 0.000e+00 0.000e+00 0.000e+00 0.000e+00 0.000e+00
1.778e-13 0.000e+00 0.000e+00 0.000e+00 0.000e+00 0.000e+00
1.995e-13 0.000e+00 0.000e+00 0.000e+00 0.000e+00 0.000e+00
2.239e-13 0.000e+00 0.000e+00 0.000e+00 0.000e+00 0.000e+00
2.512e-13 0.000e+00 0.000e+00 0.000e+00 0.000e+00 0.000e+00
2.818e-13 0.000e+00 0.000e+00 0.000e+00 0.000e+00 0.000e+00
3.162e-13 0.000e+00 0.000e+00 0.000e+00 0.000e+00 0.000e+00
3.548e-13 0.000e+00 0.000e+00 0.000e+00 0.000e+00 0.000e+00
3.981e-13 0.000e+00 0.000e+00 0.000e+00 0.000e+00 0.000e+00
4.467e-13 0.000e+00 0.000e+00 0.000e+00 0.000e+00 0.000e+00
5.012e-13 1.151e-25 4.634e-50 4.642e-107 3.054e-95 3.837e-94
5.623e-13 4.106e-21 2.080e-45 2.084e-102 1.371e-90 1.723e-89
6.310e-13 5.044e-17 3.217e-41 3.223e-98 2.120e-86 2.664e-85
7.079e-13 2.571e-13 2.064e-37 2.068e-94 1.360e-82 1.709e-81
7.943e-13 6.269e-10 6.337e-34 6.348e-91 4.176e-79 5.248e-78
8.913e-13 7.893e-07 1.004e-30 1.006e-87 6.619e-76 8.318e-75
1.000e-12 5.276e-04 8.453e-28 8.467e-85 5.570e-73 6.999e-72
1.122e-12 1.920e-01 3.873e-25 3.880e-82 2.552e-70 3.207e-69
1.259e-12 3.965e+01 1.007e-22 1.009e-79 6.635e-68 8.338e-67
1.413e-12 4.897e+03 1.565e-20 1.568e-77 1.032e-65 1.296e-64
1.585e-12 3.821e+05 1.538e-18 1.540e-75 1.013e-63 1.273e-62
1.778e-12 1.986e+07 1.006e-16 1.008e-73 6.630e-62 8.332e-61
1.995e-12 7.208e+08 4.598e-15 4.605e-72 3.030e-60 3.807e-59
2.239e-12 1.904e+10 1.529e-13 1.532e-70 1.008e-58 1.266e-57
2.512e-12 3.794e+11 3.836e-12 3.842e-69 2.528e-57 3.176e-56
2.818e-12 5.880e+12 7.483e-11 7.495e-68 4.931e-56 6.196e-55
3.162e-12 7.275e+13 1.166e-09 1.168e-66 7.681e-55 9.652e-54
3.548e-12 7.357e+14 1.484e-08 1.486e-65 9.778e-54 1.229e-52
3.981e-12 6.206e+15 1.576e-07 1.578e-64 1.038e-52 1.305e-51
4.467e-12 4.446e+16 1.421e-06 1.424e-63 9.366e-52 1.177e-50
5.012e-12 2.750e+17 1.107e-05 1.109e-62 7.293e-51 9.164e-50
5.623e-12 1.489e+18 7.546e-05 7.559e-62 4.972e-50 6.248e-49
6.310e-12 7.155e+18 4.564e-04 4.571e-61 3.007e-49 3.779e-48
7.079e-12 3.084e+19 2.477e-03 2.481e-60 1.632e-48 2.051e-47
7.943e-12 1.205e+20 1.218e-02 1.220e-59 8.028e-48 1.009e-46
8.913e-12 4.308e+20 5.482e-02 5.492e-59 3.613e-47 4.540e-46
1.000e-11 1.420e+21 2.276e-01 2.279e-58 1.500e-46 1.884e-45
1.122e-11 4.351e+21 8.776e-01 8.791e-58 5.783e-46 7.267e-45
1.259e-11 1.247e+22 3.166e+00 3.171e-57 2.086e-45 2.621e-44
1.413e-11 3.361e+22 1.074e+01 1.076e-56 7.079e-45 8.896e-44
1.585e-11 8.568e+22 3.448e+01 3.454e-56 2.272e-44 2.855e-43
1.778e-11 2.076e+23 1.052e+02 1.054e-55 6.931e-44 8.710e-43
1.995e-11 4.801e+23 3.062e+02 3.068e-55 2.018e-43 2.536e-42
2.239e-11 1.064e+24 8.542e+02 8.557e-55 5.629e-43 7.074e-42
2.512e-11 2.266e+24 2.291e+03 2.295e-54 1.510e-42 1.897e-41
2.818e-11 4.657e+24 5.927e+03 5.937e-54 3.905e-42 4.908e-41
3.162e-11 9.256e+24 1.483e+04 1.486e-53 9.772e-42 1.228e-40
3.548e-11 1.784e+25 3.599e+04 3.605e-53 2.371e-41 2.980e-40
3.981e-11 3.343e+25 8.489e+04 8.504e-53 5.594e-41 7.030e-40
4.467e-11 6.103e+25 1.951e+05 1.954e-52 1.286e-40 1.615e-39
5.012e-11 1.087e+26 4.376e+05 4.383e-52 2.883e-40 3.623e-39
5.623e-11 1.894e+26 9.597e+05 9.613e-52 6.324e-40 7.947e-39
6.310e-11 3.232e+26 2.061e+06 2.065e-51 1.358e-39 1.707e-38
7.079e-11 5.408e+26 4.343e+06 4.350e-51 2.862e-39 3.596e-38
7.943e-11 8.889e+26 8.986e+06 9.001e-51 5.921e-39 7.441e-38
8.913e-11 1.437e+27 1.829e+07 1.832e-50 1.205e-38 1.514e-37
1.000e-10 2.286e+27 3.663e+07 3.669e-50 2.414e-38 3.033e-37
1.122e-10 3.586e+27 7.233e+07 7.245e-50 4.766e-38 5.989e-37
1.259e-10 5.548e+27 1.409e+08 1.411e-49 9.284e-38 1.167e-36
1.413e-10 8.476e+27 2.710e+08 2.714e-49 1.785e-37 2.244e-36
1.585e-10 1.280e+28 5.150e+08 5.158e-49 3.393e-37 4.264e-36
1.778e-10 1.910e+28 9.680e+08 9.696e-49 6.378e-37 8.015e-36
1.995e-10 2.823e+28 1.801e+09 1.804e-48 1.187e-36 1.491e-35
2.239e-10 4.131e+28 3.317e+09 3.323e-48 2.186e-36 2.747e-35
2.512e-10 5.990e+28 6.055e+09 6.065e-48 3.990e-36 5.014e-35
2.818e-10 8.611e+28 1.096e+10 1.098e-47 7.222e-36 9.075e-35
3.162e-10 1.228e+29 1.968e+10 1.971e-47 1.297e-35 1.629e-34
3.548e-10 1.738e+29 3.506e+10 3.512e-47 2.311e-35 2.904e-34
3.981e-10 2.443e+29 6.204e+10 6.215e-47 4.088e-35 5.138e-34
4.467e-10 3.411e+29 1.091e+11 1.092e-46 7.186e-35 9.031e-34
5.012e-10 4.733e+29 1.905e+11 1.908e-46 1.255e-34 1.577e-33
5.623e-10 6.529e+29 3.308e+11 3.314e-46 2.180e-34 2.739e-33
6.310e-10 8.956e+29 5.713e+11 5.722e-46 3.764e-34 4.730e-33
7.079e-10 1.222e+30 9.814e+11 9.831e-46 6.467e-34 8.127e-33
7.943e-10 1.660e+30 1.678e+12 1.681e-45 1.106e-33 1.389e-32
8.913e-10 2.244e+30 2.855e+12 2.860e-45 1.882e-33 2.365e-32
1.000e-09 3.020e+30 4.838e+12 4.847e-45 3.188e-33 4.007e-32
1.122e-09 4.048e+30 8.165e+12 8.179e-45 5.380e-33 6.761e-32
1.259e-09 5.406e+30 1.373e+13 1.375e-44 9.045e-33 1.137e-31
1.413e-09 7.192e+30 2.299e+13 2.303e-44 1.515e-32 1.904e-31
1.585e-09 9.537e+30 3.838e+13 3.845e-44 2.529e-32 3.178e-31
1.778e-09 1.261e+31 6.387e+13 6.398e-44 4.209e-32 5.289e-31
1.995e-09 1.661e+31 1.060e+14 1.061e-43 6.983e-32 8.775e-31
2.239e-09 2.183e+31 1.753e+14 1.756e-43 1.155e-31 1.452e-30
2.512e-09 2.861e+31 2.893e+14 2.897e-43 1.906e-31 2.395e-30
2.818e-09 3.741e+31 4.761e+14 4.769e-43 3.137e-31 3.942e-30
3.162e-09 4.879e+31 7.817e+14 7.830e-43 5.151e-31 6.473e-30
3.548e-09 6.349e+31 1.281e+15 1.283e-42 8.439e-31 1.060e-29
3.981e-09 8.246e+31 2.094e+15 2.097e-42 1.380e-30 1.734e-29
4.467e-09 1.069e+32 3.416e+15 3.422e-42 2.251e-30 2.829e-29
5.012e-09 1.383e+32 5.564e+15 5.574e-42 3.667e-30 4.608e-29
5.623e-09 1.786e+32 9.047e+15 9.062e-42 5.961e-30 7.491e-29
6.310e-09 2.302e+32 1.468e+16 1.471e-41 9.677e-30 1.216e-28
7.079e-09 2.964e+32 2.380e+16 2.384e-41 1.568e-29 1.971e-28
7.943e-09 3.810e+32 3.852e+16 3.858e-41 2.538e-29 3.189e-28
8.913e-09 4.891e+32 6.225e+16 6.235e-41 4.102e-29 5.155e-28
1.000e-08 6.271e+32 1.005e+17 1.006e-40 6.621e-29 8.320e-28
1.122e-08 8.030e+32 1.620e+17 1.622e-40 1.067e-28 1.341e-27
1.259e-08 1.027e+33 2.608e+17 2.613e-40 1.719e-28 2.160e-27
1.413e-08 1.312e+33 4.195e+17 4.202e-40 2.764e-28 3.474e-27
1.585e-08 1.675e+33 6.741e+17 6.752e-40 4.442e-28 5.582e-27
1.778e-08 2.136e+33 1.082e+18 1.084e-39 7.131e-28 8.961e-27
1.995e-08 2.721e+33 1.736e+18 1.739e-39 1.144e-27 1.437e-26
2.239e-08 3.464e+33 2.781e+18 2.786e-39 1.833e-27 2.303e-26
2.512e-08 4.405e+33 4.453e+18 4.461e-39 2.934e-27 3.687e-26
2.818e-08 5.598e+33 7.124e+18 7.136e-39 4.694e-27 5.899e-26
3.162e-08 7.108e+33 1.139e+19 1.141e-38 7.505e-27 9.431e-26
3.548e-08 9.020e+33 1.819e+19 1.822e-38 1.199e-26 1.507e-25
3.981e-08 1.144e+34 2.905e+19 2.909e-38 1.914e-26 2.405e-25
4.467e-08 1.450e+34 4.634e+19 4.642e-38 3.053e-26 3.837e-25
5.012e-08 1.836e+34 7.388e+19 7.400e-38 4.868e-26 6.118e-25
5.623e-08 2.323e+34 1.177e+20 1.179e-37 7.757e-26 9.748e-25
6.310e-08 2.939e+34 1.875e+20 1.878e-37 1.235e-25 1.552e-24
7.079e-08 3.718e+34 2.986e+20 2.991e-37 1.967e-25 2.472e-24
7.943e-08 4.704e+34 4.755e+20 4.763e-37 3.134e-25 3.938e-24
8.913e-08 5.955e+34 7.579e+20 7.592e-37 4.994e-25 6.276e-24
1.000e-07 7.545e+34 1.209e+21 1.211e-36 7.966e-25 1.001e-23
1.122e-07 9.569e+34 1.930e+21 1.933e-36 1.272e-24 1.598e-23
1.259e-07 1.215e+35 3.084e+21 3.090e-36 2.032e-24 2.554e-23
1.413e-07 1.543e+35 4.933e+21 4.941e-36 3.251e-24 4.085e-23
1.585e-07 1.962e+35 7.894e+21 7.908e-36 5.202e-24 6.537e-23
1.778e-07 2.494e+35 1.264e+22 1.266e-35 8.327e-24 1.046e-22
1.995e-07 3.171e+35 2.023e+22 2.026e-35 1.333e-23 1.675e-22
2.239e-07 4.031e+35 3.237e+22 3.243e-35 2.133e-23 2.681e-22
2.512e-07 5.122e+35 5.178e+22 5.186e-35 3.412e-23 4.287e-22
2.818e-07 6.501e+35 8.274e+22 8.288e-35 5.452e-23 6.851e-22
3.162e-07 8.244e+35 1.321e+23 1.323e-34 8.704e-23 1.094e-21
3.548e-07 1.044e+36 2.106e+23 2.110e-34 1.388e-22 1.744e-21
3.981e-07 1.321e+36 3.353e+23 3.359e-34 2.210e-22 2.777e-21
4.467e-07 1.668e+36 5.333e+23 5.342e-34 3.514e-22 4.416e-21
5.012e-07 2.105e+36 8.472e+23 8.487e-34 5.583e-22 7.016e-21
5.623e-07 2.654e+36 1.345e+24 1.347e-33 8.862e-22 1.114e-20
6.310e-07 3.345e+36 2.134e+24 2.137e-33 1.406e-21 1.767e-20
7.079e-07 4.214e+36 3.383e+24 3.389e-33 2.230e-21 2.802e-20
7.943e-07 5.306e+36 5.364e+24 5.373e-33 3.535e-21 4.442e-20
8.913e-07 6.681e+36 8.503e+24 8.517e-33 5.603e-21 7.041e-20
1.000e-06 8.411e+36 1.348e+25 1.350e-32 8.880e-21 1.116e-19
1.122e-06 1.058e+37 2.135e+25 2.138e-32 1.407e-20 1.768e-19
1.259e-06 1.331e+37 3.380e+25 3.386e-32 2.228e-20 2.799e-19
1.413e-06 1.673e+37 5.349e+25 5.358e-32 3.524e-20 4.429e-19
1.585e-06 2.103e+37 8.464e+25 8.478e-32 5.577e-20 7.009e-19
1.778e-06 2.646e+37 1.340e+26 1.343e-31 8.833e-20 1.110e-18
1.995e-06 3.330e+37 2.124e+26 2.128e-31 1.400e-19 1.759e-18
2.239e-06 4.192e+37 3.366e+26 3.372e-31 2.218e-19 2.788e-18
2.512e-06 5.271e+37 5.329e+26 5.338e-31 3.511e-19 4.413e-18
2.818e-06 6.614e+37 8.417e+26 8.432e-31 5.547e-19 6.970e-18
3.162e-06 8.272e+37 1.325e+27 1.328e-30 8.734e-19 1.097e-17
3.548e-06 1.030e+38 2.078e+27 2.082e-30 1.370e-18 1.721e-17
3.981e-06 1.278e+38 3.245e+27 3.250e-30 2.138e-18 2.687e-17
4.467e-06 1.577e+38 5.041e+27 5.049e-30 3.322e-18 4.174e-17
5.012e-06 1.936e+38 7.790e+27 7.803e-30 5.133e-18 6.451e-17
5.623e-06 2.363e+38 1.197e+28 1.199e-29 7.890e-18 9.915e-17
6.310e-06 2.869e+38 1.830e+28 1.833e-29 1.206e-17 1.515e-16
7.079e-06 3.462e+38 2.780e+28 2.785e-29 1.832e-17 2.302e-16
7.943e-06 4.155e+38 4.201e+28 4.208e-29 2.768e-17 3.478e-16
8.913e-06 4.957e+38 6.309e+28 6.320e-29 4.157e-17 5.224e-16
1.000e-05 5.879e+38 9.419e+28 9.435e-29 6.207e-17 7.800e-16
1.122e-05 6.928e+38 1.397e+29 1.400e-28 9.208e-17 1.157e-15
1.259e-05 8.100e+38 2.057e+29 2.060e-28 1.355e-16 1.703e-15
1.413e-05 9.388e+38 3.001e+29 3.006e-28 1.978e-16 2.485e-15
1.585e-05 1.078e+39 4.339e+29 4.346e-28 2.859e-16 3.593e-15
1.778e-05 1.225e+39 6.208e+29 6.219e-28 4.091e-16 5.141e-15
1.995e-05 1.378e+39 8.789e+29 8.804e-28 5.791e-16 7.278e-15
2.239e-05 1.532e+39 1.231e+30 1.233e-27 8.109e-16 1.019e-14
2.512e-05 1.686e+39 1.704e+30 1.707e-27 1.123e-15 1.411e-14
2.818e-05 1.834e+39 2.334e+30 2.338e-27 1.538e-15 1.933e-14
3.162e-05 1.974e+39 3.163e+30 3.168e-27 2.084e-15 2.619e-14
3.548e-05 2.103e+39 4.241e+30 4.248e-27 2.795e-15 3.512e-14
3.981e-05 2.216e+39 5.628e+30 5.637e-27 3.709e-15 4.660e-14
4.467e-05 2.313e+39 7.394e+30 7.406e-27 4.872e-15 6.122e-14
5.012e-05 2.390e+39 9.617e+30 9.633e-27 6.337e-15 7.964e-14
5.623e-05 2.445e+39 1.239e+31 1.241e-26 8.163e-15 1.026e-13
6.310e-05 2.478e+39 1.580e+31 1.583e-26 1.041e-14 1.309e-13
7.079e-05 2.481e+39 1.992e+31 1.996e-26 1.313e-14 1.650e-13
7.943e-05 2.452e+39 2.479e+31 2.483e-26 1.634e-14 2.053e-13
8.913e-05 2.401e+39 3.055e+31 3.060e-26 2.013e-14 2.530e-13
1.000e-04 2.327e+39 3.729e+31 3.735e-26 2.457e-14 3.088e-13
1.122e-04 2.234e+39 4.506e+31 4.514e-26 2.969e-14 3.731e-13
1.259e-04 2.123e+39 5.391e+31 5.400e-26 3.552e-14 4.464e-13
1.413e-04 1.997e+39 6.383e+31 6.394e-26 4.206e-14 5.286e-13
1.585e-04 1.858e+39 7.479e+31 7.492e-26 4.928e-14 6.193e-13
1.778e-04 1.711e+39 8.670e+31 8.684e-26 5.713e-14 7.179e-13
1.995e-04 1.559e+39 9.941e+31 9.958e-26 6.551e-14 8.232e-13
2.239e-04 1.404e+39 1.127e+32 1.129e-25 7.429e-14 9.335e-13
2.512e-04 1.251e+39 1.265e+32 1.267e-25 8.333e-14 1.047e-12
2.818e-04 1.102e+39 1.403e+32 1.405e-25 9.246e-14 1.162e-12
3.162e-04 9.617e+38 1.541e+32 1.543e-25 1.015e-13 1.276e-12
3.548e-04 8.310e+38 1.676e+32 1.679e-25 1.105e-13 1.388e-12
3.981e-04 7.118e+38 1.807e+32 1.811e-25 1.191e-13 1.497e-12
4.467e-04 6.047e+38 1.933e+32 1.937e-25 1.274e-13 1.601e-12
5.012e-04 5.104e+38 2.054e+32 2.058e-25 1.354e-13 1.701e-12
5.623e-04 4.283e+38 2.170e+32 2.174e-25 1.430e-13 1.797e-12
6.310e-04 3.572e+38 2.278e+32 2.282e-25 1.501e-13 1.887e-12
7.079e-04 2.963e+38 2.379e+32 2.383e-25 1.568e-13 1.970e-12
7.943e-04 2.443e+38 2.470e+32 2.474e-25 1.627e-13 2.045e-12
8.913e-04 2.003e+38 2.549e+32 2.553e-25 1.680e-13 2.111e-12
1.000e-03 1.633e+38 2.616e+32 2.621e-25 1.724e-13 2.167e-12
1.122e-03 1.325e+38 2.672e+32 2.676e-25 1.761e-13 2.212e-12
1.259e-03 1.069e+38 2.715e+32 2.719e-25 1.789e-13 2.248e-12
1.413e-03 8.588e+37 2.745e+32 2.750e-25 1.809e-13 2.273e-12
1.585e-03 6.871e+37 2.765e+32 2.770e-25 1.822e-13 2.290e-12
1.778e-03 5.479e+37 2.776e+32 2.780e-25 1.829e-13 2.299e-12
1.995e-03 4.358e+37 2.780e+32 2.785e-25 1.832e-13 2.302e-12
2.239e-03 3.463e+37 2.780e+32 2.785e-25 1.832e-13 2.302e-12
2.512e-03 2.751e+37 2.781e+32 2.785e-25 1.832e-13 2.303e-12
2.818e-03 2.186e+37 2.782e+32 2.787e-25 1.833e-13 2.304e-12
3.162e-03 1.739e+37 2.786e+32 2.791e-25 1.836e-13 2.307e-12
3.548e-03 1.384e+37 2.791e+32 2.796e-25 1.839e-13 2.311e-12
3.981e-03 1.100e+37 2.794e+32 2.799e-25 1.841e-13 2.314e-12
4.467e-03 8.744e+36 2.795e+32 2.800e-25 1.842e-13 2.315e-12
5.012e-03 6.947e+36 2.796e+32 2.800e-25 1.842e-13 2.315e-12
5.623e-03 5.517e+36 2.795e+32 2.800e-25 1.842e-13 2.315e-12
6.310e-03 4.381e+36 2.795e+32 2.799e-25 1.841e-13 2.314e-12
7.079e-03 3.478e+36 2.793e+32 2.798e-25 1.840e-13 2.313e-12
7.943e-03 2.760e+36 2.790e+32 2.795e-25 1.839e-13 2.311e-12
8.913e-03 2.189e+36 2.786e+32 2.791e-25 1.836e-13 2.307e-12
1.000e-02 1.735e+36 2.780e+32 2.785e-25 1.832e-13 2.302e-12
1.122e-02 1.374e+36 2.771e+32 2.776e-25 1.826e-13 2.295e-12
1.259e-02 1.087e+36 2.759e+32 2.764e-25 1.818e-13 2.285e-12
1.413e-02 8.581e+35 2.743e+32 2.748e-25 1.808e-13 2.272e-12
1.585e-02 6.768e+35 2.724e+32 2.729e-25 1.795e-13 2.256e-12
1.778e-02 5.333e+35 2.702e+32 2.706e-25 1.780e-13 2.237e-12
1.995e-02 4.198e+35 2.678e+32 2.682e-25 1.765e-13 2.217e-12
2.239e-02 3.303e+35 2.652e+32 2.657e-25 1.748e-13 2.196e-12
2.512e-02 2.598e+35 2.626e+32 2.630e-25 1.730e-13 2.174e-12
2.818e-02 2.043e+35 2.600e+32 2.604e-25 1.713e-13 2.153e-12
3.162e-02 1.607e+35 2.575e+32 2.579e-25 1.697e-13 2.132e-12
3.548e-02 1.265e+35 2.551e+32 2.555e-25 1.681e-13 2.112e-12
3.981e-02 9.962e+34 2.530e+32 2.534e-25 1.667e-13 2.095e-12
4.467e-02 7.854e+34 2.511e+32 2.515e-25 1.654e-13 2.079e-12
5.012e-02 6.198e+34 2.494e+32 2.499e-25 1.644e-13 2.066e-12
5.623e-02 4.895e+34 2.480e+32 2.484e-25 1.634e-13 2.054e-12
6.310e-02 3.869e+34 2.468e+32 2.472e-25 1.626e-13 2.043e-12
7.079e-02 3.059e+34 2.456e+32 2.460e-25 1.618e-13 2.034e-12
7.943e-02 2.418e+34 2.444e+32 2.448e-25 1.611e-13 2.024e-12
8.913e-02 1.910e+34 2.431e+32 2.435e-25 1.602e-13 2.013e-12
1.000e-01 1.509e+34 2.417e+32 2.421e-25 1.593e-13 2.002e-12
1.122e-01 1.191e+34 2.402e+32 2.406e-25 1.583e-13 1.989e-12
1.259e-01 9.390e+33 2.384e+32 2.389e-25 1.571e-13 1.975e-12
1.413e-01 7.401e+33 2.366e+32 2.370e-25 1.559e-13 1.959e-12
1.585e-01 5.829e+33 2.346e+32 2.350e-25 1.546e-13 1.943e-12
1.778e-01 4.587e+33 2.324e+32 2.328e-25 1.532e-13 1.925e-12
1.995e-01 3.607e+33 2.301e+32 2.305e-25 1.516e-13 1.905e-12
2.239e-01 2.835e+33 2.276e+32 2.280e-25 1.500e-13 1.885e-12
2.512e-01 2.225e+33 2.250e+32 2.253e-25 1.482e-13 1.863e-12
2.818e-01 1.745e+33 2.221e+32 2.225e-25 1.464e-13 1.839e-12
3.162e-01 1.368e+33 2.191e+32 2.195e-25 1.444e-13 1.815e-12
3.548e-01 1.071e+33 2.160e+32 2.163e-25 1.423e-13 1.788e-12
3.981e-01 8.372e+32 2.126e+32 2.130e-25 1.401e-13 1.760e-12
4.467e-01 6.539e+32 2.090e+32 2.094e-25 1.378e-13 1.731e-12
5.012e-01 5.102e+32 2.053e+32 2.057e-25 1.353e-13 1.700e-12
5.623e-01 3.975e+32 2.014e+32 2.017e-25 1.327e-13 1.668e-12
6.310e-01 3.093e+32 1.973e+32 1.976e-25 1.300e-13 1.634e-12
7.079e-01 2.403e+32 1.930e+32 1.933e-25 1.272e-13 1.598e-12
7.943e-01 1.864e+32 1.885e+32 1.888e-25 1.242e-13 1.561e-12
8.913e-01 1.444e+32 1.838e+32 1.841e-25 1.211e-13 1.522e-12
1.000e+00 1.116e+32 1.789e+32 1.792e-25 1.179e-13 1.481e-12
1.122e+00 8.617e+31 1.738e+32 1.741e-25 1.145e-13 1.439e-12
1.259e+00 6.637e+31 1.685e+32 1.688e-25 1.111e-13 1.396e-12
1.413e+00 5.102e+31 1.631e+32 1.634e-25 1.075e-13 1.351e-12
1.585e+00 3.913e+31 1.575e+32 1.578e-25 1.038e-13 1.304e-12
1.778e+00 2.995e+31 1.517e+32 1.520e-25 9.998e-14 1.256e-12
1.995e+00 2.286e+31 1.458e+32 1.460e-25 9.608e-14 1.207e-12
2.239e+00 1.740e+31 1.397e+32 1.400e-25 9.208e-14 1.157e-12
2.512e+00 1.321e+31 1.336e+32 1.338e-25 8.801e-14 1.106e-12
2.818e+00 1.000e+31 1.273e+32 1.275e-25 8.387e-14 1.054e-12
3.162e+00 7.546e+30 1.209e+32 1.211e-25 7.967e-14 1.001e-12
3.548e+00 5.675e+30 1.145e+32 1.147e-25 7.542e-14 9.478e-13
3.981e+00 4.252e+30 1.080e+32 1.082e-25 7.115e-14 8.941e-13
4.467e+00 3.174e+30 1.015e+32 1.016e-25 6.687e-14 8.403e-13
5.012e+00 2.360e+30 9.498e+31 9.514e-26 6.259e-14 7.865e-13
5.623e+00 1.747e+30 8.852e+31 8.867e-26 5.833e-14 7.330e-13
6.310e+00 1.288e+30 8.213e+31 8.227e-26 5.412e-14 6.801e-13
7.079e+00 9.443e+29 7.583e+31 7.596e-26 4.997e-14 6.279e-13
7.943e+00 6.890e+29 6.965e+31 6.977e-26 4.590e-14 5.768e-13
8.913e+00 5.000e+29 6.363e+31 6.374e-26 4.193e-14 5.269e-13
1.000e+01 3.607e+29 5.779e+31 5.789e-26 3.808e-14 4.786e-13
1.122e+01 2.586e+29 5.217e+31 5.226e-26 3.438e-14 4.320e-13
1.259e+01 1.842e+29 4.678e+31 4.686e-26 3.083e-14 3.874e-13
1.413e+01 1.303e+29 4.166e+31 4.173e-26 2.745e-14 3.450e-13
1.585e+01 9.149e+28 3.682e+31 3.688e-26 2.426e-14 3.049e-13
1.778e+01 6.373e+28 3.229e+31 3.234e-26 2.128e-14 2.674e-13
1.995e+01 4.402e+28 2.807e+31 2.812e-26 1.850e-14 2.325e-13
2.239e+01 3.013e+28 2.419e+31 2.423e-26 1.594e-14 2.003e-13
2.512e+01 2.042e+28 2.065e+31 2.068e-26 1.361e-14 1.710e-13
2.818e+01 1.370e+28 1.744e+31 1.747e-26 1.149e-14 1.444e-13
3.162e+01 9.095e+27 1.457e+31 1.460e-26 9.602e-15 1.207e-13
3.548e+01 5.966e+27 1.203e+31 1.205e-26 7.929e-15 9.964e-14
3.981e+01 3.864e+27 9.812e+30 9.829e-27 6.466e-15 8.125e-14
4.467e+01 2.470e+27 7.895e+30 7.908e-27 5.203e-15 6.538e-14
5.012e+01 1.556e+27 6.262e+30 6.272e-27 4.126e-15 5.185e-14
5.623e+01 9.652e+26 4.890e+30 4.899e-27 3.223e-15 4.050e-14
6.310e+01 5.890e+26 3.757e+30 3.763e-27 2.475e-15 3.111e-14
7.079e+01 3.530e+26 2.835e+30 2.840e-27 1.868e-15 2.348e-14
7.943e+01 2.076e+26 2.099e+30 2.102e-27 1.383e-15 1.738e-14
8.913e+01 1.196e+26 1.522e+30 1.525e-27 1.003e-15 1.261e-14
1.000e+02 6.740e+25 1.080e+30 1.082e-27 7.116e-16 8.942e-15
1.122e+02 3.708e+25 7.479e+29 7.492e-28 4.928e-16 6.193e-15
1.259e+02 1.988e+25 5.048e+29 5.057e-28 3.326e-16 4.180e-15
1.413e+02 1.036e+25 3.313e+29 3.319e-28 2.183e-16 2.744e-15
1.585e+02 5.243e+24 2.110e+29 2.113e-28 1.390e-16 1.747e-15
1.778e+02 2.566e+24 1.300e+29 1.302e-28 8.568e-17 1.077e-15
1.995e+02 1.212e+24 7.732e+28 7.745e-29 5.095e-17 6.403e-16
2.239e+02 5.509e+23 4.423e+28 4.431e-29 2.915e-17 3.663e-16
2.512e+02 2.400e+23 2.426e+28 2.430e-29 1.599e-17 2.009e-16
2.818e+02 9.986e+22 1.271e+28 1.273e-29 8.375e-18 1.052e-16
3.162e+02 3.952e+22 6.332e+27 6.342e-30 4.172e-18 5.243e-17
3.548e+02 1.480e+22 2.986e+27 2.991e-30 1.968e-18 2.473e-17
3.981e+02 5.223e+21 1.326e+27 1.328e-30 8.739e-19 1.098e-17
4.467e+02 1.725e+21 5.514e+26 5.524e-31 3.634e-19 4.566e-18
5.012e+02 5.300e+20 2.133e+26 2.137e-31 1.406e-19 1.766e-18
5.623e+02 1.504e+20 7.619e+25 7.632e-32 5.021e-20 6.309e-19
6.310e+02 3.909e+19 2.494e+25 2.498e-32 1.643e-20 2.065e-19
7.079e+02 9.228e+18 7.410e+24 7.422e-33 4.883e-21 6.136e-20
7.943e+02 1.958e+18 1.979e+24 1.982e-33 1.304e-21 1.639e-20
8.913e+02 3.691e+17 4.698e+23 4.706e-34 3.096e-22 3.890e-21
1.000e+03 6.109e+16 9.787e+22 9.804e-35 6.449e-23 8.104e-22
1.122e+03 8.746e+15 1.764e+22 1.767e-35 1.162e-23 1.461e-22
1.259e+03 1.066e+15 2.708e+21 2.712e-36 1.784e-24 2.242e-23
1.413e+03 1.087e+14 3.476e+20 3.482e-37 2.291e-25 2.879e-24
1.585e+03 9.087e+12 3.657e+19 3.663e-38 2.410e-26 3.028e-25
1.778e+03 6.081e+11 3.081e+18 3.086e-39 2.030e-27 2.551e-26
1.995e+03 3.174e+10 2.024e+17 2.028e-40 1.334e-28 1.676e-27
2.239e+03 1.254e+09 1.007e+16 1.009e-41 6.634e-30 8.337e-29
2.512e+03 3.624e+07 3.664e+14 3.670e-43 2.414e-31 3.034e-30
2.818e+03 7.385e+05 9.399e+12 9.415e-45 6.194e-33 7.783e-32
3.162e+03 1.020e+04 1.633e+11 1.636e-46 1.076e-34 1.353e-33
3.548e+03 9.165e+01 1.849e+09 1.852e-48 1.218e-36 1.531e-35
3.981e+03 5.171e-01 1.313e+07 1.315e-50 8.653e-39 1.087e-37
4.467e+03 1.768e-03 5.652e+04 5.662e-53 3.724e-41 4.680e-40
5.012e+03 3.508e-06 1.412e+02 1.414e-55 9.302e-44 1.169e-42
5.623e+03 3.774e-09 1.912e-01 1.915e-58 1.260e-46 1.583e-45
6.310e+03 1.994e-12 1.272e-04 1.274e-61 8.382e-50 1.053e-48
7.079e+03 4.583e-16 3.680e-08 3.687e-65 2.425e-53 3.048e-52
7.943e+03 4.022e-20 4.066e-12 4.073e-69 2.679e-57 3.367e-56
8.913e+03 1.174e-24 1.494e-16 1.497e-73 9.846e-62 1.237e-60
1.000e+04 0.000e+00 0.000e+00 0.000e+00 0.000e+00 0.000e+00
1.122e+04 0.000e+00 0.000e+00 0.000e+00 0.000e+00 0.000e+00
1.259e+04 0.000e+00 0.000e+00 0.000e+00 0.000e+00 0.000e+00
1.413e+04 0.000e+00 0.000e+00 0.000e+00 0.000e+00 0.000e+00
1.585e+04 0.000e+00 0.000e+00 0.000e+00 0.000e+00 0.000e+00
1.778e+04 0.000e+00 0.000e+00 0.000e+00 0.000e+00 0.000e+00
1.995e+04 0.000e+00 0.000e+00 0.000e+00 0.000e+00 0.000e+00
2.239e+04 0.000e+00 0.000e+00 0.000e+00 0.000e+00 0.000e+00
2.512e+04 0.000e+00 0.000e+00 0.000e+00 0.000e+00 0.000e+00
2.818e+04 0.000e+00 0.000e+00 0.000e+00 0.000e+00 0.000e+00
3.162e+04 0.000e+00 0.000e+00 0.000e+00 0.000e+00 0.000e+00
3.548e+04 0.000e+00 0.000e+00 0.000e+00 0.000e+00 0.000e+00
3.981e+04 0.000e+00 0.000e+00 0.000e+00 0.000e+00 0.000e+00
4.467e+04 0.000e+00 0.000e+00 0.000e+00 0.000e+00 0.000e+00
5.012e+04 0.000e+00 0.000e+00 0.000e+00 0.000e+00 0.000e+00
5.623e+04 0.000e+00 0.000e+00 0.000e+00 0.000e+00 0.000e+00
6.310e+04 0.000e+00 0.000e+00 0.000e+00 0.000e+00 0.000e+00
7.079e+04 0.000e+00 0.000e+00 0.000e+00 0.000e+00 0.000e+00
7.943e+04 0.000e+00 0.000e+00 0.000e+00 0.000e+00 0.000e+00
8.913e+04 0.000e+00 0.000e+00 0.000e+00 0.000e+00 0.000e+00
1.000e+05 0.000e+00 0.000e+00 0.000e+00 0.000e+00 0.000e+00
1.122e+05 0.000e+00 0.000e+00 0.000e+00 0.000e+00 0.000e+00
1.259e+05 0.000e+00 0.000e+00 0.000e+00 0.000e+00 0.000e+00
1.413e+05 0.000e+00 0.000e+00 0.000e+00 0.000e+00 0.000e+00
1.585e+05 0.000e+00 0.000e+00 0.000e+00 0.000e+00 0.000e+00
1.778e+05 0.000e+00 0.000e+00 0.000e+00 0.000e+00 0.000e+00
1.995e+05 0.000e+00 0.000e+00 0.000e+00 0.000e+00 0.000e+00
2.239e+05 0.000e+00 0.000e+00 0.000e+00 0.000e+00 0.000e+00
2.512e+05 0.000e+00 0.000e+00 0.000e+00 0.000e+00 0.000e+00
2.818e+05 0.000e+00 0.000e+00 0.000e+00 0.000e+00 0.000e+00
3.162e+05 0.000e+00 0.000e+00 0.000e+00 0.000e+00 0.000e+00
3.548e+05 0.000e+00 0.000e+00 0.000e+00 0.000e+00 0.000e+00
3.981e+05 0.000e+00 0.000e+00 0.000e+00 0.000e+00 0.000e+00
4.467e+05 0.000e+00 0.000e+00 0.000e+00 0.000e+00 0.000e+00
5.012e+05 0.000e+00 0.000e+00 0.000e+00 0.000e+00 0.000e+00
5.623e+05 0.000e+00 0.000e+00 0.000e+00 0.000e+00 0.000e+00
6.310e+05 0.000e+00 0.000e+00 0.000e+00 0.000e+00 0.000e+00
7.079e+05 0.000e+00 0.000e+00 0.000e+00 0.000e+00 0.000e+00
7.943e+05 0.000e+00 0.000e+00 0.000e+00 0.000e+00 0.000e+00
8.913e+05 0.000e+00 0.000e+00 0.000e+00 0.000e+00 0.000e+00
1.000e+06 0.000e+00 0.000e+00 0.000e+00 0.000e+00 0.000e+00
1.122e+06 0.000e+00 0.000e+00 0.000e+00 0.000e+00 0.000e+00
1.259e+06 0.000e+00 0.000e+00 0.000e+00 0.000e+00 0.000e+00
1.413e+06 0.000e+00 0.000e+00 0.000e+00 0.000e+00 0.000e+00
1.585e+06 0.000e+00 0.000e+00 0.000e+00 0.000e+00 0.000e+00
1.778e+06 0.000e+00 0.000e+00 0.000e+00 0.000e+00 0.000e+00
1.995e+06 0.000e+00 0.000e+00 0.000e+00 0.000e+00 0.000e+00
2.239e+06 0.000e+00 0.000e+00 0.000e+00 0.000e+00 0.000e+00
2.512e+06 0.000e+00 0.000e+00 0.000e+00 0.000e+00 0.000e+00
2.818e+06 0.000e+00 0.000e+00 0.000e+00 0.000e+00 0.000e+00
3.162e+06 0.000e+00 0.000e+00 0.000e+00 0.000e+00 0.000e+00
3.548e+06 0.000e+00 0.000e+00 0.000e+00 0.000e+00 0.000e+00
3.981e+06 0.000e+00 0.000e+00 0.000e+00 0.000e+00 0.000e+00
4.467e+06 0.000e+00 0.000e+00 0.000e+00 0.000e+00 0.000e+00
5.012e+06 0.000e+00 0.000e+00 0.000e+00 0.000e+00 0.000e+00
5.623e+06 0.000e+00 0.000e+00 0.000e+00 0.000e+00 0.000e+00
6.310e+06 0.000e+00 0.000e+00 0.000e+00 0.000e+00 0.000e+00
7.079e+06 0.000e+00 0.000e+00 0.000e+00 0.000e+00 0.000e+00
7.943e+06 0.000e+00 0.000e+00 0.000e+00 0.000e+00 0.000e+00
8.913e+06 0.000e+00 0.000e+00 0.000e+00 0.000e+00 0.000e+00
1.000e+07 0.000e+00 0.000e+00 0.000e+00 0.000e+00 0.000e+00
1.122e+07 0.000e+00 0.000e+00 0.000e+00 0.000e+00 0.000e+00
1.259e+07 0.000e+00 0.000e+00 0.000e+00 0.000e+00 0.000e+00
1.413e+07 0.000e+00 0.000e+00 0.000e+00 0.000e+00 0.000e+00
1.585e+07 0.000e+00 0.000e+00 0.000e+00 0.000e+00 0.000e+00
1.778e+07 0.000e+00 0.000e+00 0.000e+00 0.000e+00 0.000e+00
1.995e+07 0.000e+00 0.000e+00 0.000e+00 0.000e+00 0.000e+00
2.239e+07 0.000e+00 0.000e+00 0.000e+00 0.000e+00 0.000e+00
2.512e+07 0.000e+00 0.000e+00 0.000e+00 0.000e+00 0.000e+00
2.818e+07 0.000e+00 0.000e+00 0.000e+00 0.000e+00 0.000e+00
3.162e+07 0.000e+00 0.000e+00 0.000e+00 0.000e+00 0.000e+00
3.548e+07 0.000e+00 0.000e+00 0.000e+00 0.000e+00 0.000e+00
3.981e+07 0.000e+00 0.000e+00 0.000e+00 0.000e+00 0.000e+00
4.467e+07 0.000e+00 0.000e+00 0.000e+00 0.000e+00 0.000e+00
5.012e+07 0.000e+00 0.000e+00 0.000e+00 0.000e+00 0.000e+00
5.623e+07 0.000e+00 0.000e+00 0.000e+00 0.000e+00 0.000e+00
6.310e+07 0.000e+00 0.000e+00 0.000e+00 0.000e+00 0.000e+00
7.079e+07 0.000e+00 0.000e+00 0.000e+00 0.000e+00 0.000e+00
7.943e+07 0.000e+00 0.000e+00 0.000e+00 0.000e+00 0.000e+00
8.913e+07 0.000e+00 0.000e+00 0.000e+00 0.000e+00 0.000e+00
1.000e+08 0.000e+00 0.000e+00 0.000e+00 0.000e+00 0.000e+00
