1.000e-20 0.000e+00 0.000e+00 0.000e+00 0.000e+00 0.000e+00
1.122e-20 0.000e+00 0.000e+00 0.000e+00 0.000e+00 0.000e+00
1.259e-20 0.000e+00 0.000e+00 0.000e+00 0.000e+00 0.000e+00
1.413e-20 0.000e+00 0.000e+00 0.000e+00 0.000e+00 0.000e+00
1.585e-20 0.000e+00 0.000e+00 0.000e+00 0.000e+00 0.000e+00
1.778e-20 0.000e+00 0.000e+00 0.000e+00 0.000e+00 0.000e+00
1.995e-20 0.000e+00 0.000e+00 0.000e+00 0.000e+00 0.000e+00
2.239e-20 0.000e+00 0.000e+00 0.000e+00 0.000e+00 0.000e+00
2.512e-20 0.000e+00 0.000e+00 0.000e+00 0.000e+00 0.000e+00
2.818e-20 0.000e+00 0.000e+00 0.000e+00 0.000e+00 0.000e+00
3.162e-20 0.000e+00 0.000e+00 0.000e+00 0.000e+00 0.000e+00
3.548e-20 0.000e+00 0.000e+00 0.000e+00 0.000e+00 0.000e+00
3.981e-20 0.000e+00 0.000e+00 0.000e+00 0.000e+00 0.000e+00
4.467e-20 0.000e+00 0.000e+00 0.000e+00 0.000e+00 0.000e+00
5.012e-20 0.000e+00 0.000e+00 0.000e+00 0.000e+00 0.000e+00
5.623e-20 0.000e+00 0.000e+00 0.000e+00 0.000e+00 0.000e+00
6.310e-20 0.000e+00 0.000e+00 0.000e+00 0.000e+00 0.000e+00
7.079e-20 0.000e+00 0.000e+00 0.000e+00 0.000e+00 0.000e+00
7.943e-20 0.000e+00 0.000e+00 0.000e+00 0.000e+00 0.000e+00
8.913e-20 0.000e+00 0.000e+00 0.000e+00 0.000e+00 0.000e+00
1.000e-19 0.000e+00 0.000e+00 0.000e+00 0.000e+00 0.000e+00
1.122e-19 0.000e+00 0.000e+00 0.000e+00 0.000e+00 0.000e+00
1.259e-19 0.000e+00 0.000e+00 0.000e+00 0.000e+00 0.000e+00
1.413e-19 0.000e+00 0.000e+00 0.000e+00 0.000e+00 0.000e+00
1.585e-19 0.000e+00 0.000e+00 0.000e+00 0.000e+00 0.000e+00
1.778e-19 0.000e+00 0.000e+00 0.000e+00 0.000e+00 0.000e+00
1.995e-19 0.000e+00 0.000e+00 0.000e+00 0.000e+00 0.000e+00
2.239e-19 0.000e+00 0.000e+00 0.000e+00 0.000e+00 0.000e+00
2.512e-19 0.000e+00 0.000e+00 0.000e+00 0.000e+00 0.000e+00
2.818e-19 0.000e+00 0.000e+00 0.000e+00 0.000e+00 0.000e+00
3.162e-19 0.000e+00 0.000e+00 0.000e+00 0.000e+00 0.000e+00
3.548e-19 0.000e+00 0.000e+00 0.000e+00 0.000e+00 0.000e+00
3.981e-19 0.000e+00 0.000e+00 0.000e+00 0.000e+00 0.000e+00
4.467e-19 0.000e+00 0.000e+00 0.000e+00 0.000e+00 0.000e+00
5.012e-19 0.000e+00 0.000e+00 0.000e+00 0.000e+00 0.000e+00
5.623e-19 0.000e+00 0.000e+00 0.000e+00 0.000e+00 0.000e+00
6.310e-19 0.000e+00 0.000e+00 0.000e+00 0.000e+00 0.000e+00
7.079e-19 0.000e+00 0.000e+00 0.000e+00 0.000e+00 0.000e+00
7.943e-19 0.000e+00 0.000e+00 0.000e+00 0.000e+00 0.000e+00
8.913e-19 0.000e+00 0.000e+00 0.000e+00 0.000e+00 0.000e+00
1.000e-18 0.000e+00 0.000e+00 0.000e+00 0.000e+00 0.000e+00
1.122e-18 0.000e+00 0.000e+00 0.000e+00 0.000e+00 0.000e+00
1.259e-18 0.000e+00 0.000e+00 0.000e+00 0.000e+00 0.000e+00
1.413e-18 0.000e+00 0.000e+00 0.000e+00 0.000e+00 0.000e+00
1.585e-18 0.000e+00 0.000e+00 0.000e+00 0.000e+00 0.000e+00
1.778e-18 0.000e+00 0.000e+00 0.000e+00 0.000e+00 0.000e+00
1.995e-18 0.000e+00 0.000e+00 0.000e+00 0.000e+00 0.000e+00
2.239e-18 0.000e+00 0.000e+00 0.000e+00 0.000e+00 0.000e+00
2.512e-18 0.000e+00 0.000e+00 0.000e+00 0.000e+00 0.000e+00
2.818e-18 0.000e+00 0.000e+00 0.000e+00 0.000e+00 0.000e+00
3.162e-18 0.000e+00 0.000e+00 0.000e+00 0.000e+00 0.000e+00
3.548e-18 0.000e+00 0.000e+00 0.000e+00 0.000e+00 0.000e+00
3.981e-18 0.000e+00 0.000e+00 0.000e+00 0.000e+00 0.000e+00
4.467e-18 0.000e+00 0.000e+00 0.000e+00 0.000e+00 0.000e+00
5.012e-18 0.000e+00 0.000e+00 0.000e+00 0.000e+00 0.000e+00
5.623e-18 0.000e+00 0.000e+00 0.000e+00 0.000e+00 0.000e+00
6.310e-18 0.000e+00 0.000e+00 0.000e+00 0.000e+00 0.000e+00
7.079e-18 0.000e+00 0.000e+00 0.000e+00 0.000e+00 0.000e+00
7.943e-18 0.000e+00 0.000e+00 0.000e+00 0.000e+00 0.000e+00
8.913e-18 0.000e+00 0.000e+00 0.000e+00 0.000e+00 0.000e+00
1.000e-17 0.000e+00 0.000e+00 0.000e+00 0.000e+00 0.000e+00
1.122e-17 0.000e+00 0.000e+00 0.000e+00 0.000e+00 0.000e+00
1.259e-17 0.000e+00 0.000e+00 0.000e+00 0.000e+00 0.000e+00
1.413e-17 0.000e+00 0.000e+00 0.000e+00 0.000e+00 0.000e+00
1.585e-17 0.000e+00 0.000e+00 0.000e+00 0.000e+00 0.000e+00
1.778e-17 0.000e+00 0.000e+00 0.000e+00 0.000e+00 0.000e+00
1.995e-17 0.000e+00 0.000e+00 0.000e+00 0.000e+00 0.000e+00
2.239e-17 0.000e+00 0.000e+00 0.000e+00 0.000e+00 0.000e+00
2.512e-17 0.000e+00 0.000e+00 0.000e+00 0.000e+00 0.000e+00
2.818e-17 0.000e+00 0.000e+00 0.000e+00 0.000e+00 0.000e+00
3.162e-17 0.000e+00 0.000e+00 0.000e+00 0.000e+00 0.000e+00
3.548e-17 0.000e+00 0.000e+00 0.000e+00 0.000e+00 0.000e+00
3.981e-17 0.000e+00 0.000e+00 0.000e+00 0.000e+00 0.000e+00
4.467e-17 0.000e+00 0.000e+00 0.000e+00 0.000e+00 0.000e+00
5.012e-17 0.000e+00 0.000e+00 0.000e+00 0.000e+00 0.000e+00
5.623e-17 0.000e+00 0.000e+00 0.000e+00 0.000e+00 0.000e+00
6.310e-17 0.000e+00 0.000e+00 0.000e+00 0.000e+00 0.000e+00
7.079e-17 0.000e+00 0.000e+00 0.000e+00 0.000e+00 0.000e+00
7.943e-17 0.000e+00 0.000e+00 0.000e+00 0.000e+00 0.000e+00
8.913e-17 0.000e+00 0.000e+00 0.000e+00 0.000e+00 0.000e+00
1.000e-16 0.000e+00 0.000e+00 0.000e+00 0.000e+00 0.000e+00
1.122e-16 0.000e+00 0.000e+00 0.000e+00 0.000e+00 0.000e+00
1.259e-16 0.000e+00 0.000e+00 0.000e+00 0.000e+00 0.000e+00
1.413e-16 0.000e+00 0.000e+00 0.000e+00 0.000e+00 0.000e+00
1.585e-16 0.000e+00 0.000e+00 0.000e+00 0.000e+00 0.000e+00
1.778e-16 0.000e+00 0.000e+00 0.000e+00 0.000e+00 0.000e+00
1.995e-16 0.000e+00 0.000e+00 0.000e+00 0.000e+00 0.000e+00
2.239e-16 0.000e+00 0.000e+00 0.000e+00 0.000e+00 0.000e+00
2.512e-16 0.000e+00 0.000e+00 0.000e+00 0.000e+00 0.000e+00
2.818e-16 0.000e+00 0.000e+00 0.000e+00 0.000e+00 0.000e+00
3.162e-16 0.000e+00 0.000e+00 0.000e+00 0.000e+00 0.000e+00
3.548e-16 0.000e+00 0.000e+00 0.000e+00 0.000e+00 0.000e+00
3.981e-16 0.000e+00 0.000e+00 0.000e+00 0.000e+00 0.000e+00
4.467e-16 0.000e+00 0.000e+00 0.000e+00 0.000e+00 0.000e+00
5.012e-16 0.000e+00 0.000e+00 0.000e+00 0.000e+00 0.000e+00
5.623e-16 0.000e+00 0.000e+00 0.000e+00 0.000e+00 0.000e+00
6.310e-16 0.000e+00 0.000e+00 0.000e+00 0.000e+00 0.000e+00
7.079e-16 0.000e+00 0.000e+00 0.000e+00 0.000e+00 0.000e+00
7.943e-16 0.000e+00 0.000e+00 0.000e+00 0.000e+00 0.000e+00
8.913e-16 0.000e+00 0.000e+00 0.000e+00 0.000e+00 0.000e+00
1.000e-15 0.000e+00 0.000e+00 0.000e+00 0.000e+00 0.000e+00
1.122e-15 0.000e+00 0.000e+00 0.000e+00 0.000e+00 0.000e+00
1.259e-15 0.000e+00 0.000e+00 0.000e+00 0.000e+00 0.000e+00
1.413e-15 0.000e+00 0.000e+00 0.000e+00 0.000e+00 0.000e+00
1.585e-15 0.000e+00 0.000e+00 0.000e+00 0.000e+00 0.000e+00
1.778e-15 0.000e+00 0.000e+00 0.000e+00 0.000e+00 0.000e+00
1.995e-15 0.000e+00 0.000e+00 0.000e+00 0.000e+00 0.000e+00
2.239e-15 0.000e+00 0.000e+00 0.000e+00 0.000e+00 0.000e+00
2.512e-15 0.000e+00 0.000e+00 0.000e+00 0.000e+00 0.000e+00
2.818e-15 0.000e+00 0.000e+00 0.000e+00 0.000e+00 0.000e+00
3.162e-15 0.000e+00 0.000e+00 0.000e+00 0.000e+00 0.000e+00
3.548e-15 0.000e+00 0.000e+00 0.000e+00 0.000e+00 0.000e+00
3.981e-15 0.000e+00 0.000e+00 0.000e+00 0.000e+00 0.000e+00
4.467e-15 0.000e+00 0.000e+00 0.000e+00 0.000e+00 0.000e+00
5.012e-15 0.000e+00 0.000e+00 0.000e+00 0.000e+00 0.000e+00
5.623e-15 0.000e+00 0.000e+00 0.000e+00 0.000e+00 0.000e+00
6.310e-15 0.000e+00 0.000e+00 0.000e+00 0.000e+00 0.000e+00
7.079e-15 0.000e+00 0.000e+00 0.000e+00 0.000e+00 0.000e+00
7.943e-15 0.000e+00 0.000e+00 0.000e+00 0.000e+00 0.000e+00
8.913e-15 0.000e+00 0.000e+00 0.000e+00 0.000e+00 0.000e+00
1.000e-14 0.000e+00 0.000e+00 0.000e+00 0.000e+00 0.000e+00
1.122e-14 0.000e+00 0.000e+00 0.000e+00 0.000e+00 0.000e+00
1.259e-14 0.000e+00 0.000e+00 0.000e+00 0.000e+00 0.000e+00
1.413e-14 0.000e+00 0.000e+00 0.000e+00 0.000e+00 0.000e+00
1.585e-14 0.000e+00 0.000e+00 0.000e+00 0.000e+00 0.000e+00
1.778e-14 0.000e+00 0.000e+00 0.000e+00 0.000e+00 0.000e+00
1.995e-14 0.000e+00 0.000e+00 0.000e+00 0.000e+00 0.000e+00
2.239e-14 0.000e+00 0.000e+00 0.000e+00 0.000e+00 0.000e+00
2.512e-14 0.000e+00 0.000e+00 0.000e+00 0.000e+00 0.000e+00
2.818e-14 0.000e+00 0.000e+00 0.000e+00 0.000e+00 0.000e+00
3.162e-14 0.000e+00 0.000e+00 0.000e+00 0.000e+00 0.000e+00
3.548e-14 0.000e+00 0.000e+00 0.000e+00 0.000e+00 0.000e+00
3.981e-14 0.000e+00 0.000e+00 0.000e+00 0.000e+00 0.000e+00
4.467e-14 0.000e+00 0.000e+00 0.000e+00 0.000e+00 0.000e+00
5.012e-14 0.000e+00 0.000e+00 0.000e+00 0.000e+00 0.000e+00
5.623e-14 0.000e+00 0.000e+00 0.000e+00 0.000e+00 0.000e+00
6.310e-14 0.000e+00 0.000e+00 0.000e+00 0.000e+00 0.000e+00
7.079e-14 0.000e+00 0.000e+00 0.000e+00 0.000e+00 0.000e+00
7.943e-14 0.000e+00 0.000e+00 0.000e+00 0.000e+00 0.000e+00
8.913e-14 0.000e+00 0.000e+00 0.000e+00 0.000e+00 0.000e+00
1.000e-13 0.000e+00 0.000e+00 0.000e+00 0.000e+00 0.000e+00
1.122e-13 0.000e+00 0.000e+00 0.000e+00 0.000e+00 0.000e+00
1.259e-13 0.000e+00 0.000e+00 0.000e+00 0.000e+00 0.000e+00
1.413e-13 0.000e+00 0.000e+00 0.000e+00 0.000e+00 0.000e+00
1.585e-13 0.000e+00 0.000e+00 0.000e+00 0.000e+00 0.000e+00
1.778e-13 0.000e+00 0.000e+00 0.000e+00 0.000e+00 0.000e+00
1.995e-13 0.000e+00 0.000e+00 0.000e+00 0.000e+00 0.000e+00
2.239e-13 0.000e+00 0.000e+00 0.000e+00 0.000e+00 0.000e+00
2.512e-13 0.000e+00 0.000e+00 0.000e+00 0.000e+00 0.000e+00
2.818e-13 0.000e+00 0.000e+00 0.000e+00 0.000e+00 0.000e+00
3.162e-13 0.000e+00 0.000e+00 0.000e+00 0.000e+00 0.000e+00
3.548e-13 0.000e+00 0.000e+00 0.000e+00 0.000e+00 0.000e+00
3.981e-13 0.000e+00 0.000e+00 0.000e+00 0.000e+00 0.000e+00
4.467e-13 0.000e+00 0.000e+00 0.000e+00 0.000e+00 0.000e+00
5.012e-13 0.000e+00 0.000e+00 0.000e+00 0.000e+00 0.000e+00
5.623e-13 0.000e+00 0.000e+00 0.000e+00 0.000e+00 0.000e+00
6.310e-13 0.000e+00 0.000e+00 0.000e+00 0.000e+00 0.000e+00
7.079e-13 0.000e+00 0.000e+00 0.000e+00 0.000e+00 0.000e+00
7.943e-13 0.000e+00 0.000e+00 0.000e+00 0.000e+00 0.000e+00
8.913e-13 0.000e+00 0.000e+00 0.000e+00 0.000e+00 0.000e+00
1.000e-12 0.000e+00 0.000e+00 0.000e+00 0.000e+00 0.000e+00
1.122e-12 1.445e+51 2.915e+27 2.920e-30 3.842e-18 2.414e-17
1.259e-12 1.315e+51 3.339e+27 3.344e-30 4.400e-18 2.765e-17
1.413e-12 1.195e+51 3.819e+27 3.826e-30 5.034e-18 3.163e-17
1.585e-12 1.085e+51 4.365e+27 4.373e-30 5.753e-18 3.615e-17
1.778e-12 9.837e+50 4.984e+27 4.992e-30 6.568e-18 4.127e-17
1.995e-12 8.911e+50 5.684e+27 5.693e-30 7.491e-18 4.707e-17
2.239e-12 8.064e+50 6.475e+27 6.486e-30 8.534e-18 5.362e-17
2.512e-12 7.289e+50 7.369e+27 7.381e-30 9.711e-18 6.102e-17
2.818e-12 6.582e+50 8.376e+27 8.390e-30 1.104e-17 6.936e-17
3.162e-12 5.936e+50 9.511e+27 9.527e-30 1.253e-17 7.876e-17
3.548e-12 5.348e+50 1.079e+28 1.080e-29 1.422e-17 8.932e-17
3.981e-12 4.812e+50 1.222e+28 1.224e-29 1.610e-17 1.012e-16
4.467e-12 4.325e+50 1.383e+28 1.385e-29 1.822e-17 1.145e-16
5.012e-12 3.883e+50 1.563e+28 1.565e-29 2.059e-17 1.294e-16
5.623e-12 3.482e+50 1.764e+28 1.767e-29 2.325e-17 1.461e-16
6.310e-12 3.118e+50 1.989e+28 1.992e-29 2.621e-17 1.647e-16
7.079e-12 2.789e+50 2.240e+28 2.243e-29 2.952e-17 1.855e-16
7.943e-12 2.492e+50 2.519e+28 2.523e-29 3.320e-17 2.086e-16
8.913e-12 2.223e+50 2.829e+28 2.834e-29 3.729e-17 2.343e-16
1.000e-11 1.981e+50 3.174e+28 3.180e-29 4.184e-17 2.629e-16
1.122e-11 1.764e+50 3.557e+28 3.563e-29 4.688e-17 2.946e-16
1.259e-11 1.568e+50 3.981e+28 3.988e-29 5.246e-17 3.296e-16
1.413e-11 1.392e+50 4.449e+28 4.457e-29 5.864e-17 3.684e-16
1.585e-11 1.234e+50 4.967e+28 4.975e-29 6.546e-17 4.113e-16
1.778e-11 1.093e+50 5.537e+28 5.547e-29 7.298e-17 4.585e-16
1.995e-11 9.667e+49 6.166e+28 6.176e-29 8.126e-17 5.106e-16
2.239e-11 8.539e+49 6.857e+28 6.868e-29 9.037e-17 5.678e-16
2.512e-11 7.533e+49 7.616e+28 7.629e-29 1.004e-16 6.306e-16
2.818e-11 6.638e+49 8.448e+28 8.462e-29 1.113e-16 6.995e-16
3.162e-11 5.841e+49 9.359e+28 9.375e-29 1.233e-16 7.750e-16
3.548e-11 5.134e+49 1.036e+29 1.037e-28 1.365e-16 8.575e-16
3.981e-11 4.507e+49 1.144e+29 1.146e-28 1.508e-16 9.477e-16
4.467e-11 3.951e+49 1.263e+29 1.265e-28 1.665e-16 1.046e-15
5.012e-11 3.460e+49 1.392e+29 1.395e-28 1.835e-16 1.153e-15
5.623e-11 3.026e+49 1.533e+29 1.536e-28 2.021e-16 1.270e-15
6.310e-11 2.644e+49 1.686e+29 1.689e-28 2.222e-16 1.396e-15
7.079e-11 2.307e+49 1.852e+29 1.855e-28 2.441e-16 1.534e-15
7.943e-11 2.010e+49 2.032e+29 2.035e-28 2.678e-16 1.683e-15
8.913e-11 1.750e+49 2.227e+29 2.231e-28 2.935e-16 1.844e-15
1.000e-10 1.521e+49 2.437e+29 2.442e-28 3.212e-16 2.018e-15
1.122e-10 1.321e+49 2.665e+29 2.670e-28 3.512e-16 2.207e-15
1.259e-10 1.146e+49 2.911e+29 2.916e-28 3.836e-16 2.410e-15
1.413e-10 9.934e+48 3.176e+29 3.181e-28 4.185e-16 2.630e-15
1.585e-10 8.599e+48 3.461e+29 3.467e-28 4.561e-16 2.866e-15
1.778e-10 7.436e+48 3.768e+29 3.774e-28 4.965e-16 3.120e-15
1.995e-10 6.424e+48 4.098e+29 4.105e-28 5.400e-16 3.393e-15
2.239e-10 5.544e+48 4.452e+29 4.459e-28 5.867e-16 3.687e-15
2.512e-10 4.780e+48 4.832e+29 4.840e-28 6.368e-16 4.001e-15
2.818e-10 4.117e+48 5.240e+29 5.249e-28 6.906e-16 4.339e-15
3.162e-10 3.543e+48 5.677e+29 5.686e-28 7.482e-16 4.701e-15
3.548e-10 3.046e+48 6.145e+29 6.155e-28 8.098e-16 5.088e-15
3.981e-10 2.617e+48 6.645e+29 6.656e-28 8.758e-16 5.503e-15
4.467e-10 2.246e+48 7.180e+29 7.193e-28 9.463e-16 5.946e-15
5.012e-10 1.926e+48 7.752e+29 7.765e-28 1.022e-15 6.419e-15
5.623e-10 1.651e+48 8.363e+29 8.377e-28 1.102e-15 6.925e-15
6.310e-10 1.413e+48 9.015e+29 9.030e-28 1.188e-15 7.465e-15
7.079e-10 1.209e+48 9.711e+29 9.727e-28 1.280e-15 8.041e-15
7.943e-10 1.034e+48 1.045e+30 1.047e-27 1.378e-15 8.656e-15
8.913e-10 8.835e+47 1.124e+30 1.126e-27 1.482e-15 9.310e-15
1.000e-09 7.544e+47 1.209e+30 1.211e-27 1.593e-15 1.001e-14
1.122e-09 6.437e+47 1.298e+30 1.301e-27 1.711e-15 1.075e-14
1.259e-09 5.490e+47 1.394e+30 1.396e-27 1.837e-15 1.154e-14
1.413e-09 4.679e+47 1.496e+30 1.498e-27 1.971e-15 1.239e-14
1.585e-09 3.986e+47 1.604e+30 1.607e-27 2.114e-15 1.328e-14
1.778e-09 3.394e+47 1.720e+30 1.723e-27 2.266e-15 1.424e-14
1.995e-09 2.889e+47 1.843e+30 1.846e-27 2.428e-15 1.526e-14
2.239e-09 2.457e+47 1.973e+30 1.977e-27 2.601e-15 1.634e-14
2.512e-09 2.090e+47 2.112e+30 2.116e-27 2.784e-15 1.749e-14
2.818e-09 1.776e+47 2.260e+30 2.264e-27 2.979e-15 1.872e-14
3.162e-09 1.509e+47 2.418e+30 2.422e-27 3.186e-15 2.002e-14
3.548e-09 1.282e+47 2.585e+30 2.590e-27 3.407e-15 2.141e-14
3.981e-09 1.088e+47 2.764e+30 2.769e-27 3.643e-15 2.289e-14
4.467e-09 9.240e+46 2.954e+30 2.959e-27 3.893e-15 2.446e-14
5.012e-09 7.843e+46 3.156e+30 3.162e-27 4.160e-15 2.614e-14
5.623e-09 6.655e+46 3.372e+30 3.377e-27 4.444e-15 2.792e-14
6.310e-09 5.646e+46 3.601e+30 3.607e-27 4.746e-15 2.982e-14
7.079e-09 4.789e+46 3.846e+30 3.852e-27 5.068e-15 3.184e-14
7.943e-09 4.062e+46 4.106e+30 4.113e-27 5.412e-15 3.400e-14
8.913e-09 3.445e+46 4.384e+30 4.391e-27 5.778e-15 3.630e-14
1.000e-08 2.921e+46 4.680e+30 4.688e-27 6.168e-15 3.875e-14
1.122e-08 2.477e+46 4.995e+30 5.004e-27 6.583e-15 4.136e-14
1.259e-08 2.100e+46 5.331e+30 5.340e-27 7.026e-15 4.415e-14
1.413e-08 1.780e+46 5.690e+30 5.699e-27 7.499e-15 4.711e-14
1.585e-08 1.509e+46 6.071e+30 6.082e-27 8.001e-15 5.027e-14
1.778e-08 1.279e+46 6.478e+30 6.489e-27 8.537e-15 5.364e-14
1.995e-08 1.083e+46 6.910e+30 6.922e-27 9.107e-15 5.722e-14
2.239e-08 9.177e+45 7.369e+30 7.382e-27 9.712e-15 6.102e-14
2.512e-08 7.772e+45 7.857e+30 7.870e-27 1.035e-14 6.506e-14
2.818e-08 6.580e+45 8.374e+30 8.388e-27 1.104e-14 6.934e-14
3.162e-08 5.568e+45 8.922e+30 8.937e-27 1.176e-14 7.388e-14
3.548e-08 4.710e+45 9.500e+30 9.516e-27 1.252e-14 7.867e-14
3.981e-08 3.982e+45 1.011e+31 1.013e-26 1.332e-14 8.372e-14
4.467e-08 3.364e+45 1.075e+31 1.077e-26 1.417e-14 8.904e-14
5.012e-08 2.840e+45 1.143e+31 1.145e-26 1.506e-14 9.464e-14
5.623e-08 2.396e+45 1.214e+31 1.216e-26 1.600e-14 1.005e-13
6.310e-08 2.021e+45 1.289e+31 1.291e-26 1.698e-14 1.067e-13
7.079e-08 1.703e+45 1.367e+31 1.370e-26 1.802e-14 1.132e-13
7.943e-08 1.434e+45 1.450e+31 1.452e-26 1.911e-14 1.201e-13
8.913e-08 1.208e+45 1.537e+31 1.540e-26 2.026e-14 1.273e-13
1.000e-07 1.017e+45 1.629e+31 1.632e-26 2.147e-14 1.349e-13
1.122e-07 8.556e+44 1.726e+31 1.729e-26 2.274e-14 1.429e-13
1.259e-07 7.200e+44 1.828e+31 1.831e-26 2.409e-14 1.514e-13
1.413e-07 6.058e+44 1.937e+31 1.940e-26 2.552e-14 1.604e-13
1.585e-07 5.097e+44 2.051e+31 2.055e-26 2.703e-14 1.699e-13
1.778e-07 4.289e+44 2.173e+31 2.177e-26 2.864e-14 1.799e-13
1.995e-07 3.608e+44 2.302e+31 2.305e-26 3.033e-14 1.906e-13
2.239e-07 3.036e+44 2.438e+31 2.442e-26 3.213e-14 2.019e-13
2.512e-07 2.554e+44 2.582e+31 2.587e-26 3.403e-14 2.138e-13
2.818e-07 2.149e+44 2.735e+31 2.740e-26 3.605e-14 2.265e-13
3.162e-07 1.808e+44 2.897e+31 2.902e-26 3.818e-14 2.399e-13
3.548e-07 1.521e+44 3.069e+31 3.074e-26 4.044e-14 2.541e-13
3.981e-07 1.280e+44 3.250e+31 3.256e-26 4.284e-14 2.692e-13
4.467e-07 1.077e+44 3.443e+31 3.449e-26 4.538e-14 2.851e-13
5.012e-07 9.062e+43 3.647e+31 3.653e-26 4.806e-14 3.020e-13
5.623e-07 7.624e+43 3.863e+31 3.869e-26 5.091e-14 3.199e-13
6.310e-07 6.414e+43 4.091e+31 4.098e-26 5.392e-14 3.388e-13
7.079e-07 5.397e+43 4.333e+31 4.341e-26 5.711e-14 3.588e-13
7.943e-07 4.540e+43 4.590e+31 4.598e-26 6.049e-14 3.801e-13
8.913e-07 3.820e+43 4.862e+31 4.870e-26 6.407e-14 4.026e-13
1.000e-06 3.214e+43 5.149e+31 5.158e-26 6.786e-14 4.264e-13
1.122e-06 2.704e+43 5.454e+31 5.463e-26 7.188e-14 4.516e-13
1.259e-06 2.275e+43 5.776e+31 5.786e-26 7.613e-14 4.783e-13
1.413e-06 1.914e+43 6.118e+31 6.128e-26 8.063e-14 5.066e-13
1.585e-06 1.610e+43 6.479e+31 6.490e-26 8.539e-14 5.365e-13
1.778e-06 1.354e+43 6.862e+31 6.874e-26 9.044e-14 5.682e-13
1.995e-06 1.139e+43 7.267e+31 7.280e-26 9.578e-14 6.018e-13
2.239e-06 9.585e+42 7.696e+31 7.710e-26 1.014e-13 6.373e-13
2.512e-06 8.063e+42 8.151e+31 8.164e-26 1.074e-13 6.749e-13
2.818e-06 6.782e+42 8.631e+31 8.646e-26 1.138e-13 7.147e-13
3.162e-06 5.705e+42 9.140e+31 9.156e-26 1.205e-13 7.569e-13
3.548e-06 4.798e+42 9.679e+31 9.695e-26 1.276e-13 8.014e-13
3.981e-06 4.036e+42 1.025e+32 1.027e-25 1.351e-13 8.486e-13
4.467e-06 3.394e+42 1.085e+32 1.087e-25 1.430e-13 8.985e-13
5.012e-06 2.855e+42 1.149e+32 1.151e-25 1.514e-13 9.513e-13
5.623e-06 2.401e+42 1.216e+32 1.218e-25 1.603e-13 1.007e-12
6.310e-06 2.019e+42 1.288e+32 1.290e-25 1.697e-13 1.066e-12
7.079e-06 1.697e+42 1.363e+32 1.365e-25 1.796e-13 1.129e-12
7.943e-06 1.427e+42 1.443e+32 1.445e-25 1.901e-13 1.195e-12
8.913e-06 1.200e+42 1.527e+32 1.529e-25 2.012e-13 1.264e-12
1.000e-05 1.008e+42 1.616e+32 1.618e-25 2.129e-13 1.338e-12
1.122e-05 8.476e+41 1.710e+32 1.713e-25 2.253e-13 1.416e-12
1.259e-05 7.123e+41 1.809e+32 1.812e-25 2.384e-13 1.498e-12
1.413e-05 5.986e+41 1.914e+32 1.917e-25 2.522e-13 1.585e-12
1.585e-05 5.029e+41 2.024e+32 2.027e-25 2.668e-13 1.676e-12
1.778e-05 4.225e+41 2.141e+32 2.144e-25 2.821e-13 1.773e-12
1.995e-05 3.549e+41 2.264e+32 2.267e-25 2.983e-13 1.874e-12
2.239e-05 2.981e+41 2.393e+32 2.397e-25 3.154e-13 1.982e-12
2.512e-05 2.503e+41 2.530e+32 2.534e-25 3.334e-13 2.095e-12
2.818e-05 2.101e+41 2.674e+32 2.679e-25 3.524e-13 2.214e-12
3.162e-05 1.764e+41 2.826e+32 2.831e-25 3.725e-13 2.340e-12
3.548e-05 1.481e+41 2.987e+32 2.992e-25 3.936e-13 2.473e-12
3.981e-05 1.243e+41 3.156e+32 3.161e-25 4.159e-13 2.613e-12
4.467e-05 1.043e+41 3.334e+32 3.340e-25 4.394e-13 2.761e-12
5.012e-05 8.752e+40 3.522e+32 3.528e-25 4.642e-13 2.917e-12
5.623e-05 7.345e+40 3.721e+32 3.728e-25 4.904e-13 3.081e-12
6.310e-05 6.164e+40 3.932e+32 3.938e-25 5.182e-13 3.256e-12
7.079e-05 5.173e+40 4.154e+32 4.161e-25 5.475e-13 3.440e-12
7.943e-05 4.343e+40 4.390e+32 4.397e-25 5.785e-13 3.635e-12
8.913e-05 3.646e+40 4.640e+32 4.648e-25 6.115e-13 3.842e-12
1.000e-04 3.061e+40 4.905e+32 4.913e-25 6.464e-13 4.062e-12
1.122e-04 2.571e+40 5.186e+32 5.195e-25 6.835e-13 4.295e-12
1.259e-04 2.160e+40 5.485e+32 5.494e-25 7.229e-13 4.542e-12
1.413e-04 1.815e+40 5.802e+32 5.812e-25 7.646e-13 4.804e-12
1.585e-04 1.525e+40 6.138e+32 6.149e-25 8.090e-13 5.083e-12
1.778e-04 1.282e+40 6.495e+32 6.506e-25 8.560e-13 5.378e-12
1.995e-04 1.078e+40 6.873e+32 6.885e-25 9.058e-13 5.692e-12
2.239e-04 9.058e+39 7.274e+32 7.286e-25 9.586e-13 6.023e-12
2.512e-04 7.615e+39 7.698e+32 7.711e-25 1.014e-12 6.374e-12
2.818e-04 6.401e+39 8.146e+32 8.160e-25 1.074e-12 6.746e-12
3.162e-04 5.380e+39 8.620e+32 8.635e-25 1.136e-12 7.138e-12
3.548e-04 4.522e+39 9.122e+32 9.137e-25 1.202e-12 7.553e-12
3.981e-04 3.801e+39 9.652e+32 9.668e-25 1.272e-12 7.992e-12
4.467e-04 3.194e+39 1.021e+33 1.023e-24 1.346e-12 8.456e-12
5.012e-04 2.684e+39 1.080e+33 1.082e-24 1.424e-12 8.946e-12
5.623e-04 2.256e+39 1.143e+33 1.145e-24 1.506e-12 9.464e-12
6.310e-04 1.895e+39 1.209e+33 1.211e-24 1.593e-12 1.001e-11
7.079e-04 1.592e+39 1.279e+33 1.281e-24 1.685e-12 1.059e-11
7.943e-04 1.338e+39 1.352e+33 1.354e-24 1.782e-12 1.120e-11
8.913e-04 1.123e+39 1.430e+33 1.432e-24 1.884e-12 1.184e-11
1.000e-03 9.435e+38 1.512e+33 1.514e-24 1.992e-12 1.252e-11
1.122e-03 7.923e+38 1.598e+33 1.601e-24 2.106e-12 1.323e-11
1.259e-03 6.652e+38 1.689e+33 1.692e-24 2.226e-12 1.399e-11
1.413e-03 5.584e+38 1.785e+33 1.788e-24 2.352e-12 1.478e-11
1.585e-03 4.686e+38 1.886e+33 1.889e-24 2.486e-12 1.562e-11
1.778e-03 3.932e+38 1.992e+33 1.996e-24 2.626e-12 1.650e-11
1.995e-03 3.299e+38 2.104e+33 2.108e-24 2.773e-12 1.742e-11
2.239e-03 2.766e+38 2.221e+33 2.225e-24 2.928e-12 1.839e-11
2.512e-03 2.319e+38 2.345e+33 2.349e-24 3.090e-12 1.942e-11
2.818e-03 1.944e+38 2.474e+33 2.478e-24 3.260e-12 2.049e-11
3.162e-03 1.629e+38 2.609e+33 2.614e-24 3.439e-12 2.161e-11
3.548e-03 1.364e+38 2.751e+33 2.756e-24 3.626e-12 2.278e-11
3.981e-03 1.142e+38 2.899e+33 2.904e-24 3.821e-12 2.401e-11
4.467e-03 9.552e+37 3.053e+33 3.059e-24 4.024e-12 2.529e-11
5.012e-03 7.987e+37 3.214e+33 3.220e-24 4.236e-12 2.662e-11
5.623e-03 6.674e+37 3.381e+33 3.387e-24 4.456e-12 2.800e-11
6.310e-03 5.572e+37 3.554e+33 3.560e-24 4.684e-12 2.943e-11
7.079e-03 4.649e+37 3.733e+33 3.739e-24 4.920e-12 3.091e-11
7.943e-03 3.875e+37 3.917e+33 3.924e-24 5.162e-12 3.244e-11
8.913e-03 3.226e+37 4.106e+33 4.113e-24 5.411e-12 3.400e-11
1.000e-02 2.683e+37 4.299e+33 4.306e-24 5.665e-12 3.560e-11
1.122e-02 2.228e+37 4.495e+33 4.502e-24 5.924e-12 3.722e-11
1.259e-02 1.848e+37 4.693e+33 4.701e-24 6.184e-12 3.886e-11
1.413e-02 1.530e+37 4.891e+33 4.899e-24 6.446e-12 4.050e-11
1.585e-02 1.264e+37 5.088e+33 5.097e-24 6.705e-12 4.213e-11
1.778e-02 1.042e+37 5.282e+33 5.291e-24 6.961e-12 4.374e-11
1.995e-02 8.575e+36 5.469e+33 5.479e-24 7.208e-12 4.529e-11
2.239e-02 7.034e+36 5.648e+33 5.658e-24 7.444e-12 4.677e-11
2.512e-02 5.752e+36 5.815e+33 5.825e-24 7.664e-12 4.815e-11
2.818e-02 4.688e+36 5.966e+33 5.976e-24 7.862e-12 4.940e-11
3.162e-02 3.805e+36 6.096e+33 6.106e-24 8.034e-12 5.048e-11
3.548e-02 3.074e+36 6.201e+33 6.212e-24 8.172e-12 5.135e-11
3.981e-02 2.471e+36 6.275e+33 6.286e-24 8.270e-12 5.196e-11
4.467e-02 1.975e+36 6.313e+33 6.324e-24 8.320e-12 5.228e-11
5.012e-02 1.567e+36 6.308e+33 6.319e-24 8.314e-12 5.224e-11
5.623e-02 1.235e+36 6.255e+33 6.266e-24 8.243e-12 5.180e-11
6.310e-02 9.637e+35 6.147e+33 6.157e-24 8.101e-12 5.090e-11
7.079e-02 7.445e+35 5.979e+33 5.989e-24 7.879e-12 4.951e-11
7.943e-02 5.684e+35 5.746e+33 5.755e-24 7.572e-12 4.758e-11
8.913e-02 4.279e+35 5.446e+33 5.455e-24 7.177e-12 4.509e-11
1.000e-01 3.169e+35 5.078e+33 5.086e-24 6.692e-12 4.205e-11
1.122e-01 2.303e+35 4.645e+33 4.653e-24 6.122e-12 3.846e-11
1.259e-01 1.636e+35 4.154e+33 4.161e-24 5.475e-12 3.440e-11
1.413e-01 1.131e+35 3.617e+33 3.623e-24 4.767e-12 2.995e-11
1.585e-01 7.578e+34 3.050e+33 3.055e-24 4.019e-12 2.525e-11
1.778e-01 4.883e+34 2.474e+33 2.478e-24 3.261e-12 2.049e-11
1.995e-01 3.003e+34 1.915e+33 1.918e-24 2.524e-12 1.586e-11
2.239e-01 1.743e+34 1.400e+33 1.402e-24 1.845e-12 1.159e-11
2.512e-01 9.427e+33 9.530e+32 9.546e-25 1.256e-12 7.892e-12
2.818e-01 4.663e+33 5.934e+32 5.944e-25 7.820e-13 4.914e-12
3.162e-01 2.058e+33 3.297e+32 3.303e-25 4.345e-13 2.730e-12
3.548e-01 7.832e+32 1.580e+32 1.582e-25 2.082e-13 1.308e-12
3.981e-01 2.446e+32 6.211e+31 6.222e-26 8.186e-14 5.143e-13
4.467e-01 5.817e+31 1.859e+31 1.863e-26 2.451e-14 1.540e-13
5.012e-01 9.343e+30 3.760e+30 3.766e-27 4.955e-15 3.114e-14
5.623e-01 8.265e+29 4.188e+29 4.195e-28 5.519e-16 3.468e-15
6.310e-01 2.779e+28 1.773e+28 1.776e-29 2.336e-17 1.468e-16
7.079e-01 1.718e+26 1.380e+26 1.382e-31 1.819e-19 1.143e-18
7.943e-01 3.829e+22 3.871e+22 3.878e-35 5.102e-23 3.206e-22
8.913e-01 2.965e+15 3.774e+15 3.780e-42 4.974e-30 3.125e-29
1.000e+00 8.459e-05 1.355e-04 1.358e-61 1.786e-49 1.122e-48
1.122e+00 3.970e-262 8.007e-262 8.020e-319 1.055e-306 6.630e-306
1.259e+00 0.000e+00 0.000e+00 0.000e+00 0.000e+00 0.000e+00
1.413e+00 0.000e+00 0.000e+00 0.000e+00 0.000e+00 0.000e+00
1.585e+00 0.000e+00 0.000e+00 0.000e+00 0.000e+00 0.000e+00
1.778e+00 0.000e+00 0.000e+00 0.000e+00 0.000e+00 0.000e+00
1.995e+00 0.000e+00 0.000e+00 0.000e+00 0.000e+00 0.000e+00
2.239e+00 0.000e+00 0.000e+00 0.000e+00 0.000e+00 0.000e+00
2.512e+00 0.000e+00 0.000e+00 0.000e+00 0.000e+00 0.000e+00
2.818e+00 0.000e+00 0.000e+00 0.000e+00 0.000e+00 0.000e+00
3.162e+00 0.000e+00 0.000e+00 0.000e+00 0.000e+00 0.000e+00
3.548e+00 0.000e+00 0.000e+00 0.000e+00 0.000e+00 0.000e+00
3.981e+00 0.000e+00 0.000e+00 0.000e+00 0.000e+00 0.000e+00
4.467e+00 0.000e+00 0.000e+00 0.000e+00 0.000e+00 0.000e+00
5.012e+00 0.000e+00 0.000e+00 0.000e+00 0.000e+00 0.000e+00
5.623e+00 0.000e+00 0.000e+00 0.000e+00 0.000e+00 0.000e+00
6.310e+00 0.000e+00 0.000e+00 0.000e+00 0.000e+00 0.000e+00
7.079e+00 0.000e+00 0.000e+00 0.000e+00 0.000e+00 0.000e+00
7.943e+00 0.000e+00 0.000e+00 0.000e+00 0.000e+00 0.000e+00
8.913e+00 0.000e+00 0.000e+00 0.000e+00 0.000e+00 0.000e+00
1.000e+01 0.000e+00 0.000e+00 0.000e+00 0.000e+00 0.000e+00
1.122e+01 0.000e+00 0.000e+00 0.000e+00 0.000e+00 0.000e+00
1.259e+01 0.000e+00 0.000e+00 0.000e+00 0.000e+00 0.000e+00
1.413e+01 0.000e+00 0.000e+00 0.000e+00 0.000e+00 0.000e+00
1.585e+01 0.000e+00 0.000e+00 0.000e+00 0.000e+00 0.000e+00
1.778e+01 0.000e+00 0.000e+00 0.000e+00 0.000e+00 0.000e+00
1.995e+01 0.000e+00 0.000e+00 0.000e+00 0.000e+00 0.000e+00
2.239e+01 0.000e+00 0.000e+00 0.000e+00 0.000e+00 0.000e+00
2.512e+01 0.000e+00 0.000e+00 0.000e+00 0.000e+00 0.000e+00
2.818e+01 0.000e+00 0.000e+00 0.000e+00 0.000e+00 0.000e+00
3.162e+01 0.000e+00 0.000e+00 0.000e+00 0.000e+00 0.000e+00
3.548e+01 0.000e+00 0.000e+00 0.000e+00 0.000e+00 0.000e+00
3.981e+01 0.000e+00 0.000e+00 0.000e+00 0.000e+00 0.000e+00
4.467e+01 0.000e+00 0.000e+00 0.000e+00 0.000e+00 0.000e+00
5.012e+01 0.000e+00 0.000e+00 0.000e+00 0.000e+00 0.000e+00
5.623e+01 0.000e+00 0.000e+00 0.000e+00 0.000e+00 0.000e+00
6.310e+01 0.000e+00 0.000e+00 0.000e+00 0.000e+00 0.000e+00
7.079e+01 0.000e+00 0.000e+00 0.000e+00 0.000e+00 0.000e+00
7.943e+01 0.000e+00 0.000e+00 0.000e+00 0.000e+00 0.000e+00
8.913e+01 0.000e+00 0.000e+00 0.000e+00 0.000e+00 0.000e+00
1.000e+02 0.000e+00 0.000e+00 0.000e+00 0.000e+00 0.000e+00
1.122e+02 0.000e+00 0.000e+00 0.000e+00 0.000e+00 0.000e+00
1.259e+02 0.000e+00 0.000e+00 0.000e+00 0.000e+00 0.000e+00
1.413e+02 0.000e+00 0.000e+00 0.000e+00 0.000e+00 0.000e+00
1.585e+02 0.000e+00 0.000e+00 0.000e+00 0.000e+00 0.000e+00
1.778e+02 0.000e+00 0.000e+00 0.000e+00 0.000e+00 0.000e+00
1.995e+02 0.000e+00 0.000e+00 0.000e+00 0.000e+00 0.000e+00
2.239e+02 0.000e+00 0.000e+00 0.000e+00 0.000e+00 0.000e+00
2.512e+02 0.000e+00 0.000e+00 0.000e+00 0.000e+00 0.000e+00
2.818e+02 0.000e+00 0.000e+00 0.000e+00 0.000e+00 0.000e+00
3.162e+02 0.000e+00 0.000e+00 0.000e+00 0.000e+00 0.000e+00
3.548e+02 0.000e+00 0.000e+00 0.000e+00 0.000e+00 0.000e+00
3.981e+02 0.000e+00 0.000e+00 0.000e+00 0.000e+00 0.000e+00
4.467e+02 0.000e+00 0.000e+00 0.000e+00 0.000e+00 0.000e+00
5.012e+02 0.000e+00 0.000e+00 0.000e+00 0.000e+00 0.000e+00
5.623e+02 0.000e+00 0.000e+00 0.000e+00 0.000e+00 0.000e+00
6.310e+02 0.000e+00 0.000e+00 0.000e+00 0.000e+00 0.000e+00
7.079e+02 0.000e+00 0.000e+00 0.000e+00 0.000e+00 0.000e+00
7.943e+02 0.000e+00 0.000e+00 0.000e+00 0.000e+00 0.000e+00
8.913e+02 0.000e+00 0.000e+00 0.000e+00 0.000e+00 0.000e+00
1.000e+03 0.000e+00 0.000e+00 0.000e+00 0.000e+00 0.000e+00
1.122e+03 0.000e+00 0.000e+00 0.000e+00 0.000e+00 0.000e+00
1.259e+03 0.000e+00 0.000e+00 0.000e+00 0.000e+00 0.000e+00
1.413e+03 0.000e+00 0.000e+00 0.000e+00 0.000e+00 0.000e+00
1.585e+03 0.000e+00 0.000e+00 0.000e+00 0.000e+00 0.000e+00
1.778e+03 0.000e+00 0.000e+00 0.000e+00 0.000e+00 0.000e+00
1.995e+03 0.000e+00 0.000e+00 0.000e+00 0.000e+00 0.000e+00
2.239e+03 0.000e+00 0.000e+00 0.000e+00 0.000e+00 0.000e+00
2.512e+03 0.000e+00 0.000e+00 0.000e+00 0.000e+00 0.000e+00
2.818e+03 0.000e+00 0.000e+00 0.000e+00 0.000e+00 0.000e+00
3.162e+03 0.000e+00 0.000e+00 0.000e+00 0.000e+00 0.000e+00
3.548e+03 0.000e+00 0.000e+00 0.000e+00 0.000e+00 0.000e+00
3.981e+03 0.000e+00 0.000e+00 0.000e+00 0.000e+00 0.000e+00
4.467e+03 0.000e+00 0.000e+00 0.000e+00 0.000e+00 0.000e+00
5.012e+03 0.000e+00 0.000e+00 0.000e+00 0.000e+00 0.000e+00
5.623e+03 0.000e+00 0.000e+00 0.000e+00 0.000e+00 0.000e+00
6.310e+03 0.000e+00 0.000e+00 0.000e+00 0.000e+00 0.000e+00
7.079e+03 0.000e+00 0.000e+00 0.000e+00 0.000e+00 0.000e+00
7.943e+03 0.000e+00 0.000e+00 0.000e+00 0.000e+00 0.000e+00
8.913e+03 0.000e+00 0.000e+00 0.000e+00 0.000e+00 0.000e+00
1.000e+04 0.000e+00 0.000e+00 0.000e+00 0.000e+00 0.000e+00
1.122e+04 0.000e+00 0.000e+00 0.000e+00 0.000e+00 0.000e+00
1.259e+04 0.000e+00 0.000e+00 0.000e+00 0.000e+00 0.000e+00
1.413e+04 0.000e+00 0.000e+00 0.000e+00 0.000e+00 0.000e+00
1.585e+04 0.000e+00 0.000e+00 0.000e+00 0.000e+00 0.000e+00
1.778e+04 0.000e+00 0.000e+00 0.000e+00 0.000e+00 0.000e+00
1.995e+04 0.000e+00 0.000e+00 0.000e+00 0.000e+00 0.000e+00
2.239e+04 0.000e+00 0.000e+00 0.000e+00 0.000e+00 0.000e+00
2.512e+04 0.000e+00 0.000e+00 0.000e+00 0.000e+00 0.000e+00
2.818e+04 0.000e+00 0.000e+00 0.000e+00 0.000e+00 0.000e+00
3.162e+04 0.000e+00 0.000e+00 0.000e+00 0.000e+00 0.000e+00
3.548e+04 0.000e+00 0.000e+00 0.000e+00 0.000e+00 0.000e+00
3.981e+04 0.000e+00 0.000e+00 0.000e+00 0.000e+00 0.000e+00
4.467e+04 0.000e+00 0.000e+00 0.000e+00 0.000e+00 0.000e+00
5.012e+04 0.000e+00 0.000e+00 0.000e+00 0.000e+00 0.000e+00
5.623e+04 0.000e+00 0.000e+00 0.000e+00 0.000e+00 0.000e+00
6.310e+04 0.000e+00 0.000e+00 0.000e+00 0.000e+00 0.000e+00
7.079e+04 0.000e+00 0.000e+00 0.000e+00 0.000e+00 0.000e+00
7.943e+04 0.000e+00 0.000e+00 0.000e+00 0.000e+00 0.000e+00
8.913e+04 0.000e+00 0.000e+00 0.000e+00 0.000e+00 0.000e+00
1.000e+05 0.000e+00 0.000e+00 0.000e+00 0.000e+00 0.000e+00
1.122e+05 0.000e+00 0.000e+00 0.000e+00 0.000e+00 0.000e+00
1.259e+05 0.000e+00 0.000e+00 0.000e+00 0.000e+00 0.000e+00
1.413e+05 0.000e+00 0.000e+00 0.000e+00 0.000e+00 0.000e+00
1.585e+05 0.000e+00 0.000e+00 0.000e+00 0.000e+00 0.000e+00
1.778e+05 0.000e+00 0.000e+00 0.000e+00 0.000e+00 0.000e+00
1.995e+05 0.000e+00 0.000e+00 0.000e+00 0.000e+00 0.000e+00
2.239e+05 0.000e+00 0.000e+00 0.000e+00 0.000e+00 0.000e+00
2.512e+05 0.000e+00 0.000e+00 0.000e+00 0.000e+00 0.000e+00
2.818e+05 0.000e+00 0.000e+00 0.000e+00 0.000e+00 0.000e+00
3.162e+05 0.000e+00 0.000e+00 0.000e+00 0.000e+00 0.000e+00
3.548e+05 0.000e+00 0.000e+00 0.000e+00 0.000e+00 0.000e+00
3.981e+05 0.000e+00 0.000e+00 0.000e+00 0.000e+00 0.000e+00
4.467e+05 0.000e+00 0.000e+00 0.000e+00 0.000e+00 0.000e+00
5.012e+05 0.000e+00 0.000e+00 0.000e+00 0.000e+00 0.000e+00
5.623e+05 0.000e+00 0.000e+00 0.000e+00 0.000e+00 0.000e+00
6.310e+05 0.000e+00 0.000e+00 0.000e+00 0.000e+00 0.000e+00
7.079e+05 0.000e+00 0.000e+00 0.000e+00 0.000e+00 0.000e+00
7.943e+05 0.000e+00 0.000e+00 0.000e+00 0.000e+00 0.000e+00
8.913e+05 0.000e+00 0.000e+00 0.000e+00 0.000e+00 0.000e+00
1.000e+06 0.000e+00 0.000e+00 0.000e+00 0.000e+00 0.000e+00
1.122e+06 0.000e+00 0.000e+00 0.000e+00 0.000e+00 0.000e+00
1.259e+06 0.000e+00 0.000e+00 0.000e+00 0.000e+00 0.000e+00
1.413e+06 0.000e+00 0.000e+00 0.000e+00 0.000e+00 0.000e+00
1.585e+06 0.000e+00 0.000e+00 0.000e+00 0.000e+00 0.000e+00
1.778e+06 0.000e+00 0.000e+00 0.000e+00 0.000e+00 0.000e+00
1.995e+06 0.000e+00 0.000e+00 0.000e+00 0.000e+00 0.000e+00
2.239e+06 0.000e+00 0.000e+00 0.000e+00 0.000e+00 0.000e+00
2.512e+06 0.000e+00 0.000e+00 0.000e+00 0.000e+00 0.000e+00
2.818e+06 0.000e+00 0.000e+00 0.000e+00 0.000e+00 0.000e+00
3.162e+06 0.000e+00 0.000e+00 0.000e+00 0.000e+00 0.000e+00
3.548e+06 0.000e+00 0.000e+00 0.000e+00 0.000e+00 0.000e+00
3.981e+06 0.000e+00 0.000e+00 0.000e+00 0.000e+00 0.000e+00
4.467e+06 0.000e+00 0.000e+00 0.000e+00 0.000e+00 0.000e+00
5.012e+06 0.000e+00 0.000e+00 0.000e+00 0.000e+00 0.000e+00
5.623e+06 0.000e+00 0.000e+00 0.000e+00 0.000e+00 0.000e+00
6.310e+06 0.000e+00 0.000e+00 0.000e+00 0.000e+00 0.000e+00
7.079e+06 0.000e+00 0.000e+00 0.000e+00 0.000e+00 0.000e+00
7.943e+06 0.000e+00 0.000e+00 0.000e+00 0.000e+00 0.000e+00
8.913e+06 0.000e+00 0.000e+00 0.000e+00 0.000e+00 0.000e+00
1.000e+07 0.000e+00 0.000e+00 0.000e+00 0.000e+00 0.000e+00
1.122e+07 0.000e+00 0.000e+00 0.000e+00 0.000e+00 0.000e+00
1.259e+07 0.000e+00 0.000e+00 0.000e+00 0.000e+00 0.000e+00
1.413e+07 0.000e+00 0.000e+00 0.000e+00 0.000e+00 0.000e+00
1.585e+07 0.000e+00 0.000e+00 0.000e+00 0.000e+00 0.000e+00
1.778e+07 0.000e+00 0.000e+00 0.000e+00 0.000e+00 0.000e+00
1.995e+07 0.000e+00 0.000e+00 0.000e+00 0.000e+00 0.000e+00
2.239e+07 0.000e+00 0.000e+00 0.000e+00 0.000e+00 0.000e+00
2.512e+07 0.000e+00 0.000e+00 0.000e+00 0.000e+00 0.000e+00
2.818e+07 0.000e+00 0.000e+00 0.000e+00 0.000e+00 0.000e+00
3.162e+07 0.000e+00 0.000e+00 0.000e+00 0.000e+00 0.000e+00
3.548e+07 0.000e+00 0.000e+00 0.000e+00 0.000e+00 0.000e+00
3.981e+07 0.000e+00 0.000e+00 0.000e+00 0.000e+00 0.000e+00
4.467e+07 0.000e+00 0.000e+00 0.000e+00 0.000e+00 0.000e+00
5.012e+07 0.000e+00 0.000e+00 0.000e+00 0.000e+00 0.000e+00
5.623e+07 0.000e+00 0.000e+00 0.000e+00 0.000e+00 0.000e+00
6.310e+07 0.000e+00 0.000e+00 0.000e+00 0.000e+00 0.000e+00
7.079e+07 0.000e+00 0.000e+00 0.000e+00 0.000e+00 0.000e+00
7.943e+07 0.000e+00 0.000e+00 0.000e+00 0.000e+00 0.000e+00
8.913e+07 0.000e+00 0.000e+00 0.000e+00 0.000e+00 0.000e+00
1.000e+08 0.000e+00 0.000e+00 0.000e+00 0.000e+00 0.000e+00
