1.000e-20 0.000e+00 0.000e+00 0.000e+00 0.000e+00 0.000e+00
1.122e-20 0.000e+00 0.000e+00 0.000e+00 0.000e+00 0.000e+00
1.259e-20 0.000e+00 0.000e+00 0.000e+00 0.000e+00 0.000e+00
1.413e-20 0.000e+00 0.000e+00 0.000e+00 0.000e+00 0.000e+00
1.585e-20 0.000e+00 0.000e+00 0.000e+00 0.000e+00 0.000e+00
1.778e-20 0.000e+00 0.000e+00 0.000e+00 0.000e+00 0.000e+00
1.995e-20 0.000e+00 0.000e+00 0.000e+00 0.000e+00 0.000e+00
2.239e-20 0.000e+00 0.000e+00 0.000e+00 0.000e+00 0.000e+00
2.512e-20 0.000e+00 0.000e+00 0.000e+00 0.000e+00 0.000e+00
2.818e-20 0.000e+00 0.000e+00 0.000e+00 0.000e+00 0.000e+00
3.162e-20 0.000e+00 0.000e+00 0.000e+00 0.000e+00 0.000e+00
3.548e-20 0.000e+00 0.000e+00 0.000e+00 0.000e+00 0.000e+00
3.981e-20 0.000e+00 0.000e+00 0.000e+00 0.000e+00 0.000e+00
4.467e-20 0.000e+00 0.000e+00 0.000e+00 0.000e+00 0.000e+00
5.012e-20 0.000e+00 0.000e+00 0.000e+00 0.000e+00 0.000e+00
5.623e-20 0.000e+00 0.000e+00 0.000e+00 0.000e+00 0.000e+00
6.310e-20 0.000e+00 0.000e+00 0.000e+00 0.000e+00 0.000e+00
7.079e-20 0.000e+00 0.000e+00 0.000e+00 0.000e+00 0.000e+00
7.943e-20 0.000e+00 0.000e+00 0.000e+00 0.000e+00 0.000e+00
8.913e-20 0.000e+00 0.000e+00 0.000e+00 0.000e+00 0.000e+00
1.000e-19 0.000e+00 0.000e+00 0.000e+00 0.000e+00 0.000e+00
1.122e-19 0.000e+00 0.000e+00 0.000e+00 0.000e+00 0.000e+00
1.259e-19 0.000e+00 0.000e+00 0.000e+00 0.000e+00 0.000e+00
1.413e-19 0.000e+00 0.000e+00 0.000e+00 0.000e+00 0.000e+00
1.585e-19 0.000e+00 0.000e+00 0.000e+00 0.000e+00 0.000e+00
1.778e-19 0.000e+00 0.000e+00 0.000e+00 0.000e+00 0.000e+00
1.995e-19 0.000e+00 0.000e+00 0.000e+00 0.000e+00 0.000e+00
2.239e-19 0.000e+00 0.000e+00 0.000e+00 0.000e+00 0.000e+00
2.512e-19 0.000e+00 0.000e+00 0.000e+00 0.000e+00 0.000e+00
2.818e-19 0.000e+00 0.000e+00 0.000e+00 0.000e+00 0.000e+00
3.162e-19 0.000e+00 0.000e+00 0.000e+00 0.000e+00 0.000e+00
3.548e-19 0.000e+00 0.000e+00 0.000e+00 0.000e+00 0.000e+00
3.981e-19 0.000e+00 0.000e+00 0.000e+00 0.000e+00 0.000e+00
4.467e-19 0.000e+00 0.000e+00 0.000e+00 0.000e+00 0.000e+00
5.012e-19 0.000e+00 0.000e+00 0.000e+00 0.000e+00 0.000e+00
5.623e-19 0.000e+00 0.000e+00 0.000e+00 0.000e+00 0.000e+00
6.310e-19 0.000e+00 0.000e+00 0.000e+00 0.000e+00 0.000e+00
7.079e-19 0.000e+00 0.000e+00 0.000e+00 0.000e+00 0.000e+00
7.943e-19 0.000e+00 0.000e+00 0.000e+00 0.000e+00 0.000e+00
8.913e-19 0.000e+00 0.000e+00 0.000e+00 0.000e+00 0.000e+00
1.000e-18 0.000e+00 0.000e+00 0.000e+00 0.000e+00 0.000e+00
1.122e-18 0.000e+00 0.000e+00 0.000e+00 0.000e+00 0.000e+00
1.259e-18 0.000e+00 0.000e+00 0.000e+00 0.000e+00 0.000e+00
1.413e-18 0.000e+00 0.000e+00 0.000e+00 0.000e+00 0.000e+00
1.585e-18 0.000e+00 0.000e+00 0.000e+00 0.000e+00 0.000e+00
1.778e-18 0.000e+00 0.000e+00 0.000e+00 0.000e+00 0.000e+00
1.995e-18 0.000e+00 0.000e+00 0.000e+00 0.000e+00 0.000e+00
2.239e-18 0.000e+00 0.000e+00 0.000e+00 0.000e+00 0.000e+00
2.512e-18 0.000e+00 0.000e+00 0.000e+00 0.000e+00 0.000e+00
2.818e-18 0.000e+00 0.000e+00 0.000e+00 0.000e+00 0.000e+00
3.162e-18 0.000e+00 0.000e+00 0.000e+00 0.000e+00 0.000e+00
3.548e-18 0.000e+00 0.000e+00 0.000e+00 0.000e+00 0.000e+00
3.981e-18 0.000e+00 0.000e+00 0.000e+00 0.000e+00 0.000e+00
4.467e-18 0.000e+00 0.000e+00 0.000e+00 0.000e+00 0.000e+00
5.012e-18 0.000e+00 0.000e+00 0.000e+00 0.000e+00 0.000e+00
5.623e-18 0.000e+00 0.000e+00 0.000e+00 0.000e+00 0.000e+00
6.310e-18 0.000e+00 0.000e+00 0.000e+00 0.000e+00 0.000e+00
7.079e-18 0.000e+00 0.000e+00 0.000e+00 0.000e+00 0.000e+00
7.943e-18 0.000e+00 0.000e+00 0.000e+00 0.000e+00 0.000e+00
8.913e-18 0.000e+00 0.000e+00 0.000e+00 0.000e+00 0.000e+00
1.000e-17 0.000e+00 0.000e+00 0.000e+00 0.000e+00 0.000e+00
1.122e-17 0.000e+00 0.000e+00 0.000e+00 0.000e+00 0.000e+00
1.259e-17 0.000e+00 0.000e+00 0.000e+00 0.000e+00 0.000e+00
1.413e-17 0.000e+00 0.000e+00 0.000e+00 0.000e+00 0.000e+00
1.585e-17 0.000e+00 0.000e+00 0.000e+00 0.000e+00 0.000e+00
1.778e-17 0.000e+00 0.000e+00 0.000e+00 0.000e+00 0.000e+00
1.995e-17 0.000e+00 0.000e+00 0.000e+00 0.000e+00 0.000e+00
2.239e-17 0.000e+00 0.000e+00 0.000e+00 0.000e+00 0.000e+00
2.512e-17 0.000e+00 0.000e+00 0.000e+00 0.000e+00 0.000e+00
2.818e-17 0.000e+00 0.000e+00 0.000e+00 0.000e+00 0.000e+00
3.162e-17 0.000e+00 0.000e+00 0.000e+00 0.000e+00 0.000e+00
3.548e-17 0.000e+00 0.000e+00 0.000e+00 0.000e+00 0.000e+00
3.981e-17 0.000e+00 0.000e+00 0.000e+00 0.000e+00 0.000e+00
4.467e-17 0.000e+00 0.000e+00 0.000e+00 0.000e+00 0.000e+00
5.012e-17 0.000e+00 0.000e+00 0.000e+00 0.000e+00 0.000e+00
5.623e-17 0.000e+00 0.000e+00 0.000e+00 0.000e+00 0.000e+00
6.310e-17 0.000e+00 0.000e+00 0.000e+00 0.000e+00 0.000e+00
7.079e-17 0.000e+00 0.000e+00 0.000e+00 0.000e+00 0.000e+00
7.943e-17 0.000e+00 0.000e+00 0.000e+00 0.000e+00 0.000e+00
8.913e-17 0.000e+00 0.000e+00 0.000e+00 0.000e+00 0.000e+00
1.000e-16 0.000e+00 0.000e+00 0.000e+00 0.000e+00 0.000e+00
1.122e-16 0.000e+00 0.000e+00 0.000e+00 0.000e+00 0.000e+00
1.259e-16 0.000e+00 0.000e+00 0.000e+00 0.000e+00 0.000e+00
1.413e-16 0.000e+00 0.000e+00 0.000e+00 0.000e+00 0.000e+00
1.585e-16 0.000e+00 0.000e+00 0.000e+00 0.000e+00 0.000e+00
1.778e-16 0.000e+00 0.000e+00 0.000e+00 0.000e+00 0.000e+00
1.995e-16 0.000e+00 0.000e+00 0.000e+00 0.000e+00 0.000e+00
2.239e-16 0.000e+00 0.000e+00 0.000e+00 0.000e+00 0.000e+00
2.512e-16 0.000e+00 0.000e+00 0.000e+00 0.000e+00 0.000e+00
2.818e-16 0.000e+00 0.000e+00 0.000e+00 0.000e+00 0.000e+00
3.162e-16 0.000e+00 0.000e+00 0.000e+00 0.000e+00 0.000e+00
3.548e-16 0.000e+00 0.000e+00 0.000e+00 0.000e+00 0.000e+00
3.981e-16 0.000e+00 0.000e+00 0.000e+00 0.000e+00 0.000e+00
4.467e-16 0.000e+00 0.000e+00 0.000e+00 0.000e+00 0.000e+00
5.012e-16 0.000e+00 0.000e+00 0.000e+00 0.000e+00 0.000e+00
5.623e-16 0.000e+00 0.000e+00 0.000e+00 0.000e+00 0.000e+00
6.310e-16 0.000e+00 0.000e+00 0.000e+00 0.000e+00 0.000e+00
7.079e-16 0.000e+00 0.000e+00 0.000e+00 0.000e+00 0.000e+00
7.943e-16 0.000e+00 0.000e+00 0.000e+00 0.000e+00 0.000e+00
8.913e-16 0.000e+00 0.000e+00 0.000e+00 0.000e+00 0.000e+00
1.000e-15 0.000e+00 0.000e+00 0.000e+00 0.000e+00 0.000e+00
1.122e-15 0.000e+00 0.000e+00 0.000e+00 0.000e+00 0.000e+00
1.259e-15 0.000e+00 0.000e+00 0.000e+00 0.000e+00 0.000e+00
1.413e-15 0.000e+00 0.000e+00 0.000e+00 0.000e+00 0.000e+00
1.585e-15 0.000e+00 0.000e+00 0.000e+00 0.000e+00 0.000e+00
1.778e-15 0.000e+00 0.000e+00 0.000e+00 0.000e+00 0.000e+00
1.995e-15 0.000e+00 0.000e+00 0.000e+00 0.000e+00 0.000e+00
2.239e-15 0.000e+00 0.000e+00 0.000e+00 0.000e+00 0.000e+00
2.512e-15 0.000e+00 0.000e+00 0.000e+00 0.000e+00 0.000e+00
2.818e-15 0.000e+00 0.000e+00 0.000e+00 0.000e+00 0.000e+00
3.162e-15 0.000e+00 0.000e+00 0.000e+00 0.000e+00 0.000e+00
3.548e-15 0.000e+00 0.000e+00 0.000e+00 0.000e+00 0.000e+00
3.981e-15 0.000e+00 0.000e+00 0.000e+00 0.000e+00 0.000e+00
4.467e-15 0.000e+00 0.000e+00 0.000e+00 0.000e+00 0.000e+00
5.012e-15 0.000e+00 0.000e+00 0.000e+00 0.000e+00 0.000e+00
5.623e-15 0.000e+00 0.000e+00 0.000e+00 0.000e+00 0.000e+00
6.310e-15 0.000e+00 0.000e+00 0.000e+00 0.000e+00 0.000e+00
7.079e-15 0.000e+00 0.000e+00 0.000e+00 0.000e+00 0.000e+00
7.943e-15 0.000e+00 0.000e+00 0.000e+00 0.000e+00 0.000e+00
8.913e-15 0.000e+00 0.000e+00 0.000e+00 0.000e+00 0.000e+00
1.000e-14 0.000e+00 0.000e+00 0.000e+00 0.000e+00 0.000e+00
1.122e-14 0.000e+00 0.000e+00 0.000e+00 0.000e+00 0.000e+00
1.259e-14 0.000e+00 0.000e+00 0.000e+00 0.000e+00 0.000e+00
1.413e-14 0.000e+00 0.000e+00 0.000e+00 0.000e+00 0.000e+00
1.585e-14 0.000e+00 0.000e+00 0.000e+00 0.000e+00 0.000e+00
1.778e-14 0.000e+00 0.000e+00 0.000e+00 0.000e+00 0.000e+00
1.995e-14 0.000e+00 0.000e+00 0.000e+00 0.000e+00 0.000e+00
2.239e-14 0.000e+00 0.000e+00 0.000e+00 0.000e+00 0.000e+00
2.512e-14 0.000e+00 0.000e+00 0.000e+00 0.000e+00 0.000e+00
2.818e-14 0.000e+00 0.000e+00 0.000e+00 0.000e+00 0.000e+00
3.162e-14 0.000e+00 0.000e+00 0.000e+00 0.000e+00 0.000e+00
3.548e-14 0.000e+00 0.000e+00 0.000e+00 0.000e+00 0.000e+00
3.981e-14 0.000e+00 0.000e+00 0.000e+00 0.000e+00 0.000e+00
4.467e-14 0.000e+00 0.000e+00 0.000e+00 0.000e+00 0.000e+00
5.012e-14 0.000e+00 0.000e+00 0.000e+00 0.000e+00 0.000e+00
5.623e-14 0.000e+00 0.000e+00 0.000e+00 0.000e+00 0.000e+00
6.310e-14 0.000e+00 0.000e+00 0.000e+00 0.000e+00 0.000e+00
7.079e-14 0.000e+00 0.000e+00 0.000e+00 0.000e+00 0.000e+00
7.943e-14 0.000e+00 0.000e+00 0.000e+00 0.000e+00 0.000e+00
8.913e-14 0.000e+00 0.000e+00 0.000e+00 0.000e+00 0.000e+00
1.000e-13 0.000e+00 0.000e+00 0.000e+00 0.000e+00 0.000e+00
1.122e-13 0.000e+00 0.000e+00 0.000e+00 0.000e+00 0.000e+00
1.259e-13 0.000e+00 0.000e+00 0.000e+00 0.000e+00 0.000e+00
1.413e-13 0.000e+00 0.000e+00 0.000e+00 0.000e+00 0.000e+00
1.585e-13 0.000e+00 0.000e+00 0.000e+00 0.000e+00 0.000e+00
1.778e-13 0.000e+00 0.000e+00 0.000e+00 0.000e+00 0.000e+00
1.995e-13 0.000e+00 0.000e+00 0.000e+00 0.000e+00 0.000e+00
2.239e-13 0.000e+00 0.000e+00 0.000e+00 0.000e+00 0.000e+00
2.512e-13 0.000e+00 0.000e+00 0.000e+00 0.000e+00 0.000e+00
2.818e-13 0.000e+00 0.000e+00 0.000e+00 0.000e+00 0.000e+00
3.162e-13 0.000e+00 0.000e+00 0.000e+00 0.000e+00 0.000e+00
3.548e-13 0.000e+00 0.000e+00 0.000e+00 0.000e+00 0.000e+00
3.981e-13 0.000e+00 0.000e+00 0.000e+00 0.000e+00 0.000e+00
4.467e-13 0.000e+00 0.000e+00 0.000e+00 0.000e+00 0.000e+00
5.012e-13 0.000e+00 0.000e+00 0.000e+00 0.000e+00 0.000e+00
5.623e-13 0.000e+00 0.000e+00 0.000e+00 0.000e+00 0.000e+00
6.310e-13 0.000e+00 0.000e+00 0.000e+00 0.000e+00 0.000e+00
7.079e-13 0.000e+00 0.000e+00 0.000e+00 0.000e+00 0.000e+00
7.943e-13 0.000e+00 0.000e+00 0.000e+00 0.000e+00 0.000e+00
8.913e-13 0.000e+00 0.000e+00 0.000e+00 0.000e+00 0.000e+00
1.000e-12 0.000e+00 0.000e+00 0.000e+00 0.000e+00 0.000e+00
1.122e-12 2.233e+49 4.505e+25 4.513e-32 5.937e-20 3.730e-19
1.259e-12 2.081e+49 5.285e+25 5.294e-32 6.965e-20 4.376e-19
1.413e-12 1.939e+49 6.198e+25 6.208e-32 8.168e-20 5.132e-19
1.585e-12 1.805e+49 7.264e+25 7.276e-32 9.574e-20 6.015e-19
1.778e-12 1.680e+49 8.510e+25 8.525e-32 1.122e-19 7.047e-19
1.995e-12 1.562e+49 9.965e+25 9.982e-32 1.313e-19 8.252e-19
2.239e-12 1.452e+49 1.166e+26 1.168e-31 1.537e-19 9.658e-19
2.512e-12 1.350e+49 1.364e+26 1.367e-31 1.798e-19 1.130e-18
2.818e-12 1.253e+49 1.595e+26 1.598e-31 2.102e-19 1.321e-18
3.162e-12 1.163e+49 1.864e+26 1.867e-31 2.456e-19 1.543e-18
3.548e-12 1.079e+49 2.176e+26 2.180e-31 2.868e-19 1.802e-18
3.981e-12 1.000e+49 2.540e+26 2.544e-31 3.347e-19 2.103e-18
4.467e-12 9.268e+48 2.963e+26 2.968e-31 3.904e-19 2.453e-18
5.012e-12 8.581e+48 3.453e+26 3.459e-31 4.551e-19 2.860e-18
5.623e-12 7.940e+48 4.023e+26 4.030e-31 5.302e-19 3.331e-18
6.310e-12 7.342e+48 4.683e+26 4.691e-31 6.172e-19 3.878e-18
7.079e-12 6.785e+48 5.448e+26 5.457e-31 7.180e-19 4.511e-18
7.943e-12 6.265e+48 6.333e+26 6.344e-31 8.347e-19 5.244e-18
8.913e-12 5.781e+48 7.357e+26 7.370e-31 9.696e-19 6.092e-18
1.000e-11 5.330e+48 8.540e+26 8.555e-31 1.126e-18 7.072e-18
1.122e-11 4.911e+48 9.906e+26 9.923e-31 1.306e-18 8.203e-18
1.259e-11 4.521e+48 1.148e+27 1.150e-30 1.513e-18 9.507e-18
1.413e-11 4.159e+48 1.330e+27 1.332e-30 1.752e-18 1.101e-17
1.585e-11 3.823e+48 1.539e+27 1.541e-30 2.028e-18 1.274e-17
1.778e-11 3.511e+48 1.779e+27 1.782e-30 2.344e-18 1.473e-17
1.995e-11 3.222e+48 2.055e+27 2.058e-30 2.708e-18 1.702e-17
2.239e-11 2.953e+48 2.372e+27 2.376e-30 3.126e-18 1.964e-17
2.512e-11 2.705e+48 2.735e+27 2.739e-30 3.604e-18 2.264e-17
2.818e-11 2.475e+48 3.150e+27 3.156e-30 4.152e-18 2.609e-17
3.162e-11 2.263e+48 3.626e+27 3.632e-30 4.778e-18 3.002e-17
3.548e-11 2.067e+48 4.169e+27 4.176e-30 5.494e-18 3.452e-17
3.981e-11 1.886e+48 4.788e+27 4.796e-30 6.311e-18 3.965e-17
4.467e-11 1.719e+48 5.494e+27 5.504e-30 7.241e-18 4.550e-17
5.012e-11 1.565e+48 6.298e+27 6.309e-30 8.300e-18 5.215e-17
5.623e-11 1.423e+48 7.211e+27 7.224e-30 9.504e-18 5.972e-17
6.310e-11 1.293e+48 8.248e+27 8.262e-30 1.087e-17 6.830e-17
7.079e-11 1.174e+48 9.424e+27 9.440e-30 1.242e-17 7.803e-17
7.943e-11 1.064e+48 1.075e+28 1.077e-29 1.417e-17 8.905e-17
8.913e-11 9.632e+47 1.226e+28 1.228e-29 1.616e-17 1.015e-16
1.000e-10 8.711e+47 1.396e+28 1.398e-29 1.839e-17 1.156e-16
1.122e-10 7.869e+47 1.587e+28 1.590e-29 2.092e-17 1.314e-16
1.259e-10 7.099e+47 1.803e+28 1.806e-29 2.376e-17 1.493e-16
1.413e-10 6.396e+47 2.045e+28 2.048e-29 2.695e-17 1.693e-16
1.585e-10 5.756e+47 2.316e+28 2.320e-29 3.053e-17 1.918e-16
1.778e-10 5.173e+47 2.621e+28 2.625e-29 3.454e-17 2.170e-16
1.995e-10 4.643e+47 2.961e+28 2.966e-29 3.903e-17 2.452e-16
2.239e-10 4.161e+47 3.341e+28 3.347e-29 4.404e-17 2.767e-16
2.512e-10 3.725e+47 3.765e+28 3.772e-29 4.962e-17 3.118e-16
2.818e-10 3.329e+47 4.237e+28 4.244e-29 5.584e-17 3.509e-16
3.162e-10 2.972e+47 4.761e+28 4.769e-29 6.275e-17 3.943e-16
3.548e-10 2.649e+47 5.343e+28 5.352e-29 7.041e-17 4.424e-16
3.981e-10 2.358e+47 5.987e+28 5.997e-29 7.890e-17 4.957e-16
4.467e-10 2.095e+47 6.698e+28 6.710e-29 8.828e-17 5.547e-16
5.012e-10 1.860e+47 7.484e+28 7.496e-29 9.863e-17 6.197e-16
5.623e-10 1.648e+47 8.348e+28 8.363e-29 1.100e-16 6.913e-16
6.310e-10 1.458e+47 9.299e+28 9.315e-29 1.226e-16 7.700e-16
7.079e-10 1.288e+47 1.034e+29 1.036e-28 1.363e-16 8.564e-16
7.943e-10 1.136e+47 1.149e+29 1.150e-28 1.514e-16 9.510e-16
8.913e-10 1.001e+47 1.273e+29 1.276e-28 1.678e-16 1.055e-15
1.000e-09 8.799e+46 1.410e+29 1.412e-28 1.858e-16 1.167e-15
1.122e-09 7.726e+46 1.558e+29 1.561e-28 2.054e-16 1.290e-15
1.259e-09 6.772e+46 1.720e+29 1.723e-28 2.266e-16 1.424e-15
1.413e-09 5.927e+46 1.895e+29 1.898e-28 2.497e-16 1.569e-15
1.585e-09 5.180e+46 2.085e+29 2.088e-28 2.747e-16 1.726e-15
1.778e-09 4.519e+46 2.290e+29 2.294e-28 3.018e-16 1.896e-15
1.995e-09 3.937e+46 2.511e+29 2.515e-28 3.309e-16 2.079e-15
2.239e-09 3.424e+46 2.749e+29 2.754e-28 3.623e-16 2.277e-15
2.512e-09 2.973e+46 3.006e+29 3.011e-28 3.961e-16 2.489e-15
2.818e-09 2.578e+46 3.280e+29 3.286e-28 4.323e-16 2.716e-15
3.162e-09 2.231e+46 3.575e+29 3.581e-28 4.711e-16 2.960e-15
3.548e-09 1.928e+46 3.890e+29 3.896e-28 5.126e-16 3.221e-15
3.981e-09 1.664e+46 4.225e+29 4.233e-28 5.569e-16 3.499e-15
4.467e-09 1.434e+46 4.583e+29 4.591e-28 6.040e-16 3.795e-15
5.012e-09 1.233e+46 4.964e+29 4.972e-28 6.542e-16 4.110e-15
5.623e-09 1.059e+46 5.368e+29 5.377e-28 7.074e-16 4.445e-15
6.310e-09 9.086e+45 5.796e+29 5.806e-28 7.638e-16 4.799e-15
7.079e-09 7.782e+45 6.249e+29 6.259e-28 8.235e-16 5.174e-15
7.943e-09 6.654e+45 6.727e+29 6.738e-28 8.866e-16 5.570e-15
8.913e-09 5.682e+45 7.232e+29 7.244e-28 9.531e-16 5.988e-15
1.000e-08 4.845e+45 7.763e+29 7.776e-28 1.023e-15 6.428e-15
1.122e-08 4.126e+45 8.321e+29 8.336e-28 1.097e-15 6.891e-15
1.259e-08 3.508e+45 8.908e+29 8.923e-28 1.174e-15 7.376e-15
1.413e-08 2.979e+45 9.523e+29 9.539e-28 1.255e-15 7.886e-15
1.585e-08 2.526e+45 1.017e+30 1.018e-27 1.340e-15 8.419e-15
1.778e-08 2.140e+45 1.084e+30 1.086e-27 1.429e-15 8.976e-15
1.995e-08 1.810e+45 1.154e+30 1.156e-27 1.521e-15 9.559e-15
2.239e-08 1.529e+45 1.228e+30 1.230e-27 1.618e-15 1.017e-14
2.512e-08 1.290e+45 1.304e+30 1.306e-27 1.719e-15 1.080e-14
2.818e-08 1.087e+45 1.384e+30 1.386e-27 1.824e-15 1.146e-14
3.162e-08 9.152e+44 1.466e+30 1.469e-27 1.933e-15 1.214e-14
3.548e-08 7.696e+44 1.552e+30 1.555e-27 2.046e-15 1.285e-14
3.981e-08 6.464e+44 1.641e+30 1.644e-27 2.163e-15 1.359e-14
4.467e-08 5.424e+44 1.734e+30 1.737e-27 2.285e-15 1.436e-14
5.012e-08 4.546e+44 1.830e+30 1.833e-27 2.411e-15 1.515e-14
5.623e-08 3.807e+44 1.929e+30 1.932e-27 2.542e-15 1.597e-14
6.310e-08 3.185e+44 2.031e+30 2.035e-27 2.677e-15 1.682e-14
7.079e-08 2.662e+44 2.137e+30 2.141e-27 2.817e-15 1.770e-14
7.943e-08 2.223e+44 2.247e+30 2.251e-27 2.961e-15 1.861e-14
8.913e-08 1.854e+44 2.360e+30 2.364e-27 3.110e-15 1.954e-14
1.000e-07 1.546e+44 2.477e+30 2.481e-27 3.264e-15 2.051e-14
1.122e-07 1.288e+44 2.597e+30 2.601e-27 3.423e-15 2.151e-14
1.259e-07 1.072e+44 2.721e+30 2.726e-27 3.586e-15 2.253e-14
1.413e-07 8.912e+43 2.849e+30 2.854e-27 3.755e-15 2.359e-14
1.585e-07 7.407e+43 2.981e+30 2.986e-27 3.929e-15 2.468e-14
1.778e-07 6.151e+43 3.117e+30 3.122e-27 4.107e-15 2.581e-14
1.995e-07 5.105e+43 3.256e+30 3.262e-27 4.292e-15 2.696e-14
2.239e-07 4.234e+43 3.400e+30 3.406e-27 4.481e-15 2.816e-14
2.512e-07 3.510e+43 3.548e+30 3.554e-27 4.676e-15 2.938e-14
2.818e-07 2.908e+43 3.700e+30 3.707e-27 4.877e-15 3.064e-14
3.162e-07 2.407e+43 3.857e+30 3.864e-27 5.083e-15 3.194e-14
3.548e-07 1.992e+43 4.018e+30 4.025e-27 5.296e-15 3.327e-14
3.981e-07 1.648e+43 4.184e+30 4.191e-27 5.514e-15 3.465e-14
4.467e-07 1.362e+43 4.355e+30 4.362e-27 5.739e-15 3.606e-14
5.012e-07 1.126e+43 4.530e+30 4.537e-27 5.970e-15 3.751e-14
5.623e-07 9.296e+42 4.710e+30 4.718e-27 6.207e-15 3.900e-14
6.310e-07 7.675e+42 4.895e+30 4.904e-27 6.452e-15 4.054e-14
7.079e-07 6.334e+42 5.086e+30 5.094e-27 6.703e-15 4.211e-14
7.943e-07 5.225e+42 5.282e+30 5.291e-27 6.961e-15 4.374e-14
8.913e-07 4.308e+42 5.483e+30 5.492e-27 7.226e-15 4.540e-14
1.000e-06 3.552e+42 5.690e+30 5.700e-27 7.499e-15 4.712e-14
1.122e-06 2.927e+42 5.903e+30 5.913e-27 7.780e-15 4.888e-14
1.259e-06 2.411e+42 6.122e+30 6.132e-27 8.068e-15 5.069e-14
1.413e-06 1.985e+42 6.347e+30 6.358e-27 8.365e-15 5.256e-14
1.585e-06 1.635e+42 6.578e+30 6.590e-27 8.670e-15 5.447e-14
1.778e-06 1.345e+42 6.816e+30 6.828e-27 8.983e-15 5.644e-14
1.995e-06 1.107e+42 7.061e+30 7.073e-27 9.306e-15 5.847e-14
2.239e-06 9.107e+41 7.312e+30 7.325e-27 9.637e-15 6.055e-14
2.512e-06 7.489e+41 7.571e+30 7.584e-27 9.978e-15 6.269e-14
2.818e-06 6.158e+41 7.837e+30 7.850e-27 1.033e-14 6.490e-14
3.162e-06 5.062e+41 8.111e+30 8.124e-27 1.069e-14 6.716e-14
3.548e-06 4.161e+41 8.392e+30 8.406e-27 1.106e-14 6.949e-14
3.981e-06 3.419e+41 8.681e+30 8.696e-27 1.144e-14 7.189e-14
4.467e-06 2.809e+41 8.979e+30 8.994e-27 1.183e-14 7.435e-14
5.012e-06 2.307e+41 9.285e+30 9.301e-27 1.224e-14 7.689e-14
5.623e-06 1.895e+41 9.600e+30 9.616e-27 1.265e-14 7.949e-14
6.310e-06 1.556e+41 9.923e+30 9.940e-27 1.308e-14 8.217e-14
7.079e-06 1.277e+41 1.026e+31 1.027e-26 1.352e-14 8.493e-14
7.943e-06 1.048e+41 1.060e+31 1.062e-26 1.397e-14 8.776e-14
8.913e-06 8.605e+40 1.095e+31 1.097e-26 1.443e-14 9.068e-14
1.000e-05 7.061e+40 1.131e+31 1.133e-26 1.491e-14 9.368e-14
1.122e-05 5.793e+40 1.169e+31 1.171e-26 1.540e-14 9.676e-14
1.259e-05 4.753e+40 1.207e+31 1.209e-26 1.590e-14 9.993e-14
1.413e-05 3.898e+40 1.246e+31 1.248e-26 1.642e-14 1.032e-13
1.585e-05 3.197e+40 1.287e+31 1.289e-26 1.696e-14 1.065e-13
1.778e-05 2.622e+40 1.328e+31 1.331e-26 1.751e-14 1.100e-13
1.995e-05 2.150e+40 1.371e+31 1.373e-26 1.807e-14 1.135e-13
2.239e-05 1.762e+40 1.415e+31 1.418e-26 1.865e-14 1.172e-13
2.512e-05 1.445e+40 1.460e+31 1.463e-26 1.925e-14 1.209e-13
2.818e-05 1.184e+40 1.507e+31 1.510e-26 1.986e-14 1.248e-13
3.162e-05 9.704e+39 1.555e+31 1.557e-26 2.049e-14 1.287e-13
3.548e-05 7.952e+39 1.604e+31 1.607e-26 2.114e-14 1.328e-13
3.981e-05 6.515e+39 1.654e+31 1.657e-26 2.180e-14 1.370e-13
4.467e-05 5.337e+39 1.706e+31 1.709e-26 2.249e-14 1.413e-13
5.012e-05 4.372e+39 1.759e+31 1.762e-26 2.319e-14 1.457e-13
5.623e-05 3.581e+39 1.814e+31 1.817e-26 2.391e-14 1.502e-13
6.310e-05 2.932e+39 1.870e+31 1.874e-26 2.465e-14 1.549e-13
7.079e-05 2.401e+39 1.928e+31 1.931e-26 2.541e-14 1.597e-13
7.943e-05 1.966e+39 1.987e+31 1.991e-26 2.619e-14 1.645e-13
8.913e-05 1.609e+39 2.048e+31 2.051e-26 2.699e-14 1.696e-13
1.000e-04 1.317e+39 2.110e+31 2.114e-26 2.781e-14 1.747e-13
1.122e-04 1.078e+39 2.174e+31 2.178e-26 2.865e-14 1.800e-13
1.259e-04 8.819e+38 2.239e+31 2.243e-26 2.951e-14 1.854e-13
1.413e-04 7.215e+38 2.306e+31 2.310e-26 3.040e-14 1.910e-13
1.585e-04 5.902e+38 2.375e+31 2.379e-26 3.130e-14 1.967e-13
1.778e-04 4.826e+38 2.445e+31 2.449e-26 3.223e-14 2.025e-13
1.995e-04 3.947e+38 2.517e+31 2.522e-26 3.318e-14 2.084e-13
2.239e-04 3.226e+38 2.591e+31 2.595e-26 3.414e-14 2.145e-13
2.512e-04 2.637e+38 2.666e+31 2.670e-26 3.513e-14 2.208e-13
2.818e-04 2.155e+38 2.743e+31 2.747e-26 3.615e-14 2.271e-13
3.162e-04 1.761e+38 2.821e+31 2.826e-26 3.718e-14 2.336e-13
3.548e-04 1.438e+38 2.901e+31 2.906e-26 3.823e-14 2.402e-13
3.981e-04 1.174e+38 2.982e+31 2.987e-26 3.930e-14 2.470e-13
4.467e-04 9.588e+37 3.065e+31 3.070e-26 4.040e-14 2.538e-13
5.012e-04 7.826e+37 3.149e+31 3.155e-26 4.151e-14 2.608e-13
5.623e-04 6.385e+37 3.235e+31 3.240e-26 4.263e-14 2.679e-13
6.310e-04 5.208e+37 3.322e+31 3.327e-26 4.378e-14 2.751e-13
7.079e-04 4.246e+37 3.410e+31 3.415e-26 4.494e-14 2.823e-13
7.943e-04 3.461e+37 3.499e+31 3.505e-26 4.611e-14 2.897e-13
8.913e-04 2.820e+37 3.588e+31 3.594e-26 4.729e-14 2.971e-13
1.000e-03 2.296e+37 3.679e+31 3.685e-26 4.848e-14 3.046e-13
1.122e-03 1.869e+37 3.770e+31 3.776e-26 4.968e-14 3.122e-13
1.259e-03 1.520e+37 3.861e+31 3.867e-26 5.088e-14 3.197e-13
1.413e-03 1.236e+37 3.952e+31 3.959e-26 5.209e-14 3.273e-13
1.585e-03 1.005e+37 4.043e+31 4.050e-26 5.328e-14 3.348e-13
1.778e-03 8.158e+36 4.133e+31 4.140e-26 5.447e-14 3.423e-13
1.995e-03 6.620e+36 4.222e+31 4.230e-26 5.565e-14 3.496e-13
2.239e-03 5.368e+36 4.310e+31 4.317e-26 5.680e-14 3.569e-13
2.512e-03 4.349e+36 4.396e+31 4.403e-26 5.793e-14 3.640e-13
2.818e-03 3.520e+36 4.479e+31 4.487e-26 5.903e-14 3.709e-13
3.162e-03 2.846e+36 4.560e+31 4.567e-26 6.009e-14 3.776e-13
3.548e-03 2.298e+36 4.636e+31 4.644e-26 6.110e-14 3.839e-13
3.981e-03 1.854e+36 4.708e+31 4.716e-26 6.205e-14 3.899e-13
4.467e-03 1.494e+36 4.775e+31 4.783e-26 6.293e-14 3.954e-13
5.012e-03 1.201e+36 4.835e+31 4.843e-26 6.372e-14 4.004e-13
5.623e-03 9.648e+35 4.888e+31 4.896e-26 6.442e-14 4.048e-13
6.310e-03 7.734e+35 4.933e+31 4.941e-26 6.501e-14 4.085e-13
7.079e-03 6.187e+35 4.968e+31 4.977e-26 6.548e-14 4.114e-13
7.943e-03 4.939e+35 4.993e+31 5.001e-26 6.580e-14 4.134e-13
8.913e-03 3.933e+35 5.005e+31 5.014e-26 6.597e-14 4.145e-13
1.000e-02 3.123e+35 5.004e+31 5.013e-26 6.595e-14 4.144e-13
1.122e-02 2.473e+35 4.988e+31 4.996e-26 6.574e-14 4.130e-13
1.259e-02 1.951e+35 4.955e+31 4.964e-26 6.530e-14 4.103e-13
1.413e-02 1.534e+35 4.904e+31 4.912e-26 6.463e-14 4.061e-13
1.585e-02 1.201e+35 4.833e+31 4.842e-26 6.370e-14 4.002e-13
1.778e-02 9.358e+34 4.741e+31 4.749e-26 6.248e-14 3.926e-13
1.995e-02 7.253e+34 4.626e+31 4.634e-26 6.097e-14 3.831e-13
2.239e-02 5.588e+34 4.487e+31 4.495e-26 5.914e-14 3.716e-13
2.512e-02 4.277e+34 4.323e+31 4.331e-26 5.698e-14 3.580e-13
2.818e-02 3.248e+34 4.134e+31 4.141e-26 5.448e-14 3.423e-13
3.162e-02 2.446e+34 3.919e+31 3.925e-26 5.165e-14 3.245e-13
3.548e-02 1.824e+34 3.679e+31 3.685e-26 4.848e-14 3.046e-13
3.981e-02 1.345e+34 3.414e+31 3.420e-26 4.500e-14 2.827e-13
4.467e-02 9.787e+33 3.129e+31 3.134e-26 4.123e-14 2.591e-13
5.012e-02 7.019e+33 2.825e+31 2.830e-26 3.723e-14 2.339e-13
5.623e-02 4.948e+33 2.507e+31 2.511e-26 3.304e-14 2.076e-13
6.310e-02 3.420e+33 2.181e+31 2.185e-26 2.875e-14 1.806e-13
7.079e-02 2.309e+33 1.854e+31 1.858e-26 2.444e-14 1.536e-13
7.943e-02 1.518e+33 1.534e+31 1.537e-26 2.022e-14 1.271e-13
8.913e-02 9.662e+32 1.230e+31 1.232e-26 1.621e-14 1.018e-13
1.000e-01 5.923e+32 9.490e+30 9.506e-27 1.251e-14 7.858e-14
1.122e-01 3.471e+32 7.001e+30 7.013e-27 9.227e-15 5.797e-14
1.259e-01 1.927e+32 4.893e+30 4.901e-27 6.448e-15 4.052e-14
1.413e-01 1.002e+32 3.203e+30 3.208e-27 4.221e-15 2.652e-14
1.585e-01 4.809e+31 1.935e+30 1.939e-27 2.550e-15 1.603e-14
1.778e-01 2.090e+31 1.059e+30 1.061e-27 1.396e-15 8.768e-15
1.995e-01 8.020e+30 5.115e+29 5.124e-28 6.742e-16 4.236e-15
2.239e-01 2.624e+30 2.107e+29 2.111e-28 2.777e-16 1.745e-15
2.512e-01 6.971e+29 7.047e+28 7.059e-29 9.288e-17 5.836e-16
2.818e-01 1.399e+29 1.780e+28 1.783e-29 2.346e-17 1.474e-16
3.162e-01 1.896e+28 3.038e+27 3.043e-30 4.004e-18 2.516e-17
3.548e-01 1.454e+27 2.932e+26 2.937e-31 3.865e-19 2.428e-18
3.981e-01 4.674e+25 1.187e+25 1.189e-32 1.564e-20 9.827e-20
4.467e-01 3.720e+23 1.189e+23 1.191e-34 1.567e-22 9.847e-22
5.012e-01 2.640e+20 1.063e+20 1.064e-37 1.400e-25 8.799e-25
5.623e-01 1.664e+15 8.429e+14 8.443e-43 1.111e-30 6.980e-30
6.310e-01 1.280e+05 8.165e+04 8.179e-53 1.076e-40 6.761e-40
7.079e-01 2.197e-23 1.764e-23 1.767e-80 2.325e-68 1.461e-67
7.943e-01 0.000e+00 0.000e+00 0.000e+00 0.000e+00 0.000e+00
8.913e-01 0.000e+00 0.000e+00 0.000e+00 0.000e+00 0.000e+00
1.000e+00 0.000e+00 0.000e+00 0.000e+00 0.000e+00 0.000e+00
1.122e+00 0.000e+00 0.000e+00 0.000e+00 0.000e+00 0.000e+00
1.259e+00 0.000e+00 0.000e+00 0.000e+00 0.000e+00 0.000e+00
1.413e+00 0.000e+00 0.000e+00 0.000e+00 0.000e+00 0.000e+00
1.585e+00 0.000e+00 0.000e+00 0.000e+00 0.000e+00 0.000e+00
1.778e+00 0.000e+00 0.000e+00 0.000e+00 0.000e+00 0.000e+00
1.995e+00 0.000e+00 0.000e+00 0.000e+00 0.000e+00 0.000e+00
2.239e+00 0.000e+00 0.000e+00 0.000e+00 0.000e+00 0.000e+00
2.512e+00 0.000e+00 0.000e+00 0.000e+00 0.000e+00 0.000e+00
2.818e+00 0.000e+00 0.000e+00 0.000e+00 0.000e+00 0.000e+00
3.162e+00 0.000e+00 0.000e+00 0.000e+00 0.000e+00 0.000e+00
3.548e+00 0.000e+00 0.000e+00 0.000e+00 0.000e+00 0.000e+00
3.981e+00 0.000e+00 0.000e+00 0.000e+00 0.000e+00 0.000e+00
4.467e+00 0.000e+00 0.000e+00 0.000e+00 0.000e+00 0.000e+00
5.012e+00 0.000e+00 0.000e+00 0.000e+00 0.000e+00 0.000e+00
5.623e+00 0.000e+00 0.000e+00 0.000e+00 0.000e+00 0.000e+00
6.310e+00 0.000e+00 0.000e+00 0.000e+00 0.000e+00 0.000e+00
7.079e+00 0.000e+00 0.000e+00 0.000e+00 0.000e+00 0.000e+00
7.943e+00 0.000e+00 0.000e+00 0.000e+00 0.000e+00 0.000e+00
8.913e+00 0.000e+00 0.000e+00 0.000e+00 0.000e+00 0.000e+00
1.000e+01 0.000e+00 0.000e+00 0.000e+00 0.000e+00 0.000e+00
1.122e+01 0.000e+00 0.000e+00 0.000e+00 0.000e+00 0.000e+00
1.259e+01 0.000e+00 0.000e+00 0.000e+00 0.000e+00 0.000e+00
1.413e+01 0.000e+00 0.000e+00 0.000e+00 0.000e+00 0.000e+00
1.585e+01 0.000e+00 0.000e+00 0.000e+00 0.000e+00 0.000e+00
1.778e+01 0.000e+00 0.000e+00 0.000e+00 0.000e+00 0.000e+00
1.995e+01 0.000e+00 0.000e+00 0.000e+00 0.000e+00 0.000e+00
2.239e+01 0.000e+00 0.000e+00 0.000e+00 0.000e+00 0.000e+00
2.512e+01 0.000e+00 0.000e+00 0.000e+00 0.000e+00 0.000e+00
2.818e+01 0.000e+00 0.000e+00 0.000e+00 0.000e+00 0.000e+00
3.162e+01 0.000e+00 0.000e+00 0.000e+00 0.000e+00 0.000e+00
3.548e+01 0.000e+00 0.000e+00 0.000e+00 0.000e+00 0.000e+00
3.981e+01 0.000e+00 0.000e+00 0.000e+00 0.000e+00 0.000e+00
4.467e+01 0.000e+00 0.000e+00 0.000e+00 0.000e+00 0.000e+00
5.012e+01 0.000e+00 0.000e+00 0.000e+00 0.000e+00 0.000e+00
5.623e+01 0.000e+00 0.000e+00 0.000e+00 0.000e+00 0.000e+00
6.310e+01 0.000e+00 0.000e+00 0.000e+00 0.000e+00 0.000e+00
7.079e+01 0.000e+00 0.000e+00 0.000e+00 0.000e+00 0.000e+00
7.943e+01 0.000e+00 0.000e+00 0.000e+00 0.000e+00 0.000e+00
8.913e+01 0.000e+00 0.000e+00 0.000e+00 0.000e+00 0.000e+00
1.000e+02 0.000e+00 0.000e+00 0.000e+00 0.000e+00 0.000e+00
1.122e+02 0.000e+00 0.000e+00 0.000e+00 0.000e+00 0.000e+00
1.259e+02 0.000e+00 0.000e+00 0.000e+00 0.000e+00 0.000e+00
1.413e+02 0.000e+00 0.000e+00 0.000e+00 0.000e+00 0.000e+00
1.585e+02 0.000e+00 0.000e+00 0.000e+00 0.000e+00 0.000e+00
1.778e+02 0.000e+00 0.000e+00 0.000e+00 0.000e+00 0.000e+00
1.995e+02 0.000e+00 0.000e+00 0.000e+00 0.000e+00 0.000e+00
2.239e+02 0.000e+00 0.000e+00 0.000e+00 0.000e+00 0.000e+00
2.512e+02 0.000e+00 0.000e+00 0.000e+00 0.000e+00 0.000e+00
2.818e+02 0.000e+00 0.000e+00 0.000e+00 0.000e+00 0.000e+00
3.162e+02 0.000e+00 0.000e+00 0.000e+00 0.000e+00 0.000e+00
3.548e+02 0.000e+00 0.000e+00 0.000e+00 0.000e+00 0.000e+00
3.981e+02 0.000e+00 0.000e+00 0.000e+00 0.000e+00 0.000e+00
4.467e+02 0.000e+00 0.000e+00 0.000e+00 0.000e+00 0.000e+00
5.012e+02 0.000e+00 0.000e+00 0.000e+00 0.000e+00 0.000e+00
5.623e+02 0.000e+00 0.000e+00 0.000e+00 0.000e+00 0.000e+00
6.310e+02 0.000e+00 0.000e+00 0.000e+00 0.000e+00 0.000e+00
7.079e+02 0.000e+00 0.000e+00 0.000e+00 0.000e+00 0.000e+00
7.943e+02 0.000e+00 0.000e+00 0.000e+00 0.000e+00 0.000e+00
8.913e+02 0.000e+00 0.000e+00 0.000e+00 0.000e+00 0.000e+00
1.000e+03 0.000e+00 0.000e+00 0.000e+00 0.000e+00 0.000e+00
1.122e+03 0.000e+00 0.000e+00 0.000e+00 0.000e+00 0.000e+00
1.259e+03 0.000e+00 0.000e+00 0.000e+00 0.000e+00 0.000e+00
1.413e+03 0.000e+00 0.000e+00 0.000e+00 0.000e+00 0.000e+00
1.585e+03 0.000e+00 0.000e+00 0.000e+00 0.000e+00 0.000e+00
1.778e+03 0.000e+00 0.000e+00 0.000e+00 0.000e+00 0.000e+00
1.995e+03 0.000e+00 0.000e+00 0.000e+00 0.000e+00 0.000e+00
2.239e+03 0.000e+00 0.000e+00 0.000e+00 0.000e+00 0.000e+00
2.512e+03 0.000e+00 0.000e+00 0.000e+00 0.000e+00 0.000e+00
2.818e+03 0.000e+00 0.000e+00 0.000e+00 0.000e+00 0.000e+00
3.162e+03 0.000e+00 0.000e+00 0.000e+00 0.000e+00 0.000e+00
3.548e+03 0.000e+00 0.000e+00 0.000e+00 0.000e+00 0.000e+00
3.981e+03 0.000e+00 0.000e+00 0.000e+00 0.000e+00 0.000e+00
4.467e+03 0.000e+00 0.000e+00 0.000e+00 0.000e+00 0.000e+00
5.012e+03 0.000e+00 0.000e+00 0.000e+00 0.000e+00 0.000e+00
5.623e+03 0.000e+00 0.000e+00 0.000e+00 0.000e+00 0.000e+00
6.310e+03 0.000e+00 0.000e+00 0.000e+00 0.000e+00 0.000e+00
7.079e+03 0.000e+00 0.000e+00 0.000e+00 0.000e+00 0.000e+00
7.943e+03 0.000e+00 0.000e+00 0.000e+00 0.000e+00 0.000e+00
8.913e+03 0.000e+00 0.000e+00 0.000e+00 0.000e+00 0.000e+00
1.000e+04 0.000e+00 0.000e+00 0.000e+00 0.000e+00 0.000e+00
1.122e+04 0.000e+00 0.000e+00 0.000e+00 0.000e+00 0.000e+00
1.259e+04 0.000e+00 0.000e+00 0.000e+00 0.000e+00 0.000e+00
1.413e+04 0.000e+00 0.000e+00 0.000e+00 0.000e+00 0.000e+00
1.585e+04 0.000e+00 0.000e+00 0.000e+00 0.000e+00 0.000e+00
1.778e+04 0.000e+00 0.000e+00 0.000e+00 0.000e+00 0.000e+00
1.995e+04 0.000e+00 0.000e+00 0.000e+00 0.000e+00 0.000e+00
2.239e+04 0.000e+00 0.000e+00 0.000e+00 0.000e+00 0.000e+00
2.512e+04 0.000e+00 0.000e+00 0.000e+00 0.000e+00 0.000e+00
2.818e+04 0.000e+00 0.000e+00 0.000e+00 0.000e+00 0.000e+00
3.162e+04 0.000e+00 0.000e+00 0.000e+00 0.000e+00 0.000e+00
3.548e+04 0.000e+00 0.000e+00 0.000e+00 0.000e+00 0.000e+00
3.981e+04 0.000e+00 0.000e+00 0.000e+00 0.000e+00 0.000e+00
4.467e+04 0.000e+00 0.000e+00 0.000e+00 0.000e+00 0.000e+00
5.012e+04 0.000e+00 0.000e+00 0.000e+00 0.000e+00 0.000e+00
5.623e+04 0.000e+00 0.000e+00 0.000e+00 0.000e+00 0.000e+00
6.310e+04 0.000e+00 0.000e+00 0.000e+00 0.000e+00 0.000e+00
7.079e+04 0.000e+00 0.000e+00 0.000e+00 0.000e+00 0.000e+00
7.943e+04 0.000e+00 0.000e+00 0.000e+00 0.000e+00 0.000e+00
8.913e+04 0.000e+00 0.000e+00 0.000e+00 0.000e+00 0.000e+00
1.000e+05 0.000e+00 0.000e+00 0.000e+00 0.000e+00 0.000e+00
1.122e+05 0.000e+00 0.000e+00 0.000e+00 0.000e+00 0.000e+00
1.259e+05 0.000e+00 0.000e+00 0.000e+00 0.000e+00 0.000e+00
1.413e+05 0.000e+00 0.000e+00 0.000e+00 0.000e+00 0.000e+00
1.585e+05 0.000e+00 0.000e+00 0.000e+00 0.000e+00 0.000e+00
1.778e+05 0.000e+00 0.000e+00 0.000e+00 0.000e+00 0.000e+00
1.995e+05 0.000e+00 0.000e+00 0.000e+00 0.000e+00 0.000e+00
2.239e+05 0.000e+00 0.000e+00 0.000e+00 0.000e+00 0.000e+00
2.512e+05 0.000e+00 0.000e+00 0.000e+00 0.000e+00 0.000e+00
2.818e+05 0.000e+00 0.000e+00 0.000e+00 0.000e+00 0.000e+00
3.162e+05 0.000e+00 0.000e+00 0.000e+00 0.000e+00 0.000e+00
3.548e+05 0.000e+00 0.000e+00 0.000e+00 0.000e+00 0.000e+00
3.981e+05 0.000e+00 0.000e+00 0.000e+00 0.000e+00 0.000e+00
4.467e+05 0.000e+00 0.000e+00 0.000e+00 0.000e+00 0.000e+00
5.012e+05 0.000e+00 0.000e+00 0.000e+00 0.000e+00 0.000e+00
5.623e+05 0.000e+00 0.000e+00 0.000e+00 0.000e+00 0.000e+00
6.310e+05 0.000e+00 0.000e+00 0.000e+00 0.000e+00 0.000e+00
7.079e+05 0.000e+00 0.000e+00 0.000e+00 0.000e+00 0.000e+00
7.943e+05 0.000e+00 0.000e+00 0.000e+00 0.000e+00 0.000e+00
8.913e+05 0.000e+00 0.000e+00 0.000e+00 0.000e+00 0.000e+00
1.000e+06 0.000e+00 0.000e+00 0.000e+00 0.000e+00 0.000e+00
1.122e+06 0.000e+00 0.000e+00 0.000e+00 0.000e+00 0.000e+00
1.259e+06 0.000e+00 0.000e+00 0.000e+00 0.000e+00 0.000e+00
1.413e+06 0.000e+00 0.000e+00 0.000e+00 0.000e+00 0.000e+00
1.585e+06 0.000e+00 0.000e+00 0.000e+00 0.000e+00 0.000e+00
1.778e+06 0.000e+00 0.000e+00 0.000e+00 0.000e+00 0.000e+00
1.995e+06 0.000e+00 0.000e+00 0.000e+00 0.000e+00 0.000e+00
2.239e+06 0.000e+00 0.000e+00 0.000e+00 0.000e+00 0.000e+00
2.512e+06 0.000e+00 0.000e+00 0.000e+00 0.000e+00 0.000e+00
2.818e+06 0.000e+00 0.000e+00 0.000e+00 0.000e+00 0.000e+00
3.162e+06 0.000e+00 0.000e+00 0.000e+00 0.000e+00 0.000e+00
3.548e+06 0.000e+00 0.000e+00 0.000e+00 0.000e+00 0.000e+00
3.981e+06 0.000e+00 0.000e+00 0.000e+00 0.000e+00 0.000e+00
4.467e+06 0.000e+00 0.000e+00 0.000e+00 0.000e+00 0.000e+00
5.012e+06 0.000e+00 0.000e+00 0.000e+00 0.000e+00 0.000e+00
5.623e+06 0.000e+00 0.000e+00 0.000e+00 0.000e+00 0.000e+00
6.310e+06 0.000e+00 0.000e+00 0.000e+00 0.000e+00 0.000e+00
7.079e+06 0.000e+00 0.000e+00 0.000e+00 0.000e+00 0.000e+00
7.943e+06 0.000e+00 0.000e+00 0.000e+00 0.000e+00 0.000e+00
8.913e+06 0.000e+00 0.000e+00 0.000e+00 0.000e+00 0.000e+00
1.000e+07 0.000e+00 0.000e+00 0.000e+00 0.000e+00 0.000e+00
1.122e+07 0.000e+00 0.000e+00 0.000e+00 0.000e+00 0.000e+00
1.259e+07 0.000e+00 0.000e+00 0.000e+00 0.000e+00 0.000e+00
1.413e+07 0.000e+00 0.000e+00 0.000e+00 0.000e+00 0.000e+00
1.585e+07 0.000e+00 0.000e+00 0.000e+00 0.000e+00 0.000e+00
1.778e+07 0.000e+00 0.000e+00 0.000e+00 0.000e+00 0.000e+00
1.995e+07 0.000e+00 0.000e+00 0.000e+00 0.000e+00 0.000e+00
2.239e+07 0.000e+00 0.000e+00 0.000e+00 0.000e+00 0.000e+00
2.512e+07 0.000e+00 0.000e+00 0.000e+00 0.000e+00 0.000e+00
2.818e+07 0.000e+00 0.000e+00 0.000e+00 0.000e+00 0.000e+00
3.162e+07 0.000e+00 0.000e+00 0.000e+00 0.000e+00 0.000e+00
3.548e+07 0.000e+00 0.000e+00 0.000e+00 0.000e+00 0.000e+00
3.981e+07 0.000e+00 0.000e+00 0.000e+00 0.000e+00 0.000e+00
4.467e+07 0.000e+00 0.000e+00 0.000e+00 0.000e+00 0.000e+00
5.012e+07 0.000e+00 0.000e+00 0.000e+00 0.000e+00 0.000e+00
5.623e+07 0.000e+00 0.000e+00 0.000e+00 0.000e+00 0.000e+00
6.310e+07 0.000e+00 0.000e+00 0.000e+00 0.000e+00 0.000e+00
7.079e+07 0.000e+00 0.000e+00 0.000e+00 0.000e+00 0.000e+00
7.943e+07 0.000e+00 0.000e+00 0.000e+00 0.000e+00 0.000e+00
8.913e+07 0.000e+00 0.000e+00 0.000e+00 0.000e+00 0.000e+00
1.000e+08 0.000e+00 0.000e+00 0.000e+00 0.000e+00 0.000e+00
