1.000e-20 7.473e+56 1.197e+17 1.199e-40 7.890e-29 9.915e-28
1.122e-20 6.724e+56 1.356e+17 1.359e-40 8.938e-29 1.123e-27
1.259e-20 6.048e+56 1.536e+17 1.538e-40 1.012e-28 1.272e-27
1.413e-20 5.438e+56 1.738e+17 1.741e-40 1.145e-28 1.439e-27
1.585e-20 4.887e+56 1.967e+17 1.970e-40 1.296e-28 1.629e-27
1.778e-20 4.390e+56 2.224e+17 2.228e-40 1.466e-28 1.842e-27
1.995e-20 3.941e+56 2.514e+17 2.518e-40 1.657e-28 2.082e-27
2.239e-20 3.537e+56 2.840e+17 2.845e-40 1.872e-28 2.352e-27
2.512e-20 3.173e+56 3.208e+17 3.213e-40 2.114e-28 2.656e-27
2.818e-20 2.845e+56 3.621e+17 3.627e-40 2.386e-28 2.999e-27
3.162e-20 2.550e+56 4.086e+17 4.093e-40 2.692e-28 3.383e-27
3.548e-20 2.285e+56 4.608e+17 4.616e-40 3.036e-28 3.816e-27
3.981e-20 2.046e+56 5.194e+17 5.203e-40 3.423e-28 4.301e-27
4.467e-20 1.831e+56 5.853e+17 5.863e-40 3.857e-28 4.846e-27
5.012e-20 1.638e+56 6.591e+17 6.602e-40 4.343e-28 5.458e-27
5.623e-20 1.464e+56 7.419e+17 7.432e-40 4.889e-28 6.144e-27
6.310e-20 1.309e+56 8.347e+17 8.361e-40 5.500e-28 6.912e-27
7.079e-20 1.169e+56 9.386e+17 9.402e-40 6.185e-28 7.773e-27
7.943e-20 1.044e+56 1.055e+18 1.057e-39 6.952e-28 8.736e-27
8.913e-20 9.312e+55 1.185e+18 1.187e-39 7.810e-28 9.814e-27
1.000e-19 8.305e+55 1.331e+18 1.333e-39 8.769e-28 1.102e-26
1.122e-19 7.404e+55 1.493e+18 1.496e-39 9.840e-28 1.237e-26
1.259e-19 6.596e+55 1.675e+18 1.678e-39 1.104e-27 1.387e-26
1.413e-19 5.874e+55 1.878e+18 1.881e-39 1.237e-27 1.555e-26
1.585e-19 5.227e+55 2.104e+18 2.107e-39 1.386e-27 1.742e-26
1.778e-19 4.650e+55 2.356e+18 2.360e-39 1.552e-27 1.951e-26
1.995e-19 4.134e+55 2.637e+18 2.641e-39 1.737e-27 2.183e-26
2.239e-19 3.673e+55 2.949e+18 2.954e-39 1.944e-27 2.442e-26
2.512e-19 3.262e+55 3.297e+18 3.303e-39 2.173e-27 2.730e-26
2.818e-19 2.895e+55 3.684e+18 3.690e-39 2.428e-27 3.051e-26
3.162e-19 2.568e+55 4.114e+18 4.121e-39 2.711e-27 3.407e-26
3.548e-19 2.277e+55 4.592e+18 4.600e-39 3.026e-27 3.802e-26
3.981e-19 2.017e+55 5.122e+18 5.130e-39 3.375e-27 4.241e-26
4.467e-19 1.786e+55 5.710e+18 5.719e-39 3.762e-27 4.728e-26
5.012e-19 1.581e+55 6.361e+18 6.372e-39 4.192e-27 5.268e-26
5.623e-19 1.398e+55 7.083e+18 7.095e-39 4.667e-27 5.865e-26
6.310e-19 1.236e+55 7.882e+18 7.895e-39 5.194e-27 6.527e-26
7.079e-19 1.092e+55 8.766e+18 8.781e-39 5.776e-27 7.259e-26
7.943e-19 9.638e+54 9.743e+18 9.760e-39 6.420e-27 8.068e-26
8.913e-19 8.504e+54 1.082e+19 1.084e-38 7.131e-27 8.962e-26
1.000e-18 7.499e+54 1.201e+19 1.203e-38 7.917e-27 9.948e-26
1.122e-18 6.608e+54 1.333e+19 1.335e-38 8.783e-27 1.104e-25
1.259e-18 5.820e+54 1.478e+19 1.480e-38 9.738e-27 1.224e-25
1.413e-18 5.122e+54 1.637e+19 1.640e-38 1.079e-26 1.356e-25
1.585e-18 4.505e+54 1.813e+19 1.816e-38 1.195e-26 1.501e-25
1.778e-18 3.960e+54 2.007e+19 2.010e-38 1.322e-26 1.662e-25
1.995e-18 3.479e+54 2.219e+19 2.223e-38 1.462e-26 1.838e-25
2.239e-18 3.054e+54 2.453e+19 2.457e-38 1.616e-26 2.031e-25
2.512e-18 2.680e+54 2.709e+19 2.714e-38 1.785e-26 2.243e-25
2.818e-18 2.350e+54 2.990e+19 2.995e-38 1.970e-26 2.476e-25
3.162e-18 2.059e+54 3.299e+19 3.304e-38 2.174e-26 2.731e-25
3.548e-18 1.803e+54 3.636e+19 3.643e-38 2.396e-26 3.011e-25
3.981e-18 1.578e+54 4.006e+19 4.013e-38 2.640e-26 3.317e-25
4.467e-18 1.380e+54 4.411e+19 4.418e-38 2.906e-26 3.652e-25
5.012e-18 1.206e+54 4.853e+19 4.861e-38 3.198e-26 4.018e-25
5.623e-18 1.053e+54 5.336e+19 5.345e-38 3.516e-26 4.418e-25
6.310e-18 9.192e+53 5.863e+19 5.873e-38 3.863e-26 4.855e-25
7.079e-18 8.018e+53 6.438e+19 6.449e-38 4.242e-26 5.331e-25
7.943e-18 6.989e+53 7.065e+19 7.077e-38 4.655e-26 5.850e-25
8.913e-18 6.088e+53 7.748e+19 7.761e-38 5.105e-26 6.416e-25
1.000e-17 5.300e+53 8.491e+19 8.506e-38 5.595e-26 7.031e-25
1.122e-17 4.611e+53 9.300e+19 9.316e-38 6.128e-26 7.701e-25
1.259e-17 4.009e+53 1.018e+20 1.020e-37 6.708e-26 8.429e-25
1.413e-17 3.483e+53 1.113e+20 1.115e-37 7.337e-26 9.220e-25
1.585e-17 3.024e+53 1.217e+20 1.219e-37 8.020e-26 1.008e-24
1.778e-17 2.624e+53 1.330e+20 1.332e-37 8.761e-26 1.101e-24
1.995e-17 2.276e+53 1.452e+20 1.454e-37 9.565e-26 1.202e-24
2.239e-17 1.972e+53 1.584e+20 1.586e-37 1.044e-25 1.311e-24
2.512e-17 1.708e+53 1.727e+20 1.730e-37 1.138e-25 1.430e-24
2.818e-17 1.479e+53 1.882e+20 1.885e-37 1.240e-25 1.558e-24
3.162e-17 1.279e+53 2.049e+20 2.053e-37 1.350e-25 1.697e-24
3.548e-17 1.106e+53 2.231e+20 2.234e-37 1.470e-25 1.847e-24
3.981e-17 9.555e+52 2.426e+20 2.430e-37 1.599e-25 2.009e-24
4.467e-17 8.251e+52 2.638e+20 2.642e-37 1.738e-25 2.184e-24
5.012e-17 7.121e+52 2.866e+20 2.871e-37 1.888e-25 2.373e-24
5.623e-17 6.142e+52 3.112e+20 3.117e-37 2.051e-25 2.577e-24
6.310e-17 5.295e+52 3.377e+20 3.383e-37 2.225e-25 2.796e-24
7.079e-17 4.562e+52 3.663e+20 3.669e-37 2.414e-25 3.033e-24
7.943e-17 3.928e+52 3.971e+20 3.978e-37 2.617e-25 3.288e-24
8.913e-17 3.381e+52 4.303e+20 4.310e-37 2.836e-25 3.563e-24
1.000e-16 2.909e+52 4.660e+20 4.668e-37 3.071e-25 3.859e-24
1.122e-16 2.501e+52 5.045e+20 5.053e-37 3.324e-25 4.177e-24
1.259e-16 2.149e+52 5.458e+20 5.467e-37 3.597e-25 4.520e-24
1.413e-16 1.847e+52 5.903e+20 5.913e-37 3.890e-25 4.888e-24
1.585e-16 1.586e+52 6.381e+20 6.392e-37 4.205e-25 5.284e-24
1.778e-16 1.361e+52 6.895e+20 6.907e-37 4.544e-25 5.710e-24
1.995e-16 1.168e+52 7.448e+20 7.460e-37 4.908e-25 6.167e-24
2.239e-16 1.001e+52 8.041e+20 8.055e-37 5.299e-25 6.659e-24
2.512e-16 8.585e+51 8.679e+20 8.694e-37 5.719e-25 7.187e-24
2.818e-16 7.358e+51 9.364e+20 9.380e-37 6.170e-25 7.754e-24
3.162e-16 6.304e+51 1.010e+21 1.012e-36 6.655e-25 8.363e-24
3.548e-16 5.399e+51 1.089e+21 1.091e-36 7.176e-25 9.018e-24
3.981e-16 4.623e+51 1.174e+21 1.176e-36 7.735e-25 9.720e-24
4.467e-16 3.957e+51 1.265e+21 1.267e-36 8.336e-25 1.048e-23
5.012e-16 3.386e+51 1.363e+21 1.365e-36 8.981e-25 1.129e-23
5.623e-16 2.897e+51 1.468e+21 1.470e-36 9.673e-25 1.216e-23
6.310e-16 2.478e+51 1.581e+21 1.583e-36 1.042e-24 1.309e-23
7.079e-16 2.120e+51 1.702e+21 1.705e-36 1.122e-24 1.409e-23
7.943e-16 1.812e+51 1.832e+21 1.835e-36 1.207e-24 1.517e-23
8.913e-16 1.549e+51 1.972e+21 1.975e-36 1.299e-24 1.633e-23
1.000e-15 1.324e+51 2.122e+21 2.126e-36 1.398e-24 1.757e-23
1.122e-15 1.132e+51 2.283e+21 2.287e-36 1.504e-24 1.891e-23
1.259e-15 9.673e+50 2.456e+21 2.460e-36 1.618e-24 2.034e-23
1.413e-15 8.264e+50 2.642e+21 2.646e-36 1.741e-24 2.188e-23
1.585e-15 7.060e+50 2.841e+21 2.846e-36 1.872e-24 2.353e-23
1.778e-15 6.031e+50 3.056e+21 3.061e-36 2.014e-24 2.530e-23
1.995e-15 5.151e+50 3.286e+21 3.291e-36 2.165e-24 2.721e-23
2.239e-15 4.399e+50 3.533e+21 3.539e-36 2.328e-24 2.925e-23
2.512e-15 3.757e+50 3.798e+21 3.804e-36 2.502e-24 3.145e-23
2.818e-15 3.208e+50 4.082e+21 4.089e-36 2.690e-24 3.380e-23
3.162e-15 2.738e+50 4.387e+21 4.395e-36 2.891e-24 3.633e-23
3.548e-15 2.337e+50 4.715e+21 4.723e-36 3.107e-24 3.904e-23
3.981e-15 1.995e+50 5.066e+21 5.074e-36 3.338e-24 4.195e-23
4.467e-15 1.702e+50 5.442e+21 5.452e-36 3.586e-24 4.507e-23
5.012e-15 1.453e+50 5.846e+21 5.856e-36 3.852e-24 4.841e-23
5.623e-15 1.239e+50 6.279e+21 6.289e-36 4.137e-24 5.199e-23
6.310e-15 1.057e+50 6.742e+21 6.753e-36 4.443e-24 5.583e-23
7.079e-15 9.014e+49 7.238e+21 7.250e-36 4.770e-24 5.994e-23
7.943e-15 7.686e+49 7.769e+21 7.783e-36 5.120e-24 6.434e-23
8.913e-15 6.552e+49 8.338e+21 8.352e-36 5.494e-24 6.904e-23
1.000e-14 5.584e+49 8.946e+21 8.961e-36 5.895e-24 7.408e-23
1.122e-14 4.758e+49 9.596e+21 9.612e-36 6.323e-24 7.946e-23
1.259e-14 4.053e+49 1.029e+22 1.031e-35 6.781e-24 8.522e-23
1.413e-14 3.451e+49 1.103e+22 1.105e-35 7.271e-24 9.136e-23
1.585e-14 2.939e+49 1.183e+22 1.185e-35 7.793e-24 9.793e-23
1.778e-14 2.501e+49 1.267e+22 1.269e-35 8.350e-24 1.049e-22
1.995e-14 2.128e+49 1.357e+22 1.360e-35 8.945e-24 1.124e-22
2.239e-14 1.810e+49 1.454e+22 1.456e-35 9.579e-24 1.204e-22
2.512e-14 1.539e+49 1.556e+22 1.559e-35 1.025e-23 1.289e-22
2.818e-14 1.309e+49 1.665e+22 1.668e-35 1.097e-23 1.379e-22
3.162e-14 1.112e+49 1.782e+22 1.785e-35 1.174e-23 1.475e-22
3.548e-14 9.446e+48 1.905e+22 1.909e-35 1.256e-23 1.578e-22
3.981e-14 8.022e+48 2.037e+22 2.040e-35 1.342e-23 1.687e-22
4.467e-14 6.809e+48 2.177e+22 2.180e-35 1.434e-23 1.802e-22
5.012e-14 5.778e+48 2.325e+22 2.329e-35 1.532e-23 1.925e-22
5.623e-14 4.900e+48 2.483e+22 2.487e-35 1.636e-23 2.056e-22
6.310e-14 4.155e+48 2.650e+22 2.654e-35 1.746e-23 2.194e-22
7.079e-14 3.521e+48 2.827e+22 2.832e-35 1.863e-23 2.341e-22
7.943e-14 2.982e+48 3.015e+22 3.020e-35 1.987e-23 2.497e-22
8.913e-14 2.525e+48 3.214e+22 3.219e-35 2.118e-23 2.661e-22
1.000e-13 2.137e+48 3.424e+22 3.430e-35 2.256e-23 2.835e-22
1.122e-13 1.808e+48 3.647e+22 3.653e-35 2.403e-23 3.020e-22
1.259e-13 1.529e+48 3.882e+22 3.888e-35 2.558e-23 3.214e-22
1.413e-13 1.292e+48 4.130e+22 4.137e-35 2.721e-23 3.420e-22
1.585e-13 1.091e+48 4.392e+22 4.399e-35 2.894e-23 3.637e-22
1.778e-13 9.213e+47 4.668e+22 4.676e-35 3.076e-23 3.865e-22
1.995e-13 7.774e+47 4.959e+22 4.967e-35 3.267e-23 4.106e-22
2.239e-13 6.556e+47 5.265e+22 5.274e-35 3.469e-23 4.360e-22
2.512e-13 5.526e+47 5.587e+22 5.596e-35 3.681e-23 4.626e-22
2.818e-13 4.656e+47 5.925e+22 5.935e-35 3.904e-23 4.906e-22
3.162e-13 3.920e+47 6.280e+22 6.291e-35 4.139e-23 5.201e-22
3.548e-13 3.299e+47 6.653e+22 6.664e-35 4.384e-23 5.509e-22
3.981e-13 2.774e+47 7.044e+22 7.056e-35 4.642e-23 5.833e-22
4.467e-13 2.331e+47 7.453e+22 7.466e-35 4.911e-23 6.172e-22
5.012e-13 1.958e+47 7.881e+22 7.895e-35 5.193e-23 6.526e-22
5.623e-13 1.644e+47 8.329e+22 8.343e-35 5.488e-23 6.897e-22
6.310e-13 1.379e+47 8.796e+22 8.811e-35 5.796e-23 7.284e-22
7.079e-13 1.156e+47 9.283e+22 9.299e-35 6.117e-23 7.687e-22
7.943e-13 9.685e+46 9.791e+22 9.807e-35 6.452e-23 8.107e-22
8.913e-13 8.109e+46 1.032e+23 1.034e-34 6.800e-23 8.545e-22
1.000e-12 6.784e+46 1.087e+23 1.089e-34 7.162e-23 9.000e-22
1.122e-12 5.671e+46 1.144e+23 1.146e-34 7.538e-23 9.473e-22
1.259e-12 4.738e+46 1.203e+23 1.205e-34 7.928e-23 9.963e-22
1.413e-12 3.955e+46 1.264e+23 1.267e-34 8.332e-23 1.047e-21
1.585e-12 3.300e+46 1.328e+23 1.330e-34 8.750e-23 1.100e-21
1.778e-12 2.750e+46 1.393e+23 1.396e-34 9.182e-23 1.154e-21
1.995e-12 2.291e+46 1.461e+23 1.464e-34 9.628e-23 1.210e-21
2.239e-12 1.906e+46 1.531e+23 1.533e-34 1.009e-22 1.268e-21
2.512e-12 1.585e+46 1.602e+23 1.605e-34 1.056e-22 1.327e-21
2.818e-12 1.317e+46 1.676e+23 1.679e-34 1.105e-22 1.388e-21
3.162e-12 1.093e+46 1.752e+23 1.755e-34 1.154e-22 1.451e-21
3.548e-12 9.069e+45 1.829e+23 1.832e-34 1.205e-22 1.515e-21
3.981e-12 7.515e+45 1.908e+23 1.912e-34 1.257e-22 1.580e-21
4.467e-12 6.222e+45 1.989e+23 1.992e-34 1.311e-22 1.647e-21
5.012e-12 5.147e+45 2.071e+23 2.075e-34 1.365e-22 1.715e-21
5.623e-12 4.253e+45 2.155e+23 2.159e-34 1.420e-22 1.784e-21
6.310e-12 3.512e+45 2.240e+23 2.244e-34 1.476e-22 1.855e-21
7.079e-12 2.896e+45 2.326e+23 2.330e-34 1.533e-22 1.926e-21
7.943e-12 2.387e+45 2.413e+23 2.417e-34 1.590e-22 1.998e-21
8.913e-12 1.965e+45 2.500e+23 2.504e-34 1.647e-22 2.070e-21
1.000e-11 1.615e+45 2.588e+23 2.593e-34 1.705e-22 2.143e-21
1.122e-11 1.327e+45 2.676e+23 2.681e-34 1.764e-22 2.216e-21
1.259e-11 1.089e+45 2.765e+23 2.769e-34 1.822e-22 2.289e-21
1.413e-11 8.924e+44 2.853e+23 2.858e-34 1.880e-22 2.362e-21
1.585e-11 7.306e+44 2.940e+23 2.945e-34 1.938e-22 2.435e-21
1.778e-11 5.975e+44 3.027e+23 3.032e-34 1.995e-22 2.507e-21
1.995e-11 4.880e+44 3.113e+23 3.118e-34 2.051e-22 2.577e-21
2.239e-11 3.981e+44 3.197e+23 3.202e-34 2.107e-22 2.647e-21
2.512e-11 3.244e+44 3.279e+23 3.285e-34 2.161e-22 2.715e-21
2.818e-11 2.640e+44 3.360e+23 3.365e-34 2.214e-22 2.782e-21
3.162e-11 2.146e+44 3.438e+23 3.443e-34 2.265e-22 2.847e-21
3.548e-11 1.742e+44 3.513e+23 3.519e-34 2.315e-22 2.909e-21
3.981e-11 1.412e+44 3.585e+23 3.591e-34 2.362e-22 2.968e-21
4.467e-11 1.143e+44 3.653e+23 3.660e-34 2.407e-22 3.025e-21
5.012e-11 9.238e+43 3.718e+23 3.724e-34 2.450e-22 3.079e-21
5.623e-11 7.458e+43 3.778e+23 3.785e-34 2.490e-22 3.129e-21
6.310e-11 6.011e+43 3.834e+23 3.841e-34 2.527e-22 3.175e-21
7.079e-11 4.838e+43 3.885e+23 3.892e-34 2.560e-22 3.217e-21
7.943e-11 3.888e+43 3.931e+23 3.938e-34 2.590e-22 3.255e-21
8.913e-11 3.120e+43 3.971e+23 3.978e-34 2.617e-22 3.288e-21
1.000e-10 2.500e+43 4.005e+23 4.012e-34 2.639e-22 3.316e-21
1.122e-10 1.999e+43 4.033e+23 4.040e-34 2.657e-22 3.339e-21
1.259e-10 1.597e+43 4.054e+23 4.061e-34 2.672e-22 3.357e-21
1.413e-10 1.273e+43 4.069e+23 4.076e-34 2.681e-22 3.369e-21
1.585e-10 1.013e+43 4.076e+23 4.083e-34 2.686e-22 3.376e-21
1.778e-10 8.047e+42 4.077e+23 4.084e-34 2.686e-22 3.376e-21
1.995e-10 6.381e+42 4.070e+23 4.077e-34 2.682e-22 3.370e-21
2.239e-10 5.050e+42 4.055e+23 4.062e-34 2.672e-22 3.358e-21
2.512e-10 3.990e+42 4.034e+23 4.040e-34 2.658e-22 3.340e-21
2.818e-10 3.146e+42 4.004e+23 4.011e-34 2.638e-22 3.316e-21
3.162e-10 2.476e+42 3.967e+23 3.973e-34 2.614e-22 3.285e-21
3.548e-10 1.944e+42 3.922e+23 3.929e-34 2.584e-22 3.248e-21
3.981e-10 1.524e+42 3.870e+23 3.876e-34 2.550e-22 3.204e-21
4.467e-10 1.192e+42 3.810e+23 3.817e-34 2.511e-22 3.155e-21
5.012e-10 9.302e+41 3.743e+23 3.750e-34 2.467e-22 3.100e-21
5.623e-10 7.243e+41 3.670e+23 3.676e-34 2.418e-22 3.039e-21
6.310e-10 5.627e+41 3.589e+23 3.595e-34 2.365e-22 2.972e-21
7.079e-10 4.362e+41 3.503e+23 3.509e-34 2.308e-22 2.900e-21
7.943e-10 3.373e+41 3.410e+23 3.416e-34 2.247e-22 2.824e-21
8.913e-10 2.602e+41 3.312e+23 3.317e-34 2.182e-22 2.742e-21
1.000e-09 2.002e+41 3.208e+23 3.214e-34 2.114e-22 2.657e-21
1.122e-09 1.537e+41 3.100e+23 3.105e-34 2.043e-22 2.567e-21
1.259e-09 1.177e+41 2.988e+23 2.993e-34 1.969e-22 2.474e-21
1.413e-09 8.984e+40 2.872e+23 2.877e-34 1.893e-22 2.378e-21
1.585e-09 6.841e+40 2.753e+23 2.758e-34 1.814e-22 2.280e-21
1.778e-09 5.195e+40 2.632e+23 2.636e-34 1.734e-22 2.179e-21
1.995e-09 3.933e+40 2.509e+23 2.513e-34 1.653e-22 2.077e-21
2.239e-09 2.969e+40 2.384e+23 2.388e-34 1.571e-22 1.974e-21
2.512e-09 2.235e+40 2.259e+23 2.263e-34 1.489e-22 1.871e-21
2.818e-09 1.677e+40 2.134e+23 2.138e-34 1.406e-22 1.767e-21
3.162e-09 1.254e+40 2.010e+23 2.013e-34 1.324e-22 1.664e-21
3.548e-09 9.352e+39 1.886e+23 1.890e-34 1.243e-22 1.562e-21
3.981e-09 6.950e+39 1.765e+23 1.768e-34 1.163e-22 1.461e-21
4.467e-09 5.147e+39 1.645e+23 1.648e-34 1.084e-22 1.362e-21
5.012e-09 3.798e+39 1.529e+23 1.531e-34 1.007e-22 1.266e-21
5.623e-09 2.793e+39 1.415e+23 1.418e-34 9.325e-23 1.172e-21
6.310e-09 2.046e+39 1.305e+23 1.307e-34 8.601e-23 1.081e-21
7.079e-09 1.494e+39 1.199e+23 1.201e-34 7.903e-23 9.932e-22
7.943e-09 1.086e+39 1.098e+23 1.100e-34 7.234e-23 9.091e-22
8.913e-09 7.865e+38 1.001e+23 1.003e-34 6.596e-23 8.288e-22
1.000e-08 5.673e+38 9.088e+22 9.104e-35 5.989e-23 7.526e-22
1.122e-08 4.074e+38 8.218e+22 8.232e-35 5.415e-23 6.805e-22
1.259e-08 2.914e+38 7.399e+22 7.411e-35 4.875e-23 6.127e-22
1.413e-08 2.075e+38 6.632e+22 6.643e-35 4.370e-23 5.492e-22
1.585e-08 1.470e+38 5.918e+22 5.928e-35 3.899e-23 4.900e-22
1.778e-08 1.037e+38 5.256e+22 5.265e-35 3.463e-23 4.352e-22
1.995e-08 7.283e+37 4.645e+22 4.653e-35 3.061e-23 3.847e-22
2.239e-08 5.088e+37 4.086e+22 4.093e-35 2.692e-23 3.383e-22
2.512e-08 3.537e+37 3.576e+22 3.582e-35 2.356e-23 2.961e-22
2.818e-08 2.446e+37 3.113e+22 3.118e-35 2.051e-23 2.578e-22
3.162e-08 1.682e+37 2.696e+22 2.700e-35 1.776e-23 2.232e-22
3.548e-08 1.151e+37 2.321e+22 2.325e-35 1.530e-23 1.922e-22
3.981e-08 7.828e+36 1.988e+22 1.991e-35 1.310e-23 1.646e-22
4.467e-08 5.294e+36 1.692e+22 1.695e-35 1.115e-23 1.401e-22
5.012e-08 3.558e+36 1.432e+22 1.434e-35 9.437e-24 1.186e-22
5.623e-08 2.377e+36 1.204e+22 1.206e-35 7.936e-24 9.973e-23
6.310e-08 1.578e+36 1.007e+22 1.008e-35 6.632e-24 8.335e-23
7.079e-08 1.041e+36 8.356e+21 8.371e-36 5.507e-24 6.920e-23
7.943e-08 6.817e+35 6.891e+21 6.903e-36 4.541e-24 5.706e-23
8.913e-08 4.434e+35 5.644e+21 5.653e-36 3.719e-24 4.673e-23
1.000e-07 2.864e+35 4.589e+21 4.597e-36 3.024e-24 3.800e-23
1.122e-07 1.836e+35 3.704e+21 3.710e-36 2.441e-24 3.067e-23
1.259e-07 1.168e+35 2.967e+21 2.972e-36 1.955e-24 2.457e-23
1.413e-07 7.375e+34 2.358e+21 2.362e-36 1.554e-24 1.952e-23
1.585e-07 4.618e+34 1.859e+21 1.862e-36 1.225e-24 1.539e-23
1.778e-07 2.868e+34 1.453e+21 1.455e-36 9.574e-25 1.203e-23
1.995e-07 1.765e+34 1.126e+21 1.128e-36 7.420e-25 9.324e-24
2.239e-07 1.077e+34 8.649e+20 8.664e-37 5.700e-25 7.162e-24
2.512e-07 6.512e+33 6.583e+20 6.594e-37 4.338e-25 5.451e-24
2.818e-07 3.900e+33 4.963e+20 4.972e-37 3.270e-25 4.110e-24
3.162e-07 2.313e+33 3.705e+20 3.712e-37 2.442e-25 3.068e-24
3.548e-07 1.358e+33 2.738e+20 2.743e-37 1.804e-25 2.267e-24
3.981e-07 7.886e+32 2.003e+20 2.006e-37 1.320e-25 1.658e-24
4.467e-07 4.532e+32 1.449e+20 1.451e-37 9.547e-26 1.200e-24
5.012e-07 2.575e+32 1.036e+20 1.038e-37 6.830e-26 8.583e-25
5.623e-07 1.447e+32 7.330e+19 7.342e-38 4.830e-26 6.070e-25
6.310e-07 8.030e+31 5.122e+19 5.131e-38 3.375e-26 4.241e-25
7.079e-07 4.403e+31 3.535e+19 3.541e-38 2.330e-26 2.928e-25
7.943e-07 2.383e+31 2.409e+19 2.413e-38 1.588e-26 1.995e-25
8.913e-07 1.273e+31 1.620e+19 1.623e-38 1.068e-26 1.342e-25
1.000e-06 6.710e+30 1.075e+19 1.077e-38 7.084e-27 8.902e-26
1.122e-06 3.487e+30 7.033e+18 7.044e-39 4.634e-27 5.823e-26
1.259e-06 1.785e+30 4.534e+18 4.541e-39 2.987e-27 3.754e-26
1.413e-06 9.005e+29 2.879e+18 2.884e-39 1.897e-27 2.384e-26
1.585e-06 4.472e+29 1.800e+18 1.803e-39 1.186e-27 1.490e-26
1.778e-06 2.185e+29 1.107e+18 1.109e-39 7.294e-28 9.166e-27
1.995e-06 1.050e+29 6.695e+17 6.706e-40 4.411e-28 5.544e-27
2.239e-06 4.955e+28 3.979e+17 3.986e-40 2.622e-28 3.295e-27
2.512e-06 2.298e+28 2.323e+17 2.327e-40 1.531e-28 1.923e-27
2.818e-06 1.046e+28 1.331e+17 1.333e-40 8.770e-29 1.102e-27
3.162e-06 4.668e+27 7.479e+16 7.491e-41 4.928e-29 6.193e-28
3.548e-06 2.042e+27 4.119e+16 4.126e-41 2.714e-29 3.411e-28
3.981e-06 8.751e+26 2.222e+16 2.226e-41 1.464e-29 1.840e-28
4.467e-06 3.670e+26 1.173e+16 1.175e-41 7.731e-30 9.715e-29
5.012e-06 1.505e+26 6.058e+15 6.068e-42 3.992e-30 5.016e-29
5.623e-06 6.032e+25 3.056e+15 3.061e-42 2.014e-30 2.531e-29
6.310e-06 2.360e+25 1.505e+15 1.508e-42 9.920e-31 1.247e-29
7.079e-06 9.007e+24 7.233e+14 7.245e-43 4.766e-31 5.989e-30
7.943e-06 3.350e+24 3.387e+14 3.392e-43 2.232e-31 2.804e-30
8.913e-06 1.213e+24 1.544e+14 1.546e-43 1.017e-31 1.278e-30
1.000e-05 4.273e+23 6.845e+13 6.857e-44 4.511e-32 5.668e-31
1.122e-05 1.462e+23 2.949e+13 2.954e-44 1.943e-32 2.442e-31
1.259e-05 4.856e+22 1.233e+13 1.235e-44 8.125e-33 1.021e-31
1.413e-05 1.563e+22 4.998e+12 5.006e-45 3.293e-33 4.138e-32
1.585e-05 4.876e+21 1.962e+12 1.966e-45 1.293e-33 1.625e-32
1.778e-05 1.470e+21 7.448e+11 7.461e-46 4.908e-34 6.168e-33
1.995e-05 4.285e+20 2.733e+11 2.737e-46 1.801e-34 2.263e-33
2.239e-05 1.203e+20 9.662e+10 9.679e-47 6.367e-35 8.001e-34
2.512e-05 3.259e+19 3.294e+10 3.300e-47 2.171e-35 2.728e-34
2.818e-05 8.473e+18 1.078e+10 1.080e-47 7.106e-36 8.929e-35
3.162e-05 2.120e+18 3.397e+09 3.402e-48 2.238e-36 2.813e-35
3.548e-05 5.068e+17 1.022e+09 1.024e-48 6.736e-37 8.465e-36
3.981e-05 1.165e+17 2.958e+08 2.963e-49 1.949e-37 2.449e-36
4.467e-05 2.543e+16 8.129e+07 8.143e-50 5.357e-38 6.731e-37
5.012e-05 5.338e+15 2.148e+07 2.152e-50 1.416e-38 1.779e-37
5.623e-05 1.055e+15 5.347e+06 5.356e-51 3.523e-39 4.428e-38
6.310e-05 2.011e+14 1.283e+06 1.285e-51 8.453e-40 1.062e-38
7.079e-05 3.559e+13 2.858e+05 2.863e-52 1.883e-40 2.366e-39
7.943e-05 6.104e+12 6.171e+04 6.182e-53 4.066e-41 5.110e-40
8.913e-05 9.524e+11 1.212e+04 1.214e-53 7.987e-42 1.004e-40
1.000e-04 1.457e+11 2.335e+03 2.339e-54 1.539e-42 1.934e-41
1.122e-04 1.968e+10 3.969e+02 3.976e-55 2.616e-43 3.287e-42
1.259e-04 2.670e+09 6.781e+01 6.792e-56 4.468e-44 5.615e-43
1.413e-04 3.069e+08 9.810e+00 9.827e-57 6.464e-45 8.123e-44
1.585e-04 3.669e+07 1.477e+00 1.479e-57 9.731e-46 1.223e-44
1.778e-04 3.546e+06 1.796e-01 1.799e-58 1.184e-46 1.488e-45
1.995e-04 3.675e+05 2.344e-02 2.348e-59 1.544e-47 1.941e-46
2.239e-04 2.899e+04 2.328e-03 2.332e-60 1.534e-48 1.928e-47
2.512e-04 2.516e+03 2.544e-04 2.548e-61 1.676e-49 2.106e-48
2.818e-04 1.593e+02 2.027e-05 2.030e-62 1.336e-50 1.678e-49
3.162e-04 1.099e+01 1.761e-06 1.764e-63 1.161e-51 1.459e-50
3.548e-04 5.800e-01 1.170e-07 1.172e-64 7.709e-53 9.687e-52
3.981e-04 3.058e-02 7.765e-09 7.778e-66 5.117e-54 6.430e-53
4.467e-04 1.370e-03 4.378e-10 4.386e-67 2.885e-55 3.626e-54
5.012e-04 5.006e-05 2.015e-11 2.018e-68 1.328e-56 1.668e-55
5.623e-04 1.967e-06 9.966e-13 9.983e-70 6.567e-58 8.252e-57
6.310e-04 4.368e-08 2.786e-14 2.791e-71 1.836e-59 2.307e-58
7.079e-04 1.586e-09 1.274e-15 1.276e-72 8.393e-61 1.055e-59
7.943e-04 2.027e-11 2.049e-17 2.052e-74 1.350e-62 1.696e-61
8.913e-04 6.931e-13 8.820e-19 8.835e-76 5.812e-64 7.304e-63
1.000e-03 3.586e-15 5.745e-21 5.754e-78 3.786e-66 4.757e-65
1.122e-03 1.200e-16 2.420e-22 2.424e-79 1.594e-67 2.004e-66
1.259e-03 2.743e-19 6.965e-25 6.977e-82 4.590e-70 5.768e-69
1.413e-03 9.063e-21 2.897e-26 2.902e-83 1.909e-71 2.399e-70
1.585e-03 5.540e-24 2.230e-29 2.233e-86 1.469e-74 1.846e-73
1.778e-03 1.825e-25 9.246e-31 9.262e-88 6.093e-76 7.657e-75
1.995e-03 3.769e-29 2.404e-34 2.408e-91 1.584e-79 1.991e-78
2.239e-03 1.240e-30 9.958e-36 9.975e-93 6.562e-81 8.246e-80
2.512e-03 4.621e-35 4.671e-40 4.679e-97 3.078e-85 3.868e-84
2.818e-03 1.520e-36 1.934e-41 1.938e-98 1.275e-86 1.602e-85
3.162e-03 1.419e-41 2.273e-46 2.277e-103 1.498e-91 1.882e-90
3.548e-03 4.667e-43 9.413e-48 9.429e-105 6.203e-93 7.794e-92
3.981e-03 0.000e+00 0.000e+00 0.000e+00 0.000e+00 0.000e+00
4.467e-03 0.000e+00 0.000e+00 0.000e+00 0.000e+00 0.000e+00
5.012e-03 0.000e+00 0.000e+00 0.000e+00 0.000e+00 0.000e+00
5.623e-03 0.000e+00 0.000e+00 0.000e+00 0.000e+00 0.000e+00
6.310e-03 0.000e+00 0.000e+00 0.000e+00 0.000e+00 0.000e+00
7.079e-03 0.000e+00 0.000e+00 0.000e+00 0.000e+00 0.000e+00
7.943e-03 0.000e+00 0.000e+00 0.000e+00 0.000e+00 0.000e+00
8.913e-03 0.000e+00 0.000e+00 0.000e+00 0.000e+00 0.000e+00
1.000e-02 0.000e+00 0.000e+00 0.000e+00 0.000e+00 0.000e+00
1.122e-02 0.000e+00 0.000e+00 0.000e+00 0.000e+00 0.000e+00
1.259e-02 0.000e+00 0.000e+00 0.000e+00 0.000e+00 0.000e+00
1.413e-02 0.000e+00 0.000e+00 0.000e+00 0.000e+00 0.000e+00
1.585e-02 0.000e+00 0.000e+00 0.000e+00 0.000e+00 0.000e+00
1.778e-02 0.000e+00 0.000e+00 0.000e+00 0.000e+00 0.000e+00
1.995e-02 0.000e+00 0.000e+00 0.000e+00 0.000e+00 0.000e+00
2.239e-02 0.000e+00 0.000e+00 0.000e+00 0.000e+00 0.000e+00
2.512e-02 0.000e+00 0.000e+00 0.000e+00 0.000e+00 0.000e+00
2.818e-02 0.000e+00 0.000e+00 0.000e+00 0.000e+00 0.000e+00
3.162e-02 0.000e+00 0.000e+00 0.000e+00 0.000e+00 0.000e+00
3.548e-02 0.000e+00 0.000e+00 0.000e+00 0.000e+00 0.000e+00
3.981e-02 0.000e+00 0.000e+00 0.000e+00 0.000e+00 0.000e+00
4.467e-02 0.000e+00 0.000e+00 0.000e+00 0.000e+00 0.000e+00
5.012e-02 0.000e+00 0.000e+00 0.000e+00 0.000e+00 0.000e+00
5.623e-02 0.000e+00 0.000e+00 0.000e+00 0.000e+00 0.000e+00
6.310e-02 0.000e+00 0.000e+00 0.000e+00 0.000e+00 0.000e+00
7.079e-02 0.000e+00 0.000e+00 0.000e+00 0.000e+00 0.000e+00
7.943e-02 0.000e+00 0.000e+00 0.000e+00 0.000e+00 0.000e+00
8.913e-02 0.000e+00 0.000e+00 0.000e+00 0.000e+00 0.000e+00
1.000e-01 0.000e+00 0.000e+00 0.000e+00 0.000e+00 0.000e+00
1.122e-01 0.000e+00 0.000e+00 0.000e+00 0.000e+00 0.000e+00
1.259e-01 0.000e+00 0.000e+00 0.000e+00 0.000e+00 0.000e+00
1.413e-01 0.000e+00 0.000e+00 0.000e+00 0.000e+00 0.000e+00
1.585e-01 0.000e+00 0.000e+00 0.000e+00 0.000e+00 0.000e+00
1.778e-01 0.000e+00 0.000e+00 0.000e+00 0.000e+00 0.000e+00
1.995e-01 0.000e+00 0.000e+00 0.000e+00 0.000e+00 0.000e+00
2.239e-01 0.000e+00 0.000e+00 0.000e+00 0.000e+00 0.000e+00
2.512e-01 0.000e+00 0.000e+00 0.000e+00 0.000e+00 0.000e+00
2.818e-01 0.000e+00 0.000e+00 0.000e+00 0.000e+00 0.000e+00
3.162e-01 0.000e+00 0.000e+00 0.000e+00 0.000e+00 0.000e+00
3.548e-01 0.000e+00 0.000e+00 0.000e+00 0.000e+00 0.000e+00
3.981e-01 0.000e+00 0.000e+00 0.000e+00 0.000e+00 0.000e+00
4.467e-01 0.000e+00 0.000e+00 0.000e+00 0.000e+00 0.000e+00
5.012e-01 0.000e+00 0.000e+00 0.000e+00 0.000e+00 0.000e+00
5.623e-01 0.000e+00 0.000e+00 0.000e+00 0.000e+00 0.000e+00
6.310e-01 0.000e+00 0.000e+00 0.000e+00 0.000e+00 0.000e+00
7.079e-01 0.000e+00 0.000e+00 0.000e+00 0.000e+00 0.000e+00
7.943e-01 0.000e+00 0.000e+00 0.000e+00 0.000e+00 0.000e+00
8.913e-01 0.000e+00 0.000e+00 0.000e+00 0.000e+00 0.000e+00
1.000e+00 0.000e+00 0.000e+00 0.000e+00 0.000e+00 0.000e+00
1.122e+00 0.000e+00 0.000e+00 0.000e+00 0.000e+00 0.000e+00
1.259e+00 0.000e+00 0.000e+00 0.000e+00 0.000e+00 0.000e+00
1.413e+00 0.000e+00 0.000e+00 0.000e+00 0.000e+00 0.000e+00
1.585e+00 0.000e+00 0.000e+00 0.000e+00 0.000e+00 0.000e+00
1.778e+00 0.000e+00 0.000e+00 0.000e+00 0.000e+00 0.000e+00
1.995e+00 0.000e+00 0.000e+00 0.000e+00 0.000e+00 0.000e+00
2.239e+00 0.000e+00 0.000e+00 0.000e+00 0.000e+00 0.000e+00
2.512e+00 0.000e+00 0.000e+00 0.000e+00 0.000e+00 0.000e+00
2.818e+00 0.000e+00 0.000e+00 0.000e+00 0.000e+00 0.000e+00
3.162e+00 0.000e+00 0.000e+00 0.000e+00 0.000e+00 0.000e+00
3.548e+00 0.000e+00 0.000e+00 0.000e+00 0.000e+00 0.000e+00
3.981e+00 0.000e+00 0.000e+00 0.000e+00 0.000e+00 0.000e+00
4.467e+00 0.000e+00 0.000e+00 0.000e+00 0.000e+00 0.000e+00
5.012e+00 0.000e+00 0.000e+00 0.000e+00 0.000e+00 0.000e+00
5.623e+00 0.000e+00 0.000e+00 0.000e+00 0.000e+00 0.000e+00
6.310e+00 0.000e+00 0.000e+00 0.000e+00 0.000e+00 0.000e+00
7.079e+00 0.000e+00 0.000e+00 0.000e+00 0.000e+00 0.000e+00
7.943e+00 0.000e+00 0.000e+00 0.000e+00 0.000e+00 0.000e+00
8.913e+00 0.000e+00 0.000e+00 0.000e+00 0.000e+00 0.000e+00
1.000e+01 0.000e+00 0.000e+00 0.000e+00 0.000e+00 0.000e+00
1.122e+01 0.000e+00 0.000e+00 0.000e+00 0.000e+00 0.000e+00
1.259e+01 0.000e+00 0.000e+00 0.000e+00 0.000e+00 0.000e+00
1.413e+01 0.000e+00 0.000e+00 0.000e+00 0.000e+00 0.000e+00
1.585e+01 0.000e+00 0.000e+00 0.000e+00 0.000e+00 0.000e+00
1.778e+01 0.000e+00 0.000e+00 0.000e+00 0.000e+00 0.000e+00
1.995e+01 0.000e+00 0.000e+00 0.000e+00 0.000e+00 0.000e+00
2.239e+01 0.000e+00 0.000e+00 0.000e+00 0.000e+00 0.000e+00
2.512e+01 0.000e+00 0.000e+00 0.000e+00 0.000e+00 0.000e+00
2.818e+01 0.000e+00 0.000e+00 0.000e+00 0.000e+00 0.000e+00
3.162e+01 0.000e+00 0.000e+00 0.000e+00 0.000e+00 0.000e+00
3.548e+01 0.000e+00 0.000e+00 0.000e+00 0.000e+00 0.000e+00
3.981e+01 0.000e+00 0.000e+00 0.000e+00 0.000e+00 0.000e+00
4.467e+01 0.000e+00 0.000e+00 0.000e+00 0.000e+00 0.000e+00
5.012e+01 0.000e+00 0.000e+00 0.000e+00 0.000e+00 0.000e+00
5.623e+01 0.000e+00 0.000e+00 0.000e+00 0.000e+00 0.000e+00
6.310e+01 0.000e+00 0.000e+00 0.000e+00 0.000e+00 0.000e+00
7.079e+01 0.000e+00 0.000e+00 0.000e+00 0.000e+00 0.000e+00
7.943e+01 0.000e+00 0.000e+00 0.000e+00 0.000e+00 0.000e+00
8.913e+01 0.000e+00 0.000e+00 0.000e+00 0.000e+00 0.000e+00
1.000e+02 0.000e+00 0.000e+00 0.000e+00 0.000e+00 0.000e+00
1.122e+02 0.000e+00 0.000e+00 0.000e+00 0.000e+00 0.000e+00
1.259e+02 0.000e+00 0.000e+00 0.000e+00 0.000e+00 0.000e+00
1.413e+02 0.000e+00 0.000e+00 0.000e+00 0.000e+00 0.000e+00
1.585e+02 0.000e+00 0.000e+00 0.000e+00 0.000e+00 0.000e+00
1.778e+02 0.000e+00 0.000e+00 0.000e+00 0.000e+00 0.000e+00
1.995e+02 0.000e+00 0.000e+00 0.000e+00 0.000e+00 0.000e+00
2.239e+02 0.000e+00 0.000e+00 0.000e+00 0.000e+00 0.000e+00
2.512e+02 0.000e+00 0.000e+00 0.000e+00 0.000e+00 0.000e+00
2.818e+02 0.000e+00 0.000e+00 0.000e+00 0.000e+00 0.000e+00
3.162e+02 0.000e+00 0.000e+00 0.000e+00 0.000e+00 0.000e+00
3.548e+02 0.000e+00 0.000e+00 0.000e+00 0.000e+00 0.000e+00
3.981e+02 0.000e+00 0.000e+00 0.000e+00 0.000e+00 0.000e+00
4.467e+02 0.000e+00 0.000e+00 0.000e+00 0.000e+00 0.000e+00
5.012e+02 0.000e+00 0.000e+00 0.000e+00 0.000e+00 0.000e+00
5.623e+02 0.000e+00 0.000e+00 0.000e+00 0.000e+00 0.000e+00
6.310e+02 0.000e+00 0.000e+00 0.000e+00 0.000e+00 0.000e+00
7.079e+02 0.000e+00 0.000e+00 0.000e+00 0.000e+00 0.000e+00
7.943e+02 0.000e+00 0.000e+00 0.000e+00 0.000e+00 0.000e+00
8.913e+02 0.000e+00 0.000e+00 0.000e+00 0.000e+00 0.000e+00
1.000e+03 0.000e+00 0.000e+00 0.000e+00 0.000e+00 0.000e+00
1.122e+03 0.000e+00 0.000e+00 0.000e+00 0.000e+00 0.000e+00
1.259e+03 0.000e+00 0.000e+00 0.000e+00 0.000e+00 0.000e+00
1.413e+03 0.000e+00 0.000e+00 0.000e+00 0.000e+00 0.000e+00
1.585e+03 0.000e+00 0.000e+00 0.000e+00 0.000e+00 0.000e+00
1.778e+03 0.000e+00 0.000e+00 0.000e+00 0.000e+00 0.000e+00
1.995e+03 0.000e+00 0.000e+00 0.000e+00 0.000e+00 0.000e+00
2.239e+03 0.000e+00 0.000e+00 0.000e+00 0.000e+00 0.000e+00
2.512e+03 0.000e+00 0.000e+00 0.000e+00 0.000e+00 0.000e+00
2.818e+03 0.000e+00 0.000e+00 0.000e+00 0.000e+00 0.000e+00
3.162e+03 0.000e+00 0.000e+00 0.000e+00 0.000e+00 0.000e+00
3.548e+03 0.000e+00 0.000e+00 0.000e+00 0.000e+00 0.000e+00
3.981e+03 0.000e+00 0.000e+00 0.000e+00 0.000e+00 0.000e+00
4.467e+03 0.000e+00 0.000e+00 0.000e+00 0.000e+00 0.000e+00
5.012e+03 0.000e+00 0.000e+00 0.000e+00 0.000e+00 0.000e+00
5.623e+03 0.000e+00 0.000e+00 0.000e+00 0.000e+00 0.000e+00
6.310e+03 0.000e+00 0.000e+00 0.000e+00 0.000e+00 0.000e+00
7.079e+03 0.000e+00 0.000e+00 0.000e+00 0.000e+00 0.000e+00
7.943e+03 0.000e+00 0.000e+00 0.000e+00 0.000e+00 0.000e+00
8.913e+03 0.000e+00 0.000e+00 0.000e+00 0.000e+00 0.000e+00
1.000e+04 0.000e+00 0.000e+00 0.000e+00 0.000e+00 0.000e+00
1.122e+04 0.000e+00 0.000e+00 0.000e+00 0.000e+00 0.000e+00
1.259e+04 0.000e+00 0.000e+00 0.000e+00 0.000e+00 0.000e+00
1.413e+04 0.000e+00 0.000e+00 0.000e+00 0.000e+00 0.000e+00
1.585e+04 0.000e+00 0.000e+00 0.000e+00 0.000e+00 0.000e+00
1.778e+04 0.000e+00 0.000e+00 0.000e+00 0.000e+00 0.000e+00
1.995e+04 0.000e+00 0.000e+00 0.000e+00 0.000e+00 0.000e+00
2.239e+04 0.000e+00 0.000e+00 0.000e+00 0.000e+00 0.000e+00
2.512e+04 0.000e+00 0.000e+00 0.000e+00 0.000e+00 0.000e+00
2.818e+04 0.000e+00 0.000e+00 0.000e+00 0.000e+00 0.000e+00
3.162e+04 0.000e+00 0.000e+00 0.000e+00 0.000e+00 0.000e+00
3.548e+04 0.000e+00 0.000e+00 0.000e+00 0.000e+00 0.000e+00
3.981e+04 0.000e+00 0.000e+00 0.000e+00 0.000e+00 0.000e+00
4.467e+04 0.000e+00 0.000e+00 0.000e+00 0.000e+00 0.000e+00
5.012e+04 0.000e+00 0.000e+00 0.000e+00 0.000e+00 0.000e+00
5.623e+04 0.000e+00 0.000e+00 0.000e+00 0.000e+00 0.000e+00
6.310e+04 0.000e+00 0.000e+00 0.000e+00 0.000e+00 0.000e+00
7.079e+04 0.000e+00 0.000e+00 0.000e+00 0.000e+00 0.000e+00
7.943e+04 0.000e+00 0.000e+00 0.000e+00 0.000e+00 0.000e+00
8.913e+04 0.000e+00 0.000e+00 0.000e+00 0.000e+00 0.000e+00
1.000e+05 0.000e+00 0.000e+00 0.000e+00 0.000e+00 0.000e+00
1.122e+05 0.000e+00 0.000e+00 0.000e+00 0.000e+00 0.000e+00
1.259e+05 0.000e+00 0.000e+00 0.000e+00 0.000e+00 0.000e+00
1.413e+05 0.000e+00 0.000e+00 0.000e+00 0.000e+00 0.000e+00
1.585e+05 0.000e+00 0.000e+00 0.000e+00 0.000e+00 0.000e+00
1.778e+05 0.000e+00 0.000e+00 0.000e+00 0.000e+00 0.000e+00
1.995e+05 0.000e+00 0.000e+00 0.000e+00 0.000e+00 0.000e+00
2.239e+05 0.000e+00 0.000e+00 0.000e+00 0.000e+00 0.000e+00
2.512e+05 0.000e+00 0.000e+00 0.000e+00 0.000e+00 0.000e+00
2.818e+05 0.000e+00 0.000e+00 0.000e+00 0.000e+00 0.000e+00
3.162e+05 0.000e+00 0.000e+00 0.000e+00 0.000e+00 0.000e+00
3.548e+05 0.000e+00 0.000e+00 0.000e+00 0.000e+00 0.000e+00
3.981e+05 0.000e+00 0.000e+00 0.000e+00 0.000e+00 0.000e+00
4.467e+05 0.000e+00 0.000e+00 0.000e+00 0.000e+00 0.000e+00
5.012e+05 0.000e+00 0.000e+00 0.000e+00 0.000e+00 0.000e+00
5.623e+05 0.000e+00 0.000e+00 0.000e+00 0.000e+00 0.000e+00
6.310e+05 0.000e+00 0.000e+00 0.000e+00 0.000e+00 0.000e+00
7.079e+05 0.000e+00 0.000e+00 0.000e+00 0.000e+00 0.000e+00
7.943e+05 0.000e+00 0.000e+00 0.000e+00 0.000e+00 0.000e+00
8.913e+05 0.000e+00 0.000e+00 0.000e+00 0.000e+00 0.000e+00
1.000e+06 0.000e+00 0.000e+00 0.000e+00 0.000e+00 0.000e+00
1.122e+06 0.000e+00 0.000e+00 0.000e+00 0.000e+00 0.000e+00
1.259e+06 0.000e+00 0.000e+00 0.000e+00 0.000e+00 0.000e+00
1.413e+06 0.000e+00 0.000e+00 0.000e+00 0.000e+00 0.000e+00
1.585e+06 0.000e+00 0.000e+00 0.000e+00 0.000e+00 0.000e+00
1.778e+06 0.000e+00 0.000e+00 0.000e+00 0.000e+00 0.000e+00
1.995e+06 0.000e+00 0.000e+00 0.000e+00 0.000e+00 0.000e+00
2.239e+06 0.000e+00 0.000e+00 0.000e+00 0.000e+00 0.000e+00
2.512e+06 0.000e+00 0.000e+00 0.000e+00 0.000e+00 0.000e+00
2.818e+06 0.000e+00 0.000e+00 0.000e+00 0.000e+00 0.000e+00
3.162e+06 0.000e+00 0.000e+00 0.000e+00 0.000e+00 0.000e+00
3.548e+06 0.000e+00 0.000e+00 0.000e+00 0.000e+00 0.000e+00
3.981e+06 0.000e+00 0.000e+00 0.000e+00 0.000e+00 0.000e+00
4.467e+06 0.000e+00 0.000e+00 0.000e+00 0.000e+00 0.000e+00
5.012e+06 0.000e+00 0.000e+00 0.000e+00 0.000e+00 0.000e+00
5.623e+06 0.000e+00 0.000e+00 0.000e+00 0.000e+00 0.000e+00
6.310e+06 0.000e+00 0.000e+00 0.000e+00 0.000e+00 0.000e+00
7.079e+06 0.000e+00 0.000e+00 0.000e+00 0.000e+00 0.000e+00
7.943e+06 0.000e+00 0.000e+00 0.000e+00 0.000e+00 0.000e+00
8.913e+06 0.000e+00 0.000e+00 0.000e+00 0.000e+00 0.000e+00
1.000e+07 0.000e+00 0.000e+00 0.000e+00 0.000e+00 0.000e+00
1.122e+07 0.000e+00 0.000e+00 0.000e+00 0.000e+00 0.000e+00
1.259e+07 0.000e+00 0.000e+00 0.000e+00 0.000e+00 0.000e+00
1.413e+07 0.000e+00 0.000e+00 0.000e+00 0.000e+00 0.000e+00
1.585e+07 0.000e+00 0.000e+00 0.000e+00 0.000e+00 0.000e+00
1.778e+07 0.000e+00 0.000e+00 0.000e+00 0.000e+00 0.000e+00
1.995e+07 0.000e+00 0.000e+00 0.000e+00 0.000e+00 0.000e+00
2.239e+07 0.000e+00 0.000e+00 0.000e+00 0.000e+00 0.000e+00
2.512e+07 0.000e+00 0.000e+00 0.000e+00 0.000e+00 0.000e+00
2.818e+07 0.000e+00 0.000e+00 0.000e+00 0.000e+00 0.000e+00
3.162e+07 0.000e+00 0.000e+00 0.000e+00 0.000e+00 0.000e+00
3.548e+07 0.000e+00 0.000e+00 0.000e+00 0.000e+00 0.000e+00
3.981e+07 0.000e+00 0.000e+00 0.000e+00 0.000e+00 0.000e+00
4.467e+07 0.000e+00 0.000e+00 0.000e+00 0.000e+00 0.000e+00
5.012e+07 0.000e+00 0.000e+00 0.000e+00 0.000e+00 0.000e+00
5.623e+07 0.000e+00 0.000e+00 0.000e+00 0.000e+00 0.000e+00
6.310e+07 0.000e+00 0.000e+00 0.000e+00 0.000e+00 0.000e+00
7.079e+07 0.000e+00 0.000e+00 0.000e+00 0.000e+00 0.000e+00
7.943e+07 0.000e+00 0.000e+00 0.000e+00 0.000e+00 0.000e+00
8.913e+07 0.000e+00 0.000e+00 0.000e+00 0.000e+00 0.000e+00
1.000e+08 0.000e+00 0.000e+00 0.000e+00 0.000e+00 0.000e+00
