5.110e-07 1.122e+56 2.930e+43
5.734e-07 1.112e+56 3.655e+43
6.433e-07 1.101e+56 4.557e+43
7.218e-07 1.089e+56 5.675e+43
8.099e-07 1.076e+56 7.059e+43
9.087e-07 1.062e+56 8.771e+43
1.020e-06 1.047e+56 1.088e+44
1.144e-06 1.031e+56 1.349e+44
1.284e-06 1.013e+56 1.669e+44
1.440e-06 9.938e+55 2.061e+44
1.616e-06 9.734e+55 2.542e+44
1.813e-06 9.512e+55 3.127e+44
2.034e-06 9.271e+55 3.837e+44
2.283e-06 9.014e+55 4.697e+44
2.561e-06 8.741e+55 5.733e+44
2.874e-06 8.453e+55 6.980e+44
3.224e-06 8.145e+55 8.467e+44
3.618e-06 7.823e+55 1.024e+45
4.059e-06 7.483e+55 1.233e+45
4.554e-06 7.129e+55 1.479e+45
5.110e-06 6.760e+55 1.765e+45
5.734e-06 6.385e+55 2.099e+45
6.433e-06 5.997e+55 2.482e+45
7.218e-06 5.604e+55 2.920e+45
8.099e-06 5.209e+55 3.417e+45
9.087e-06 4.815e+55 3.976e+45
1.020e-05 4.425e+55 4.600e+45
1.144e-05 4.040e+55 5.287e+45
1.284e-05 3.665e+55 6.039e+45
1.440e-05 3.306e+55 6.857e+45
1.616e-05 2.961e+55 7.732e+45
1.813e-05 2.635e+55 8.661e+45
2.034e-05 2.330e+55 9.642e+45
2.283e-05 2.047e+55 1.066e+46
2.561e-05 1.787e+55 1.172e+46
2.874e-05 1.550e+55 1.280e+46
3.224e-05 1.337e+55 1.389e+46
3.618e-05 1.146e+55 1.499e+46
4.059e-05 9.765e+54 1.609e+46
4.554e-05 8.278e+54 1.717e+46
5.110e-05 6.981e+54 1.823e+46
5.734e-05 5.858e+54 1.926e+46
6.433e-05 4.893e+54 2.025e+46
7.218e-05 4.069e+54 2.120e+46
8.099e-05 3.371e+54 2.211e+46
9.087e-05 2.781e+54 2.297e+46
1.020e-04 2.287e+54 2.377e+46
1.144e-04 1.874e+54 2.453e+46
1.284e-04 1.532e+54 2.523e+46
1.440e-04 1.248e+54 2.589e+46
1.616e-04 1.014e+54 2.649e+46
1.813e-04 8.227e+53 2.705e+46
2.034e-04 6.658e+53 2.755e+46
2.283e-04 5.378e+53 2.802e+46
2.561e-04 4.337e+53 2.844e+46
2.874e-04 3.491e+53 2.883e+46
3.224e-04 2.807e+53 2.918e+46
3.618e-04 2.254e+53 2.949e+46
4.059e-04 1.807e+53 2.978e+46
4.554e-04 1.448e+53 3.003e+46
5.110e-04 1.275e+53 3.330e+46
5.734e-04 1.013e+53 3.330e+46
6.433e-04 8.047e+52 3.330e+46
7.218e-04 6.392e+52 3.330e+46
8.099e-04 5.077e+52 3.330e+46
9.087e-04 4.033e+52 3.330e+46
1.020e-03 3.204e+52 3.330e+46
1.144e-03 2.545e+52 3.330e+46
1.284e-03 2.021e+52 3.330e+46
1.440e-03 1.606e+52 3.330e+46
1.616e-03 1.275e+52 3.330e+46
1.813e-03 1.013e+52 3.330e+46
2.034e-03 8.047e+51 3.330e+46
2.283e-03 6.392e+51 3.330e+46
2.561e-03 5.077e+51 3.330e+46
2.874e-03 4.033e+51 3.330e+46
3.224e-03 3.204e+51 3.330e+46
3.618e-03 2.545e+51 3.330e+46
4.059e-03 2.021e+51 3.330e+46
4.554e-03 1.606e+51 3.330e+46
5.110e-03 1.275e+51 3.330e+46
5.734e-03 1.013e+51 3.330e+46
6.433e-03 8.047e+50 3.330e+46
7.218e-03 6.392e+50 3.330e+46
8.099e-03 5.077e+50 3.330e+46
9.087e-03 4.033e+50 3.330e+46
1.020e-02 3.203e+50 3.330e+46
1.144e-02 2.544e+50 3.330e+46
1.284e-02 2.021e+50 3.330e+46
1.440e-02 1.605e+50 3.330e+46
1.616e-02 1.275e+50 3.330e+46
1.813e-02 1.013e+50 3.330e+46
2.034e-02 8.046e+49 3.330e+46
2.283e-02 6.108e+49 3.182e+46
2.561e-02 4.850e+49 3.181e+46
2.874e-02 3.851e+49 3.180e+46
3.224e-02 3.057e+49 3.178e+46
3.618e-02 2.428e+49 3.177e+46
4.059e-02 1.927e+49 3.175e+46
4.554e-02 1.530e+49 3.174e+46
5.110e-02 1.215e+49 3.172e+46
5.734e-02 9.645e+48 3.171e+46
6.433e-02 7.657e+48 3.169e+46
7.218e-02 6.078e+48 3.167e+46
8.099e-02 4.825e+48 3.165e+46
9.087e-02 3.830e+48 3.163e+46
1.020e-01 3.040e+48 3.160e+46
1.144e-01 2.413e+48 3.158e+46
1.284e-01 1.915e+48 3.155e+46
1.440e-01 1.520e+48 3.152e+46
1.616e-01 1.206e+48 3.149e+46
1.813e-01 9.568e+47 3.145e+46
2.034e-01 7.590e+47 3.141e+46
2.283e-01 6.020e+47 3.136e+46
2.561e-01 4.773e+47 3.131e+46
2.874e-01 3.783e+47 3.124e+46
3.224e-01 2.997e+47 3.116e+46
3.618e-01 2.374e+47 3.106e+46
4.059e-01 1.878e+47 3.094e+46
4.554e-01 1.484e+47 3.079e+46
5.110e-01 1.172e+47 3.059e+46
5.734e-01 9.230e+46 3.034e+46
6.433e-01 7.249e+46 3.000e+46
7.218e-01 5.668e+46 2.953e+46
8.099e-01 4.401e+46 2.886e+46
9.087e-01 3.372e+46 2.784e+46
1.020e+00 2.504e+46 2.603e+46
1.144e+00 1.538e+46 2.013e+46
