1.000e-20 0.000e+00 0.000e+00 0.000e+00 0.000e+00 0.000e+00
1.122e-20 0.000e+00 0.000e+00 0.000e+00 0.000e+00 0.000e+00
1.259e-20 0.000e+00 0.000e+00 0.000e+00 0.000e+00 0.000e+00
1.413e-20 0.000e+00 0.000e+00 0.000e+00 0.000e+00 0.000e+00
1.585e-20 0.000e+00 0.000e+00 0.000e+00 0.000e+00 0.000e+00
1.778e-20 0.000e+00 0.000e+00 0.000e+00 0.000e+00 0.000e+00
1.995e-20 0.000e+00 0.000e+00 0.000e+00 0.000e+00 0.000e+00
2.239e-20 0.000e+00 0.000e+00 0.000e+00 0.000e+00 0.000e+00
2.512e-20 0.000e+00 0.000e+00 0.000e+00 0.000e+00 0.000e+00
2.818e-20 0.000e+00 0.000e+00 0.000e+00 0.000e+00 0.000e+00
3.162e-20 0.000e+00 0.000e+00 0.000e+00 0.000e+00 0.000e+00
3.548e-20 0.000e+00 0.000e+00 0.000e+00 0.000e+00 0.000e+00
3.981e-20 0.000e+00 0.000e+00 0.000e+00 0.000e+00 0.000e+00
4.467e-20 0.000e+00 0.000e+00 0.000e+00 0.000e+00 0.000e+00
5.012e-20 0.000e+00 0.000e+00 0.000e+00 0.000e+00 0.000e+00
5.623e-20 0.000e+00 0.000e+00 0.000e+00 0.000e+00 0.000e+00
6.310e-20 0.000e+00 0.000e+00 0.000e+00 0.000e+00 0.000e+00
7.079e-20 0.000e+00 0.000e+00 0.000e+00 0.000e+00 0.000e+00
7.943e-20 0.000e+00 0.000e+00 0.000e+00 0.000e+00 0.000e+00
8.913e-20 0.000e+00 0.000e+00 0.000e+00 0.000e+00 0.000e+00
1.000e-19 0.000e+00 0.000e+00 0.000e+00 0.000e+00 0.000e+00
1.122e-19 0.000e+00 0.000e+00 0.000e+00 0.000e+00 0.000e+00
1.259e-19 0.000e+00 0.000e+00 0.000e+00 0.000e+00 0.000e+00
1.413e-19 0.000e+00 0.000e+00 0.000e+00 0.000e+00 0.000e+00
1.585e-19 0.000e+00 0.000e+00 0.000e+00 0.000e+00 0.000e+00
1.778e-19 0.000e+00 0.000e+00 0.000e+00 0.000e+00 0.000e+00
1.995e-19 0.000e+00 0.000e+00 0.000e+00 0.000e+00 0.000e+00
2.239e-19 0.000e+00 0.000e+00 0.000e+00 0.000e+00 0.000e+00
2.512e-19 0.000e+00 0.000e+00 0.000e+00 0.000e+00 0.000e+00
2.818e-19 0.000e+00 0.000e+00 0.000e+00 0.000e+00 0.000e+00
3.162e-19 0.000e+00 0.000e+00 0.000e+00 0.000e+00 0.000e+00
3.548e-19 0.000e+00 0.000e+00 0.000e+00 0.000e+00 0.000e+00
3.981e-19 0.000e+00 0.000e+00 0.000e+00 0.000e+00 0.000e+00
4.467e-19 0.000e+00 0.000e+00 0.000e+00 0.000e+00 0.000e+00
5.012e-19 0.000e+00 0.000e+00 0.000e+00 0.000e+00 0.000e+00
5.623e-19 0.000e+00 0.000e+00 0.000e+00 0.000e+00 0.000e+00
6.310e-19 0.000e+00 0.000e+00 0.000e+00 0.000e+00 0.000e+00
7.079e-19 0.000e+00 0.000e+00 0.000e+00 0.000e+00 0.000e+00
7.943e-19 0.000e+00 0.000e+00 0.000e+00 0.000e+00 0.000e+00
8.913e-19 0.000e+00 0.000e+00 0.000e+00 0.000e+00 0.000e+00
1.000e-18 0.000e+00 0.000e+00 0.000e+00 0.000e+00 0.000e+00
1.122e-18 0.000e+00 0.000e+00 0.000e+00 0.000e+00 0.000e+00
1.259e-18 0.000e+00 0.000e+00 0.000e+00 0.000e+00 0.000e+00
1.413e-18 0.000e+00 0.000e+00 0.000e+00 0.000e+00 0.000e+00
1.585e-18 0.000e+00 0.000e+00 0.000e+00 0.000e+00 0.000e+00
1.778e-18 0.000e+00 0.000e+00 0.000e+00 0.000e+00 0.000e+00
1.995e-18 0.000e+00 0.000e+00 0.000e+00 0.000e+00 0.000e+00
2.239e-18 0.000e+00 0.000e+00 0.000e+00 0.000e+00 0.000e+00
2.512e-18 0.000e+00 0.000e+00 0.000e+00 0.000e+00 0.000e+00
2.818e-18 0.000e+00 0.000e+00 0.000e+00 0.000e+00 0.000e+00
3.162e-18 0.000e+00 0.000e+00 0.000e+00 0.000e+00 0.000e+00
3.548e-18 0.000e+00 0.000e+00 0.000e+00 0.000e+00 0.000e+00
3.981e-18 0.000e+00 0.000e+00 0.000e+00 0.000e+00 0.000e+00
4.467e-18 0.000e+00 0.000e+00 0.000e+00 0.000e+00 0.000e+00
5.012e-18 0.000e+00 0.000e+00 0.000e+00 0.000e+00 0.000e+00
5.623e-18 0.000e+00 0.000e+00 0.000e+00 0.000e+00 0.000e+00
6.310e-18 0.000e+00 0.000e+00 0.000e+00 0.000e+00 0.000e+00
7.079e-18 0.000e+00 0.000e+00 0.000e+00 0.000e+00 0.000e+00
7.943e-18 0.000e+00 0.000e+00 0.000e+00 0.000e+00 0.000e+00
8.913e-18 0.000e+00 0.000e+00 0.000e+00 0.000e+00 0.000e+00
1.000e-17 0.000e+00 0.000e+00 0.000e+00 0.000e+00 0.000e+00
1.122e-17 0.000e+00 0.000e+00 0.000e+00 0.000e+00 0.000e+00
1.259e-17 0.000e+00 0.000e+00 0.000e+00 0.000e+00 0.000e+00
1.413e-17 0.000e+00 0.000e+00 0.000e+00 0.000e+00 0.000e+00
1.585e-17 0.000e+00 0.000e+00 0.000e+00 0.000e+00 0.000e+00
1.778e-17 0.000e+00 0.000e+00 0.000e+00 0.000e+00 0.000e+00
1.995e-17 0.000e+00 0.000e+00 0.000e+00 0.000e+00 0.000e+00
2.239e-17 0.000e+00 0.000e+00 0.000e+00 0.000e+00 0.000e+00
2.512e-17 0.000e+00 0.000e+00 0.000e+00 0.000e+00 0.000e+00
2.818e-17 0.000e+00 0.000e+00 0.000e+00 0.000e+00 0.000e+00
3.162e-17 0.000e+00 0.000e+00 0.000e+00 0.000e+00 0.000e+00
3.548e-17 0.000e+00 0.000e+00 0.000e+00 0.000e+00 0.000e+00
3.981e-17 0.000e+00 0.000e+00 0.000e+00 0.000e+00 0.000e+00
4.467e-17 0.000e+00 0.000e+00 0.000e+00 0.000e+00 0.000e+00
5.012e-17 0.000e+00 0.000e+00 0.000e+00 0.000e+00 0.000e+00
5.623e-17 0.000e+00 0.000e+00 0.000e+00 0.000e+00 0.000e+00
6.310e-17 0.000e+00 0.000e+00 0.000e+00 0.000e+00 0.000e+00
7.079e-17 0.000e+00 0.000e+00 0.000e+00 0.000e+00 0.000e+00
7.943e-17 0.000e+00 0.000e+00 0.000e+00 0.000e+00 0.000e+00
8.913e-17 0.000e+00 0.000e+00 0.000e+00 0.000e+00 0.000e+00
1.000e-16 0.000e+00 0.000e+00 0.000e+00 0.000e+00 0.000e+00
1.122e-16 0.000e+00 0.000e+00 0.000e+00 0.000e+00 0.000e+00
1.259e-16 0.000e+00 0.000e+00 0.000e+00 0.000e+00 0.000e+00
1.413e-16 0.000e+00 0.000e+00 0.000e+00 0.000e+00 0.000e+00
1.585e-16 0.000e+00 0.000e+00 0.000e+00 0.000e+00 0.000e+00
1.778e-16 0.000e+00 0.000e+00 0.000e+00 0.000e+00 0.000e+00
1.995e-16 0.000e+00 0.000e+00 0.000e+00 0.000e+00 0.000e+00
2.239e-16 0.000e+00 0.000e+00 0.000e+00 0.000e+00 0.000e+00
2.512e-16 0.000e+00 0.000e+00 0.000e+00 0.000e+00 0.000e+00
2.818e-16 0.000e+00 0.000e+00 0.000e+00 0.000e+00 0.000e+00
3.162e-16 0.000e+00 0.000e+00 0.000e+00 0.000e+00 0.000e+00
3.548e-16 0.000e+00 0.000e+00 0.000e+00 0.000e+00 0.000e+00
3.981e-16 0.000e+00 0.000e+00 0.000e+00 0.000e+00 0.000e+00
4.467e-16 0.000e+00 0.000e+00 0.000e+00 0.000e+00 0.000e+00
5.012e-16 0.000e+00 0.000e+00 0.000e+00 0.000e+00 0.000e+00
5.623e-16 0.000e+00 0.000e+00 0.000e+00 0.000e+00 0.000e+00
6.310e-16 0.000e+00 0.000e+00 0.000e+00 0.000e+00 0.000e+00
7.079e-16 0.000e+00 0.000e+00 0.000e+00 0.000e+00 0.000e+00
7.943e-16 0.000e+00 0.000e+00 0.000e+00 0.000e+00 0.000e+00
8.913e-16 0.000e+00 0.000e+00 0.000e+00 0.000e+00 0.000e+00
1.000e-15 0.000e+00 0.000e+00 0.000e+00 0.000e+00 0.000e+00
1.122e-15 0.000e+00 0.000e+00 0.000e+00 0.000e+00 0.000e+00
1.259e-15 0.000e+00 0.000e+00 0.000e+00 0.000e+00 0.000e+00
1.413e-15 0.000e+00 0.000e+00 0.000e+00 0.000e+00 0.000e+00
1.585e-15 0.000e+00 0.000e+00 0.000e+00 0.000e+00 0.000e+00
1.778e-15 0.000e+00 0.000e+00 0.000e+00 0.000e+00 0.000e+00
1.995e-15 0.000e+00 0.000e+00 0.000e+00 0.000e+00 0.000e+00
2.239e-15 0.000e+00 0.000e+00 0.000e+00 0.000e+00 0.000e+00
2.512e-15 0.000e+00 0.000e+00 0.000e+00 0.000e+00 0.000e+00
2.818e-15 0.000e+00 0.000e+00 0.000e+00 0.000e+00 0.000e+00
3.162e-15 0.000e+00 0.000e+00 0.000e+00 0.000e+00 0.000e+00
3.548e-15 0.000e+00 0.000e+00 0.000e+00 0.000e+00 0.000e+00
3.981e-15 0.000e+00 0.000e+00 0.000e+00 0.000e+00 0.000e+00
4.467e-15 0.000e+00 0.000e+00 0.000e+00 0.000e+00 0.000e+00
5.012e-15 0.000e+00 0.000e+00 0.000e+00 0.000e+00 0.000e+00
5.623e-15 0.000e+00 0.000e+00 0.000e+00 0.000e+00 0.000e+00
6.310e-15 0.000e+00 0.000e+00 0.000e+00 0.000e+00 0.000e+00
7.079e-15 0.000e+00 0.000e+00 0.000e+00 0.000e+00 0.000e+00
7.943e-15 0.000e+00 0.000e+00 0.000e+00 0.000e+00 0.000e+00
8.913e-15 0.000e+00 0.000e+00 0.000e+00 0.000e+00 0.000e+00
1.000e-14 0.000e+00 0.000e+00 0.000e+00 0.000e+00 0.000e+00
1.122e-14 0.000e+00 0.000e+00 0.000e+00 0.000e+00 0.000e+00
1.259e-14 0.000e+00 0.000e+00 0.000e+00 0.000e+00 0.000e+00
1.413e-14 0.000e+00 0.000e+00 0.000e+00 0.000e+00 0.000e+00
1.585e-14 0.000e+00 0.000e+00 0.000e+00 0.000e+00 0.000e+00
1.778e-14 0.000e+00 0.000e+00 0.000e+00 0.000e+00 0.000e+00
1.995e-14 0.000e+00 0.000e+00 0.000e+00 0.000e+00 0.000e+00
2.239e-14 0.000e+00 0.000e+00 0.000e+00 0.000e+00 0.000e+00
2.512e-14 0.000e+00 0.000e+00 0.000e+00 0.000e+00 0.000e+00
2.818e-14 0.000e+00 0.000e+00 0.000e+00 0.000e+00 0.000e+00
3.162e-14 0.000e+00 0.000e+00 0.000e+00 0.000e+00 0.000e+00
3.548e-14 0.000e+00 0.000e+00 0.000e+00 0.000e+00 0.000e+00
3.981e-14 0.000e+00 0.000e+00 0.000e+00 0.000e+00 0.000e+00
4.467e-14 0.000e+00 0.000e+00 0.000e+00 0.000e+00 0.000e+00
5.012e-14 0.000e+00 0.000e+00 0.000e+00 0.000e+00 0.000e+00
5.623e-14 0.000e+00 0.000e+00 0.000e+00 0.000e+00 0.000e+00
6.310e-14 0.000e+00 0.000e+00 0.000e+00 0.000e+00 0.000e+00
7.079e-14 0.000e+00 0.000e+00 0.000e+00 0.000e+00 0.000e+00
7.943e-14 0.000e+00 0.000e+00 0.000e+00 0.000e+00 0.000e+00
8.913e-14 0.000e+00 0.000e+00 0.000e+00 0.000e+00 0.000e+00
1.000e-13 0.000e+00 0.000e+00 0.000e+00 0.000e+00 0.000e+00
1.122e-13 0.000e+00 0.000e+00 0.000e+00 0.000e+00 0.000e+00
1.259e-13 0.000e+00 0.000e+00 0.000e+00 0.000e+00 0.000e+00
1.413e-13 0.000e+00 0.000e+00 0.000e+00 0.000e+00 0.000e+00
1.585e-13 0.000e+00 0.000e+00 0.000e+00 0.000e+00 0.000e+00
1.778e-13 0.000e+00 0.000e+00 0.000e+00 0.000e+00 0.000e+00
1.995e-13 0.000e+00 0.000e+00 0.000e+00 0.000e+00 0.000e+00
2.239e-13 0.000e+00 0.000e+00 0.000e+00 0.000e+00 0.000e+00
2.512e-13 0.000e+00 0.000e+00 0.000e+00 0.000e+00 0.000e+00
2.818e-13 0.000e+00 0.000e+00 0.000e+00 0.000e+00 0.000e+00
3.162e-13 0.000e+00 0.000e+00 0.000e+00 0.000e+00 0.000e+00
3.548e-13 0.000e+00 0.000e+00 0.000e+00 0.000e+00 0.000e+00
3.981e-13 0.000e+00 0.000e+00 0.000e+00 0.000e+00 0.000e+00
4.467e-13 0.000e+00 0.000e+00 0.000e+00 0.000e+00 0.000e+00
5.012e-13 0.000e+00 0.000e+00 0.000e+00 0.000e+00 0.000e+00
5.623e-13 0.000e+00 0.000e+00 0.000e+00 0.000e+00 0.000e+00
6.310e-13 0.000e+00 0.000e+00 0.000e+00 0.000e+00 0.000e+00
7.079e-13 0.000e+00 0.000e+00 0.000e+00 0.000e+00 0.000e+00
7.943e-13 0.000e+00 0.000e+00 0.000e+00 0.000e+00 0.000e+00
8.913e-13 0.000e+00 0.000e+00 0.000e+00 0.000e+00 0.000e+00
1.000e-12 0.000e+00 0.000e+00 0.000e+00 0.000e+00 0.000e+00
1.122e-12 1.392e+46 2.807e+22 2.812e-35 3.700e-23 2.324e-22
1.259e-12 1.305e+46 3.313e+22 3.319e-35 4.367e-23 2.744e-22
1.413e-12 1.223e+46 3.910e+22 3.917e-35 5.153e-23 3.238e-22
1.585e-12 1.146e+46 4.613e+22 4.621e-35 6.079e-23 3.820e-22
1.778e-12 1.074e+46 5.441e+22 5.450e-35 7.170e-23 4.505e-22
1.995e-12 1.006e+46 6.415e+22 6.426e-35 8.455e-23 5.312e-22
2.239e-12 9.417e+45 7.562e+22 7.575e-35 9.966e-23 6.262e-22
2.512e-12 8.815e+45 8.911e+22 8.926e-35 1.174e-22 7.379e-22
2.818e-12 8.248e+45 1.050e+23 1.051e-34 1.383e-22 8.692e-22
3.162e-12 7.715e+45 1.236e+23 1.238e-34 1.629e-22 1.024e-21
3.548e-12 7.215e+45 1.455e+23 1.458e-34 1.918e-22 1.205e-21
3.981e-12 6.744e+45 1.713e+23 1.715e-34 2.257e-22 1.418e-21
4.467e-12 6.302e+45 2.015e+23 2.018e-34 2.655e-22 1.668e-21
5.012e-12 5.887e+45 2.369e+23 2.373e-34 3.122e-22 1.962e-21
5.623e-12 5.496e+45 2.785e+23 2.789e-34 3.670e-22 2.306e-21
6.310e-12 5.130e+45 3.272e+23 3.278e-34 4.312e-22 2.709e-21
7.079e-12 4.786e+45 3.843e+23 3.850e-34 5.065e-22 3.182e-21
7.943e-12 4.463e+45 4.512e+23 4.519e-34 5.946e-22 3.736e-21
8.913e-12 4.160e+45 5.294e+23 5.303e-34 6.977e-22 4.384e-21
1.000e-11 3.876e+45 6.210e+23 6.220e-34 8.184e-22 5.142e-21
1.122e-11 3.609e+45 7.280e+23 7.292e-34 9.594e-22 6.028e-21
1.259e-11 3.359e+45 8.530e+23 8.545e-34 1.124e-21 7.064e-21
1.413e-11 3.125e+45 9.991e+23 1.001e-33 1.317e-21 8.273e-21
1.585e-11 2.906e+45 1.169e+24 1.171e-33 1.541e-21 9.684e-21
1.778e-11 2.700e+45 1.368e+24 1.370e-33 1.803e-21 1.133e-20
1.995e-11 2.508e+45 1.600e+24 1.602e-33 2.108e-21 1.325e-20
2.239e-11 2.328e+45 1.869e+24 1.873e-33 2.464e-21 1.548e-20
2.512e-11 2.160e+45 2.183e+24 2.187e-33 2.877e-21 1.808e-20
2.818e-11 2.002e+45 2.548e+24 2.552e-33 3.358e-21 2.110e-20
3.162e-11 1.855e+45 2.972e+24 2.977e-33 3.917e-21 2.461e-20
3.548e-11 1.718e+45 3.464e+24 3.470e-33 4.566e-21 2.869e-20
3.981e-11 1.589e+45 4.036e+24 4.042e-33 5.318e-21 3.342e-20
4.467e-11 1.469e+45 4.698e+24 4.706e-33 6.191e-21 3.890e-20
5.012e-11 1.358e+45 5.464e+24 5.474e-33 7.201e-21 4.525e-20
5.623e-11 1.254e+45 6.351e+24 6.362e-33 8.371e-21 5.259e-20
6.310e-11 1.157e+45 7.377e+24 7.390e-33 9.722e-21 6.109e-20
7.079e-11 1.066e+45 8.562e+24 8.576e-33 1.128e-20 7.090e-20
7.943e-11 9.821e+44 9.928e+24 9.945e-33 1.308e-20 8.221e-20
8.913e-11 9.039e+44 1.150e+25 1.152e-32 1.516e-20 9.526e-20
1.000e-10 8.312e+44 1.332e+25 1.334e-32 1.755e-20 1.103e-19
1.122e-10 7.637e+44 1.540e+25 1.543e-32 2.030e-20 1.276e-19
1.259e-10 7.010e+44 1.780e+25 1.783e-32 2.346e-20 1.474e-19
1.413e-10 6.429e+44 2.055e+25 2.059e-32 2.709e-20 1.702e-19
1.585e-10 5.890e+44 2.371e+25 2.375e-32 3.124e-20 1.963e-19
1.778e-10 5.391e+44 2.732e+25 2.736e-32 3.600e-20 2.262e-19
1.995e-10 4.930e+44 3.144e+25 3.150e-32 4.144e-20 2.604e-19
2.239e-10 4.503e+44 3.615e+25 3.622e-32 4.765e-20 2.994e-19
2.512e-10 4.108e+44 4.153e+25 4.160e-32 5.473e-20 3.439e-19
2.818e-10 3.744e+44 4.765e+25 4.773e-32 6.280e-20 3.946e-19
3.162e-10 3.408e+44 5.461e+25 5.470e-32 7.197e-20 4.522e-19
3.548e-10 3.099e+44 6.251e+25 6.261e-32 8.238e-20 5.176e-19
3.981e-10 2.814e+44 7.146e+25 7.158e-32 9.418e-20 5.917e-19
4.467e-10 2.553e+44 8.160e+25 8.174e-32 1.075e-19 6.757e-19
5.012e-10 2.312e+44 9.305e+25 9.321e-32 1.226e-19 7.705e-19
5.623e-10 2.092e+44 1.060e+26 1.062e-31 1.397e-19 8.776e-19
6.310e-10 1.890e+44 1.205e+26 1.207e-31 1.589e-19 9.981e-19
7.079e-10 1.705e+44 1.369e+26 1.371e-31 1.804e-19 1.134e-18
7.943e-10 1.536e+44 1.553e+26 1.555e-31 2.046e-19 1.286e-18
8.913e-10 1.382e+44 1.758e+26 1.761e-31 2.317e-19 1.456e-18
1.000e-09 1.241e+44 1.989e+26 1.992e-31 2.621e-19 1.647e-18
1.122e-09 1.113e+44 2.245e+26 2.249e-31 2.959e-19 1.859e-18
1.259e-09 9.968e+43 2.531e+26 2.536e-31 3.336e-19 2.096e-18
1.413e-09 8.912e+43 2.849e+26 2.854e-31 3.755e-19 2.359e-18
1.585e-09 7.955e+43 3.201e+26 3.207e-31 4.219e-19 2.651e-18
1.778e-09 7.089e+43 3.592e+26 3.598e-31 4.733e-19 2.974e-18
1.995e-09 6.306e+43 4.022e+26 4.029e-31 5.301e-19 3.331e-18
2.239e-09 5.600e+43 4.497e+26 4.504e-31 5.926e-19 3.724e-18
2.512e-09 4.964e+43 5.018e+26 5.027e-31 6.613e-19 4.155e-18
2.818e-09 4.392e+43 5.590e+26 5.599e-31 7.367e-19 4.629e-18
3.162e-09 3.879e+43 6.215e+26 6.226e-31 8.191e-19 5.147e-18
3.548e-09 3.420e+43 6.897e+26 6.909e-31 9.090e-19 5.712e-18
3.981e-09 3.009e+43 7.640e+26 7.653e-31 1.007e-18 6.326e-18
4.467e-09 2.642e+43 8.445e+26 8.460e-31 1.113e-18 6.993e-18
5.012e-09 2.315e+43 9.317e+26 9.333e-31 1.228e-18 7.715e-18
5.623e-09 2.025e+43 1.026e+27 1.028e-30 1.352e-18 8.494e-18
6.310e-09 1.767e+43 1.127e+27 1.129e-30 1.485e-18 9.332e-18
7.079e-09 1.539e+43 1.236e+27 1.238e-30 1.628e-18 1.023e-17
7.943e-09 1.337e+43 1.352e+27 1.354e-30 1.781e-18 1.119e-17
8.913e-09 1.159e+43 1.476e+27 1.478e-30 1.945e-18 1.222e-17
1.000e-08 1.003e+43 1.607e+27 1.610e-30 2.118e-18 1.331e-17
1.122e-08 8.659e+42 1.747e+27 1.750e-30 2.302e-18 1.446e-17
1.259e-08 7.458e+42 1.894e+27 1.897e-30 2.496e-18 1.568e-17
1.413e-08 6.408e+42 2.049e+27 2.052e-30 2.700e-18 1.696e-17
1.585e-08 5.494e+42 2.211e+27 2.215e-30 2.914e-18 1.831e-17
1.778e-08 4.698e+42 2.380e+27 2.384e-30 3.137e-18 1.971e-17
1.995e-08 4.008e+42 2.557e+27 2.561e-30 3.370e-18 2.117e-17
2.239e-08 3.411e+42 2.739e+27 2.744e-30 3.610e-18 2.268e-17
2.512e-08 2.896e+42 2.928e+27 2.933e-30 3.859e-18 2.424e-17
2.818e-08 2.453e+42 3.121e+27 3.127e-30 4.114e-18 2.585e-17
3.162e-08 2.072e+42 3.319e+27 3.325e-30 4.375e-18 2.749e-17
3.548e-08 1.746e+42 3.521e+27 3.527e-30 4.640e-18 2.915e-17
3.981e-08 1.467e+42 3.725e+27 3.731e-30 4.909e-18 3.084e-17
4.467e-08 1.229e+42 3.930e+27 3.937e-30 5.179e-18 3.254e-17
5.012e-08 1.028e+42 4.135e+27 4.143e-30 5.450e-18 3.424e-17
5.623e-08 8.566e+41 4.340e+27 4.347e-30 5.720e-18 3.594e-17
6.310e-08 7.121e+41 4.542e+27 4.550e-30 5.986e-18 3.761e-17
7.079e-08 5.903e+41 4.740e+27 4.748e-30 6.247e-18 3.925e-17
7.943e-08 4.879e+41 4.932e+27 4.940e-30 6.500e-18 4.084e-17
8.913e-08 4.021e+41 5.117e+27 5.126e-30 6.744e-18 4.237e-17
1.000e-07 3.304e+41 5.293e+27 5.302e-30 6.976e-18 4.383e-17
1.122e-07 2.706e+41 5.458e+27 5.467e-30 7.193e-18 4.520e-17
1.259e-07 2.209e+41 5.610e+27 5.620e-30 7.394e-18 4.646e-17
1.413e-07 1.798e+41 5.748e+27 5.758e-30 7.575e-18 4.760e-17
1.585e-07 1.458e+41 5.869e+27 5.879e-30 7.735e-18 4.860e-17
1.778e-07 1.179e+41 5.971e+27 5.981e-30 7.869e-18 4.944e-17
1.995e-07 9.489e+40 6.052e+27 6.063e-30 7.977e-18 5.012e-17
2.239e-07 7.610e+40 6.111e+27 6.121e-30 8.054e-18 5.060e-17
2.512e-07 6.079e+40 6.145e+27 6.155e-30 8.098e-18 5.088e-17
2.818e-07 4.834e+40 6.152e+27 6.162e-30 8.108e-18 5.094e-17
3.162e-07 3.826e+40 6.131e+27 6.141e-30 8.080e-18 5.077e-17
3.548e-07 3.014e+40 6.079e+27 6.089e-30 8.012e-18 5.034e-17
3.981e-07 2.361e+40 5.996e+27 6.006e-30 7.902e-18 4.965e-17
4.467e-07 1.839e+40 5.880e+27 5.890e-30 7.749e-18 4.869e-17
5.012e-07 1.424e+40 5.730e+27 5.739e-30 7.551e-18 4.745e-17
5.623e-07 1.094e+40 5.545e+27 5.555e-30 7.308e-18 4.592e-17
6.310e-07 8.351e+39 5.327e+27 5.336e-30 7.020e-18 4.411e-17
7.079e-07 6.320e+39 5.075e+27 5.083e-30 6.688e-18 4.202e-17
7.943e-07 4.739e+39 4.791e+27 4.799e-30 6.313e-18 3.967e-17
8.913e-07 3.518e+39 4.477e+27 4.484e-30 5.900e-18 3.707e-17
1.000e-06 2.582e+39 4.136e+27 4.143e-30 5.451e-18 3.425e-17
1.122e-06 1.871e+39 3.774e+27 3.780e-30 4.974e-18 3.125e-17
1.259e-06 1.337e+39 3.395e+27 3.401e-30 4.475e-18 2.811e-17
1.413e-06 9.405e+38 3.006e+27 3.012e-30 3.962e-18 2.490e-17
1.585e-06 6.498e+38 2.615e+27 2.620e-30 3.447e-18 2.166e-17
1.778e-06 4.401e+38 2.230e+27 2.234e-30 2.939e-18 1.846e-17
1.995e-06 2.914e+38 1.859e+27 1.862e-30 2.450e-18 1.539e-17
2.239e-06 1.881e+38 1.511e+27 1.513e-30 1.991e-18 1.251e-17
2.512e-06 1.180e+38 1.193e+27 1.195e-30 1.572e-18 9.877e-18
2.818e-06 7.164e+37 9.118e+26 9.133e-31 1.202e-18 7.550e-18
3.162e-06 4.193e+37 6.719e+26 6.730e-31 8.855e-19 5.564e-18
3.548e-06 2.355e+37 4.750e+26 4.758e-31 6.260e-19 3.933e-18
3.981e-06 1.262e+37 3.204e+26 3.209e-31 4.223e-19 2.653e-18
4.467e-06 6.412e+36 2.050e+26 2.053e-31 2.701e-19 1.697e-18
5.012e-06 3.069e+36 1.235e+26 1.237e-31 1.628e-19 1.023e-18
5.623e-06 1.372e+36 6.952e+25 6.964e-32 9.162e-20 5.757e-19
6.310e-06 5.682e+35 3.624e+25 3.630e-32 4.777e-20 3.001e-19
7.079e-06 2.157e+35 1.732e+25 1.735e-32 2.282e-20 1.434e-19
7.943e-06 7.415e+34 7.495e+24 7.508e-33 9.878e-21 6.207e-20
8.913e-06 2.278e+34 2.899e+24 2.904e-33 3.821e-21 2.401e-20
1.000e-05 6.161e+33 9.871e+23 9.887e-34 1.301e-21 8.174e-21
1.122e-05 1.440e+33 2.905e+23 2.910e-34 3.829e-22 2.406e-21
1.259e-05 2.854e+32 7.247e+22 7.259e-35 9.551e-23 6.001e-22
1.413e-05 4.683e+31 1.497e+22 1.499e-35 1.973e-23 1.240e-22
1.585e-05 6.200e+30 2.495e+21 2.499e-36 3.288e-24 2.066e-23
1.778e-05 6.434e+29 3.260e+20 3.265e-37 4.296e-25 2.699e-24
1.995e-05 5.065e+28 3.231e+19 3.236e-38 4.258e-26 2.675e-25
2.239e-05 2.917e+27 2.343e+18 2.347e-39 3.087e-27 1.940e-26
2.512e-05 1.180e+26 1.193e+17 1.195e-40 1.573e-28 9.881e-28
2.818e-05 3.206e+24 4.080e+15 4.087e-42 5.378e-30 3.379e-29
3.162e-05 5.556e+22 8.902e+13 8.917e-44 1.173e-31 7.371e-31
3.548e-05 5.801e+20 1.170e+12 1.172e-45 1.542e-33 9.689e-33
3.981e-05 3.420e+18 8.684e+09 8.698e-48 1.144e-35 7.191e-35
4.467e-05 1.058e+16 3.382e+07 3.388e-50 4.457e-38 2.800e-37
5.012e-05 1.580e+13 6.360e+04 6.371e-53 8.382e-41 5.266e-40
5.623e-05 1.037e+10 5.254e+01 5.263e-56 6.924e-44 4.351e-43
6.310e-05 2.684e+06 1.712e-02 1.715e-59 2.257e-47 1.418e-46
7.079e-05 2.425e+02 1.947e-06 1.950e-63 2.566e-51 1.612e-50
7.943e-05 6.645e-03 6.717e-11 6.729e-68 8.853e-56 5.562e-55
8.913e-05 4.706e-08 5.990e-16 6.000e-73 7.894e-61 4.960e-60
1.000e-04 7.171e-14 1.149e-21 1.151e-78 1.514e-66 9.514e-66
1.122e-04 1.904e-20 3.840e-28 3.847e-85 5.061e-73 3.180e-72
1.259e-04 6.910e-28 1.755e-35 1.758e-92 2.313e-80 1.453e-79
1.413e-04 2.591e-36 8.284e-44 8.298e-101 1.092e-88 6.860e-88
1.585e-04 7.262e-46 2.923e-53 2.928e-110 3.852e-98 2.420e-97
1.778e-04 1.044e-56 5.289e-64 5.298e-121 6.970e-109 4.379e-108
1.995e-04 4.963e-69 3.165e-76 3.171e-133 4.172e-121 2.621e-120
2.239e-04 4.670e-83 3.750e-90 3.756e-147 4.942e-135 3.105e-134
2.512e-04 4.751e-99 4.803e-106 4.811e-163 6.330e-151 3.977e-150
2.818e-04 2.555e-117 3.251e-124 3.257e-181 4.285e-169 2.692e-168
3.162e-04 3.095e-138 4.959e-145 4.967e-202 6.535e-190 4.106e-189
3.548e-04 3.035e-162 6.122e-169 6.132e-226 8.068e-214 5.069e-213
3.981e-04 6.983e-190 1.773e-196 1.776e-253 2.337e-241 1.468e-240
4.467e-04 8.308e-222 2.656e-228 2.660e-285 3.500e-273 2.199e-272
5.012e-04 7.920e-259 3.187e-265 3.211e-322 4.201e-310 2.639e-309
5.623e-04 0.000e+00 0.000e+00 0.000e+00 0.000e+00 0.000e+00
6.310e-04 0.000e+00 0.000e+00 0.000e+00 0.000e+00 0.000e+00
7.079e-04 0.000e+00 0.000e+00 0.000e+00 0.000e+00 0.000e+00
7.943e-04 0.000e+00 0.000e+00 0.000e+00 0.000e+00 0.000e+00
8.913e-04 0.000e+00 0.000e+00 0.000e+00 0.000e+00 0.000e+00
1.000e-03 0.000e+00 0.000e+00 0.000e+00 0.000e+00 0.000e+00
1.122e-03 0.000e+00 0.000e+00 0.000e+00 0.000e+00 0.000e+00
1.259e-03 0.000e+00 0.000e+00 0.000e+00 0.000e+00 0.000e+00
1.413e-03 0.000e+00 0.000e+00 0.000e+00 0.000e+00 0.000e+00
1.585e-03 0.000e+00 0.000e+00 0.000e+00 0.000e+00 0.000e+00
1.778e-03 0.000e+00 0.000e+00 0.000e+00 0.000e+00 0.000e+00
1.995e-03 0.000e+00 0.000e+00 0.000e+00 0.000e+00 0.000e+00
2.239e-03 0.000e+00 0.000e+00 0.000e+00 0.000e+00 0.000e+00
2.512e-03 0.000e+00 0.000e+00 0.000e+00 0.000e+00 0.000e+00
2.818e-03 0.000e+00 0.000e+00 0.000e+00 0.000e+00 0.000e+00
3.162e-03 0.000e+00 0.000e+00 0.000e+00 0.000e+00 0.000e+00
3.548e-03 0.000e+00 0.000e+00 0.000e+00 0.000e+00 0.000e+00
3.981e-03 0.000e+00 0.000e+00 0.000e+00 0.000e+00 0.000e+00
4.467e-03 0.000e+00 0.000e+00 0.000e+00 0.000e+00 0.000e+00
5.012e-03 0.000e+00 0.000e+00 0.000e+00 0.000e+00 0.000e+00
5.623e-03 0.000e+00 0.000e+00 0.000e+00 0.000e+00 0.000e+00
6.310e-03 0.000e+00 0.000e+00 0.000e+00 0.000e+00 0.000e+00
7.079e-03 0.000e+00 0.000e+00 0.000e+00 0.000e+00 0.000e+00
7.943e-03 0.000e+00 0.000e+00 0.000e+00 0.000e+00 0.000e+00
8.913e-03 0.000e+00 0.000e+00 0.000e+00 0.000e+00 0.000e+00
1.000e-02 0.000e+00 0.000e+00 0.000e+00 0.000e+00 0.000e+00
1.122e-02 0.000e+00 0.000e+00 0.000e+00 0.000e+00 0.000e+00
1.259e-02 0.000e+00 0.000e+00 0.000e+00 0.000e+00 0.000e+00
1.413e-02 0.000e+00 0.000e+00 0.000e+00 0.000e+00 0.000e+00
1.585e-02 0.000e+00 0.000e+00 0.000e+00 0.000e+00 0.000e+00
1.778e-02 0.000e+00 0.000e+00 0.000e+00 0.000e+00 0.000e+00
1.995e-02 0.000e+00 0.000e+00 0.000e+00 0.000e+00 0.000e+00
2.239e-02 0.000e+00 0.000e+00 0.000e+00 0.000e+00 0.000e+00
2.512e-02 0.000e+00 0.000e+00 0.000e+00 0.000e+00 0.000e+00
2.818e-02 0.000e+00 0.000e+00 0.000e+00 0.000e+00 0.000e+00
3.162e-02 0.000e+00 0.000e+00 0.000e+00 0.000e+00 0.000e+00
3.548e-02 0.000e+00 0.000e+00 0.000e+00 0.000e+00 0.000e+00
3.981e-02 0.000e+00 0.000e+00 0.000e+00 0.000e+00 0.000e+00
4.467e-02 0.000e+00 0.000e+00 0.000e+00 0.000e+00 0.000e+00
5.012e-02 0.000e+00 0.000e+00 0.000e+00 0.000e+00 0.000e+00
5.623e-02 0.000e+00 0.000e+00 0.000e+00 0.000e+00 0.000e+00
6.310e-02 0.000e+00 0.000e+00 0.000e+00 0.000e+00 0.000e+00
7.079e-02 0.000e+00 0.000e+00 0.000e+00 0.000e+00 0.000e+00
7.943e-02 0.000e+00 0.000e+00 0.000e+00 0.000e+00 0.000e+00
8.913e-02 0.000e+00 0.000e+00 0.000e+00 0.000e+00 0.000e+00
1.000e-01 0.000e+00 0.000e+00 0.000e+00 0.000e+00 0.000e+00
1.122e-01 0.000e+00 0.000e+00 0.000e+00 0.000e+00 0.000e+00
1.259e-01 0.000e+00 0.000e+00 0.000e+00 0.000e+00 0.000e+00
1.413e-01 0.000e+00 0.000e+00 0.000e+00 0.000e+00 0.000e+00
1.585e-01 0.000e+00 0.000e+00 0.000e+00 0.000e+00 0.000e+00
1.778e-01 0.000e+00 0.000e+00 0.000e+00 0.000e+00 0.000e+00
1.995e-01 0.000e+00 0.000e+00 0.000e+00 0.000e+00 0.000e+00
2.239e-01 0.000e+00 0.000e+00 0.000e+00 0.000e+00 0.000e+00
2.512e-01 0.000e+00 0.000e+00 0.000e+00 0.000e+00 0.000e+00
2.818e-01 0.000e+00 0.000e+00 0.000e+00 0.000e+00 0.000e+00
3.162e-01 0.000e+00 0.000e+00 0.000e+00 0.000e+00 0.000e+00
3.548e-01 0.000e+00 0.000e+00 0.000e+00 0.000e+00 0.000e+00
3.981e-01 0.000e+00 0.000e+00 0.000e+00 0.000e+00 0.000e+00
4.467e-01 0.000e+00 0.000e+00 0.000e+00 0.000e+00 0.000e+00
5.012e-01 0.000e+00 0.000e+00 0.000e+00 0.000e+00 0.000e+00
5.623e-01 0.000e+00 0.000e+00 0.000e+00 0.000e+00 0.000e+00
6.310e-01 0.000e+00 0.000e+00 0.000e+00 0.000e+00 0.000e+00
7.079e-01 0.000e+00 0.000e+00 0.000e+00 0.000e+00 0.000e+00
7.943e-01 0.000e+00 0.000e+00 0.000e+00 0.000e+00 0.000e+00
8.913e-01 0.000e+00 0.000e+00 0.000e+00 0.000e+00 0.000e+00
1.000e+00 0.000e+00 0.000e+00 0.000e+00 0.000e+00 0.000e+00
1.122e+00 0.000e+00 0.000e+00 0.000e+00 0.000e+00 0.000e+00
1.259e+00 0.000e+00 0.000e+00 0.000e+00 0.000e+00 0.000e+00
1.413e+00 0.000e+00 0.000e+00 0.000e+00 0.000e+00 0.000e+00
1.585e+00 0.000e+00 0.000e+00 0.000e+00 0.000e+00 0.000e+00
1.778e+00 0.000e+00 0.000e+00 0.000e+00 0.000e+00 0.000e+00
1.995e+00 0.000e+00 0.000e+00 0.000e+00 0.000e+00 0.000e+00
2.239e+00 0.000e+00 0.000e+00 0.000e+00 0.000e+00 0.000e+00
2.512e+00 0.000e+00 0.000e+00 0.000e+00 0.000e+00 0.000e+00
2.818e+00 0.000e+00 0.000e+00 0.000e+00 0.000e+00 0.000e+00
3.162e+00 0.000e+00 0.000e+00 0.000e+00 0.000e+00 0.000e+00
3.548e+00 0.000e+00 0.000e+00 0.000e+00 0.000e+00 0.000e+00
3.981e+00 0.000e+00 0.000e+00 0.000e+00 0.000e+00 0.000e+00
4.467e+00 0.000e+00 0.000e+00 0.000e+00 0.000e+00 0.000e+00
5.012e+00 0.000e+00 0.000e+00 0.000e+00 0.000e+00 0.000e+00
5.623e+00 0.000e+00 0.000e+00 0.000e+00 0.000e+00 0.000e+00
6.310e+00 0.000e+00 0.000e+00 0.000e+00 0.000e+00 0.000e+00
7.079e+00 0.000e+00 0.000e+00 0.000e+00 0.000e+00 0.000e+00
7.943e+00 0.000e+00 0.000e+00 0.000e+00 0.000e+00 0.000e+00
8.913e+00 0.000e+00 0.000e+00 0.000e+00 0.000e+00 0.000e+00
1.000e+01 0.000e+00 0.000e+00 0.000e+00 0.000e+00 0.000e+00
1.122e+01 0.000e+00 0.000e+00 0.000e+00 0.000e+00 0.000e+00
1.259e+01 0.000e+00 0.000e+00 0.000e+00 0.000e+00 0.000e+00
1.413e+01 0.000e+00 0.000e+00 0.000e+00 0.000e+00 0.000e+00
1.585e+01 0.000e+00 0.000e+00 0.000e+00 0.000e+00 0.000e+00
1.778e+01 0.000e+00 0.000e+00 0.000e+00 0.000e+00 0.000e+00
1.995e+01 0.000e+00 0.000e+00 0.000e+00 0.000e+00 0.000e+00
2.239e+01 0.000e+00 0.000e+00 0.000e+00 0.000e+00 0.000e+00
2.512e+01 0.000e+00 0.000e+00 0.000e+00 0.000e+00 0.000e+00
2.818e+01 0.000e+00 0.000e+00 0.000e+00 0.000e+00 0.000e+00
3.162e+01 0.000e+00 0.000e+00 0.000e+00 0.000e+00 0.000e+00
3.548e+01 0.000e+00 0.000e+00 0.000e+00 0.000e+00 0.000e+00
3.981e+01 0.000e+00 0.000e+00 0.000e+00 0.000e+00 0.000e+00
4.467e+01 0.000e+00 0.000e+00 0.000e+00 0.000e+00 0.000e+00
5.012e+01 0.000e+00 0.000e+00 0.000e+00 0.000e+00 0.000e+00
5.623e+01 0.000e+00 0.000e+00 0.000e+00 0.000e+00 0.000e+00
6.310e+01 0.000e+00 0.000e+00 0.000e+00 0.000e+00 0.000e+00
7.079e+01 0.000e+00 0.000e+00 0.000e+00 0.000e+00 0.000e+00
7.943e+01 0.000e+00 0.000e+00 0.000e+00 0.000e+00 0.000e+00
8.913e+01 0.000e+00 0.000e+00 0.000e+00 0.000e+00 0.000e+00
1.000e+02 0.000e+00 0.000e+00 0.000e+00 0.000e+00 0.000e+00
1.122e+02 0.000e+00 0.000e+00 0.000e+00 0.000e+00 0.000e+00
1.259e+02 0.000e+00 0.000e+00 0.000e+00 0.000e+00 0.000e+00
1.413e+02 0.000e+00 0.000e+00 0.000e+00 0.000e+00 0.000e+00
1.585e+02 0.000e+00 0.000e+00 0.000e+00 0.000e+00 0.000e+00
1.778e+02 0.000e+00 0.000e+00 0.000e+00 0.000e+00 0.000e+00
1.995e+02 0.000e+00 0.000e+00 0.000e+00 0.000e+00 0.000e+00
2.239e+02 0.000e+00 0.000e+00 0.000e+00 0.000e+00 0.000e+00
2.512e+02 0.000e+00 0.000e+00 0.000e+00 0.000e+00 0.000e+00
2.818e+02 0.000e+00 0.000e+00 0.000e+00 0.000e+00 0.000e+00
3.162e+02 0.000e+00 0.000e+00 0.000e+00 0.000e+00 0.000e+00
3.548e+02 0.000e+00 0.000e+00 0.000e+00 0.000e+00 0.000e+00
3.981e+02 0.000e+00 0.000e+00 0.000e+00 0.000e+00 0.000e+00
4.467e+02 0.000e+00 0.000e+00 0.000e+00 0.000e+00 0.000e+00
5.012e+02 0.000e+00 0.000e+00 0.000e+00 0.000e+00 0.000e+00
5.623e+02 0.000e+00 0.000e+00 0.000e+00 0.000e+00 0.000e+00
6.310e+02 0.000e+00 0.000e+00 0.000e+00 0.000e+00 0.000e+00
7.079e+02 0.000e+00 0.000e+00 0.000e+00 0.000e+00 0.000e+00
7.943e+02 0.000e+00 0.000e+00 0.000e+00 0.000e+00 0.000e+00
8.913e+02 0.000e+00 0.000e+00 0.000e+00 0.000e+00 0.000e+00
1.000e+03 0.000e+00 0.000e+00 0.000e+00 0.000e+00 0.000e+00
1.122e+03 0.000e+00 0.000e+00 0.000e+00 0.000e+00 0.000e+00
1.259e+03 0.000e+00 0.000e+00 0.000e+00 0.000e+00 0.000e+00
1.413e+03 0.000e+00 0.000e+00 0.000e+00 0.000e+00 0.000e+00
1.585e+03 0.000e+00 0.000e+00 0.000e+00 0.000e+00 0.000e+00
1.778e+03 0.000e+00 0.000e+00 0.000e+00 0.000e+00 0.000e+00
1.995e+03 0.000e+00 0.000e+00 0.000e+00 0.000e+00 0.000e+00
2.239e+03 0.000e+00 0.000e+00 0.000e+00 0.000e+00 0.000e+00
2.512e+03 0.000e+00 0.000e+00 0.000e+00 0.000e+00 0.000e+00
2.818e+03 0.000e+00 0.000e+00 0.000e+00 0.000e+00 0.000e+00
3.162e+03 0.000e+00 0.000e+00 0.000e+00 0.000e+00 0.000e+00
3.548e+03 0.000e+00 0.000e+00 0.000e+00 0.000e+00 0.000e+00
3.981e+03 0.000e+00 0.000e+00 0.000e+00 0.000e+00 0.000e+00
4.467e+03 0.000e+00 0.000e+00 0.000e+00 0.000e+00 0.000e+00
5.012e+03 0.000e+00 0.000e+00 0.000e+00 0.000e+00 0.000e+00
5.623e+03 0.000e+00 0.000e+00 0.000e+00 0.000e+00 0.000e+00
6.310e+03 0.000e+00 0.000e+00 0.000e+00 0.000e+00 0.000e+00
7.079e+03 0.000e+00 0.000e+00 0.000e+00 0.000e+00 0.000e+00
7.943e+03 0.000e+00 0.000e+00 0.000e+00 0.000e+00 0.000e+00
8.913e+03 0.000e+00 0.000e+00 0.000e+00 0.000e+00 0.000e+00
1.000e+04 0.000e+00 0.000e+00 0.000e+00 0.000e+00 0.000e+00
1.122e+04 0.000e+00 0.000e+00 0.000e+00 0.000e+00 0.000e+00
1.259e+04 0.000e+00 0.000e+00 0.000e+00 0.000e+00 0.000e+00
1.413e+04 0.000e+00 0.000e+00 0.000e+00 0.000e+00 0.000e+00
1.585e+04 0.000e+00 0.000e+00 0.000e+00 0.000e+00 0.000e+00
1.778e+04 0.000e+00 0.000e+00 0.000e+00 0.000e+00 0.000e+00
1.995e+04 0.000e+00 0.000e+00 0.000e+00 0.000e+00 0.000e+00
2.239e+04 0.000e+00 0.000e+00 0.000e+00 0.000e+00 0.000e+00
2.512e+04 0.000e+00 0.000e+00 0.000e+00 0.000e+00 0.000e+00
2.818e+04 0.000e+00 0.000e+00 0.000e+00 0.000e+00 0.000e+00
3.162e+04 0.000e+00 0.000e+00 0.000e+00 0.000e+00 0.000e+00
3.548e+04 0.000e+00 0.000e+00 0.000e+00 0.000e+00 0.000e+00
3.981e+04 0.000e+00 0.000e+00 0.000e+00 0.000e+00 0.000e+00
4.467e+04 0.000e+00 0.000e+00 0.000e+00 0.000e+00 0.000e+00
5.012e+04 0.000e+00 0.000e+00 0.000e+00 0.000e+00 0.000e+00
5.623e+04 0.000e+00 0.000e+00 0.000e+00 0.000e+00 0.000e+00
6.310e+04 0.000e+00 0.000e+00 0.000e+00 0.000e+00 0.000e+00
7.079e+04 0.000e+00 0.000e+00 0.000e+00 0.000e+00 0.000e+00
7.943e+04 0.000e+00 0.000e+00 0.000e+00 0.000e+00 0.000e+00
8.913e+04 0.000e+00 0.000e+00 0.000e+00 0.000e+00 0.000e+00
1.000e+05 0.000e+00 0.000e+00 0.000e+00 0.000e+00 0.000e+00
1.122e+05 0.000e+00 0.000e+00 0.000e+00 0.000e+00 0.000e+00
1.259e+05 0.000e+00 0.000e+00 0.000e+00 0.000e+00 0.000e+00
1.413e+05 0.000e+00 0.000e+00 0.000e+00 0.000e+00 0.000e+00
1.585e+05 0.000e+00 0.000e+00 0.000e+00 0.000e+00 0.000e+00
1.778e+05 0.000e+00 0.000e+00 0.000e+00 0.000e+00 0.000e+00
1.995e+05 0.000e+00 0.000e+00 0.000e+00 0.000e+00 0.000e+00
2.239e+05 0.000e+00 0.000e+00 0.000e+00 0.000e+00 0.000e+00
2.512e+05 0.000e+00 0.000e+00 0.000e+00 0.000e+00 0.000e+00
2.818e+05 0.000e+00 0.000e+00 0.000e+00 0.000e+00 0.000e+00
3.162e+05 0.000e+00 0.000e+00 0.000e+00 0.000e+00 0.000e+00
3.548e+05 0.000e+00 0.000e+00 0.000e+00 0.000e+00 0.000e+00
3.981e+05 0.000e+00 0.000e+00 0.000e+00 0.000e+00 0.000e+00
4.467e+05 0.000e+00 0.000e+00 0.000e+00 0.000e+00 0.000e+00
5.012e+05 0.000e+00 0.000e+00 0.000e+00 0.000e+00 0.000e+00
5.623e+05 0.000e+00 0.000e+00 0.000e+00 0.000e+00 0.000e+00
6.310e+05 0.000e+00 0.000e+00 0.000e+00 0.000e+00 0.000e+00
7.079e+05 0.000e+00 0.000e+00 0.000e+00 0.000e+00 0.000e+00
7.943e+05 0.000e+00 0.000e+00 0.000e+00 0.000e+00 0.000e+00
8.913e+05 0.000e+00 0.000e+00 0.000e+00 0.000e+00 0.000e+00
1.000e+06 0.000e+00 0.000e+00 0.000e+00 0.000e+00 0.000e+00
1.122e+06 0.000e+00 0.000e+00 0.000e+00 0.000e+00 0.000e+00
1.259e+06 0.000e+00 0.000e+00 0.000e+00 0.000e+00 0.000e+00
1.413e+06 0.000e+00 0.000e+00 0.000e+00 0.000e+00 0.000e+00
1.585e+06 0.000e+00 0.000e+00 0.000e+00 0.000e+00 0.000e+00
1.778e+06 0.000e+00 0.000e+00 0.000e+00 0.000e+00 0.000e+00
1.995e+06 0.000e+00 0.000e+00 0.000e+00 0.000e+00 0.000e+00
2.239e+06 0.000e+00 0.000e+00 0.000e+00 0.000e+00 0.000e+00
2.512e+06 0.000e+00 0.000e+00 0.000e+00 0.000e+00 0.000e+00
2.818e+06 0.000e+00 0.000e+00 0.000e+00 0.000e+00 0.000e+00
3.162e+06 0.000e+00 0.000e+00 0.000e+00 0.000e+00 0.000e+00
3.548e+06 0.000e+00 0.000e+00 0.000e+00 0.000e+00 0.000e+00
3.981e+06 0.000e+00 0.000e+00 0.000e+00 0.000e+00 0.000e+00
4.467e+06 0.000e+00 0.000e+00 0.000e+00 0.000e+00 0.000e+00
5.012e+06 0.000e+00 0.000e+00 0.000e+00 0.000e+00 0.000e+00
5.623e+06 0.000e+00 0.000e+00 0.000e+00 0.000e+00 0.000e+00
6.310e+06 0.000e+00 0.000e+00 0.000e+00 0.000e+00 0.000e+00
7.079e+06 0.000e+00 0.000e+00 0.000e+00 0.000e+00 0.000e+00
7.943e+06 0.000e+00 0.000e+00 0.000e+00 0.000e+00 0.000e+00
8.913e+06 0.000e+00 0.000e+00 0.000e+00 0.000e+00 0.000e+00
1.000e+07 0.000e+00 0.000e+00 0.000e+00 0.000e+00 0.000e+00
1.122e+07 0.000e+00 0.000e+00 0.000e+00 0.000e+00 0.000e+00
1.259e+07 0.000e+00 0.000e+00 0.000e+00 0.000e+00 0.000e+00
1.413e+07 0.000e+00 0.000e+00 0.000e+00 0.000e+00 0.000e+00
1.585e+07 0.000e+00 0.000e+00 0.000e+00 0.000e+00 0.000e+00
1.778e+07 0.000e+00 0.000e+00 0.000e+00 0.000e+00 0.000e+00
1.995e+07 0.000e+00 0.000e+00 0.000e+00 0.000e+00 0.000e+00
2.239e+07 0.000e+00 0.000e+00 0.000e+00 0.000e+00 0.000e+00
2.512e+07 0.000e+00 0.000e+00 0.000e+00 0.000e+00 0.000e+00
2.818e+07 0.000e+00 0.000e+00 0.000e+00 0.000e+00 0.000e+00
3.162e+07 0.000e+00 0.000e+00 0.000e+00 0.000e+00 0.000e+00
3.548e+07 0.000e+00 0.000e+00 0.000e+00 0.000e+00 0.000e+00
3.981e+07 0.000e+00 0.000e+00 0.000e+00 0.000e+00 0.000e+00
4.467e+07 0.000e+00 0.000e+00 0.000e+00 0.000e+00 0.000e+00
5.012e+07 0.000e+00 0.000e+00 0.000e+00 0.000e+00 0.000e+00
5.623e+07 0.000e+00 0.000e+00 0.000e+00 0.000e+00 0.000e+00
6.310e+07 0.000e+00 0.000e+00 0.000e+00 0.000e+00 0.000e+00
7.079e+07 0.000e+00 0.000e+00 0.000e+00 0.000e+00 0.000e+00
7.943e+07 0.000e+00 0.000e+00 0.000e+00 0.000e+00 0.000e+00
8.913e+07 0.000e+00 0.000e+00 0.000e+00 0.000e+00 0.000e+00
1.000e+08 0.000e+00 0.000e+00 0.000e+00 0.000e+00 0.000e+00
