1.000e-20 0.000e+00 0.000e+00 0.000e+00 0.000e+00 0.000e+00
1.122e-20 0.000e+00 0.000e+00 0.000e+00 0.000e+00 0.000e+00
1.259e-20 0.000e+00 0.000e+00 0.000e+00 0.000e+00 0.000e+00
1.413e-20 0.000e+00 0.000e+00 0.000e+00 0.000e+00 0.000e+00
1.585e-20 0.000e+00 0.000e+00 0.000e+00 0.000e+00 0.000e+00
1.778e-20 0.000e+00 0.000e+00 0.000e+00 0.000e+00 0.000e+00
1.995e-20 0.000e+00 0.000e+00 0.000e+00 0.000e+00 0.000e+00
2.239e-20 0.000e+00 0.000e+00 0.000e+00 0.000e+00 0.000e+00
2.512e-20 0.000e+00 0.000e+00 0.000e+00 0.000e+00 0.000e+00
2.818e-20 0.000e+00 0.000e+00 0.000e+00 0.000e+00 0.000e+00
3.162e-20 0.000e+00 0.000e+00 0.000e+00 0.000e+00 0.000e+00
3.548e-20 0.000e+00 0.000e+00 0.000e+00 0.000e+00 0.000e+00
3.981e-20 0.000e+00 0.000e+00 0.000e+00 0.000e+00 0.000e+00
4.467e-20 0.000e+00 0.000e+00 0.000e+00 0.000e+00 0.000e+00
5.012e-20 0.000e+00 0.000e+00 0.000e+00 0.000e+00 0.000e+00
5.623e-20 0.000e+00 0.000e+00 0.000e+00 0.000e+00 0.000e+00
6.310e-20 0.000e+00 0.000e+00 0.000e+00 0.000e+00 0.000e+00
7.079e-20 0.000e+00 0.000e+00 0.000e+00 0.000e+00 0.000e+00
7.943e-20 0.000e+00 0.000e+00 0.000e+00 0.000e+00 0.000e+00
8.913e-20 0.000e+00 0.000e+00 0.000e+00 0.000e+00 0.000e+00
1.000e-19 0.000e+00 0.000e+00 0.000e+00 0.000e+00 0.000e+00
1.122e-19 0.000e+00 0.000e+00 0.000e+00 0.000e+00 0.000e+00
1.259e-19 0.000e+00 0.000e+00 0.000e+00 0.000e+00 0.000e+00
1.413e-19 0.000e+00 0.000e+00 0.000e+00 0.000e+00 0.000e+00
1.585e-19 0.000e+00 0.000e+00 0.000e+00 0.000e+00 0.000e+00
1.778e-19 0.000e+00 0.000e+00 0.000e+00 0.000e+00 0.000e+00
1.995e-19 0.000e+00 0.000e+00 0.000e+00 0.000e+00 0.000e+00
2.239e-19 0.000e+00 0.000e+00 0.000e+00 0.000e+00 0.000e+00
2.512e-19 0.000e+00 0.000e+00 0.000e+00 0.000e+00 0.000e+00
2.818e-19 0.000e+00 0.000e+00 0.000e+00 0.000e+00 0.000e+00
3.162e-19 0.000e+00 0.000e+00 0.000e+00 0.000e+00 0.000e+00
3.548e-19 0.000e+00 0.000e+00 0.000e+00 0.000e+00 0.000e+00
3.981e-19 0.000e+00 0.000e+00 0.000e+00 0.000e+00 0.000e+00
4.467e-19 0.000e+00 0.000e+00 0.000e+00 0.000e+00 0.000e+00
5.012e-19 0.000e+00 0.000e+00 0.000e+00 0.000e+00 0.000e+00
5.623e-19 0.000e+00 0.000e+00 0.000e+00 0.000e+00 0.000e+00
6.310e-19 0.000e+00 0.000e+00 0.000e+00 0.000e+00 0.000e+00
7.079e-19 0.000e+00 0.000e+00 0.000e+00 0.000e+00 0.000e+00
7.943e-19 0.000e+00 0.000e+00 0.000e+00 0.000e+00 0.000e+00
8.913e-19 0.000e+00 0.000e+00 0.000e+00 0.000e+00 0.000e+00
1.000e-18 0.000e+00 0.000e+00 0.000e+00 0.000e+00 0.000e+00
1.122e-18 0.000e+00 0.000e+00 0.000e+00 0.000e+00 0.000e+00
1.259e-18 0.000e+00 0.000e+00 0.000e+00 0.000e+00 0.000e+00
1.413e-18 0.000e+00 0.000e+00 0.000e+00 0.000e+00 0.000e+00
1.585e-18 0.000e+00 0.000e+00 0.000e+00 0.000e+00 0.000e+00
1.778e-18 0.000e+00 0.000e+00 0.000e+00 0.000e+00 0.000e+00
1.995e-18 0.000e+00 0.000e+00 0.000e+00 0.000e+00 0.000e+00
2.239e-18 0.000e+00 0.000e+00 0.000e+00 0.000e+00 0.000e+00
2.512e-18 0.000e+00 0.000e+00 0.000e+00 0.000e+00 0.000e+00
2.818e-18 0.000e+00 0.000e+00 0.000e+00 0.000e+00 0.000e+00
3.162e-18 0.000e+00 0.000e+00 0.000e+00 0.000e+00 0.000e+00
3.548e-18 0.000e+00 0.000e+00 0.000e+00 0.000e+00 0.000e+00
3.981e-18 0.000e+00 0.000e+00 0.000e+00 0.000e+00 0.000e+00
4.467e-18 0.000e+00 0.000e+00 0.000e+00 0.000e+00 0.000e+00
5.012e-18 0.000e+00 0.000e+00 0.000e+00 0.000e+00 0.000e+00
5.623e-18 0.000e+00 0.000e+00 0.000e+00 0.000e+00 0.000e+00
6.310e-18 0.000e+00 0.000e+00 0.000e+00 0.000e+00 0.000e+00
7.079e-18 0.000e+00 0.000e+00 0.000e+00 0.000e+00 0.000e+00
7.943e-18 0.000e+00 0.000e+00 0.000e+00 0.000e+00 0.000e+00
8.913e-18 0.000e+00 0.000e+00 0.000e+00 0.000e+00 0.000e+00
1.000e-17 0.000e+00 0.000e+00 0.000e+00 0.000e+00 0.000e+00
1.122e-17 0.000e+00 0.000e+00 0.000e+00 0.000e+00 0.000e+00
1.259e-17 0.000e+00 0.000e+00 0.000e+00 0.000e+00 0.000e+00
1.413e-17 0.000e+00 0.000e+00 0.000e+00 0.000e+00 0.000e+00
1.585e-17 0.000e+00 0.000e+00 0.000e+00 0.000e+00 0.000e+00
1.778e-17 0.000e+00 0.000e+00 0.000e+00 0.000e+00 0.000e+00
1.995e-17 0.000e+00 0.000e+00 0.000e+00 0.000e+00 0.000e+00
2.239e-17 0.000e+00 0.000e+00 0.000e+00 0.000e+00 0.000e+00
2.512e-17 0.000e+00 0.000e+00 0.000e+00 0.000e+00 0.000e+00
2.818e-17 0.000e+00 0.000e+00 0.000e+00 0.000e+00 0.000e+00
3.162e-17 0.000e+00 0.000e+00 0.000e+00 0.000e+00 0.000e+00
3.548e-17 0.000e+00 0.000e+00 0.000e+00 0.000e+00 0.000e+00
3.981e-17 0.000e+00 0.000e+00 0.000e+00 0.000e+00 0.000e+00
4.467e-17 0.000e+00 0.000e+00 0.000e+00 0.000e+00 0.000e+00
5.012e-17 0.000e+00 0.000e+00 0.000e+00 0.000e+00 0.000e+00
5.623e-17 0.000e+00 0.000e+00 0.000e+00 0.000e+00 0.000e+00
6.310e-17 0.000e+00 0.000e+00 0.000e+00 0.000e+00 0.000e+00
7.079e-17 0.000e+00 0.000e+00 0.000e+00 0.000e+00 0.000e+00
7.943e-17 0.000e+00 0.000e+00 0.000e+00 0.000e+00 0.000e+00
8.913e-17 0.000e+00 0.000e+00 0.000e+00 0.000e+00 0.000e+00
1.000e-16 0.000e+00 0.000e+00 0.000e+00 0.000e+00 0.000e+00
1.122e-16 0.000e+00 0.000e+00 0.000e+00 0.000e+00 0.000e+00
1.259e-16 0.000e+00 0.000e+00 0.000e+00 0.000e+00 0.000e+00
1.413e-16 0.000e+00 0.000e+00 0.000e+00 0.000e+00 0.000e+00
1.585e-16 0.000e+00 0.000e+00 0.000e+00 0.000e+00 0.000e+00
1.778e-16 0.000e+00 0.000e+00 0.000e+00 0.000e+00 0.000e+00
1.995e-16 0.000e+00 0.000e+00 0.000e+00 0.000e+00 0.000e+00
2.239e-16 0.000e+00 0.000e+00 0.000e+00 0.000e+00 0.000e+00
2.512e-16 0.000e+00 0.000e+00 0.000e+00 0.000e+00 0.000e+00
2.818e-16 0.000e+00 0.000e+00 0.000e+00 0.000e+00 0.000e+00
3.162e-16 0.000e+00 0.000e+00 0.000e+00 0.000e+00 0.000e+00
3.548e-16 0.000e+00 0.000e+00 0.000e+00 0.000e+00 0.000e+00
3.981e-16 0.000e+00 0.000e+00 0.000e+00 0.000e+00 0.000e+00
4.467e-16 0.000e+00 0.000e+00 0.000e+00 0.000e+00 0.000e+00
5.012e-16 0.000e+00 0.000e+00 0.000e+00 0.000e+00 0.000e+00
5.623e-16 0.000e+00 0.000e+00 0.000e+00 0.000e+00 0.000e+00
6.310e-16 0.000e+00 0.000e+00 0.000e+00 0.000e+00 0.000e+00
7.079e-16 0.000e+00 0.000e+00 0.000e+00 0.000e+00 0.000e+00
7.943e-16 0.000e+00 0.000e+00 0.000e+00 0.000e+00 0.000e+00
8.913e-16 0.000e+00 0.000e+00 0.000e+00 0.000e+00 0.000e+00
1.000e-15 0.000e+00 0.000e+00 0.000e+00 0.000e+00 0.000e+00
1.122e-15 0.000e+00 0.000e+00 0.000e+00 0.000e+00 0.000e+00
1.259e-15 0.000e+00 0.000e+00 0.000e+00 0.000e+00 0.000e+00
1.413e-15 0.000e+00 0.000e+00 0.000e+00 0.000e+00 0.000e+00
1.585e-15 0.000e+00 0.000e+00 0.000e+00 0.000e+00 0.000e+00
1.778e-15 0.000e+00 0.000e+00 0.000e+00 0.000e+00 0.000e+00
1.995e-15 0.000e+00 0.000e+00 0.000e+00 0.000e+00 0.000e+00
2.239e-15 0.000e+00 0.000e+00 0.000e+00 0.000e+00 0.000e+00
2.512e-15 0.000e+00 0.000e+00 0.000e+00 0.000e+00 0.000e+00
2.818e-15 0.000e+00 0.000e+00 0.000e+00 0.000e+00 0.000e+00
3.162e-15 0.000e+00 0.000e+00 0.000e+00 0.000e+00 0.000e+00
3.548e-15 0.000e+00 0.000e+00 0.000e+00 0.000e+00 0.000e+00
3.981e-15 0.000e+00 0.000e+00 0.000e+00 0.000e+00 0.000e+00
4.467e-15 0.000e+00 0.000e+00 0.000e+00 0.000e+00 0.000e+00
5.012e-15 0.000e+00 0.000e+00 0.000e+00 0.000e+00 0.000e+00
5.623e-15 0.000e+00 0.000e+00 0.000e+00 0.000e+00 0.000e+00
6.310e-15 0.000e+00 0.000e+00 0.000e+00 0.000e+00 0.000e+00
7.079e-15 0.000e+00 0.000e+00 0.000e+00 0.000e+00 0.000e+00
7.943e-15 0.000e+00 0.000e+00 0.000e+00 0.000e+00 0.000e+00
8.913e-15 0.000e+00 0.000e+00 0.000e+00 0.000e+00 0.000e+00
1.000e-14 0.000e+00 0.000e+00 0.000e+00 0.000e+00 0.000e+00
1.122e-14 0.000e+00 0.000e+00 0.000e+00 0.000e+00 0.000e+00
1.259e-14 0.000e+00 0.000e+00 0.000e+00 0.000e+00 0.000e+00
1.413e-14 0.000e+00 0.000e+00 0.000e+00 0.000e+00 0.000e+00
1.585e-14 0.000e+00 0.000e+00 0.000e+00 0.000e+00 0.000e+00
1.778e-14 0.000e+00 0.000e+00 0.000e+00 0.000e+00 0.000e+00
1.995e-14 0.000e+00 0.000e+00 0.000e+00 0.000e+00 0.000e+00
2.239e-14 0.000e+00 0.000e+00 0.000e+00 0.000e+00 0.000e+00
2.512e-14 0.000e+00 0.000e+00 0.000e+00 0.000e+00 0.000e+00
2.818e-14 0.000e+00 0.000e+00 0.000e+00 0.000e+00 0.000e+00
3.162e-14 0.000e+00 0.000e+00 0.000e+00 0.000e+00 0.000e+00
3.548e-14 0.000e+00 0.000e+00 0.000e+00 0.000e+00 0.000e+00
3.981e-14 0.000e+00 0.000e+00 0.000e+00 0.000e+00 0.000e+00
4.467e-14 0.000e+00 0.000e+00 0.000e+00 0.000e+00 0.000e+00
5.012e-14 0.000e+00 0.000e+00 0.000e+00 0.000e+00 0.000e+00
5.623e-14 0.000e+00 0.000e+00 0.000e+00 0.000e+00 0.000e+00
6.310e-14 0.000e+00 0.000e+00 0.000e+00 0.000e+00 0.000e+00
7.079e-14 0.000e+00 0.000e+00 0.000e+00 0.000e+00 0.000e+00
7.943e-14 0.000e+00 0.000e+00 0.000e+00 0.000e+00 0.000e+00
8.913e-14 0.000e+00 0.000e+00 0.000e+00 0.000e+00 0.000e+00
1.000e-13 0.000e+00 0.000e+00 0.000e+00 0.000e+00 0.000e+00
1.122e-13 0.000e+00 0.000e+00 0.000e+00 0.000e+00 0.000e+00
1.259e-13 0.000e+00 0.000e+00 0.000e+00 0.000e+00 0.000e+00
1.413e-13 0.000e+00 0.000e+00 0.000e+00 0.000e+00 0.000e+00
1.585e-13 0.000e+00 0.000e+00 0.000e+00 0.000e+00 0.000e+00
1.778e-13 0.000e+00 0.000e+00 0.000e+00 0.000e+00 0.000e+00
1.995e-13 0.000e+00 0.000e+00 0.000e+00 0.000e+00 0.000e+00
2.239e-13 0.000e+00 0.000e+00 0.000e+00 0.000e+00 0.000e+00
2.512e-13 0.000e+00 0.000e+00 0.000e+00 0.000e+00 0.000e+00
2.818e-13 0.000e+00 0.000e+00 0.000e+00 0.000e+00 0.000e+00
3.162e-13 0.000e+00 0.000e+00 0.000e+00 0.000e+00 0.000e+00
3.548e-13 0.000e+00 0.000e+00 0.000e+00 0.000e+00 0.000e+00
3.981e-13 0.000e+00 0.000e+00 0.000e+00 0.000e+00 0.000e+00
4.467e-13 0.000e+00 0.000e+00 0.000e+00 0.000e+00 0.000e+00
5.012e-13 2.827e-24 1.138e-48 1.139e-105 7.496e-94 9.420e-93
5.623e-13 1.027e-19 5.202e-44 5.210e-101 3.428e-89 4.307e-88
6.310e-13 1.301e-15 8.296e-40 8.310e-97 5.466e-85 6.869e-84
7.079e-13 6.796e-12 5.457e-36 5.466e-93 3.596e-81 4.519e-80
7.943e-13 1.693e-08 1.712e-32 1.715e-89 1.128e-77 1.418e-76
8.913e-13 2.176e-05 2.769e-29 2.774e-86 1.825e-74 2.293e-73
1.000e-12 1.485e-02 2.379e-26 2.383e-83 1.568e-71 1.970e-70
1.122e-12 5.542e+00 1.118e-23 1.120e-80 7.366e-69 9.256e-68
1.259e-12 1.154e+03 2.930e-21 2.935e-78 1.931e-66 2.426e-65
1.413e-12 1.444e+05 4.618e-19 4.625e-76 3.043e-64 3.824e-63
1.585e-12 1.142e+07 4.596e-17 4.604e-74 3.029e-62 3.806e-61
1.778e-12 6.002e+08 3.041e-15 3.046e-72 2.004e-60 2.518e-59
1.995e-12 2.201e+10 1.404e-13 1.406e-70 9.249e-59 1.162e-57
2.239e-12 5.864e+11 4.709e-12 4.717e-69 3.103e-57 3.899e-56
2.512e-12 1.177e+13 1.190e-10 1.192e-67 7.843e-56 9.856e-55
2.818e-12 1.839e+14 2.340e-09 2.344e-66 1.542e-54 1.938e-53
3.162e-12 2.290e+15 3.670e-08 3.676e-65 2.418e-53 3.039e-52
3.548e-12 2.327e+16 4.693e-07 4.701e-64 3.093e-52 3.886e-51
3.981e-12 1.971e+17 5.005e-06 5.014e-63 3.298e-51 4.145e-50
4.467e-12 1.418e+18 4.533e-05 4.541e-62 2.987e-50 3.754e-49
5.012e-12 8.802e+18 3.543e-04 3.549e-61 2.334e-49 2.933e-48
5.623e-12 4.784e+19 2.424e-03 2.428e-60 1.597e-48 2.007e-47
6.310e-12 2.305e+20 1.470e-02 1.473e-59 9.689e-48 1.218e-46
7.079e-12 9.967e+20 8.003e-02 8.017e-59 5.274e-47 6.627e-46
7.943e-12 3.905e+21 3.947e-01 3.954e-58 2.601e-46 3.269e-45
8.913e-12 1.399e+22 1.780e+00 1.783e-57 1.173e-45 1.474e-44
1.000e-11 4.621e+22 7.404e+00 7.417e-57 4.879e-45 6.131e-44
1.122e-11 1.418e+23 2.861e+01 2.865e-56 1.885e-44 2.369e-43
1.259e-11 4.070e+23 1.033e+02 1.035e-55 6.810e-44 8.558e-43
1.413e-11 1.099e+24 3.512e+02 3.518e-55 2.314e-43 2.908e-42
1.585e-11 2.805e+24 1.129e+03 1.131e-54 7.439e-43 9.348e-42
1.778e-11 6.805e+24 3.448e+03 3.453e-54 2.272e-42 2.855e-41
1.995e-11 1.575e+25 1.005e+04 1.007e-53 6.621e-42 8.321e-41
2.239e-11 3.494e+25 2.806e+04 2.811e-53 1.849e-41 2.323e-40
2.512e-11 7.451e+25 7.533e+04 7.545e-53 4.964e-41 6.238e-40
2.818e-11 1.532e+26 1.950e+05 1.954e-52 1.285e-40 1.615e-39
3.162e-11 3.048e+26 4.884e+05 4.892e-52 3.218e-40 4.044e-39
3.548e-11 5.880e+26 1.186e+06 1.188e-51 7.816e-40 9.822e-39
3.981e-11 1.103e+27 2.800e+06 2.805e-51 1.845e-39 2.318e-38
4.467e-11 2.014e+27 6.438e+06 6.449e-51 4.242e-39 5.331e-38
5.012e-11 3.590e+27 1.445e+07 1.447e-50 9.521e-39 1.196e-37
5.623e-11 6.257e+27 3.170e+07 3.176e-50 2.089e-38 2.625e-37
6.310e-11 1.068e+28 6.813e+07 6.825e-50 4.490e-38 5.642e-37
7.079e-11 1.788e+28 1.436e+08 1.439e-49 9.463e-38 1.189e-36
7.943e-11 2.941e+28 2.973e+08 2.978e-49 1.959e-37 2.462e-36
8.913e-11 4.756e+28 6.052e+08 6.063e-49 3.988e-37 5.012e-36
1.000e-10 7.571e+28 1.213e+09 1.215e-48 7.993e-37 1.004e-35
1.122e-10 1.188e+29 2.396e+09 2.400e-48 1.579e-36 1.984e-35
1.259e-10 1.838e+29 4.668e+09 4.676e-48 3.076e-36 3.866e-35
1.413e-10 2.809e+29 8.981e+09 8.996e-48 5.918e-36 7.437e-35
1.585e-10 4.243e+29 1.707e+10 1.710e-47 1.125e-35 1.414e-34
1.778e-10 6.336e+29 3.210e+10 3.216e-47 2.115e-35 2.658e-34
1.995e-10 9.364e+29 5.973e+10 5.983e-47 3.936e-35 4.946e-34
2.239e-10 1.371e+30 1.101e+11 1.102e-46 7.252e-35 9.113e-34
2.512e-10 1.988e+30 2.009e+11 2.013e-46 1.324e-34 1.664e-33
2.818e-10 2.858e+30 3.637e+11 3.644e-46 2.397e-34 3.012e-33
3.162e-10 4.077e+30 6.532e+11 6.543e-46 4.304e-34 5.409e-33
3.548e-10 5.772e+30 1.164e+12 1.166e-45 7.671e-34 9.640e-33
3.981e-10 8.113e+30 2.060e+12 2.064e-45 1.358e-33 1.706e-32
4.467e-10 1.133e+31 3.622e+12 3.628e-45 2.387e-33 2.999e-32
5.012e-10 1.572e+31 6.327e+12 6.338e-45 4.169e-33 5.239e-32
5.623e-10 2.169e+31 1.099e+13 1.101e-44 7.241e-33 9.099e-32
6.310e-10 2.975e+31 1.898e+13 1.901e-44 1.251e-32 1.572e-31
7.079e-10 4.061e+31 3.261e+13 3.266e-44 2.149e-32 2.700e-31
7.943e-10 5.515e+31 5.575e+13 5.585e-44 3.674e-32 4.617e-31
8.913e-10 7.456e+31 9.489e+13 9.505e-44 6.253e-32 7.857e-31
1.000e-09 1.004e+32 1.608e+14 1.611e-43 1.060e-31 1.332e-30
1.122e-09 1.345e+32 2.714e+14 2.718e-43 1.788e-31 2.247e-30
1.259e-09 1.797e+32 4.562e+14 4.570e-43 3.006e-31 3.778e-30
1.413e-09 2.391e+32 7.643e+14 7.656e-43 5.036e-31 6.329e-30
1.585e-09 3.171e+32 1.276e+15 1.278e-42 8.408e-31 1.057e-29
1.778e-09 4.191e+32 2.123e+15 2.127e-42 1.399e-30 1.758e-29
1.995e-09 5.524e+32 3.523e+15 3.529e-42 2.322e-30 2.917e-29
2.239e-09 7.259e+32 5.829e+15 5.839e-42 3.841e-30 4.827e-29
2.512e-09 9.514e+32 9.618e+15 9.634e-42 6.338e-30 7.965e-29
2.818e-09 1.244e+33 1.583e+16 1.586e-41 1.043e-29 1.311e-28
3.162e-09 1.622e+33 2.600e+16 2.604e-41 1.713e-29 2.153e-28
3.548e-09 2.112e+33 4.259e+16 4.266e-41 2.807e-29 3.527e-28
3.981e-09 2.742e+33 6.964e+16 6.975e-41 4.589e-29 5.766e-28
4.467e-09 3.555e+33 1.136e+17 1.138e-40 7.488e-29 9.409e-28
5.012e-09 4.599e+33 1.851e+17 1.854e-40 1.220e-28 1.533e-27
5.623e-09 5.939e+33 3.009e+17 3.014e-40 1.983e-28 2.492e-27
6.310e-09 7.658e+33 4.885e+17 4.893e-40 3.219e-28 4.045e-27
7.079e-09 9.859e+33 7.917e+17 7.930e-40 5.217e-28 6.556e-27
7.943e-09 1.267e+34 1.281e+18 1.283e-39 8.443e-28 1.061e-26
8.913e-09 1.627e+34 2.071e+18 2.074e-39 1.365e-27 1.715e-26
1.000e-08 2.086e+34 3.342e+18 3.348e-39 2.203e-27 2.768e-26
1.122e-08 2.672e+34 5.389e+18 5.398e-39 3.551e-27 4.462e-26
1.259e-08 3.417e+34 8.677e+18 8.692e-39 5.718e-27 7.185e-26
1.413e-08 4.366e+34 1.396e+19 1.398e-38 9.197e-27 1.156e-25
1.585e-08 5.573e+34 2.243e+19 2.247e-38 1.478e-26 1.857e-25
1.778e-08 7.107e+34 3.601e+19 3.607e-38 2.373e-26 2.982e-25
1.995e-08 9.054e+34 5.775e+19 5.785e-38 3.805e-26 4.782e-25
2.239e-08 1.152e+35 9.254e+19 9.270e-38 6.098e-26 7.663e-25
2.512e-08 1.466e+35 1.482e+20 1.484e-37 9.764e-26 1.227e-24
2.818e-08 1.863e+35 2.371e+20 2.375e-37 1.562e-25 1.963e-24
3.162e-08 2.365e+35 3.790e+20 3.796e-37 2.497e-25 3.138e-24
3.548e-08 3.002e+35 6.054e+20 6.065e-37 3.990e-25 5.013e-24
3.981e-08 3.806e+35 9.665e+20 9.682e-37 6.369e-25 8.004e-24
4.467e-08 4.824e+35 1.542e+21 1.545e-36 1.016e-24 1.277e-23
5.012e-08 6.109e+35 2.459e+21 2.463e-36 1.620e-24 2.036e-23
5.623e-08 7.732e+35 3.917e+21 3.924e-36 2.581e-24 3.244e-23
6.310e-08 9.782e+35 6.239e+21 6.250e-36 4.111e-24 5.167e-23
7.079e-08 1.237e+36 9.936e+21 9.953e-36 6.547e-24 8.228e-23
7.943e-08 1.566e+36 1.583e+22 1.585e-35 1.043e-23 1.311e-22
8.913e-08 1.982e+36 2.522e+22 2.527e-35 1.662e-23 2.089e-22
1.000e-07 2.511e+36 4.023e+22 4.030e-35 2.651e-23 3.332e-22
1.122e-07 3.185e+36 6.424e+22 6.434e-35 4.233e-23 5.319e-22
1.259e-07 4.043e+36 1.027e+23 1.028e-34 6.764e-23 8.500e-22
1.413e-07 5.136e+36 1.642e+23 1.645e-34 1.082e-22 1.360e-21
1.585e-07 6.528e+36 2.627e+23 2.632e-34 1.731e-22 2.176e-21
1.778e-07 8.301e+36 4.206e+23 4.213e-34 2.771e-22 3.483e-21
1.995e-07 1.056e+37 6.733e+23 6.744e-34 4.436e-22 5.575e-21
2.239e-07 1.342e+37 1.077e+24 1.079e-33 7.100e-22 8.922e-21
2.512e-07 1.705e+37 1.723e+24 1.726e-33 1.136e-21 1.427e-20
2.818e-07 2.164e+37 2.754e+24 2.759e-33 1.815e-21 2.280e-20
3.162e-07 2.744e+37 4.396e+24 4.404e-33 2.897e-21 3.640e-20
3.548e-07 3.475e+37 7.009e+24 7.021e-33 4.619e-21 5.804e-20
3.981e-07 4.395e+37 1.116e+25 1.118e-32 7.355e-21 9.242e-20
4.467e-07 5.553e+37 1.775e+25 1.778e-32 1.170e-20 1.470e-19
5.012e-07 7.007e+37 2.820e+25 2.825e-32 1.858e-20 2.335e-19
5.623e-07 8.835e+37 4.476e+25 4.484e-32 2.950e-20 3.707e-19
6.310e-07 1.113e+38 7.101e+25 7.113e-32 4.679e-20 5.880e-19
7.079e-07 1.402e+38 1.126e+26 1.128e-31 7.421e-20 9.325e-19
7.943e-07 1.766e+38 1.785e+26 1.788e-31 1.177e-19 1.478e-18
8.913e-07 2.224e+38 2.830e+26 2.835e-31 1.865e-19 2.344e-18
1.000e-06 2.799e+38 4.485e+26 4.493e-31 2.956e-19 3.714e-18
1.122e-06 3.523e+38 7.106e+26 7.118e-31 4.682e-19 5.884e-18
1.259e-06 4.431e+38 1.125e+27 1.127e-30 7.414e-19 9.317e-18
1.413e-06 5.569e+38 1.780e+27 1.783e-30 1.173e-18 1.474e-17
1.585e-06 7.000e+38 2.817e+27 2.822e-30 1.856e-18 2.333e-17
1.778e-06 8.806e+38 4.462e+27 4.469e-30 2.940e-18 3.695e-17
1.995e-06 1.108e+39 7.070e+27 7.082e-30 4.659e-18 5.855e-17
2.239e-06 1.395e+39 1.120e+28 1.122e-29 7.383e-18 9.278e-17
2.512e-06 1.755e+39 1.774e+28 1.777e-29 1.169e-17 1.469e-16
2.818e-06 2.201e+39 2.802e+28 2.806e-29 1.846e-17 2.320e-16
3.162e-06 2.753e+39 4.411e+28 4.419e-29 2.907e-17 3.653e-16
3.548e-06 3.430e+39 6.918e+28 6.930e-29 4.559e-17 5.729e-16
3.981e-06 4.253e+39 1.080e+29 1.082e-28 7.117e-17 8.943e-16
4.467e-06 5.248e+39 1.678e+29 1.681e-28 1.106e-16 1.389e-15
5.012e-06 6.443e+39 2.593e+29 2.597e-28 1.709e-16 2.147e-15
5.623e-06 7.866e+39 3.985e+29 3.992e-28 2.626e-16 3.300e-15
6.310e-06 9.550e+39 6.091e+29 6.101e-28 4.014e-16 5.044e-15
7.079e-06 1.152e+40 9.253e+29 9.269e-28 6.097e-16 7.662e-15
7.943e-06 1.383e+40 1.398e+30 1.400e-27 9.213e-16 1.158e-14
8.913e-06 1.650e+40 2.100e+30 2.103e-27 1.384e-15 1.739e-14
1.000e-05 1.957e+40 3.135e+30 3.140e-27 2.066e-15 2.596e-14
1.122e-05 2.306e+40 4.651e+30 4.659e-27 3.065e-15 3.851e-14
1.259e-05 2.696e+40 6.846e+30 6.858e-27 4.511e-15 5.669e-14
1.413e-05 3.125e+40 9.989e+30 1.001e-26 6.582e-15 8.272e-14
1.585e-05 3.588e+40 1.444e+31 1.446e-26 9.516e-15 1.196e-13
1.778e-05 4.079e+40 2.066e+31 2.070e-26 1.362e-14 1.711e-13
1.995e-05 4.586e+40 2.925e+31 2.930e-26 1.928e-14 2.422e-13
2.239e-05 5.100e+40 4.096e+31 4.102e-26 2.699e-14 3.391e-13
2.512e-05 5.610e+40 5.671e+31 5.681e-26 3.737e-14 4.696e-13
2.818e-05 6.104e+40 7.768e+31 7.782e-26 5.119e-14 6.433e-13
3.162e-05 6.570e+40 1.053e+32 1.054e-25 6.937e-14 8.717e-13
3.548e-05 6.998e+40 1.411e+32 1.414e-25 9.301e-14 1.169e-12
3.981e-05 7.377e+40 1.873e+32 1.876e-25 1.234e-13 1.551e-12
4.467e-05 7.698e+40 2.461e+32 2.465e-25 1.622e-13 2.038e-12
5.012e-05 7.953e+40 3.201e+32 3.206e-25 2.109e-13 2.651e-12
5.623e-05 8.138e+40 4.123e+32 4.130e-25 2.717e-13 3.414e-12
6.310e-05 8.247e+40 5.260e+32 5.269e-25 3.466e-13 4.356e-12
7.079e-05 8.258e+40 6.631e+32 6.642e-25 4.369e-13 5.491e-12
7.943e-05 8.162e+40 8.251e+32 8.265e-25 5.437e-13 6.832e-12
8.913e-05 7.990e+40 1.017e+33 1.019e-24 6.700e-13 8.420e-12
1.000e-04 7.746e+40 1.241e+33 1.243e-24 8.178e-13 1.028e-11
1.122e-04 7.435e+40 1.500e+33 1.502e-24 9.882e-13 1.242e-11
1.259e-04 7.066e+40 1.794e+33 1.797e-24 1.182e-12 1.486e-11
1.413e-04 6.646e+40 2.124e+33 2.128e-24 1.400e-12 1.759e-11
1.585e-04 6.185e+40 2.489e+33 2.493e-24 1.640e-12 2.061e-11
1.778e-04 5.695e+40 2.885e+33 2.890e-24 1.901e-12 2.389e-11
1.995e-04 5.187e+40 3.309e+33 3.314e-24 2.180e-12 2.740e-11
2.239e-04 4.673e+40 3.752e+33 3.759e-24 2.473e-12 3.107e-11
2.512e-04 4.163e+40 4.209e+33 4.216e-24 2.773e-12 3.485e-11
2.818e-04 3.669e+40 4.670e+33 4.678e-24 3.077e-12 3.867e-11
3.162e-04 3.201e+40 5.128e+33 5.137e-24 3.379e-12 4.247e-11
3.548e-04 2.766e+40 5.579e+33 5.588e-24 3.676e-12 4.620e-11
3.981e-04 2.369e+40 6.016e+33 6.026e-24 3.964e-12 4.982e-11
4.467e-04 2.013e+40 6.435e+33 6.445e-24 4.240e-12 5.328e-11
5.012e-04 1.699e+40 6.837e+33 6.849e-24 4.506e-12 5.662e-11
5.623e-04 1.426e+40 7.223e+33 7.235e-24 4.759e-12 5.981e-11
6.310e-04 1.189e+40 7.583e+33 7.596e-24 4.997e-12 6.279e-11
7.079e-04 9.862e+39 7.919e+33 7.932e-24 5.218e-12 6.557e-11
7.943e-04 8.132e+39 8.220e+33 8.234e-24 5.417e-12 6.807e-11
8.913e-04 6.666e+39 8.484e+33 8.498e-24 5.591e-12 7.025e-11
1.000e-03 5.436e+39 8.709e+33 8.724e-24 5.739e-12 7.211e-11
1.122e-03 4.409e+39 8.892e+33 8.907e-24 5.860e-12 7.364e-11
1.259e-03 3.558e+39 9.035e+33 9.050e-24 5.954e-12 7.482e-11
1.413e-03 2.858e+39 9.138e+33 9.153e-24 6.021e-12 7.567e-11
1.585e-03 2.287e+39 9.203e+33 9.219e-24 6.065e-12 7.621e-11
1.778e-03 1.824e+39 9.239e+33 9.255e-24 6.088e-12 7.651e-11
1.995e-03 1.451e+39 9.253e+33 9.268e-24 6.097e-12 7.662e-11
2.239e-03 1.153e+39 9.255e+33 9.270e-24 6.098e-12 7.664e-11
2.512e-03 9.155e+38 9.255e+33 9.271e-24 6.099e-12 7.664e-11
2.818e-03 7.277e+38 9.261e+33 9.277e-24 6.103e-12 7.669e-11
3.162e-03 5.788e+38 9.274e+33 9.290e-24 6.111e-12 7.679e-11
3.548e-03 4.606e+38 9.290e+33 9.306e-24 6.122e-12 7.693e-11
3.981e-03 3.662e+38 9.300e+33 9.316e-24 6.128e-12 7.701e-11
4.467e-03 2.911e+38 9.304e+33 9.320e-24 6.131e-12 7.705e-11
5.012e-03 2.312e+38 9.305e+33 9.321e-24 6.132e-12 7.706e-11
5.623e-03 1.836e+38 9.304e+33 9.320e-24 6.131e-12 7.705e-11
6.310e-03 1.458e+38 9.301e+33 9.317e-24 6.129e-12 7.702e-11
7.079e-03 1.158e+38 9.296e+33 9.312e-24 6.126e-12 7.698e-11
7.943e-03 9.188e+37 9.288e+33 9.304e-24 6.120e-12 7.691e-11
8.913e-03 7.287e+37 9.274e+33 9.290e-24 6.111e-12 7.680e-11
1.000e-02 5.776e+37 9.254e+33 9.269e-24 6.098e-12 7.663e-11
1.122e-02 4.573e+37 9.224e+33 9.239e-24 6.078e-12 7.638e-11
1.259e-02 3.616e+37 9.183e+33 9.198e-24 6.051e-12 7.604e-11
1.413e-02 2.856e+37 9.130e+33 9.146e-24 6.016e-12 7.560e-11
1.585e-02 2.253e+37 9.066e+33 9.082e-24 5.974e-12 7.507e-11
1.778e-02 1.775e+37 8.993e+33 9.008e-24 5.926e-12 7.447e-11
1.995e-02 1.397e+37 8.912e+33 8.927e-24 5.873e-12 7.380e-11
2.239e-02 1.099e+37 8.827e+33 8.842e-24 5.817e-12 7.310e-11
2.512e-02 8.646e+36 8.740e+33 8.755e-24 5.759e-12 7.237e-11
2.818e-02 6.799e+36 8.653e+33 8.668e-24 5.702e-12 7.165e-11
3.162e-02 5.348e+36 8.569e+33 8.584e-24 5.647e-12 7.096e-11
3.548e-02 4.209e+36 8.491e+33 8.505e-24 5.595e-12 7.031e-11
3.981e-02 3.316e+36 8.419e+33 8.433e-24 5.548e-12 6.972e-11
4.467e-02 2.614e+36 8.356e+33 8.370e-24 5.506e-12 6.919e-11
5.012e-02 2.063e+36 8.301e+33 8.315e-24 5.470e-12 6.874e-11
5.623e-02 1.629e+36 8.254e+33 8.268e-24 5.439e-12 6.835e-11
6.310e-02 1.288e+36 8.212e+33 8.226e-24 5.412e-12 6.800e-11
7.079e-02 1.018e+36 8.173e+33 8.187e-24 5.386e-12 6.768e-11
7.943e-02 8.046e+35 8.134e+33 8.147e-24 5.360e-12 6.735e-11
8.913e-02 6.358e+35 8.091e+33 8.105e-24 5.332e-12 6.700e-11
1.000e-01 5.020e+35 8.044e+33 8.057e-24 5.300e-12 6.661e-11
1.122e-01 3.962e+35 7.992e+33 8.005e-24 5.266e-12 6.618e-11
1.259e-01 3.125e+35 7.935e+33 7.948e-24 5.229e-12 6.571e-11
1.413e-01 2.463e+35 7.873e+33 7.886e-24 5.188e-12 6.519e-11
1.585e-01 1.940e+35 7.806e+33 7.819e-24 5.144e-12 6.464e-11
1.778e-01 1.526e+35 7.734e+33 7.747e-24 5.096e-12 6.404e-11
1.995e-01 1.200e+35 7.656e+33 7.669e-24 5.045e-12 6.340e-11
2.239e-01 9.431e+34 7.573e+33 7.586e-24 4.991e-12 6.271e-11
2.512e-01 7.404e+34 7.485e+33 7.498e-24 4.932e-12 6.198e-11
2.818e-01 5.807e+34 7.391e+33 7.403e-24 4.870e-12 6.120e-11
3.162e-01 4.551e+34 7.291e+33 7.303e-24 4.804e-12 6.037e-11
3.548e-01 3.562e+34 7.185e+33 7.197e-24 4.734e-12 5.949e-11
3.981e-01 2.785e+34 7.073e+33 7.085e-24 4.661e-12 5.857e-11
4.467e-01 2.176e+34 6.955e+33 6.966e-24 4.583e-12 5.759e-11
5.012e-01 1.697e+34 6.830e+33 6.842e-24 4.501e-12 5.656e-11
5.623e-01 1.322e+34 6.699e+33 6.711e-24 4.415e-12 5.548e-11
6.310e-01 1.029e+34 6.562e+33 6.573e-24 4.324e-12 5.434e-11
7.079e-01 7.993e+33 6.419e+33 6.430e-24 4.230e-12 5.315e-11
7.943e-01 6.201e+33 6.269e+33 6.279e-24 4.131e-12 5.191e-11
8.913e-01 4.803e+33 6.112e+33 6.123e-24 4.028e-12 5.061e-11
1.000e+00 3.713e+33 5.949e+33 5.959e-24 3.920e-12 4.926e-11
1.122e+00 2.866e+33 5.780e+33 5.790e-24 3.809e-12 4.786e-11
1.259e+00 2.207e+33 5.605e+33 5.615e-24 3.693e-12 4.641e-11
1.413e+00 1.697e+33 5.424e+33 5.433e-24 3.574e-12 4.491e-11
1.585e+00 1.301e+33 5.237e+33 5.246e-24 3.451e-12 4.337e-11
1.778e+00 9.957e+32 5.045e+33 5.054e-24 3.324e-12 4.178e-11
1.995e+00 7.600e+32 4.848e+33 4.856e-24 3.194e-12 4.014e-11
2.239e+00 5.786e+32 4.646e+33 4.654e-24 3.062e-12 3.847e-11
2.512e+00 4.392e+32 4.440e+33 4.448e-24 2.926e-12 3.677e-11
2.818e+00 3.325e+32 4.231e+33 4.238e-24 2.788e-12 3.504e-11
3.162e+00 2.508e+32 4.019e+33 4.026e-24 2.648e-12 3.328e-11
3.548e+00 1.886e+32 3.804e+33 3.811e-24 2.507e-12 3.150e-11
3.981e+00 1.413e+32 3.589e+33 3.595e-24 2.365e-12 2.972e-11
4.467e+00 1.055e+32 3.372e+33 3.378e-24 2.222e-12 2.793e-11
5.012e+00 7.843e+31 3.156e+33 3.162e-24 2.080e-12 2.614e-11
5.623e+00 5.806e+31 2.941e+33 2.946e-24 1.938e-12 2.436e-11
6.310e+00 4.278e+31 2.729e+33 2.733e-24 1.798e-12 2.260e-11
7.079e+00 3.137e+31 2.519e+33 2.523e-24 1.660e-12 2.086e-11
7.943e+00 2.289e+31 2.314e+33 2.318e-24 1.525e-12 1.916e-11
8.913e+00 1.661e+31 2.113e+33 2.117e-24 1.393e-12 1.750e-11
1.000e+01 1.198e+31 1.919e+33 1.923e-24 1.265e-12 1.589e-11
1.122e+01 8.589e+30 1.732e+33 1.735e-24 1.142e-12 1.434e-11
1.259e+01 6.117e+30 1.553e+33 1.556e-24 1.024e-12 1.286e-11
1.413e+01 4.326e+30 1.383e+33 1.385e-24 9.113e-13 1.145e-11
1.585e+01 3.037e+30 1.222e+33 1.224e-24 8.054e-13 1.012e-11
1.778e+01 2.115e+30 1.072e+33 1.073e-24 7.061e-13 8.873e-12
1.995e+01 1.460e+30 9.315e+32 9.331e-25 6.138e-13 7.714e-12
2.239e+01 9.994e+29 8.025e+32 8.039e-25 5.288e-13 6.645e-12
2.512e+01 6.774e+29 6.847e+32 6.859e-25 4.512e-13 5.670e-12
2.818e+01 4.544e+29 5.783e+32 5.793e-25 3.811e-13 4.788e-12
3.162e+01 3.015e+29 4.830e+32 4.838e-25 3.183e-13 4.000e-12
3.548e+01 1.977e+29 3.987e+32 3.994e-25 2.628e-13 3.302e-12
3.981e+01 1.280e+29 3.251e+32 3.256e-25 2.142e-13 2.692e-12
4.467e+01 8.178e+28 2.614e+32 2.619e-25 1.723e-13 2.165e-12
5.012e+01 5.150e+28 2.073e+32 2.076e-25 1.366e-13 1.716e-12
5.623e+01 3.194e+28 1.618e+32 1.621e-25 1.066e-13 1.340e-12
6.310e+01 1.948e+28 1.242e+32 1.244e-25 8.187e-14 1.029e-12
7.079e+01 1.167e+28 9.371e+31 9.387e-26 6.175e-14 7.760e-13
7.943e+01 6.860e+27 6.934e+31 6.946e-26 4.569e-14 5.742e-13
8.913e+01 3.950e+27 5.027e+31 5.035e-26 3.312e-14 4.162e-13
1.000e+02 2.224e+27 3.564e+31 3.570e-26 2.348e-14 2.951e-13
1.122e+02 1.223e+27 2.467e+31 2.471e-26 1.626e-14 2.043e-13
1.259e+02 6.553e+26 1.664e+31 1.667e-26 1.096e-14 1.378e-13
1.413e+02 3.414e+26 1.091e+31 1.093e-26 7.191e-15 9.037e-14
1.585e+02 1.725e+26 6.944e+30 6.956e-27 4.576e-15 5.750e-14
1.778e+02 8.439e+25 4.275e+30 4.283e-27 2.817e-15 3.540e-14
1.995e+02 3.982e+25 2.540e+30 2.544e-27 1.674e-15 2.103e-14
2.239e+02 1.808e+25 1.452e+30 1.454e-27 9.566e-16 1.202e-14
2.512e+02 7.868e+24 7.953e+29 7.967e-28 5.241e-16 6.586e-15
2.818e+02 3.270e+24 4.161e+29 4.168e-28 2.742e-16 3.446e-15
3.162e+02 1.292e+24 2.071e+29 2.074e-28 1.364e-16 1.715e-15
3.548e+02 4.834e+23 9.751e+28 9.767e-29 6.425e-17 8.074e-16
3.981e+02 1.703e+23 4.324e+28 4.331e-29 2.849e-17 3.580e-16
4.467e+02 5.614e+22 1.795e+28 1.798e-29 1.183e-17 1.486e-16
5.012e+02 1.722e+22 6.929e+27 6.941e-30 4.566e-18 5.738e-17
5.623e+02 4.875e+21 2.470e+27 2.474e-30 1.628e-18 2.045e-17
6.310e+02 1.264e+21 8.062e+26 8.076e-31 5.313e-19 6.676e-18
7.079e+02 2.975e+20 2.389e+26 2.393e-31 1.574e-19 1.978e-18
7.943e+02 6.291e+19 6.360e+25 6.371e-32 4.191e-20 5.266e-19
8.913e+02 1.182e+19 1.505e+25 1.507e-32 9.915e-21 1.246e-19
1.000e+03 1.949e+18 3.123e+24 3.128e-33 2.058e-21 2.586e-20
1.122e+03 2.780e+17 5.607e+23 5.617e-34 3.695e-22 4.643e-21
1.259e+03 3.375e+16 8.570e+22 8.585e-35 5.648e-23 7.097e-22
1.413e+03 3.426e+15 1.095e+22 1.097e-35 7.218e-24 9.070e-23
1.585e+03 2.846e+14 1.145e+21 1.147e-36 7.547e-25 9.484e-24
1.778e+03 1.889e+13 9.570e+19 9.587e-38 6.306e-26 7.925e-25
1.995e+03 9.785e+11 6.241e+18 6.252e-39 4.113e-27 5.168e-26
2.239e+03 3.833e+10 3.078e+17 3.083e-40 2.028e-28 2.549e-27
2.512e+03 1.097e+09 1.109e+16 1.111e-41 7.309e-30 9.184e-29
2.818e+03 2.212e+07 2.815e+14 2.819e-43 1.855e-31 2.331e-30
3.162e+03 3.015e+05 4.831e+12 4.839e-45 3.183e-33 4.000e-32
3.548e+03 2.676e+03 5.398e+10 5.407e-47 3.557e-35 4.470e-34
3.981e+03 1.497e+01 3.800e+08 3.807e-49 2.504e-37 3.147e-36
4.467e+03 5.035e-02 1.610e+06 1.612e-51 1.061e-39 1.333e-38
5.012e+03 9.758e-05 3.927e+03 3.934e-54 2.588e-42 3.252e-41
5.623e+03 1.029e-07 5.214e+00 5.223e-57 3.436e-45 4.317e-44
6.310e+03 5.305e-11 3.384e-03 3.389e-60 2.230e-48 2.802e-47
7.079e+03 1.186e-14 9.524e-07 9.540e-64 6.276e-52 7.886e-51
7.943e+03 1.006e-18 1.017e-10 1.019e-67 6.704e-56 8.424e-55
8.913e+03 2.882e-23 3.668e-15 3.674e-72 2.417e-60 3.037e-59
1.000e+04 0.000e+00 0.000e+00 0.000e+00 0.000e+00 0.000e+00
1.122e+04 0.000e+00 0.000e+00 0.000e+00 0.000e+00 0.000e+00
1.259e+04 0.000e+00 0.000e+00 0.000e+00 0.000e+00 0.000e+00
1.413e+04 0.000e+00 0.000e+00 0.000e+00 0.000e+00 0.000e+00
1.585e+04 0.000e+00 0.000e+00 0.000e+00 0.000e+00 0.000e+00
1.778e+04 0.000e+00 0.000e+00 0.000e+00 0.000e+00 0.000e+00
1.995e+04 0.000e+00 0.000e+00 0.000e+00 0.000e+00 0.000e+00
2.239e+04 0.000e+00 0.000e+00 0.000e+00 0.000e+00 0.000e+00
2.512e+04 0.000e+00 0.000e+00 0.000e+00 0.000e+00 0.000e+00
2.818e+04 0.000e+00 0.000e+00 0.000e+00 0.000e+00 0.000e+00
3.162e+04 0.000e+00 0.000e+00 0.000e+00 0.000e+00 0.000e+00
3.548e+04 0.000e+00 0.000e+00 0.000e+00 0.000e+00 0.000e+00
3.981e+04 0.000e+00 0.000e+00 0.000e+00 0.000e+00 0.000e+00
4.467e+04 0.000e+00 0.000e+00 0.000e+00 0.000e+00 0.000e+00
5.012e+04 0.000e+00 0.000e+00 0.000e+00 0.000e+00 0.000e+00
5.623e+04 0.000e+00 0.000e+00 0.000e+00 0.000e+00 0.000e+00
6.310e+04 0.000e+00 0.000e+00 0.000e+00 0.000e+00 0.000e+00
7.079e+04 0.000e+00 0.000e+00 0.000e+00 0.000e+00 0.000e+00
7.943e+04 0.000e+00 0.000e+00 0.000e+00 0.000e+00 0.000e+00
8.913e+04 0.000e+00 0.000e+00 0.000e+00 0.000e+00 0.000e+00
1.000e+05 0.000e+00 0.000e+00 0.000e+00 0.000e+00 0.000e+00
1.122e+05 0.000e+00 0.000e+00 0.000e+00 0.000e+00 0.000e+00
1.259e+05 0.000e+00 0.000e+00 0.000e+00 0.000e+00 0.000e+00
1.413e+05 0.000e+00 0.000e+00 0.000e+00 0.000e+00 0.000e+00
1.585e+05 0.000e+00 0.000e+00 0.000e+00 0.000e+00 0.000e+00
1.778e+05 0.000e+00 0.000e+00 0.000e+00 0.000e+00 0.000e+00
1.995e+05 0.000e+00 0.000e+00 0.000e+00 0.000e+00 0.000e+00
2.239e+05 0.000e+00 0.000e+00 0.000e+00 0.000e+00 0.000e+00
2.512e+05 0.000e+00 0.000e+00 0.000e+00 0.000e+00 0.000e+00
2.818e+05 0.000e+00 0.000e+00 0.000e+00 0.000e+00 0.000e+00
3.162e+05 0.000e+00 0.000e+00 0.000e+00 0.000e+00 0.000e+00
3.548e+05 0.000e+00 0.000e+00 0.000e+00 0.000e+00 0.000e+00
3.981e+05 0.000e+00 0.000e+00 0.000e+00 0.000e+00 0.000e+00
4.467e+05 0.000e+00 0.000e+00 0.000e+00 0.000e+00 0.000e+00
5.012e+05 0.000e+00 0.000e+00 0.000e+00 0.000e+00 0.000e+00
5.623e+05 0.000e+00 0.000e+00 0.000e+00 0.000e+00 0.000e+00
6.310e+05 0.000e+00 0.000e+00 0.000e+00 0.000e+00 0.000e+00
7.079e+05 0.000e+00 0.000e+00 0.000e+00 0.000e+00 0.000e+00
7.943e+05 0.000e+00 0.000e+00 0.000e+00 0.000e+00 0.000e+00
8.913e+05 0.000e+00 0.000e+00 0.000e+00 0.000e+00 0.000e+00
1.000e+06 0.000e+00 0.000e+00 0.000e+00 0.000e+00 0.000e+00
1.122e+06 0.000e+00 0.000e+00 0.000e+00 0.000e+00 0.000e+00
1.259e+06 0.000e+00 0.000e+00 0.000e+00 0.000e+00 0.000e+00
1.413e+06 0.000e+00 0.000e+00 0.000e+00 0.000e+00 0.000e+00
1.585e+06 0.000e+00 0.000e+00 0.000e+00 0.000e+00 0.000e+00
1.778e+06 0.000e+00 0.000e+00 0.000e+00 0.000e+00 0.000e+00
1.995e+06 0.000e+00 0.000e+00 0.000e+00 0.000e+00 0.000e+00
2.239e+06 0.000e+00 0.000e+00 0.000e+00 0.000e+00 0.000e+00
2.512e+06 0.000e+00 0.000e+00 0.000e+00 0.000e+00 0.000e+00
2.818e+06 0.000e+00 0.000e+00 0.000e+00 0.000e+00 0.000e+00
3.162e+06 0.000e+00 0.000e+00 0.000e+00 0.000e+00 0.000e+00
3.548e+06 0.000e+00 0.000e+00 0.000e+00 0.000e+00 0.000e+00
3.981e+06 0.000e+00 0.000e+00 0.000e+00 0.000e+00 0.000e+00
4.467e+06 0.000e+00 0.000e+00 0.000e+00 0.000e+00 0.000e+00
5.012e+06 0.000e+00 0.000e+00 0.000e+00 0.000e+00 0.000e+00
5.623e+06 0.000e+00 0.000e+00 0.000e+00 0.000e+00 0.000e+00
6.310e+06 0.000e+00 0.000e+00 0.000e+00 0.000e+00 0.000e+00
7.079e+06 0.000e+00 0.000e+00 0.000e+00 0.000e+00 0.000e+00
7.943e+06 0.000e+00 0.000e+00 0.000e+00 0.000e+00 0.000e+00
8.913e+06 0.000e+00 0.000e+00 0.000e+00 0.000e+00 0.000e+00
1.000e+07 0.000e+00 0.000e+00 0.000e+00 0.000e+00 0.000e+00
1.122e+07 0.000e+00 0.000e+00 0.000e+00 0.000e+00 0.000e+00
1.259e+07 0.000e+00 0.000e+00 0.000e+00 0.000e+00 0.000e+00
1.413e+07 0.000e+00 0.000e+00 0.000e+00 0.000e+00 0.000e+00
1.585e+07 0.000e+00 0.000e+00 0.000e+00 0.000e+00 0.000e+00
1.778e+07 0.000e+00 0.000e+00 0.000e+00 0.000e+00 0.000e+00
1.995e+07 0.000e+00 0.000e+00 0.000e+00 0.000e+00 0.000e+00
2.239e+07 0.000e+00 0.000e+00 0.000e+00 0.000e+00 0.000e+00
2.512e+07 0.000e+00 0.000e+00 0.000e+00 0.000e+00 0.000e+00
2.818e+07 0.000e+00 0.000e+00 0.000e+00 0.000e+00 0.000e+00
3.162e+07 0.000e+00 0.000e+00 0.000e+00 0.000e+00 0.000e+00
3.548e+07 0.000e+00 0.000e+00 0.000e+00 0.000e+00 0.000e+00
3.981e+07 0.000e+00 0.000e+00 0.000e+00 0.000e+00 0.000e+00
4.467e+07 0.000e+00 0.000e+00 0.000e+00 0.000e+00 0.000e+00
5.012e+07 0.000e+00 0.000e+00 0.000e+00 0.000e+00 0.000e+00
5.623e+07 0.000e+00 0.000e+00 0.000e+00 0.000e+00 0.000e+00
6.310e+07 0.000e+00 0.000e+00 0.000e+00 0.000e+00 0.000e+00
7.079e+07 0.000e+00 0.000e+00 0.000e+00 0.000e+00 0.000e+00
7.943e+07 0.000e+00 0.000e+00 0.000e+00 0.000e+00 0.000e+00
8.913e+07 0.000e+00 0.000e+00 0.000e+00 0.000e+00 0.000e+00
1.000e+08 0.000e+00 0.000e+00 0.000e+00 0.000e+00 0.000e+00
