1.000e-20 0.000e+00 0.000e+00 0.000e+00 0.000e+00 0.000e+00
1.122e-20 0.000e+00 0.000e+00 0.000e+00 0.000e+00 0.000e+00
1.259e-20 0.000e+00 0.000e+00 0.000e+00 0.000e+00 0.000e+00
1.413e-20 0.000e+00 0.000e+00 0.000e+00 0.000e+00 0.000e+00
1.585e-20 0.000e+00 0.000e+00 0.000e+00 0.000e+00 0.000e+00
1.778e-20 0.000e+00 0.000e+00 0.000e+00 0.000e+00 0.000e+00
1.995e-20 0.000e+00 0.000e+00 0.000e+00 0.000e+00 0.000e+00
2.239e-20 0.000e+00 0.000e+00 0.000e+00 0.000e+00 0.000e+00
2.512e-20 0.000e+00 0.000e+00 0.000e+00 0.000e+00 0.000e+00
2.818e-20 0.000e+00 0.000e+00 0.000e+00 0.000e+00 0.000e+00
3.162e-20 0.000e+00 0.000e+00 0.000e+00 0.000e+00 0.000e+00
3.548e-20 0.000e+00 0.000e+00 0.000e+00 0.000e+00 0.000e+00
3.981e-20 0.000e+00 0.000e+00 0.000e+00 0.000e+00 0.000e+00
4.467e-20 0.000e+00 0.000e+00 0.000e+00 0.000e+00 0.000e+00
5.012e-20 0.000e+00 0.000e+00 0.000e+00 0.000e+00 0.000e+00
5.623e-20 0.000e+00 0.000e+00 0.000e+00 0.000e+00 0.000e+00
6.310e-20 0.000e+00 0.000e+00 0.000e+00 0.000e+00 0.000e+00
7.079e-20 0.000e+00 0.000e+00 0.000e+00 0.000e+00 0.000e+00
7.943e-20 0.000e+00 0.000e+00 0.000e+00 0.000e+00 0.000e+00
8.913e-20 0.000e+00 0.000e+00 0.000e+00 0.000e+00 0.000e+00
1.000e-19 0.000e+00 0.000e+00 0.000e+00 0.000e+00 0.000e+00
1.122e-19 0.000e+00 0.000e+00 0.000e+00 0.000e+00 0.000e+00
1.259e-19 0.000e+00 0.000e+00 0.000e+00 0.000e+00 0.000e+00
1.413e-19 0.000e+00 0.000e+00 0.000e+00 0.000e+00 0.000e+00
1.585e-19 0.000e+00 0.000e+00 0.000e+00 0.000e+00 0.000e+00
1.778e-19 0.000e+00 0.000e+00 0.000e+00 0.000e+00 0.000e+00
1.995e-19 0.000e+00 0.000e+00 0.000e+00 0.000e+00 0.000e+00
2.239e-19 0.000e+00 0.000e+00 0.000e+00 0.000e+00 0.000e+00
2.512e-19 0.000e+00 0.000e+00 0.000e+00 0.000e+00 0.000e+00
2.818e-19 0.000e+00 0.000e+00 0.000e+00 0.000e+00 0.000e+00
3.162e-19 0.000e+00 0.000e+00 0.000e+00 0.000e+00 0.000e+00
3.548e-19 0.000e+00 0.000e+00 0.000e+00 0.000e+00 0.000e+00
3.981e-19 0.000e+00 0.000e+00 0.000e+00 0.000e+00 0.000e+00
4.467e-19 0.000e+00 0.000e+00 0.000e+00 0.000e+00 0.000e+00
5.012e-19 0.000e+00 0.000e+00 0.000e+00 0.000e+00 0.000e+00
5.623e-19 0.000e+00 0.000e+00 0.000e+00 0.000e+00 0.000e+00
6.310e-19 0.000e+00 0.000e+00 0.000e+00 0.000e+00 0.000e+00
7.079e-19 0.000e+00 0.000e+00 0.000e+00 0.000e+00 0.000e+00
7.943e-19 0.000e+00 0.000e+00 0.000e+00 0.000e+00 0.000e+00
8.913e-19 0.000e+00 0.000e+00 0.000e+00 0.000e+00 0.000e+00
1.000e-18 0.000e+00 0.000e+00 0.000e+00 0.000e+00 0.000e+00
1.122e-18 0.000e+00 0.000e+00 0.000e+00 0.000e+00 0.000e+00
1.259e-18 0.000e+00 0.000e+00 0.000e+00 0.000e+00 0.000e+00
1.413e-18 0.000e+00 0.000e+00 0.000e+00 0.000e+00 0.000e+00
1.585e-18 0.000e+00 0.000e+00 0.000e+00 0.000e+00 0.000e+00
1.778e-18 0.000e+00 0.000e+00 0.000e+00 0.000e+00 0.000e+00
1.995e-18 0.000e+00 0.000e+00 0.000e+00 0.000e+00 0.000e+00
2.239e-18 0.000e+00 0.000e+00 0.000e+00 0.000e+00 0.000e+00
2.512e-18 0.000e+00 0.000e+00 0.000e+00 0.000e+00 0.000e+00
2.818e-18 0.000e+00 0.000e+00 0.000e+00 0.000e+00 0.000e+00
3.162e-18 0.000e+00 0.000e+00 0.000e+00 0.000e+00 0.000e+00
3.548e-18 0.000e+00 0.000e+00 0.000e+00 0.000e+00 0.000e+00
3.981e-18 0.000e+00 0.000e+00 0.000e+00 0.000e+00 0.000e+00
4.467e-18 0.000e+00 0.000e+00 0.000e+00 0.000e+00 0.000e+00
5.012e-18 0.000e+00 0.000e+00 0.000e+00 0.000e+00 0.000e+00
5.623e-18 0.000e+00 0.000e+00 0.000e+00 0.000e+00 0.000e+00
6.310e-18 0.000e+00 0.000e+00 0.000e+00 0.000e+00 0.000e+00
7.079e-18 0.000e+00 0.000e+00 0.000e+00 0.000e+00 0.000e+00
7.943e-18 0.000e+00 0.000e+00 0.000e+00 0.000e+00 0.000e+00
8.913e-18 0.000e+00 0.000e+00 0.000e+00 0.000e+00 0.000e+00
1.000e-17 0.000e+00 0.000e+00 0.000e+00 0.000e+00 0.000e+00
1.122e-17 0.000e+00 0.000e+00 0.000e+00 0.000e+00 0.000e+00
1.259e-17 0.000e+00 0.000e+00 0.000e+00 0.000e+00 0.000e+00
1.413e-17 0.000e+00 0.000e+00 0.000e+00 0.000e+00 0.000e+00
1.585e-17 0.000e+00 0.000e+00 0.000e+00 0.000e+00 0.000e+00
1.778e-17 0.000e+00 0.000e+00 0.000e+00 0.000e+00 0.000e+00
1.995e-17 0.000e+00 0.000e+00 0.000e+00 0.000e+00 0.000e+00
2.239e-17 0.000e+00 0.000e+00 0.000e+00 0.000e+00 0.000e+00
2.512e-17 0.000e+00 0.000e+00 0.000e+00 0.000e+00 0.000e+00
2.818e-17 0.000e+00 0.000e+00 0.000e+00 0.000e+00 0.000e+00
3.162e-17 0.000e+00 0.000e+00 0.000e+00 0.000e+00 0.000e+00
3.548e-17 0.000e+00 0.000e+00 0.000e+00 0.000e+00 0.000e+00
3.981e-17 0.000e+00 0.000e+00 0.000e+00 0.000e+00 0.000e+00
4.467e-17 0.000e+00 0.000e+00 0.000e+00 0.000e+00 0.000e+00
5.012e-17 0.000e+00 0.000e+00 0.000e+00 0.000e+00 0.000e+00
5.623e-17 0.000e+00 0.000e+00 0.000e+00 0.000e+00 0.000e+00
6.310e-17 0.000e+00 0.000e+00 0.000e+00 0.000e+00 0.000e+00
7.079e-17 0.000e+00 0.000e+00 0.000e+00 0.000e+00 0.000e+00
7.943e-17 0.000e+00 0.000e+00 0.000e+00 0.000e+00 0.000e+00
8.913e-17 0.000e+00 0.000e+00 0.000e+00 0.000e+00 0.000e+00
1.000e-16 0.000e+00 0.000e+00 0.000e+00 0.000e+00 0.000e+00
1.122e-16 0.000e+00 0.000e+00 0.000e+00 0.000e+00 0.000e+00
1.259e-16 0.000e+00 0.000e+00 0.000e+00 0.000e+00 0.000e+00
1.413e-16 0.000e+00 0.000e+00 0.000e+00 0.000e+00 0.000e+00
1.585e-16 0.000e+00 0.000e+00 0.000e+00 0.000e+00 0.000e+00
1.778e-16 0.000e+00 0.000e+00 0.000e+00 0.000e+00 0.000e+00
1.995e-16 0.000e+00 0.000e+00 0.000e+00 0.000e+00 0.000e+00
2.239e-16 0.000e+00 0.000e+00 0.000e+00 0.000e+00 0.000e+00
2.512e-16 0.000e+00 0.000e+00 0.000e+00 0.000e+00 0.000e+00
2.818e-16 0.000e+00 0.000e+00 0.000e+00 0.000e+00 0.000e+00
3.162e-16 0.000e+00 0.000e+00 0.000e+00 0.000e+00 0.000e+00
3.548e-16 0.000e+00 0.000e+00 0.000e+00 0.000e+00 0.000e+00
3.981e-16 0.000e+00 0.000e+00 0.000e+00 0.000e+00 0.000e+00
4.467e-16 0.000e+00 0.000e+00 0.000e+00 0.000e+00 0.000e+00
5.012e-16 0.000e+00 0.000e+00 0.000e+00 0.000e+00 0.000e+00
5.623e-16 0.000e+00 0.000e+00 0.000e+00 0.000e+00 0.000e+00
6.310e-16 0.000e+00 0.000e+00 0.000e+00 0.000e+00 0.000e+00
7.079e-16 0.000e+00 0.000e+00 0.000e+00 0.000e+00 0.000e+00
7.943e-16 0.000e+00 0.000e+00 0.000e+00 0.000e+00 0.000e+00
8.913e-16 0.000e+00 0.000e+00 0.000e+00 0.000e+00 0.000e+00
1.000e-15 0.000e+00 0.000e+00 0.000e+00 0.000e+00 0.000e+00
1.122e-15 0.000e+00 0.000e+00 0.000e+00 0.000e+00 0.000e+00
1.259e-15 0.000e+00 0.000e+00 0.000e+00 0.000e+00 0.000e+00
1.413e-15 0.000e+00 0.000e+00 0.000e+00 0.000e+00 0.000e+00
1.585e-15 0.000e+00 0.000e+00 0.000e+00 0.000e+00 0.000e+00
1.778e-15 0.000e+00 0.000e+00 0.000e+00 0.000e+00 0.000e+00
1.995e-15 0.000e+00 0.000e+00 0.000e+00 0.000e+00 0.000e+00
2.239e-15 0.000e+00 0.000e+00 0.000e+00 0.000e+00 0.000e+00
2.512e-15 0.000e+00 0.000e+00 0.000e+00 0.000e+00 0.000e+00
2.818e-15 0.000e+00 0.000e+00 0.000e+00 0.000e+00 0.000e+00
3.162e-15 0.000e+00 0.000e+00 0.000e+00 0.000e+00 0.000e+00
3.548e-15 0.000e+00 0.000e+00 0.000e+00 0.000e+00 0.000e+00
3.981e-15 0.000e+00 0.000e+00 0.000e+00 0.000e+00 0.000e+00
4.467e-15 0.000e+00 0.000e+00 0.000e+00 0.000e+00 0.000e+00
5.012e-15 0.000e+00 0.000e+00 0.000e+00 0.000e+00 0.000e+00
5.623e-15 0.000e+00 0.000e+00 0.000e+00 0.000e+00 0.000e+00
6.310e-15 0.000e+00 0.000e+00 0.000e+00 0.000e+00 0.000e+00
7.079e-15 0.000e+00 0.000e+00 0.000e+00 0.000e+00 0.000e+00
7.943e-15 0.000e+00 0.000e+00 0.000e+00 0.000e+00 0.000e+00
8.913e-15 0.000e+00 0.000e+00 0.000e+00 0.000e+00 0.000e+00
1.000e-14 0.000e+00 0.000e+00 0.000e+00 0.000e+00 0.000e+00
1.122e-14 0.000e+00 0.000e+00 0.000e+00 0.000e+00 0.000e+00
1.259e-14 0.000e+00 0.000e+00 0.000e+00 0.000e+00 0.000e+00
1.413e-14 0.000e+00 0.000e+00 0.000e+00 0.000e+00 0.000e+00
1.585e-14 0.000e+00 0.000e+00 0.000e+00 0.000e+00 0.000e+00
1.778e-14 0.000e+00 0.000e+00 0.000e+00 0.000e+00 0.000e+00
1.995e-14 0.000e+00 0.000e+00 0.000e+00 0.000e+00 0.000e+00
2.239e-14 0.000e+00 0.000e+00 0.000e+00 0.000e+00 0.000e+00
2.512e-14 0.000e+00 0.000e+00 0.000e+00 0.000e+00 0.000e+00
2.818e-14 0.000e+00 0.000e+00 0.000e+00 0.000e+00 0.000e+00
3.162e-14 0.000e+00 0.000e+00 0.000e+00 0.000e+00 0.000e+00
3.548e-14 0.000e+00 0.000e+00 0.000e+00 0.000e+00 0.000e+00
3.981e-14 0.000e+00 0.000e+00 0.000e+00 0.000e+00 0.000e+00
4.467e-14 0.000e+00 0.000e+00 0.000e+00 0.000e+00 0.000e+00
5.012e-14 0.000e+00 0.000e+00 0.000e+00 0.000e+00 0.000e+00
5.623e-14 0.000e+00 0.000e+00 0.000e+00 0.000e+00 0.000e+00
6.310e-14 0.000e+00 0.000e+00 0.000e+00 0.000e+00 0.000e+00
7.079e-14 0.000e+00 0.000e+00 0.000e+00 0.000e+00 0.000e+00
7.943e-14 0.000e+00 0.000e+00 0.000e+00 0.000e+00 0.000e+00
8.913e-14 0.000e+00 0.000e+00 0.000e+00 0.000e+00 0.000e+00
1.000e-13 0.000e+00 0.000e+00 0.000e+00 0.000e+00 0.000e+00
1.122e-13 0.000e+00 0.000e+00 0.000e+00 0.000e+00 0.000e+00
1.259e-13 0.000e+00 0.000e+00 0.000e+00 0.000e+00 0.000e+00
1.413e-13 0.000e+00 0.000e+00 0.000e+00 0.000e+00 0.000e+00
1.585e-13 0.000e+00 0.000e+00 0.000e+00 0.000e+00 0.000e+00
1.778e-13 0.000e+00 0.000e+00 0.000e+00 0.000e+00 0.000e+00
1.995e-13 0.000e+00 0.000e+00 0.000e+00 0.000e+00 0.000e+00
2.239e-13 0.000e+00 0.000e+00 0.000e+00 0.000e+00 0.000e+00
2.512e-13 0.000e+00 0.000e+00 0.000e+00 0.000e+00 0.000e+00
2.818e-13 0.000e+00 0.000e+00 0.000e+00 0.000e+00 0.000e+00
3.162e-13 0.000e+00 0.000e+00 0.000e+00 0.000e+00 0.000e+00
3.548e-13 0.000e+00 0.000e+00 0.000e+00 0.000e+00 0.000e+00
3.981e-13 0.000e+00 0.000e+00 0.000e+00 0.000e+00 0.000e+00
4.467e-13 0.000e+00 0.000e+00 0.000e+00 0.000e+00 0.000e+00
5.012e-13 0.000e+00 0.000e+00 0.000e+00 0.000e+00 0.000e+00
5.623e-13 0.000e+00 0.000e+00 0.000e+00 0.000e+00 0.000e+00
6.310e-13 0.000e+00 0.000e+00 0.000e+00 0.000e+00 0.000e+00
7.079e-13 0.000e+00 0.000e+00 0.000e+00 0.000e+00 0.000e+00
7.943e-13 0.000e+00 0.000e+00 0.000e+00 0.000e+00 0.000e+00
8.913e-13 0.000e+00 0.000e+00 0.000e+00 0.000e+00 0.000e+00
1.000e-12 0.000e+00 0.000e+00 0.000e+00 0.000e+00 0.000e+00
1.122e-12 inf inf inf inf inf
1.259e-12 inf inf inf inf inf
1.413e-12 inf inf inf inf inf
1.585e-12 inf inf inf inf inf
1.778e-12 inf inf inf inf inf
1.995e-12 inf inf inf inf inf
2.239e-12 inf inf inf inf inf
2.512e-12 inf inf inf inf inf
2.818e-12 inf inf inf inf inf
3.162e-12 inf inf inf inf inf
3.548e-12 inf inf inf inf inf
3.981e-12 inf inf inf inf inf
4.467e-12 inf inf inf inf inf
5.012e-12 inf inf inf inf inf
5.623e-12 inf inf inf inf inf
6.310e-12 6.428e+49 4.100e+27 4.107e-30 5.404e-18 3.395e-17
7.079e-12 5.588e+49 4.487e+27 4.495e-30 5.913e-18 3.715e-17
7.943e-12 4.857e+49 4.910e+27 4.918e-30 6.471e-18 4.066e-17
8.913e-12 4.221e+49 5.372e+27 5.381e-30 7.080e-18 4.448e-17
1.000e-11 3.668e+49 5.877e+27 5.887e-30 7.745e-18 4.867e-17
1.122e-11 3.187e+49 6.429e+27 6.440e-30 8.473e-18 5.324e-17
1.259e-11 2.769e+49 7.032e+27 7.044e-30 9.268e-18 5.823e-17
1.413e-11 2.406e+49 7.692e+27 7.705e-30 1.014e-17 6.369e-17
1.585e-11 2.090e+49 8.411e+27 8.426e-30 1.109e-17 6.965e-17
1.778e-11 1.815e+49 9.198e+27 9.213e-30 1.212e-17 7.616e-17
1.995e-11 1.577e+49 1.006e+28 1.007e-29 1.325e-17 8.327e-17
2.239e-11 1.369e+49 1.099e+28 1.101e-29 1.449e-17 9.104e-17
2.512e-11 1.189e+49 1.202e+28 1.204e-29 1.584e-17 9.951e-17
2.818e-11 1.032e+49 1.313e+28 1.316e-29 1.731e-17 1.088e-16
3.162e-11 8.957e+48 1.435e+28 1.438e-29 1.891e-17 1.188e-16
3.548e-11 7.774e+48 1.568e+28 1.571e-29 2.066e-17 1.298e-16
3.981e-11 6.746e+48 1.713e+28 1.716e-29 2.257e-17 1.418e-16
4.467e-11 5.852e+48 1.871e+28 1.874e-29 2.466e-17 1.549e-16
5.012e-11 5.076e+48 2.043e+28 2.046e-29 2.692e-17 1.692e-16
5.623e-11 4.403e+48 2.231e+28 2.234e-29 2.940e-17 1.847e-16
6.310e-11 3.817e+48 2.435e+28 2.439e-29 3.209e-17 2.016e-16
7.079e-11 3.309e+48 2.657e+28 2.662e-29 3.502e-17 2.201e-16
7.943e-11 2.868e+48 2.900e+28 2.905e-29 3.821e-17 2.401e-16
8.913e-11 2.486e+48 3.163e+28 3.169e-29 4.169e-17 2.619e-16
1.000e-10 2.153e+48 3.450e+28 3.456e-29 4.547e-17 2.857e-16
1.122e-10 1.865e+48 3.762e+28 3.768e-29 4.958e-17 3.115e-16
1.259e-10 1.615e+48 4.101e+28 4.108e-29 5.405e-17 3.396e-16
1.413e-10 1.398e+48 4.469e+28 4.477e-29 5.890e-17 3.701e-16
1.585e-10 1.210e+48 4.869e+28 4.878e-29 6.418e-17 4.032e-16
1.778e-10 1.047e+48 5.304e+28 5.313e-29 6.990e-17 4.392e-16
1.995e-10 9.054e+47 5.775e+28 5.785e-29 7.611e-17 4.782e-16
2.239e-10 7.829e+47 6.286e+28 6.297e-29 8.285e-17 5.206e-16
2.512e-10 6.767e+47 6.841e+28 6.852e-29 9.015e-17 5.664e-16
2.818e-10 5.847e+47 7.441e+28 7.454e-29 9.807e-17 6.162e-16
3.162e-10 5.050e+47 8.091e+28 8.105e-29 1.066e-16 6.700e-16
3.548e-10 4.360e+47 8.794e+28 8.809e-29 1.159e-16 7.282e-16
3.981e-10 3.763e+47 9.555e+28 9.571e-29 1.259e-16 7.912e-16
4.467e-10 3.246e+47 1.038e+29 1.039e-28 1.368e-16 8.593e-16
5.012e-10 2.799e+47 1.126e+29 1.128e-28 1.485e-16 9.328e-16
5.623e-10 2.413e+47 1.222e+29 1.224e-28 1.611e-16 1.012e-15
6.310e-10 2.078e+47 1.326e+29 1.328e-28 1.747e-16 1.098e-15
7.079e-10 1.790e+47 1.437e+29 1.439e-28 1.894e-16 1.190e-15
7.943e-10 1.540e+47 1.557e+29 1.560e-28 2.052e-16 1.289e-15
8.913e-10 1.325e+47 1.686e+29 1.689e-28 2.222e-16 1.396e-15
1.000e-09 1.139e+47 1.825e+29 1.828e-28 2.405e-16 1.511e-15
1.122e-09 9.786e+46 1.974e+29 1.977e-28 2.601e-16 1.635e-15
1.259e-09 8.404e+46 2.134e+29 2.138e-28 2.812e-16 1.767e-15
1.413e-09 7.212e+46 2.306e+29 2.310e-28 3.039e-16 1.909e-15
1.585e-09 6.186e+46 2.490e+29 2.494e-28 3.281e-16 2.062e-15
1.778e-09 5.302e+46 2.686e+29 2.691e-28 3.540e-16 2.225e-15
1.995e-09 4.542e+46 2.897e+29 2.902e-28 3.818e-16 2.399e-15
2.239e-09 3.888e+46 3.122e+29 3.127e-28 4.115e-16 2.585e-15
2.512e-09 3.326e+46 3.362e+29 3.368e-28 4.431e-16 2.784e-15
2.818e-09 2.843e+46 3.618e+29 3.624e-28 4.769e-16 2.996e-15
3.162e-09 2.429e+46 3.891e+29 3.898e-28 5.128e-16 3.222e-15
3.548e-09 2.073e+46 4.181e+29 4.189e-28 5.511e-16 3.463e-15
3.981e-09 1.768e+46 4.490e+29 4.498e-28 5.918e-16 3.718e-15
4.467e-09 1.507e+46 4.818e+29 4.826e-28 6.349e-16 3.989e-15
5.012e-09 1.283e+46 5.165e+29 5.174e-28 6.808e-16 4.277e-15
5.623e-09 1.092e+46 5.534e+29 5.543e-28 7.293e-16 4.582e-15
6.310e-09 9.287e+45 5.924e+29 5.934e-28 7.807e-16 4.905e-15
7.079e-09 7.890e+45 6.336e+29 6.346e-28 8.350e-16 5.246e-15
7.943e-09 6.698e+45 6.771e+29 6.782e-28 8.923e-16 5.607e-15
8.913e-09 5.681e+45 7.230e+29 7.242e-28 9.528e-16 5.987e-15
1.000e-08 4.814e+45 7.713e+29 7.726e-28 1.017e-15 6.387e-15
1.122e-08 4.076e+45 8.222e+29 8.236e-28 1.084e-15 6.808e-15
1.259e-08 3.449e+45 8.757e+29 8.772e-28 1.154e-15 7.251e-15
1.413e-08 2.915e+45 9.319e+29 9.334e-28 1.228e-15 7.716e-15
1.585e-08 2.462e+45 9.907e+29 9.924e-28 1.306e-15 8.204e-15
1.778e-08 2.077e+45 1.052e+30 1.054e-27 1.387e-15 8.715e-15
1.995e-08 1.751e+45 1.117e+30 1.119e-27 1.472e-15 9.249e-15
2.239e-08 1.475e+45 1.184e+30 1.186e-27 1.561e-15 9.808e-15
2.512e-08 1.241e+45 1.255e+30 1.257e-27 1.654e-15 1.039e-14
2.818e-08 1.044e+45 1.328e+30 1.331e-27 1.751e-15 1.100e-14
3.162e-08 8.768e+44 1.405e+30 1.407e-27 1.851e-15 1.163e-14
3.548e-08 7.360e+44 1.484e+30 1.487e-27 1.956e-15 1.229e-14
3.981e-08 6.172e+44 1.567e+30 1.570e-27 2.066e-15 1.298e-14
4.467e-08 5.172e+44 1.653e+30 1.656e-27 2.179e-15 1.369e-14
5.012e-08 4.330e+44 1.742e+30 1.745e-27 2.296e-15 1.443e-14
5.623e-08 3.622e+44 1.835e+30 1.838e-27 2.418e-15 1.520e-14
6.310e-08 3.027e+44 1.931e+30 1.934e-27 2.545e-15 1.599e-14
7.079e-08 2.528e+44 2.030e+30 2.033e-27 2.675e-15 1.681e-14
7.943e-08 2.110e+44 2.133e+30 2.136e-27 2.810e-15 1.766e-14
8.913e-08 1.759e+44 2.238e+30 2.242e-27 2.950e-15 1.854e-14
1.000e-07 1.465e+44 2.348e+30 2.352e-27 3.094e-15 1.944e-14
1.122e-07 1.220e+44 2.461e+30 2.465e-27 3.243e-15 2.038e-14
1.259e-07 1.015e+44 2.577e+30 2.582e-27 3.397e-15 2.134e-14
1.413e-07 8.437e+43 2.697e+30 2.702e-27 3.555e-15 2.234e-14
1.585e-07 7.009e+43 2.821e+30 2.826e-27 3.718e-15 2.336e-14
1.778e-07 5.819e+43 2.948e+30 2.953e-27 3.885e-15 2.441e-14
1.995e-07 4.828e+43 3.079e+30 3.084e-27 4.058e-15 2.550e-14
2.239e-07 4.003e+43 3.214e+30 3.220e-27 4.236e-15 2.661e-14
2.512e-07 3.317e+43 3.353e+30 3.358e-27 4.419e-15 2.776e-14
2.818e-07 2.747e+43 3.495e+30 3.501e-27 4.607e-15 2.894e-14
3.162e-07 2.273e+43 3.642e+30 3.648e-27 4.800e-15 3.016e-14
3.548e-07 1.881e+43 3.793e+30 3.799e-27 4.999e-15 3.141e-14
3.981e-07 1.555e+43 3.948e+30 3.955e-27 5.203e-15 3.269e-14
4.467e-07 1.285e+43 4.108e+30 4.115e-27 5.413e-15 3.401e-14
5.012e-07 1.061e+43 4.272e+30 4.279e-27 5.630e-15 3.537e-14
5.623e-07 8.764e+42 4.440e+30 4.448e-27 5.852e-15 3.677e-14
6.310e-07 7.233e+42 4.613e+30 4.621e-27 6.080e-15 3.820e-14
7.079e-07 5.967e+42 4.792e+30 4.800e-27 6.315e-15 3.968e-14
7.943e-07 4.921e+42 4.975e+30 4.984e-27 6.557e-15 4.120e-14
8.913e-07 4.057e+42 5.164e+30 5.173e-27 6.805e-15 4.276e-14
1.000e-06 3.344e+42 5.358e+30 5.367e-27 7.061e-15 4.437e-14
1.122e-06 2.755e+42 5.557e+30 5.567e-27 7.324e-15 4.602e-14
1.259e-06 2.269e+42 5.762e+30 5.772e-27 7.594e-15 4.772e-14
1.413e-06 1.869e+42 5.973e+30 5.983e-27 7.872e-15 4.946e-14
1.585e-06 1.538e+42 6.190e+30 6.200e-27 8.158e-15 5.126e-14
1.778e-06 1.266e+42 6.412e+30 6.423e-27 8.451e-15 5.310e-14
1.995e-06 1.041e+42 6.640e+30 6.651e-27 8.751e-15 5.499e-14
2.239e-06 8.560e+41 6.874e+30 6.886e-27 9.059e-15 5.692e-14
2.512e-06 7.036e+41 7.113e+30 7.125e-27 9.374e-15 5.890e-14
2.818e-06 5.781e+41 7.358e+30 7.370e-27 9.697e-15 6.093e-14
3.162e-06 4.748e+41 7.607e+30 7.620e-27 1.003e-14 6.299e-14
3.548e-06 3.898e+41 7.862e+30 7.875e-27 1.036e-14 6.510e-14
3.981e-06 3.199e+41 8.122e+30 8.136e-27 1.070e-14 6.726e-14
4.467e-06 2.624e+41 8.387e+30 8.402e-27 1.105e-14 6.945e-14
5.012e-06 2.151e+41 8.658e+30 8.673e-27 1.141e-14 7.169e-14
5.623e-06 1.763e+41 8.934e+30 8.949e-27 1.177e-14 7.398e-14
6.310e-06 1.445e+41 9.216e+30 9.232e-27 1.215e-14 7.631e-14
7.079e-06 1.184e+41 9.504e+30 9.520e-27 1.253e-14 7.870e-14
7.943e-06 9.693e+40 9.799e+30 9.816e-27 1.291e-14 8.114e-14
8.913e-06 7.937e+40 1.010e+31 1.012e-26 1.331e-14 8.364e-14
1.000e-05 6.497e+40 1.041e+31 1.043e-26 1.372e-14 8.620e-14
1.122e-05 5.318e+40 1.073e+31 1.074e-26 1.414e-14 8.882e-14
1.259e-05 4.352e+40 1.105e+31 1.107e-26 1.456e-14 9.150e-14
1.413e-05 3.560e+40 1.138e+31 1.140e-26 1.500e-14 9.425e-14
1.585e-05 2.912e+40 1.172e+31 1.174e-26 1.545e-14 9.706e-14
1.778e-05 2.382e+40 1.207e+31 1.209e-26 1.591e-14 9.993e-14
1.995e-05 1.948e+40 1.242e+31 1.245e-26 1.637e-14 1.029e-13
2.239e-05 1.593e+40 1.279e+31 1.281e-26 1.685e-14 1.059e-13
2.512e-05 1.302e+40 1.316e+31 1.318e-26 1.734e-14 1.090e-13
2.818e-05 1.064e+40 1.354e+31 1.356e-26 1.785e-14 1.121e-13
3.162e-05 8.695e+39 1.393e+31 1.395e-26 1.836e-14 1.154e-13
3.548e-05 7.104e+39 1.433e+31 1.435e-26 1.888e-14 1.187e-13
3.981e-05 5.803e+39 1.474e+31 1.476e-26 1.942e-14 1.220e-13
4.467e-05 4.740e+39 1.515e+31 1.518e-26 1.997e-14 1.255e-13
5.012e-05 3.871e+39 1.558e+31 1.560e-26 2.053e-14 1.290e-13
5.623e-05 3.160e+39 1.601e+31 1.604e-26 2.110e-14 1.326e-13
6.310e-05 2.580e+39 1.645e+31 1.648e-26 2.169e-14 1.363e-13
7.079e-05 2.106e+39 1.691e+31 1.694e-26 2.228e-14 1.400e-13
7.943e-05 1.718e+39 1.737e+31 1.740e-26 2.289e-14 1.438e-13
8.913e-05 1.402e+39 1.784e+31 1.787e-26 2.351e-14 1.477e-13
1.000e-04 1.143e+39 1.832e+31 1.835e-26 2.414e-14 1.517e-13
1.122e-04 9.324e+38 1.881e+31 1.884e-26 2.479e-14 1.557e-13
1.259e-04 7.603e+38 1.931e+31 1.934e-26 2.544e-14 1.599e-13
1.413e-04 6.197e+38 1.981e+31 1.985e-26 2.611e-14 1.641e-13
1.585e-04 5.051e+38 2.033e+31 2.036e-26 2.679e-14 1.683e-13
1.778e-04 4.115e+38 2.085e+31 2.089e-26 2.748e-14 1.727e-13
1.995e-04 3.352e+38 2.138e+31 2.142e-26 2.818e-14 1.771e-13
2.239e-04 2.730e+38 2.192e+31 2.196e-26 2.889e-14 1.815e-13
2.512e-04 2.223e+38 2.247e+31 2.251e-26 2.961e-14 1.861e-13
2.818e-04 1.809e+38 2.302e+31 2.306e-26 3.034e-14 1.906e-13
3.162e-04 1.472e+38 2.358e+31 2.362e-26 3.108e-14 1.953e-13
3.548e-04 1.197e+38 2.415e+31 2.419e-26 3.183e-14 2.000e-13
3.981e-04 9.738e+37 2.473e+31 2.477e-26 3.259e-14 2.048e-13
4.467e-04 7.916e+37 2.531e+31 2.535e-26 3.335e-14 2.096e-13
5.012e-04 6.434e+37 2.589e+31 2.594e-26 3.412e-14 2.144e-13
5.623e-04 5.227e+37 2.648e+31 2.653e-26 3.490e-14 2.193e-13
6.310e-04 4.245e+37 2.707e+31 2.712e-26 3.568e-14 2.242e-13
7.079e-04 3.446e+37 2.767e+31 2.772e-26 3.647e-14 2.291e-13
7.943e-04 2.796e+37 2.827e+31 2.832e-26 3.726e-14 2.341e-13
8.913e-04 2.268e+37 2.887e+31 2.892e-26 3.805e-14 2.390e-13
1.000e-03 1.839e+37 2.947e+31 2.952e-26 3.884e-14 2.440e-13
1.122e-03 1.491e+37 3.007e+31 3.012e-26 3.963e-14 2.490e-13
1.259e-03 1.208e+37 3.066e+31 3.072e-26 4.041e-14 2.539e-13
1.413e-03 9.779e+36 3.126e+31 3.131e-26 4.120e-14 2.589e-13
1.585e-03 7.914e+36 3.185e+31 3.190e-26 4.198e-14 2.637e-13
1.778e-03 6.402e+36 3.244e+31 3.249e-26 4.275e-14 2.686e-13
1.995e-03 5.176e+36 3.302e+31 3.307e-26 4.351e-14 2.734e-13
2.239e-03 4.183e+36 3.359e+31 3.364e-26 4.427e-14 2.781e-13
2.512e-03 3.378e+36 3.415e+31 3.421e-26 4.501e-14 2.828e-13
2.818e-03 2.727e+36 3.470e+31 3.476e-26 4.573e-14 2.874e-13
3.162e-03 2.200e+36 3.524e+31 3.530e-26 4.644e-14 2.918e-13
3.548e-03 1.773e+36 3.577e+31 3.583e-26 4.714e-14 2.962e-13
3.981e-03 1.429e+36 3.628e+31 3.634e-26 4.781e-14 3.004e-13
4.467e-03 1.150e+36 3.677e+31 3.683e-26 4.846e-14 3.045e-13
5.012e-03 9.254e+35 3.724e+31 3.731e-26 4.908e-14 3.084e-13
5.623e-03 7.440e+35 3.770e+31 3.776e-26 4.968e-14 3.121e-13
6.310e-03 5.977e+35 3.813e+31 3.819e-26 5.025e-14 3.157e-13
7.079e-03 4.799e+35 3.853e+31 3.860e-26 5.078e-14 3.191e-13
7.943e-03 3.849e+35 3.891e+31 3.898e-26 5.128e-14 3.222e-13
8.913e-03 3.085e+35 3.926e+31 3.933e-26 5.175e-14 3.251e-13
1.000e-02 2.471e+35 3.959e+31 3.965e-26 5.217e-14 3.278e-13
1.122e-02 1.977e+35 3.988e+31 3.994e-26 5.255e-14 3.302e-13
1.259e-02 1.580e+35 4.013e+31 4.020e-26 5.289e-14 3.323e-13
1.413e-02 1.262e+35 4.035e+31 4.042e-26 5.318e-14 3.342e-13
1.585e-02 1.007e+35 4.054e+31 4.061e-26 5.343e-14 3.357e-13
1.778e-02 8.030e+34 4.068e+31 4.075e-26 5.362e-14 3.369e-13
1.995e-02 6.395e+34 4.079e+31 4.086e-26 5.376e-14 3.378e-13
2.239e-02 5.088e+34 4.085e+31 4.092e-26 5.384e-14 3.383e-13
2.512e-02 4.043e+34 4.088e+31 4.094e-26 5.387e-14 3.385e-13
2.818e-02 3.210e+34 4.085e+31 4.092e-26 5.384e-14 3.383e-13
3.162e-02 2.545e+34 4.078e+31 4.085e-26 5.375e-14 3.377e-13
3.548e-02 2.016e+34 4.067e+31 4.074e-26 5.360e-14 3.367e-13
3.981e-02 1.595e+34 4.050e+31 4.057e-26 5.338e-14 3.354e-13
4.467e-02 1.260e+34 4.029e+31 4.036e-26 5.310e-14 3.336e-13
5.012e-02 9.947e+33 4.003e+31 4.010e-26 5.276e-14 3.315e-13
5.623e-02 7.840e+33 3.972e+31 3.979e-26 5.235e-14 3.289e-13
6.310e-02 6.171e+33 3.936e+31 3.943e-26 5.187e-14 3.259e-13
7.079e-02 4.851e+33 3.895e+31 3.902e-26 5.134e-14 3.225e-13
7.943e-02 3.808e+33 3.849e+31 3.856e-26 5.073e-14 3.187e-13
8.913e-02 2.985e+33 3.799e+31 3.805e-26 5.006e-14 3.145e-13
1.000e-01 2.336e+33 3.743e+31 3.749e-26 4.933e-14 3.099e-13
1.122e-01 1.826e+33 3.682e+31 3.689e-26 4.853e-14 3.049e-13
1.259e-01 1.425e+33 3.617e+31 3.623e-26 4.767e-14 2.995e-13
1.413e-01 1.110e+33 3.548e+31 3.554e-26 4.676e-14 2.938e-13
1.585e-01 8.631e+32 3.474e+31 3.480e-26 4.578e-14 2.876e-13
1.778e-01 6.702e+32 3.395e+31 3.401e-26 4.475e-14 2.812e-13
1.995e-01 5.194e+32 3.313e+31 3.319e-26 4.366e-14 2.744e-13
2.239e-01 4.019e+32 3.227e+31 3.233e-26 4.253e-14 2.672e-13
2.512e-01 3.104e+32 3.137e+31 3.143e-26 4.135e-14 2.598e-13
2.818e-01 2.392e+32 3.044e+31 3.050e-26 4.012e-14 2.521e-13
3.162e-01 1.840e+32 2.949e+31 2.954e-26 3.886e-14 2.442e-13
3.548e-01 1.413e+32 2.850e+31 2.855e-26 3.756e-14 2.360e-13
3.981e-01 1.082e+32 2.749e+31 2.753e-26 3.623e-14 2.276e-13
4.467e-01 8.276e+31 2.646e+31 2.650e-26 3.487e-14 2.191e-13
5.012e-01 6.313e+31 2.541e+31 2.545e-26 3.348e-14 2.104e-13
5.623e-01 4.805e+31 2.434e+31 2.439e-26 3.208e-14 2.016e-13
6.310e-01 3.649e+31 2.327e+31 2.331e-26 3.067e-14 1.927e-13
7.079e-01 2.764e+31 2.219e+31 2.223e-26 2.925e-14 1.838e-13
7.943e-01 2.088e+31 2.111e+31 2.115e-26 2.782e-14 1.748e-13
8.913e-01 1.574e+31 2.003e+31 2.007e-26 2.640e-14 1.659e-13
1.000e+00 1.183e+31 1.896e+31 1.899e-26 2.498e-14 1.570e-13
1.122e+00 8.870e+30 1.789e+31 1.792e-26 2.358e-14 1.481e-13
1.259e+00 6.631e+30 1.684e+31 1.687e-26 2.219e-14 1.394e-13
1.413e+00 4.942e+30 1.580e+31 1.583e-26 2.082e-14 1.308e-13
1.585e+00 3.673e+30 1.478e+31 1.481e-26 1.948e-14 1.224e-13
1.778e+00 2.721e+30 1.379e+31 1.381e-26 1.817e-14 1.142e-13
1.995e+00 2.009e+30 1.282e+31 1.284e-26 1.689e-14 1.061e-13
2.239e+00 1.479e+30 1.188e+31 1.190e-26 1.565e-14 9.834e-14
2.512e+00 1.085e+30 1.097e+31 1.098e-26 1.445e-14 9.081e-14
2.818e+00 7.928e+29 1.009e+31 1.011e-26 1.330e-14 8.355e-14
3.162e+00 5.773e+29 9.249e+30 9.265e-27 1.219e-14 7.659e-14
3.548e+00 4.188e+29 8.447e+30 8.461e-27 1.113e-14 6.994e-14
3.981e+00 3.026e+29 7.683e+30 7.696e-27 1.013e-14 6.362e-14
4.467e+00 2.177e+29 6.959e+30 6.970e-27 9.171e-15 5.762e-14
5.012e+00 1.559e+29 6.276e+30 6.286e-27 8.271e-15 5.197e-14
5.623e+00 1.112e+29 5.634e+30 5.644e-27 7.426e-15 4.666e-14
6.310e+00 7.894e+28 5.035e+30 5.043e-27 6.636e-15 4.169e-14
7.079e+00 5.576e+28 4.478e+30 4.485e-27 5.901e-15 3.708e-14
7.943e+00 3.919e+28 3.962e+30 3.969e-27 5.221e-15 3.281e-14
8.913e+00 2.740e+28 3.487e+30 3.493e-27 4.595e-15 2.887e-14
1.000e+01 1.904e+28 3.051e+30 3.056e-27 4.021e-15 2.526e-14
1.122e+01 1.315e+28 2.653e+30 2.658e-27 3.497e-15 2.197e-14
1.259e+01 9.029e+27 2.293e+30 2.297e-27 3.022e-15 1.899e-14
1.413e+01 6.158e+27 1.968e+30 1.972e-27 2.594e-15 1.630e-14
1.585e+01 4.172e+27 1.679e+30 1.682e-27 2.213e-15 1.390e-14
1.778e+01 2.808e+27 1.423e+30 1.425e-27 1.875e-15 1.178e-14
1.995e+01 1.878e+27 1.198e+30 1.200e-27 1.579e-15 9.920e-15
2.239e+01 1.248e+27 1.002e+30 1.004e-27 1.320e-15 8.296e-15
2.512e+01 8.226e+26 8.316e+29 8.330e-28 1.096e-15 6.886e-15
2.818e+01 5.379e+26 6.846e+29 6.857e-28 9.022e-16 5.669e-15
3.162e+01 3.484e+26 5.582e+29 5.591e-28 7.356e-16 4.622e-15
3.548e+01 2.232e+26 4.502e+29 4.509e-28 5.933e-16 3.728e-15
3.981e+01 1.412e+26 3.586e+29 3.592e-28 4.725e-16 2.969e-15
4.467e+01 8.811e+25 2.817e+29 2.821e-28 3.712e-16 2.332e-15
5.012e+01 5.415e+25 2.179e+29 2.183e-28 2.872e-16 1.805e-15
5.623e+01 3.273e+25 1.658e+29 1.661e-28 2.186e-16 1.373e-15
6.310e+01 1.944e+25 1.240e+29 1.242e-28 1.634e-16 1.027e-15
7.079e+01 1.133e+25 9.100e+28 9.115e-29 1.199e-16 7.535e-16
7.943e+01 6.478e+24 6.549e+28 6.560e-29 8.631e-17 5.423e-16
8.913e+01 3.630e+24 4.620e+28 4.628e-29 6.089e-17 3.826e-16
1.000e+02 1.994e+24 3.195e+28 3.200e-29 4.210e-17 2.645e-16
1.122e+02 1.074e+24 2.167e+28 2.171e-29 2.856e-17 1.795e-16
1.259e+02 5.688e+23 1.444e+28 1.447e-29 1.904e-17 1.196e-16
1.413e+02 2.966e+23 9.480e+27 9.496e-30 1.249e-17 7.850e-17
1.585e+02 1.526e+23 6.142e+27 6.152e-30 8.095e-18 5.086e-17
1.778e+02 7.766e+22 3.935e+27 3.941e-30 5.185e-18 3.258e-17
1.995e+02 3.907e+22 2.492e+27 2.497e-30 3.285e-18 2.064e-17
2.239e+02 1.939e+22 1.557e+27 1.560e-30 2.053e-18 1.290e-17
2.512e+02 9.450e+21 9.553e+26 9.569e-31 1.259e-18 7.910e-18
2.818e+02 4.488e+21 5.711e+26 5.721e-31 7.527e-19 4.729e-18
3.162e+02 2.060e+21 3.301e+26 3.307e-31 4.350e-19 2.733e-18
3.548e+02 9.063e+20 1.828e+26 1.831e-31 2.409e-19 1.514e-18
3.981e+02 3.787e+20 9.617e+25 9.633e-32 1.267e-19 7.963e-19
4.467e+02 1.490e+20 4.763e+25 4.771e-32 6.277e-20 3.944e-19
5.012e+02 5.471e+19 2.202e+25 2.206e-32 2.902e-20 1.823e-19
5.623e+02 1.857e+19 9.407e+24 9.423e-33 1.240e-20 7.790e-20
6.310e+02 5.751e+18 3.668e+24 3.674e-33 4.834e-21 3.037e-20
7.079e+02 1.591e+18 1.278e+24 1.280e-33 1.684e-21 1.058e-20
7.943e+02 3.731e+17 3.771e+23 3.778e-34 4.970e-22 3.123e-21
8.913e+02 6.039e+16 7.685e+22 7.698e-35 1.013e-22 6.364e-22
1.000e+03 0.000e+00 0.000e+00 0.000e+00 0.000e+00 0.000e+00
1.122e+03 0.000e+00 0.000e+00 0.000e+00 0.000e+00 0.000e+00
1.259e+03 0.000e+00 0.000e+00 0.000e+00 0.000e+00 0.000e+00
1.413e+03 0.000e+00 0.000e+00 0.000e+00 0.000e+00 0.000e+00
1.585e+03 0.000e+00 0.000e+00 0.000e+00 0.000e+00 0.000e+00
1.778e+03 0.000e+00 0.000e+00 0.000e+00 0.000e+00 0.000e+00
1.995e+03 0.000e+00 0.000e+00 0.000e+00 0.000e+00 0.000e+00
2.239e+03 0.000e+00 0.000e+00 0.000e+00 0.000e+00 0.000e+00
2.512e+03 0.000e+00 0.000e+00 0.000e+00 0.000e+00 0.000e+00
2.818e+03 0.000e+00 0.000e+00 0.000e+00 0.000e+00 0.000e+00
3.162e+03 0.000e+00 0.000e+00 0.000e+00 0.000e+00 0.000e+00
3.548e+03 0.000e+00 0.000e+00 0.000e+00 0.000e+00 0.000e+00
3.981e+03 0.000e+00 0.000e+00 0.000e+00 0.000e+00 0.000e+00
4.467e+03 0.000e+00 0.000e+00 0.000e+00 0.000e+00 0.000e+00
5.012e+03 0.000e+00 0.000e+00 0.000e+00 0.000e+00 0.000e+00
5.623e+03 0.000e+00 0.000e+00 0.000e+00 0.000e+00 0.000e+00
6.310e+03 0.000e+00 0.000e+00 0.000e+00 0.000e+00 0.000e+00
7.079e+03 0.000e+00 0.000e+00 0.000e+00 0.000e+00 0.000e+00
7.943e+03 0.000e+00 0.000e+00 0.000e+00 0.000e+00 0.000e+00
8.913e+03 0.000e+00 0.000e+00 0.000e+00 0.000e+00 0.000e+00
1.000e+04 0.000e+00 0.000e+00 0.000e+00 0.000e+00 0.000e+00
1.122e+04 0.000e+00 0.000e+00 0.000e+00 0.000e+00 0.000e+00
1.259e+04 0.000e+00 0.000e+00 0.000e+00 0.000e+00 0.000e+00
1.413e+04 0.000e+00 0.000e+00 0.000e+00 0.000e+00 0.000e+00
1.585e+04 0.000e+00 0.000e+00 0.000e+00 0.000e+00 0.000e+00
1.778e+04 0.000e+00 0.000e+00 0.000e+00 0.000e+00 0.000e+00
1.995e+04 0.000e+00 0.000e+00 0.000e+00 0.000e+00 0.000e+00
2.239e+04 0.000e+00 0.000e+00 0.000e+00 0.000e+00 0.000e+00
2.512e+04 0.000e+00 0.000e+00 0.000e+00 0.000e+00 0.000e+00
2.818e+04 0.000e+00 0.000e+00 0.000e+00 0.000e+00 0.000e+00
3.162e+04 0.000e+00 0.000e+00 0.000e+00 0.000e+00 0.000e+00
3.548e+04 0.000e+00 0.000e+00 0.000e+00 0.000e+00 0.000e+00
3.981e+04 0.000e+00 0.000e+00 0.000e+00 0.000e+00 0.000e+00
4.467e+04 0.000e+00 0.000e+00 0.000e+00 0.000e+00 0.000e+00
5.012e+04 0.000e+00 0.000e+00 0.000e+00 0.000e+00 0.000e+00
5.623e+04 0.000e+00 0.000e+00 0.000e+00 0.000e+00 0.000e+00
6.310e+04 0.000e+00 0.000e+00 0.000e+00 0.000e+00 0.000e+00
7.079e+04 0.000e+00 0.000e+00 0.000e+00 0.000e+00 0.000e+00
7.943e+04 0.000e+00 0.000e+00 0.000e+00 0.000e+00 0.000e+00
8.913e+04 0.000e+00 0.000e+00 0.000e+00 0.000e+00 0.000e+00
1.000e+05 0.000e+00 0.000e+00 0.000e+00 0.000e+00 0.000e+00
1.122e+05 0.000e+00 0.000e+00 0.000e+00 0.000e+00 0.000e+00
1.259e+05 0.000e+00 0.000e+00 0.000e+00 0.000e+00 0.000e+00
1.413e+05 0.000e+00 0.000e+00 0.000e+00 0.000e+00 0.000e+00
1.585e+05 0.000e+00 0.000e+00 0.000e+00 0.000e+00 0.000e+00
1.778e+05 0.000e+00 0.000e+00 0.000e+00 0.000e+00 0.000e+00
1.995e+05 0.000e+00 0.000e+00 0.000e+00 0.000e+00 0.000e+00
2.239e+05 0.000e+00 0.000e+00 0.000e+00 0.000e+00 0.000e+00
2.512e+05 0.000e+00 0.000e+00 0.000e+00 0.000e+00 0.000e+00
2.818e+05 0.000e+00 0.000e+00 0.000e+00 0.000e+00 0.000e+00
3.162e+05 0.000e+00 0.000e+00 0.000e+00 0.000e+00 0.000e+00
3.548e+05 0.000e+00 0.000e+00 0.000e+00 0.000e+00 0.000e+00
3.981e+05 0.000e+00 0.000e+00 0.000e+00 0.000e+00 0.000e+00
4.467e+05 0.000e+00 0.000e+00 0.000e+00 0.000e+00 0.000e+00
5.012e+05 0.000e+00 0.000e+00 0.000e+00 0.000e+00 0.000e+00
5.623e+05 0.000e+00 0.000e+00 0.000e+00 0.000e+00 0.000e+00
6.310e+05 0.000e+00 0.000e+00 0.000e+00 0.000e+00 0.000e+00
7.079e+05 0.000e+00 0.000e+00 0.000e+00 0.000e+00 0.000e+00
7.943e+05 0.000e+00 0.000e+00 0.000e+00 0.000e+00 0.000e+00
8.913e+05 0.000e+00 0.000e+00 0.000e+00 0.000e+00 0.000e+00
1.000e+06 0.000e+00 0.000e+00 0.000e+00 0.000e+00 0.000e+00
1.122e+06 0.000e+00 0.000e+00 0.000e+00 0.000e+00 0.000e+00
1.259e+06 0.000e+00 0.000e+00 0.000e+00 0.000e+00 0.000e+00
1.413e+06 0.000e+00 0.000e+00 0.000e+00 0.000e+00 0.000e+00
1.585e+06 0.000e+00 0.000e+00 0.000e+00 0.000e+00 0.000e+00
1.778e+06 0.000e+00 0.000e+00 0.000e+00 0.000e+00 0.000e+00
1.995e+06 0.000e+00 0.000e+00 0.000e+00 0.000e+00 0.000e+00
2.239e+06 0.000e+00 0.000e+00 0.000e+00 0.000e+00 0.000e+00
2.512e+06 0.000e+00 0.000e+00 0.000e+00 0.000e+00 0.000e+00
2.818e+06 0.000e+00 0.000e+00 0.000e+00 0.000e+00 0.000e+00
3.162e+06 0.000e+00 0.000e+00 0.000e+00 0.000e+00 0.000e+00
3.548e+06 0.000e+00 0.000e+00 0.000e+00 0.000e+00 0.000e+00
3.981e+06 0.000e+00 0.000e+00 0.000e+00 0.000e+00 0.000e+00
4.467e+06 0.000e+00 0.000e+00 0.000e+00 0.000e+00 0.000e+00
5.012e+06 0.000e+00 0.000e+00 0.000e+00 0.000e+00 0.000e+00
5.623e+06 0.000e+00 0.000e+00 0.000e+00 0.000e+00 0.000e+00
6.310e+06 0.000e+00 0.000e+00 0.000e+00 0.000e+00 0.000e+00
7.079e+06 0.000e+00 0.000e+00 0.000e+00 0.000e+00 0.000e+00
7.943e+06 0.000e+00 0.000e+00 0.000e+00 0.000e+00 0.000e+00
8.913e+06 0.000e+00 0.000e+00 0.000e+00 0.000e+00 0.000e+00
1.000e+07 0.000e+00 0.000e+00 0.000e+00 0.000e+00 0.000e+00
1.122e+07 0.000e+00 0.000e+00 0.000e+00 0.000e+00 0.000e+00
1.259e+07 0.000e+00 0.000e+00 0.000e+00 0.000e+00 0.000e+00
1.413e+07 0.000e+00 0.000e+00 0.000e+00 0.000e+00 0.000e+00
1.585e+07 0.000e+00 0.000e+00 0.000e+00 0.000e+00 0.000e+00
1.778e+07 0.000e+00 0.000e+00 0.000e+00 0.000e+00 0.000e+00
1.995e+07 0.000e+00 0.000e+00 0.000e+00 0.000e+00 0.000e+00
2.239e+07 0.000e+00 0.000e+00 0.000e+00 0.000e+00 0.000e+00
2.512e+07 0.000e+00 0.000e+00 0.000e+00 0.000e+00 0.000e+00
2.818e+07 0.000e+00 0.000e+00 0.000e+00 0.000e+00 0.000e+00
3.162e+07 0.000e+00 0.000e+00 0.000e+00 0.000e+00 0.000e+00
3.548e+07 0.000e+00 0.000e+00 0.000e+00 0.000e+00 0.000e+00
3.981e+07 0.000e+00 0.000e+00 0.000e+00 0.000e+00 0.000e+00
4.467e+07 0.000e+00 0.000e+00 0.000e+00 0.000e+00 0.000e+00
5.012e+07 0.000e+00 0.000e+00 0.000e+00 0.000e+00 0.000e+00
5.623e+07 0.000e+00 0.000e+00 0.000e+00 0.000e+00 0.000e+00
6.310e+07 0.000e+00 0.000e+00 0.000e+00 0.000e+00 0.000e+00
7.079e+07 0.000e+00 0.000e+00 0.000e+00 0.000e+00 0.000e+00
7.943e+07 0.000e+00 0.000e+00 0.000e+00 0.000e+00 0.000e+00
8.913e+07 0.000e+00 0.000e+00 0.000e+00 0.000e+00 0.000e+00
1.000e+08 0.000e+00 0.000e+00 0.000e+00 0.000e+00 0.000e+00
