-1.350e-04 0.000e+00
-1.350e-04 0.000e+00
-1.350e-04 0.000e+00
-1.350e-04 0.000e+00
-1.350e-04 0.000e+00
-1.350e-04 0.000e+00
-1.350e-04 0.000e+00
-1.350e-04 0.000e+00
-1.350e-04 0.000e+00
-1.350e-04 0.000e+00
-1.350e-04 0.000e+00
-1.350e-04 0.000e+00
-1.350e-04 0.000e+00
-1.350e-04 0.000e+00
-1.350e-04 0.000e+00
-1.350e-04 0.000e+00
-1.350e-04 0.000e+00
-1.350e-04 0.000e+00
-1.350e-04 0.000e+00
-1.350e-04 0.000e+00
-1.350e-04 0.000e+00
-1.350e-04 0.000e+00
-1.350e-04 0.000e+00
-1.350e-04 0.000e+00
-1.350e-04 0.000e+00
-1.350e-04 0.000e+00
-1.350e-04 0.000e+00
-1.350e-04 0.000e+00
-1.350e-04 0.000e+00
-1.350e-04 0.000e+00
-1.350e-04 0.000e+00
-1.350e-04 0.000e+00
-1.350e-04 0.000e+00
-1.350e-04 0.000e+00
-1.350e-04 0.000e+00
-1.350e-04 0.000e+00
-1.350e-04 0.000e+00
-1.350e-04 0.000e+00
-1.350e-04 0.000e+00
-1.350e-04 0.000e+00
-1.350e-04 0.000e+00
-1.350e-04 0.000e+00
-1.350e-04 0.000e+00
-1.350e-04 0.000e+00
-1.350e-04 0.000e+00
-1.350e-04 0.000e+00
-1.350e-04 0.000e+00
-1.350e-04 0.000e+00
-1.350e-04 0.000e+00
-1.350e-04 0.000e+00
-1.350e-04 0.000e+00
-1.350e-04 0.000e+00
-1.350e-04 0.000e+00
-1.350e-04 0.000e+00
-1.350e-04 0.000e+00
-1.350e-04 0.000e+00
-1.350e-04 0.000e+00
-1.350e-04 0.000e+00
-1.350e-04 0.000e+00
-1.350e-04 0.000e+00
-1.350e-04 0.000e+00
-1.350e-04 0.000e+00
-1.350e-04 0.000e+00
-1.350e-04 0.000e+00
-1.350e-04 0.000e+00
-1.350e-04 0.000e+00
-1.350e-04 0.000e+00
-1.350e-04 0.000e+00
-1.350e-04 0.000e+00
-1.350e-04 0.000e+00
-1.350e-04 0.000e+00
-1.350e-04 0.000e+00
-1.350e-04 0.000e+00
-1.350e-04 0.000e+00
-1.350e-04 0.000e+00
-1.350e-04 0.000e+00
-1.350e-04 0.000e+00
-1.350e-04 0.000e+00
-1.350e-04 0.000e+00
-1.350e-04 0.000e+00
-1.350e-04 0.000e+00
-1.350e-04 0.000e+00
-1.350e-04 0.000e+00
-1.350e-04 0.000e+00
-1.350e-04 0.000e+00
-1.350e-04 0.000e+00
-1.350e-04 0.000e+00
-1.350e-04 0.000e+00
-1.350e-04 0.000e+00
-1.350e-04 0.000e+00
-1.350e-04 0.000e+00
-1.350e-04 0.000e+00
-1.350e-04 0.000e+00
-1.350e-04 0.000e+00
-1.350e-04 0.000e+00
-1.350e-04 0.000e+00
-1.350e-04 0.000e+00
-1.350e-04 0.000e+00
-1.350e-04 0.000e+00
-1.350e-04 0.000e+00
-1.350e-04 0.000e+00
-1.350e-04 0.000e+00
-1.350e-04 0.000e+00
-1.350e-04 0.000e+00
-1.350e-04 0.000e+00
-1.350e-04 0.000e+00
-1.350e-04 0.000e+00
-1.350e-04 0.000e+00
-1.350e-04 0.000e+00
-1.350e-04 0.000e+00
-1.350e-04 0.000e+00
-1.350e-04 0.000e+00
-1.350e-04 0.000e+00
-1.350e-04 0.000e+00
-1.350e-04 0.000e+00
-1.350e-04 0.000e+00
-1.350e-04 0.000e+00
-1.350e-04 0.000e+00
-1.350e-04 0.000e+00
-1.350e-04 0.000e+00
-1.350e-04 0.000e+00
-1.350e-04 0.000e+00
-1.350e-04 0.000e+00
-1.350e-04 0.000e+00
-1.350e-04 0.000e+00
-1.350e-04 0.000e+00
-1.350e-04 0.000e+00
-1.350e-04 0.000e+00
-1.350e-04 0.000e+00
-1.350e-04 0.000e+00
-1.350e-04 0.000e+00
-1.350e-04 0.000e+00
-1.350e-04 0.000e+00
-1.350e-04 0.000e+00
-1.350e-04 0.000e+00
-1.350e-04 0.000e+00
-1.350e-04 0.000e+00
-1.350e-04 0.000e+00
-1.350e-04 0.000e+00
-1.350e-04 0.000e+00
-1.350e-04 0.000e+00
-1.350e-04 0.000e+00
-1.350e-04 0.000e+00
-1.350e-04 0.000e+00
-1.350e-04 0.000e+00
-1.350e-04 0.000e+00
-1.350e-04 0.000e+00
-1.350e-04 0.000e+00
-1.350e-04 0.000e+00
-1.350e-04 0.000e+00
-1.350e-04 0.000e+00
-1.350e-04 0.000e+00
-1.350e-04 0.000e+00
-1.350e-04 0.000e+00
-1.350e-04 0.000e+00
-1.350e-04 0.000e+00
-1.350e-04 0.000e+00
-1.350e-04 0.000e+00
-1.350e-04 0.000e+00
-1.350e-04 0.000e+00
-1.350e-04 0.000e+00
-1.350e-04 0.000e+00
-1.350e-04 0.000e+00
-1.350e-04 0.000e+00
-1.350e-04 0.000e+00
-1.350e-04 0.000e+00
-1.350e-04 0.000e+00
-1.350e-04 0.000e+00
-1.350e-04 0.000e+00
-1.350e-04 0.000e+00
-1.350e-04 0.000e+00
-1.350e-04 0.000e+00
-1.350e-04 0.000e+00
-1.350e-04 0.000e+00
-1.350e-04 0.000e+00
-1.350e-04 0.000e+00
-1.350e-04 0.000e+00
-1.350e-04 0.000e+00
-1.350e-04 0.000e+00
-1.350e-04 0.000e+00
-1.350e-04 0.000e+00
-1.350e-04 0.000e+00
-1.350e-04 0.000e+00
-1.350e-04 0.000e+00
-1.350e-04 0.000e+00
-1.350e-04 0.000e+00
-1.350e-04 0.000e+00
-1.350e-04 0.000e+00
-1.350e-04 0.000e+00
-1.350e-04 0.000e+00
-1.350e-04 0.000e+00
-1.350e-04 0.000e+00
-1.350e-04 0.000e+00
-1.350e-04 0.000e+00
-1.350e-04 0.000e+00
-1.350e-04 0.000e+00
-1.350e-04 0.000e+00
-1.350e-04 0.000e+00
-1.350e-04 0.000e+00
-1.350e-04 0.000e+00
-1.350e-04 0.000e+00
-1.350e-04 0.000e+00
-1.350e-04 0.000e+00
-1.350e-04 0.000e+00
-1.350e-04 0.000e+00
-1.350e-04 0.000e+00
-1.350e-04 0.000e+00
-1.350e-04 0.000e+00
-1.350e-04 0.000e+00
-1.350e-04 0.000e+00
-1.350e-04 0.000e+00
-1.350e-04 0.000e+00
-1.350e-04 0.000e+00
-1.350e-04 0.000e+00
-1.350e-04 0.000e+00
-1.350e-04 0.000e+00
-1.350e-04 0.000e+00
-1.350e-04 0.000e+00
-1.350e-04 0.000e+00
-1.350e-04 0.000e+00
-1.350e-04 0.000e+00
-1.350e-04 0.000e+00
-1.350e-04 0.000e+00
-1.350e-04 0.000e+00
-1.350e-04 0.000e+00
-1.350e-04 0.000e+00
-1.350e-04 0.000e+00
-1.350e-04 0.000e+00
-1.350e-04 0.000e+00
-1.350e-04 0.000e+00
-1.350e-04 0.000e+00
-1.350e-04 0.000e+00
-1.350e-04 0.000e+00
-1.350e-04 0.000e+00
-1.350e-04 0.000e+00
-1.350e-04 0.000e+00
-1.350e-04 0.000e+00
-1.350e-04 0.000e+00
-1.350e-04 0.000e+00
-1.350e-04 0.000e+00
-1.350e-04 0.000e+00
-1.350e-04 0.000e+00
-1.350e-04 0.000e+00
-1.350e-04 0.000e+00
-1.350e-04 0.000e+00
-1.350e-04 0.000e+00
-1.350e-04 0.000e+00
-1.350e-04 0.000e+00
-1.350e-04 0.000e+00
-1.349e-04 0.000e+00
-1.349e-04 0.000e+00
-1.349e-04 0.000e+00
-1.349e-04 0.000e+00
-1.349e-04 0.000e+00
-1.349e-04 0.000e+00
-1.349e-04 0.000e+00
-1.349e-04 0.000e+00
-1.349e-04 0.000e+00
-1.349e-04 0.000e+00
-1.349e-04 0.000e+00
-1.349e-04 0.000e+00
-1.349e-04 0.000e+00
-1.349e-04 0.000e+00
-1.348e-04 0.000e+00
-1.348e-04 0.000e+00
-1.348e-04 0.000e+00
-1.348e-04 0.000e+00
-1.348e-04 0.000e+00
-1.347e-04 0.000e+00
-1.347e-04 0.000e+00
-1.347e-04 0.000e+00
-1.346e-04 0.000e+00
-1.346e-04 0.000e+00
-1.345e-04 0.000e+00
-1.345e-04 0.000e+00
-1.344e-04 0.000e+00
-1.343e-04 0.000e+00
-1.343e-04 0.000e+00
-1.342e-04 0.000e+00
-1.341e-04 0.000e+00
-1.340e-04 0.000e+00
-1.339e-04 0.000e+00
-1.337e-04 0.000e+00
-1.336e-04 0.000e+00
-1.334e-04 0.000e+00
-1.332e-04 0.000e+00
-1.330e-04 0.000e+00
-1.327e-04 0.000e+00
-1.325e-04 0.000e+00
-1.322e-04 0.000e+00
-1.318e-04 0.000e+00
-1.314e-04 0.000e+00
-1.310e-04 0.000e+00
-1.305e-04 0.000e+00
-1.300e-04 0.000e+00
-1.294e-04 0.000e+00
-1.287e-04 0.000e+00
-1.279e-04 0.000e+00
-1.270e-04 0.000e+00
-1.261e-04 0.000e+00
-1.250e-04 0.000e+00
-1.238e-04 0.000e+00
-1.224e-04 0.000e+00
-1.209e-04 0.000e+00
-1.191e-04 0.000e+00
-1.172e-04 0.000e+00
-1.150e-04 0.000e+00
-1.126e-04 0.000e+00
-1.099e-04 0.000e+00
-1.068e-04 0.000e+00
-1.034e-04 0.000e+00
-9.950e-05 0.000e+00
-9.517e-05 0.000e+00
-9.031e-05 0.000e+00
-8.486e-05 0.000e+00
-7.874e-05 0.000e+00
-7.188e-05 0.000e+00
-6.418e-05 0.000e+00
-5.554e-05 0.000e+00
-4.585e-05 0.000e+00
-3.498e-05 0.000e+00
-2.277e-05 0.000e+00
-9.084e-06 0.000e+00
6.277e-06 1.026e-26
2.351e-05 1.407e-26
4.285e-05 1.894e-26
6.455e-05 2.898e-26
8.890e-05 4.858e-26
1.162e-04 5.872e-26
1.469e-04 5.294e-26
1.813e-04 3.560e-26
2.198e-04 2.144e-26
2.631e-04 1.263e-26
3.117e-04 8.331e-27
3.662e-04 6.148e-27
4.274e-04 4.786e-27
4.960e-04 4.131e-27
5.730e-04 3.675e-27
6.594e-04 3.213e-27
7.563e-04 2.935e-27
8.650e-04 2.603e-27
9.870e-04 2.343e-27
1.124e-03 2.067e-27
1.278e-03 1.821e-27
1.450e-03 1.590e-27
1.643e-03 1.374e-27
1.860e-03 1.189e-27
2.104e-03 1.015e-27
2.377e-03 8.585e-28
2.683e-03 7.221e-28
3.027e-03 6.089e-28
3.413e-03 5.165e-28
3.846e-03 4.463e-28
4.332e-03 3.873e-28
4.877e-03 3.357e-28
5.488e-03 2.906e-28
6.175e-03 2.500e-28
6.944e-03 2.141e-28
7.808e-03 1.831e-28
8.778e-03 1.553e-28
9.865e-03 1.317e-28
1.109e-02 1.106e-28
1.245e-02 9.290e-29
1.399e-02 7.796e-29
1.571e-02 6.519e-29
1.765e-02 5.447e-29
1.982e-02 4.535e-29
2.225e-02 3.757e-29
2.498e-02 3.104e-29
2.805e-02 2.568e-29
3.149e-02 2.121e-29
3.535e-02 1.749e-29
3.968e-02 1.440e-29
4.453e-02 1.184e-29
4.998e-02 9.693e-30
5.610e-02 7.937e-30
6.296e-02 6.486e-30
7.066e-02 5.299e-30
7.930e-02 4.325e-30
8.899e-02 3.523e-30
9.987e-02 2.858e-30
1.121e-01 2.322e-30
1.258e-01 1.884e-30
1.411e-01 1.527e-30
1.584e-01 1.235e-30
1.777e-01 9.976e-31
1.994e-01 8.046e-31
2.237e-01 6.473e-31
2.511e-01 5.203e-31
2.817e-01 4.173e-31
3.161e-01 3.341e-31
3.547e-01 2.669e-31
3.980e-01 2.126e-31
4.465e-01 1.690e-31
5.011e-01 1.340e-31
5.622e-01 1.059e-31
6.308e-01 8.349e-32
7.078e-01 6.559e-32
7.942e-01 5.133e-32
8.911e-01 4.002e-32
9.999e-01 3.106e-32
1.122e+00 2.400e-32
1.259e+00 1.845e-32
1.412e+00 1.410e-32
1.585e+00 1.071e-32
1.778e+00 8.087e-33
1.995e+00 6.061e-33
2.239e+00 4.508e-33
2.512e+00 3.324e-33
2.818e+00 2.428e-33
3.162e+00 1.757e-33
3.548e+00 1.257e-33
3.981e+00 8.887e-34
4.467e+00 6.203e-34
5.012e+00 4.270e-34
5.623e+00 2.895e-34
6.309e+00 1.931e-34
7.079e+00 1.265e-34
7.943e+00 8.136e-35
8.912e+00 5.126e-35
1.000e+01 3.160e-35
1.122e+01 1.903e-35
1.259e+01 1.119e-35
1.413e+01 6.410e-36
1.585e+01 3.575e-36
1.778e+01 1.939e-36
1.995e+01 1.022e-36
2.239e+01 5.231e-37
2.512e+01 2.595e-37
2.818e+01 1.247e-37
3.162e+01 5.788e-38
3.548e+01 2.588e-38
3.981e+01 1.110e-38
4.467e+01 4.541e-39
5.012e+01 1.760e-39
5.623e+01 6.416e-40
6.310e+01 2.179e-40
7.079e+01 6.828e-41
7.943e+01 1.953e-41
8.912e+01 5.035e-42
1.000e+02 1.155e-42
1.122e+02 2.324e-43
1.259e+02 4.030e-44
1.413e+02 5.914e-45
1.585e+02 7.190e-46
1.778e+02 7.073e-47
1.995e+02 5.479e-48
2.239e+02 3.241e-49
2.512e+02 1.415e-50
2.818e+02 4.386e-52
3.162e+02 9.234e-54
3.548e+02 1.257e-55
3.981e+02 1.048e-57
4.467e+02 5.023e-60
5.012e+02 1.294e-62
5.623e+02 1.656e-65
6.310e+02 9.675e-69
7.079e+02 2.342e-72
7.943e+02 2.108e-76
8.913e+02 6.256e-81
1.000e+03 5.344e-86
1.122e+03 1.129e-91
1.259e+03 4.974e-98
1.413e+03 3.774e-105
1.585e+03 3.979e-113
1.778e+03 4.583e-122
1.995e+03 4.400e-132
2.239e+03 2.601e-143
2.512e+03 6.736e-156
2.818e+03 5.218e-170
3.162e+03 7.881e-186
3.548e+03 1.435e-203
3.981e+03 1.838e-223
4.467e+03 9.041e-246
5.012e+03 8.666e-271
5.623e+03 7.558e-299
6.310e+03 0.000e+00
7.079e+03 0.000e+00
7.943e+03 0.000e+00
8.913e+03 0.000e+00
1.000e+04 0.000e+00
1.122e+04 0.000e+00
1.259e+04 0.000e+00
1.413e+04 0.000e+00
1.585e+04 0.000e+00
1.778e+04 0.000e+00
1.995e+04 0.000e+00
2.239e+04 0.000e+00
2.512e+04 0.000e+00
2.818e+04 0.000e+00
3.162e+04 0.000e+00
3.548e+04 0.000e+00
3.981e+04 0.000e+00
4.467e+04 0.000e+00
5.012e+04 0.000e+00
5.623e+04 0.000e+00
6.310e+04 0.000e+00
7.079e+04 0.000e+00
7.943e+04 0.000e+00
8.913e+04 0.000e+00
1.000e+05 0.000e+00
1.122e+05 0.000e+00
1.259e+05 0.000e+00
1.413e+05 0.000e+00
1.585e+05 0.000e+00
1.778e+05 0.000e+00
1.995e+05 0.000e+00
2.239e+05 0.000e+00
2.512e+05 0.000e+00
2.818e+05 0.000e+00
3.162e+05 0.000e+00
3.548e+05 0.000e+00
3.981e+05 0.000e+00
4.467e+05 0.000e+00
5.012e+05 0.000e+00
5.623e+05 0.000e+00
6.310e+05 0.000e+00
7.079e+05 0.000e+00
7.943e+05 0.000e+00
8.913e+05 0.000e+00
1.000e+06 0.000e+00
1.122e+06 0.000e+00
1.259e+06 0.000e+00
1.413e+06 0.000e+00
1.585e+06 0.000e+00
1.778e+06 0.000e+00
1.995e+06 0.000e+00
2.239e+06 0.000e+00
2.512e+06 0.000e+00
2.818e+06 0.000e+00
3.162e+06 0.000e+00
3.548e+06 0.000e+00
3.981e+06 0.000e+00
4.467e+06 0.000e+00
5.012e+06 0.000e+00
5.623e+06 0.000e+00
6.310e+06 0.000e+00
7.079e+06 0.000e+00
7.943e+06 0.000e+00
8.913e+06 0.000e+00
1.000e+07 0.000e+00
1.122e+07 0.000e+00
1.259e+07 0.000e+00
1.413e+07 0.000e+00
1.585e+07 0.000e+00
1.778e+07 0.000e+00
1.995e+07 0.000e+00
2.239e+07 0.000e+00
2.512e+07 0.000e+00
2.818e+07 0.000e+00
3.162e+07 0.000e+00
3.548e+07 0.000e+00
3.981e+07 0.000e+00
4.467e+07 0.000e+00
5.012e+07 0.000e+00
5.623e+07 0.000e+00
6.310e+07 0.000e+00
7.079e+07 0.000e+00
7.943e+07 0.000e+00
8.913e+07 0.000e+00
1.000e+08 0.000e+00
