1.000e-20 0.000e+00 0.000e+00 0.000e+00 0.000e+00 0.000e+00
1.122e-20 0.000e+00 0.000e+00 0.000e+00 0.000e+00 0.000e+00
1.259e-20 0.000e+00 0.000e+00 0.000e+00 0.000e+00 0.000e+00
1.413e-20 0.000e+00 0.000e+00 0.000e+00 0.000e+00 0.000e+00
1.585e-20 0.000e+00 0.000e+00 0.000e+00 0.000e+00 0.000e+00
1.778e-20 0.000e+00 0.000e+00 0.000e+00 0.000e+00 0.000e+00
1.995e-20 0.000e+00 0.000e+00 0.000e+00 0.000e+00 0.000e+00
2.239e-20 0.000e+00 0.000e+00 0.000e+00 0.000e+00 0.000e+00
2.512e-20 0.000e+00 0.000e+00 0.000e+00 0.000e+00 0.000e+00
2.818e-20 0.000e+00 0.000e+00 0.000e+00 0.000e+00 0.000e+00
3.162e-20 0.000e+00 0.000e+00 0.000e+00 0.000e+00 0.000e+00
3.548e-20 0.000e+00 0.000e+00 0.000e+00 0.000e+00 0.000e+00
3.981e-20 0.000e+00 0.000e+00 0.000e+00 0.000e+00 0.000e+00
4.467e-20 0.000e+00 0.000e+00 0.000e+00 0.000e+00 0.000e+00
5.012e-20 0.000e+00 0.000e+00 0.000e+00 0.000e+00 0.000e+00
5.623e-20 0.000e+00 0.000e+00 0.000e+00 0.000e+00 0.000e+00
6.310e-20 0.000e+00 0.000e+00 0.000e+00 0.000e+00 0.000e+00
7.079e-20 0.000e+00 0.000e+00 0.000e+00 0.000e+00 0.000e+00
7.943e-20 0.000e+00 0.000e+00 0.000e+00 0.000e+00 0.000e+00
8.913e-20 0.000e+00 0.000e+00 0.000e+00 0.000e+00 0.000e+00
1.000e-19 0.000e+00 0.000e+00 0.000e+00 0.000e+00 0.000e+00
1.122e-19 0.000e+00 0.000e+00 0.000e+00 0.000e+00 0.000e+00
1.259e-19 0.000e+00 0.000e+00 0.000e+00 0.000e+00 0.000e+00
1.413e-19 0.000e+00 0.000e+00 0.000e+00 0.000e+00 0.000e+00
1.585e-19 0.000e+00 0.000e+00 0.000e+00 0.000e+00 0.000e+00
1.778e-19 0.000e+00 0.000e+00 0.000e+00 0.000e+00 0.000e+00
1.995e-19 0.000e+00 0.000e+00 0.000e+00 0.000e+00 0.000e+00
2.239e-19 0.000e+00 0.000e+00 0.000e+00 0.000e+00 0.000e+00
2.512e-19 0.000e+00 0.000e+00 0.000e+00 0.000e+00 0.000e+00
2.818e-19 0.000e+00 0.000e+00 0.000e+00 0.000e+00 0.000e+00
3.162e-19 0.000e+00 0.000e+00 0.000e+00 0.000e+00 0.000e+00
3.548e-19 0.000e+00 0.000e+00 0.000e+00 0.000e+00 0.000e+00
3.981e-19 0.000e+00 0.000e+00 0.000e+00 0.000e+00 0.000e+00
4.467e-19 0.000e+00 0.000e+00 0.000e+00 0.000e+00 0.000e+00
5.012e-19 0.000e+00 0.000e+00 0.000e+00 0.000e+00 0.000e+00
5.623e-19 0.000e+00 0.000e+00 0.000e+00 0.000e+00 0.000e+00
6.310e-19 0.000e+00 0.000e+00 0.000e+00 0.000e+00 0.000e+00
7.079e-19 0.000e+00 0.000e+00 0.000e+00 0.000e+00 0.000e+00
7.943e-19 0.000e+00 0.000e+00 0.000e+00 0.000e+00 0.000e+00
8.913e-19 0.000e+00 0.000e+00 0.000e+00 0.000e+00 0.000e+00
1.000e-18 0.000e+00 0.000e+00 0.000e+00 0.000e+00 0.000e+00
1.122e-18 0.000e+00 0.000e+00 0.000e+00 0.000e+00 0.000e+00
1.259e-18 0.000e+00 0.000e+00 0.000e+00 0.000e+00 0.000e+00
1.413e-18 0.000e+00 0.000e+00 0.000e+00 0.000e+00 0.000e+00
1.585e-18 0.000e+00 0.000e+00 0.000e+00 0.000e+00 0.000e+00
1.778e-18 0.000e+00 0.000e+00 0.000e+00 0.000e+00 0.000e+00
1.995e-18 0.000e+00 0.000e+00 0.000e+00 0.000e+00 0.000e+00
2.239e-18 0.000e+00 0.000e+00 0.000e+00 0.000e+00 0.000e+00
2.512e-18 0.000e+00 0.000e+00 0.000e+00 0.000e+00 0.000e+00
2.818e-18 0.000e+00 0.000e+00 0.000e+00 0.000e+00 0.000e+00
3.162e-18 0.000e+00 0.000e+00 0.000e+00 0.000e+00 0.000e+00
3.548e-18 0.000e+00 0.000e+00 0.000e+00 0.000e+00 0.000e+00
3.981e-18 0.000e+00 0.000e+00 0.000e+00 0.000e+00 0.000e+00
4.467e-18 0.000e+00 0.000e+00 0.000e+00 0.000e+00 0.000e+00
5.012e-18 0.000e+00 0.000e+00 0.000e+00 0.000e+00 0.000e+00
5.623e-18 0.000e+00 0.000e+00 0.000e+00 0.000e+00 0.000e+00
6.310e-18 0.000e+00 0.000e+00 0.000e+00 0.000e+00 0.000e+00
7.079e-18 0.000e+00 0.000e+00 0.000e+00 0.000e+00 0.000e+00
7.943e-18 0.000e+00 0.000e+00 0.000e+00 0.000e+00 0.000e+00
8.913e-18 0.000e+00 0.000e+00 0.000e+00 0.000e+00 0.000e+00
1.000e-17 0.000e+00 0.000e+00 0.000e+00 0.000e+00 0.000e+00
1.122e-17 0.000e+00 0.000e+00 0.000e+00 0.000e+00 0.000e+00
1.259e-17 0.000e+00 0.000e+00 0.000e+00 0.000e+00 0.000e+00
1.413e-17 0.000e+00 0.000e+00 0.000e+00 0.000e+00 0.000e+00
1.585e-17 0.000e+00 0.000e+00 0.000e+00 0.000e+00 0.000e+00
1.778e-17 0.000e+00 0.000e+00 0.000e+00 0.000e+00 0.000e+00
1.995e-17 0.000e+00 0.000e+00 0.000e+00 0.000e+00 0.000e+00
2.239e-17 0.000e+00 0.000e+00 0.000e+00 0.000e+00 0.000e+00
2.512e-17 0.000e+00 0.000e+00 0.000e+00 0.000e+00 0.000e+00
2.818e-17 0.000e+00 0.000e+00 0.000e+00 0.000e+00 0.000e+00
3.162e-17 0.000e+00 0.000e+00 0.000e+00 0.000e+00 0.000e+00
3.548e-17 0.000e+00 0.000e+00 0.000e+00 0.000e+00 0.000e+00
3.981e-17 0.000e+00 0.000e+00 0.000e+00 0.000e+00 0.000e+00
4.467e-17 0.000e+00 0.000e+00 0.000e+00 0.000e+00 0.000e+00
5.012e-17 0.000e+00 0.000e+00 0.000e+00 0.000e+00 0.000e+00
5.623e-17 0.000e+00 0.000e+00 0.000e+00 0.000e+00 0.000e+00
6.310e-17 0.000e+00 0.000e+00 0.000e+00 0.000e+00 0.000e+00
7.079e-17 0.000e+00 0.000e+00 0.000e+00 0.000e+00 0.000e+00
7.943e-17 0.000e+00 0.000e+00 0.000e+00 0.000e+00 0.000e+00
8.913e-17 0.000e+00 0.000e+00 0.000e+00 0.000e+00 0.000e+00
1.000e-16 0.000e+00 0.000e+00 0.000e+00 0.000e+00 0.000e+00
1.122e-16 0.000e+00 0.000e+00 0.000e+00 0.000e+00 0.000e+00
1.259e-16 0.000e+00 0.000e+00 0.000e+00 0.000e+00 0.000e+00
1.413e-16 0.000e+00 0.000e+00 0.000e+00 0.000e+00 0.000e+00
1.585e-16 0.000e+00 0.000e+00 0.000e+00 0.000e+00 0.000e+00
1.778e-16 0.000e+00 0.000e+00 0.000e+00 0.000e+00 0.000e+00
1.995e-16 0.000e+00 0.000e+00 0.000e+00 0.000e+00 0.000e+00
2.239e-16 0.000e+00 0.000e+00 0.000e+00 0.000e+00 0.000e+00
2.512e-16 0.000e+00 0.000e+00 0.000e+00 0.000e+00 0.000e+00
2.818e-16 0.000e+00 0.000e+00 0.000e+00 0.000e+00 0.000e+00
3.162e-16 0.000e+00 0.000e+00 0.000e+00 0.000e+00 0.000e+00
3.548e-16 0.000e+00 0.000e+00 0.000e+00 0.000e+00 0.000e+00
3.981e-16 0.000e+00 0.000e+00 0.000e+00 0.000e+00 0.000e+00
4.467e-16 0.000e+00 0.000e+00 0.000e+00 0.000e+00 0.000e+00
5.012e-16 0.000e+00 0.000e+00 0.000e+00 0.000e+00 0.000e+00
5.623e-16 0.000e+00 0.000e+00 0.000e+00 0.000e+00 0.000e+00
6.310e-16 0.000e+00 0.000e+00 0.000e+00 0.000e+00 0.000e+00
7.079e-16 0.000e+00 0.000e+00 0.000e+00 0.000e+00 0.000e+00
7.943e-16 0.000e+00 0.000e+00 0.000e+00 0.000e+00 0.000e+00
8.913e-16 0.000e+00 0.000e+00 0.000e+00 0.000e+00 0.000e+00
1.000e-15 0.000e+00 0.000e+00 0.000e+00 0.000e+00 0.000e+00
1.122e-15 5.597e+51 4.398e+21 3.524e-35 7.439e-24 9.348e-23
1.259e-15 4.961e+51 4.907e+21 3.932e-35 8.301e-24 1.043e-22
1.413e-15 4.397e+51 5.476e+21 4.388e-35 9.262e-24 1.164e-22
1.585e-15 3.897e+51 6.110e+21 4.896e-35 1.033e-23 1.299e-22
1.778e-15 3.454e+51 6.817e+21 5.463e-35 1.153e-23 1.449e-22
1.995e-15 3.061e+51 7.606e+21 6.095e-35 1.287e-23 1.617e-22
2.239e-15 2.713e+51 8.486e+21 6.800e-35 1.435e-23 1.804e-22
2.512e-15 2.404e+51 9.467e+21 7.587e-35 1.601e-23 2.012e-22
2.818e-15 2.130e+51 1.056e+22 8.464e-35 1.787e-23 2.245e-22
3.162e-15 1.888e+51 1.178e+22 9.442e-35 1.993e-23 2.504e-22
3.548e-15 1.673e+51 1.314e+22 1.053e-34 2.223e-23 2.794e-22
3.981e-15 1.482e+51 1.466e+22 1.175e-34 2.480e-23 3.117e-22
4.467e-15 1.313e+51 1.635e+22 1.311e-34 2.766e-23 3.476e-22
5.012e-15 1.164e+51 1.824e+22 1.462e-34 3.086e-23 3.878e-22
5.623e-15 1.031e+51 2.035e+22 1.631e-34 3.442e-23 4.325e-22
6.310e-15 9.133e+50 2.269e+22 1.819e-34 3.839e-23 4.824e-22
7.079e-15 8.091e+50 2.531e+22 2.028e-34 4.281e-23 5.380e-22
7.943e-15 7.168e+50 2.823e+22 2.262e-34 4.775e-23 6.000e-22
8.913e-15 6.350e+50 3.148e+22 2.523e-34 5.325e-23 6.692e-22
1.000e-14 5.625e+50 3.511e+22 2.813e-34 5.939e-23 7.463e-22
1.122e-14 4.982e+50 3.915e+22 3.137e-34 6.622e-23 8.322e-22
1.259e-14 4.413e+50 4.366e+22 3.498e-34 7.385e-23 9.280e-22
1.413e-14 3.909e+50 4.868e+22 3.901e-34 8.234e-23 1.035e-21
1.585e-14 3.462e+50 5.428e+22 4.350e-34 9.181e-23 1.154e-21
1.778e-14 3.066e+50 6.052e+22 4.850e-34 1.024e-22 1.286e-21
1.995e-14 2.715e+50 6.747e+22 5.407e-34 1.141e-22 1.434e-21
2.239e-14 2.405e+50 7.522e+22 6.028e-34 1.272e-22 1.599e-21
2.512e-14 2.130e+50 8.386e+22 6.720e-34 1.419e-22 1.783e-21
2.818e-14 1.886e+50 9.349e+22 7.492e-34 1.581e-22 1.987e-21
3.162e-14 1.670e+50 1.042e+23 8.352e-34 1.763e-22 2.215e-21
3.548e-14 1.478e+50 1.162e+23 9.309e-34 1.965e-22 2.469e-21
3.981e-14 1.309e+50 1.295e+23 1.038e-33 2.190e-22 2.752e-21
4.467e-14 1.159e+50 1.443e+23 1.157e-33 2.441e-22 3.068e-21
5.012e-14 1.026e+50 1.609e+23 1.289e-33 2.721e-22 3.419e-21
5.623e-14 9.083e+49 1.793e+23 1.437e-33 3.033e-22 3.811e-21
6.310e-14 8.041e+49 1.998e+23 1.601e-33 3.380e-22 4.247e-21
7.079e-14 7.118e+49 2.227e+23 1.784e-33 3.766e-22 4.733e-21
7.943e-14 6.300e+49 2.481e+23 1.988e-33 4.197e-22 5.274e-21
8.913e-14 5.576e+49 2.765e+23 2.215e-33 4.677e-22 5.877e-21
1.000e-13 4.936e+49 3.081e+23 2.469e-33 5.211e-22 6.548e-21
1.122e-13 4.368e+49 3.432e+23 2.750e-33 5.806e-22 7.296e-21
1.259e-13 3.866e+49 3.824e+23 3.064e-33 6.468e-22 8.128e-21
1.413e-13 3.421e+49 4.260e+23 3.414e-33 7.206e-22 9.056e-21
1.585e-13 3.027e+49 4.746e+23 3.803e-33 8.028e-22 1.009e-20
1.778e-13 2.679e+49 5.287e+23 4.237e-33 8.943e-22 1.124e-20
1.995e-13 2.370e+49 5.889e+23 4.719e-33 9.961e-22 1.252e-20
2.239e-13 2.097e+49 6.559e+23 5.256e-33 1.110e-21 1.394e-20
2.512e-13 1.855e+49 7.306e+23 5.854e-33 1.236e-21 1.553e-20
2.818e-13 1.641e+49 8.136e+23 6.520e-33 1.376e-21 1.729e-20
3.162e-13 1.452e+49 9.061e+23 7.261e-33 1.533e-21 1.926e-20
3.548e-13 1.284e+49 1.009e+24 8.086e-33 1.707e-21 2.145e-20
3.981e-13 1.136e+49 1.124e+24 9.004e-33 1.901e-21 2.388e-20
4.467e-13 1.005e+49 1.251e+24 1.003e-32 2.116e-21 2.659e-20
5.012e-13 8.885e+48 1.393e+24 1.116e-32 2.356e-21 2.961e-20
5.623e-13 7.857e+48 1.551e+24 1.243e-32 2.623e-21 3.297e-20
6.310e-13 6.948e+48 1.726e+24 1.384e-32 2.920e-21 3.670e-20
7.079e-13 6.144e+48 1.922e+24 1.540e-32 3.251e-21 4.085e-20
7.943e-13 5.432e+48 2.139e+24 1.714e-32 3.619e-21 4.547e-20
8.913e-13 4.803e+48 2.381e+24 1.908e-32 4.028e-21 5.062e-20
1.000e-12 4.246e+48 2.650e+24 2.124e-32 4.483e-21 5.633e-20
1.122e-12 3.754e+48 2.950e+24 2.364e-32 4.989e-21 6.270e-20
1.259e-12 3.318e+48 3.282e+24 2.630e-32 5.552e-21 6.977e-20
1.413e-12 2.933e+48 3.652e+24 2.927e-32 6.178e-21 7.764e-20
1.585e-12 2.592e+48 4.064e+24 3.257e-32 6.874e-21 8.639e-20
1.778e-12 2.291e+48 4.522e+24 3.623e-32 7.649e-21 9.611e-20
1.995e-12 2.025e+48 5.030e+24 4.031e-32 8.509e-21 1.069e-19
2.239e-12 1.789e+48 5.596e+24 4.485e-32 9.466e-21 1.190e-19
2.512e-12 1.581e+48 6.225e+24 4.988e-32 1.053e-20 1.323e-19
2.818e-12 1.397e+48 6.924e+24 5.549e-32 1.171e-20 1.472e-19
3.162e-12 1.234e+48 7.701e+24 6.171e-32 1.303e-20 1.637e-19
3.548e-12 1.090e+48 8.564e+24 6.863e-32 1.449e-20 1.820e-19
3.981e-12 9.627e+47 9.523e+24 7.632e-32 1.611e-20 2.024e-19
4.467e-12 8.503e+47 1.059e+25 8.486e-32 1.791e-20 2.251e-19
5.012e-12 7.510e+47 1.177e+25 9.435e-32 1.992e-20 2.503e-19
5.623e-12 6.632e+47 1.309e+25 1.049e-31 2.214e-20 2.782e-19
6.310e-12 5.856e+47 1.455e+25 1.166e-31 2.461e-20 3.093e-19
7.079e-12 5.171e+47 1.617e+25 1.296e-31 2.736e-20 3.438e-19
7.943e-12 4.565e+47 1.798e+25 1.441e-31 3.041e-20 3.821e-19
8.913e-12 4.030e+47 1.998e+25 1.601e-31 3.380e-20 4.247e-19
1.000e-11 3.557e+47 2.220e+25 1.779e-31 3.756e-20 4.719e-19
1.122e-11 3.140e+47 2.467e+25 1.977e-31 4.173e-20 5.244e-19
1.259e-11 2.771e+47 2.741e+25 2.197e-31 4.636e-20 5.826e-19
1.413e-11 2.445e+47 3.045e+25 2.440e-31 5.151e-20 6.473e-19
1.585e-11 2.158e+47 3.383e+25 2.711e-31 5.722e-20 7.190e-19
1.778e-11 1.904e+47 3.757e+25 3.011e-31 6.355e-20 7.986e-19
1.995e-11 1.679e+47 4.173e+25 3.344e-31 7.058e-20 8.870e-19
2.239e-11 1.481e+47 4.634e+25 3.713e-31 7.838e-20 9.850e-19
2.512e-11 1.307e+47 5.145e+25 4.123e-31 8.704e-20 1.094e-18
2.818e-11 1.152e+47 5.713e+25 4.578e-31 9.663e-20 1.214e-18
3.162e-11 1.016e+47 6.342e+25 5.082e-31 1.073e-19 1.348e-18
3.548e-11 8.959e+46 7.040e+25 5.642e-31 1.191e-19 1.496e-18
3.981e-11 7.899e+46 7.814e+25 6.262e-31 1.322e-19 1.661e-18
4.467e-11 6.963e+46 8.671e+25 6.949e-31 1.467e-19 1.843e-18
5.012e-11 6.137e+46 9.622e+25 7.711e-31 1.628e-19 2.045e-18
5.623e-11 5.409e+46 1.068e+26 8.555e-31 1.806e-19 2.269e-18
6.310e-11 4.766e+46 1.184e+26 9.491e-31 2.003e-19 2.518e-18
7.079e-11 4.200e+46 1.314e+26 1.053e-30 2.222e-19 2.793e-18
7.943e-11 3.700e+46 1.457e+26 1.168e-30 2.465e-19 3.097e-18
8.913e-11 3.259e+46 1.616e+26 1.295e-30 2.733e-19 3.435e-18
1.000e-10 2.871e+46 1.792e+26 1.436e-30 3.031e-19 3.809e-18
1.122e-10 2.528e+46 1.986e+26 1.592e-30 3.360e-19 4.222e-18
1.259e-10 2.226e+46 2.202e+26 1.765e-30 3.725e-19 4.681e-18
1.413e-10 1.960e+46 2.441e+26 1.956e-30 4.129e-19 5.188e-18
1.585e-10 1.725e+46 2.705e+26 2.168e-30 4.575e-19 5.750e-18
1.778e-10 1.519e+46 2.997e+26 2.402e-30 5.070e-19 6.371e-18
1.995e-10 1.336e+46 3.321e+26 2.661e-30 5.617e-19 7.059e-18
2.239e-10 1.176e+46 3.679e+26 2.948e-30 6.223e-19 7.819e-18
2.512e-10 1.035e+46 4.075e+26 3.265e-30 6.892e-19 8.661e-18
2.818e-10 9.102e+45 4.512e+26 3.616e-30 7.633e-19 9.592e-18
3.162e-10 8.006e+45 4.997e+26 4.004e-30 8.452e-19 1.062e-17
3.548e-10 7.040e+45 5.532e+26 4.433e-30 9.358e-19 1.176e-17
3.981e-10 6.191e+45 6.124e+26 4.907e-30 1.036e-18 1.302e-17
4.467e-10 5.443e+45 6.778e+26 5.432e-30 1.147e-18 1.441e-17
5.012e-10 4.785e+45 7.501e+26 6.011e-30 1.269e-18 1.594e-17
5.623e-10 4.205e+45 8.300e+26 6.652e-30 1.404e-18 1.764e-17
6.310e-10 3.696e+45 9.183e+26 7.359e-30 1.553e-18 1.952e-17
7.079e-10 3.247e+45 1.016e+27 8.141e-30 1.718e-18 2.159e-17
7.943e-10 2.853e+45 1.124e+27 9.004e-30 1.901e-18 2.388e-17
8.913e-10 2.506e+45 1.243e+27 9.958e-30 2.102e-18 2.641e-17
1.000e-09 2.202e+45 1.374e+27 1.101e-29 2.324e-18 2.921e-17
1.122e-09 1.933e+45 1.519e+27 1.217e-29 2.570e-18 3.229e-17
1.259e-09 1.698e+45 1.680e+27 1.346e-29 2.841e-18 3.570e-17
1.413e-09 1.491e+45 1.857e+27 1.488e-29 3.140e-18 3.946e-17
1.585e-09 1.309e+45 2.052e+27 1.644e-29 3.471e-18 4.362e-17
1.778e-09 1.149e+45 2.268e+27 1.817e-29 3.836e-18 4.821e-17
1.995e-09 1.009e+45 2.506e+27 2.008e-29 4.239e-18 5.327e-17
2.239e-09 8.853e+44 2.769e+27 2.219e-29 4.684e-18 5.887e-17
2.512e-09 7.770e+44 3.060e+27 2.452e-29 5.176e-18 6.504e-17
2.818e-09 6.819e+44 3.381e+27 2.709e-29 5.719e-18 7.186e-17
3.162e-09 5.984e+44 3.735e+27 2.993e-29 6.318e-18 7.939e-17
3.548e-09 5.251e+44 4.126e+27 3.307e-29 6.980e-18 8.771e-17
3.981e-09 4.608e+44 4.558e+27 3.653e-29 7.711e-18 9.689e-17
4.467e-09 4.043e+44 5.036e+27 4.035e-29 8.518e-18 1.070e-16
5.012e-09 3.548e+44 5.563e+27 4.458e-29 9.409e-18 1.182e-16
5.623e-09 3.113e+44 6.145e+27 4.924e-29 1.039e-17 1.306e-16
6.310e-09 2.732e+44 6.788e+27 5.439e-29 1.148e-17 1.443e-16
7.079e-09 2.397e+44 7.498e+27 6.008e-29 1.268e-17 1.594e-16
7.943e-09 2.103e+44 8.282e+27 6.637e-29 1.401e-17 1.760e-16
8.913e-09 1.845e+44 9.147e+27 7.330e-29 1.547e-17 1.944e-16
1.000e-08 1.618e+44 1.010e+28 8.095e-29 1.709e-17 2.147e-16
1.122e-08 1.420e+44 1.115e+28 8.938e-29 1.887e-17 2.371e-16
1.259e-08 1.245e+44 1.231e+28 9.867e-29 2.083e-17 2.617e-16
1.413e-08 1.091e+44 1.359e+28 1.089e-28 2.299e-17 2.888e-16
1.585e-08 9.561e+43 1.499e+28 1.201e-28 2.536e-17 3.186e-16
1.778e-08 8.373e+43 1.653e+28 1.324e-28 2.795e-17 3.513e-16
1.995e-08 7.327e+43 1.821e+28 1.459e-28 3.080e-17 3.870e-16
2.239e-08 6.406e+43 2.004e+28 1.606e-28 3.390e-17 4.259e-16
2.512e-08 5.594e+43 2.203e+28 1.765e-28 3.726e-17 4.682e-16
2.818e-08 4.877e+43 2.418e+28 1.938e-28 4.090e-17 5.140e-16
3.162e-08 4.245e+43 2.649e+28 2.123e-28 4.481e-17 5.631e-16
3.548e-08 3.686e+43 2.896e+28 2.321e-28 4.899e-17 6.156e-16
3.981e-08 3.192e+43 3.157e+28 2.530e-28 5.341e-17 6.712e-16
4.467e-08 2.755e+43 3.431e+28 2.749e-28 5.803e-17 7.293e-16
5.012e-08 2.368e+43 3.713e+28 2.975e-28 6.280e-17 7.892e-16
5.623e-08 2.025e+43 3.996e+28 3.203e-28 6.760e-17 8.495e-16
6.310e-08 1.718e+43 4.270e+28 3.422e-28 7.223e-17 9.076e-16
7.079e-08 1.437e+43 4.496e+28 3.603e-28 7.604e-17 9.556e-16
7.943e-08 1.186e+43 4.671e+28 3.743e-28 7.901e-17 9.928e-16
8.913e-08 1.011e+43 5.014e+28 4.018e-28 8.481e-17 1.066e-15
1.000e-07 8.580e+42 5.355e+28 4.291e-28 9.058e-17 1.138e-15
1.122e-07 7.235e+42 5.685e+28 4.556e-28 9.616e-17 1.208e-15
1.259e-07 6.054e+42 5.989e+28 4.799e-28 1.013e-16 1.273e-15
1.413e-07 4.991e+42 6.216e+28 4.981e-28 1.051e-16 1.321e-15
1.585e-07 4.100e+42 6.428e+28 5.151e-28 1.087e-16 1.366e-15
1.778e-07 3.422e+42 6.754e+28 5.412e-28 1.142e-16 1.436e-15
1.995e-07 2.833e+42 7.039e+28 5.640e-28 1.191e-16 1.496e-15
2.239e-07 2.300e+42 7.195e+28 5.766e-28 1.217e-16 1.529e-15
2.512e-07 1.888e+42 7.436e+28 5.959e-28 1.258e-16 1.581e-15
2.818e-07 1.552e+42 7.693e+28 6.165e-28 1.301e-16 1.635e-15
3.162e-07 1.242e+42 7.752e+28 6.212e-28 1.311e-16 1.648e-15
3.548e-07 1.020e+42 8.012e+28 6.420e-28 1.355e-16 1.703e-15
3.981e-07 8.264e+41 8.175e+28 6.551e-28 1.383e-16 1.738e-15
4.467e-07 6.623e+41 8.248e+28 6.609e-28 1.395e-16 1.753e-15
5.012e-07 5.353e+41 8.392e+28 6.725e-28 1.419e-16 1.784e-15
5.623e-07 4.261e+41 8.411e+28 6.740e-28 1.423e-16 1.788e-15
6.310e-07 3.423e+41 8.506e+28 6.817e-28 1.439e-16 1.808e-15
7.079e-07 2.720e+41 8.509e+28 6.819e-28 1.439e-16 1.809e-15
7.943e-07 2.156e+41 8.491e+28 6.804e-28 1.436e-16 1.805e-15
8.913e-07 1.726e+41 8.558e+28 6.858e-28 1.448e-16 1.819e-15
1.000e-06 1.451e+41 9.054e+28 7.256e-28 1.532e-16 1.925e-15
1.122e-06 1.151e+41 9.044e+28 7.247e-28 1.530e-16 1.922e-15
1.259e-06 9.707e+40 9.602e+28 7.695e-28 1.624e-16 2.041e-15
1.413e-06 8.106e+40 1.010e+29 8.090e-28 1.708e-16 2.146e-15
1.585e-06 6.293e+40 9.866e+28 7.906e-28 1.669e-16 2.097e-15
1.778e-06 5.306e+40 1.047e+29 8.393e-28 1.772e-16 2.226e-15
1.995e-06 4.139e+40 1.028e+29 8.242e-28 1.740e-16 2.186e-15
2.239e-06 3.420e+40 1.070e+29 8.572e-28 1.809e-16 2.274e-15
2.512e-06 2.818e+40 1.110e+29 8.893e-28 1.877e-16 2.359e-15
2.818e-06 2.160e+40 1.071e+29 8.581e-28 1.811e-16 2.276e-15
3.162e-06 1.789e+40 1.116e+29 8.946e-28 1.888e-16 2.373e-15
3.548e-06 1.485e+40 1.167e+29 9.353e-28 1.974e-16 2.481e-15
3.981e-06 1.226e+40 1.212e+29 9.716e-28 2.051e-16 2.577e-15
4.467e-06 9.334e+39 1.162e+29 9.315e-28 1.966e-16 2.471e-15
5.012e-06 7.633e+39 1.197e+29 9.589e-28 2.024e-16 2.544e-15
5.623e-06 6.235e+39 1.231e+29 9.862e-28 2.082e-16 2.616e-15
6.310e-06 5.089e+39 1.264e+29 1.013e-27 2.139e-16 2.688e-15
7.079e-06 3.803e+39 1.190e+29 9.534e-28 2.013e-16 2.529e-15
7.943e-06 3.082e+39 1.214e+29 9.725e-28 2.053e-16 2.580e-15
8.913e-06 2.496e+39 1.237e+29 9.916e-28 2.093e-16 2.630e-15
1.000e-05 2.021e+39 1.261e+29 1.011e-27 2.133e-16 2.681e-15
1.122e-05 1.485e+39 1.167e+29 9.351e-28 1.974e-16 2.480e-15
1.259e-05 1.193e+39 1.180e+29 9.453e-28 1.995e-16 2.507e-15
1.413e-05 9.803e+38 1.221e+29 9.783e-28 2.065e-16 2.595e-15
1.585e-05 7.980e+38 1.251e+29 1.003e-27 2.116e-16 2.659e-15
1.778e-05 6.480e+38 1.279e+29 1.025e-27 2.163e-16 2.719e-15
1.995e-05 5.256e+38 1.306e+29 1.047e-27 2.209e-16 2.776e-15
2.239e-05 4.261e+38 1.333e+29 1.068e-27 2.255e-16 2.833e-15
2.512e-05 3.080e+38 1.213e+29 9.720e-28 2.052e-16 2.578e-15
2.818e-05 2.475e+38 1.227e+29 9.834e-28 2.076e-16 2.609e-15
3.162e-05 1.989e+38 1.242e+29 9.949e-28 2.100e-16 2.639e-15
3.548e-05 1.598e+38 1.256e+29 1.006e-27 2.125e-16 2.670e-15
3.981e-05 1.284e+38 1.271e+29 1.018e-27 2.149e-16 2.701e-15
4.467e-05 1.032e+38 1.285e+29 1.030e-27 2.174e-16 2.732e-15
5.012e-05 8.290e+37 1.300e+29 1.042e-27 2.199e-16 2.763e-15
5.623e-05 6.659e+37 1.314e+29 1.053e-27 2.223e-16 2.794e-15
6.310e-05 5.349e+37 1.329e+29 1.065e-27 2.248e-16 2.825e-15
7.079e-05 4.296e+37 1.344e+29 1.077e-27 2.273e-16 2.857e-15
7.943e-05 3.450e+37 1.359e+29 1.089e-27 2.298e-16 2.888e-15
8.913e-05 2.770e+37 1.373e+29 1.100e-27 2.323e-16 2.919e-15
1.000e-04 2.224e+37 1.388e+29 1.112e-27 2.348e-16 2.950e-15
1.122e-04 1.570e+37 1.233e+29 9.884e-28 2.086e-16 2.622e-15
1.259e-04 1.247e+37 1.233e+29 9.884e-28 2.086e-16 2.622e-15
1.413e-04 9.904e+36 1.233e+29 9.884e-28 2.086e-16 2.622e-15
1.585e-04 7.867e+36 1.233e+29 9.884e-28 2.086e-16 2.622e-15
1.778e-04 6.249e+36 1.233e+29 9.884e-28 2.086e-16 2.622e-15
1.995e-04 4.964e+36 1.233e+29 9.884e-28 2.086e-16 2.622e-15
2.239e-04 3.943e+36 1.233e+29 9.884e-28 2.086e-16 2.622e-15
2.512e-04 3.132e+36 1.233e+29 9.884e-28 2.086e-16 2.622e-15
2.818e-04 2.488e+36 1.233e+29 9.883e-28 2.086e-16 2.622e-15
3.162e-04 1.976e+36 1.233e+29 9.883e-28 2.086e-16 2.622e-15
3.548e-04 1.570e+36 1.233e+29 9.883e-28 2.086e-16 2.622e-15
3.981e-04 1.247e+36 1.233e+29 9.883e-28 2.086e-16 2.622e-15
4.467e-04 9.903e+35 1.233e+29 9.883e-28 2.086e-16 2.622e-15
5.012e-04 7.866e+35 1.233e+29 9.883e-28 2.086e-16 2.622e-15
5.623e-04 6.248e+35 1.233e+29 9.883e-28 2.086e-16 2.622e-15
6.310e-04 4.963e+35 1.233e+29 9.883e-28 2.086e-16 2.621e-15
7.079e-04 3.942e+35 1.233e+29 9.883e-28 2.086e-16 2.621e-15
7.943e-04 3.132e+35 1.233e+29 9.883e-28 2.086e-16 2.621e-15
8.913e-04 2.487e+35 1.233e+29 9.883e-28 2.086e-16 2.621e-15
1.000e-03 1.976e+35 1.233e+29 9.882e-28 2.086e-16 2.621e-15
1.122e-03 1.569e+35 1.233e+29 9.882e-28 2.086e-16 2.621e-15
1.259e-03 1.247e+35 1.233e+29 9.882e-28 2.086e-16 2.621e-15
1.413e-03 9.902e+34 1.233e+29 9.882e-28 2.086e-16 2.621e-15
1.585e-03 7.865e+34 1.233e+29 9.882e-28 2.086e-16 2.621e-15
1.778e-03 6.247e+34 1.233e+29 9.881e-28 2.086e-16 2.621e-15
1.995e-03 4.962e+34 1.233e+29 9.881e-28 2.086e-16 2.621e-15
2.239e-03 3.942e+34 1.233e+29 9.881e-28 2.086e-16 2.621e-15
2.512e-03 3.131e+34 1.233e+29 9.880e-28 2.086e-16 2.621e-15
2.818e-03 2.487e+34 1.233e+29 9.880e-28 2.086e-16 2.621e-15
3.162e-03 1.975e+34 1.233e+29 9.880e-28 2.085e-16 2.621e-15
3.548e-03 1.569e+34 1.233e+29 9.879e-28 2.085e-16 2.620e-15
3.981e-03 1.246e+34 1.233e+29 9.879e-28 2.085e-16 2.620e-15
4.467e-03 9.898e+33 1.233e+29 9.878e-28 2.085e-16 2.620e-15
5.012e-03 7.862e+33 1.233e+29 9.877e-28 2.085e-16 2.620e-15
5.623e-03 6.245e+33 1.233e+29 9.877e-28 2.085e-16 2.620e-15
6.310e-03 4.960e+33 1.232e+29 9.876e-28 2.085e-16 2.620e-15
7.079e-03 3.939e+33 1.232e+29 9.875e-28 2.084e-16 2.619e-15
7.943e-03 3.129e+33 1.232e+29 9.874e-28 2.084e-16 2.619e-15
8.913e-03 2.485e+33 1.232e+29 9.873e-28 2.084e-16 2.619e-15
1.000e-02 1.974e+33 1.232e+29 9.872e-28 2.084e-16 2.619e-15
1.122e-02 1.568e+33 1.232e+29 9.871e-28 2.084e-16 2.618e-15
1.259e-02 1.245e+33 1.232e+29 9.869e-28 2.083e-16 2.618e-15
1.413e-02 9.888e+32 1.231e+29 9.868e-28 2.083e-16 2.617e-15
1.585e-02 7.853e+32 1.231e+29 9.866e-28 2.083e-16 2.617e-15
1.778e-02 6.236e+32 1.231e+29 9.864e-28 2.082e-16 2.616e-15
1.995e-02 4.953e+32 1.231e+29 9.862e-28 2.082e-16 2.616e-15
2.239e-02 3.933e+32 1.230e+29 9.860e-28 2.081e-16 2.615e-15
2.512e-02 3.123e+32 1.230e+29 9.857e-28 2.081e-16 2.615e-15
2.818e-02 2.480e+32 1.230e+29 9.854e-28 2.080e-16 2.614e-15
3.162e-02 1.970e+32 1.229e+29 9.851e-28 2.079e-16 2.613e-15
3.548e-02 1.564e+32 1.229e+29 9.847e-28 2.079e-16 2.612e-15
3.981e-02 1.242e+32 1.228e+29 9.844e-28 2.078e-16 2.611e-15
4.467e-02 9.859e+31 1.228e+29 9.839e-28 2.077e-16 2.610e-15
5.012e-02 7.828e+31 1.227e+29 9.835e-28 2.076e-16 2.609e-15
5.623e-02 6.215e+31 1.227e+29 9.830e-28 2.075e-16 2.607e-15
6.310e-02 4.934e+31 1.226e+29 9.824e-28 2.074e-16 2.606e-15
7.079e-02 3.916e+31 1.225e+29 9.818e-28 2.072e-16 2.604e-15
7.943e-02 3.109e+31 1.224e+29 9.811e-28 2.071e-16 2.602e-15
8.913e-02 2.467e+31 1.223e+29 9.803e-28 2.069e-16 2.600e-15
1.000e-01 1.958e+31 1.222e+29 9.795e-28 2.068e-16 2.598e-15
1.122e-01 1.554e+31 1.221e+29 9.786e-28 2.066e-16 2.596e-15
1.259e-01 1.233e+31 1.220e+29 9.776e-28 2.063e-16 2.593e-15
1.413e-01 9.785e+30 1.219e+29 9.765e-28 2.061e-16 2.590e-15
1.585e-01 7.763e+30 1.217e+29 9.753e-28 2.059e-16 2.587e-15
1.778e-01 6.158e+30 1.215e+29 9.739e-28 2.056e-16 2.583e-15
1.995e-01 4.884e+30 1.214e+29 9.725e-28 2.053e-16 2.579e-15
2.239e-01 3.873e+30 1.212e+29 9.709e-28 2.049e-16 2.575e-15
2.512e-01 3.071e+30 1.209e+29 9.691e-28 2.046e-16 2.571e-15
2.818e-01 2.434e+30 1.207e+29 9.672e-28 2.042e-16 2.565e-15
3.162e-01 1.929e+30 1.204e+29 9.651e-28 2.037e-16 2.560e-15
3.548e-01 1.529e+30 1.201e+29 9.628e-28 2.032e-16 2.554e-15
3.981e-01 1.211e+30 1.198e+29 9.602e-28 2.027e-16 2.547e-15
4.467e-01 9.594e+29 1.195e+29 9.575e-28 2.021e-16 2.540e-15
5.012e-01 7.597e+29 1.191e+29 9.544e-28 2.015e-16 2.532e-15
5.623e-01 6.014e+29 1.187e+29 9.512e-28 2.008e-16 2.523e-15
6.310e-01 4.759e+29 1.182e+29 9.476e-28 2.000e-16 2.513e-15
7.079e-01 3.764e+29 1.178e+29 9.436e-28 1.992e-16 2.503e-15
7.943e-01 2.977e+29 1.172e+29 9.394e-28 1.983e-16 2.492e-15
8.913e-01 2.353e+29 1.166e+29 9.347e-28 1.973e-16 2.479e-15
1.000e+00 1.859e+29 1.160e+29 9.297e-28 1.962e-16 2.466e-15
1.122e+00 1.468e+29 1.153e+29 9.242e-28 1.951e-16 2.451e-15
1.259e+00 1.158e+29 1.146e+29 9.182e-28 1.938e-16 2.436e-15
1.413e+00 9.136e+28 1.138e+29 9.118e-28 1.925e-16 2.418e-15
1.585e+00 7.201e+28 1.129e+29 9.047e-28 1.910e-16 2.400e-15
1.778e+00 5.672e+28 1.120e+29 8.972e-28 1.894e-16 2.380e-15
1.995e+00 4.464e+28 1.109e+29 8.890e-28 1.876e-16 2.358e-15
2.239e+00 3.511e+28 1.098e+29 8.801e-28 1.858e-16 2.335e-15
2.512e+00 2.759e+28 1.086e+29 8.706e-28 1.838e-16 2.309e-15
2.818e+00 2.165e+28 1.074e+29 8.603e-28 1.816e-16 2.282e-15
3.162e+00 1.698e+28 1.060e+29 8.492e-28 1.793e-16 2.253e-15
3.548e+00 1.330e+28 1.045e+29 8.373e-28 1.767e-16 2.221e-15
3.981e+00 1.040e+28 1.029e+29 8.246e-28 1.741e-16 2.187e-15
4.467e+00 8.126e+27 1.012e+29 8.109e-28 1.712e-16 2.151e-15
5.012e+00 6.338e+27 9.937e+28 7.963e-28 1.681e-16 2.112e-15
5.623e+00 4.936e+27 9.743e+28 7.807e-28 1.648e-16 2.071e-15
6.310e+00 3.838e+27 9.536e+28 7.642e-28 1.613e-16 2.027e-15
7.079e+00 2.978e+27 9.316e+28 7.465e-28 1.576e-16 1.980e-15
7.943e+00 2.306e+27 9.083e+28 7.278e-28 1.536e-16 1.931e-15
8.913e+00 1.782e+27 8.836e+28 7.081e-28 1.495e-16 1.878e-15
1.000e+01 1.374e+27 8.575e+28 6.872e-28 1.450e-16 1.823e-15
1.122e+01 1.056e+27 8.301e+28 6.652e-28 1.404e-16 1.764e-15
1.259e+01 8.100e+26 8.013e+28 6.421e-28 1.355e-16 1.703e-15
1.413e+01 6.192e+26 7.711e+28 6.179e-28 1.304e-16 1.639e-15
1.585e+01 4.718e+26 7.396e+28 5.927e-28 1.251e-16 1.572e-15
1.778e+01 3.582e+26 7.069e+28 5.665e-28 1.196e-16 1.503e-15
1.995e+01 2.709e+26 6.730e+28 5.393e-28 1.138e-16 1.431e-15
2.239e+01 2.040e+26 6.380e+28 5.113e-28 1.079e-16 1.356e-15
2.512e+01 1.529e+26 6.021e+28 4.825e-28 1.018e-16 1.280e-15
2.818e+01 1.140e+26 5.653e+28 4.530e-28 9.562e-17 1.202e-15
3.162e+01 8.457e+25 5.278e+28 4.230e-28 8.929e-17 1.122e-15
3.548e+01 6.235e+25 4.899e+28 3.926e-28 8.288e-17 1.041e-15
3.981e+01 4.567e+25 4.518e+28 3.621e-28 7.642e-17 9.604e-16
4.467e+01 3.322e+25 4.137e+28 3.315e-28 6.997e-17 8.793e-16
5.012e+01 2.397e+25 3.758e+28 3.011e-28 6.356e-17 7.988e-16
5.623e+01 1.715e+25 3.384e+28 2.712e-28 5.725e-17 7.194e-16
6.310e+01 1.215e+25 3.020e+28 2.420e-28 5.108e-17 6.419e-16
7.079e+01 8.524e+24 2.666e+28 2.137e-28 4.510e-17 5.668e-16
7.943e+01 5.911e+24 2.328e+28 1.865e-28 3.937e-17 4.948e-16
8.913e+01 4.048e+24 2.007e+28 1.608e-28 3.394e-17 4.266e-16
1.000e+02 2.734e+24 1.706e+28 1.367e-28 2.886e-17 3.627e-16
1.122e+02 1.818e+24 1.429e+28 1.145e-28 2.416e-17 3.037e-16
1.259e+02 1.189e+24 1.176e+28 9.424e-29 1.989e-17 2.500e-16
1.413e+02 7.629e+23 9.500e+27 7.613e-29 1.607e-17 2.019e-16
1.585e+02 4.794e+23 7.516e+27 6.023e-29 1.271e-17 1.598e-16
1.778e+02 2.943e+23 5.809e+27 4.655e-29 9.827e-18 1.235e-16
1.995e+02 1.761e+23 4.375e+27 3.506e-29 7.400e-18 9.299e-17
2.239e+02 1.023e+23 3.199e+27 2.564e-29 5.411e-18 6.800e-17
2.512e+02 5.746e+22 2.263e+27 1.813e-29 3.828e-18 4.810e-17
2.818e+02 3.108e+22 1.541e+27 1.235e-29 2.606e-18 3.275e-17
3.162e+02 1.607e+22 1.003e+27 8.037e-30 1.697e-18 2.132e-17
3.548e+02 7.859e+21 6.175e+26 4.949e-30 1.045e-18 1.313e-17
3.981e+02 3.565e+21 3.526e+26 2.826e-30 5.965e-19 7.496e-18
4.467e+02 1.432e+21 1.783e+26 1.429e-30 3.016e-19 3.790e-18
5.012e+02 4.345e+20 6.812e+25 5.459e-31 1.152e-19 1.448e-18
5.623e+02 0.000e+00 0.000e+00 0.000e+00 0.000e+00 0.000e+00
6.310e+02 0.000e+00 0.000e+00 0.000e+00 0.000e+00 0.000e+00
7.079e+02 0.000e+00 0.000e+00 0.000e+00 0.000e+00 0.000e+00
7.943e+02 0.000e+00 0.000e+00 0.000e+00 0.000e+00 0.000e+00
8.913e+02 0.000e+00 0.000e+00 0.000e+00 0.000e+00 0.000e+00
1.000e+03 0.000e+00 0.000e+00 0.000e+00 0.000e+00 0.000e+00
1.122e+03 0.000e+00 0.000e+00 0.000e+00 0.000e+00 0.000e+00
1.259e+03 0.000e+00 0.000e+00 0.000e+00 0.000e+00 0.000e+00
1.413e+03 0.000e+00 0.000e+00 0.000e+00 0.000e+00 0.000e+00
1.585e+03 0.000e+00 0.000e+00 0.000e+00 0.000e+00 0.000e+00
1.778e+03 0.000e+00 0.000e+00 0.000e+00 0.000e+00 0.000e+00
1.995e+03 0.000e+00 0.000e+00 0.000e+00 0.000e+00 0.000e+00
2.239e+03 0.000e+00 0.000e+00 0.000e+00 0.000e+00 0.000e+00
2.512e+03 0.000e+00 0.000e+00 0.000e+00 0.000e+00 0.000e+00
2.818e+03 0.000e+00 0.000e+00 0.000e+00 0.000e+00 0.000e+00
3.162e+03 0.000e+00 0.000e+00 0.000e+00 0.000e+00 0.000e+00
3.548e+03 0.000e+00 0.000e+00 0.000e+00 0.000e+00 0.000e+00
3.981e+03 0.000e+00 0.000e+00 0.000e+00 0.000e+00 0.000e+00
4.467e+03 0.000e+00 0.000e+00 0.000e+00 0.000e+00 0.000e+00
5.012e+03 0.000e+00 0.000e+00 0.000e+00 0.000e+00 0.000e+00
5.623e+03 0.000e+00 0.000e+00 0.000e+00 0.000e+00 0.000e+00
6.310e+03 0.000e+00 0.000e+00 0.000e+00 0.000e+00 0.000e+00
7.079e+03 0.000e+00 0.000e+00 0.000e+00 0.000e+00 0.000e+00
7.943e+03 0.000e+00 0.000e+00 0.000e+00 0.000e+00 0.000e+00
8.913e+03 0.000e+00 0.000e+00 0.000e+00 0.000e+00 0.000e+00
1.000e+04 0.000e+00 0.000e+00 0.000e+00 0.000e+00 0.000e+00
1.122e+04 0.000e+00 0.000e+00 0.000e+00 0.000e+00 0.000e+00
1.259e+04 0.000e+00 0.000e+00 0.000e+00 0.000e+00 0.000e+00
1.413e+04 0.000e+00 0.000e+00 0.000e+00 0.000e+00 0.000e+00
1.585e+04 0.000e+00 0.000e+00 0.000e+00 0.000e+00 0.000e+00
1.778e+04 0.000e+00 0.000e+00 0.000e+00 0.000e+00 0.000e+00
1.995e+04 0.000e+00 0.000e+00 0.000e+00 0.000e+00 0.000e+00
2.239e+04 0.000e+00 0.000e+00 0.000e+00 0.000e+00 0.000e+00
2.512e+04 0.000e+00 0.000e+00 0.000e+00 0.000e+00 0.000e+00
2.818e+04 0.000e+00 0.000e+00 0.000e+00 0.000e+00 0.000e+00
3.162e+04 0.000e+00 0.000e+00 0.000e+00 0.000e+00 0.000e+00
3.548e+04 0.000e+00 0.000e+00 0.000e+00 0.000e+00 0.000e+00
3.981e+04 0.000e+00 0.000e+00 0.000e+00 0.000e+00 0.000e+00
4.467e+04 0.000e+00 0.000e+00 0.000e+00 0.000e+00 0.000e+00
5.012e+04 0.000e+00 0.000e+00 0.000e+00 0.000e+00 0.000e+00
5.623e+04 0.000e+00 0.000e+00 0.000e+00 0.000e+00 0.000e+00
6.310e+04 0.000e+00 0.000e+00 0.000e+00 0.000e+00 0.000e+00
7.079e+04 0.000e+00 0.000e+00 0.000e+00 0.000e+00 0.000e+00
7.943e+04 0.000e+00 0.000e+00 0.000e+00 0.000e+00 0.000e+00
8.913e+04 0.000e+00 0.000e+00 0.000e+00 0.000e+00 0.000e+00
1.000e+05 0.000e+00 0.000e+00 0.000e+00 0.000e+00 0.000e+00
1.122e+05 0.000e+00 0.000e+00 0.000e+00 0.000e+00 0.000e+00
1.259e+05 0.000e+00 0.000e+00 0.000e+00 0.000e+00 0.000e+00
1.413e+05 0.000e+00 0.000e+00 0.000e+00 0.000e+00 0.000e+00
1.585e+05 0.000e+00 0.000e+00 0.000e+00 0.000e+00 0.000e+00
1.778e+05 0.000e+00 0.000e+00 0.000e+00 0.000e+00 0.000e+00
1.995e+05 0.000e+00 0.000e+00 0.000e+00 0.000e+00 0.000e+00
2.239e+05 0.000e+00 0.000e+00 0.000e+00 0.000e+00 0.000e+00
2.512e+05 0.000e+00 0.000e+00 0.000e+00 0.000e+00 0.000e+00
2.818e+05 0.000e+00 0.000e+00 0.000e+00 0.000e+00 0.000e+00
3.162e+05 0.000e+00 0.000e+00 0.000e+00 0.000e+00 0.000e+00
3.548e+05 0.000e+00 0.000e+00 0.000e+00 0.000e+00 0.000e+00
3.981e+05 0.000e+00 0.000e+00 0.000e+00 0.000e+00 0.000e+00
4.467e+05 0.000e+00 0.000e+00 0.000e+00 0.000e+00 0.000e+00
5.012e+05 0.000e+00 0.000e+00 0.000e+00 0.000e+00 0.000e+00
5.623e+05 0.000e+00 0.000e+00 0.000e+00 0.000e+00 0.000e+00
6.310e+05 0.000e+00 0.000e+00 0.000e+00 0.000e+00 0.000e+00
7.079e+05 0.000e+00 0.000e+00 0.000e+00 0.000e+00 0.000e+00
7.943e+05 0.000e+00 0.000e+00 0.000e+00 0.000e+00 0.000e+00
8.913e+05 0.000e+00 0.000e+00 0.000e+00 0.000e+00 0.000e+00
1.000e+06 0.000e+00 0.000e+00 0.000e+00 0.000e+00 0.000e+00
1.122e+06 0.000e+00 0.000e+00 0.000e+00 0.000e+00 0.000e+00
1.259e+06 0.000e+00 0.000e+00 0.000e+00 0.000e+00 0.000e+00
1.413e+06 0.000e+00 0.000e+00 0.000e+00 0.000e+00 0.000e+00
1.585e+06 0.000e+00 0.000e+00 0.000e+00 0.000e+00 0.000e+00
1.778e+06 0.000e+00 0.000e+00 0.000e+00 0.000e+00 0.000e+00
1.995e+06 0.000e+00 0.000e+00 0.000e+00 0.000e+00 0.000e+00
2.239e+06 0.000e+00 0.000e+00 0.000e+00 0.000e+00 0.000e+00
2.512e+06 0.000e+00 0.000e+00 0.000e+00 0.000e+00 0.000e+00
2.818e+06 0.000e+00 0.000e+00 0.000e+00 0.000e+00 0.000e+00
3.162e+06 0.000e+00 0.000e+00 0.000e+00 0.000e+00 0.000e+00
3.548e+06 0.000e+00 0.000e+00 0.000e+00 0.000e+00 0.000e+00
3.981e+06 0.000e+00 0.000e+00 0.000e+00 0.000e+00 0.000e+00
4.467e+06 0.000e+00 0.000e+00 0.000e+00 0.000e+00 0.000e+00
5.012e+06 0.000e+00 0.000e+00 0.000e+00 0.000e+00 0.000e+00
5.623e+06 0.000e+00 0.000e+00 0.000e+00 0.000e+00 0.000e+00
6.310e+06 0.000e+00 0.000e+00 0.000e+00 0.000e+00 0.000e+00
7.079e+06 0.000e+00 0.000e+00 0.000e+00 0.000e+00 0.000e+00
7.943e+06 0.000e+00 0.000e+00 0.000e+00 0.000e+00 0.000e+00
8.913e+06 0.000e+00 0.000e+00 0.000e+00 0.000e+00 0.000e+00
1.000e+07 0.000e+00 0.000e+00 0.000e+00 0.000e+00 0.000e+00
1.122e+07 0.000e+00 0.000e+00 0.000e+00 0.000e+00 0.000e+00
1.259e+07 0.000e+00 0.000e+00 0.000e+00 0.000e+00 0.000e+00
1.413e+07 0.000e+00 0.000e+00 0.000e+00 0.000e+00 0.000e+00
1.585e+07 0.000e+00 0.000e+00 0.000e+00 0.000e+00 0.000e+00
1.778e+07 0.000e+00 0.000e+00 0.000e+00 0.000e+00 0.000e+00
1.995e+07 0.000e+00 0.000e+00 0.000e+00 0.000e+00 0.000e+00
2.239e+07 0.000e+00 0.000e+00 0.000e+00 0.000e+00 0.000e+00
2.512e+07 0.000e+00 0.000e+00 0.000e+00 0.000e+00 0.000e+00
2.818e+07 0.000e+00 0.000e+00 0.000e+00 0.000e+00 0.000e+00
3.162e+07 0.000e+00 0.000e+00 0.000e+00 0.000e+00 0.000e+00
3.548e+07 0.000e+00 0.000e+00 0.000e+00 0.000e+00 0.000e+00
3.981e+07 0.000e+00 0.000e+00 0.000e+00 0.000e+00 0.000e+00
4.467e+07 0.000e+00 0.000e+00 0.000e+00 0.000e+00 0.000e+00
5.012e+07 0.000e+00 0.000e+00 0.000e+00 0.000e+00 0.000e+00
5.623e+07 0.000e+00 0.000e+00 0.000e+00 0.000e+00 0.000e+00
6.310e+07 0.000e+00 0.000e+00 0.000e+00 0.000e+00 0.000e+00
7.079e+07 0.000e+00 0.000e+00 0.000e+00 0.000e+00 0.000e+00
7.943e+07 0.000e+00 0.000e+00 0.000e+00 0.000e+00 0.000e+00
8.913e+07 0.000e+00 0.000e+00 0.000e+00 0.000e+00 0.000e+00
1.000e+08 0.000e+00 0.000e+00 0.000e+00 0.000e+00 0.000e+00
