1.000e-20 0.000e+00 0.000e+00 0.000e+00 0.000e+00 0.000e+00
1.122e-20 0.000e+00 0.000e+00 0.000e+00 0.000e+00 0.000e+00
1.259e-20 0.000e+00 0.000e+00 0.000e+00 0.000e+00 0.000e+00
1.413e-20 0.000e+00 0.000e+00 0.000e+00 0.000e+00 0.000e+00
1.585e-20 0.000e+00 0.000e+00 0.000e+00 0.000e+00 0.000e+00
1.778e-20 0.000e+00 0.000e+00 0.000e+00 0.000e+00 0.000e+00
1.995e-20 0.000e+00 0.000e+00 0.000e+00 0.000e+00 0.000e+00
2.239e-20 0.000e+00 0.000e+00 0.000e+00 0.000e+00 0.000e+00
2.512e-20 0.000e+00 0.000e+00 0.000e+00 0.000e+00 0.000e+00
2.818e-20 0.000e+00 0.000e+00 0.000e+00 0.000e+00 0.000e+00
3.162e-20 0.000e+00 0.000e+00 0.000e+00 0.000e+00 0.000e+00
3.548e-20 0.000e+00 0.000e+00 0.000e+00 0.000e+00 0.000e+00
3.981e-20 0.000e+00 0.000e+00 0.000e+00 0.000e+00 0.000e+00
4.467e-20 0.000e+00 0.000e+00 0.000e+00 0.000e+00 0.000e+00
5.012e-20 0.000e+00 0.000e+00 0.000e+00 0.000e+00 0.000e+00
5.623e-20 0.000e+00 0.000e+00 0.000e+00 0.000e+00 0.000e+00
6.310e-20 0.000e+00 0.000e+00 0.000e+00 0.000e+00 0.000e+00
7.079e-20 0.000e+00 0.000e+00 0.000e+00 0.000e+00 0.000e+00
7.943e-20 0.000e+00 0.000e+00 0.000e+00 0.000e+00 0.000e+00
8.913e-20 0.000e+00 0.000e+00 0.000e+00 0.000e+00 0.000e+00
1.000e-19 0.000e+00 0.000e+00 0.000e+00 0.000e+00 0.000e+00
1.122e-19 0.000e+00 0.000e+00 0.000e+00 0.000e+00 0.000e+00
1.259e-19 0.000e+00 0.000e+00 0.000e+00 0.000e+00 0.000e+00
1.413e-19 0.000e+00 0.000e+00 0.000e+00 0.000e+00 0.000e+00
1.585e-19 0.000e+00 0.000e+00 0.000e+00 0.000e+00 0.000e+00
1.778e-19 0.000e+00 0.000e+00 0.000e+00 0.000e+00 0.000e+00
1.995e-19 0.000e+00 0.000e+00 0.000e+00 0.000e+00 0.000e+00
2.239e-19 0.000e+00 0.000e+00 0.000e+00 0.000e+00 0.000e+00
2.512e-19 0.000e+00 0.000e+00 0.000e+00 0.000e+00 0.000e+00
2.818e-19 0.000e+00 0.000e+00 0.000e+00 0.000e+00 0.000e+00
3.162e-19 0.000e+00 0.000e+00 0.000e+00 0.000e+00 0.000e+00
3.548e-19 0.000e+00 0.000e+00 0.000e+00 0.000e+00 0.000e+00
3.981e-19 0.000e+00 0.000e+00 0.000e+00 0.000e+00 0.000e+00
4.467e-19 0.000e+00 0.000e+00 0.000e+00 0.000e+00 0.000e+00
5.012e-19 0.000e+00 0.000e+00 0.000e+00 0.000e+00 0.000e+00
5.623e-19 0.000e+00 0.000e+00 0.000e+00 0.000e+00 0.000e+00
6.310e-19 0.000e+00 0.000e+00 0.000e+00 0.000e+00 0.000e+00
7.079e-19 0.000e+00 0.000e+00 0.000e+00 0.000e+00 0.000e+00
7.943e-19 0.000e+00 0.000e+00 0.000e+00 0.000e+00 0.000e+00
8.913e-19 0.000e+00 0.000e+00 0.000e+00 0.000e+00 0.000e+00
1.000e-18 0.000e+00 0.000e+00 0.000e+00 0.000e+00 0.000e+00
1.122e-18 0.000e+00 0.000e+00 0.000e+00 0.000e+00 0.000e+00
1.259e-18 0.000e+00 0.000e+00 0.000e+00 0.000e+00 0.000e+00
1.413e-18 0.000e+00 0.000e+00 0.000e+00 0.000e+00 0.000e+00
1.585e-18 0.000e+00 0.000e+00 0.000e+00 0.000e+00 0.000e+00
1.778e-18 0.000e+00 0.000e+00 0.000e+00 0.000e+00 0.000e+00
1.995e-18 0.000e+00 0.000e+00 0.000e+00 0.000e+00 0.000e+00
2.239e-18 0.000e+00 0.000e+00 0.000e+00 0.000e+00 0.000e+00
2.512e-18 0.000e+00 0.000e+00 0.000e+00 0.000e+00 0.000e+00
2.818e-18 0.000e+00 0.000e+00 0.000e+00 0.000e+00 0.000e+00
3.162e-18 0.000e+00 0.000e+00 0.000e+00 0.000e+00 0.000e+00
3.548e-18 0.000e+00 0.000e+00 0.000e+00 0.000e+00 0.000e+00
3.981e-18 0.000e+00 0.000e+00 0.000e+00 0.000e+00 0.000e+00
4.467e-18 0.000e+00 0.000e+00 0.000e+00 0.000e+00 0.000e+00
5.012e-18 0.000e+00 0.000e+00 0.000e+00 0.000e+00 0.000e+00
5.623e-18 0.000e+00 0.000e+00 0.000e+00 0.000e+00 0.000e+00
6.310e-18 0.000e+00 0.000e+00 0.000e+00 0.000e+00 0.000e+00
7.079e-18 0.000e+00 0.000e+00 0.000e+00 0.000e+00 0.000e+00
7.943e-18 0.000e+00 0.000e+00 0.000e+00 0.000e+00 0.000e+00
8.913e-18 0.000e+00 0.000e+00 0.000e+00 0.000e+00 0.000e+00
1.000e-17 0.000e+00 0.000e+00 0.000e+00 0.000e+00 0.000e+00
1.122e-17 0.000e+00 0.000e+00 0.000e+00 0.000e+00 0.000e+00
1.259e-17 0.000e+00 0.000e+00 0.000e+00 0.000e+00 0.000e+00
1.413e-17 0.000e+00 0.000e+00 0.000e+00 0.000e+00 0.000e+00
1.585e-17 0.000e+00 0.000e+00 0.000e+00 0.000e+00 0.000e+00
1.778e-17 0.000e+00 0.000e+00 0.000e+00 0.000e+00 0.000e+00
1.995e-17 0.000e+00 0.000e+00 0.000e+00 0.000e+00 0.000e+00
2.239e-17 0.000e+00 0.000e+00 0.000e+00 0.000e+00 0.000e+00
2.512e-17 0.000e+00 0.000e+00 0.000e+00 0.000e+00 0.000e+00
2.818e-17 0.000e+00 0.000e+00 0.000e+00 0.000e+00 0.000e+00
3.162e-17 0.000e+00 0.000e+00 0.000e+00 0.000e+00 0.000e+00
3.548e-17 0.000e+00 0.000e+00 0.000e+00 0.000e+00 0.000e+00
3.981e-17 0.000e+00 0.000e+00 0.000e+00 0.000e+00 0.000e+00
4.467e-17 0.000e+00 0.000e+00 0.000e+00 0.000e+00 0.000e+00
5.012e-17 0.000e+00 0.000e+00 0.000e+00 0.000e+00 0.000e+00
5.623e-17 0.000e+00 0.000e+00 0.000e+00 0.000e+00 0.000e+00
6.310e-17 0.000e+00 0.000e+00 0.000e+00 0.000e+00 0.000e+00
7.079e-17 0.000e+00 0.000e+00 0.000e+00 0.000e+00 0.000e+00
7.943e-17 0.000e+00 0.000e+00 0.000e+00 0.000e+00 0.000e+00
8.913e-17 0.000e+00 0.000e+00 0.000e+00 0.000e+00 0.000e+00
1.000e-16 0.000e+00 0.000e+00 0.000e+00 0.000e+00 0.000e+00
1.122e-16 0.000e+00 0.000e+00 0.000e+00 0.000e+00 0.000e+00
1.259e-16 0.000e+00 0.000e+00 0.000e+00 0.000e+00 0.000e+00
1.413e-16 0.000e+00 0.000e+00 0.000e+00 0.000e+00 0.000e+00
1.585e-16 0.000e+00 0.000e+00 0.000e+00 0.000e+00 0.000e+00
1.778e-16 0.000e+00 0.000e+00 0.000e+00 0.000e+00 0.000e+00
1.995e-16 0.000e+00 0.000e+00 0.000e+00 0.000e+00 0.000e+00
2.239e-16 0.000e+00 0.000e+00 0.000e+00 0.000e+00 0.000e+00
2.512e-16 0.000e+00 0.000e+00 0.000e+00 0.000e+00 0.000e+00
2.818e-16 0.000e+00 0.000e+00 0.000e+00 0.000e+00 0.000e+00
3.162e-16 0.000e+00 0.000e+00 0.000e+00 0.000e+00 0.000e+00
3.548e-16 0.000e+00 0.000e+00 0.000e+00 0.000e+00 0.000e+00
3.981e-16 0.000e+00 0.000e+00 0.000e+00 0.000e+00 0.000e+00
4.467e-16 0.000e+00 0.000e+00 0.000e+00 0.000e+00 0.000e+00
5.012e-16 0.000e+00 0.000e+00 0.000e+00 0.000e+00 0.000e+00
5.623e-16 0.000e+00 0.000e+00 0.000e+00 0.000e+00 0.000e+00
6.310e-16 0.000e+00 0.000e+00 0.000e+00 0.000e+00 0.000e+00
7.079e-16 0.000e+00 0.000e+00 0.000e+00 0.000e+00 0.000e+00
7.943e-16 0.000e+00 0.000e+00 0.000e+00 0.000e+00 0.000e+00
8.913e-16 0.000e+00 0.000e+00 0.000e+00 0.000e+00 0.000e+00
1.000e-15 0.000e+00 0.000e+00 0.000e+00 0.000e+00 0.000e+00
1.122e-15 5.597e+50 4.398e+20 3.524e-36 7.439e-25 9.348e-24
1.259e-15 4.961e+50 4.907e+20 3.932e-36 8.301e-25 1.043e-23
1.413e-15 4.397e+50 5.476e+20 4.388e-36 9.262e-25 1.164e-23
1.585e-15 3.897e+50 6.110e+20 4.896e-36 1.033e-24 1.299e-23
1.778e-15 3.454e+50 6.817e+20 5.463e-36 1.153e-24 1.449e-23
1.995e-15 3.061e+50 7.606e+20 6.095e-36 1.287e-24 1.617e-23
2.239e-15 2.713e+50 8.486e+20 6.800e-36 1.435e-24 1.804e-23
2.512e-15 2.404e+50 9.467e+20 7.587e-36 1.601e-24 2.012e-23
2.818e-15 2.130e+50 1.056e+21 8.464e-36 1.787e-24 2.245e-23
3.162e-15 1.888e+50 1.178e+21 9.442e-36 1.993e-24 2.504e-23
3.548e-15 1.673e+50 1.314e+21 1.053e-35 2.223e-24 2.794e-23
3.981e-15 1.482e+50 1.466e+21 1.175e-35 2.480e-24 3.117e-23
4.467e-15 1.313e+50 1.635e+21 1.311e-35 2.766e-24 3.476e-23
5.012e-15 1.164e+50 1.824e+21 1.462e-35 3.086e-24 3.878e-23
5.623e-15 1.031e+50 2.035e+21 1.631e-35 3.442e-24 4.325e-23
6.310e-15 9.133e+49 2.269e+21 1.819e-35 3.839e-24 4.824e-23
7.079e-15 8.091e+49 2.531e+21 2.028e-35 4.281e-24 5.380e-23
7.943e-15 7.168e+49 2.823e+21 2.262e-35 4.775e-24 6.000e-23
8.913e-15 6.350e+49 3.148e+21 2.523e-35 5.325e-24 6.692e-23
1.000e-14 5.625e+49 3.511e+21 2.813e-35 5.939e-24 7.463e-23
1.122e-14 4.982e+49 3.915e+21 3.137e-35 6.622e-24 8.322e-23
1.259e-14 4.413e+49 4.366e+21 3.498e-35 7.385e-24 9.280e-23
1.413e-14 3.909e+49 4.868e+21 3.901e-35 8.234e-24 1.035e-22
1.585e-14 3.462e+49 5.428e+21 4.350e-35 9.181e-24 1.154e-22
1.778e-14 3.066e+49 6.052e+21 4.850e-35 1.024e-23 1.286e-22
1.995e-14 2.715e+49 6.747e+21 5.407e-35 1.141e-23 1.434e-22
2.239e-14 2.405e+49 7.522e+21 6.028e-35 1.272e-23 1.599e-22
2.512e-14 2.130e+49 8.386e+21 6.720e-35 1.419e-23 1.783e-22
2.818e-14 1.886e+49 9.349e+21 7.492e-35 1.581e-23 1.987e-22
3.162e-14 1.670e+49 1.042e+22 8.352e-35 1.763e-23 2.215e-22
3.548e-14 1.478e+49 1.162e+22 9.309e-35 1.965e-23 2.469e-22
3.981e-14 1.309e+49 1.295e+22 1.038e-34 2.190e-23 2.752e-22
4.467e-14 1.159e+49 1.443e+22 1.157e-34 2.441e-23 3.068e-22
5.012e-14 1.026e+49 1.609e+22 1.289e-34 2.721e-23 3.419e-22
5.623e-14 9.083e+48 1.793e+22 1.437e-34 3.033e-23 3.811e-22
6.310e-14 8.041e+48 1.998e+22 1.601e-34 3.380e-23 4.247e-22
7.079e-14 7.118e+48 2.227e+22 1.784e-34 3.766e-23 4.733e-22
7.943e-14 6.300e+48 2.481e+22 1.988e-34 4.197e-23 5.274e-22
8.913e-14 5.576e+48 2.765e+22 2.215e-34 4.677e-23 5.877e-22
1.000e-13 4.936e+48 3.081e+22 2.469e-34 5.211e-23 6.548e-22
1.122e-13 4.368e+48 3.432e+22 2.750e-34 5.806e-23 7.296e-22
1.259e-13 3.866e+48 3.824e+22 3.064e-34 6.468e-23 8.128e-22
1.413e-13 3.421e+48 4.260e+22 3.414e-34 7.206e-23 9.056e-22
1.585e-13 3.027e+48 4.746e+22 3.803e-34 8.028e-23 1.009e-21
1.778e-13 2.679e+48 5.287e+22 4.237e-34 8.943e-23 1.124e-21
1.995e-13 2.370e+48 5.889e+22 4.719e-34 9.961e-23 1.252e-21
2.239e-13 2.097e+48 6.559e+22 5.256e-34 1.110e-22 1.394e-21
2.512e-13 1.855e+48 7.306e+22 5.854e-34 1.236e-22 1.553e-21
2.818e-13 1.641e+48 8.136e+22 6.520e-34 1.376e-22 1.729e-21
3.162e-13 1.452e+48 9.061e+22 7.261e-34 1.533e-22 1.926e-21
3.548e-13 1.284e+48 1.009e+23 8.086e-34 1.707e-22 2.145e-21
3.981e-13 1.136e+48 1.124e+23 9.004e-34 1.901e-22 2.388e-21
4.467e-13 1.005e+48 1.251e+23 1.003e-33 2.116e-22 2.659e-21
5.012e-13 8.885e+47 1.393e+23 1.116e-33 2.356e-22 2.961e-21
5.623e-13 7.857e+47 1.551e+23 1.243e-33 2.623e-22 3.297e-21
6.310e-13 6.948e+47 1.726e+23 1.384e-33 2.920e-22 3.670e-21
7.079e-13 6.144e+47 1.922e+23 1.540e-33 3.251e-22 4.085e-21
7.943e-13 5.432e+47 2.139e+23 1.714e-33 3.619e-22 4.547e-21
8.913e-13 4.803e+47 2.381e+23 1.908e-33 4.028e-22 5.062e-21
1.000e-12 4.246e+47 2.650e+23 2.124e-33 4.483e-22 5.633e-21
1.122e-12 3.754e+47 2.950e+23 2.364e-33 4.989e-22 6.270e-21
1.259e-12 3.318e+47 3.282e+23 2.630e-33 5.552e-22 6.977e-21
1.413e-12 2.933e+47 3.652e+23 2.927e-33 6.178e-22 7.764e-21
1.585e-12 2.592e+47 4.064e+23 3.257e-33 6.874e-22 8.639e-21
1.778e-12 2.291e+47 4.522e+23 3.623e-33 7.649e-22 9.611e-21
1.995e-12 2.025e+47 5.030e+23 4.031e-33 8.509e-22 1.069e-20
2.239e-12 1.789e+47 5.596e+23 4.485e-33 9.466e-22 1.190e-20
2.512e-12 1.581e+47 6.225e+23 4.988e-33 1.053e-21 1.323e-20
2.818e-12 1.397e+47 6.924e+23 5.549e-33 1.171e-21 1.472e-20
3.162e-12 1.234e+47 7.701e+23 6.171e-33 1.303e-21 1.637e-20
3.548e-12 1.090e+47 8.564e+23 6.863e-33 1.449e-21 1.820e-20
3.981e-12 9.627e+46 9.523e+23 7.632e-33 1.611e-21 2.024e-20
4.467e-12 8.503e+46 1.059e+24 8.486e-33 1.791e-21 2.251e-20
5.012e-12 7.510e+46 1.177e+24 9.435e-33 1.992e-21 2.503e-20
5.623e-12 6.632e+46 1.309e+24 1.049e-32 2.214e-21 2.782e-20
6.310e-12 5.856e+46 1.455e+24 1.166e-32 2.461e-21 3.093e-20
7.079e-12 5.171e+46 1.617e+24 1.296e-32 2.736e-21 3.438e-20
7.943e-12 4.565e+46 1.798e+24 1.441e-32 3.041e-21 3.821e-20
8.913e-12 4.030e+46 1.998e+24 1.601e-32 3.380e-21 4.247e-20
1.000e-11 3.557e+46 2.220e+24 1.779e-32 3.756e-21 4.719e-20
1.122e-11 3.140e+46 2.467e+24 1.977e-32 4.173e-21 5.244e-20
1.259e-11 2.771e+46 2.741e+24 2.197e-32 4.636e-21 5.826e-20
1.413e-11 2.445e+46 3.045e+24 2.440e-32 5.151e-21 6.473e-20
1.585e-11 2.158e+46 3.383e+24 2.711e-32 5.722e-21 7.190e-20
1.778e-11 1.904e+46 3.757e+24 3.011e-32 6.355e-21 7.986e-20
1.995e-11 1.679e+46 4.173e+24 3.344e-32 7.058e-21 8.870e-20
2.239e-11 1.481e+46 4.634e+24 3.713e-32 7.838e-21 9.850e-20
2.512e-11 1.307e+46 5.145e+24 4.123e-32 8.704e-21 1.094e-19
2.818e-11 1.152e+46 5.713e+24 4.578e-32 9.663e-21 1.214e-19
3.162e-11 1.016e+46 6.342e+24 5.082e-32 1.073e-20 1.348e-19
3.548e-11 8.959e+45 7.040e+24 5.642e-32 1.191e-20 1.496e-19
3.981e-11 7.899e+45 7.814e+24 6.262e-32 1.322e-20 1.661e-19
4.467e-11 6.963e+45 8.671e+24 6.949e-32 1.467e-20 1.843e-19
5.012e-11 6.137e+45 9.622e+24 7.711e-32 1.628e-20 2.045e-19
5.623e-11 5.409e+45 1.068e+25 8.555e-32 1.806e-20 2.269e-19
6.310e-11 4.766e+45 1.184e+25 9.491e-32 2.003e-20 2.518e-19
7.079e-11 4.200e+45 1.314e+25 1.053e-31 2.222e-20 2.793e-19
7.943e-11 3.700e+45 1.457e+25 1.168e-31 2.465e-20 3.097e-19
8.913e-11 3.259e+45 1.616e+25 1.295e-31 2.733e-20 3.435e-19
1.000e-10 2.871e+45 1.792e+25 1.436e-31 3.031e-20 3.809e-19
1.122e-10 2.528e+45 1.986e+25 1.592e-31 3.360e-20 4.222e-19
1.259e-10 2.226e+45 2.202e+25 1.765e-31 3.725e-20 4.681e-19
1.413e-10 1.960e+45 2.441e+25 1.956e-31 4.129e-20 5.188e-19
1.585e-10 1.725e+45 2.705e+25 2.168e-31 4.575e-20 5.750e-19
1.778e-10 1.519e+45 2.997e+25 2.402e-31 5.070e-20 6.371e-19
1.995e-10 1.336e+45 3.321e+25 2.661e-31 5.617e-20 7.059e-19
2.239e-10 1.176e+45 3.679e+25 2.948e-31 6.223e-20 7.819e-19
2.512e-10 1.035e+45 4.075e+25 3.265e-31 6.892e-20 8.661e-19
2.818e-10 9.102e+44 4.512e+25 3.616e-31 7.633e-20 9.592e-19
3.162e-10 8.006e+44 4.997e+25 4.004e-31 8.452e-20 1.062e-18
3.548e-10 7.040e+44 5.532e+25 4.433e-31 9.358e-20 1.176e-18
3.981e-10 6.191e+44 6.124e+25 4.907e-31 1.036e-19 1.302e-18
4.467e-10 5.443e+44 6.778e+25 5.432e-31 1.147e-19 1.441e-18
5.012e-10 4.785e+44 7.501e+25 6.011e-31 1.269e-19 1.594e-18
5.623e-10 4.205e+44 8.300e+25 6.652e-31 1.404e-19 1.764e-18
6.310e-10 3.696e+44 9.183e+25 7.359e-31 1.553e-19 1.952e-18
7.079e-10 3.247e+44 1.016e+26 8.141e-31 1.718e-19 2.159e-18
7.943e-10 2.853e+44 1.124e+26 9.004e-31 1.901e-19 2.388e-18
8.913e-10 2.506e+44 1.243e+26 9.958e-31 2.102e-19 2.641e-18
1.000e-09 2.202e+44 1.374e+26 1.101e-30 2.324e-19 2.921e-18
1.122e-09 1.933e+44 1.519e+26 1.217e-30 2.570e-19 3.229e-18
1.259e-09 1.698e+44 1.680e+26 1.346e-30 2.841e-19 3.570e-18
1.413e-09 1.491e+44 1.857e+26 1.488e-30 3.140e-19 3.946e-18
1.585e-09 1.309e+44 2.052e+26 1.644e-30 3.471e-19 4.362e-18
1.778e-09 1.149e+44 2.268e+26 1.817e-30 3.836e-19 4.821e-18
1.995e-09 1.009e+44 2.506e+26 2.008e-30 4.239e-19 5.327e-18
2.239e-09 8.853e+43 2.769e+26 2.219e-30 4.684e-19 5.887e-18
2.512e-09 7.770e+43 3.060e+26 2.452e-30 5.176e-19 6.504e-18
2.818e-09 6.819e+43 3.381e+26 2.709e-30 5.719e-19 7.186e-18
3.162e-09 5.984e+43 3.735e+26 2.993e-30 6.318e-19 7.939e-18
3.548e-09 5.251e+43 4.126e+26 3.307e-30 6.980e-19 8.771e-18
3.981e-09 4.608e+43 4.558e+26 3.653e-30 7.711e-19 9.689e-18
4.467e-09 4.043e+43 5.036e+26 4.035e-30 8.518e-19 1.070e-17
5.012e-09 3.548e+43 5.563e+26 4.458e-30 9.409e-19 1.182e-17
5.623e-09 3.113e+43 6.145e+26 4.924e-30 1.039e-18 1.306e-17
6.310e-09 2.732e+43 6.788e+26 5.439e-30 1.148e-18 1.443e-17
7.079e-09 2.397e+43 7.498e+26 6.008e-30 1.268e-18 1.594e-17
7.943e-09 2.103e+43 8.282e+26 6.637e-30 1.401e-18 1.760e-17
8.913e-09 1.845e+43 9.147e+26 7.330e-30 1.547e-18 1.944e-17
1.000e-08 1.618e+43 1.010e+27 8.095e-30 1.709e-18 2.147e-17
1.122e-08 1.420e+43 1.115e+27 8.938e-30 1.887e-18 2.371e-17
1.259e-08 1.245e+43 1.231e+27 9.867e-30 2.083e-18 2.617e-17
1.413e-08 1.091e+43 1.359e+27 1.089e-29 2.299e-18 2.888e-17
1.585e-08 9.561e+42 1.499e+27 1.201e-29 2.536e-18 3.186e-17
1.778e-08 8.373e+42 1.653e+27 1.324e-29 2.795e-18 3.513e-17
1.995e-08 7.327e+42 1.821e+27 1.459e-29 3.080e-18 3.870e-17
2.239e-08 6.406e+42 2.004e+27 1.606e-29 3.390e-18 4.259e-17
2.512e-08 5.594e+42 2.203e+27 1.765e-29 3.726e-18 4.682e-17
2.818e-08 4.877e+42 2.418e+27 1.938e-29 4.090e-18 5.140e-17
3.162e-08 4.245e+42 2.649e+27 2.123e-29 4.481e-18 5.631e-17
3.548e-08 3.686e+42 2.896e+27 2.321e-29 4.899e-18 6.156e-17
3.981e-08 3.192e+42 3.157e+27 2.530e-29 5.341e-18 6.712e-17
4.467e-08 2.755e+42 3.431e+27 2.749e-29 5.803e-18 7.293e-17
5.012e-08 2.368e+42 3.713e+27 2.975e-29 6.280e-18 7.892e-17
5.623e-08 2.025e+42 3.996e+27 3.203e-29 6.760e-18 8.495e-17
6.310e-08 1.718e+42 4.270e+27 3.422e-29 7.223e-18 9.076e-17
7.079e-08 1.437e+42 4.496e+27 3.603e-29 7.604e-18 9.556e-17
7.943e-08 1.186e+42 4.671e+27 3.743e-29 7.901e-18 9.928e-17
8.913e-08 1.011e+42 5.014e+27 4.018e-29 8.481e-18 1.066e-16
1.000e-07 8.580e+41 5.355e+27 4.291e-29 9.058e-18 1.138e-16
1.122e-07 7.235e+41 5.685e+27 4.556e-29 9.616e-18 1.208e-16
1.259e-07 6.054e+41 5.989e+27 4.799e-29 1.013e-17 1.273e-16
1.413e-07 4.991e+41 6.216e+27 4.981e-29 1.051e-17 1.321e-16
1.585e-07 4.100e+41 6.428e+27 5.151e-29 1.087e-17 1.366e-16
1.778e-07 3.422e+41 6.754e+27 5.412e-29 1.142e-17 1.436e-16
1.995e-07 2.833e+41 7.039e+27 5.640e-29 1.191e-17 1.496e-16
2.239e-07 2.300e+41 7.195e+27 5.766e-29 1.217e-17 1.529e-16
2.512e-07 1.888e+41 7.436e+27 5.959e-29 1.258e-17 1.581e-16
2.818e-07 1.552e+41 7.693e+27 6.165e-29 1.301e-17 1.635e-16
3.162e-07 1.242e+41 7.752e+27 6.212e-29 1.311e-17 1.648e-16
3.548e-07 1.020e+41 8.012e+27 6.420e-29 1.355e-17 1.703e-16
3.981e-07 8.264e+40 8.175e+27 6.551e-29 1.383e-17 1.738e-16
4.467e-07 6.623e+40 8.248e+27 6.609e-29 1.395e-17 1.753e-16
5.012e-07 5.353e+40 8.392e+27 6.725e-29 1.419e-17 1.784e-16
5.623e-07 4.261e+40 8.411e+27 6.740e-29 1.423e-17 1.788e-16
6.310e-07 3.423e+40 8.506e+27 6.817e-29 1.439e-17 1.808e-16
7.079e-07 2.720e+40 8.509e+27 6.819e-29 1.439e-17 1.809e-16
7.943e-07 2.156e+40 8.491e+27 6.804e-29 1.436e-17 1.805e-16
8.913e-07 1.726e+40 8.558e+27 6.858e-29 1.448e-17 1.819e-16
1.000e-06 1.451e+40 9.054e+27 7.256e-29 1.532e-17 1.925e-16
1.122e-06 1.151e+40 9.044e+27 7.247e-29 1.530e-17 1.922e-16
1.259e-06 9.707e+39 9.602e+27 7.695e-29 1.624e-17 2.041e-16
1.413e-06 8.106e+39 1.010e+28 8.090e-29 1.708e-17 2.146e-16
1.585e-06 6.293e+39 9.866e+27 7.906e-29 1.669e-17 2.097e-16
1.778e-06 5.306e+39 1.047e+28 8.393e-29 1.772e-17 2.226e-16
1.995e-06 4.139e+39 1.028e+28 8.242e-29 1.740e-17 2.186e-16
2.239e-06 3.420e+39 1.070e+28 8.572e-29 1.809e-17 2.274e-16
2.512e-06 2.818e+39 1.110e+28 8.893e-29 1.877e-17 2.359e-16
2.818e-06 2.160e+39 1.071e+28 8.581e-29 1.811e-17 2.276e-16
3.162e-06 1.789e+39 1.116e+28 8.946e-29 1.888e-17 2.373e-16
3.548e-06 1.485e+39 1.167e+28 9.353e-29 1.974e-17 2.481e-16
3.981e-06 1.226e+39 1.212e+28 9.716e-29 2.051e-17 2.577e-16
4.467e-06 9.334e+38 1.162e+28 9.315e-29 1.966e-17 2.471e-16
5.012e-06 7.633e+38 1.197e+28 9.589e-29 2.024e-17 2.544e-16
5.623e-06 6.235e+38 1.231e+28 9.862e-29 2.082e-17 2.616e-16
6.310e-06 5.089e+38 1.264e+28 1.013e-28 2.139e-17 2.688e-16
7.079e-06 3.803e+38 1.190e+28 9.534e-29 2.013e-17 2.529e-16
7.943e-06 3.082e+38 1.214e+28 9.725e-29 2.053e-17 2.580e-16
8.913e-06 2.496e+38 1.237e+28 9.916e-29 2.093e-17 2.630e-16
1.000e-05 2.021e+38 1.261e+28 1.011e-28 2.133e-17 2.681e-16
1.122e-05 1.485e+38 1.167e+28 9.351e-29 1.974e-17 2.480e-16
1.259e-05 1.193e+38 1.180e+28 9.453e-29 1.995e-17 2.507e-16
1.413e-05 9.803e+37 1.221e+28 9.783e-29 2.065e-17 2.595e-16
1.585e-05 7.980e+37 1.251e+28 1.003e-28 2.116e-17 2.659e-16
1.778e-05 6.480e+37 1.279e+28 1.025e-28 2.163e-17 2.719e-16
1.995e-05 5.256e+37 1.306e+28 1.047e-28 2.209e-17 2.776e-16
2.239e-05 4.261e+37 1.333e+28 1.068e-28 2.255e-17 2.833e-16
2.512e-05 3.080e+37 1.213e+28 9.720e-29 2.052e-17 2.578e-16
2.818e-05 2.475e+37 1.227e+28 9.834e-29 2.076e-17 2.609e-16
3.162e-05 1.989e+37 1.242e+28 9.949e-29 2.100e-17 2.639e-16
3.548e-05 1.598e+37 1.256e+28 1.006e-28 2.125e-17 2.670e-16
3.981e-05 1.284e+37 1.271e+28 1.018e-28 2.149e-17 2.701e-16
4.467e-05 1.032e+37 1.285e+28 1.030e-28 2.174e-17 2.732e-16
5.012e-05 8.290e+36 1.300e+28 1.042e-28 2.199e-17 2.763e-16
5.623e-05 6.659e+36 1.314e+28 1.053e-28 2.223e-17 2.794e-16
6.310e-05 5.349e+36 1.329e+28 1.065e-28 2.248e-17 2.825e-16
7.079e-05 4.296e+36 1.344e+28 1.077e-28 2.273e-17 2.857e-16
7.943e-05 3.450e+36 1.359e+28 1.089e-28 2.298e-17 2.888e-16
8.913e-05 2.770e+36 1.373e+28 1.100e-28 2.323e-17 2.919e-16
1.000e-04 2.224e+36 1.388e+28 1.112e-28 2.348e-17 2.950e-16
1.122e-04 1.570e+36 1.233e+28 9.884e-29 2.086e-17 2.622e-16
1.259e-04 1.247e+36 1.233e+28 9.884e-29 2.086e-17 2.622e-16
1.413e-04 9.904e+35 1.233e+28 9.884e-29 2.086e-17 2.622e-16
1.585e-04 7.867e+35 1.233e+28 9.884e-29 2.086e-17 2.622e-16
1.778e-04 6.249e+35 1.233e+28 9.884e-29 2.086e-17 2.622e-16
1.995e-04 4.964e+35 1.233e+28 9.884e-29 2.086e-17 2.622e-16
2.239e-04 3.943e+35 1.233e+28 9.884e-29 2.086e-17 2.622e-16
2.512e-04 3.132e+35 1.233e+28 9.884e-29 2.086e-17 2.622e-16
2.818e-04 2.488e+35 1.233e+28 9.883e-29 2.086e-17 2.622e-16
3.162e-04 1.976e+35 1.233e+28 9.883e-29 2.086e-17 2.622e-16
3.548e-04 1.570e+35 1.233e+28 9.883e-29 2.086e-17 2.622e-16
3.981e-04 1.247e+35 1.233e+28 9.883e-29 2.086e-17 2.622e-16
4.467e-04 9.903e+34 1.233e+28 9.883e-29 2.086e-17 2.622e-16
5.012e-04 7.866e+34 1.233e+28 9.883e-29 2.086e-17 2.622e-16
5.623e-04 6.248e+34 1.233e+28 9.883e-29 2.086e-17 2.622e-16
6.310e-04 4.963e+34 1.233e+28 9.883e-29 2.086e-17 2.621e-16
7.079e-04 3.942e+34 1.233e+28 9.883e-29 2.086e-17 2.621e-16
7.943e-04 3.132e+34 1.233e+28 9.883e-29 2.086e-17 2.621e-16
8.913e-04 2.487e+34 1.233e+28 9.883e-29 2.086e-17 2.621e-16
1.000e-03 1.976e+34 1.233e+28 9.882e-29 2.086e-17 2.621e-16
1.122e-03 1.569e+34 1.233e+28 9.882e-29 2.086e-17 2.621e-16
1.259e-03 1.247e+34 1.233e+28 9.882e-29 2.086e-17 2.621e-16
1.413e-03 9.902e+33 1.233e+28 9.882e-29 2.086e-17 2.621e-16
1.585e-03 7.865e+33 1.233e+28 9.882e-29 2.086e-17 2.621e-16
1.778e-03 6.247e+33 1.233e+28 9.881e-29 2.086e-17 2.621e-16
1.995e-03 4.962e+33 1.233e+28 9.881e-29 2.086e-17 2.621e-16
2.239e-03 3.942e+33 1.233e+28 9.881e-29 2.086e-17 2.621e-16
2.512e-03 3.131e+33 1.233e+28 9.880e-29 2.086e-17 2.621e-16
2.818e-03 2.487e+33 1.233e+28 9.880e-29 2.086e-17 2.621e-16
3.162e-03 1.975e+33 1.233e+28 9.880e-29 2.085e-17 2.621e-16
3.548e-03 1.569e+33 1.233e+28 9.879e-29 2.085e-17 2.620e-16
3.981e-03 1.246e+33 1.233e+28 9.879e-29 2.085e-17 2.620e-16
4.467e-03 9.898e+32 1.233e+28 9.878e-29 2.085e-17 2.620e-16
5.012e-03 7.862e+32 1.233e+28 9.877e-29 2.085e-17 2.620e-16
5.623e-03 6.245e+32 1.233e+28 9.877e-29 2.085e-17 2.620e-16
6.310e-03 4.960e+32 1.232e+28 9.876e-29 2.085e-17 2.620e-16
7.079e-03 3.939e+32 1.232e+28 9.875e-29 2.084e-17 2.619e-16
7.943e-03 3.129e+32 1.232e+28 9.874e-29 2.084e-17 2.619e-16
8.913e-03 2.485e+32 1.232e+28 9.873e-29 2.084e-17 2.619e-16
1.000e-02 1.974e+32 1.232e+28 9.872e-29 2.084e-17 2.619e-16
1.122e-02 1.568e+32 1.232e+28 9.871e-29 2.084e-17 2.618e-16
1.259e-02 1.245e+32 1.232e+28 9.869e-29 2.083e-17 2.618e-16
1.413e-02 9.888e+31 1.231e+28 9.868e-29 2.083e-17 2.617e-16
1.585e-02 7.853e+31 1.231e+28 9.866e-29 2.083e-17 2.617e-16
1.778e-02 6.236e+31 1.231e+28 9.864e-29 2.082e-17 2.616e-16
1.995e-02 4.953e+31 1.231e+28 9.862e-29 2.082e-17 2.616e-16
2.239e-02 3.933e+31 1.230e+28 9.860e-29 2.081e-17 2.615e-16
2.512e-02 3.123e+31 1.230e+28 9.857e-29 2.081e-17 2.615e-16
2.818e-02 2.480e+31 1.230e+28 9.854e-29 2.080e-17 2.614e-16
3.162e-02 1.970e+31 1.229e+28 9.851e-29 2.079e-17 2.613e-16
3.548e-02 1.564e+31 1.229e+28 9.847e-29 2.079e-17 2.612e-16
3.981e-02 1.242e+31 1.228e+28 9.844e-29 2.078e-17 2.611e-16
4.467e-02 9.859e+30 1.228e+28 9.839e-29 2.077e-17 2.610e-16
5.012e-02 7.828e+30 1.227e+28 9.835e-29 2.076e-17 2.609e-16
5.623e-02 6.215e+30 1.227e+28 9.830e-29 2.075e-17 2.607e-16
6.310e-02 4.934e+30 1.226e+28 9.824e-29 2.074e-17 2.606e-16
7.079e-02 3.916e+30 1.225e+28 9.818e-29 2.072e-17 2.604e-16
7.943e-02 3.109e+30 1.224e+28 9.811e-29 2.071e-17 2.602e-16
8.913e-02 2.467e+30 1.223e+28 9.803e-29 2.069e-17 2.600e-16
1.000e-01 1.958e+30 1.222e+28 9.795e-29 2.068e-17 2.598e-16
1.122e-01 1.554e+30 1.221e+28 9.786e-29 2.066e-17 2.596e-16
1.259e-01 1.233e+30 1.220e+28 9.776e-29 2.063e-17 2.593e-16
1.413e-01 9.785e+29 1.219e+28 9.765e-29 2.061e-17 2.590e-16
1.585e-01 7.763e+29 1.217e+28 9.753e-29 2.059e-17 2.587e-16
1.778e-01 6.158e+29 1.215e+28 9.739e-29 2.056e-17 2.583e-16
1.995e-01 4.884e+29 1.214e+28 9.725e-29 2.053e-17 2.579e-16
2.239e-01 3.873e+29 1.212e+28 9.709e-29 2.049e-17 2.575e-16
2.512e-01 3.071e+29 1.209e+28 9.691e-29 2.046e-17 2.571e-16
2.818e-01 2.434e+29 1.207e+28 9.672e-29 2.042e-17 2.565e-16
3.162e-01 1.929e+29 1.204e+28 9.651e-29 2.037e-17 2.560e-16
3.548e-01 1.529e+29 1.201e+28 9.628e-29 2.032e-17 2.554e-16
3.981e-01 1.211e+29 1.198e+28 9.602e-29 2.027e-17 2.547e-16
4.467e-01 9.594e+28 1.195e+28 9.575e-29 2.021e-17 2.540e-16
5.012e-01 7.597e+28 1.191e+28 9.544e-29 2.015e-17 2.532e-16
5.623e-01 6.014e+28 1.187e+28 9.512e-29 2.008e-17 2.523e-16
6.310e-01 4.759e+28 1.182e+28 9.476e-29 2.000e-17 2.513e-16
7.079e-01 3.764e+28 1.178e+28 9.436e-29 1.992e-17 2.503e-16
7.943e-01 2.977e+28 1.172e+28 9.394e-29 1.983e-17 2.492e-16
8.913e-01 2.353e+28 1.166e+28 9.347e-29 1.973e-17 2.479e-16
1.000e+00 1.859e+28 1.160e+28 9.297e-29 1.962e-17 2.466e-16
1.122e+00 1.468e+28 1.153e+28 9.242e-29 1.951e-17 2.451e-16
1.259e+00 1.158e+28 1.146e+28 9.182e-29 1.938e-17 2.436e-16
1.413e+00 9.136e+27 1.138e+28 9.118e-29 1.925e-17 2.418e-16
1.585e+00 7.201e+27 1.129e+28 9.047e-29 1.910e-17 2.400e-16
1.778e+00 5.672e+27 1.120e+28 8.972e-29 1.894e-17 2.380e-16
1.995e+00 4.464e+27 1.109e+28 8.890e-29 1.876e-17 2.358e-16
2.239e+00 3.511e+27 1.098e+28 8.801e-29 1.858e-17 2.335e-16
2.512e+00 2.759e+27 1.086e+28 8.706e-29 1.838e-17 2.309e-16
2.818e+00 2.165e+27 1.074e+28 8.603e-29 1.816e-17 2.282e-16
3.162e+00 1.698e+27 1.060e+28 8.492e-29 1.793e-17 2.253e-16
3.548e+00 1.330e+27 1.045e+28 8.373e-29 1.767e-17 2.221e-16
3.981e+00 1.040e+27 1.029e+28 8.246e-29 1.741e-17 2.187e-16
4.467e+00 8.126e+26 1.012e+28 8.109e-29 1.712e-17 2.151e-16
5.012e+00 6.338e+26 9.937e+27 7.963e-29 1.681e-17 2.112e-16
5.623e+00 4.936e+26 9.743e+27 7.807e-29 1.648e-17 2.071e-16
6.310e+00 3.838e+26 9.536e+27 7.642e-29 1.613e-17 2.027e-16
7.079e+00 2.978e+26 9.316e+27 7.465e-29 1.576e-17 1.980e-16
7.943e+00 2.306e+26 9.083e+27 7.278e-29 1.536e-17 1.931e-16
8.913e+00 1.782e+26 8.836e+27 7.081e-29 1.495e-17 1.878e-16
1.000e+01 1.374e+26 8.575e+27 6.872e-29 1.450e-17 1.823e-16
1.122e+01 1.056e+26 8.301e+27 6.652e-29 1.404e-17 1.764e-16
1.259e+01 8.100e+25 8.013e+27 6.421e-29 1.355e-17 1.703e-16
1.413e+01 6.192e+25 7.711e+27 6.179e-29 1.304e-17 1.639e-16
1.585e+01 4.718e+25 7.396e+27 5.927e-29 1.251e-17 1.572e-16
1.778e+01 3.582e+25 7.069e+27 5.665e-29 1.196e-17 1.503e-16
1.995e+01 2.709e+25 6.730e+27 5.393e-29 1.138e-17 1.431e-16
2.239e+01 2.040e+25 6.380e+27 5.113e-29 1.079e-17 1.356e-16
2.512e+01 1.529e+25 6.021e+27 4.825e-29 1.018e-17 1.280e-16
2.818e+01 1.140e+25 5.653e+27 4.530e-29 9.562e-18 1.202e-16
3.162e+01 8.457e+24 5.278e+27 4.230e-29 8.929e-18 1.122e-16
3.548e+01 6.235e+24 4.899e+27 3.926e-29 8.288e-18 1.041e-16
3.981e+01 4.567e+24 4.518e+27 3.621e-29 7.642e-18 9.604e-17
4.467e+01 3.322e+24 4.137e+27 3.315e-29 6.997e-18 8.793e-17
5.012e+01 2.397e+24 3.758e+27 3.011e-29 6.356e-18 7.988e-17
5.623e+01 1.715e+24 3.384e+27 2.712e-29 5.725e-18 7.194e-17
6.310e+01 1.215e+24 3.020e+27 2.420e-29 5.108e-18 6.419e-17
7.079e+01 8.524e+23 2.666e+27 2.137e-29 4.510e-18 5.668e-17
7.943e+01 5.911e+23 2.328e+27 1.865e-29 3.937e-18 4.948e-17
8.913e+01 4.048e+23 2.007e+27 1.608e-29 3.394e-18 4.266e-17
1.000e+02 2.734e+23 1.706e+27 1.367e-29 2.886e-18 3.627e-17
1.122e+02 1.818e+23 1.429e+27 1.145e-29 2.416e-18 3.037e-17
1.259e+02 1.189e+23 1.176e+27 9.424e-30 1.989e-18 2.500e-17
1.413e+02 7.629e+22 9.500e+26 7.613e-30 1.607e-18 2.019e-17
1.585e+02 4.794e+22 7.516e+26 6.023e-30 1.271e-18 1.598e-17
1.778e+02 2.943e+22 5.809e+26 4.655e-30 9.827e-19 1.235e-17
1.995e+02 1.761e+22 4.375e+26 3.506e-30 7.400e-19 9.299e-18
2.239e+02 1.023e+22 3.199e+26 2.564e-30 5.411e-19 6.800e-18
2.512e+02 5.746e+21 2.263e+26 1.813e-30 3.828e-19 4.810e-18
2.818e+02 3.108e+21 1.541e+26 1.235e-30 2.606e-19 3.275e-18
3.162e+02 1.607e+21 1.003e+26 8.037e-31 1.697e-19 2.132e-18
3.548e+02 7.859e+20 6.175e+25 4.949e-31 1.045e-19 1.313e-18
3.981e+02 3.565e+20 3.526e+25 2.826e-31 5.965e-20 7.496e-19
4.467e+02 1.432e+20 1.783e+25 1.429e-31 3.016e-20 3.790e-19
5.012e+02 4.345e+19 6.812e+24 5.459e-32 1.152e-20 1.448e-19
5.623e+02 0.000e+00 0.000e+00 0.000e+00 0.000e+00 0.000e+00
6.310e+02 0.000e+00 0.000e+00 0.000e+00 0.000e+00 0.000e+00
7.079e+02 0.000e+00 0.000e+00 0.000e+00 0.000e+00 0.000e+00
7.943e+02 0.000e+00 0.000e+00 0.000e+00 0.000e+00 0.000e+00
8.913e+02 0.000e+00 0.000e+00 0.000e+00 0.000e+00 0.000e+00
1.000e+03 0.000e+00 0.000e+00 0.000e+00 0.000e+00 0.000e+00
1.122e+03 0.000e+00 0.000e+00 0.000e+00 0.000e+00 0.000e+00
1.259e+03 0.000e+00 0.000e+00 0.000e+00 0.000e+00 0.000e+00
1.413e+03 0.000e+00 0.000e+00 0.000e+00 0.000e+00 0.000e+00
1.585e+03 0.000e+00 0.000e+00 0.000e+00 0.000e+00 0.000e+00
1.778e+03 0.000e+00 0.000e+00 0.000e+00 0.000e+00 0.000e+00
1.995e+03 0.000e+00 0.000e+00 0.000e+00 0.000e+00 0.000e+00
2.239e+03 0.000e+00 0.000e+00 0.000e+00 0.000e+00 0.000e+00
2.512e+03 0.000e+00 0.000e+00 0.000e+00 0.000e+00 0.000e+00
2.818e+03 0.000e+00 0.000e+00 0.000e+00 0.000e+00 0.000e+00
3.162e+03 0.000e+00 0.000e+00 0.000e+00 0.000e+00 0.000e+00
3.548e+03 0.000e+00 0.000e+00 0.000e+00 0.000e+00 0.000e+00
3.981e+03 0.000e+00 0.000e+00 0.000e+00 0.000e+00 0.000e+00
4.467e+03 0.000e+00 0.000e+00 0.000e+00 0.000e+00 0.000e+00
5.012e+03 0.000e+00 0.000e+00 0.000e+00 0.000e+00 0.000e+00
5.623e+03 0.000e+00 0.000e+00 0.000e+00 0.000e+00 0.000e+00
6.310e+03 0.000e+00 0.000e+00 0.000e+00 0.000e+00 0.000e+00
7.079e+03 0.000e+00 0.000e+00 0.000e+00 0.000e+00 0.000e+00
7.943e+03 0.000e+00 0.000e+00 0.000e+00 0.000e+00 0.000e+00
8.913e+03 0.000e+00 0.000e+00 0.000e+00 0.000e+00 0.000e+00
1.000e+04 0.000e+00 0.000e+00 0.000e+00 0.000e+00 0.000e+00
1.122e+04 0.000e+00 0.000e+00 0.000e+00 0.000e+00 0.000e+00
1.259e+04 0.000e+00 0.000e+00 0.000e+00 0.000e+00 0.000e+00
1.413e+04 0.000e+00 0.000e+00 0.000e+00 0.000e+00 0.000e+00
1.585e+04 0.000e+00 0.000e+00 0.000e+00 0.000e+00 0.000e+00
1.778e+04 0.000e+00 0.000e+00 0.000e+00 0.000e+00 0.000e+00
1.995e+04 0.000e+00 0.000e+00 0.000e+00 0.000e+00 0.000e+00
2.239e+04 0.000e+00 0.000e+00 0.000e+00 0.000e+00 0.000e+00
2.512e+04 0.000e+00 0.000e+00 0.000e+00 0.000e+00 0.000e+00
2.818e+04 0.000e+00 0.000e+00 0.000e+00 0.000e+00 0.000e+00
3.162e+04 0.000e+00 0.000e+00 0.000e+00 0.000e+00 0.000e+00
3.548e+04 0.000e+00 0.000e+00 0.000e+00 0.000e+00 0.000e+00
3.981e+04 0.000e+00 0.000e+00 0.000e+00 0.000e+00 0.000e+00
4.467e+04 0.000e+00 0.000e+00 0.000e+00 0.000e+00 0.000e+00
5.012e+04 0.000e+00 0.000e+00 0.000e+00 0.000e+00 0.000e+00
5.623e+04 0.000e+00 0.000e+00 0.000e+00 0.000e+00 0.000e+00
6.310e+04 0.000e+00 0.000e+00 0.000e+00 0.000e+00 0.000e+00
7.079e+04 0.000e+00 0.000e+00 0.000e+00 0.000e+00 0.000e+00
7.943e+04 0.000e+00 0.000e+00 0.000e+00 0.000e+00 0.000e+00
8.913e+04 0.000e+00 0.000e+00 0.000e+00 0.000e+00 0.000e+00
1.000e+05 0.000e+00 0.000e+00 0.000e+00 0.000e+00 0.000e+00
1.122e+05 0.000e+00 0.000e+00 0.000e+00 0.000e+00 0.000e+00
1.259e+05 0.000e+00 0.000e+00 0.000e+00 0.000e+00 0.000e+00
1.413e+05 0.000e+00 0.000e+00 0.000e+00 0.000e+00 0.000e+00
1.585e+05 0.000e+00 0.000e+00 0.000e+00 0.000e+00 0.000e+00
1.778e+05 0.000e+00 0.000e+00 0.000e+00 0.000e+00 0.000e+00
1.995e+05 0.000e+00 0.000e+00 0.000e+00 0.000e+00 0.000e+00
2.239e+05 0.000e+00 0.000e+00 0.000e+00 0.000e+00 0.000e+00
2.512e+05 0.000e+00 0.000e+00 0.000e+00 0.000e+00 0.000e+00
2.818e+05 0.000e+00 0.000e+00 0.000e+00 0.000e+00 0.000e+00
3.162e+05 0.000e+00 0.000e+00 0.000e+00 0.000e+00 0.000e+00
3.548e+05 0.000e+00 0.000e+00 0.000e+00 0.000e+00 0.000e+00
3.981e+05 0.000e+00 0.000e+00 0.000e+00 0.000e+00 0.000e+00
4.467e+05 0.000e+00 0.000e+00 0.000e+00 0.000e+00 0.000e+00
5.012e+05 0.000e+00 0.000e+00 0.000e+00 0.000e+00 0.000e+00
5.623e+05 0.000e+00 0.000e+00 0.000e+00 0.000e+00 0.000e+00
6.310e+05 0.000e+00 0.000e+00 0.000e+00 0.000e+00 0.000e+00
7.079e+05 0.000e+00 0.000e+00 0.000e+00 0.000e+00 0.000e+00
7.943e+05 0.000e+00 0.000e+00 0.000e+00 0.000e+00 0.000e+00
8.913e+05 0.000e+00 0.000e+00 0.000e+00 0.000e+00 0.000e+00
1.000e+06 0.000e+00 0.000e+00 0.000e+00 0.000e+00 0.000e+00
1.122e+06 0.000e+00 0.000e+00 0.000e+00 0.000e+00 0.000e+00
1.259e+06 0.000e+00 0.000e+00 0.000e+00 0.000e+00 0.000e+00
1.413e+06 0.000e+00 0.000e+00 0.000e+00 0.000e+00 0.000e+00
1.585e+06 0.000e+00 0.000e+00 0.000e+00 0.000e+00 0.000e+00
1.778e+06 0.000e+00 0.000e+00 0.000e+00 0.000e+00 0.000e+00
1.995e+06 0.000e+00 0.000e+00 0.000e+00 0.000e+00 0.000e+00
2.239e+06 0.000e+00 0.000e+00 0.000e+00 0.000e+00 0.000e+00
2.512e+06 0.000e+00 0.000e+00 0.000e+00 0.000e+00 0.000e+00
2.818e+06 0.000e+00 0.000e+00 0.000e+00 0.000e+00 0.000e+00
3.162e+06 0.000e+00 0.000e+00 0.000e+00 0.000e+00 0.000e+00
3.548e+06 0.000e+00 0.000e+00 0.000e+00 0.000e+00 0.000e+00
3.981e+06 0.000e+00 0.000e+00 0.000e+00 0.000e+00 0.000e+00
4.467e+06 0.000e+00 0.000e+00 0.000e+00 0.000e+00 0.000e+00
5.012e+06 0.000e+00 0.000e+00 0.000e+00 0.000e+00 0.000e+00
5.623e+06 0.000e+00 0.000e+00 0.000e+00 0.000e+00 0.000e+00
6.310e+06 0.000e+00 0.000e+00 0.000e+00 0.000e+00 0.000e+00
7.079e+06 0.000e+00 0.000e+00 0.000e+00 0.000e+00 0.000e+00
7.943e+06 0.000e+00 0.000e+00 0.000e+00 0.000e+00 0.000e+00
8.913e+06 0.000e+00 0.000e+00 0.000e+00 0.000e+00 0.000e+00
1.000e+07 0.000e+00 0.000e+00 0.000e+00 0.000e+00 0.000e+00
1.122e+07 0.000e+00 0.000e+00 0.000e+00 0.000e+00 0.000e+00
1.259e+07 0.000e+00 0.000e+00 0.000e+00 0.000e+00 0.000e+00
1.413e+07 0.000e+00 0.000e+00 0.000e+00 0.000e+00 0.000e+00
1.585e+07 0.000e+00 0.000e+00 0.000e+00 0.000e+00 0.000e+00
1.778e+07 0.000e+00 0.000e+00 0.000e+00 0.000e+00 0.000e+00
1.995e+07 0.000e+00 0.000e+00 0.000e+00 0.000e+00 0.000e+00
2.239e+07 0.000e+00 0.000e+00 0.000e+00 0.000e+00 0.000e+00
2.512e+07 0.000e+00 0.000e+00 0.000e+00 0.000e+00 0.000e+00
2.818e+07 0.000e+00 0.000e+00 0.000e+00 0.000e+00 0.000e+00
3.162e+07 0.000e+00 0.000e+00 0.000e+00 0.000e+00 0.000e+00
3.548e+07 0.000e+00 0.000e+00 0.000e+00 0.000e+00 0.000e+00
3.981e+07 0.000e+00 0.000e+00 0.000e+00 0.000e+00 0.000e+00
4.467e+07 0.000e+00 0.000e+00 0.000e+00 0.000e+00 0.000e+00
5.012e+07 0.000e+00 0.000e+00 0.000e+00 0.000e+00 0.000e+00
5.623e+07 0.000e+00 0.000e+00 0.000e+00 0.000e+00 0.000e+00
6.310e+07 0.000e+00 0.000e+00 0.000e+00 0.000e+00 0.000e+00
7.079e+07 0.000e+00 0.000e+00 0.000e+00 0.000e+00 0.000e+00
7.943e+07 0.000e+00 0.000e+00 0.000e+00 0.000e+00 0.000e+00
8.913e+07 0.000e+00 0.000e+00 0.000e+00 0.000e+00 0.000e+00
1.000e+08 0.000e+00 0.000e+00 0.000e+00 0.000e+00 0.000e+00
