1.000e-20 0.000e+00 0.000e+00 0.000e+00 0.000e+00 0.000e+00
1.122e-20 0.000e+00 0.000e+00 0.000e+00 0.000e+00 0.000e+00
1.259e-20 0.000e+00 0.000e+00 0.000e+00 0.000e+00 0.000e+00
1.413e-20 0.000e+00 0.000e+00 0.000e+00 0.000e+00 0.000e+00
1.585e-20 0.000e+00 0.000e+00 0.000e+00 0.000e+00 0.000e+00
1.778e-20 0.000e+00 0.000e+00 0.000e+00 0.000e+00 0.000e+00
1.995e-20 0.000e+00 0.000e+00 0.000e+00 0.000e+00 0.000e+00
2.239e-20 0.000e+00 0.000e+00 0.000e+00 0.000e+00 0.000e+00
2.512e-20 0.000e+00 0.000e+00 0.000e+00 0.000e+00 0.000e+00
2.818e-20 0.000e+00 0.000e+00 0.000e+00 0.000e+00 0.000e+00
3.162e-20 0.000e+00 0.000e+00 0.000e+00 0.000e+00 0.000e+00
3.548e-20 0.000e+00 0.000e+00 0.000e+00 0.000e+00 0.000e+00
3.981e-20 0.000e+00 0.000e+00 0.000e+00 0.000e+00 0.000e+00
4.467e-20 0.000e+00 0.000e+00 0.000e+00 0.000e+00 0.000e+00
5.012e-20 0.000e+00 0.000e+00 0.000e+00 0.000e+00 0.000e+00
5.623e-20 0.000e+00 0.000e+00 0.000e+00 0.000e+00 0.000e+00
6.310e-20 0.000e+00 0.000e+00 0.000e+00 0.000e+00 0.000e+00
7.079e-20 0.000e+00 0.000e+00 0.000e+00 0.000e+00 0.000e+00
7.943e-20 0.000e+00 0.000e+00 0.000e+00 0.000e+00 0.000e+00
8.913e-20 0.000e+00 0.000e+00 0.000e+00 0.000e+00 0.000e+00
1.000e-19 0.000e+00 0.000e+00 0.000e+00 0.000e+00 0.000e+00
1.122e-19 0.000e+00 0.000e+00 0.000e+00 0.000e+00 0.000e+00
1.259e-19 0.000e+00 0.000e+00 0.000e+00 0.000e+00 0.000e+00
1.413e-19 0.000e+00 0.000e+00 0.000e+00 0.000e+00 0.000e+00
1.585e-19 0.000e+00 0.000e+00 0.000e+00 0.000e+00 0.000e+00
1.778e-19 0.000e+00 0.000e+00 0.000e+00 0.000e+00 0.000e+00
1.995e-19 0.000e+00 0.000e+00 0.000e+00 0.000e+00 0.000e+00
2.239e-19 0.000e+00 0.000e+00 0.000e+00 0.000e+00 0.000e+00
2.512e-19 0.000e+00 0.000e+00 0.000e+00 0.000e+00 0.000e+00
2.818e-19 0.000e+00 0.000e+00 0.000e+00 0.000e+00 0.000e+00
3.162e-19 0.000e+00 0.000e+00 0.000e+00 0.000e+00 0.000e+00
3.548e-19 0.000e+00 0.000e+00 0.000e+00 0.000e+00 0.000e+00
3.981e-19 0.000e+00 0.000e+00 0.000e+00 0.000e+00 0.000e+00
4.467e-19 0.000e+00 0.000e+00 0.000e+00 0.000e+00 0.000e+00
5.012e-19 0.000e+00 0.000e+00 0.000e+00 0.000e+00 0.000e+00
5.623e-19 0.000e+00 0.000e+00 0.000e+00 0.000e+00 0.000e+00
6.310e-19 0.000e+00 0.000e+00 0.000e+00 0.000e+00 0.000e+00
7.079e-19 0.000e+00 0.000e+00 0.000e+00 0.000e+00 0.000e+00
7.943e-19 0.000e+00 0.000e+00 0.000e+00 0.000e+00 0.000e+00
8.913e-19 0.000e+00 0.000e+00 0.000e+00 0.000e+00 0.000e+00
1.000e-18 0.000e+00 0.000e+00 0.000e+00 0.000e+00 0.000e+00
1.122e-18 0.000e+00 0.000e+00 0.000e+00 0.000e+00 0.000e+00
1.259e-18 0.000e+00 0.000e+00 0.000e+00 0.000e+00 0.000e+00
1.413e-18 0.000e+00 0.000e+00 0.000e+00 0.000e+00 0.000e+00
1.585e-18 0.000e+00 0.000e+00 0.000e+00 0.000e+00 0.000e+00
1.778e-18 0.000e+00 0.000e+00 0.000e+00 0.000e+00 0.000e+00
1.995e-18 0.000e+00 0.000e+00 0.000e+00 0.000e+00 0.000e+00
2.239e-18 0.000e+00 0.000e+00 0.000e+00 0.000e+00 0.000e+00
2.512e-18 0.000e+00 0.000e+00 0.000e+00 0.000e+00 0.000e+00
2.818e-18 0.000e+00 0.000e+00 0.000e+00 0.000e+00 0.000e+00
3.162e-18 0.000e+00 0.000e+00 0.000e+00 0.000e+00 0.000e+00
3.548e-18 0.000e+00 0.000e+00 0.000e+00 0.000e+00 0.000e+00
3.981e-18 0.000e+00 0.000e+00 0.000e+00 0.000e+00 0.000e+00
4.467e-18 0.000e+00 0.000e+00 0.000e+00 0.000e+00 0.000e+00
5.012e-18 0.000e+00 0.000e+00 0.000e+00 0.000e+00 0.000e+00
5.623e-18 0.000e+00 0.000e+00 0.000e+00 0.000e+00 0.000e+00
6.310e-18 0.000e+00 0.000e+00 0.000e+00 0.000e+00 0.000e+00
7.079e-18 0.000e+00 0.000e+00 0.000e+00 0.000e+00 0.000e+00
7.943e-18 0.000e+00 0.000e+00 0.000e+00 0.000e+00 0.000e+00
8.913e-18 0.000e+00 0.000e+00 0.000e+00 0.000e+00 0.000e+00
1.000e-17 0.000e+00 0.000e+00 0.000e+00 0.000e+00 0.000e+00
1.122e-17 0.000e+00 0.000e+00 0.000e+00 0.000e+00 0.000e+00
1.259e-17 0.000e+00 0.000e+00 0.000e+00 0.000e+00 0.000e+00
1.413e-17 0.000e+00 0.000e+00 0.000e+00 0.000e+00 0.000e+00
1.585e-17 0.000e+00 0.000e+00 0.000e+00 0.000e+00 0.000e+00
1.778e-17 0.000e+00 0.000e+00 0.000e+00 0.000e+00 0.000e+00
1.995e-17 0.000e+00 0.000e+00 0.000e+00 0.000e+00 0.000e+00
2.239e-17 0.000e+00 0.000e+00 0.000e+00 0.000e+00 0.000e+00
2.512e-17 0.000e+00 0.000e+00 0.000e+00 0.000e+00 0.000e+00
2.818e-17 0.000e+00 0.000e+00 0.000e+00 0.000e+00 0.000e+00
3.162e-17 0.000e+00 0.000e+00 0.000e+00 0.000e+00 0.000e+00
3.548e-17 0.000e+00 0.000e+00 0.000e+00 0.000e+00 0.000e+00
3.981e-17 0.000e+00 0.000e+00 0.000e+00 0.000e+00 0.000e+00
4.467e-17 0.000e+00 0.000e+00 0.000e+00 0.000e+00 0.000e+00
5.012e-17 0.000e+00 0.000e+00 0.000e+00 0.000e+00 0.000e+00
5.623e-17 0.000e+00 0.000e+00 0.000e+00 0.000e+00 0.000e+00
6.310e-17 0.000e+00 0.000e+00 0.000e+00 0.000e+00 0.000e+00
7.079e-17 0.000e+00 0.000e+00 0.000e+00 0.000e+00 0.000e+00
7.943e-17 0.000e+00 0.000e+00 0.000e+00 0.000e+00 0.000e+00
8.913e-17 0.000e+00 0.000e+00 0.000e+00 0.000e+00 0.000e+00
1.000e-16 0.000e+00 0.000e+00 0.000e+00 0.000e+00 0.000e+00
1.122e-16 0.000e+00 0.000e+00 0.000e+00 0.000e+00 0.000e+00
1.259e-16 0.000e+00 0.000e+00 0.000e+00 0.000e+00 0.000e+00
1.413e-16 0.000e+00 0.000e+00 0.000e+00 0.000e+00 0.000e+00
1.585e-16 0.000e+00 0.000e+00 0.000e+00 0.000e+00 0.000e+00
1.778e-16 0.000e+00 0.000e+00 0.000e+00 0.000e+00 0.000e+00
1.995e-16 0.000e+00 0.000e+00 0.000e+00 0.000e+00 0.000e+00
2.239e-16 0.000e+00 0.000e+00 0.000e+00 0.000e+00 0.000e+00
2.512e-16 0.000e+00 0.000e+00 0.000e+00 0.000e+00 0.000e+00
2.818e-16 0.000e+00 0.000e+00 0.000e+00 0.000e+00 0.000e+00
3.162e-16 0.000e+00 0.000e+00 0.000e+00 0.000e+00 0.000e+00
3.548e-16 0.000e+00 0.000e+00 0.000e+00 0.000e+00 0.000e+00
3.981e-16 0.000e+00 0.000e+00 0.000e+00 0.000e+00 0.000e+00
4.467e-16 0.000e+00 0.000e+00 0.000e+00 0.000e+00 0.000e+00
5.012e-16 0.000e+00 0.000e+00 0.000e+00 0.000e+00 0.000e+00
5.623e-16 0.000e+00 0.000e+00 0.000e+00 0.000e+00 0.000e+00
6.310e-16 0.000e+00 0.000e+00 0.000e+00 0.000e+00 0.000e+00
7.079e-16 0.000e+00 0.000e+00 0.000e+00 0.000e+00 0.000e+00
7.943e-16 0.000e+00 0.000e+00 0.000e+00 0.000e+00 0.000e+00
8.913e-16 0.000e+00 0.000e+00 0.000e+00 0.000e+00 0.000e+00
1.000e-15 0.000e+00 0.000e+00 0.000e+00 0.000e+00 0.000e+00
1.122e-15 0.000e+00 0.000e+00 0.000e+00 0.000e+00 0.000e+00
1.259e-15 0.000e+00 0.000e+00 0.000e+00 0.000e+00 0.000e+00
1.413e-15 0.000e+00 0.000e+00 0.000e+00 0.000e+00 0.000e+00
1.585e-15 0.000e+00 0.000e+00 0.000e+00 0.000e+00 0.000e+00
1.778e-15 0.000e+00 0.000e+00 0.000e+00 0.000e+00 0.000e+00
1.995e-15 0.000e+00 0.000e+00 0.000e+00 0.000e+00 0.000e+00
2.239e-15 0.000e+00 0.000e+00 0.000e+00 0.000e+00 0.000e+00
2.512e-15 0.000e+00 0.000e+00 0.000e+00 0.000e+00 0.000e+00
2.818e-15 0.000e+00 0.000e+00 0.000e+00 0.000e+00 0.000e+00
3.162e-15 0.000e+00 0.000e+00 0.000e+00 0.000e+00 0.000e+00
3.548e-15 0.000e+00 0.000e+00 0.000e+00 0.000e+00 0.000e+00
3.981e-15 0.000e+00 0.000e+00 0.000e+00 0.000e+00 0.000e+00
4.467e-15 0.000e+00 0.000e+00 0.000e+00 0.000e+00 0.000e+00
5.012e-15 0.000e+00 0.000e+00 0.000e+00 0.000e+00 0.000e+00
5.623e-15 0.000e+00 0.000e+00 0.000e+00 0.000e+00 0.000e+00
6.310e-15 0.000e+00 0.000e+00 0.000e+00 0.000e+00 0.000e+00
7.079e-15 0.000e+00 0.000e+00 0.000e+00 0.000e+00 0.000e+00
7.943e-15 0.000e+00 0.000e+00 0.000e+00 0.000e+00 0.000e+00
8.913e-15 0.000e+00 0.000e+00 0.000e+00 0.000e+00 0.000e+00
1.000e-14 0.000e+00 0.000e+00 0.000e+00 0.000e+00 0.000e+00
1.122e-14 0.000e+00 0.000e+00 0.000e+00 0.000e+00 0.000e+00
1.259e-14 0.000e+00 0.000e+00 0.000e+00 0.000e+00 0.000e+00
1.413e-14 0.000e+00 0.000e+00 0.000e+00 0.000e+00 0.000e+00
1.585e-14 0.000e+00 0.000e+00 0.000e+00 0.000e+00 0.000e+00
1.778e-14 0.000e+00 0.000e+00 0.000e+00 0.000e+00 0.000e+00
1.995e-14 0.000e+00 0.000e+00 0.000e+00 0.000e+00 0.000e+00
2.239e-14 0.000e+00 0.000e+00 0.000e+00 0.000e+00 0.000e+00
2.512e-14 0.000e+00 0.000e+00 0.000e+00 0.000e+00 0.000e+00
2.818e-14 0.000e+00 0.000e+00 0.000e+00 0.000e+00 0.000e+00
3.162e-14 0.000e+00 0.000e+00 0.000e+00 0.000e+00 0.000e+00
3.548e-14 0.000e+00 0.000e+00 0.000e+00 0.000e+00 0.000e+00
3.981e-14 0.000e+00 0.000e+00 0.000e+00 0.000e+00 0.000e+00
4.467e-14 0.000e+00 0.000e+00 0.000e+00 0.000e+00 0.000e+00
5.012e-14 0.000e+00 0.000e+00 0.000e+00 0.000e+00 0.000e+00
5.623e-14 0.000e+00 0.000e+00 0.000e+00 0.000e+00 0.000e+00
6.310e-14 0.000e+00 0.000e+00 0.000e+00 0.000e+00 0.000e+00
7.079e-14 0.000e+00 0.000e+00 0.000e+00 0.000e+00 0.000e+00
7.943e-14 0.000e+00 0.000e+00 0.000e+00 0.000e+00 0.000e+00
8.913e-14 0.000e+00 0.000e+00 0.000e+00 0.000e+00 0.000e+00
1.000e-13 0.000e+00 0.000e+00 0.000e+00 0.000e+00 0.000e+00
1.122e-13 0.000e+00 0.000e+00 0.000e+00 0.000e+00 0.000e+00
1.259e-13 0.000e+00 0.000e+00 0.000e+00 0.000e+00 0.000e+00
1.413e-13 0.000e+00 0.000e+00 0.000e+00 0.000e+00 0.000e+00
1.585e-13 0.000e+00 0.000e+00 0.000e+00 0.000e+00 0.000e+00
1.778e-13 0.000e+00 0.000e+00 0.000e+00 0.000e+00 0.000e+00
1.995e-13 0.000e+00 0.000e+00 0.000e+00 0.000e+00 0.000e+00
2.239e-13 0.000e+00 0.000e+00 0.000e+00 0.000e+00 0.000e+00
2.512e-13 0.000e+00 0.000e+00 0.000e+00 0.000e+00 0.000e+00
2.818e-13 0.000e+00 0.000e+00 0.000e+00 0.000e+00 0.000e+00
3.162e-13 0.000e+00 0.000e+00 0.000e+00 0.000e+00 0.000e+00
3.548e-13 0.000e+00 0.000e+00 0.000e+00 0.000e+00 0.000e+00
3.981e-13 0.000e+00 0.000e+00 0.000e+00 0.000e+00 0.000e+00
4.467e-13 0.000e+00 0.000e+00 0.000e+00 0.000e+00 0.000e+00
5.012e-13 0.000e+00 0.000e+00 0.000e+00 0.000e+00 0.000e+00
5.623e-13 0.000e+00 0.000e+00 0.000e+00 0.000e+00 0.000e+00
6.310e-13 0.000e+00 0.000e+00 0.000e+00 0.000e+00 0.000e+00
7.079e-13 0.000e+00 0.000e+00 0.000e+00 0.000e+00 0.000e+00
7.943e-13 0.000e+00 0.000e+00 0.000e+00 0.000e+00 0.000e+00
8.913e-13 0.000e+00 0.000e+00 0.000e+00 0.000e+00 0.000e+00
1.000e-12 0.000e+00 0.000e+00 0.000e+00 0.000e+00 0.000e+00
1.122e-12 3.028e+50 2.379e+26 1.906e-30 8.049e-19 5.057e-18
1.259e-12 2.548e+50 2.520e+26 2.019e-30 8.525e-19 5.357e-18
1.413e-12 2.143e+50 2.669e+26 2.139e-30 9.031e-19 5.674e-18
1.585e-12 1.804e+50 2.828e+26 2.266e-30 9.566e-19 6.010e-18
1.778e-12 1.517e+50 2.995e+26 2.400e-30 1.013e-18 6.366e-18
1.995e-12 1.277e+50 3.173e+26 2.542e-30 1.073e-18 6.744e-18
2.239e-12 1.074e+50 3.361e+26 2.693e-30 1.137e-18 7.143e-18
2.512e-12 9.039e+49 3.560e+26 2.853e-30 1.204e-18 7.567e-18
2.818e-12 7.605e+49 3.771e+26 3.022e-30 1.276e-18 8.015e-18
3.162e-12 6.399e+49 3.994e+26 3.201e-30 1.351e-18 8.490e-18
3.548e-12 5.384e+49 4.231e+26 3.390e-30 1.431e-18 8.993e-18
3.981e-12 4.530e+49 4.481e+26 3.591e-30 1.516e-18 9.526e-18
4.467e-12 3.812e+49 4.747e+26 3.804e-30 1.606e-18 1.009e-17
5.012e-12 3.207e+49 5.028e+26 4.029e-30 1.701e-18 1.069e-17
5.623e-12 2.698e+49 5.326e+26 4.268e-30 1.802e-18 1.132e-17
6.310e-12 2.270e+49 5.642e+26 4.521e-30 1.909e-18 1.199e-17
7.079e-12 1.910e+49 5.976e+26 4.789e-30 2.022e-18 1.270e-17
7.943e-12 1.607e+49 6.330e+26 5.073e-30 2.141e-18 1.346e-17
8.913e-12 1.352e+49 6.705e+26 5.373e-30 2.268e-18 1.425e-17
1.000e-11 1.138e+49 7.102e+26 5.692e-30 2.403e-18 1.510e-17
1.122e-11 9.575e+48 7.523e+26 6.029e-30 2.545e-18 1.599e-17
1.259e-11 8.056e+48 7.969e+26 6.386e-30 2.696e-18 1.694e-17
1.413e-11 6.778e+48 8.441e+26 6.764e-30 2.856e-18 1.794e-17
1.585e-11 5.703e+48 8.941e+26 7.165e-30 3.025e-18 1.901e-17
1.778e-11 4.799e+48 9.471e+26 7.590e-30 3.204e-18 2.013e-17
1.995e-11 4.038e+48 1.003e+27 8.040e-30 3.394e-18 2.133e-17
2.239e-11 3.397e+48 1.063e+27 8.516e-30 3.595e-18 2.259e-17
2.512e-11 2.858e+48 1.126e+27 9.021e-30 3.808e-18 2.393e-17
2.818e-11 2.405e+48 1.192e+27 9.555e-30 4.034e-18 2.535e-17
3.162e-11 2.024e+48 1.263e+27 1.012e-29 4.273e-18 2.685e-17
3.548e-11 1.703e+48 1.338e+27 1.072e-29 4.526e-18 2.844e-17
3.981e-11 1.433e+48 1.417e+27 1.136e-29 4.794e-18 3.012e-17
4.467e-11 1.205e+48 1.501e+27 1.203e-29 5.078e-18 3.191e-17
5.012e-11 1.014e+48 1.590e+27 1.274e-29 5.379e-18 3.380e-17
5.623e-11 8.533e+47 1.684e+27 1.350e-29 5.698e-18 3.580e-17
6.310e-11 7.180e+47 1.784e+27 1.430e-29 6.036e-18 3.792e-17
7.079e-11 6.041e+47 1.890e+27 1.514e-29 6.393e-18 4.017e-17
7.943e-11 5.083e+47 2.002e+27 1.604e-29 6.772e-18 4.255e-17
8.913e-11 4.277e+47 2.120e+27 1.699e-29 7.173e-18 4.507e-17
1.000e-10 3.598e+47 2.246e+27 1.800e-29 7.598e-18 4.774e-17
1.122e-10 3.028e+47 2.379e+27 1.906e-29 8.048e-18 5.057e-17
1.259e-10 2.548e+47 2.520e+27 2.019e-29 8.525e-18 5.357e-17
1.413e-10 2.143e+47 2.669e+27 2.139e-29 9.031e-18 5.674e-17
1.585e-10 1.803e+47 2.828e+27 2.266e-29 9.566e-18 6.010e-17
1.778e-10 1.517e+47 2.995e+27 2.400e-29 1.013e-17 6.366e-17
1.995e-10 1.277e+47 3.173e+27 2.542e-29 1.073e-17 6.744e-17
2.239e-10 1.074e+47 3.360e+27 2.693e-29 1.137e-17 7.143e-17
2.512e-10 9.039e+46 3.560e+27 2.853e-29 1.204e-17 7.566e-17
2.818e-10 7.605e+46 3.771e+27 3.022e-29 1.276e-17 8.015e-17
3.162e-10 6.399e+46 3.994e+27 3.201e-29 1.351e-17 8.490e-17
3.548e-10 5.384e+46 4.231e+27 3.390e-29 1.431e-17 8.993e-17
3.981e-10 4.530e+46 4.481e+27 3.591e-29 1.516e-17 9.526e-17
4.467e-10 3.812e+46 4.747e+27 3.804e-29 1.606e-17 1.009e-16
5.012e-10 3.207e+46 5.028e+27 4.029e-29 1.701e-17 1.069e-16
5.623e-10 2.698e+46 5.326e+27 4.268e-29 1.802e-17 1.132e-16
6.310e-10 2.270e+46 5.642e+27 4.521e-29 1.909e-17 1.199e-16
7.079e-10 1.910e+46 5.976e+27 4.789e-29 2.022e-17 1.270e-16
7.943e-10 1.607e+46 6.330e+27 5.073e-29 2.141e-17 1.346e-16
8.913e-10 1.352e+46 6.705e+27 5.373e-29 2.268e-17 1.425e-16
1.000e-09 1.138e+46 7.102e+27 5.691e-29 2.403e-17 1.510e-16
1.122e-09 9.574e+45 7.523e+27 6.029e-29 2.545e-17 1.599e-16
1.259e-09 8.056e+45 7.969e+27 6.386e-29 2.696e-17 1.694e-16
1.413e-09 6.778e+45 8.441e+27 6.764e-29 2.856e-17 1.794e-16
1.585e-09 5.703e+45 8.941e+27 7.165e-29 3.025e-17 1.901e-16
1.778e-09 4.798e+45 9.471e+27 7.590e-29 3.204e-17 2.013e-16
1.995e-09 4.037e+45 1.003e+28 8.039e-29 3.394e-17 2.132e-16
2.239e-09 3.397e+45 1.063e+28 8.516e-29 3.595e-17 2.259e-16
2.512e-09 2.858e+45 1.126e+28 9.020e-29 3.808e-17 2.393e-16
2.818e-09 2.405e+45 1.192e+28 9.555e-29 4.034e-17 2.534e-16
3.162e-09 2.023e+45 1.263e+28 1.012e-28 4.273e-17 2.685e-16
3.548e-09 1.703e+45 1.338e+28 1.072e-28 4.526e-17 2.844e-16
3.981e-09 1.432e+45 1.417e+28 1.136e-28 4.794e-17 3.012e-16
4.467e-09 1.205e+45 1.501e+28 1.203e-28 5.078e-17 3.191e-16
5.012e-09 1.014e+45 1.590e+28 1.274e-28 5.379e-17 3.380e-16
5.623e-09 8.533e+44 1.684e+28 1.350e-28 5.697e-17 3.580e-16
6.310e-09 7.179e+44 1.784e+28 1.430e-28 6.035e-17 3.792e-16
7.079e-09 6.041e+44 1.890e+28 1.514e-28 6.393e-17 4.017e-16
7.943e-09 5.083e+44 2.002e+28 1.604e-28 6.771e-17 4.255e-16
8.913e-09 4.276e+44 2.120e+28 1.699e-28 7.173e-17 4.507e-16
1.000e-08 3.598e+44 2.246e+28 1.800e-28 7.598e-17 4.774e-16
1.122e-08 3.027e+44 2.379e+28 1.906e-28 8.048e-17 5.056e-16
1.259e-08 2.547e+44 2.520e+28 2.019e-28 8.524e-17 5.356e-16
1.413e-08 2.143e+44 2.669e+28 2.139e-28 9.029e-17 5.673e-16
1.585e-08 1.803e+44 2.827e+28 2.266e-28 9.564e-17 6.010e-16
1.778e-08 1.517e+44 2.995e+28 2.400e-28 1.013e-16 6.366e-16
1.995e-08 1.277e+44 3.172e+28 2.542e-28 1.073e-16 6.743e-16
2.239e-08 1.074e+44 3.360e+28 2.693e-28 1.137e-16 7.142e-16
2.512e-08 9.037e+43 3.559e+28 2.852e-28 1.204e-16 7.565e-16
2.818e-08 7.604e+43 3.770e+28 3.021e-28 1.275e-16 8.013e-16
3.162e-08 6.398e+43 3.993e+28 3.200e-28 1.351e-16 8.488e-16
3.548e-08 5.383e+43 4.230e+28 3.390e-28 1.431e-16 8.991e-16
3.981e-08 4.529e+43 4.480e+28 3.590e-28 1.516e-16 9.524e-16
4.467e-08 3.811e+43 4.746e+28 3.803e-28 1.606e-16 1.009e-15
5.012e-08 3.206e+43 5.027e+28 4.028e-28 1.701e-16 1.069e-15
5.623e-08 2.698e+43 5.325e+28 4.267e-28 1.801e-16 1.132e-15
6.310e-08 2.270e+43 5.640e+28 4.520e-28 1.908e-16 1.199e-15
7.079e-08 1.910e+43 5.974e+28 4.788e-28 2.021e-16 1.270e-15
7.943e-08 1.607e+43 6.328e+28 5.071e-28 2.141e-16 1.345e-15
8.913e-08 1.352e+43 6.703e+28 5.372e-28 2.268e-16 1.425e-15
1.000e-07 1.138e+43 7.100e+28 5.690e-28 2.402e-16 1.509e-15
1.122e-07 9.571e+42 7.521e+28 6.027e-28 2.544e-16 1.599e-15
1.259e-07 8.053e+42 7.966e+28 6.384e-28 2.695e-16 1.693e-15
1.413e-07 6.776e+42 8.438e+28 6.762e-28 2.855e-16 1.794e-15
1.585e-07 5.701e+42 8.938e+28 7.162e-28 3.024e-16 1.900e-15
1.778e-07 4.796e+42 9.467e+28 7.586e-28 3.203e-16 2.012e-15
1.995e-07 4.036e+42 1.003e+29 8.036e-28 3.392e-16 2.132e-15
2.239e-07 3.395e+42 1.062e+29 8.512e-28 3.593e-16 2.258e-15
2.512e-07 2.857e+42 1.125e+29 9.016e-28 3.806e-16 2.391e-15
2.818e-07 2.404e+42 1.192e+29 9.550e-28 4.032e-16 2.533e-15
3.162e-07 2.022e+42 1.262e+29 1.012e-27 4.270e-16 2.683e-15
3.548e-07 1.702e+42 1.337e+29 1.071e-27 4.523e-16 2.842e-15
3.981e-07 1.432e+42 1.416e+29 1.135e-27 4.791e-16 3.010e-15
4.467e-07 1.204e+42 1.500e+29 1.202e-27 5.075e-16 3.188e-15
5.012e-07 1.013e+42 1.589e+29 1.273e-27 5.375e-16 3.377e-15
5.623e-07 8.526e+41 1.683e+29 1.349e-27 5.693e-16 3.577e-15
6.310e-07 7.174e+41 1.783e+29 1.428e-27 6.030e-16 3.789e-15
7.079e-07 6.036e+41 1.888e+29 1.513e-27 6.387e-16 4.013e-15
7.943e-07 5.078e+41 2.000e+29 1.603e-27 6.765e-16 4.251e-15
8.913e-07 4.272e+41 2.118e+29 1.697e-27 7.166e-16 4.502e-15
1.000e-06 3.595e+41 2.244e+29 1.798e-27 7.590e-16 4.769e-15
1.122e-06 3.024e+41 2.376e+29 1.904e-27 8.039e-16 5.051e-15
1.259e-06 2.544e+41 2.517e+29 2.017e-27 8.515e-16 5.350e-15
1.413e-06 2.141e+41 2.666e+29 2.136e-27 9.019e-16 5.667e-15
1.585e-06 1.801e+41 2.824e+29 2.263e-27 9.553e-16 6.002e-15
1.778e-06 1.515e+41 2.991e+29 2.397e-27 1.012e-15 6.357e-15
1.995e-06 1.275e+41 3.168e+29 2.538e-27 1.072e-15 6.733e-15
2.239e-06 1.073e+41 3.355e+29 2.689e-27 1.135e-15 7.132e-15
2.512e-06 9.023e+40 3.554e+29 2.848e-27 1.202e-15 7.554e-15
2.818e-06 7.592e+40 3.764e+29 3.016e-27 1.273e-15 8.000e-15
3.162e-06 6.387e+40 3.986e+29 3.194e-27 1.349e-15 8.473e-15
3.548e-06 5.373e+40 4.222e+29 3.383e-27 1.428e-15 8.974e-15
3.981e-06 4.520e+40 4.472e+29 3.583e-27 1.513e-15 9.505e-15
4.467e-06 3.803e+40 4.736e+29 3.795e-27 1.602e-15 1.007e-14
5.012e-06 3.199e+40 5.016e+29 4.020e-27 1.697e-15 1.066e-14
5.623e-06 2.692e+40 5.312e+29 4.257e-27 1.797e-15 1.129e-14
6.310e-06 2.264e+40 5.626e+29 4.509e-27 1.903e-15 1.196e-14
7.079e-06 1.905e+40 5.959e+29 4.775e-27 2.016e-15 1.267e-14
7.943e-06 1.602e+40 6.311e+29 5.057e-27 2.135e-15 1.341e-14
8.913e-06 1.348e+40 6.683e+29 5.356e-27 2.261e-15 1.421e-14
1.000e-05 1.134e+40 7.078e+29 5.672e-27 2.395e-15 1.505e-14
1.122e-05 9.540e+39 7.496e+29 6.007e-27 2.536e-15 1.593e-14
1.259e-05 8.025e+39 7.938e+29 6.362e-27 2.686e-15 1.687e-14
1.413e-05 6.751e+39 8.407e+29 6.737e-27 2.844e-15 1.787e-14
1.585e-05 5.679e+39 8.903e+29 7.134e-27 3.012e-15 1.892e-14
1.778e-05 4.777e+39 9.428e+29 7.555e-27 3.190e-15 2.004e-14
1.995e-05 4.018e+39 9.984e+29 8.001e-27 3.378e-15 2.122e-14
2.239e-05 3.380e+39 1.057e+30 8.472e-27 3.577e-15 2.247e-14
2.512e-05 2.843e+39 1.120e+30 8.972e-27 3.788e-15 2.380e-14
2.818e-05 2.391e+39 1.186e+30 9.500e-27 4.011e-15 2.520e-14
3.162e-05 2.011e+39 1.255e+30 1.006e-26 4.247e-15 2.668e-14
3.548e-05 1.692e+39 1.329e+30 1.065e-26 4.497e-15 2.825e-14
3.981e-05 1.423e+39 1.407e+30 1.128e-26 4.761e-15 2.992e-14
4.467e-05 1.197e+39 1.490e+30 1.194e-26 5.042e-15 3.168e-14
5.012e-05 1.006e+39 1.578e+30 1.264e-26 5.338e-15 3.354e-14
5.623e-05 8.464e+38 1.671e+30 1.339e-26 5.652e-15 3.551e-14
6.310e-05 7.118e+38 1.769e+30 1.417e-26 5.984e-15 3.760e-14
7.079e-05 5.986e+38 1.873e+30 1.501e-26 6.335e-15 3.980e-14
7.943e-05 5.034e+38 1.982e+30 1.589e-26 6.707e-15 4.214e-14
8.913e-05 4.233e+38 2.099e+30 1.682e-26 7.100e-15 4.461e-14
1.000e-04 3.560e+38 2.222e+30 1.780e-26 7.516e-15 4.723e-14
1.122e-04 2.993e+38 2.352e+30 1.885e-26 7.957e-15 4.999e-14
1.259e-04 2.517e+38 2.490e+30 1.995e-26 8.422e-15 5.292e-14
1.413e-04 2.116e+38 2.635e+30 2.112e-26 8.915e-15 5.602e-14
1.585e-04 1.779e+38 2.789e+30 2.235e-26 9.436e-15 5.929e-14
1.778e-04 1.496e+38 2.952e+30 2.366e-26 9.987e-15 6.275e-14
1.995e-04 1.257e+38 3.124e+30 2.504e-26 1.057e-14 6.641e-14
2.239e-04 1.057e+38 3.307e+30 2.650e-26 1.119e-14 7.029e-14
2.512e-04 8.885e+37 3.499e+30 2.804e-26 1.184e-14 7.438e-14
2.818e-04 7.469e+37 3.703e+30 2.967e-26 1.253e-14 7.871e-14
3.162e-04 6.277e+37 3.918e+30 3.140e-26 1.325e-14 8.328e-14
3.548e-04 5.276e+37 4.145e+30 3.322e-26 1.402e-14 8.812e-14
3.981e-04 4.434e+37 4.386e+30 3.515e-26 1.484e-14 9.323e-14
4.467e-04 3.726e+37 4.640e+30 3.718e-26 1.570e-14 9.862e-14
5.012e-04 3.131e+37 4.908e+30 3.933e-26 1.660e-14 1.043e-13
5.623e-04 2.630e+37 5.192e+30 4.160e-26 1.756e-14 1.104e-13
6.310e-04 2.210e+37 5.491e+30 4.400e-26 1.858e-14 1.167e-13
7.079e-04 1.856e+37 5.807e+30 4.654e-26 1.965e-14 1.234e-13
7.943e-04 1.559e+37 6.141e+30 4.921e-26 2.077e-14 1.305e-13
8.913e-04 1.310e+37 6.493e+30 5.203e-26 2.197e-14 1.380e-13
1.000e-03 1.100e+37 6.865e+30 5.501e-26 2.322e-14 1.459e-13
1.122e-03 9.236e+36 7.257e+30 5.816e-26 2.455e-14 1.543e-13
1.259e-03 7.755e+36 7.671e+30 6.147e-26 2.595e-14 1.631e-13
1.413e-03 6.510e+36 8.107e+30 6.497e-26 2.743e-14 1.723e-13
1.585e-03 5.465e+36 8.567e+30 6.866e-26 2.898e-14 1.821e-13
1.778e-03 4.586e+36 9.052e+30 7.254e-26 3.062e-14 1.924e-13
1.995e-03 3.849e+36 9.564e+30 7.664e-26 3.235e-14 2.033e-13
2.239e-03 3.229e+36 1.010e+31 8.095e-26 3.418e-14 2.147e-13
2.512e-03 2.709e+36 1.067e+31 8.550e-26 3.609e-14 2.268e-13
2.818e-03 2.272e+36 1.127e+31 9.028e-26 3.811e-14 2.395e-13
3.162e-03 1.906e+36 1.189e+31 9.531e-26 4.024e-14 2.528e-13
3.548e-03 1.598e+36 1.255e+31 1.006e-25 4.247e-14 2.669e-13
3.981e-03 1.339e+36 1.325e+31 1.062e-25 4.482e-14 2.816e-13
4.467e-03 1.123e+36 1.398e+31 1.120e-25 4.729e-14 2.972e-13
5.012e-03 9.406e+35 1.475e+31 1.182e-25 4.989e-14 3.135e-13
5.623e-03 7.880e+35 1.555e+31 1.246e-25 5.262e-14 3.306e-13
6.310e-03 6.600e+35 1.640e+31 1.314e-25 5.548e-14 3.486e-13
7.079e-03 5.526e+35 1.729e+31 1.385e-25 5.848e-14 3.674e-13
7.943e-03 4.626e+35 1.822e+31 1.460e-25 6.163e-14 3.872e-13
8.913e-03 3.871e+35 1.919e+31 1.538e-25 6.492e-14 4.079e-13
1.000e-02 3.238e+35 2.021e+31 1.620e-25 6.838e-14 4.296e-13
1.122e-02 2.708e+35 2.128e+31 1.705e-25 7.199e-14 4.523e-13
1.259e-02 2.264e+35 2.240e+31 1.795e-25 7.577e-14 4.761e-13
1.413e-02 1.892e+35 2.356e+31 1.888e-25 7.971e-14 5.009e-13
1.585e-02 1.581e+35 2.478e+31 1.986e-25 8.383e-14 5.267e-13
1.778e-02 1.320e+35 2.605e+31 2.088e-25 8.813e-14 5.538e-13
1.995e-02 1.102e+35 2.738e+31 2.194e-25 9.261e-14 5.819e-13
2.239e-02 9.192e+34 2.875e+31 2.304e-25 9.728e-14 6.112e-13
2.512e-02 7.666e+34 3.019e+31 2.419e-25 1.021e-13 6.417e-13
2.818e-02 6.390e+34 3.168e+31 2.539e-25 1.072e-13 6.734e-13
3.162e-02 5.323e+34 3.322e+31 2.662e-25 1.124e-13 7.062e-13
3.548e-02 4.432e+34 3.483e+31 2.791e-25 1.178e-13 7.403e-13
3.981e-02 3.688e+34 3.649e+31 2.924e-25 1.234e-13 7.756e-13
4.467e-02 3.068e+34 3.820e+31 3.061e-25 1.292e-13 8.120e-13
5.012e-02 2.550e+34 3.997e+31 3.203e-25 1.352e-13 8.497e-13
5.623e-02 2.118e+34 4.180e+31 3.349e-25 1.414e-13 8.884e-13
6.310e-02 1.758e+34 4.367e+31 3.500e-25 1.477e-13 9.283e-13
7.079e-02 1.458e+34 4.560e+31 3.654e-25 1.543e-13 9.693e-13
7.943e-02 1.208e+34 4.758e+31 3.813e-25 1.610e-13 1.011e-12
8.913e-02 1.000e+34 4.960e+31 3.974e-25 1.678e-13 1.054e-12
1.000e-01 8.277e+33 5.166e+31 4.140e-25 1.748e-13 1.098e-12
1.122e-01 6.841e+33 5.376e+31 4.308e-25 1.819e-13 1.143e-12
1.259e-01 5.650e+33 5.589e+31 4.479e-25 1.891e-13 1.188e-12
1.413e-01 4.661e+33 5.805e+31 4.652e-25 1.964e-13 1.234e-12
1.585e-01 3.841e+33 6.023e+31 4.826e-25 2.037e-13 1.280e-12
1.778e-01 3.162e+33 6.242e+31 5.002e-25 2.112e-13 1.327e-12
1.995e-01 2.600e+33 6.461e+31 5.178e-25 2.186e-13 1.373e-12
2.239e-01 2.136e+33 6.681e+31 5.354e-25 2.260e-13 1.420e-12
2.512e-01 1.752e+33 6.899e+31 5.528e-25 2.334e-13 1.466e-12
2.818e-01 1.435e+33 7.115e+31 5.701e-25 2.407e-13 1.512e-12
3.162e-01 1.174e+33 7.327e+31 5.871e-25 2.479e-13 1.557e-12
3.548e-01 9.588e+32 7.534e+31 6.038e-25 2.549e-13 1.601e-12
3.981e-01 7.820e+32 7.736e+31 6.199e-25 2.617e-13 1.644e-12
4.467e-01 6.367e+32 7.930e+31 6.354e-25 2.683e-13 1.686e-12
5.012e-01 5.176e+32 8.115e+31 6.503e-25 2.745e-13 1.725e-12
5.623e-01 4.200e+32 8.290e+31 6.643e-25 2.804e-13 1.762e-12
6.310e-01 3.402e+32 8.452e+31 6.773e-25 2.859e-13 1.797e-12
7.079e-01 2.750e+32 8.602e+31 6.893e-25 2.910e-13 1.828e-12
7.943e-01 2.218e+32 8.736e+31 7.000e-25 2.955e-13 1.857e-12
8.913e-01 1.786e+32 8.853e+31 7.094e-25 2.995e-13 1.882e-12
1.000e+00 1.434e+32 8.951e+31 7.173e-25 3.028e-13 1.903e-12
1.122e+00 1.149e+32 9.029e+31 7.236e-25 3.055e-13 1.919e-12
1.259e+00 9.185e+31 9.086e+31 7.281e-25 3.074e-13 1.931e-12
1.413e+00 7.322e+31 9.119e+31 7.308e-25 3.085e-13 1.938e-12
1.585e+00 5.822e+31 9.127e+31 7.314e-25 3.088e-13 1.940e-12
1.778e+00 4.616e+31 9.110e+31 7.300e-25 3.082e-13 1.936e-12
1.995e+00 3.648e+31 9.065e+31 7.265e-25 3.067e-13 1.927e-12
2.239e+00 2.875e+31 8.993e+31 7.206e-25 3.042e-13 1.911e-12
2.512e+00 2.258e+31 8.891e+31 7.125e-25 3.008e-13 1.890e-12
2.818e+00 1.767e+31 8.761e+31 7.020e-25 2.964e-13 1.862e-12
3.162e+00 1.378e+31 8.601e+31 6.892e-25 2.910e-13 1.828e-12
3.548e+00 1.071e+31 8.412e+31 6.741e-25 2.846e-13 1.788e-12
3.981e+00 8.284e+30 8.194e+31 6.567e-25 2.772e-13 1.742e-12
4.467e+00 6.383e+30 7.949e+31 6.370e-25 2.689e-13 1.690e-12
5.012e+00 4.897e+30 7.677e+31 6.152e-25 2.597e-13 1.632e-12
5.623e+00 3.739e+30 7.380e+31 5.914e-25 2.497e-13 1.569e-12
6.310e+00 2.841e+30 7.060e+31 5.658e-25 2.388e-13 1.501e-12
7.079e+00 2.148e+30 6.719e+31 5.385e-25 2.273e-13 1.428e-12
7.943e+00 1.615e+30 6.361e+31 5.097e-25 2.152e-13 1.352e-12
8.913e+00 1.208e+30 5.987e+31 4.798e-25 2.025e-13 1.273e-12
1.000e+01 8.974e+29 5.601e+31 4.489e-25 1.895e-13 1.191e-12
1.122e+01 6.627e+29 5.207e+31 4.173e-25 1.762e-13 1.107e-12
1.259e+01 4.861e+29 4.809e+31 3.854e-25 1.627e-13 1.022e-12
1.413e+01 3.540e+29 4.409e+31 3.533e-25 1.492e-13 9.372e-13
1.585e+01 2.559e+29 4.012e+31 3.215e-25 1.357e-13 8.528e-13
1.778e+01 1.835e+29 3.622e+31 2.902e-25 1.225e-13 7.699e-13
1.995e+01 1.305e+29 3.241e+31 2.598e-25 1.097e-13 6.890e-13
2.239e+01 9.189e+28 2.874e+31 2.303e-25 9.724e-14 6.110e-13
2.512e+01 6.409e+28 2.524e+31 2.023e-25 8.539e-14 5.365e-13
2.818e+01 4.422e+28 2.193e+31 1.757e-25 7.417e-14 4.660e-13
3.162e+01 3.016e+28 1.883e+31 1.509e-25 6.369e-14 4.002e-13
3.548e+01 2.031e+28 1.596e+31 1.279e-25 5.399e-14 3.392e-13
3.981e+01 1.348e+28 1.334e+31 1.069e-25 4.512e-14 2.835e-13
4.467e+01 8.809e+27 1.097e+31 8.791e-26 3.711e-14 2.332e-13
5.012e+01 5.652e+27 8.861e+30 7.101e-26 2.998e-14 1.884e-13
5.623e+01 3.552e+27 7.011e+30 5.618e-26 2.372e-14 1.490e-13
6.310e+01 2.179e+27 5.414e+30 4.338e-26 1.831e-14 1.151e-13
7.079e+01 1.298e+27 4.061e+30 3.255e-26 1.374e-14 8.633e-14
7.943e+01 7.473e+26 2.943e+30 2.358e-26 9.957e-15 6.256e-14
8.913e+01 4.123e+26 2.044e+30 1.638e-26 6.915e-15 4.345e-14
1.000e+02 2.157e+26 1.346e+30 1.079e-26 4.555e-15 2.862e-14
1.122e+02 1.056e+26 8.299e+29 6.651e-27 2.808e-15 1.764e-14
1.259e+02 4.749e+25 4.698e+29 3.765e-27 1.589e-15 9.986e-15
1.413e+02 1.912e+25 2.381e+29 1.908e-27 8.055e-16 5.061e-15
1.585e+02 6.648e+24 1.042e+29 8.353e-28 3.526e-16 2.216e-15
1.778e+02 1.896e+24 3.743e+28 3.000e-28 1.266e-16 7.956e-16
1.995e+02 4.105e+23 1.020e+28 8.174e-29 3.451e-17 2.168e-16
2.239e+02 5.961e+22 1.865e+27 1.494e-29 6.309e-18 3.964e-17
2.512e+02 4.719e+21 1.858e+26 1.489e-30 6.287e-19 3.950e-18
2.818e+02 1.405e+20 6.968e+24 5.584e-32 2.357e-20 1.481e-19
3.162e+02 7.750e+17 4.837e+22 3.876e-34 1.636e-22 1.028e-21
3.548e+02 1.694e+14 1.331e+19 1.066e-37 4.502e-26 2.829e-25
3.981e+02 2.239e+07 2.214e+12 1.775e-44 7.492e-33 4.707e-32
4.467e+02 9.095e-11 1.133e-05 9.077e-62 3.832e-50 2.408e-49
5.012e+02 1.071e-133 1.679e-128 1.346e-184 5.680e-173 3.569e-172
5.623e+02 0.000e+00 0.000e+00 0.000e+00 0.000e+00 0.000e+00
6.310e+02 0.000e+00 0.000e+00 0.000e+00 0.000e+00 0.000e+00
7.079e+02 0.000e+00 0.000e+00 0.000e+00 0.000e+00 0.000e+00
7.943e+02 0.000e+00 0.000e+00 0.000e+00 0.000e+00 0.000e+00
8.913e+02 0.000e+00 0.000e+00 0.000e+00 0.000e+00 0.000e+00
1.000e+03 0.000e+00 0.000e+00 0.000e+00 0.000e+00 0.000e+00
1.122e+03 0.000e+00 0.000e+00 0.000e+00 0.000e+00 0.000e+00
1.259e+03 0.000e+00 0.000e+00 0.000e+00 0.000e+00 0.000e+00
1.413e+03 0.000e+00 0.000e+00 0.000e+00 0.000e+00 0.000e+00
1.585e+03 0.000e+00 0.000e+00 0.000e+00 0.000e+00 0.000e+00
1.778e+03 0.000e+00 0.000e+00 0.000e+00 0.000e+00 0.000e+00
1.995e+03 0.000e+00 0.000e+00 0.000e+00 0.000e+00 0.000e+00
2.239e+03 0.000e+00 0.000e+00 0.000e+00 0.000e+00 0.000e+00
2.512e+03 0.000e+00 0.000e+00 0.000e+00 0.000e+00 0.000e+00
2.818e+03 0.000e+00 0.000e+00 0.000e+00 0.000e+00 0.000e+00
3.162e+03 0.000e+00 0.000e+00 0.000e+00 0.000e+00 0.000e+00
3.548e+03 0.000e+00 0.000e+00 0.000e+00 0.000e+00 0.000e+00
3.981e+03 0.000e+00 0.000e+00 0.000e+00 0.000e+00 0.000e+00
4.467e+03 0.000e+00 0.000e+00 0.000e+00 0.000e+00 0.000e+00
5.012e+03 0.000e+00 0.000e+00 0.000e+00 0.000e+00 0.000e+00
5.623e+03 0.000e+00 0.000e+00 0.000e+00 0.000e+00 0.000e+00
6.310e+03 0.000e+00 0.000e+00 0.000e+00 0.000e+00 0.000e+00
7.079e+03 0.000e+00 0.000e+00 0.000e+00 0.000e+00 0.000e+00
7.943e+03 0.000e+00 0.000e+00 0.000e+00 0.000e+00 0.000e+00
8.913e+03 0.000e+00 0.000e+00 0.000e+00 0.000e+00 0.000e+00
1.000e+04 0.000e+00 0.000e+00 0.000e+00 0.000e+00 0.000e+00
1.122e+04 0.000e+00 0.000e+00 0.000e+00 0.000e+00 0.000e+00
1.259e+04 0.000e+00 0.000e+00 0.000e+00 0.000e+00 0.000e+00
1.413e+04 0.000e+00 0.000e+00 0.000e+00 0.000e+00 0.000e+00
1.585e+04 0.000e+00 0.000e+00 0.000e+00 0.000e+00 0.000e+00
1.778e+04 0.000e+00 0.000e+00 0.000e+00 0.000e+00 0.000e+00
1.995e+04 0.000e+00 0.000e+00 0.000e+00 0.000e+00 0.000e+00
2.239e+04 0.000e+00 0.000e+00 0.000e+00 0.000e+00 0.000e+00
2.512e+04 0.000e+00 0.000e+00 0.000e+00 0.000e+00 0.000e+00
2.818e+04 0.000e+00 0.000e+00 0.000e+00 0.000e+00 0.000e+00
3.162e+04 0.000e+00 0.000e+00 0.000e+00 0.000e+00 0.000e+00
3.548e+04 0.000e+00 0.000e+00 0.000e+00 0.000e+00 0.000e+00
3.981e+04 0.000e+00 0.000e+00 0.000e+00 0.000e+00 0.000e+00
4.467e+04 0.000e+00 0.000e+00 0.000e+00 0.000e+00 0.000e+00
5.012e+04 0.000e+00 0.000e+00 0.000e+00 0.000e+00 0.000e+00
5.623e+04 0.000e+00 0.000e+00 0.000e+00 0.000e+00 0.000e+00
6.310e+04 0.000e+00 0.000e+00 0.000e+00 0.000e+00 0.000e+00
7.079e+04 0.000e+00 0.000e+00 0.000e+00 0.000e+00 0.000e+00
7.943e+04 0.000e+00 0.000e+00 0.000e+00 0.000e+00 0.000e+00
8.913e+04 0.000e+00 0.000e+00 0.000e+00 0.000e+00 0.000e+00
1.000e+05 0.000e+00 0.000e+00 0.000e+00 0.000e+00 0.000e+00
1.122e+05 0.000e+00 0.000e+00 0.000e+00 0.000e+00 0.000e+00
1.259e+05 0.000e+00 0.000e+00 0.000e+00 0.000e+00 0.000e+00
1.413e+05 0.000e+00 0.000e+00 0.000e+00 0.000e+00 0.000e+00
1.585e+05 0.000e+00 0.000e+00 0.000e+00 0.000e+00 0.000e+00
1.778e+05 0.000e+00 0.000e+00 0.000e+00 0.000e+00 0.000e+00
1.995e+05 0.000e+00 0.000e+00 0.000e+00 0.000e+00 0.000e+00
2.239e+05 0.000e+00 0.000e+00 0.000e+00 0.000e+00 0.000e+00
2.512e+05 0.000e+00 0.000e+00 0.000e+00 0.000e+00 0.000e+00
2.818e+05 0.000e+00 0.000e+00 0.000e+00 0.000e+00 0.000e+00
3.162e+05 0.000e+00 0.000e+00 0.000e+00 0.000e+00 0.000e+00
3.548e+05 0.000e+00 0.000e+00 0.000e+00 0.000e+00 0.000e+00
3.981e+05 0.000e+00 0.000e+00 0.000e+00 0.000e+00 0.000e+00
4.467e+05 0.000e+00 0.000e+00 0.000e+00 0.000e+00 0.000e+00
5.012e+05 0.000e+00 0.000e+00 0.000e+00 0.000e+00 0.000e+00
5.623e+05 0.000e+00 0.000e+00 0.000e+00 0.000e+00 0.000e+00
6.310e+05 0.000e+00 0.000e+00 0.000e+00 0.000e+00 0.000e+00
7.079e+05 0.000e+00 0.000e+00 0.000e+00 0.000e+00 0.000e+00
7.943e+05 0.000e+00 0.000e+00 0.000e+00 0.000e+00 0.000e+00
8.913e+05 0.000e+00 0.000e+00 0.000e+00 0.000e+00 0.000e+00
1.000e+06 0.000e+00 0.000e+00 0.000e+00 0.000e+00 0.000e+00
1.122e+06 0.000e+00 0.000e+00 0.000e+00 0.000e+00 0.000e+00
1.259e+06 0.000e+00 0.000e+00 0.000e+00 0.000e+00 0.000e+00
1.413e+06 0.000e+00 0.000e+00 0.000e+00 0.000e+00 0.000e+00
1.585e+06 0.000e+00 0.000e+00 0.000e+00 0.000e+00 0.000e+00
1.778e+06 0.000e+00 0.000e+00 0.000e+00 0.000e+00 0.000e+00
1.995e+06 0.000e+00 0.000e+00 0.000e+00 0.000e+00 0.000e+00
2.239e+06 0.000e+00 0.000e+00 0.000e+00 0.000e+00 0.000e+00
2.512e+06 0.000e+00 0.000e+00 0.000e+00 0.000e+00 0.000e+00
2.818e+06 0.000e+00 0.000e+00 0.000e+00 0.000e+00 0.000e+00
3.162e+06 0.000e+00 0.000e+00 0.000e+00 0.000e+00 0.000e+00
3.548e+06 0.000e+00 0.000e+00 0.000e+00 0.000e+00 0.000e+00
3.981e+06 0.000e+00 0.000e+00 0.000e+00 0.000e+00 0.000e+00
4.467e+06 0.000e+00 0.000e+00 0.000e+00 0.000e+00 0.000e+00
5.012e+06 0.000e+00 0.000e+00 0.000e+00 0.000e+00 0.000e+00
5.623e+06 0.000e+00 0.000e+00 0.000e+00 0.000e+00 0.000e+00
6.310e+06 0.000e+00 0.000e+00 0.000e+00 0.000e+00 0.000e+00
7.079e+06 0.000e+00 0.000e+00 0.000e+00 0.000e+00 0.000e+00
7.943e+06 0.000e+00 0.000e+00 0.000e+00 0.000e+00 0.000e+00
8.913e+06 0.000e+00 0.000e+00 0.000e+00 0.000e+00 0.000e+00
1.000e+07 0.000e+00 0.000e+00 0.000e+00 0.000e+00 0.000e+00
1.122e+07 0.000e+00 0.000e+00 0.000e+00 0.000e+00 0.000e+00
1.259e+07 0.000e+00 0.000e+00 0.000e+00 0.000e+00 0.000e+00
1.413e+07 0.000e+00 0.000e+00 0.000e+00 0.000e+00 0.000e+00
1.585e+07 0.000e+00 0.000e+00 0.000e+00 0.000e+00 0.000e+00
1.778e+07 0.000e+00 0.000e+00 0.000e+00 0.000e+00 0.000e+00
1.995e+07 0.000e+00 0.000e+00 0.000e+00 0.000e+00 0.000e+00
2.239e+07 0.000e+00 0.000e+00 0.000e+00 0.000e+00 0.000e+00
2.512e+07 0.000e+00 0.000e+00 0.000e+00 0.000e+00 0.000e+00
2.818e+07 0.000e+00 0.000e+00 0.000e+00 0.000e+00 0.000e+00
3.162e+07 0.000e+00 0.000e+00 0.000e+00 0.000e+00 0.000e+00
3.548e+07 0.000e+00 0.000e+00 0.000e+00 0.000e+00 0.000e+00
3.981e+07 0.000e+00 0.000e+00 0.000e+00 0.000e+00 0.000e+00
4.467e+07 0.000e+00 0.000e+00 0.000e+00 0.000e+00 0.000e+00
5.012e+07 0.000e+00 0.000e+00 0.000e+00 0.000e+00 0.000e+00
5.623e+07 0.000e+00 0.000e+00 0.000e+00 0.000e+00 0.000e+00
6.310e+07 0.000e+00 0.000e+00 0.000e+00 0.000e+00 0.000e+00
7.079e+07 0.000e+00 0.000e+00 0.000e+00 0.000e+00 0.000e+00
7.943e+07 0.000e+00 0.000e+00 0.000e+00 0.000e+00 0.000e+00
8.913e+07 0.000e+00 0.000e+00 0.000e+00 0.000e+00 0.000e+00
1.000e+08 0.000e+00 0.000e+00 0.000e+00 0.000e+00 0.000e+00
