1.000e-20 1.207e+66 7.534e+25 6.038e-31 1.274e-19 1.602e-18
1.122e-20 1.016e+66 7.981e+25 6.395e-31 1.350e-19 1.696e-18
1.259e-20 8.546e+65 8.454e+25 6.774e-31 1.430e-19 1.797e-18
1.413e-20 7.190e+65 8.955e+25 7.176e-31 1.515e-19 1.903e-18
1.585e-20 6.050e+65 9.485e+25 7.601e-31 1.604e-19 2.016e-18
1.778e-20 5.090e+65 1.005e+26 8.051e-31 1.700e-19 2.136e-18
1.995e-20 4.283e+65 1.064e+26 8.528e-31 1.800e-19 2.262e-18
2.239e-20 3.604e+65 1.127e+26 9.034e-31 1.907e-19 2.396e-18
2.512e-20 3.032e+65 1.194e+26 9.569e-31 2.020e-19 2.538e-18
2.818e-20 2.551e+65 1.265e+26 1.014e-30 2.140e-19 2.689e-18
3.162e-20 2.147e+65 1.340e+26 1.074e-30 2.266e-19 2.848e-18
3.548e-20 1.806e+65 1.419e+26 1.137e-30 2.401e-19 3.017e-18
3.981e-20 1.520e+65 1.503e+26 1.205e-30 2.543e-19 3.195e-18
4.467e-20 1.279e+65 1.592e+26 1.276e-30 2.694e-19 3.385e-18
5.012e-20 1.076e+65 1.687e+26 1.352e-30 2.853e-19 3.585e-18
5.623e-20 9.052e+64 1.787e+26 1.432e-30 3.022e-19 3.798e-18
6.310e-20 7.616e+64 1.893e+26 1.517e-30 3.201e-19 4.023e-18
7.079e-20 6.408e+64 2.005e+26 1.606e-30 3.391e-19 4.261e-18
7.943e-20 5.392e+64 2.123e+26 1.702e-30 3.592e-19 4.514e-18
8.913e-20 4.537e+64 2.249e+26 1.802e-30 3.805e-19 4.781e-18
1.000e-19 3.817e+64 2.383e+26 1.909e-30 4.030e-19 5.064e-18
1.122e-19 3.212e+64 2.524e+26 2.022e-30 4.269e-19 5.364e-18
1.259e-19 2.702e+64 2.673e+26 2.142e-30 4.522e-19 5.682e-18
1.413e-19 2.274e+64 2.832e+26 2.269e-30 4.790e-19 6.019e-18
1.585e-19 1.913e+64 2.999e+26 2.404e-30 5.074e-19 6.376e-18
1.778e-19 1.610e+64 3.177e+26 2.546e-30 5.374e-19 6.753e-18
1.995e-19 1.354e+64 3.365e+26 2.697e-30 5.693e-19 7.153e-18
2.239e-19 1.140e+64 3.565e+26 2.857e-30 6.030e-19 7.577e-18
2.512e-19 9.588e+63 3.776e+26 3.026e-30 6.387e-19 8.026e-18
2.818e-19 8.067e+63 4.000e+26 3.205e-30 6.766e-19 8.502e-18
3.162e-19 6.788e+63 4.237e+26 3.395e-30 7.166e-19 9.006e-18
3.548e-19 5.711e+63 4.488e+26 3.596e-30 7.591e-19 9.539e-18
3.981e-19 4.805e+63 4.754e+26 3.809e-30 8.041e-19 1.010e-17
4.467e-19 4.043e+63 5.035e+26 4.035e-30 8.517e-19 1.070e-17
5.012e-19 3.402e+63 5.334e+26 4.274e-30 9.022e-19 1.134e-17
5.623e-19 2.862e+63 5.650e+26 4.527e-30 9.556e-19 1.201e-17
6.310e-19 2.408e+63 5.984e+26 4.796e-30 1.012e-18 1.272e-17
7.079e-19 2.026e+63 6.339e+26 5.080e-30 1.072e-18 1.347e-17
7.943e-19 1.705e+63 6.714e+26 5.381e-30 1.136e-18 1.427e-17
8.913e-19 1.435e+63 7.112e+26 5.699e-30 1.203e-18 1.512e-17
1.000e-18 1.207e+63 7.534e+26 6.037e-30 1.274e-18 1.601e-17
1.122e-18 1.016e+63 7.980e+26 6.395e-30 1.350e-18 1.696e-17
1.259e-18 8.545e+62 8.453e+26 6.774e-30 1.430e-18 1.797e-17
1.413e-18 7.190e+62 8.954e+26 7.175e-30 1.515e-18 1.903e-17
1.585e-18 6.049e+62 9.484e+26 7.600e-30 1.604e-18 2.016e-17
1.778e-18 5.090e+62 1.005e+27 8.050e-30 1.699e-18 2.135e-17
1.995e-18 4.282e+62 1.064e+27 8.527e-30 1.800e-18 2.262e-17
2.239e-18 3.603e+62 1.127e+27 9.032e-30 1.907e-18 2.396e-17
2.512e-18 3.032e+62 1.194e+27 9.568e-30 2.020e-18 2.538e-17
2.818e-18 2.551e+62 1.265e+27 1.013e-29 2.139e-18 2.688e-17
3.162e-18 2.146e+62 1.340e+27 1.073e-29 2.266e-18 2.847e-17
3.548e-18 1.806e+62 1.419e+27 1.137e-29 2.400e-18 3.016e-17
3.981e-18 1.519e+62 1.503e+27 1.204e-29 2.542e-18 3.195e-17
4.467e-18 1.278e+62 1.592e+27 1.276e-29 2.693e-18 3.384e-17
5.012e-18 1.076e+62 1.686e+27 1.351e-29 2.852e-18 3.585e-17
5.623e-18 9.050e+61 1.786e+27 1.431e-29 3.021e-18 3.797e-17
6.310e-18 7.615e+61 1.892e+27 1.516e-29 3.200e-18 4.022e-17
7.079e-18 6.407e+61 2.004e+27 1.606e-29 3.390e-18 4.260e-17
7.943e-18 5.391e+61 2.123e+27 1.701e-29 3.591e-18 4.512e-17
8.913e-18 4.535e+61 2.249e+27 1.802e-29 3.804e-18 4.780e-17
1.000e-17 3.816e+61 2.382e+27 1.909e-29 4.029e-18 5.063e-17
1.122e-17 3.211e+61 2.523e+27 2.022e-29 4.267e-18 5.363e-17
1.259e-17 2.701e+61 2.672e+27 2.141e-29 4.520e-18 5.680e-17
1.413e-17 2.273e+61 2.831e+27 2.268e-29 4.788e-18 6.017e-17
1.585e-17 1.912e+61 2.998e+27 2.403e-29 5.072e-18 6.373e-17
1.778e-17 1.609e+61 3.176e+27 2.545e-29 5.372e-18 6.751e-17
1.995e-17 1.354e+61 3.364e+27 2.696e-29 5.690e-18 7.150e-17
2.239e-17 1.139e+61 3.563e+27 2.855e-29 6.027e-18 7.574e-17
2.512e-17 9.584e+60 3.774e+27 3.024e-29 6.384e-18 8.022e-17
2.818e-17 8.063e+60 3.998e+27 3.204e-29 6.762e-18 8.498e-17
3.162e-17 6.784e+60 4.234e+27 3.393e-29 7.163e-18 9.001e-17
3.548e-17 5.708e+60 4.485e+27 3.594e-29 7.587e-18 9.534e-17
3.981e-17 4.803e+60 4.751e+27 3.807e-29 8.036e-18 1.010e-16
4.467e-17 4.041e+60 5.032e+27 4.032e-29 8.512e-18 1.070e-16
5.012e-17 3.400e+60 5.330e+27 4.271e-29 9.016e-18 1.133e-16
5.623e-17 2.860e+60 5.646e+27 4.524e-29 9.550e-18 1.200e-16
6.310e-17 2.407e+60 5.980e+27 4.792e-29 1.011e-17 1.271e-16
7.079e-17 2.025e+60 6.334e+27 5.076e-29 1.071e-17 1.346e-16
7.943e-17 1.704e+60 6.709e+27 5.376e-29 1.135e-17 1.426e-16
8.913e-17 1.433e+60 7.106e+27 5.694e-29 1.202e-17 1.510e-16
1.000e-16 1.206e+60 7.526e+27 6.031e-29 1.273e-17 1.600e-16
1.122e-16 1.015e+60 7.972e+27 6.388e-29 1.348e-17 1.695e-16
1.259e-16 8.536e+59 8.444e+27 6.766e-29 1.428e-17 1.795e-16
1.413e-16 7.182e+59 8.943e+27 7.167e-29 1.513e-17 1.901e-16
1.585e-16 6.042e+59 9.473e+27 7.591e-29 1.602e-17 2.014e-16
1.778e-16 5.083e+59 1.003e+28 8.040e-29 1.697e-17 2.133e-16
1.995e-16 4.277e+59 1.063e+28 8.516e-29 1.798e-17 2.259e-16
2.239e-16 3.598e+59 1.126e+28 9.020e-29 1.904e-17 2.393e-16
2.512e-16 3.027e+59 1.192e+28 9.553e-29 2.017e-17 2.534e-16
2.818e-16 2.547e+59 1.263e+28 1.012e-28 2.136e-17 2.684e-16
3.162e-16 2.143e+59 1.337e+28 1.072e-28 2.262e-17 2.843e-16
3.548e-16 1.803e+59 1.416e+28 1.135e-28 2.396e-17 3.011e-16
3.981e-16 1.517e+59 1.500e+28 1.202e-28 2.538e-17 3.189e-16
4.467e-16 1.276e+59 1.589e+28 1.273e-28 2.688e-17 3.377e-16
5.012e-16 1.073e+59 1.683e+28 1.349e-28 2.846e-17 3.577e-16
5.623e-16 9.030e+58 1.782e+28 1.428e-28 3.015e-17 3.788e-16
6.310e-16 7.597e+58 1.888e+28 1.513e-28 3.193e-17 4.012e-16
7.079e-16 6.391e+58 1.999e+28 1.602e-28 3.382e-17 4.249e-16
7.943e-16 5.376e+58 2.117e+28 1.697e-28 3.581e-17 4.500e-16
8.913e-16 4.523e+58 2.242e+28 1.797e-28 3.793e-17 4.766e-16
1.000e-15 3.805e+58 2.375e+28 1.903e-28 4.017e-17 5.048e-16
1.122e-15 3.201e+58 2.515e+28 2.015e-28 4.254e-17 5.346e-16
1.259e-15 2.692e+58 2.663e+28 2.134e-28 4.505e-17 5.662e-16
1.413e-15 2.265e+58 2.821e+28 2.260e-28 4.771e-17 5.996e-16
1.585e-15 1.905e+58 2.987e+28 2.394e-28 5.053e-17 6.349e-16
1.778e-15 1.603e+58 3.163e+28 2.535e-28 5.351e-17 6.724e-16
1.995e-15 1.348e+58 3.350e+28 2.684e-28 5.666e-17 7.121e-16
2.239e-15 1.134e+58 3.547e+28 2.843e-28 6.001e-17 7.541e-16
2.512e-15 9.539e+57 3.757e+28 3.010e-28 6.354e-17 7.985e-16
2.818e-15 8.024e+57 3.978e+28 3.188e-28 6.729e-17 8.456e-16
3.162e-15 6.749e+57 4.212e+28 3.376e-28 7.125e-17 8.954e-16
3.548e-15 5.677e+57 4.460e+28 3.574e-28 7.545e-17 9.481e-16
3.981e-15 4.775e+57 4.723e+28 3.785e-28 7.989e-17 1.004e-15
4.467e-15 4.016e+57 5.001e+28 4.008e-28 8.459e-17 1.063e-15
5.012e-15 3.377e+57 5.295e+28 4.243e-28 8.957e-17 1.126e-15
5.623e-15 2.841e+57 5.607e+28 4.493e-28 9.484e-17 1.192e-15
6.310e-15 2.389e+57 5.936e+28 4.757e-28 1.004e-16 1.262e-15
7.079e-15 2.009e+57 6.285e+28 5.036e-28 1.063e-16 1.336e-15
7.943e-15 1.690e+57 6.654e+28 5.332e-28 1.126e-16 1.414e-15
8.913e-15 1.421e+57 7.045e+28 5.645e-28 1.192e-16 1.497e-15
1.000e-14 1.195e+57 7.458e+28 5.976e-28 1.262e-16 1.585e-15
1.122e-14 1.005e+57 7.895e+28 6.327e-28 1.335e-16 1.678e-15
1.259e-14 8.449e+56 8.358e+28 6.697e-28 1.414e-16 1.777e-15
1.413e-14 7.104e+56 8.847e+28 7.090e-28 1.496e-16 1.881e-15
1.585e-14 5.973e+56 9.365e+28 7.505e-28 1.584e-16 1.991e-15
1.778e-14 5.022e+56 9.912e+28 7.943e-28 1.677e-16 2.107e-15
1.995e-14 4.222e+56 1.049e+29 8.407e-28 1.775e-16 2.230e-15
2.239e-14 3.550e+56 1.110e+29 8.898e-28 1.878e-16 2.360e-15
2.512e-14 2.984e+56 1.175e+29 9.417e-28 1.988e-16 2.498e-15
2.818e-14 2.509e+56 1.244e+29 9.966e-28 2.104e-16 2.644e-15
3.162e-14 2.109e+56 1.316e+29 1.055e-27 2.226e-16 2.798e-15
3.548e-14 1.772e+56 1.393e+29 1.116e-27 2.356e-16 2.960e-15
3.981e-14 1.490e+56 1.474e+29 1.181e-27 2.493e-16 3.132e-15
4.467e-14 1.252e+56 1.559e+29 1.249e-27 2.637e-16 3.314e-15
5.012e-14 1.052e+56 1.650e+29 1.322e-27 2.790e-16 3.506e-15
5.623e-14 8.841e+55 1.745e+29 1.398e-27 2.952e-16 3.709e-15
6.310e-14 7.429e+55 1.846e+29 1.479e-27 3.123e-16 3.924e-15
7.079e-14 6.242e+55 1.953e+29 1.565e-27 3.303e-16 4.150e-15
7.943e-14 5.244e+55 2.065e+29 1.655e-27 3.493e-16 4.390e-15
8.913e-14 4.405e+55 2.184e+29 1.750e-27 3.695e-16 4.643e-15
1.000e-13 3.701e+55 2.310e+29 1.851e-27 3.907e-16 4.910e-15
1.122e-13 3.108e+55 2.442e+29 1.957e-27 4.131e-16 5.191e-15
1.259e-13 2.610e+55 2.582e+29 2.069e-27 4.368e-16 5.489e-15
1.413e-13 2.192e+55 2.730e+29 2.188e-27 4.618e-16 5.803e-15
1.585e-13 1.841e+55 2.886e+29 2.312e-27 4.881e-16 6.134e-15
1.778e-13 1.545e+55 3.050e+29 2.444e-27 5.159e-16 6.483e-15
1.995e-13 1.297e+55 3.223e+29 2.583e-27 5.452e-16 6.852e-15
2.239e-13 1.089e+55 3.406e+29 2.730e-27 5.762e-16 7.240e-15
2.512e-13 9.138e+54 3.599e+29 2.884e-27 6.088e-16 7.650e-15
2.818e-13 7.668e+54 3.802e+29 3.047e-27 6.431e-16 8.081e-15
3.162e-13 6.434e+54 4.016e+29 3.218e-27 6.793e-16 8.536e-15
3.548e-13 5.397e+54 4.241e+29 3.399e-27 7.174e-16 9.015e-15
3.981e-13 4.527e+54 4.478e+29 3.589e-27 7.575e-16 9.519e-15
4.467e-13 3.797e+54 4.728e+29 3.789e-27 7.998e-16 1.005e-14
5.012e-13 3.183e+54 4.991e+29 3.999e-27 8.442e-16 1.061e-14
5.623e-13 2.669e+54 5.267e+29 4.221e-27 8.909e-16 1.120e-14
6.310e-13 2.237e+54 5.558e+29 4.454e-27 9.401e-16 1.181e-14
7.079e-13 1.874e+54 5.863e+29 4.698e-27 9.918e-16 1.246e-14
7.943e-13 1.570e+54 6.184e+29 4.956e-27 1.046e-15 1.315e-14
8.913e-13 1.315e+54 6.521e+29 5.226e-27 1.103e-15 1.386e-14
1.000e-12 1.101e+54 6.875e+29 5.509e-27 1.163e-15 1.461e-14
1.122e-12 9.225e+53 7.248e+29 5.809e-27 1.226e-15 1.541e-14
1.259e-12 7.721e+53 7.638e+29 6.121e-27 1.292e-15 1.624e-14
1.413e-12 6.461e+53 8.046e+29 6.448e-27 1.361e-15 1.710e-14
1.585e-12 5.405e+53 8.473e+29 6.790e-27 1.433e-15 1.801e-14
1.778e-12 4.520e+53 8.921e+29 7.149e-27 1.509e-15 1.896e-14
1.995e-12 3.778e+53 9.389e+29 7.524e-27 1.588e-15 1.996e-14
2.239e-12 3.158e+53 9.878e+29 7.916e-27 1.671e-15 2.100e-14
2.512e-12 2.638e+53 1.039e+30 8.326e-27 1.757e-15 2.208e-14
2.818e-12 2.203e+53 1.092e+30 8.754e-27 1.848e-15 2.322e-14
3.162e-12 1.839e+53 1.148e+30 9.200e-27 1.942e-15 2.440e-14
3.548e-12 1.535e+53 1.206e+30 9.665e-27 2.040e-15 2.564e-14
3.981e-12 1.280e+53 1.267e+30 1.015e-26 2.142e-15 2.692e-14
4.467e-12 1.068e+53 1.329e+30 1.065e-26 2.249e-15 2.826e-14
5.012e-12 8.897e+52 1.395e+30 1.118e-26 2.359e-15 2.965e-14
5.623e-12 7.411e+52 1.463e+30 1.172e-26 2.474e-15 3.109e-14
6.310e-12 6.171e+52 1.533e+30 1.229e-26 2.594e-15 3.259e-14
7.079e-12 5.135e+52 1.606e+30 1.287e-26 2.717e-15 3.414e-14
7.943e-12 4.271e+52 1.682e+30 1.348e-26 2.845e-15 3.575e-14
8.913e-12 3.550e+52 1.760e+30 1.410e-26 2.977e-15 3.741e-14
1.000e-11 2.949e+52 1.841e+30 1.475e-26 3.114e-15 3.913e-14
1.122e-11 2.448e+52 1.924e+30 1.542e-26 3.254e-15 4.090e-14
1.259e-11 2.031e+52 2.010e+30 1.610e-26 3.399e-15 4.272e-14
1.413e-11 1.684e+52 2.098e+30 1.681e-26 3.548e-15 4.459e-14
1.585e-11 1.396e+52 2.188e+30 1.753e-26 3.701e-15 4.651e-14
1.778e-11 1.155e+52 2.280e+30 1.827e-26 3.857e-15 4.847e-14
1.995e-11 9.558e+51 2.375e+30 1.903e-26 4.017e-15 5.048e-14
2.239e-11 7.901e+51 2.472e+30 1.981e-26 4.181e-15 5.254e-14
2.512e-11 6.525e+51 2.570e+30 2.059e-26 4.347e-15 5.462e-14
2.818e-11 5.385e+51 2.670e+30 2.139e-26 4.516e-15 5.675e-14
3.162e-11 4.439e+51 2.771e+30 2.220e-26 4.687e-15 5.890e-14
3.548e-11 3.656e+51 2.873e+30 2.302e-26 4.860e-15 6.107e-14
3.981e-11 3.008e+51 2.976e+30 2.385e-26 5.034e-15 6.326e-14
4.467e-11 2.473e+51 3.080e+30 2.468e-26 5.209e-15 6.546e-14
5.012e-11 2.030e+51 3.183e+30 2.551e-26 5.384e-15 6.766e-14
5.623e-11 1.665e+51 3.287e+30 2.634e-26 5.559e-15 6.986e-14
6.310e-11 1.364e+51 3.389e+30 2.716e-26 5.733e-15 7.205e-14
7.079e-11 1.116e+51 3.491e+30 2.798e-26 5.905e-15 7.421e-14
7.943e-11 9.119e+50 3.591e+30 2.878e-26 6.075e-15 7.634e-14
8.913e-11 7.441e+50 3.689e+30 2.956e-26 6.240e-15 7.842e-14
1.000e-10 6.064e+50 3.785e+30 3.033e-26 6.402e-15 8.045e-14
1.122e-10 4.934e+50 3.877e+30 3.107e-26 6.558e-15 8.241e-14
1.259e-10 4.009e+50 3.966e+30 3.178e-26 6.708e-15 8.429e-14
1.413e-10 3.252e+50 4.050e+30 3.245e-26 6.850e-15 8.608e-14
1.585e-10 2.634e+50 4.129e+30 3.309e-26 6.984e-15 8.777e-14
1.778e-10 2.129e+50 4.203e+30 3.368e-26 7.109e-15 8.933e-14
1.995e-10 1.718e+50 4.270e+30 3.422e-26 7.223e-15 9.076e-14
2.239e-10 1.384e+50 4.330e+30 3.470e-26 7.325e-15 9.205e-14
2.512e-10 1.113e+50 4.383e+30 3.512e-26 7.414e-15 9.317e-14
2.818e-10 8.931e+49 4.428e+30 3.548e-26 7.489e-15 9.411e-14
3.162e-10 7.151e+49 4.463e+30 3.577e-26 7.550e-15 9.487e-14
3.548e-10 5.714e+49 4.490e+30 3.598e-26 7.594e-15 9.543e-14
3.981e-10 4.555e+49 4.506e+30 3.611e-26 7.622e-15 9.578e-14
4.467e-10 3.623e+49 4.512e+30 3.615e-26 7.631e-15 9.590e-14
5.012e-10 2.874e+49 4.506e+30 3.611e-26 7.622e-15 9.579e-14
5.623e-10 2.275e+49 4.490e+30 3.598e-26 7.594e-15 9.543e-14
6.310e-10 1.795e+49 4.461e+30 3.575e-26 7.546e-15 9.483e-14
7.079e-10 1.413e+49 4.421e+30 3.543e-26 7.478e-15 9.397e-14
7.943e-10 1.109e+49 4.368e+30 3.501e-26 7.389e-15 9.285e-14
8.913e-10 8.680e+48 4.304e+30 3.449e-26 7.280e-15 9.148e-14
1.000e-09 6.772e+48 4.227e+30 3.387e-26 7.150e-15 8.985e-14
1.122e-09 5.266e+48 4.138e+30 3.316e-26 7.000e-15 8.796e-14
1.259e-09 4.082e+48 4.038e+30 3.236e-26 6.830e-15 8.583e-14
1.413e-09 3.153e+48 3.926e+30 3.146e-26 6.641e-15 8.346e-14
1.585e-09 2.426e+48 3.804e+30 3.048e-26 6.435e-15 8.086e-14
1.778e-09 1.860e+48 3.672e+30 2.942e-26 6.211e-15 7.805e-14
1.995e-09 1.421e+48 3.530e+30 2.829e-26 5.972e-15 7.505e-14
2.239e-09 1.081e+48 3.381e+30 2.709e-26 5.719e-15 7.186e-14
2.512e-09 8.186e+47 3.224e+30 2.583e-26 5.453e-15 6.853e-14
2.818e-09 6.174e+47 3.061e+30 2.453e-26 5.177e-15 6.506e-14
3.162e-09 4.635e+47 2.893e+30 2.318e-26 4.893e-15 6.149e-14
3.548e-09 3.463e+47 2.721e+30 2.180e-26 4.603e-15 5.784e-14
3.981e-09 2.575e+47 2.547e+30 2.041e-26 4.308e-15 5.414e-14
4.467e-09 1.904e+47 2.372e+30 1.900e-26 4.012e-15 5.041e-14
5.012e-09 1.401e+47 2.197e+30 1.760e-26 3.716e-15 4.669e-14
5.623e-09 1.025e+47 2.023e+30 1.621e-26 3.422e-15 4.301e-14
6.310e-09 7.457e+46 1.853e+30 1.485e-26 3.134e-15 3.939e-14
7.079e-09 5.392e+46 1.687e+30 1.352e-26 2.853e-15 3.585e-14
7.943e-09 3.874e+46 1.526e+30 1.223e-26 2.581e-15 3.243e-14
8.913e-09 2.765e+46 1.371e+30 1.099e-26 2.319e-15 2.914e-14
1.000e-08 1.961e+46 1.224e+30 9.806e-27 2.070e-15 2.601e-14
1.122e-08 1.380e+46 1.084e+30 8.690e-27 1.834e-15 2.305e-14
1.259e-08 9.644e+45 9.540e+29 7.645e-27 1.614e-15 2.028e-14
1.413e-08 6.688e+45 8.328e+29 6.674e-27 1.409e-15 1.770e-14
1.585e-08 4.601e+45 7.214e+29 5.781e-27 1.220e-15 1.533e-14
1.778e-08 3.141e+45 6.199e+29 4.968e-27 1.049e-15 1.318e-14
1.995e-08 2.127e+45 5.284e+29 4.234e-27 8.938e-16 1.123e-14
2.239e-08 1.429e+45 4.469e+29 3.581e-27 7.559e-16 9.499e-15
2.512e-08 9.526e+44 3.751e+29 3.006e-27 6.345e-16 7.974e-15
2.818e-08 6.311e+44 3.129e+29 2.507e-27 5.293e-16 6.651e-15
3.162e-08 4.162e+44 2.597e+29 2.082e-27 4.394e-16 5.521e-15
3.548e-08 2.739e+44 2.152e+29 1.725e-27 3.640e-16 4.574e-15
3.981e-08 1.806e+44 1.787e+29 1.432e-27 3.022e-16 3.798e-15
4.467e-08 1.200e+44 1.495e+29 1.198e-27 2.529e-16 3.178e-15
5.012e-08 8.097e+43 1.269e+29 1.017e-27 2.147e-16 2.698e-15
5.623e-08 5.587e+43 1.103e+29 8.837e-28 1.865e-16 2.344e-15
6.310e-08 3.971e+43 9.867e+28 7.907e-28 1.669e-16 2.097e-15
7.079e-08 2.919e+43 9.132e+28 7.318e-28 1.545e-16 1.941e-15
7.943e-08 2.220e+43 8.744e+28 7.007e-28 1.479e-16 1.859e-15
8.913e-08 1.746e+43 8.654e+28 6.935e-28 1.464e-16 1.840e-15
1.000e-07 1.407e+43 8.780e+28 7.036e-28 1.485e-16 1.866e-15
1.122e-07 1.154e+43 9.066e+28 7.265e-28 1.534e-16 1.927e-15
1.259e-07 9.571e+42 9.468e+28 7.587e-28 1.602e-16 2.013e-15
1.413e-07 7.987e+42 9.947e+28 7.971e-28 1.683e-16 2.114e-15
1.585e-07 6.689e+42 1.049e+29 8.404e-28 1.774e-16 2.229e-15
1.778e-07 5.618e+42 1.109e+29 8.886e-28 1.876e-16 2.357e-15
1.995e-07 4.720e+42 1.173e+29 9.399e-28 1.984e-16 2.493e-15
2.239e-07 3.962e+42 1.239e+29 9.933e-28 2.097e-16 2.635e-15
2.512e-07 3.329e+42 1.311e+29 1.051e-27 2.218e-16 2.787e-15
2.818e-07 2.797e+42 1.387e+29 1.111e-27 2.346e-16 2.948e-15
3.162e-07 2.347e+42 1.465e+29 1.174e-27 2.478e-16 3.114e-15
3.548e-07 1.972e+42 1.550e+29 1.242e-27 2.621e-16 3.294e-15
3.981e-07 1.656e+42 1.638e+29 1.313e-27 2.771e-16 3.483e-15
4.467e-07 1.390e+42 1.731e+29 1.387e-27 2.928e-16 3.680e-15
5.012e-07 1.167e+42 1.830e+29 1.467e-27 3.096e-16 3.891e-15
5.623e-07 9.798e+41 1.934e+29 1.550e-27 3.271e-16 4.111e-15
6.310e-07 8.228e+41 2.044e+29 1.638e-27 3.458e-16 4.346e-15
7.079e-07 6.906e+41 2.160e+29 1.731e-27 3.654e-16 4.592e-15
7.943e-07 5.797e+41 2.283e+29 1.830e-27 3.862e-16 4.853e-15
8.913e-07 4.869e+41 2.414e+29 1.934e-27 4.083e-16 5.131e-15
1.000e-06 4.096e+41 2.557e+29 2.049e-27 4.325e-16 5.435e-15
1.122e-06 3.439e+41 2.703e+29 2.166e-27 4.571e-16 5.745e-15
1.259e-06 2.894e+41 2.863e+29 2.294e-27 4.842e-16 6.085e-15
1.413e-06 2.434e+41 3.031e+29 2.429e-27 5.128e-16 6.444e-15
1.585e-06 2.043e+41 3.203e+29 2.566e-27 5.417e-16 6.808e-15
1.778e-06 1.719e+41 3.392e+29 2.719e-27 5.738e-16 7.211e-15
1.995e-06 1.443e+41 3.585e+29 2.873e-27 6.064e-16 7.621e-15
2.239e-06 1.213e+41 3.795e+29 3.041e-27 6.420e-16 8.068e-15
2.512e-06 1.020e+41 4.018e+29 3.220e-27 6.796e-16 8.540e-15
2.818e-06 8.563e+40 4.245e+29 3.402e-27 7.181e-16 9.024e-15
3.162e-06 7.202e+40 4.495e+29 3.602e-27 7.603e-16 9.555e-15
3.548e-06 6.058e+40 4.760e+29 3.815e-27 8.052e-16 1.012e-14
3.981e-06 5.095e+40 5.040e+29 4.039e-27 8.526e-16 1.071e-14
4.467e-06 4.278e+40 5.328e+29 4.270e-27 9.012e-16 1.133e-14
5.012e-06 3.599e+40 5.642e+29 4.522e-27 9.544e-16 1.199e-14
5.623e-06 3.028e+40 5.976e+29 4.789e-27 1.011e-15 1.270e-14
6.310e-06 2.548e+40 6.332e+29 5.074e-27 1.071e-15 1.346e-14
7.079e-06 2.142e+40 6.701e+29 5.370e-27 1.133e-15 1.424e-14
7.943e-06 1.804e+40 7.106e+29 5.695e-27 1.202e-15 1.511e-14
8.913e-06 1.521e+40 7.542e+29 6.044e-27 1.276e-15 1.603e-14
1.000e-05 1.284e+40 8.014e+29 6.422e-27 1.356e-15 1.704e-14
1.122e-05 1.084e+40 8.516e+29 6.825e-27 1.441e-15 1.810e-14
1.259e-05 9.179e+39 9.080e+29 7.276e-27 1.536e-15 1.930e-14
1.413e-05 7.795e+39 9.707e+29 7.779e-27 1.642e-15 2.063e-14
1.585e-05 6.639e+39 1.041e+30 8.341e-27 1.761e-15 2.213e-14
1.778e-05 5.677e+39 1.120e+30 8.978e-27 1.895e-15 2.382e-14
1.995e-05 4.876e+39 1.211e+30 9.708e-27 2.049e-15 2.575e-14
2.239e-05 4.210e+39 1.317e+30 1.055e-26 2.228e-15 2.799e-14
2.512e-05 3.654e+39 1.439e+30 1.153e-26 2.434e-15 3.058e-14
2.818e-05 3.195e+39 1.584e+30 1.269e-26 2.680e-15 3.367e-14
3.162e-05 2.814e+39 1.757e+30 1.408e-26 2.971e-15 3.734e-14
3.548e-05 2.497e+39 1.962e+30 1.572e-26 3.319e-15 4.171e-14
3.981e-05 2.232e+39 2.208e+30 1.770e-26 3.735e-15 4.694e-14
4.467e-05 2.010e+39 2.503e+30 2.006e-26 4.234e-15 5.321e-14
5.012e-05 1.822e+39 2.856e+30 2.289e-26 4.831e-15 6.071e-14
5.623e-05 1.660e+39 3.277e+30 2.626e-26 5.544e-15 6.966e-14
6.310e-05 1.521e+39 3.779e+30 3.028e-26 6.392e-15 8.033e-14
7.079e-05 1.396e+39 4.368e+30 3.500e-26 7.388e-15 9.284e-14
7.943e-05 1.282e+39 5.050e+30 4.046e-26 8.541e-15 1.073e-13
8.913e-05 1.178e+39 5.841e+30 4.681e-26 9.881e-15 1.242e-13
1.000e-04 1.082e+39 6.752e+30 5.411e-26 1.142e-14 1.435e-13
1.122e-04 9.911e+38 7.788e+30 6.241e-26 1.317e-14 1.655e-13
1.259e-04 9.053e+38 8.956e+30 7.177e-26 1.515e-14 1.904e-13
1.413e-04 8.234e+38 1.025e+31 8.218e-26 1.735e-14 2.180e-13
1.585e-04 7.450e+38 1.168e+31 9.359e-26 1.976e-14 2.483e-13
1.778e-04 6.698e+38 1.322e+31 1.059e-25 2.236e-14 2.810e-13
1.995e-04 5.980e+38 1.486e+31 1.191e-25 2.513e-14 3.158e-13
2.239e-04 5.299e+38 1.657e+31 1.328e-25 2.804e-14 3.523e-13
2.512e-04 4.657e+38 1.834e+31 1.470e-25 3.102e-14 3.898e-13
2.818e-04 4.059e+38 2.012e+31 1.613e-25 3.404e-14 4.278e-13
3.162e-04 3.510e+38 2.190e+31 1.755e-25 3.705e-14 4.656e-13
3.548e-04 3.011e+38 2.366e+31 1.896e-25 4.002e-14 5.030e-13
3.981e-04 2.565e+38 2.538e+31 2.034e-25 4.293e-14 5.394e-13
4.467e-04 2.171e+38 2.704e+31 2.166e-25 4.573e-14 5.747e-13
5.012e-04 1.827e+38 2.865e+31 2.296e-25 4.846e-14 6.089e-13
5.623e-04 1.530e+38 3.021e+31 2.421e-25 5.109e-14 6.421e-13
6.310e-04 1.275e+38 3.169e+31 2.539e-25 5.360e-14 6.736e-13
7.079e-04 1.058e+38 3.310e+31 2.652e-25 5.599e-14 7.036e-13
7.943e-04 8.736e+37 3.440e+31 2.757e-25 5.820e-14 7.313e-13
8.913e-04 7.179e+37 3.559e+31 2.852e-25 6.021e-14 7.566e-13
1.000e-03 5.874e+37 3.666e+31 2.938e-25 6.202e-14 7.793e-13
1.122e-03 4.787e+37 3.761e+31 3.014e-25 6.362e-14 7.995e-13
1.259e-03 3.886e+37 3.844e+31 3.080e-25 6.502e-14 8.171e-13
1.413e-03 3.144e+37 3.915e+31 3.137e-25 6.622e-14 8.322e-13
1.585e-03 2.536e+37 3.975e+31 3.186e-25 6.725e-14 8.450e-13
1.778e-03 2.041e+37 4.028e+31 3.228e-25 6.814e-14 8.562e-13
1.995e-03 1.640e+37 4.076e+31 3.266e-25 6.895e-14 8.664e-13
2.239e-03 1.318e+37 4.123e+31 3.304e-25 6.974e-14 8.764e-13
2.512e-03 1.060e+37 4.173e+31 3.344e-25 7.058e-14 8.869e-13
2.818e-03 8.527e+36 4.227e+31 3.388e-25 7.151e-14 8.986e-13
3.162e-03 6.870e+36 4.288e+31 3.436e-25 7.254e-14 9.115e-13
3.548e-03 5.541e+36 4.354e+31 3.489e-25 7.364e-14 9.255e-13
3.981e-03 4.469e+36 4.421e+31 3.543e-25 7.478e-14 9.398e-13
4.467e-03 3.606e+36 4.491e+31 3.599e-25 7.596e-14 9.545e-13
5.012e-03 2.911e+36 4.563e+31 3.657e-25 7.719e-14 9.700e-13
5.623e-03 2.351e+36 4.640e+31 3.718e-25 7.848e-14 9.862e-13
6.310e-03 1.900e+36 4.720e+31 3.782e-25 7.984e-14 1.003e-12
7.079e-03 1.536e+36 4.804e+31 3.850e-25 8.127e-14 1.021e-12
7.943e-03 1.242e+36 4.893e+31 3.921e-25 8.277e-14 1.040e-12
8.913e-03 1.006e+36 4.985e+31 3.995e-25 8.432e-14 1.060e-12
1.000e-02 8.140e+35 5.080e+31 4.071e-25 8.594e-14 1.080e-12
1.122e-02 6.590e+35 5.178e+31 4.150e-25 8.759e-14 1.101e-12
1.259e-02 5.336e+35 5.278e+31 4.230e-25 8.928e-14 1.122e-12
1.413e-02 4.321e+35 5.381e+31 4.312e-25 9.101e-14 1.144e-12
1.585e-02 3.499e+35 5.485e+31 4.396e-25 9.279e-14 1.166e-12
1.778e-02 2.834e+35 5.594e+31 4.482e-25 9.462e-14 1.189e-12
1.995e-02 2.296e+35 5.706e+31 4.573e-25 9.652e-14 1.213e-12
2.239e-02 1.862e+35 5.824e+31 4.667e-25 9.851e-14 1.238e-12
2.512e-02 1.510e+35 5.948e+31 4.766e-25 1.006e-13 1.264e-12
2.818e-02 1.226e+35 6.079e+31 4.871e-25 1.028e-13 1.292e-12
3.162e-02 9.962e+34 6.218e+31 4.983e-25 1.052e-13 1.322e-12
3.548e-02 8.101e+34 6.366e+31 5.101e-25 1.077e-13 1.353e-12
3.981e-02 6.594e+34 6.523e+31 5.227e-25 1.103e-13 1.387e-12
4.467e-02 5.372e+34 6.690e+31 5.361e-25 1.132e-13 1.422e-12
5.012e-02 4.381e+34 6.868e+31 5.504e-25 1.162e-13 1.460e-12
5.623e-02 3.574e+34 7.055e+31 5.653e-25 1.193e-13 1.500e-12
6.310e-02 2.918e+34 7.251e+31 5.810e-25 1.226e-13 1.541e-12
7.079e-02 2.383e+34 7.455e+31 5.974e-25 1.261e-13 1.585e-12
7.943e-02 1.946e+34 7.665e+31 6.143e-25 1.297e-13 1.629e-12
8.913e-02 1.590e+34 7.882e+31 6.316e-25 1.333e-13 1.675e-12
1.000e-01 1.298e+34 8.103e+31 6.494e-25 1.371e-13 1.722e-12
1.122e-01 1.060e+34 8.329e+31 6.675e-25 1.409e-13 1.770e-12
1.259e-01 8.653e+33 8.560e+31 6.859e-25 1.448e-13 1.819e-12
1.413e-01 7.061e+33 8.794e+31 7.047e-25 1.487e-13 1.869e-12
1.585e-01 5.760e+33 9.031e+31 7.237e-25 1.528e-13 1.920e-12
1.778e-01 4.697e+33 9.270e+31 7.429e-25 1.568e-13 1.971e-12
1.995e-01 3.828e+33 9.512e+31 7.622e-25 1.609e-13 2.022e-12
2.239e-01 3.118e+33 9.754e+31 7.817e-25 1.650e-13 2.073e-12
2.512e-01 2.538e+33 9.996e+31 8.011e-25 1.691e-13 2.125e-12
2.818e-01 2.065e+33 1.024e+32 8.204e-25 1.732e-13 2.176e-12
3.162e-01 1.679e+33 1.048e+32 8.395e-25 1.772e-13 2.227e-12
3.548e-01 1.363e+33 1.071e+32 8.584e-25 1.812e-13 2.277e-12
3.981e-01 1.106e+33 1.094e+32 8.769e-25 1.851e-13 2.326e-12
4.467e-01 8.967e+32 1.117e+32 8.949e-25 1.889e-13 2.374e-12
5.012e-01 7.261e+32 1.138e+32 9.123e-25 1.926e-13 2.420e-12
5.623e-01 5.873e+32 1.159e+32 9.289e-25 1.961e-13 2.464e-12
6.310e-01 4.744e+32 1.179e+32 9.447e-25 1.994e-13 2.506e-12
7.079e-01 3.827e+32 1.197e+32 9.594e-25 2.025e-13 2.545e-12
7.943e-01 3.083e+32 1.214e+32 9.730e-25 2.054e-13 2.581e-12
8.913e-01 2.480e+32 1.230e+32 9.853e-25 2.080e-13 2.613e-12
1.000e+00 1.992e+32 1.243e+32 9.961e-25 2.103e-13 2.642e-12
1.122e+00 1.597e+32 1.255e+32 1.005e-24 2.122e-13 2.667e-12
1.259e+00 1.278e+32 1.264e+32 1.013e-24 2.138e-13 2.686e-12
1.413e+00 1.020e+32 1.271e+32 1.018e-24 2.150e-13 2.701e-12
1.585e+00 8.134e+31 1.275e+32 1.022e-24 2.157e-13 2.711e-12
1.778e+00 6.470e+31 1.277e+32 1.023e-24 2.160e-13 2.714e-12
1.995e+00 5.135e+31 1.276e+32 1.022e-24 2.158e-13 2.712e-12
2.239e+00 4.066e+31 1.272e+32 1.019e-24 2.151e-13 2.703e-12
2.512e+00 3.211e+31 1.265e+32 1.013e-24 2.139e-13 2.688e-12
2.818e+00 2.530e+31 1.254e+32 1.005e-24 2.122e-13 2.666e-12
3.162e+00 1.988e+31 1.241e+32 9.943e-25 2.099e-13 2.637e-12
3.548e+00 1.558e+31 1.224e+32 9.807e-25 2.070e-13 2.601e-12
3.981e+00 1.217e+31 1.204e+32 9.646e-25 2.036e-13 2.559e-12
4.467e+00 9.478e+30 1.180e+32 9.459e-25 1.997e-13 2.509e-12
5.012e+00 7.359e+30 1.154e+32 9.245e-25 1.952e-13 2.452e-12
5.623e+00 5.695e+30 1.124e+32 9.007e-25 1.901e-13 2.389e-12
6.310e+00 4.392e+30 1.091e+32 8.746e-25 1.846e-13 2.320e-12
7.079e+00 3.375e+30 1.056e+32 8.461e-25 1.786e-13 2.244e-12
7.943e+00 2.585e+30 1.018e+32 8.156e-25 1.722e-13 2.163e-12
8.913e+00 1.971e+30 9.774e+31 7.832e-25 1.653e-13 2.078e-12
1.000e+01 1.498e+30 9.349e+31 7.492e-25 1.581e-13 1.987e-12
1.122e+01 1.133e+30 8.906e+31 7.137e-25 1.506e-13 1.893e-12
1.259e+01 8.541e+29 8.449e+31 6.770e-25 1.429e-13 1.796e-12
1.413e+01 6.408e+29 7.980e+31 6.395e-25 1.350e-13 1.696e-12
1.585e+01 4.786e+29 7.503e+31 6.013e-25 1.269e-13 1.595e-12
1.778e+01 3.558e+29 7.022e+31 5.627e-25 1.188e-13 1.493e-12
1.995e+01 2.632e+29 6.540e+31 5.241e-25 1.106e-13 1.390e-12
2.239e+01 1.938e+29 6.061e+31 4.857e-25 1.025e-13 1.288e-12
2.512e+01 1.419e+29 5.588e+31 4.478e-25 9.453e-14 1.188e-12
2.818e+01 1.034e+29 5.125e+31 4.107e-25 8.668e-14 1.089e-12
3.162e+01 7.487e+28 4.673e+31 3.745e-25 7.904e-14 9.933e-13
3.548e+01 5.391e+28 4.236e+31 3.395e-25 7.165e-14 9.004e-13
3.981e+01 3.858e+28 3.816e+31 3.058e-25 6.456e-14 8.112e-13
4.467e+01 2.743e+28 3.416e+31 2.737e-25 5.778e-14 7.261e-13
5.012e+01 1.937e+28 3.037e+31 2.433e-25 5.137e-14 6.455e-13
5.623e+01 1.358e+28 2.680e+31 2.148e-25 4.533e-14 5.697e-13
6.310e+01 9.445e+27 2.347e+31 1.881e-25 3.970e-14 4.989e-13
7.079e+01 6.518e+27 2.039e+31 1.634e-25 3.449e-14 4.334e-13
7.943e+01 4.460e+27 1.756e+31 1.407e-25 2.971e-14 3.733e-13
8.913e+01 3.026e+27 1.500e+31 1.202e-25 2.537e-14 3.188e-13
1.000e+02 2.035e+27 1.270e+31 1.018e-25 2.148e-14 2.699e-13
1.122e+02 1.357e+27 1.066e+31 8.542e-26 1.803e-14 2.266e-13
1.259e+02 8.969e+26 8.872e+30 7.110e-26 1.501e-14 1.886e-13
1.413e+02 5.880e+26 7.323e+30 5.868e-26 1.239e-14 1.557e-13
1.585e+02 3.822e+26 5.992e+30 4.802e-26 1.014e-14 1.274e-13
1.778e+02 2.461e+26 4.857e+30 3.892e-26 8.215e-15 1.032e-13
1.995e+02 1.567e+26 3.893e+30 3.119e-26 6.585e-15 8.274e-14
2.239e+02 9.846e+25 3.080e+30 2.468e-26 5.210e-15 6.547e-14
2.512e+02 6.098e+25 2.401e+30 1.924e-26 4.062e-15 5.104e-14
2.818e+02 3.717e+25 1.843e+30 1.477e-26 3.117e-15 3.918e-14
3.162e+02 2.229e+25 1.391e+30 1.115e-26 2.353e-15 2.957e-14
3.548e+02 1.312e+25 1.031e+30 8.261e-27 1.744e-15 2.191e-14
3.981e+02 7.569e+24 7.487e+29 6.000e-27 1.267e-15 1.592e-14
4.467e+02 4.301e+24 5.356e+29 4.292e-27 9.060e-16 1.139e-14
5.012e+02 2.514e+24 3.941e+29 3.159e-27 6.667e-16 8.378e-15
5.623e+02 1.556e+24 3.071e+29 2.461e-27 5.194e-16 6.527e-15
6.310e+02 9.470e+23 2.353e+29 1.886e-27 3.980e-16 5.002e-15
7.079e+02 5.663e+23 1.772e+29 1.420e-27 2.997e-16 3.766e-15
7.943e+02 3.322e+23 1.308e+29 1.048e-27 2.213e-16 2.781e-15
8.913e+02 1.909e+23 9.466e+28 7.586e-28 1.601e-16 2.012e-15
1.000e+03 1.073e+23 6.699e+28 5.368e-28 1.133e-16 1.424e-15
1.122e+03 5.890e+22 4.628e+28 3.709e-28 7.828e-17 9.837e-16
1.259e+03 3.149e+22 3.116e+28 2.497e-28 5.270e-17 6.622e-16
1.413e+03 1.638e+22 2.039e+28 1.634e-28 3.450e-17 4.335e-16
1.585e+03 8.260e+21 1.295e+28 1.038e-28 2.190e-17 2.753e-16
1.778e+03 4.031e+21 7.955e+27 6.375e-29 1.346e-17 1.691e-16
1.995e+03 1.897e+21 4.714e+27 3.778e-29 7.974e-18 1.002e-16
2.239e+03 8.585e+20 2.685e+27 2.152e-29 4.543e-18 5.708e-17
2.512e+03 3.720e+20 1.465e+27 1.174e-29 2.478e-18 3.114e-17
2.818e+03 1.536e+20 7.617e+26 6.104e-30 1.288e-18 1.619e-17
3.162e+03 6.014e+19 3.753e+26 3.008e-30 6.349e-19 7.978e-18
3.548e+03 2.214e+19 1.740e+26 1.394e-30 2.943e-19 3.698e-18
3.981e+03 7.590e+18 7.508e+25 6.017e-31 1.270e-19 1.596e-18
4.467e+03 2.386e+18 2.972e+25 2.381e-31 5.026e-20 6.316e-19
5.012e+03 6.717e+17 1.053e+25 8.439e-32 1.781e-20 2.239e-19
5.623e+03 1.626e+17 3.210e+24 2.572e-32 5.429e-21 6.823e-20
6.310e+03 3.145e+16 7.814e+23 6.262e-33 1.322e-21 1.661e-20
7.079e+03 4.176e+15 1.306e+23 1.047e-33 2.210e-22 2.777e-21
7.943e+03 2.583e+14 1.017e+22 8.151e-35 1.721e-23 2.162e-22
8.913e+03 8.312e+11 4.121e+19 3.303e-37 6.971e-26 8.760e-25
1.000e+04 0.000e+00 0.000e+00 0.000e+00 0.000e+00 0.000e+00
1.122e+04 0.000e+00 0.000e+00 0.000e+00 0.000e+00 0.000e+00
1.259e+04 0.000e+00 0.000e+00 0.000e+00 0.000e+00 0.000e+00
1.413e+04 0.000e+00 0.000e+00 0.000e+00 0.000e+00 0.000e+00
1.585e+04 0.000e+00 0.000e+00 0.000e+00 0.000e+00 0.000e+00
1.778e+04 0.000e+00 0.000e+00 0.000e+00 0.000e+00 0.000e+00
1.995e+04 0.000e+00 0.000e+00 0.000e+00 0.000e+00 0.000e+00
2.239e+04 0.000e+00 0.000e+00 0.000e+00 0.000e+00 0.000e+00
2.512e+04 0.000e+00 0.000e+00 0.000e+00 0.000e+00 0.000e+00
2.818e+04 0.000e+00 0.000e+00 0.000e+00 0.000e+00 0.000e+00
3.162e+04 0.000e+00 0.000e+00 0.000e+00 0.000e+00 0.000e+00
3.548e+04 0.000e+00 0.000e+00 0.000e+00 0.000e+00 0.000e+00
3.981e+04 0.000e+00 0.000e+00 0.000e+00 0.000e+00 0.000e+00
4.467e+04 0.000e+00 0.000e+00 0.000e+00 0.000e+00 0.000e+00
5.012e+04 0.000e+00 0.000e+00 0.000e+00 0.000e+00 0.000e+00
5.623e+04 0.000e+00 0.000e+00 0.000e+00 0.000e+00 0.000e+00
6.310e+04 0.000e+00 0.000e+00 0.000e+00 0.000e+00 0.000e+00
7.079e+04 0.000e+00 0.000e+00 0.000e+00 0.000e+00 0.000e+00
7.943e+04 0.000e+00 0.000e+00 0.000e+00 0.000e+00 0.000e+00
8.913e+04 0.000e+00 0.000e+00 0.000e+00 0.000e+00 0.000e+00
1.000e+05 0.000e+00 0.000e+00 0.000e+00 0.000e+00 0.000e+00
1.122e+05 0.000e+00 0.000e+00 0.000e+00 0.000e+00 0.000e+00
1.259e+05 0.000e+00 0.000e+00 0.000e+00 0.000e+00 0.000e+00
1.413e+05 0.000e+00 0.000e+00 0.000e+00 0.000e+00 0.000e+00
1.585e+05 0.000e+00 0.000e+00 0.000e+00 0.000e+00 0.000e+00
1.778e+05 0.000e+00 0.000e+00 0.000e+00 0.000e+00 0.000e+00
1.995e+05 0.000e+00 0.000e+00 0.000e+00 0.000e+00 0.000e+00
2.239e+05 0.000e+00 0.000e+00 0.000e+00 0.000e+00 0.000e+00
2.512e+05 0.000e+00 0.000e+00 0.000e+00 0.000e+00 0.000e+00
2.818e+05 0.000e+00 0.000e+00 0.000e+00 0.000e+00 0.000e+00
3.162e+05 0.000e+00 0.000e+00 0.000e+00 0.000e+00 0.000e+00
3.548e+05 0.000e+00 0.000e+00 0.000e+00 0.000e+00 0.000e+00
3.981e+05 0.000e+00 0.000e+00 0.000e+00 0.000e+00 0.000e+00
4.467e+05 0.000e+00 0.000e+00 0.000e+00 0.000e+00 0.000e+00
5.012e+05 0.000e+00 0.000e+00 0.000e+00 0.000e+00 0.000e+00
5.623e+05 0.000e+00 0.000e+00 0.000e+00 0.000e+00 0.000e+00
6.310e+05 0.000e+00 0.000e+00 0.000e+00 0.000e+00 0.000e+00
7.079e+05 0.000e+00 0.000e+00 0.000e+00 0.000e+00 0.000e+00
7.943e+05 0.000e+00 0.000e+00 0.000e+00 0.000e+00 0.000e+00
8.913e+05 0.000e+00 0.000e+00 0.000e+00 0.000e+00 0.000e+00
1.000e+06 0.000e+00 0.000e+00 0.000e+00 0.000e+00 0.000e+00
1.122e+06 0.000e+00 0.000e+00 0.000e+00 0.000e+00 0.000e+00
1.259e+06 0.000e+00 0.000e+00 0.000e+00 0.000e+00 0.000e+00
1.413e+06 0.000e+00 0.000e+00 0.000e+00 0.000e+00 0.000e+00
1.585e+06 0.000e+00 0.000e+00 0.000e+00 0.000e+00 0.000e+00
1.778e+06 0.000e+00 0.000e+00 0.000e+00 0.000e+00 0.000e+00
1.995e+06 0.000e+00 0.000e+00 0.000e+00 0.000e+00 0.000e+00
2.239e+06 0.000e+00 0.000e+00 0.000e+00 0.000e+00 0.000e+00
2.512e+06 0.000e+00 0.000e+00 0.000e+00 0.000e+00 0.000e+00
2.818e+06 0.000e+00 0.000e+00 0.000e+00 0.000e+00 0.000e+00
3.162e+06 0.000e+00 0.000e+00 0.000e+00 0.000e+00 0.000e+00
3.548e+06 0.000e+00 0.000e+00 0.000e+00 0.000e+00 0.000e+00
3.981e+06 0.000e+00 0.000e+00 0.000e+00 0.000e+00 0.000e+00
4.467e+06 0.000e+00 0.000e+00 0.000e+00 0.000e+00 0.000e+00
5.012e+06 0.000e+00 0.000e+00 0.000e+00 0.000e+00 0.000e+00
5.623e+06 0.000e+00 0.000e+00 0.000e+00 0.000e+00 0.000e+00
6.310e+06 0.000e+00 0.000e+00 0.000e+00 0.000e+00 0.000e+00
7.079e+06 0.000e+00 0.000e+00 0.000e+00 0.000e+00 0.000e+00
7.943e+06 0.000e+00 0.000e+00 0.000e+00 0.000e+00 0.000e+00
8.913e+06 0.000e+00 0.000e+00 0.000e+00 0.000e+00 0.000e+00
1.000e+07 0.000e+00 0.000e+00 0.000e+00 0.000e+00 0.000e+00
1.122e+07 0.000e+00 0.000e+00 0.000e+00 0.000e+00 0.000e+00
1.259e+07 0.000e+00 0.000e+00 0.000e+00 0.000e+00 0.000e+00
1.413e+07 0.000e+00 0.000e+00 0.000e+00 0.000e+00 0.000e+00
1.585e+07 0.000e+00 0.000e+00 0.000e+00 0.000e+00 0.000e+00
1.778e+07 0.000e+00 0.000e+00 0.000e+00 0.000e+00 0.000e+00
1.995e+07 0.000e+00 0.000e+00 0.000e+00 0.000e+00 0.000e+00
2.239e+07 0.000e+00 0.000e+00 0.000e+00 0.000e+00 0.000e+00
2.512e+07 0.000e+00 0.000e+00 0.000e+00 0.000e+00 0.000e+00
2.818e+07 0.000e+00 0.000e+00 0.000e+00 0.000e+00 0.000e+00
3.162e+07 0.000e+00 0.000e+00 0.000e+00 0.000e+00 0.000e+00
3.548e+07 0.000e+00 0.000e+00 0.000e+00 0.000e+00 0.000e+00
3.981e+07 0.000e+00 0.000e+00 0.000e+00 0.000e+00 0.000e+00
4.467e+07 0.000e+00 0.000e+00 0.000e+00 0.000e+00 0.000e+00
5.012e+07 0.000e+00 0.000e+00 0.000e+00 0.000e+00 0.000e+00
5.623e+07 0.000e+00 0.000e+00 0.000e+00 0.000e+00 0.000e+00
6.310e+07 0.000e+00 0.000e+00 0.000e+00 0.000e+00 0.000e+00
7.079e+07 0.000e+00 0.000e+00 0.000e+00 0.000e+00 0.000e+00
7.943e+07 0.000e+00 0.000e+00 0.000e+00 0.000e+00 0.000e+00
8.913e+07 0.000e+00 0.000e+00 0.000e+00 0.000e+00 0.000e+00
1.000e+08 0.000e+00 0.000e+00 0.000e+00 0.000e+00 0.000e+00
