1.000e-20 0.000e+00 0.000e+00 0.000e+00 0.000e+00 0.000e+00
1.122e-20 0.000e+00 0.000e+00 0.000e+00 0.000e+00 0.000e+00
1.259e-20 0.000e+00 0.000e+00 0.000e+00 0.000e+00 0.000e+00
1.413e-20 0.000e+00 0.000e+00 0.000e+00 0.000e+00 0.000e+00
1.585e-20 0.000e+00 0.000e+00 0.000e+00 0.000e+00 0.000e+00
1.778e-20 0.000e+00 0.000e+00 0.000e+00 0.000e+00 0.000e+00
1.995e-20 0.000e+00 0.000e+00 0.000e+00 0.000e+00 0.000e+00
2.239e-20 0.000e+00 0.000e+00 0.000e+00 0.000e+00 0.000e+00
2.512e-20 0.000e+00 0.000e+00 0.000e+00 0.000e+00 0.000e+00
2.818e-20 0.000e+00 0.000e+00 0.000e+00 0.000e+00 0.000e+00
3.162e-20 0.000e+00 0.000e+00 0.000e+00 0.000e+00 0.000e+00
3.548e-20 0.000e+00 0.000e+00 0.000e+00 0.000e+00 0.000e+00
3.981e-20 0.000e+00 0.000e+00 0.000e+00 0.000e+00 0.000e+00
4.467e-20 0.000e+00 0.000e+00 0.000e+00 0.000e+00 0.000e+00
5.012e-20 0.000e+00 0.000e+00 0.000e+00 0.000e+00 0.000e+00
5.623e-20 0.000e+00 0.000e+00 0.000e+00 0.000e+00 0.000e+00
6.310e-20 0.000e+00 0.000e+00 0.000e+00 0.000e+00 0.000e+00
7.079e-20 0.000e+00 0.000e+00 0.000e+00 0.000e+00 0.000e+00
7.943e-20 0.000e+00 0.000e+00 0.000e+00 0.000e+00 0.000e+00
8.913e-20 0.000e+00 0.000e+00 0.000e+00 0.000e+00 0.000e+00
1.000e-19 0.000e+00 0.000e+00 0.000e+00 0.000e+00 0.000e+00
1.122e-19 0.000e+00 0.000e+00 0.000e+00 0.000e+00 0.000e+00
1.259e-19 0.000e+00 0.000e+00 0.000e+00 0.000e+00 0.000e+00
1.413e-19 0.000e+00 0.000e+00 0.000e+00 0.000e+00 0.000e+00
1.585e-19 0.000e+00 0.000e+00 0.000e+00 0.000e+00 0.000e+00
1.778e-19 0.000e+00 0.000e+00 0.000e+00 0.000e+00 0.000e+00
1.995e-19 0.000e+00 0.000e+00 0.000e+00 0.000e+00 0.000e+00
2.239e-19 0.000e+00 0.000e+00 0.000e+00 0.000e+00 0.000e+00
2.512e-19 0.000e+00 0.000e+00 0.000e+00 0.000e+00 0.000e+00
2.818e-19 0.000e+00 0.000e+00 0.000e+00 0.000e+00 0.000e+00
3.162e-19 0.000e+00 0.000e+00 0.000e+00 0.000e+00 0.000e+00
3.548e-19 0.000e+00 0.000e+00 0.000e+00 0.000e+00 0.000e+00
3.981e-19 0.000e+00 0.000e+00 0.000e+00 0.000e+00 0.000e+00
4.467e-19 0.000e+00 0.000e+00 0.000e+00 0.000e+00 0.000e+00
5.012e-19 0.000e+00 0.000e+00 0.000e+00 0.000e+00 0.000e+00
5.623e-19 0.000e+00 0.000e+00 0.000e+00 0.000e+00 0.000e+00
6.310e-19 0.000e+00 0.000e+00 0.000e+00 0.000e+00 0.000e+00
7.079e-19 0.000e+00 0.000e+00 0.000e+00 0.000e+00 0.000e+00
7.943e-19 0.000e+00 0.000e+00 0.000e+00 0.000e+00 0.000e+00
8.913e-19 0.000e+00 0.000e+00 0.000e+00 0.000e+00 0.000e+00
1.000e-18 0.000e+00 0.000e+00 0.000e+00 0.000e+00 0.000e+00
1.122e-18 0.000e+00 0.000e+00 0.000e+00 0.000e+00 0.000e+00
1.259e-18 0.000e+00 0.000e+00 0.000e+00 0.000e+00 0.000e+00
1.413e-18 0.000e+00 0.000e+00 0.000e+00 0.000e+00 0.000e+00
1.585e-18 0.000e+00 0.000e+00 0.000e+00 0.000e+00 0.000e+00
1.778e-18 0.000e+00 0.000e+00 0.000e+00 0.000e+00 0.000e+00
1.995e-18 0.000e+00 0.000e+00 0.000e+00 0.000e+00 0.000e+00
2.239e-18 0.000e+00 0.000e+00 0.000e+00 0.000e+00 0.000e+00
2.512e-18 0.000e+00 0.000e+00 0.000e+00 0.000e+00 0.000e+00
2.818e-18 0.000e+00 0.000e+00 0.000e+00 0.000e+00 0.000e+00
3.162e-18 0.000e+00 0.000e+00 0.000e+00 0.000e+00 0.000e+00
3.548e-18 0.000e+00 0.000e+00 0.000e+00 0.000e+00 0.000e+00
3.981e-18 0.000e+00 0.000e+00 0.000e+00 0.000e+00 0.000e+00
4.467e-18 0.000e+00 0.000e+00 0.000e+00 0.000e+00 0.000e+00
5.012e-18 0.000e+00 0.000e+00 0.000e+00 0.000e+00 0.000e+00
5.623e-18 0.000e+00 0.000e+00 0.000e+00 0.000e+00 0.000e+00
6.310e-18 0.000e+00 0.000e+00 0.000e+00 0.000e+00 0.000e+00
7.079e-18 0.000e+00 0.000e+00 0.000e+00 0.000e+00 0.000e+00
7.943e-18 0.000e+00 0.000e+00 0.000e+00 0.000e+00 0.000e+00
8.913e-18 0.000e+00 0.000e+00 0.000e+00 0.000e+00 0.000e+00
1.000e-17 0.000e+00 0.000e+00 0.000e+00 0.000e+00 0.000e+00
1.122e-17 0.000e+00 0.000e+00 0.000e+00 0.000e+00 0.000e+00
1.259e-17 0.000e+00 0.000e+00 0.000e+00 0.000e+00 0.000e+00
1.413e-17 0.000e+00 0.000e+00 0.000e+00 0.000e+00 0.000e+00
1.585e-17 0.000e+00 0.000e+00 0.000e+00 0.000e+00 0.000e+00
1.778e-17 0.000e+00 0.000e+00 0.000e+00 0.000e+00 0.000e+00
1.995e-17 0.000e+00 0.000e+00 0.000e+00 0.000e+00 0.000e+00
2.239e-17 0.000e+00 0.000e+00 0.000e+00 0.000e+00 0.000e+00
2.512e-17 0.000e+00 0.000e+00 0.000e+00 0.000e+00 0.000e+00
2.818e-17 0.000e+00 0.000e+00 0.000e+00 0.000e+00 0.000e+00
3.162e-17 0.000e+00 0.000e+00 0.000e+00 0.000e+00 0.000e+00
3.548e-17 0.000e+00 0.000e+00 0.000e+00 0.000e+00 0.000e+00
3.981e-17 0.000e+00 0.000e+00 0.000e+00 0.000e+00 0.000e+00
4.467e-17 0.000e+00 0.000e+00 0.000e+00 0.000e+00 0.000e+00
5.012e-17 0.000e+00 0.000e+00 0.000e+00 0.000e+00 0.000e+00
5.623e-17 0.000e+00 0.000e+00 0.000e+00 0.000e+00 0.000e+00
6.310e-17 0.000e+00 0.000e+00 0.000e+00 0.000e+00 0.000e+00
7.079e-17 0.000e+00 0.000e+00 0.000e+00 0.000e+00 0.000e+00
7.943e-17 0.000e+00 0.000e+00 0.000e+00 0.000e+00 0.000e+00
8.913e-17 0.000e+00 0.000e+00 0.000e+00 0.000e+00 0.000e+00
1.000e-16 0.000e+00 0.000e+00 0.000e+00 0.000e+00 0.000e+00
1.122e-16 0.000e+00 0.000e+00 0.000e+00 0.000e+00 0.000e+00
1.259e-16 0.000e+00 0.000e+00 0.000e+00 0.000e+00 0.000e+00
1.413e-16 0.000e+00 0.000e+00 0.000e+00 0.000e+00 0.000e+00
1.585e-16 0.000e+00 0.000e+00 0.000e+00 0.000e+00 0.000e+00
1.778e-16 0.000e+00 0.000e+00 0.000e+00 0.000e+00 0.000e+00
1.995e-16 0.000e+00 0.000e+00 0.000e+00 0.000e+00 0.000e+00
2.239e-16 0.000e+00 0.000e+00 0.000e+00 0.000e+00 0.000e+00
2.512e-16 0.000e+00 0.000e+00 0.000e+00 0.000e+00 0.000e+00
2.818e-16 0.000e+00 0.000e+00 0.000e+00 0.000e+00 0.000e+00
3.162e-16 0.000e+00 0.000e+00 0.000e+00 0.000e+00 0.000e+00
3.548e-16 0.000e+00 0.000e+00 0.000e+00 0.000e+00 0.000e+00
3.981e-16 0.000e+00 0.000e+00 0.000e+00 0.000e+00 0.000e+00
4.467e-16 0.000e+00 0.000e+00 0.000e+00 0.000e+00 0.000e+00
5.012e-16 0.000e+00 0.000e+00 0.000e+00 0.000e+00 0.000e+00
5.623e-16 0.000e+00 0.000e+00 0.000e+00 0.000e+00 0.000e+00
6.310e-16 0.000e+00 0.000e+00 0.000e+00 0.000e+00 0.000e+00
7.079e-16 0.000e+00 0.000e+00 0.000e+00 0.000e+00 0.000e+00
7.943e-16 0.000e+00 0.000e+00 0.000e+00 0.000e+00 0.000e+00
8.913e-16 0.000e+00 0.000e+00 0.000e+00 0.000e+00 0.000e+00
1.000e-15 0.000e+00 0.000e+00 0.000e+00 0.000e+00 0.000e+00
1.122e-15 0.000e+00 0.000e+00 0.000e+00 0.000e+00 0.000e+00
1.259e-15 0.000e+00 0.000e+00 0.000e+00 0.000e+00 0.000e+00
1.413e-15 0.000e+00 0.000e+00 0.000e+00 0.000e+00 0.000e+00
1.585e-15 0.000e+00 0.000e+00 0.000e+00 0.000e+00 0.000e+00
1.778e-15 0.000e+00 0.000e+00 0.000e+00 0.000e+00 0.000e+00
1.995e-15 0.000e+00 0.000e+00 0.000e+00 0.000e+00 0.000e+00
2.239e-15 0.000e+00 0.000e+00 0.000e+00 0.000e+00 0.000e+00
2.512e-15 0.000e+00 0.000e+00 0.000e+00 0.000e+00 0.000e+00
2.818e-15 0.000e+00 0.000e+00 0.000e+00 0.000e+00 0.000e+00
3.162e-15 0.000e+00 0.000e+00 0.000e+00 0.000e+00 0.000e+00
3.548e-15 0.000e+00 0.000e+00 0.000e+00 0.000e+00 0.000e+00
3.981e-15 0.000e+00 0.000e+00 0.000e+00 0.000e+00 0.000e+00
4.467e-15 0.000e+00 0.000e+00 0.000e+00 0.000e+00 0.000e+00
5.012e-15 0.000e+00 0.000e+00 0.000e+00 0.000e+00 0.000e+00
5.623e-15 0.000e+00 0.000e+00 0.000e+00 0.000e+00 0.000e+00
6.310e-15 0.000e+00 0.000e+00 0.000e+00 0.000e+00 0.000e+00
7.079e-15 0.000e+00 0.000e+00 0.000e+00 0.000e+00 0.000e+00
7.943e-15 0.000e+00 0.000e+00 0.000e+00 0.000e+00 0.000e+00
8.913e-15 0.000e+00 0.000e+00 0.000e+00 0.000e+00 0.000e+00
1.000e-14 0.000e+00 0.000e+00 0.000e+00 0.000e+00 0.000e+00
1.122e-14 0.000e+00 0.000e+00 0.000e+00 0.000e+00 0.000e+00
1.259e-14 0.000e+00 0.000e+00 0.000e+00 0.000e+00 0.000e+00
1.413e-14 0.000e+00 0.000e+00 0.000e+00 0.000e+00 0.000e+00
1.585e-14 0.000e+00 0.000e+00 0.000e+00 0.000e+00 0.000e+00
1.778e-14 0.000e+00 0.000e+00 0.000e+00 0.000e+00 0.000e+00
1.995e-14 0.000e+00 0.000e+00 0.000e+00 0.000e+00 0.000e+00
2.239e-14 0.000e+00 0.000e+00 0.000e+00 0.000e+00 0.000e+00
2.512e-14 0.000e+00 0.000e+00 0.000e+00 0.000e+00 0.000e+00
2.818e-14 0.000e+00 0.000e+00 0.000e+00 0.000e+00 0.000e+00
3.162e-14 0.000e+00 0.000e+00 0.000e+00 0.000e+00 0.000e+00
3.548e-14 0.000e+00 0.000e+00 0.000e+00 0.000e+00 0.000e+00
3.981e-14 0.000e+00 0.000e+00 0.000e+00 0.000e+00 0.000e+00
4.467e-14 0.000e+00 0.000e+00 0.000e+00 0.000e+00 0.000e+00
5.012e-14 0.000e+00 0.000e+00 0.000e+00 0.000e+00 0.000e+00
5.623e-14 0.000e+00 0.000e+00 0.000e+00 0.000e+00 0.000e+00
6.310e-14 0.000e+00 0.000e+00 0.000e+00 0.000e+00 0.000e+00
7.079e-14 0.000e+00 0.000e+00 0.000e+00 0.000e+00 0.000e+00
7.943e-14 0.000e+00 0.000e+00 0.000e+00 0.000e+00 0.000e+00
8.913e-14 0.000e+00 0.000e+00 0.000e+00 0.000e+00 0.000e+00
1.000e-13 0.000e+00 0.000e+00 0.000e+00 0.000e+00 0.000e+00
1.122e-13 0.000e+00 0.000e+00 0.000e+00 0.000e+00 0.000e+00
1.259e-13 0.000e+00 0.000e+00 0.000e+00 0.000e+00 0.000e+00
1.413e-13 0.000e+00 0.000e+00 0.000e+00 0.000e+00 0.000e+00
1.585e-13 0.000e+00 0.000e+00 0.000e+00 0.000e+00 0.000e+00
1.778e-13 0.000e+00 0.000e+00 0.000e+00 0.000e+00 0.000e+00
1.995e-13 0.000e+00 0.000e+00 0.000e+00 0.000e+00 0.000e+00
2.239e-13 0.000e+00 0.000e+00 0.000e+00 0.000e+00 0.000e+00
2.512e-13 0.000e+00 0.000e+00 0.000e+00 0.000e+00 0.000e+00
2.818e-13 0.000e+00 0.000e+00 0.000e+00 0.000e+00 0.000e+00
3.162e-13 0.000e+00 0.000e+00 0.000e+00 0.000e+00 0.000e+00
3.548e-13 0.000e+00 0.000e+00 0.000e+00 0.000e+00 0.000e+00
3.981e-13 0.000e+00 0.000e+00 0.000e+00 0.000e+00 0.000e+00
4.467e-13 0.000e+00 0.000e+00 0.000e+00 0.000e+00 0.000e+00
5.012e-13 0.000e+00 0.000e+00 0.000e+00 0.000e+00 0.000e+00
5.623e-13 0.000e+00 0.000e+00 0.000e+00 0.000e+00 0.000e+00
6.310e-13 0.000e+00 0.000e+00 0.000e+00 0.000e+00 0.000e+00
7.079e-13 0.000e+00 0.000e+00 0.000e+00 0.000e+00 0.000e+00
7.943e-13 0.000e+00 0.000e+00 0.000e+00 0.000e+00 0.000e+00
8.913e-13 0.000e+00 0.000e+00 0.000e+00 0.000e+00 0.000e+00
1.000e-12 0.000e+00 0.000e+00 0.000e+00 0.000e+00 0.000e+00
1.122e-12 3.001e+49 2.358e+25 1.890e-31 7.978e-20 5.013e-19
1.259e-12 2.525e+49 2.498e+25 2.002e-31 8.451e-20 5.310e-19
1.413e-12 2.125e+49 2.646e+25 2.120e-31 8.951e-20 5.624e-19
1.585e-12 1.788e+49 2.803e+25 2.246e-31 9.482e-20 5.958e-19
1.778e-12 1.504e+49 2.969e+25 2.379e-31 1.004e-19 6.311e-19
1.995e-12 1.266e+49 3.145e+25 2.520e-31 1.064e-19 6.685e-19
2.239e-12 1.065e+49 3.331e+25 2.669e-31 1.127e-19 7.081e-19
2.512e-12 8.960e+48 3.528e+25 2.828e-31 1.194e-19 7.500e-19
2.818e-12 7.539e+48 3.738e+25 2.995e-31 1.264e-19 7.945e-19
3.162e-12 6.343e+48 3.959e+25 3.173e-31 1.339e-19 8.415e-19
3.548e-12 5.337e+48 4.194e+25 3.361e-31 1.419e-19 8.914e-19
3.981e-12 4.490e+48 4.442e+25 3.560e-31 1.503e-19 9.442e-19
4.467e-12 3.778e+48 4.705e+25 3.771e-31 1.592e-19 1.000e-18
5.012e-12 3.179e+48 4.984e+25 3.994e-31 1.686e-19 1.059e-18
5.623e-12 2.675e+48 5.279e+25 4.231e-31 1.786e-19 1.122e-18
6.310e-12 2.251e+48 5.592e+25 4.481e-31 1.892e-19 1.189e-18
7.079e-12 1.894e+48 5.924e+25 4.747e-31 2.004e-19 1.259e-18
7.943e-12 1.593e+48 6.275e+25 5.028e-31 2.123e-19 1.334e-18
8.913e-12 1.341e+48 6.646e+25 5.326e-31 2.248e-19 1.413e-18
1.000e-11 1.128e+48 7.040e+25 5.642e-31 2.382e-19 1.496e-18
1.122e-11 9.491e+47 7.457e+25 5.976e-31 2.523e-19 1.585e-18
1.259e-11 7.985e+47 7.899e+25 6.330e-31 2.672e-19 1.679e-18
1.413e-11 6.719e+47 8.367e+25 6.705e-31 2.831e-19 1.779e-18
1.585e-11 5.653e+47 8.863e+25 7.102e-31 2.998e-19 1.884e-18
1.778e-11 4.757e+47 9.388e+25 7.523e-31 3.176e-19 1.996e-18
1.995e-11 4.002e+47 9.945e+25 7.969e-31 3.364e-19 2.114e-18
2.239e-11 3.367e+47 1.053e+26 8.441e-31 3.564e-19 2.239e-18
2.512e-11 2.833e+47 1.116e+26 8.941e-31 3.775e-19 2.372e-18
2.818e-11 2.384e+47 1.182e+26 9.471e-31 3.998e-19 2.512e-18
3.162e-11 2.006e+47 1.252e+26 1.003e-30 4.235e-19 2.661e-18
3.548e-11 1.688e+47 1.326e+26 1.063e-30 4.486e-19 2.819e-18
3.981e-11 1.420e+47 1.405e+26 1.126e-30 4.752e-19 2.986e-18
4.467e-11 1.195e+47 1.488e+26 1.192e-30 5.034e-19 3.163e-18
5.012e-11 1.005e+47 1.576e+26 1.263e-30 5.332e-19 3.350e-18
5.623e-11 8.458e+46 1.669e+26 1.338e-30 5.648e-19 3.549e-18
6.310e-11 7.117e+46 1.768e+26 1.417e-30 5.983e-19 3.759e-18
7.079e-11 5.988e+46 1.873e+26 1.501e-30 6.337e-19 3.982e-18
7.943e-11 5.038e+46 1.984e+26 1.590e-30 6.713e-19 4.218e-18
8.913e-11 4.239e+46 2.102e+26 1.684e-30 7.110e-19 4.468e-18
1.000e-10 3.567e+46 2.226e+26 1.784e-30 7.532e-19 4.732e-18
1.122e-10 3.001e+46 2.358e+26 1.890e-30 7.978e-19 5.013e-18
1.259e-10 2.525e+46 2.498e+26 2.002e-30 8.451e-19 5.310e-18
1.413e-10 2.125e+46 2.646e+26 2.120e-30 8.951e-19 5.624e-18
1.585e-10 1.788e+46 2.803e+26 2.246e-30 9.482e-19 5.958e-18
1.778e-10 1.504e+46 2.969e+26 2.379e-30 1.004e-18 6.311e-18
1.995e-10 1.266e+46 3.145e+26 2.520e-30 1.064e-18 6.685e-18
2.239e-10 1.065e+46 3.331e+26 2.669e-30 1.127e-18 7.081e-18
2.512e-10 8.960e+45 3.528e+26 2.828e-30 1.194e-18 7.500e-18
2.818e-10 7.539e+45 3.738e+26 2.995e-30 1.264e-18 7.945e-18
3.162e-10 6.343e+45 3.959e+26 3.173e-30 1.339e-18 8.415e-18
3.548e-10 5.337e+45 4.194e+26 3.361e-30 1.419e-18 8.914e-18
3.981e-10 4.490e+45 4.442e+26 3.560e-30 1.503e-18 9.442e-18
4.467e-10 3.778e+45 4.705e+26 3.771e-30 1.592e-18 1.000e-17
5.012e-10 3.179e+45 4.984e+26 3.994e-30 1.686e-18 1.059e-17
5.623e-10 2.675e+45 5.279e+26 4.231e-30 1.786e-18 1.122e-17
6.310e-10 2.251e+45 5.592e+26 4.481e-30 1.892e-18 1.189e-17
7.079e-10 1.894e+45 5.924e+26 4.747e-30 2.004e-18 1.259e-17
7.943e-10 1.593e+45 6.275e+26 5.028e-30 2.123e-18 1.334e-17
8.913e-10 1.341e+45 6.646e+26 5.326e-30 2.248e-18 1.413e-17
1.000e-09 1.128e+45 7.040e+26 5.642e-30 2.382e-18 1.496e-17
1.122e-09 9.491e+44 7.457e+26 5.976e-30 2.523e-18 1.585e-17
1.259e-09 7.985e+44 7.899e+26 6.330e-30 2.672e-18 1.679e-17
1.413e-09 6.719e+44 8.367e+26 6.705e-30 2.831e-18 1.779e-17
1.585e-09 5.653e+44 8.863e+26 7.102e-30 2.998e-18 1.884e-17
1.778e-09 4.757e+44 9.388e+26 7.523e-30 3.176e-18 1.996e-17
1.995e-09 4.002e+44 9.944e+26 7.969e-30 3.364e-18 2.114e-17
2.239e-09 3.367e+44 1.053e+27 8.441e-30 3.564e-18 2.239e-17
2.512e-09 2.833e+44 1.116e+27 8.941e-30 3.775e-18 2.372e-17
2.818e-09 2.384e+44 1.182e+27 9.471e-30 3.998e-18 2.512e-17
3.162e-09 2.006e+44 1.252e+27 1.003e-29 4.235e-18 2.661e-17
3.548e-09 1.688e+44 1.326e+27 1.063e-29 4.486e-18 2.819e-17
3.981e-09 1.420e+44 1.405e+27 1.126e-29 4.752e-18 2.986e-17
4.467e-09 1.195e+44 1.488e+27 1.192e-29 5.034e-18 3.163e-17
5.012e-09 1.005e+44 1.576e+27 1.263e-29 5.332e-18 3.350e-17
5.623e-09 8.458e+43 1.669e+27 1.338e-29 5.648e-18 3.549e-17
6.310e-09 7.117e+43 1.768e+27 1.417e-29 5.982e-18 3.759e-17
7.079e-09 5.988e+43 1.873e+27 1.501e-29 6.337e-18 3.982e-17
7.943e-09 5.038e+43 1.984e+27 1.590e-29 6.712e-18 4.218e-17
8.913e-09 4.239e+43 2.102e+27 1.684e-29 7.110e-18 4.467e-17
1.000e-08 3.567e+43 2.226e+27 1.784e-29 7.531e-18 4.732e-17
1.122e-08 3.001e+43 2.358e+27 1.890e-29 7.978e-18 5.013e-17
1.259e-08 2.525e+43 2.498e+27 2.002e-29 8.450e-18 5.310e-17
1.413e-08 2.125e+43 2.646e+27 2.120e-29 8.951e-18 5.624e-17
1.585e-08 1.788e+43 2.803e+27 2.246e-29 9.481e-18 5.957e-17
1.778e-08 1.504e+43 2.969e+27 2.379e-29 1.004e-17 6.310e-17
1.995e-08 1.266e+43 3.145e+27 2.520e-29 1.064e-17 6.684e-17
2.239e-08 1.065e+43 3.331e+27 2.669e-29 1.127e-17 7.080e-17
2.512e-08 8.959e+42 3.528e+27 2.827e-29 1.194e-17 7.500e-17
2.818e-08 7.538e+42 3.737e+27 2.995e-29 1.264e-17 7.944e-17
3.162e-08 6.343e+42 3.959e+27 3.172e-29 1.339e-17 8.415e-17
3.548e-08 5.337e+42 4.193e+27 3.360e-29 1.419e-17 8.913e-17
3.981e-08 4.490e+42 4.442e+27 3.559e-29 1.503e-17 9.442e-17
4.467e-08 3.778e+42 4.705e+27 3.770e-29 1.592e-17 1.000e-16
5.012e-08 3.179e+42 4.984e+27 3.994e-29 1.686e-17 1.059e-16
5.623e-08 2.675e+42 5.279e+27 4.230e-29 1.786e-17 1.122e-16
6.310e-08 2.250e+42 5.592e+27 4.481e-29 1.892e-17 1.189e-16
7.079e-08 1.893e+42 5.923e+27 4.746e-29 2.004e-17 1.259e-16
7.943e-08 1.593e+42 6.274e+27 5.028e-29 2.123e-17 1.334e-16
8.913e-08 1.340e+42 6.646e+27 5.326e-29 2.248e-17 1.413e-16
1.000e-07 1.128e+42 7.039e+27 5.641e-29 2.381e-17 1.496e-16
1.122e-07 9.490e+41 7.457e+27 5.975e-29 2.523e-17 1.585e-16
1.259e-07 7.984e+41 7.898e+27 6.329e-29 2.672e-17 1.679e-16
1.413e-07 6.718e+41 8.366e+27 6.704e-29 2.830e-17 1.778e-16
1.585e-07 5.652e+41 8.862e+27 7.102e-29 2.998e-17 1.884e-16
1.778e-07 4.756e+41 9.387e+27 7.522e-29 3.176e-17 1.995e-16
1.995e-07 4.002e+41 9.943e+27 7.968e-29 3.364e-17 2.114e-16
2.239e-07 3.367e+41 1.053e+28 8.440e-29 3.563e-17 2.239e-16
2.512e-07 2.833e+41 1.116e+28 8.940e-29 3.774e-17 2.371e-16
2.818e-07 2.384e+41 1.182e+28 9.470e-29 3.998e-17 2.512e-16
3.162e-07 2.005e+41 1.252e+28 1.003e-28 4.235e-17 2.661e-16
3.548e-07 1.687e+41 1.326e+28 1.062e-28 4.485e-17 2.818e-16
3.981e-07 1.420e+41 1.404e+28 1.125e-28 4.751e-17 2.985e-16
4.467e-07 1.195e+41 1.488e+28 1.192e-28 5.033e-17 3.162e-16
5.012e-07 1.005e+41 1.576e+28 1.263e-28 5.331e-17 3.349e-16
5.623e-07 8.456e+40 1.669e+28 1.338e-28 5.647e-17 3.548e-16
6.310e-07 7.115e+40 1.768e+28 1.417e-28 5.981e-17 3.758e-16
7.079e-07 5.986e+40 1.873e+28 1.501e-28 6.335e-17 3.981e-16
7.943e-07 5.037e+40 1.984e+28 1.590e-28 6.711e-17 4.216e-16
8.913e-07 4.238e+40 2.101e+28 1.684e-28 7.108e-17 4.466e-16
1.000e-06 3.566e+40 2.226e+28 1.783e-28 7.529e-17 4.731e-16
1.122e-06 3.000e+40 2.357e+28 1.889e-28 7.975e-17 5.011e-16
1.259e-06 2.524e+40 2.497e+28 2.001e-28 8.447e-17 5.308e-16
1.413e-06 2.124e+40 2.645e+28 2.120e-28 8.948e-17 5.622e-16
1.585e-06 1.787e+40 2.802e+28 2.245e-28 9.478e-17 5.955e-16
1.778e-06 1.503e+40 2.967e+28 2.378e-28 1.004e-16 6.308e-16
1.995e-06 1.265e+40 3.143e+28 2.519e-28 1.063e-16 6.681e-16
2.239e-06 1.064e+40 3.329e+28 2.668e-28 1.126e-16 7.077e-16
2.512e-06 8.955e+39 3.527e+28 2.826e-28 1.193e-16 7.496e-16
2.818e-06 7.534e+39 3.735e+28 2.993e-28 1.264e-16 7.940e-16
3.162e-06 6.339e+39 3.957e+28 3.171e-28 1.339e-16 8.410e-16
3.548e-06 5.334e+39 4.191e+28 3.358e-28 1.418e-16 8.908e-16
3.981e-06 4.487e+39 4.439e+28 3.557e-28 1.502e-16 9.436e-16
4.467e-06 3.776e+39 4.702e+28 3.768e-28 1.591e-16 9.995e-16
5.012e-06 3.177e+39 4.980e+28 3.991e-28 1.685e-16 1.059e-15
5.623e-06 2.673e+39 5.275e+28 4.227e-28 1.785e-16 1.121e-15
6.310e-06 2.249e+39 5.588e+28 4.478e-28 1.890e-16 1.188e-15
7.079e-06 1.892e+39 5.918e+28 4.743e-28 2.002e-16 1.258e-15
7.943e-06 1.592e+39 6.269e+28 5.023e-28 2.121e-16 1.332e-15
8.913e-06 1.339e+39 6.640e+28 5.321e-28 2.246e-16 1.411e-15
1.000e-05 1.127e+39 7.033e+28 5.636e-28 2.379e-16 1.495e-15
1.122e-05 9.480e+38 7.449e+28 5.969e-28 2.520e-16 1.583e-15
1.259e-05 7.976e+38 7.890e+28 6.323e-28 2.669e-16 1.677e-15
1.413e-05 6.710e+38 8.357e+28 6.697e-28 2.827e-16 1.776e-15
1.585e-05 5.646e+38 8.851e+28 7.093e-28 2.994e-16 1.881e-15
1.778e-05 4.750e+38 9.375e+28 7.513e-28 3.172e-16 1.993e-15
1.995e-05 3.996e+38 9.930e+28 7.957e-28 3.359e-16 2.111e-15
2.239e-05 3.362e+38 1.052e+29 8.428e-28 3.558e-16 2.236e-15
2.512e-05 2.829e+38 1.114e+29 8.926e-28 3.768e-16 2.368e-15
2.818e-05 2.380e+38 1.180e+29 9.454e-28 3.991e-16 2.508e-15
3.162e-05 2.002e+38 1.250e+29 1.001e-27 4.227e-16 2.656e-15
3.548e-05 1.684e+38 1.323e+29 1.061e-27 4.477e-16 2.813e-15
3.981e-05 1.417e+38 1.402e+29 1.123e-27 4.742e-16 2.980e-15
4.467e-05 1.192e+38 1.485e+29 1.190e-27 5.022e-16 3.156e-15
5.012e-05 1.003e+38 1.572e+29 1.260e-27 5.319e-16 3.342e-15
5.623e-05 8.437e+37 1.665e+29 1.334e-27 5.634e-16 3.540e-15
6.310e-05 7.098e+37 1.764e+29 1.413e-27 5.967e-16 3.749e-15
7.079e-05 5.971e+37 1.868e+29 1.497e-27 6.319e-16 3.971e-15
7.943e-05 5.023e+37 1.978e+29 1.585e-27 6.693e-16 4.205e-15
8.913e-05 4.226e+37 2.095e+29 1.679e-27 7.088e-16 4.453e-15
1.000e-04 3.555e+37 2.219e+29 1.778e-27 7.506e-16 4.716e-15
1.122e-04 2.991e+37 2.350e+29 1.883e-27 7.950e-16 4.995e-15
1.259e-04 2.516e+37 2.489e+29 1.994e-27 8.419e-16 5.290e-15
1.413e-04 2.116e+37 2.635e+29 2.112e-27 8.916e-16 5.602e-15
1.585e-04 1.780e+37 2.791e+29 2.237e-27 9.442e-16 5.932e-15
1.778e-04 1.497e+37 2.956e+29 2.368e-27 9.999e-16 6.282e-15
1.995e-04 1.260e+37 3.130e+29 2.508e-27 1.059e-15 6.653e-15
2.239e-04 1.060e+37 3.314e+29 2.656e-27 1.121e-15 7.045e-15
2.512e-04 8.912e+36 3.510e+29 2.813e-27 1.187e-15 7.460e-15
2.818e-04 7.496e+36 3.717e+29 2.978e-27 1.257e-15 7.900e-15
3.162e-04 6.305e+36 3.935e+29 3.154e-27 1.331e-15 8.365e-15
3.548e-04 5.303e+36 4.167e+29 3.339e-27 1.410e-15 8.858e-15
3.981e-04 4.461e+36 4.412e+29 3.536e-27 1.493e-15 9.379e-15
4.467e-04 3.752e+36 4.672e+29 3.744e-27 1.581e-15 9.931e-15
5.012e-04 3.155e+36 4.947e+29 3.964e-27 1.674e-15 1.052e-14
5.623e-04 2.654e+36 5.238e+29 4.197e-27 1.772e-15 1.113e-14
6.310e-04 2.232e+36 5.545e+29 4.444e-27 1.876e-15 1.179e-14
7.079e-04 1.877e+36 5.871e+29 4.705e-27 1.986e-15 1.248e-14
7.943e-04 1.578e+36 6.216e+29 4.981e-27 2.103e-15 1.321e-14
8.913e-04 1.327e+36 6.580e+29 5.273e-27 2.226e-15 1.399e-14
1.000e-03 1.116e+36 6.966e+29 5.582e-27 2.357e-15 1.481e-14
1.122e-03 9.385e+35 7.374e+29 5.909e-27 2.495e-15 1.567e-14
1.259e-03 7.891e+35 7.806e+29 6.255e-27 2.641e-15 1.659e-14
1.413e-03 6.635e+35 8.263e+29 6.621e-27 2.795e-15 1.756e-14
1.585e-03 5.578e+35 8.746e+29 7.008e-27 2.959e-15 1.859e-14
1.778e-03 4.690e+35 9.256e+29 7.418e-27 3.131e-15 1.968e-14
1.995e-03 3.943e+35 9.797e+29 7.851e-27 3.314e-15 2.082e-14
2.239e-03 3.314e+35 1.037e+30 8.309e-27 3.508e-15 2.204e-14
2.512e-03 2.786e+35 1.097e+30 8.793e-27 3.712e-15 2.332e-14
2.818e-03 2.342e+35 1.161e+30 9.304e-27 3.928e-15 2.468e-14
3.162e-03 1.968e+35 1.229e+30 9.845e-27 4.156e-15 2.611e-14
3.548e-03 1.654e+35 1.300e+30 1.042e-26 4.398e-15 2.763e-14
3.981e-03 1.390e+35 1.375e+30 1.102e-26 4.653e-15 2.923e-14
4.467e-03 1.168e+35 1.455e+30 1.166e-26 4.922e-15 3.093e-14
5.012e-03 9.817e+34 1.539e+30 1.233e-26 5.207e-15 3.272e-14
5.623e-03 8.249e+34 1.628e+30 1.305e-26 5.508e-15 3.461e-14
6.310e-03 6.930e+34 1.722e+30 1.380e-26 5.826e-15 3.660e-14
7.079e-03 5.822e+34 1.821e+30 1.459e-26 6.161e-15 3.871e-14
7.943e-03 4.890e+34 1.926e+30 1.543e-26 6.515e-15 4.094e-14
8.913e-03 4.107e+34 2.036e+30 1.632e-26 6.889e-15 4.329e-14
1.000e-02 3.449e+34 2.153e+30 1.725e-26 7.284e-15 4.576e-14
1.122e-02 2.897e+34 2.276e+30 1.824e-26 7.700e-15 4.838e-14
1.259e-02 2.432e+34 2.406e+30 1.928e-26 8.139e-15 5.114e-14
1.413e-02 2.042e+34 2.543e+30 2.038e-26 8.602e-15 5.405e-14
1.585e-02 1.714e+34 2.687e+30 2.153e-26 9.091e-15 5.712e-14
1.778e-02 1.439e+34 2.839e+30 2.275e-26 9.605e-15 6.035e-14
1.995e-02 1.207e+34 3.000e+30 2.404e-26 1.015e-14 6.376e-14
2.239e-02 1.013e+34 3.168e+30 2.539e-26 1.072e-14 6.735e-14
2.512e-02 8.497e+33 3.346e+30 2.682e-26 1.132e-14 7.113e-14
2.818e-02 7.127e+33 3.534e+30 2.832e-26 1.195e-14 7.511e-14
3.162e-02 5.977e+33 3.731e+30 2.989e-26 1.262e-14 7.930e-14
3.548e-02 5.011e+33 3.938e+30 3.156e-26 1.332e-14 8.370e-14
3.981e-02 4.201e+33 4.156e+30 3.330e-26 1.406e-14 8.833e-14
4.467e-02 3.521e+33 4.385e+30 3.514e-26 1.483e-14 9.320e-14
5.012e-02 2.950e+33 4.625e+30 3.706e-26 1.565e-14 9.831e-14
5.623e-02 2.471e+33 4.878e+30 3.909e-26 1.650e-14 1.037e-13
6.310e-02 2.070e+33 5.143e+30 4.121e-26 1.740e-14 1.093e-13
7.079e-02 1.733e+33 5.420e+30 4.344e-26 1.834e-14 1.152e-13
7.943e-02 1.450e+33 5.712e+30 4.577e-26 1.932e-14 1.214e-13
8.913e-02 1.214e+33 6.017e+30 4.821e-26 2.035e-14 1.279e-13
1.000e-01 1.015e+33 6.336e+30 5.077e-26 2.143e-14 1.347e-13
1.122e-01 8.488e+32 6.670e+30 5.345e-26 2.256e-14 1.418e-13
1.259e-01 7.095e+32 7.019e+30 5.624e-26 2.374e-14 1.492e-13
1.413e-01 5.928e+32 7.383e+30 5.916e-26 2.498e-14 1.569e-13
1.585e-01 4.951e+32 7.763e+30 6.221e-26 2.626e-14 1.650e-13
1.778e-01 4.134e+32 8.159e+30 6.538e-26 2.760e-14 1.734e-13
1.995e-01 3.450e+32 8.571e+30 6.869e-26 2.900e-14 1.822e-13
2.239e-01 2.877e+32 9.000e+30 7.212e-26 3.045e-14 1.913e-13
2.512e-01 2.399e+32 9.446e+30 7.569e-26 3.196e-14 2.008e-13
2.818e-01 1.998e+32 9.908e+30 7.940e-26 3.352e-14 2.106e-13
3.162e-01 1.664e+32 1.039e+31 8.323e-26 3.514e-14 2.208e-13
3.548e-01 1.385e+32 1.088e+31 8.720e-26 3.681e-14 2.313e-13
3.981e-01 1.152e+32 1.139e+31 9.130e-26 3.854e-14 2.422e-13
4.467e-01 9.572e+31 1.192e+31 9.553e-26 4.033e-14 2.534e-13
5.012e-01 7.950e+31 1.246e+31 9.988e-26 4.217e-14 2.649e-13
5.623e-01 6.598e+31 1.302e+31 1.044e-25 4.405e-14 2.768e-13
6.310e-01 5.471e+31 1.359e+31 1.089e-25 4.599e-14 2.890e-13
7.079e-01 4.533e+31 1.418e+31 1.136e-25 4.797e-14 3.014e-13
7.943e-01 3.752e+31 1.478e+31 1.184e-25 4.999e-14 3.141e-13
8.913e-01 3.103e+31 1.538e+31 1.233e-25 5.204e-14 3.270e-13
1.000e+00 2.563e+31 1.600e+31 1.282e-25 5.412e-14 3.401e-13
1.122e+00 2.115e+31 1.662e+31 1.332e-25 5.623e-14 3.533e-13
1.259e+00 1.744e+31 1.725e+31 1.382e-25 5.835e-14 3.666e-13
1.413e+00 1.436e+31 1.788e+31 1.433e-25 6.048e-14 3.800e-13
1.585e+00 1.180e+31 1.851e+31 1.483e-25 6.261e-14 3.934e-13
1.778e+00 9.693e+30 1.913e+31 1.533e-25 6.472e-14 4.067e-13
1.995e+00 7.948e+30 1.975e+31 1.583e-25 6.681e-14 4.198e-13
2.239e+00 6.508e+30 2.036e+31 1.631e-25 6.887e-14 4.327e-13
2.512e+00 5.320e+30 2.095e+31 1.679e-25 7.087e-14 4.453e-13
2.818e+00 4.341e+30 2.152e+31 1.725e-25 7.281e-14 4.575e-13
3.162e+00 3.536e+30 2.207e+31 1.769e-25 7.467e-14 4.692e-13
3.548e+00 2.875e+30 2.259e+31 1.810e-25 7.643e-14 4.802e-13
3.981e+00 2.333e+30 2.308e+31 1.849e-25 7.807e-14 4.905e-13
4.467e+00 1.889e+30 2.352e+31 1.885e-25 7.958e-14 5.000e-13
5.012e+00 1.526e+30 2.392e+31 1.917e-25 8.093e-14 5.085e-13
5.623e+00 1.230e+30 2.427e+31 1.945e-25 8.211e-14 5.159e-13
6.310e+00 9.885e+29 2.456e+31 1.968e-25 8.310e-14 5.221e-13
7.079e+00 7.924e+29 2.479e+31 1.986e-25 8.386e-14 5.269e-13
7.943e+00 6.334e+29 2.495e+31 1.999e-25 8.439e-14 5.303e-13
8.913e+00 5.048e+29 2.503e+31 2.006e-25 8.467e-14 5.320e-13
1.000e+01 4.010e+29 2.503e+31 2.005e-25 8.466e-14 5.320e-13
1.122e+01 3.174e+29 2.494e+31 1.998e-25 8.437e-14 5.301e-13
1.259e+01 2.503e+29 2.476e+31 1.984e-25 8.376e-14 5.263e-13
1.413e+01 1.966e+29 2.449e+31 1.962e-25 8.284e-14 5.205e-13
1.585e+01 1.538e+29 2.411e+31 1.932e-25 8.158e-14 5.126e-13
1.778e+01 1.198e+29 2.364e+31 1.894e-25 7.998e-14 5.025e-13
1.995e+01 9.283e+28 2.307e+31 1.848e-25 7.804e-14 4.903e-13
2.239e+01 7.158e+28 2.239e+31 1.794e-25 7.575e-14 4.760e-13
2.512e+01 5.489e+28 2.162e+31 1.732e-25 7.313e-14 4.595e-13
2.818e+01 4.185e+28 2.075e+31 1.663e-25 7.019e-14 4.410e-13
3.162e+01 3.170e+28 1.979e+31 1.586e-25 6.694e-14 4.206e-13
3.548e+01 2.385e+28 1.874e+31 1.502e-25 6.341e-14 3.984e-13
3.981e+01 1.782e+28 1.762e+31 1.412e-25 5.962e-14 3.746e-13
4.467e+01 1.320e+28 1.644e+31 1.317e-25 5.562e-14 3.495e-13
5.012e+01 9.699e+27 1.521e+31 1.219e-25 5.144e-14 3.232e-13
5.623e+01 7.060e+27 1.393e+31 1.117e-25 4.714e-14 2.962e-13
6.310e+01 5.087e+27 1.264e+31 1.013e-25 4.276e-14 2.687e-13
7.079e+01 3.625e+27 1.134e+31 9.088e-26 3.837e-14 2.411e-13
7.943e+01 2.553e+27 1.005e+31 8.056e-26 3.401e-14 2.137e-13
8.913e+01 1.774e+27 8.795e+30 7.048e-26 2.975e-14 1.870e-13
1.000e+02 1.215e+27 7.584e+30 6.078e-26 2.566e-14 1.612e-13
1.122e+02 8.192e+26 6.437e+30 5.158e-26 2.178e-14 1.368e-13
1.259e+02 5.426e+26 5.368e+30 4.302e-26 1.816e-14 1.141e-13
1.413e+02 3.525e+26 4.390e+30 3.518e-26 1.485e-14 9.331e-14
1.585e+02 2.240e+26 3.512e+30 2.814e-26 1.188e-14 7.465e-14
1.778e+02 1.389e+26 2.741e+30 2.197e-26 9.273e-15 5.826e-14
1.995e+02 8.371e+25 2.080e+30 1.667e-26 7.037e-15 4.422e-14
2.239e+02 4.887e+25 1.529e+30 1.225e-26 5.172e-15 3.250e-14
2.512e+02 2.748e+25 1.082e+30 8.673e-27 3.662e-15 2.301e-14
2.818e+02 1.476e+25 7.317e+29 5.864e-27 2.475e-15 1.555e-14
3.162e+02 7.447e+24 4.648e+29 3.725e-27 1.573e-15 9.881e-15
3.548e+02 3.410e+24 2.679e+29 2.147e-27 9.063e-16 5.695e-15
3.981e+02 1.295e+24 1.281e+29 1.027e-27 4.334e-16 2.723e-15
4.467e+02 3.009e+23 3.748e+28 3.003e-28 1.268e-16 7.966e-16
5.012e+02 3.898e+19 6.111e+24 4.897e-32 2.067e-20 1.299e-19
5.623e+02 0.000e+00 0.000e+00 0.000e+00 0.000e+00 0.000e+00
6.310e+02 0.000e+00 0.000e+00 0.000e+00 0.000e+00 0.000e+00
7.079e+02 0.000e+00 0.000e+00 0.000e+00 0.000e+00 0.000e+00
7.943e+02 0.000e+00 0.000e+00 0.000e+00 0.000e+00 0.000e+00
8.913e+02 0.000e+00 0.000e+00 0.000e+00 0.000e+00 0.000e+00
1.000e+03 0.000e+00 0.000e+00 0.000e+00 0.000e+00 0.000e+00
1.122e+03 0.000e+00 0.000e+00 0.000e+00 0.000e+00 0.000e+00
1.259e+03 0.000e+00 0.000e+00 0.000e+00 0.000e+00 0.000e+00
1.413e+03 0.000e+00 0.000e+00 0.000e+00 0.000e+00 0.000e+00
1.585e+03 0.000e+00 0.000e+00 0.000e+00 0.000e+00 0.000e+00
1.778e+03 0.000e+00 0.000e+00 0.000e+00 0.000e+00 0.000e+00
1.995e+03 0.000e+00 0.000e+00 0.000e+00 0.000e+00 0.000e+00
2.239e+03 0.000e+00 0.000e+00 0.000e+00 0.000e+00 0.000e+00
2.512e+03 0.000e+00 0.000e+00 0.000e+00 0.000e+00 0.000e+00
2.818e+03 0.000e+00 0.000e+00 0.000e+00 0.000e+00 0.000e+00
3.162e+03 0.000e+00 0.000e+00 0.000e+00 0.000e+00 0.000e+00
3.548e+03 0.000e+00 0.000e+00 0.000e+00 0.000e+00 0.000e+00
3.981e+03 0.000e+00 0.000e+00 0.000e+00 0.000e+00 0.000e+00
4.467e+03 0.000e+00 0.000e+00 0.000e+00 0.000e+00 0.000e+00
5.012e+03 0.000e+00 0.000e+00 0.000e+00 0.000e+00 0.000e+00
5.623e+03 0.000e+00 0.000e+00 0.000e+00 0.000e+00 0.000e+00
6.310e+03 0.000e+00 0.000e+00 0.000e+00 0.000e+00 0.000e+00
7.079e+03 0.000e+00 0.000e+00 0.000e+00 0.000e+00 0.000e+00
7.943e+03 0.000e+00 0.000e+00 0.000e+00 0.000e+00 0.000e+00
8.913e+03 0.000e+00 0.000e+00 0.000e+00 0.000e+00 0.000e+00
1.000e+04 0.000e+00 0.000e+00 0.000e+00 0.000e+00 0.000e+00
1.122e+04 0.000e+00 0.000e+00 0.000e+00 0.000e+00 0.000e+00
1.259e+04 0.000e+00 0.000e+00 0.000e+00 0.000e+00 0.000e+00
1.413e+04 0.000e+00 0.000e+00 0.000e+00 0.000e+00 0.000e+00
1.585e+04 0.000e+00 0.000e+00 0.000e+00 0.000e+00 0.000e+00
1.778e+04 0.000e+00 0.000e+00 0.000e+00 0.000e+00 0.000e+00
1.995e+04 0.000e+00 0.000e+00 0.000e+00 0.000e+00 0.000e+00
2.239e+04 0.000e+00 0.000e+00 0.000e+00 0.000e+00 0.000e+00
2.512e+04 0.000e+00 0.000e+00 0.000e+00 0.000e+00 0.000e+00
2.818e+04 0.000e+00 0.000e+00 0.000e+00 0.000e+00 0.000e+00
3.162e+04 0.000e+00 0.000e+00 0.000e+00 0.000e+00 0.000e+00
3.548e+04 0.000e+00 0.000e+00 0.000e+00 0.000e+00 0.000e+00
3.981e+04 0.000e+00 0.000e+00 0.000e+00 0.000e+00 0.000e+00
4.467e+04 0.000e+00 0.000e+00 0.000e+00 0.000e+00 0.000e+00
5.012e+04 0.000e+00 0.000e+00 0.000e+00 0.000e+00 0.000e+00
5.623e+04 0.000e+00 0.000e+00 0.000e+00 0.000e+00 0.000e+00
6.310e+04 0.000e+00 0.000e+00 0.000e+00 0.000e+00 0.000e+00
7.079e+04 0.000e+00 0.000e+00 0.000e+00 0.000e+00 0.000e+00
7.943e+04 0.000e+00 0.000e+00 0.000e+00 0.000e+00 0.000e+00
8.913e+04 0.000e+00 0.000e+00 0.000e+00 0.000e+00 0.000e+00
1.000e+05 0.000e+00 0.000e+00 0.000e+00 0.000e+00 0.000e+00
1.122e+05 0.000e+00 0.000e+00 0.000e+00 0.000e+00 0.000e+00
1.259e+05 0.000e+00 0.000e+00 0.000e+00 0.000e+00 0.000e+00
1.413e+05 0.000e+00 0.000e+00 0.000e+00 0.000e+00 0.000e+00
1.585e+05 0.000e+00 0.000e+00 0.000e+00 0.000e+00 0.000e+00
1.778e+05 0.000e+00 0.000e+00 0.000e+00 0.000e+00 0.000e+00
1.995e+05 0.000e+00 0.000e+00 0.000e+00 0.000e+00 0.000e+00
2.239e+05 0.000e+00 0.000e+00 0.000e+00 0.000e+00 0.000e+00
2.512e+05 0.000e+00 0.000e+00 0.000e+00 0.000e+00 0.000e+00
2.818e+05 0.000e+00 0.000e+00 0.000e+00 0.000e+00 0.000e+00
3.162e+05 0.000e+00 0.000e+00 0.000e+00 0.000e+00 0.000e+00
3.548e+05 0.000e+00 0.000e+00 0.000e+00 0.000e+00 0.000e+00
3.981e+05 0.000e+00 0.000e+00 0.000e+00 0.000e+00 0.000e+00
4.467e+05 0.000e+00 0.000e+00 0.000e+00 0.000e+00 0.000e+00
5.012e+05 0.000e+00 0.000e+00 0.000e+00 0.000e+00 0.000e+00
5.623e+05 0.000e+00 0.000e+00 0.000e+00 0.000e+00 0.000e+00
6.310e+05 0.000e+00 0.000e+00 0.000e+00 0.000e+00 0.000e+00
7.079e+05 0.000e+00 0.000e+00 0.000e+00 0.000e+00 0.000e+00
7.943e+05 0.000e+00 0.000e+00 0.000e+00 0.000e+00 0.000e+00
8.913e+05 0.000e+00 0.000e+00 0.000e+00 0.000e+00 0.000e+00
1.000e+06 0.000e+00 0.000e+00 0.000e+00 0.000e+00 0.000e+00
1.122e+06 0.000e+00 0.000e+00 0.000e+00 0.000e+00 0.000e+00
1.259e+06 0.000e+00 0.000e+00 0.000e+00 0.000e+00 0.000e+00
1.413e+06 0.000e+00 0.000e+00 0.000e+00 0.000e+00 0.000e+00
1.585e+06 0.000e+00 0.000e+00 0.000e+00 0.000e+00 0.000e+00
1.778e+06 0.000e+00 0.000e+00 0.000e+00 0.000e+00 0.000e+00
1.995e+06 0.000e+00 0.000e+00 0.000e+00 0.000e+00 0.000e+00
2.239e+06 0.000e+00 0.000e+00 0.000e+00 0.000e+00 0.000e+00
2.512e+06 0.000e+00 0.000e+00 0.000e+00 0.000e+00 0.000e+00
2.818e+06 0.000e+00 0.000e+00 0.000e+00 0.000e+00 0.000e+00
3.162e+06 0.000e+00 0.000e+00 0.000e+00 0.000e+00 0.000e+00
3.548e+06 0.000e+00 0.000e+00 0.000e+00 0.000e+00 0.000e+00
3.981e+06 0.000e+00 0.000e+00 0.000e+00 0.000e+00 0.000e+00
4.467e+06 0.000e+00 0.000e+00 0.000e+00 0.000e+00 0.000e+00
5.012e+06 0.000e+00 0.000e+00 0.000e+00 0.000e+00 0.000e+00
5.623e+06 0.000e+00 0.000e+00 0.000e+00 0.000e+00 0.000e+00
6.310e+06 0.000e+00 0.000e+00 0.000e+00 0.000e+00 0.000e+00
7.079e+06 0.000e+00 0.000e+00 0.000e+00 0.000e+00 0.000e+00
7.943e+06 0.000e+00 0.000e+00 0.000e+00 0.000e+00 0.000e+00
8.913e+06 0.000e+00 0.000e+00 0.000e+00 0.000e+00 0.000e+00
1.000e+07 0.000e+00 0.000e+00 0.000e+00 0.000e+00 0.000e+00
1.122e+07 0.000e+00 0.000e+00 0.000e+00 0.000e+00 0.000e+00
1.259e+07 0.000e+00 0.000e+00 0.000e+00 0.000e+00 0.000e+00
1.413e+07 0.000e+00 0.000e+00 0.000e+00 0.000e+00 0.000e+00
1.585e+07 0.000e+00 0.000e+00 0.000e+00 0.000e+00 0.000e+00
1.778e+07 0.000e+00 0.000e+00 0.000e+00 0.000e+00 0.000e+00
1.995e+07 0.000e+00 0.000e+00 0.000e+00 0.000e+00 0.000e+00
2.239e+07 0.000e+00 0.000e+00 0.000e+00 0.000e+00 0.000e+00
2.512e+07 0.000e+00 0.000e+00 0.000e+00 0.000e+00 0.000e+00
2.818e+07 0.000e+00 0.000e+00 0.000e+00 0.000e+00 0.000e+00
3.162e+07 0.000e+00 0.000e+00 0.000e+00 0.000e+00 0.000e+00
3.548e+07 0.000e+00 0.000e+00 0.000e+00 0.000e+00 0.000e+00
3.981e+07 0.000e+00 0.000e+00 0.000e+00 0.000e+00 0.000e+00
4.467e+07 0.000e+00 0.000e+00 0.000e+00 0.000e+00 0.000e+00
5.012e+07 0.000e+00 0.000e+00 0.000e+00 0.000e+00 0.000e+00
5.623e+07 0.000e+00 0.000e+00 0.000e+00 0.000e+00 0.000e+00
6.310e+07 0.000e+00 0.000e+00 0.000e+00 0.000e+00 0.000e+00
7.079e+07 0.000e+00 0.000e+00 0.000e+00 0.000e+00 0.000e+00
7.943e+07 0.000e+00 0.000e+00 0.000e+00 0.000e+00 0.000e+00
8.913e+07 0.000e+00 0.000e+00 0.000e+00 0.000e+00 0.000e+00
1.000e+08 0.000e+00 0.000e+00 0.000e+00 0.000e+00 0.000e+00
