1.000e-20 0.000e+00 0.000e+00 0.000e+00 0.000e+00 0.000e+00
1.122e-20 0.000e+00 0.000e+00 0.000e+00 0.000e+00 0.000e+00
1.259e-20 0.000e+00 0.000e+00 0.000e+00 0.000e+00 0.000e+00
1.413e-20 0.000e+00 0.000e+00 0.000e+00 0.000e+00 0.000e+00
1.585e-20 0.000e+00 0.000e+00 0.000e+00 0.000e+00 0.000e+00
1.778e-20 0.000e+00 0.000e+00 0.000e+00 0.000e+00 0.000e+00
1.995e-20 0.000e+00 0.000e+00 0.000e+00 0.000e+00 0.000e+00
2.239e-20 0.000e+00 0.000e+00 0.000e+00 0.000e+00 0.000e+00
2.512e-20 0.000e+00 0.000e+00 0.000e+00 0.000e+00 0.000e+00
2.818e-20 0.000e+00 0.000e+00 0.000e+00 0.000e+00 0.000e+00
3.162e-20 0.000e+00 0.000e+00 0.000e+00 0.000e+00 0.000e+00
3.548e-20 0.000e+00 0.000e+00 0.000e+00 0.000e+00 0.000e+00
3.981e-20 0.000e+00 0.000e+00 0.000e+00 0.000e+00 0.000e+00
4.467e-20 0.000e+00 0.000e+00 0.000e+00 0.000e+00 0.000e+00
5.012e-20 0.000e+00 0.000e+00 0.000e+00 0.000e+00 0.000e+00
5.623e-20 0.000e+00 0.000e+00 0.000e+00 0.000e+00 0.000e+00
6.310e-20 0.000e+00 0.000e+00 0.000e+00 0.000e+00 0.000e+00
7.079e-20 0.000e+00 0.000e+00 0.000e+00 0.000e+00 0.000e+00
7.943e-20 0.000e+00 0.000e+00 0.000e+00 0.000e+00 0.000e+00
8.913e-20 0.000e+00 0.000e+00 0.000e+00 0.000e+00 0.000e+00
1.000e-19 0.000e+00 0.000e+00 0.000e+00 0.000e+00 0.000e+00
1.122e-19 0.000e+00 0.000e+00 0.000e+00 0.000e+00 0.000e+00
1.259e-19 0.000e+00 0.000e+00 0.000e+00 0.000e+00 0.000e+00
1.413e-19 0.000e+00 0.000e+00 0.000e+00 0.000e+00 0.000e+00
1.585e-19 0.000e+00 0.000e+00 0.000e+00 0.000e+00 0.000e+00
1.778e-19 0.000e+00 0.000e+00 0.000e+00 0.000e+00 0.000e+00
1.995e-19 0.000e+00 0.000e+00 0.000e+00 0.000e+00 0.000e+00
2.239e-19 0.000e+00 0.000e+00 0.000e+00 0.000e+00 0.000e+00
2.512e-19 0.000e+00 0.000e+00 0.000e+00 0.000e+00 0.000e+00
2.818e-19 0.000e+00 0.000e+00 0.000e+00 0.000e+00 0.000e+00
3.162e-19 0.000e+00 0.000e+00 0.000e+00 0.000e+00 0.000e+00
3.548e-19 0.000e+00 0.000e+00 0.000e+00 0.000e+00 0.000e+00
3.981e-19 0.000e+00 0.000e+00 0.000e+00 0.000e+00 0.000e+00
4.467e-19 0.000e+00 0.000e+00 0.000e+00 0.000e+00 0.000e+00
5.012e-19 0.000e+00 0.000e+00 0.000e+00 0.000e+00 0.000e+00
5.623e-19 0.000e+00 0.000e+00 0.000e+00 0.000e+00 0.000e+00
6.310e-19 0.000e+00 0.000e+00 0.000e+00 0.000e+00 0.000e+00
7.079e-19 0.000e+00 0.000e+00 0.000e+00 0.000e+00 0.000e+00
7.943e-19 0.000e+00 0.000e+00 0.000e+00 0.000e+00 0.000e+00
8.913e-19 0.000e+00 0.000e+00 0.000e+00 0.000e+00 0.000e+00
1.000e-18 0.000e+00 0.000e+00 0.000e+00 0.000e+00 0.000e+00
1.122e-18 0.000e+00 0.000e+00 0.000e+00 0.000e+00 0.000e+00
1.259e-18 0.000e+00 0.000e+00 0.000e+00 0.000e+00 0.000e+00
1.413e-18 0.000e+00 0.000e+00 0.000e+00 0.000e+00 0.000e+00
1.585e-18 0.000e+00 0.000e+00 0.000e+00 0.000e+00 0.000e+00
1.778e-18 0.000e+00 0.000e+00 0.000e+00 0.000e+00 0.000e+00
1.995e-18 0.000e+00 0.000e+00 0.000e+00 0.000e+00 0.000e+00
2.239e-18 0.000e+00 0.000e+00 0.000e+00 0.000e+00 0.000e+00
2.512e-18 0.000e+00 0.000e+00 0.000e+00 0.000e+00 0.000e+00
2.818e-18 0.000e+00 0.000e+00 0.000e+00 0.000e+00 0.000e+00
3.162e-18 0.000e+00 0.000e+00 0.000e+00 0.000e+00 0.000e+00
3.548e-18 0.000e+00 0.000e+00 0.000e+00 0.000e+00 0.000e+00
3.981e-18 0.000e+00 0.000e+00 0.000e+00 0.000e+00 0.000e+00
4.467e-18 0.000e+00 0.000e+00 0.000e+00 0.000e+00 0.000e+00
5.012e-18 0.000e+00 0.000e+00 0.000e+00 0.000e+00 0.000e+00
5.623e-18 0.000e+00 0.000e+00 0.000e+00 0.000e+00 0.000e+00
6.310e-18 0.000e+00 0.000e+00 0.000e+00 0.000e+00 0.000e+00
7.079e-18 0.000e+00 0.000e+00 0.000e+00 0.000e+00 0.000e+00
7.943e-18 0.000e+00 0.000e+00 0.000e+00 0.000e+00 0.000e+00
8.913e-18 0.000e+00 0.000e+00 0.000e+00 0.000e+00 0.000e+00
1.000e-17 0.000e+00 0.000e+00 0.000e+00 0.000e+00 0.000e+00
1.122e-17 0.000e+00 0.000e+00 0.000e+00 0.000e+00 0.000e+00
1.259e-17 0.000e+00 0.000e+00 0.000e+00 0.000e+00 0.000e+00
1.413e-17 0.000e+00 0.000e+00 0.000e+00 0.000e+00 0.000e+00
1.585e-17 0.000e+00 0.000e+00 0.000e+00 0.000e+00 0.000e+00
1.778e-17 0.000e+00 0.000e+00 0.000e+00 0.000e+00 0.000e+00
1.995e-17 0.000e+00 0.000e+00 0.000e+00 0.000e+00 0.000e+00
2.239e-17 0.000e+00 0.000e+00 0.000e+00 0.000e+00 0.000e+00
2.512e-17 0.000e+00 0.000e+00 0.000e+00 0.000e+00 0.000e+00
2.818e-17 0.000e+00 0.000e+00 0.000e+00 0.000e+00 0.000e+00
3.162e-17 0.000e+00 0.000e+00 0.000e+00 0.000e+00 0.000e+00
3.548e-17 0.000e+00 0.000e+00 0.000e+00 0.000e+00 0.000e+00
3.981e-17 0.000e+00 0.000e+00 0.000e+00 0.000e+00 0.000e+00
4.467e-17 0.000e+00 0.000e+00 0.000e+00 0.000e+00 0.000e+00
5.012e-17 0.000e+00 0.000e+00 0.000e+00 0.000e+00 0.000e+00
5.623e-17 0.000e+00 0.000e+00 0.000e+00 0.000e+00 0.000e+00
6.310e-17 0.000e+00 0.000e+00 0.000e+00 0.000e+00 0.000e+00
7.079e-17 0.000e+00 0.000e+00 0.000e+00 0.000e+00 0.000e+00
7.943e-17 0.000e+00 0.000e+00 0.000e+00 0.000e+00 0.000e+00
8.913e-17 0.000e+00 0.000e+00 0.000e+00 0.000e+00 0.000e+00
1.000e-16 0.000e+00 0.000e+00 0.000e+00 0.000e+00 0.000e+00
1.122e-16 0.000e+00 0.000e+00 0.000e+00 0.000e+00 0.000e+00
1.259e-16 0.000e+00 0.000e+00 0.000e+00 0.000e+00 0.000e+00
1.413e-16 0.000e+00 0.000e+00 0.000e+00 0.000e+00 0.000e+00
1.585e-16 0.000e+00 0.000e+00 0.000e+00 0.000e+00 0.000e+00
1.778e-16 0.000e+00 0.000e+00 0.000e+00 0.000e+00 0.000e+00
1.995e-16 0.000e+00 0.000e+00 0.000e+00 0.000e+00 0.000e+00
2.239e-16 0.000e+00 0.000e+00 0.000e+00 0.000e+00 0.000e+00
2.512e-16 0.000e+00 0.000e+00 0.000e+00 0.000e+00 0.000e+00
2.818e-16 0.000e+00 0.000e+00 0.000e+00 0.000e+00 0.000e+00
3.162e-16 0.000e+00 0.000e+00 0.000e+00 0.000e+00 0.000e+00
3.548e-16 0.000e+00 0.000e+00 0.000e+00 0.000e+00 0.000e+00
3.981e-16 0.000e+00 0.000e+00 0.000e+00 0.000e+00 0.000e+00
4.467e-16 0.000e+00 0.000e+00 0.000e+00 0.000e+00 0.000e+00
5.012e-16 0.000e+00 0.000e+00 0.000e+00 0.000e+00 0.000e+00
5.623e-16 0.000e+00 0.000e+00 0.000e+00 0.000e+00 0.000e+00
6.310e-16 0.000e+00 0.000e+00 0.000e+00 0.000e+00 0.000e+00
7.079e-16 0.000e+00 0.000e+00 0.000e+00 0.000e+00 0.000e+00
7.943e-16 0.000e+00 0.000e+00 0.000e+00 0.000e+00 0.000e+00
8.913e-16 0.000e+00 0.000e+00 0.000e+00 0.000e+00 0.000e+00
1.000e-15 0.000e+00 0.000e+00 0.000e+00 0.000e+00 0.000e+00
1.122e-15 0.000e+00 0.000e+00 0.000e+00 0.000e+00 0.000e+00
1.259e-15 0.000e+00 0.000e+00 0.000e+00 0.000e+00 0.000e+00
1.413e-15 0.000e+00 0.000e+00 0.000e+00 0.000e+00 0.000e+00
1.585e-15 0.000e+00 0.000e+00 0.000e+00 0.000e+00 0.000e+00
1.778e-15 0.000e+00 0.000e+00 0.000e+00 0.000e+00 0.000e+00
1.995e-15 0.000e+00 0.000e+00 0.000e+00 0.000e+00 0.000e+00
2.239e-15 0.000e+00 0.000e+00 0.000e+00 0.000e+00 0.000e+00
2.512e-15 0.000e+00 0.000e+00 0.000e+00 0.000e+00 0.000e+00
2.818e-15 0.000e+00 0.000e+00 0.000e+00 0.000e+00 0.000e+00
3.162e-15 0.000e+00 0.000e+00 0.000e+00 0.000e+00 0.000e+00
3.548e-15 0.000e+00 0.000e+00 0.000e+00 0.000e+00 0.000e+00
3.981e-15 0.000e+00 0.000e+00 0.000e+00 0.000e+00 0.000e+00
4.467e-15 0.000e+00 0.000e+00 0.000e+00 0.000e+00 0.000e+00
5.012e-15 0.000e+00 0.000e+00 0.000e+00 0.000e+00 0.000e+00
5.623e-15 0.000e+00 0.000e+00 0.000e+00 0.000e+00 0.000e+00
6.310e-15 0.000e+00 0.000e+00 0.000e+00 0.000e+00 0.000e+00
7.079e-15 0.000e+00 0.000e+00 0.000e+00 0.000e+00 0.000e+00
7.943e-15 0.000e+00 0.000e+00 0.000e+00 0.000e+00 0.000e+00
8.913e-15 0.000e+00 0.000e+00 0.000e+00 0.000e+00 0.000e+00
1.000e-14 0.000e+00 0.000e+00 0.000e+00 0.000e+00 0.000e+00
1.122e-14 0.000e+00 0.000e+00 0.000e+00 0.000e+00 0.000e+00
1.259e-14 0.000e+00 0.000e+00 0.000e+00 0.000e+00 0.000e+00
1.413e-14 0.000e+00 0.000e+00 0.000e+00 0.000e+00 0.000e+00
1.585e-14 0.000e+00 0.000e+00 0.000e+00 0.000e+00 0.000e+00
1.778e-14 0.000e+00 0.000e+00 0.000e+00 0.000e+00 0.000e+00
1.995e-14 0.000e+00 0.000e+00 0.000e+00 0.000e+00 0.000e+00
2.239e-14 0.000e+00 0.000e+00 0.000e+00 0.000e+00 0.000e+00
2.512e-14 0.000e+00 0.000e+00 0.000e+00 0.000e+00 0.000e+00
2.818e-14 0.000e+00 0.000e+00 0.000e+00 0.000e+00 0.000e+00
3.162e-14 0.000e+00 0.000e+00 0.000e+00 0.000e+00 0.000e+00
3.548e-14 0.000e+00 0.000e+00 0.000e+00 0.000e+00 0.000e+00
3.981e-14 0.000e+00 0.000e+00 0.000e+00 0.000e+00 0.000e+00
4.467e-14 0.000e+00 0.000e+00 0.000e+00 0.000e+00 0.000e+00
5.012e-14 0.000e+00 0.000e+00 0.000e+00 0.000e+00 0.000e+00
5.623e-14 0.000e+00 0.000e+00 0.000e+00 0.000e+00 0.000e+00
6.310e-14 0.000e+00 0.000e+00 0.000e+00 0.000e+00 0.000e+00
7.079e-14 0.000e+00 0.000e+00 0.000e+00 0.000e+00 0.000e+00
7.943e-14 0.000e+00 0.000e+00 0.000e+00 0.000e+00 0.000e+00
8.913e-14 0.000e+00 0.000e+00 0.000e+00 0.000e+00 0.000e+00
1.000e-13 0.000e+00 0.000e+00 0.000e+00 0.000e+00 0.000e+00
1.122e-13 0.000e+00 0.000e+00 0.000e+00 0.000e+00 0.000e+00
1.259e-13 0.000e+00 0.000e+00 0.000e+00 0.000e+00 0.000e+00
1.413e-13 0.000e+00 0.000e+00 0.000e+00 0.000e+00 0.000e+00
1.585e-13 0.000e+00 0.000e+00 0.000e+00 0.000e+00 0.000e+00
1.778e-13 0.000e+00 0.000e+00 0.000e+00 0.000e+00 0.000e+00
1.995e-13 0.000e+00 0.000e+00 0.000e+00 0.000e+00 0.000e+00
2.239e-13 0.000e+00 0.000e+00 0.000e+00 0.000e+00 0.000e+00
2.512e-13 0.000e+00 0.000e+00 0.000e+00 0.000e+00 0.000e+00
2.818e-13 0.000e+00 0.000e+00 0.000e+00 0.000e+00 0.000e+00
3.162e-13 0.000e+00 0.000e+00 0.000e+00 0.000e+00 0.000e+00
3.548e-13 0.000e+00 0.000e+00 0.000e+00 0.000e+00 0.000e+00
3.981e-13 0.000e+00 0.000e+00 0.000e+00 0.000e+00 0.000e+00
4.467e-13 0.000e+00 0.000e+00 0.000e+00 0.000e+00 0.000e+00
5.012e-13 8.152e+09 1.278e-15 1.024e-71 2.162e-60 2.717e-59
5.623e-13 1.398e+13 2.759e-12 2.211e-68 4.666e-57 5.864e-56
6.310e-13 2.802e+14 6.962e-11 5.579e-67 1.178e-55 1.480e-54
7.079e-13 2.309e+15 7.223e-10 5.788e-66 1.222e-54 1.535e-53
7.943e-13 1.255e+16 4.941e-09 3.960e-65 8.359e-54 1.050e-52
8.913e-13 5.349e+16 2.652e-08 2.125e-64 4.485e-53 5.637e-52
1.000e-12 1.942e+17 1.212e-07 9.715e-64 2.051e-52 2.577e-51
1.122e-12 6.282e+17 4.936e-07 3.956e-63 8.350e-52 1.049e-50
1.259e-12 1.857e+18 1.837e-06 1.472e-62 3.108e-51 3.905e-50
1.413e-12 5.102e+18 6.353e-06 5.091e-62 1.075e-50 1.350e-49
1.585e-12 1.316e+19 2.064e-05 1.654e-61 3.490e-50 4.386e-49
1.778e-12 3.214e+19 6.345e-05 5.084e-61 1.073e-49 1.349e-48
1.995e-12 7.476e+19 1.858e-04 1.489e-60 3.142e-49 3.949e-48
2.239e-12 1.664e+20 5.205e-04 4.171e-60 8.804e-49 1.106e-47
2.512e-12 3.558e+20 1.401e-03 1.123e-59 2.370e-48 2.978e-47
2.818e-12 7.333e+20 3.636e-03 2.914e-59 6.150e-48 7.728e-47
3.162e-12 1.462e+21 9.124e-03 7.311e-59 1.543e-47 1.939e-46
3.548e-12 2.825e+21 2.220e-02 1.779e-58 3.755e-47 4.719e-46
3.981e-12 5.308e+21 5.251e-02 4.208e-58 8.882e-47 1.116e-45
4.467e-12 9.713e+21 1.210e-01 9.694e-58 2.046e-46 2.571e-45
5.012e-12 1.735e+22 2.720e-01 2.180e-57 4.601e-46 5.782e-45
5.623e-12 3.030e+22 5.980e-01 4.792e-57 1.012e-45 1.271e-44
6.310e-12 5.182e+22 1.288e+00 1.032e-56 2.178e-45 2.737e-44
7.079e-12 8.693e+22 2.719e+00 2.179e-56 4.600e-45 5.780e-44
7.943e-12 1.432e+23 5.640e+00 4.520e-56 9.541e-45 1.199e-43
8.913e-12 2.321e+23 1.150e+01 9.219e-56 1.946e-44 2.445e-43
1.000e-11 3.702e+23 2.310e+01 1.851e-55 3.908e-44 4.911e-43
1.122e-11 5.819e+23 4.573e+01 3.664e-55 7.735e-44 9.720e-43
1.259e-11 9.026e+23 8.928e+01 7.155e-55 1.510e-43 1.898e-42
1.413e-11 1.382e+24 1.721e+02 1.379e-54 2.912e-43 3.659e-42
1.585e-11 2.092e+24 3.279e+02 2.628e-54 5.547e-43 6.971e-42
1.778e-11 3.131e+24 6.179e+02 4.952e-54 1.045e-42 1.314e-41
1.995e-11 4.638e+24 1.152e+03 9.234e-54 1.949e-42 2.449e-41
2.239e-11 6.803e+24 2.128e+03 1.705e-53 3.600e-42 4.524e-41
2.512e-11 9.889e+24 3.895e+03 3.121e-53 6.588e-42 8.278e-41
2.818e-11 1.425e+25 7.067e+03 5.663e-53 1.195e-41 1.502e-40
3.162e-11 2.038e+25 1.272e+04 1.019e-52 2.152e-41 2.704e-40
3.548e-11 2.892e+25 2.273e+04 1.821e-52 3.844e-41 4.831e-40
3.981e-11 4.076e+25 4.032e+04 3.231e-52 6.820e-41 8.570e-40
4.467e-11 5.706e+25 7.106e+04 5.694e-52 1.202e-40 1.510e-39
5.012e-11 7.938e+25 1.244e+05 9.973e-52 2.105e-40 2.645e-39
5.623e-11 1.098e+26 2.167e+05 1.737e-51 3.665e-40 4.606e-39
6.310e-11 1.510e+26 3.753e+05 3.007e-51 6.348e-40 7.977e-39
7.079e-11 2.067e+26 6.465e+05 5.181e-51 1.094e-39 1.374e-38
7.943e-11 2.815e+26 1.108e+06 8.883e-51 1.875e-39 2.356e-38
8.913e-11 3.816e+26 1.892e+06 1.516e-50 3.200e-39 4.021e-38
1.000e-10 5.151e+26 3.215e+06 2.577e-50 5.439e-39 6.834e-38
1.122e-10 6.926e+26 5.442e+06 4.361e-50 9.206e-39 1.157e-37
1.259e-10 9.277e+26 9.177e+06 7.354e-50 1.552e-38 1.951e-37
1.413e-10 1.238e+27 1.542e+07 1.236e-49 2.608e-38 3.278e-37
1.585e-10 1.647e+27 2.583e+07 2.070e-49 4.368e-38 5.489e-37
1.778e-10 2.184e+27 4.312e+07 3.455e-49 7.293e-38 9.165e-37
1.995e-10 2.888e+27 7.177e+07 5.751e-49 1.214e-37 1.526e-36
2.239e-10 3.809e+27 1.191e+08 9.548e-49 2.015e-37 2.533e-36
2.512e-10 5.009e+27 1.973e+08 1.581e-48 3.337e-37 4.193e-36
2.818e-10 6.573e+27 3.259e+08 2.611e-48 5.512e-37 6.927e-36
3.162e-10 8.604e+27 5.370e+08 4.304e-48 9.084e-37 1.142e-35
3.548e-10 1.124e+28 8.832e+08 7.078e-48 1.494e-36 1.877e-35
3.981e-10 1.465e+28 1.450e+09 1.162e-47 2.452e-36 3.081e-35
4.467e-10 1.907e+28 2.375e+09 1.903e-47 4.017e-36 5.048e-35
5.012e-10 2.477e+28 3.884e+09 3.112e-47 6.570e-36 8.255e-35
5.623e-10 3.213e+28 6.341e+09 5.082e-47 1.073e-35 1.348e-34
6.310e-10 4.161e+28 1.034e+10 8.285e-47 1.749e-35 2.198e-34
7.079e-10 5.380e+28 1.683e+10 1.349e-46 2.847e-35 3.577e-34
7.943e-10 6.948e+28 2.736e+10 2.193e-46 4.629e-35 5.816e-34
8.913e-10 8.962e+28 4.443e+10 3.561e-46 7.516e-35 9.445e-34
1.000e-09 1.155e+29 7.207e+10 5.775e-46 1.219e-34 1.532e-33
1.122e-09 1.486e+29 1.168e+11 9.358e-46 1.975e-34 2.482e-33
1.259e-09 1.911e+29 1.890e+11 1.515e-45 3.197e-34 4.018e-33
1.413e-09 2.454e+29 3.057e+11 2.449e-45 5.170e-34 6.497e-33
1.585e-09 3.150e+29 4.939e+11 3.958e-45 8.354e-34 1.050e-32
1.778e-09 4.040e+29 7.973e+11 6.389e-45 1.349e-33 1.695e-32
1.995e-09 5.176e+29 1.286e+12 1.031e-44 2.176e-33 2.734e-32
2.239e-09 6.629e+29 2.074e+12 1.662e-44 3.507e-33 4.408e-32
2.512e-09 8.483e+29 3.341e+12 2.677e-44 5.651e-33 7.101e-32
2.818e-09 1.085e+30 5.379e+12 4.310e-44 9.098e-33 1.143e-31
3.162e-09 1.387e+30 8.655e+12 6.936e-44 1.464e-32 1.840e-31
3.548e-09 1.772e+30 1.392e+13 1.116e-43 2.355e-32 2.959e-31
3.981e-09 2.262e+30 2.238e+13 1.793e-43 3.785e-32 4.757e-31
4.467e-09 2.887e+30 3.596e+13 2.882e-43 6.082e-32 7.643e-31
5.012e-09 3.684e+30 5.775e+13 4.628e-43 9.769e-32 1.228e-30
5.623e-09 4.698e+30 9.272e+13 7.430e-43 1.568e-31 1.971e-30
6.310e-09 5.989e+30 1.488e+14 1.192e-42 2.517e-31 3.163e-30
7.079e-09 7.631e+30 2.387e+14 1.913e-42 4.038e-31 5.074e-30
7.943e-09 9.721e+30 3.828e+14 3.068e-42 6.476e-31 8.138e-30
8.913e-09 1.238e+31 6.138e+14 4.918e-42 1.038e-30 1.305e-29
1.000e-08 1.576e+31 9.837e+14 7.883e-42 1.664e-30 2.091e-29
1.122e-08 2.006e+31 1.576e+15 1.263e-41 2.666e-30 3.350e-29
1.259e-08 2.552e+31 2.524e+15 2.023e-41 4.270e-30 5.366e-29
1.413e-08 3.246e+31 4.042e+15 3.239e-41 6.838e-30 8.592e-29
1.585e-08 4.127e+31 6.471e+15 5.185e-41 1.095e-29 1.375e-28
1.778e-08 5.247e+31 1.036e+16 8.299e-41 1.752e-29 2.201e-28
1.995e-08 6.668e+31 1.657e+16 1.328e-40 2.803e-29 3.522e-28
2.239e-08 8.472e+31 2.650e+16 2.124e-40 4.483e-29 5.633e-28
2.512e-08 1.076e+32 4.238e+16 3.396e-40 7.169e-29 9.008e-28
2.818e-08 1.367e+32 6.775e+16 5.429e-40 1.146e-28 1.440e-27
3.162e-08 1.735e+32 1.083e+17 8.677e-40 1.832e-28 2.302e-27
3.548e-08 2.202e+32 1.730e+17 1.386e-39 2.927e-28 3.678e-27
3.981e-08 2.794e+32 2.764e+17 2.215e-39 4.675e-28 5.874e-27
4.467e-08 3.544e+32 4.413e+17 3.536e-39 7.465e-28 9.381e-27
5.012e-08 4.494e+32 7.045e+17 5.646e-39 1.192e-27 1.498e-26
5.623e-08 5.697e+32 1.124e+18 9.010e-39 1.902e-27 2.390e-26
6.310e-08 7.221e+32 1.794e+18 1.438e-38 3.035e-27 3.814e-26
7.079e-08 9.155e+32 2.864e+18 2.295e-38 4.844e-27 6.087e-26
7.943e-08 1.161e+33 4.573e+18 3.665e-38 7.735e-27 9.721e-26
8.913e-08 1.474e+33 7.309e+18 5.857e-38 1.236e-26 1.554e-25
1.000e-07 1.874e+33 1.170e+19 9.373e-38 1.978e-26 2.486e-25
1.122e-07 2.385e+33 1.874e+19 1.502e-37 3.170e-26 3.983e-25
1.259e-07 3.039e+33 3.006e+19 2.409e-37 5.084e-26 6.389e-25
1.413e-07 3.876e+33 4.827e+19 3.868e-37 8.164e-26 1.026e-24
1.585e-07 4.947e+33 7.756e+19 6.215e-37 1.312e-25 1.649e-24
1.778e-07 6.317e+33 1.247e+20 9.992e-37 2.109e-25 2.650e-24
1.995e-07 8.068e+33 2.005e+20 1.606e-36 3.391e-25 4.261e-24
2.239e-07 1.030e+34 3.222e+20 2.582e-36 5.450e-25 6.849e-24
2.512e-07 1.314e+34 5.176e+20 4.148e-36 8.756e-25 1.100e-23
2.818e-07 1.676e+34 8.309e+20 6.658e-36 1.405e-24 1.766e-23
3.162e-07 2.134e+34 1.332e+21 1.068e-35 2.254e-24 2.832e-23
3.548e-07 2.715e+34 2.133e+21 1.710e-35 3.609e-24 4.535e-23
3.981e-07 3.449e+34 3.412e+21 2.734e-35 5.771e-24 7.252e-23
4.467e-07 4.375e+34 5.449e+21 4.366e-35 9.217e-24 1.158e-22
5.012e-07 5.545e+34 8.693e+21 6.966e-35 1.470e-23 1.848e-22
5.623e-07 7.021e+34 1.386e+22 1.111e-34 2.344e-23 2.946e-22
6.310e-07 8.886e+34 2.208e+22 1.769e-34 3.735e-23 4.693e-22
7.079e-07 1.124e+35 3.517e+22 2.818e-34 5.948e-23 7.475e-22
7.943e-07 1.422e+35 5.600e+22 4.487e-34 9.472e-23 1.190e-21
8.913e-07 1.798e+35 8.915e+22 7.144e-34 1.508e-22 1.895e-21
1.000e-06 2.274e+35 1.419e+23 1.137e-33 2.400e-22 3.016e-21
1.122e-06 2.874e+35 2.258e+23 1.809e-33 3.819e-22 4.800e-21
1.259e-06 3.630e+35 3.591e+23 2.878e-33 6.074e-22 7.633e-21
1.413e-06 4.582e+35 5.706e+23 4.573e-33 9.652e-22 1.213e-20
1.585e-06 5.785e+35 9.069e+23 7.268e-33 1.534e-21 1.928e-20
1.778e-06 7.309e+35 1.443e+24 1.156e-32 2.440e-21 3.066e-20
1.995e-06 9.241e+35 2.296e+24 1.840e-32 3.884e-21 4.881e-20
2.239e-06 1.168e+36 3.655e+24 2.929e-32 6.183e-21 7.769e-20
2.512e-06 1.476e+36 5.811e+24 4.657e-32 9.830e-21 1.235e-19
2.818e-06 1.859e+36 9.217e+24 7.386e-32 1.559e-20 1.959e-19
3.162e-06 2.335e+36 1.457e+25 1.168e-31 2.465e-20 3.097e-19
3.548e-06 2.919e+36 2.294e+25 1.838e-31 3.880e-20 4.876e-19
3.981e-06 3.633e+36 3.594e+25 2.880e-31 6.079e-20 7.639e-19
4.467e-06 4.498e+36 5.601e+25 4.489e-31 9.475e-20 1.191e-18
5.012e-06 5.539e+36 8.684e+25 6.959e-31 1.469e-19 1.846e-18
5.623e-06 6.783e+36 1.339e+26 1.073e-30 2.265e-19 2.846e-18
6.310e-06 8.259e+36 2.052e+26 1.645e-30 3.471e-19 4.362e-18
7.079e-06 9.993e+36 3.126e+26 2.505e-30 5.288e-19 6.645e-18
7.943e-06 1.203e+37 4.736e+26 3.795e-30 8.011e-19 1.007e-17
8.913e-06 1.438e+37 7.132e+26 5.715e-30 1.206e-18 1.516e-17
1.000e-05 1.710e+37 1.067e+27 8.553e-30 1.805e-18 2.269e-17
1.122e-05 2.020e+37 1.587e+27 1.272e-29 2.685e-18 3.374e-17
1.259e-05 2.367e+37 2.341e+27 1.876e-29 3.961e-18 4.977e-17
1.413e-05 2.749e+37 3.423e+27 2.743e-29 5.791e-18 7.277e-17
1.585e-05 3.162e+37 4.958e+27 3.973e-29 8.386e-18 1.054e-16
1.778e-05 3.600e+37 7.106e+27 5.695e-29 1.202e-17 1.510e-16
1.995e-05 4.054e+37 1.007e+28 8.072e-29 1.704e-17 2.141e-16
2.239e-05 4.514e+37 1.412e+28 1.132e-28 2.388e-17 3.001e-16
2.512e-05 4.970e+37 1.957e+28 1.569e-28 3.311e-17 4.161e-16
2.818e-05 5.412e+37 2.683e+28 2.150e-28 4.539e-17 5.703e-16
3.162e-05 5.829e+37 3.638e+28 2.916e-28 6.154e-17 7.734e-16
3.548e-05 6.212e+37 4.881e+28 3.911e-28 8.256e-17 1.038e-15
3.981e-05 6.551e+37 6.480e+28 5.193e-28 1.096e-16 1.377e-15
4.467e-05 6.838e+37 8.515e+28 6.824e-28 1.440e-16 1.810e-15
5.012e-05 7.066e+37 1.108e+29 8.877e-28 1.874e-16 2.355e-15
5.623e-05 7.230e+37 1.427e+29 1.144e-27 2.414e-16 3.033e-15
6.310e-05 7.326e+37 1.820e+29 1.459e-27 3.079e-16 3.870e-15
7.079e-05 7.336e+37 2.295e+29 1.839e-27 3.882e-16 4.878e-15
7.943e-05 7.251e+37 2.856e+29 2.288e-27 4.830e-16 6.070e-15
8.913e-05 7.098e+37 3.519e+29 2.820e-27 5.953e-16 7.481e-15
1.000e-04 6.881e+37 4.294e+29 3.441e-27 7.264e-16 9.128e-15
1.122e-04 6.603e+37 5.188e+29 4.158e-27 8.776e-16 1.103e-14
1.259e-04 6.272e+37 6.205e+29 4.972e-27 1.050e-15 1.319e-14
1.413e-04 5.897e+37 7.343e+29 5.885e-27 1.242e-15 1.561e-14
1.585e-04 5.485e+37 8.599e+29 6.891e-27 1.455e-15 1.828e-14
1.778e-04 5.046e+37 9.960e+29 7.981e-27 1.685e-15 2.117e-14
1.995e-04 4.592e+37 1.141e+30 9.143e-27 1.930e-15 2.425e-14
2.239e-04 4.132e+37 1.292e+30 1.036e-26 2.186e-15 2.747e-14
2.512e-04 3.676e+37 1.448e+30 1.160e-26 2.449e-15 3.077e-14
2.818e-04 3.235e+37 1.604e+30 1.285e-26 2.713e-15 3.409e-14
3.162e-04 2.817e+37 1.758e+30 1.409e-26 2.974e-15 3.737e-14
3.548e-04 2.429e+37 1.909e+30 1.530e-26 3.229e-15 4.057e-14
3.981e-04 2.076e+37 2.054e+30 1.646e-26 3.474e-15 4.366e-14
4.467e-04 1.760e+37 2.192e+30 1.756e-26 3.707e-15 4.659e-14
5.012e-04 1.482e+37 2.323e+30 1.862e-26 3.930e-15 4.938e-14
5.623e-04 1.240e+37 2.448e+30 1.962e-26 4.140e-15 5.203e-14
6.310e-04 1.031e+37 2.563e+30 2.054e-26 4.335e-15 5.448e-14
7.079e-04 8.533e+36 2.669e+30 2.139e-26 4.515e-15 5.674e-14
7.943e-04 7.016e+36 2.763e+30 2.214e-26 4.674e-15 5.873e-14
8.913e-04 5.734e+36 2.843e+30 2.278e-26 4.809e-15 6.043e-14
1.000e-03 4.661e+36 2.909e+30 2.331e-26 4.921e-15 6.184e-14
1.122e-03 3.768e+36 2.961e+30 2.372e-26 5.008e-15 6.293e-14
1.259e-03 3.030e+36 2.997e+30 2.402e-26 5.070e-15 6.372e-14
1.413e-03 2.425e+36 3.020e+30 2.420e-26 5.109e-15 6.420e-14
1.585e-03 1.933e+36 3.030e+30 2.428e-26 5.125e-15 6.441e-14
1.778e-03 1.535e+36 3.029e+30 2.427e-26 5.124e-15 6.439e-14
1.995e-03 1.216e+36 3.021e+30 2.421e-26 5.109e-15 6.420e-14
2.239e-03 9.616e+35 3.008e+30 2.410e-26 5.088e-15 6.394e-14
2.512e-03 7.605e+35 2.995e+30 2.400e-26 5.066e-15 6.366e-14
2.818e-03 6.018e+35 2.983e+30 2.391e-26 5.046e-15 6.342e-14
3.162e-03 4.766e+35 2.975e+30 2.384e-26 5.032e-15 6.323e-14
3.548e-03 3.776e+35 2.967e+30 2.378e-26 5.019e-15 6.307e-14
3.981e-03 2.990e+35 2.957e+30 2.370e-26 5.002e-15 6.286e-14
4.467e-03 2.366e+35 2.946e+30 2.361e-26 4.983e-15 6.262e-14
5.012e-03 1.871e+35 2.933e+30 2.351e-26 4.962e-15 6.235e-14
5.623e-03 1.480e+35 2.920e+30 2.340e-26 4.940e-15 6.207e-14
6.310e-03 1.170e+35 2.907e+30 2.329e-26 4.917e-15 6.178e-14
7.079e-03 9.247e+34 2.893e+30 2.318e-26 4.893e-15 6.148e-14
7.943e-03 7.307e+34 2.878e+30 2.306e-26 4.867e-15 6.117e-14
8.913e-03 5.771e+34 2.861e+30 2.293e-26 4.840e-15 6.082e-14
1.000e-02 4.555e+34 2.843e+30 2.278e-26 4.809e-15 6.043e-14
1.122e-02 3.591e+34 2.821e+30 2.261e-26 4.773e-15 5.997e-14
1.259e-02 2.827e+34 2.797e+30 2.241e-26 4.731e-15 5.945e-14
1.413e-02 2.223e+34 2.769e+30 2.219e-26 4.684e-15 5.885e-14
1.585e-02 1.746e+34 2.737e+30 2.194e-26 4.630e-15 5.819e-14
1.778e-02 1.370e+34 2.703e+30 2.166e-26 4.573e-15 5.746e-14
1.995e-02 1.073e+34 2.667e+30 2.137e-26 4.512e-15 5.670e-14
2.239e-02 8.408e+33 2.630e+30 2.108e-26 4.449e-15 5.591e-14
2.512e-02 6.584e+33 2.593e+30 2.078e-26 4.386e-15 5.511e-14
2.818e-02 5.156e+33 2.556e+30 2.048e-26 4.324e-15 5.433e-14
3.162e-02 4.039e+33 2.521e+30 2.020e-26 4.264e-15 5.358e-14
3.548e-02 3.166e+33 2.488e+30 1.994e-26 4.208e-15 5.288e-14
3.981e-02 2.484e+33 2.458e+30 1.969e-26 4.157e-15 5.224e-14
4.467e-02 1.952e+33 2.431e+30 1.948e-26 4.111e-15 5.167e-14
5.012e-02 1.535e+33 2.407e+30 1.929e-26 4.071e-15 5.116e-14
5.623e-02 1.209e+33 2.386e+30 1.912e-26 4.036e-15 5.072e-14
6.310e-02 9.530e+32 2.368e+30 1.898e-26 4.005e-15 5.033e-14
7.079e-02 7.517e+32 2.351e+30 1.884e-26 3.977e-15 4.998e-14
7.943e-02 5.930e+32 2.335e+30 1.871e-26 3.950e-15 4.964e-14
8.913e-02 4.678e+32 2.319e+30 1.858e-26 3.923e-15 4.930e-14
1.000e-01 3.689e+32 2.303e+30 1.845e-26 3.895e-15 4.894e-14
1.122e-01 2.908e+32 2.285e+30 1.831e-26 3.866e-15 4.858e-14
1.259e-01 2.292e+32 2.268e+30 1.817e-26 3.836e-15 4.820e-14
1.413e-01 1.806e+32 2.249e+30 1.803e-26 3.805e-15 4.781e-14
1.585e-01 1.423e+32 2.231e+30 1.788e-26 3.773e-15 4.742e-14
1.778e-01 1.121e+32 2.212e+30 1.772e-26 3.741e-15 4.701e-14
1.995e-01 8.822e+31 2.192e+30 1.757e-26 3.708e-15 4.660e-14
2.239e-01 6.944e+31 2.172e+30 1.741e-26 3.674e-15 4.617e-14
2.512e-01 5.464e+31 2.152e+30 1.724e-26 3.640e-15 4.574e-14
2.818e-01 4.298e+31 2.131e+30 1.708e-26 3.605e-15 4.530e-14
3.162e-01 3.381e+31 2.110e+30 1.691e-26 3.569e-15 4.485e-14
3.548e-01 2.658e+31 2.088e+30 1.674e-26 3.533e-15 4.439e-14
3.981e-01 2.089e+31 2.067e+30 1.656e-26 3.496e-15 4.393e-14
4.467e-01 1.642e+31 2.044e+30 1.638e-26 3.458e-15 4.346e-14
5.012e-01 1.290e+31 2.022e+30 1.620e-26 3.420e-15 4.298e-14
5.623e-01 1.013e+31 1.999e+30 1.602e-26 3.381e-15 4.249e-14
6.310e-01 7.950e+30 1.976e+30 1.583e-26 3.342e-15 4.199e-14
7.079e-01 6.239e+30 1.952e+30 1.564e-26 3.301e-15 4.149e-14
7.943e-01 4.895e+30 1.928e+30 1.545e-26 3.261e-15 4.097e-14
8.913e-01 3.838e+30 1.903e+30 1.525e-26 3.219e-15 4.045e-14
1.000e+00 3.009e+30 1.878e+30 1.505e-26 3.177e-15 3.992e-14
1.122e+00 2.358e+30 1.853e+30 1.485e-26 3.134e-15 3.938e-14
1.259e+00 1.846e+30 1.827e+30 1.464e-26 3.090e-15 3.883e-14
1.413e+00 1.445e+30 1.800e+30 1.443e-26 3.045e-15 3.826e-14
1.585e+00 1.131e+30 1.773e+30 1.421e-26 2.999e-15 3.769e-14
1.778e+00 8.844e+29 1.745e+30 1.399e-26 2.953e-15 3.710e-14
1.995e+00 6.911e+29 1.717e+30 1.376e-26 2.905e-15 3.650e-14
2.239e+00 5.398e+29 1.689e+30 1.353e-26 2.856e-15 3.589e-14
2.512e+00 4.213e+29 1.659e+30 1.329e-26 2.806e-15 3.527e-14
2.818e+00 3.286e+29 1.629e+30 1.305e-26 2.755e-15 3.462e-14
3.162e+00 2.560e+29 1.598e+30 1.281e-26 2.703e-15 3.397e-14
3.548e+00 1.993e+29 1.566e+30 1.255e-26 2.650e-15 3.330e-14
3.981e+00 1.551e+29 1.534e+30 1.229e-26 2.595e-15 3.261e-14
4.467e+00 1.205e+29 1.501e+30 1.203e-26 2.539e-15 3.190e-14
5.012e+00 9.356e+28 1.467e+30 1.175e-26 2.481e-15 3.118e-14
5.623e+00 7.255e+28 1.432e+30 1.147e-26 2.422e-15 3.044e-14
6.310e+00 5.619e+28 1.396e+30 1.119e-26 2.362e-15 2.968e-14
7.079e+00 4.346e+28 1.359e+30 1.089e-26 2.300e-15 2.890e-14
7.943e+00 3.357e+28 1.322e+30 1.059e-26 2.236e-15 2.810e-14
8.913e+00 2.589e+28 1.284e+30 1.029e-26 2.171e-15 2.728e-14
1.000e+01 1.993e+28 1.244e+30 9.971e-27 2.105e-15 2.645e-14
1.122e+01 1.532e+28 1.204e+30 9.649e-27 2.037e-15 2.559e-14
1.259e+01 1.176e+28 1.163e+30 9.320e-27 1.967e-15 2.472e-14
1.413e+01 9.003e+27 1.121e+30 8.985e-27 1.897e-15 2.383e-14
1.585e+01 6.880e+27 1.079e+30 8.644e-27 1.825e-15 2.293e-14
1.778e+01 5.246e+27 1.035e+30 8.297e-27 1.751e-15 2.201e-14
1.995e+01 3.990e+27 9.915e+29 7.945e-27 1.677e-15 2.108e-14
2.239e+01 3.027e+27 9.470e+29 7.589e-27 1.602e-15 2.013e-14
2.512e+01 2.291e+27 9.021e+29 7.229e-27 1.526e-15 1.917e-14
2.818e+01 1.728e+27 8.568e+29 6.866e-27 1.449e-15 1.821e-14
3.162e+01 1.300e+27 8.113e+29 6.501e-27 1.372e-15 1.724e-14
3.548e+01 9.744e+26 7.656e+29 6.135e-27 1.295e-15 1.627e-14
3.981e+01 7.279e+26 7.200e+29 5.770e-27 1.218e-15 1.531e-14
4.467e+01 5.417e+26 6.746e+29 5.406e-27 1.141e-15 1.434e-14
5.012e+01 4.016e+26 6.296e+29 5.045e-27 1.065e-15 1.338e-14
5.623e+01 2.964e+26 5.851e+29 4.689e-27 9.897e-16 1.244e-14
6.310e+01 2.178e+26 5.413e+29 4.338e-27 9.156e-16 1.151e-14
7.079e+01 1.593e+26 4.983e+29 3.994e-27 8.430e-16 1.059e-14
7.943e+01 1.159e+26 4.565e+29 3.658e-27 7.722e-16 9.703e-15
8.913e+01 8.389e+25 4.159e+29 3.333e-27 7.035e-16 8.841e-15
1.000e+02 6.036e+25 3.767e+29 3.019e-27 6.373e-16 8.008e-15
1.122e+02 4.316e+25 3.392e+29 2.718e-27 5.737e-16 7.209e-15
1.259e+02 3.067e+25 3.033e+29 2.431e-27 5.131e-16 6.448e-15
1.413e+02 2.163e+25 2.694e+29 2.159e-27 4.557e-16 5.727e-15
1.585e+02 1.515e+25 2.375e+29 1.903e-27 4.018e-16 5.049e-15
1.778e+02 1.053e+25 2.078e+29 1.665e-27 3.514e-16 4.416e-15
1.995e+02 7.252e+24 1.802e+29 1.444e-27 3.048e-16 3.830e-15
2.239e+02 4.951e+24 1.549e+29 1.241e-27 2.620e-16 3.292e-15
2.512e+02 3.348e+24 1.319e+29 1.057e-27 2.230e-16 2.803e-15
2.818e+02 2.241e+24 1.111e+29 8.904e-28 1.879e-16 2.362e-15
3.162e+02 1.484e+24 9.261e+28 7.421e-28 1.566e-16 1.969e-15
3.548e+02 9.709e+23 7.629e+28 6.113e-28 1.290e-16 1.622e-15
3.981e+02 6.274e+23 6.206e+28 4.973e-28 1.050e-16 1.319e-15
4.467e+02 4.000e+23 4.981e+28 3.992e-28 8.426e-17 1.059e-15
5.012e+02 2.514e+23 3.941e+28 3.158e-28 6.667e-17 8.378e-16
5.623e+02 1.556e+23 3.071e+28 2.461e-28 5.194e-17 6.527e-16
6.310e+02 9.470e+22 2.353e+28 1.886e-28 3.980e-17 5.002e-16
7.079e+02 5.663e+22 1.772e+28 1.420e-28 2.997e-17 3.766e-16
7.943e+02 3.322e+22 1.308e+28 1.048e-28 2.213e-17 2.781e-16
8.913e+02 1.909e+22 9.466e+27 7.586e-29 1.601e-17 2.012e-16
1.000e+03 1.073e+22 6.699e+27 5.368e-29 1.133e-17 1.424e-16
1.122e+03 5.890e+21 4.628e+27 3.709e-29 7.828e-18 9.837e-17
1.259e+03 3.149e+21 3.116e+27 2.497e-29 5.270e-18 6.622e-17
1.413e+03 1.638e+21 2.039e+27 1.634e-29 3.450e-18 4.335e-17
1.585e+03 8.260e+20 1.295e+27 1.038e-29 2.190e-18 2.753e-17
1.778e+03 4.031e+20 7.955e+26 6.375e-30 1.346e-18 1.691e-17
1.995e+03 1.897e+20 4.714e+26 3.778e-30 7.974e-19 1.002e-17
2.239e+03 8.585e+19 2.685e+26 2.152e-30 4.543e-19 5.708e-18
2.512e+03 3.720e+19 1.465e+26 1.174e-30 2.478e-19 3.114e-18
2.818e+03 1.536e+19 7.617e+25 6.104e-31 1.288e-19 1.619e-18
3.162e+03 6.014e+18 3.753e+25 3.008e-31 6.349e-20 7.978e-19
3.548e+03 2.214e+18 1.740e+25 1.394e-31 2.943e-20 3.698e-19
3.981e+03 7.590e+17 7.508e+24 6.017e-32 1.270e-20 1.596e-19
4.467e+03 2.386e+17 2.972e+24 2.381e-32 5.026e-21 6.316e-20
5.012e+03 6.717e+16 1.053e+24 8.439e-33 1.781e-21 2.239e-20
5.623e+03 1.626e+16 3.210e+23 2.572e-33 5.429e-22 6.823e-21
6.310e+03 3.145e+15 7.814e+22 6.262e-34 1.322e-22 1.661e-21
7.079e+03 4.176e+14 1.306e+22 1.047e-34 2.210e-23 2.777e-22
7.943e+03 2.583e+13 1.017e+21 8.151e-36 1.721e-24 2.162e-23
8.913e+03 8.312e+10 4.121e+18 3.303e-38 6.971e-27 8.760e-26
1.000e+04 0.000e+00 0.000e+00 0.000e+00 0.000e+00 0.000e+00
1.122e+04 0.000e+00 0.000e+00 0.000e+00 0.000e+00 0.000e+00
1.259e+04 0.000e+00 0.000e+00 0.000e+00 0.000e+00 0.000e+00
1.413e+04 0.000e+00 0.000e+00 0.000e+00 0.000e+00 0.000e+00
1.585e+04 0.000e+00 0.000e+00 0.000e+00 0.000e+00 0.000e+00
1.778e+04 0.000e+00 0.000e+00 0.000e+00 0.000e+00 0.000e+00
1.995e+04 0.000e+00 0.000e+00 0.000e+00 0.000e+00 0.000e+00
2.239e+04 0.000e+00 0.000e+00 0.000e+00 0.000e+00 0.000e+00
2.512e+04 0.000e+00 0.000e+00 0.000e+00 0.000e+00 0.000e+00
2.818e+04 0.000e+00 0.000e+00 0.000e+00 0.000e+00 0.000e+00
3.162e+04 0.000e+00 0.000e+00 0.000e+00 0.000e+00 0.000e+00
3.548e+04 0.000e+00 0.000e+00 0.000e+00 0.000e+00 0.000e+00
3.981e+04 0.000e+00 0.000e+00 0.000e+00 0.000e+00 0.000e+00
4.467e+04 0.000e+00 0.000e+00 0.000e+00 0.000e+00 0.000e+00
5.012e+04 0.000e+00 0.000e+00 0.000e+00 0.000e+00 0.000e+00
5.623e+04 0.000e+00 0.000e+00 0.000e+00 0.000e+00 0.000e+00
6.310e+04 0.000e+00 0.000e+00 0.000e+00 0.000e+00 0.000e+00
7.079e+04 0.000e+00 0.000e+00 0.000e+00 0.000e+00 0.000e+00
7.943e+04 0.000e+00 0.000e+00 0.000e+00 0.000e+00 0.000e+00
8.913e+04 0.000e+00 0.000e+00 0.000e+00 0.000e+00 0.000e+00
1.000e+05 0.000e+00 0.000e+00 0.000e+00 0.000e+00 0.000e+00
1.122e+05 0.000e+00 0.000e+00 0.000e+00 0.000e+00 0.000e+00
1.259e+05 0.000e+00 0.000e+00 0.000e+00 0.000e+00 0.000e+00
1.413e+05 0.000e+00 0.000e+00 0.000e+00 0.000e+00 0.000e+00
1.585e+05 0.000e+00 0.000e+00 0.000e+00 0.000e+00 0.000e+00
1.778e+05 0.000e+00 0.000e+00 0.000e+00 0.000e+00 0.000e+00
1.995e+05 0.000e+00 0.000e+00 0.000e+00 0.000e+00 0.000e+00
2.239e+05 0.000e+00 0.000e+00 0.000e+00 0.000e+00 0.000e+00
2.512e+05 0.000e+00 0.000e+00 0.000e+00 0.000e+00 0.000e+00
2.818e+05 0.000e+00 0.000e+00 0.000e+00 0.000e+00 0.000e+00
3.162e+05 0.000e+00 0.000e+00 0.000e+00 0.000e+00 0.000e+00
3.548e+05 0.000e+00 0.000e+00 0.000e+00 0.000e+00 0.000e+00
3.981e+05 0.000e+00 0.000e+00 0.000e+00 0.000e+00 0.000e+00
4.467e+05 0.000e+00 0.000e+00 0.000e+00 0.000e+00 0.000e+00
5.012e+05 0.000e+00 0.000e+00 0.000e+00 0.000e+00 0.000e+00
5.623e+05 0.000e+00 0.000e+00 0.000e+00 0.000e+00 0.000e+00
6.310e+05 0.000e+00 0.000e+00 0.000e+00 0.000e+00 0.000e+00
7.079e+05 0.000e+00 0.000e+00 0.000e+00 0.000e+00 0.000e+00
7.943e+05 0.000e+00 0.000e+00 0.000e+00 0.000e+00 0.000e+00
8.913e+05 0.000e+00 0.000e+00 0.000e+00 0.000e+00 0.000e+00
1.000e+06 0.000e+00 0.000e+00 0.000e+00 0.000e+00 0.000e+00
1.122e+06 0.000e+00 0.000e+00 0.000e+00 0.000e+00 0.000e+00
1.259e+06 0.000e+00 0.000e+00 0.000e+00 0.000e+00 0.000e+00
1.413e+06 0.000e+00 0.000e+00 0.000e+00 0.000e+00 0.000e+00
1.585e+06 0.000e+00 0.000e+00 0.000e+00 0.000e+00 0.000e+00
1.778e+06 0.000e+00 0.000e+00 0.000e+00 0.000e+00 0.000e+00
1.995e+06 0.000e+00 0.000e+00 0.000e+00 0.000e+00 0.000e+00
2.239e+06 0.000e+00 0.000e+00 0.000e+00 0.000e+00 0.000e+00
2.512e+06 0.000e+00 0.000e+00 0.000e+00 0.000e+00 0.000e+00
2.818e+06 0.000e+00 0.000e+00 0.000e+00 0.000e+00 0.000e+00
3.162e+06 0.000e+00 0.000e+00 0.000e+00 0.000e+00 0.000e+00
3.548e+06 0.000e+00 0.000e+00 0.000e+00 0.000e+00 0.000e+00
3.981e+06 0.000e+00 0.000e+00 0.000e+00 0.000e+00 0.000e+00
4.467e+06 0.000e+00 0.000e+00 0.000e+00 0.000e+00 0.000e+00
5.012e+06 0.000e+00 0.000e+00 0.000e+00 0.000e+00 0.000e+00
5.623e+06 0.000e+00 0.000e+00 0.000e+00 0.000e+00 0.000e+00
6.310e+06 0.000e+00 0.000e+00 0.000e+00 0.000e+00 0.000e+00
7.079e+06 0.000e+00 0.000e+00 0.000e+00 0.000e+00 0.000e+00
7.943e+06 0.000e+00 0.000e+00 0.000e+00 0.000e+00 0.000e+00
8.913e+06 0.000e+00 0.000e+00 0.000e+00 0.000e+00 0.000e+00
1.000e+07 0.000e+00 0.000e+00 0.000e+00 0.000e+00 0.000e+00
1.122e+07 0.000e+00 0.000e+00 0.000e+00 0.000e+00 0.000e+00
1.259e+07 0.000e+00 0.000e+00 0.000e+00 0.000e+00 0.000e+00
1.413e+07 0.000e+00 0.000e+00 0.000e+00 0.000e+00 0.000e+00
1.585e+07 0.000e+00 0.000e+00 0.000e+00 0.000e+00 0.000e+00
1.778e+07 0.000e+00 0.000e+00 0.000e+00 0.000e+00 0.000e+00
1.995e+07 0.000e+00 0.000e+00 0.000e+00 0.000e+00 0.000e+00
2.239e+07 0.000e+00 0.000e+00 0.000e+00 0.000e+00 0.000e+00
2.512e+07 0.000e+00 0.000e+00 0.000e+00 0.000e+00 0.000e+00
2.818e+07 0.000e+00 0.000e+00 0.000e+00 0.000e+00 0.000e+00
3.162e+07 0.000e+00 0.000e+00 0.000e+00 0.000e+00 0.000e+00
3.548e+07 0.000e+00 0.000e+00 0.000e+00 0.000e+00 0.000e+00
3.981e+07 0.000e+00 0.000e+00 0.000e+00 0.000e+00 0.000e+00
4.467e+07 0.000e+00 0.000e+00 0.000e+00 0.000e+00 0.000e+00
5.012e+07 0.000e+00 0.000e+00 0.000e+00 0.000e+00 0.000e+00
5.623e+07 0.000e+00 0.000e+00 0.000e+00 0.000e+00 0.000e+00
6.310e+07 0.000e+00 0.000e+00 0.000e+00 0.000e+00 0.000e+00
7.079e+07 0.000e+00 0.000e+00 0.000e+00 0.000e+00 0.000e+00
7.943e+07 0.000e+00 0.000e+00 0.000e+00 0.000e+00 0.000e+00
8.913e+07 0.000e+00 0.000e+00 0.000e+00 0.000e+00 0.000e+00
1.000e+08 0.000e+00 0.000e+00 0.000e+00 0.000e+00 0.000e+00
