1.000e-20 0.000e+00 0.000e+00 0.000e+00 0.000e+00 0.000e+00
1.122e-20 0.000e+00 0.000e+00 0.000e+00 0.000e+00 0.000e+00
1.259e-20 0.000e+00 0.000e+00 0.000e+00 0.000e+00 0.000e+00
1.413e-20 0.000e+00 0.000e+00 0.000e+00 0.000e+00 0.000e+00
1.585e-20 0.000e+00 0.000e+00 0.000e+00 0.000e+00 0.000e+00
1.778e-20 0.000e+00 0.000e+00 0.000e+00 0.000e+00 0.000e+00
1.995e-20 0.000e+00 0.000e+00 0.000e+00 0.000e+00 0.000e+00
2.239e-20 0.000e+00 0.000e+00 0.000e+00 0.000e+00 0.000e+00
2.512e-20 0.000e+00 0.000e+00 0.000e+00 0.000e+00 0.000e+00
2.818e-20 0.000e+00 0.000e+00 0.000e+00 0.000e+00 0.000e+00
3.162e-20 0.000e+00 0.000e+00 0.000e+00 0.000e+00 0.000e+00
3.548e-20 0.000e+00 0.000e+00 0.000e+00 0.000e+00 0.000e+00
3.981e-20 0.000e+00 0.000e+00 0.000e+00 0.000e+00 0.000e+00
4.467e-20 0.000e+00 0.000e+00 0.000e+00 0.000e+00 0.000e+00
5.012e-20 0.000e+00 0.000e+00 0.000e+00 0.000e+00 0.000e+00
5.623e-20 0.000e+00 0.000e+00 0.000e+00 0.000e+00 0.000e+00
6.310e-20 0.000e+00 0.000e+00 0.000e+00 0.000e+00 0.000e+00
7.079e-20 0.000e+00 0.000e+00 0.000e+00 0.000e+00 0.000e+00
7.943e-20 0.000e+00 0.000e+00 0.000e+00 0.000e+00 0.000e+00
8.913e-20 0.000e+00 0.000e+00 0.000e+00 0.000e+00 0.000e+00
1.000e-19 0.000e+00 0.000e+00 0.000e+00 0.000e+00 0.000e+00
1.122e-19 0.000e+00 0.000e+00 0.000e+00 0.000e+00 0.000e+00
1.259e-19 0.000e+00 0.000e+00 0.000e+00 0.000e+00 0.000e+00
1.413e-19 0.000e+00 0.000e+00 0.000e+00 0.000e+00 0.000e+00
1.585e-19 0.000e+00 0.000e+00 0.000e+00 0.000e+00 0.000e+00
1.778e-19 0.000e+00 0.000e+00 0.000e+00 0.000e+00 0.000e+00
1.995e-19 0.000e+00 0.000e+00 0.000e+00 0.000e+00 0.000e+00
2.239e-19 0.000e+00 0.000e+00 0.000e+00 0.000e+00 0.000e+00
2.512e-19 0.000e+00 0.000e+00 0.000e+00 0.000e+00 0.000e+00
2.818e-19 0.000e+00 0.000e+00 0.000e+00 0.000e+00 0.000e+00
3.162e-19 0.000e+00 0.000e+00 0.000e+00 0.000e+00 0.000e+00
3.548e-19 0.000e+00 0.000e+00 0.000e+00 0.000e+00 0.000e+00
3.981e-19 0.000e+00 0.000e+00 0.000e+00 0.000e+00 0.000e+00
4.467e-19 0.000e+00 0.000e+00 0.000e+00 0.000e+00 0.000e+00
5.012e-19 0.000e+00 0.000e+00 0.000e+00 0.000e+00 0.000e+00
5.623e-19 0.000e+00 0.000e+00 0.000e+00 0.000e+00 0.000e+00
6.310e-19 0.000e+00 0.000e+00 0.000e+00 0.000e+00 0.000e+00
7.079e-19 0.000e+00 0.000e+00 0.000e+00 0.000e+00 0.000e+00
7.943e-19 0.000e+00 0.000e+00 0.000e+00 0.000e+00 0.000e+00
8.913e-19 0.000e+00 0.000e+00 0.000e+00 0.000e+00 0.000e+00
1.000e-18 0.000e+00 0.000e+00 0.000e+00 0.000e+00 0.000e+00
1.122e-18 0.000e+00 0.000e+00 0.000e+00 0.000e+00 0.000e+00
1.259e-18 0.000e+00 0.000e+00 0.000e+00 0.000e+00 0.000e+00
1.413e-18 0.000e+00 0.000e+00 0.000e+00 0.000e+00 0.000e+00
1.585e-18 0.000e+00 0.000e+00 0.000e+00 0.000e+00 0.000e+00
1.778e-18 0.000e+00 0.000e+00 0.000e+00 0.000e+00 0.000e+00
1.995e-18 0.000e+00 0.000e+00 0.000e+00 0.000e+00 0.000e+00
2.239e-18 0.000e+00 0.000e+00 0.000e+00 0.000e+00 0.000e+00
2.512e-18 0.000e+00 0.000e+00 0.000e+00 0.000e+00 0.000e+00
2.818e-18 0.000e+00 0.000e+00 0.000e+00 0.000e+00 0.000e+00
3.162e-18 0.000e+00 0.000e+00 0.000e+00 0.000e+00 0.000e+00
3.548e-18 0.000e+00 0.000e+00 0.000e+00 0.000e+00 0.000e+00
3.981e-18 0.000e+00 0.000e+00 0.000e+00 0.000e+00 0.000e+00
4.467e-18 0.000e+00 0.000e+00 0.000e+00 0.000e+00 0.000e+00
5.012e-18 0.000e+00 0.000e+00 0.000e+00 0.000e+00 0.000e+00
5.623e-18 0.000e+00 0.000e+00 0.000e+00 0.000e+00 0.000e+00
6.310e-18 0.000e+00 0.000e+00 0.000e+00 0.000e+00 0.000e+00
7.079e-18 0.000e+00 0.000e+00 0.000e+00 0.000e+00 0.000e+00
7.943e-18 0.000e+00 0.000e+00 0.000e+00 0.000e+00 0.000e+00
8.913e-18 0.000e+00 0.000e+00 0.000e+00 0.000e+00 0.000e+00
1.000e-17 0.000e+00 0.000e+00 0.000e+00 0.000e+00 0.000e+00
1.122e-17 0.000e+00 0.000e+00 0.000e+00 0.000e+00 0.000e+00
1.259e-17 0.000e+00 0.000e+00 0.000e+00 0.000e+00 0.000e+00
1.413e-17 0.000e+00 0.000e+00 0.000e+00 0.000e+00 0.000e+00
1.585e-17 0.000e+00 0.000e+00 0.000e+00 0.000e+00 0.000e+00
1.778e-17 0.000e+00 0.000e+00 0.000e+00 0.000e+00 0.000e+00
1.995e-17 0.000e+00 0.000e+00 0.000e+00 0.000e+00 0.000e+00
2.239e-17 0.000e+00 0.000e+00 0.000e+00 0.000e+00 0.000e+00
2.512e-17 0.000e+00 0.000e+00 0.000e+00 0.000e+00 0.000e+00
2.818e-17 0.000e+00 0.000e+00 0.000e+00 0.000e+00 0.000e+00
3.162e-17 0.000e+00 0.000e+00 0.000e+00 0.000e+00 0.000e+00
3.548e-17 0.000e+00 0.000e+00 0.000e+00 0.000e+00 0.000e+00
3.981e-17 0.000e+00 0.000e+00 0.000e+00 0.000e+00 0.000e+00
4.467e-17 0.000e+00 0.000e+00 0.000e+00 0.000e+00 0.000e+00
5.012e-17 0.000e+00 0.000e+00 0.000e+00 0.000e+00 0.000e+00
5.623e-17 0.000e+00 0.000e+00 0.000e+00 0.000e+00 0.000e+00
6.310e-17 0.000e+00 0.000e+00 0.000e+00 0.000e+00 0.000e+00
7.079e-17 0.000e+00 0.000e+00 0.000e+00 0.000e+00 0.000e+00
7.943e-17 0.000e+00 0.000e+00 0.000e+00 0.000e+00 0.000e+00
8.913e-17 0.000e+00 0.000e+00 0.000e+00 0.000e+00 0.000e+00
1.000e-16 0.000e+00 0.000e+00 0.000e+00 0.000e+00 0.000e+00
1.122e-16 0.000e+00 0.000e+00 0.000e+00 0.000e+00 0.000e+00
1.259e-16 0.000e+00 0.000e+00 0.000e+00 0.000e+00 0.000e+00
1.413e-16 0.000e+00 0.000e+00 0.000e+00 0.000e+00 0.000e+00
1.585e-16 0.000e+00 0.000e+00 0.000e+00 0.000e+00 0.000e+00
1.778e-16 0.000e+00 0.000e+00 0.000e+00 0.000e+00 0.000e+00
1.995e-16 0.000e+00 0.000e+00 0.000e+00 0.000e+00 0.000e+00
2.239e-16 0.000e+00 0.000e+00 0.000e+00 0.000e+00 0.000e+00
2.512e-16 0.000e+00 0.000e+00 0.000e+00 0.000e+00 0.000e+00
2.818e-16 0.000e+00 0.000e+00 0.000e+00 0.000e+00 0.000e+00
3.162e-16 0.000e+00 0.000e+00 0.000e+00 0.000e+00 0.000e+00
3.548e-16 0.000e+00 0.000e+00 0.000e+00 0.000e+00 0.000e+00
3.981e-16 0.000e+00 0.000e+00 0.000e+00 0.000e+00 0.000e+00
4.467e-16 0.000e+00 0.000e+00 0.000e+00 0.000e+00 0.000e+00
5.012e-16 0.000e+00 0.000e+00 0.000e+00 0.000e+00 0.000e+00
5.623e-16 0.000e+00 0.000e+00 0.000e+00 0.000e+00 0.000e+00
6.310e-16 0.000e+00 0.000e+00 0.000e+00 0.000e+00 0.000e+00
7.079e-16 0.000e+00 0.000e+00 0.000e+00 0.000e+00 0.000e+00
7.943e-16 0.000e+00 0.000e+00 0.000e+00 0.000e+00 0.000e+00
8.913e-16 0.000e+00 0.000e+00 0.000e+00 0.000e+00 0.000e+00
1.000e-15 0.000e+00 0.000e+00 0.000e+00 0.000e+00 0.000e+00
1.122e-15 5.597e+49 4.398e+19 3.524e-37 7.439e-26 9.348e-25
1.259e-15 4.961e+49 4.907e+19 3.932e-37 8.301e-26 1.043e-24
1.413e-15 4.397e+49 5.476e+19 4.388e-37 9.262e-26 1.164e-24
1.585e-15 3.897e+49 6.110e+19 4.896e-37 1.033e-25 1.299e-24
1.778e-15 3.454e+49 6.817e+19 5.463e-37 1.153e-25 1.449e-24
1.995e-15 3.061e+49 7.606e+19 6.095e-37 1.287e-25 1.617e-24
2.239e-15 2.713e+49 8.486e+19 6.800e-37 1.435e-25 1.804e-24
2.512e-15 2.404e+49 9.467e+19 7.587e-37 1.601e-25 2.012e-24
2.818e-15 2.130e+49 1.056e+20 8.464e-37 1.787e-25 2.245e-24
3.162e-15 1.888e+49 1.178e+20 9.442e-37 1.993e-25 2.504e-24
3.548e-15 1.673e+49 1.314e+20 1.053e-36 2.223e-25 2.794e-24
3.981e-15 1.482e+49 1.466e+20 1.175e-36 2.480e-25 3.117e-24
4.467e-15 1.313e+49 1.635e+20 1.311e-36 2.766e-25 3.476e-24
5.012e-15 1.164e+49 1.824e+20 1.462e-36 3.086e-25 3.878e-24
5.623e-15 1.031e+49 2.035e+20 1.631e-36 3.442e-25 4.325e-24
6.310e-15 9.133e+48 2.269e+20 1.819e-36 3.839e-25 4.824e-24
7.079e-15 8.091e+48 2.531e+20 2.028e-36 4.281e-25 5.380e-24
7.943e-15 7.168e+48 2.823e+20 2.262e-36 4.775e-25 6.000e-24
8.913e-15 6.350e+48 3.148e+20 2.523e-36 5.325e-25 6.692e-24
1.000e-14 5.625e+48 3.511e+20 2.813e-36 5.939e-25 7.463e-24
1.122e-14 4.982e+48 3.915e+20 3.137e-36 6.622e-25 8.322e-24
1.259e-14 4.413e+48 4.366e+20 3.498e-36 7.385e-25 9.280e-24
1.413e-14 3.909e+48 4.868e+20 3.901e-36 8.234e-25 1.035e-23
1.585e-14 3.462e+48 5.428e+20 4.350e-36 9.181e-25 1.154e-23
1.778e-14 3.066e+48 6.052e+20 4.850e-36 1.024e-24 1.286e-23
1.995e-14 2.715e+48 6.747e+20 5.407e-36 1.141e-24 1.434e-23
2.239e-14 2.405e+48 7.522e+20 6.028e-36 1.272e-24 1.599e-23
2.512e-14 2.130e+48 8.386e+20 6.720e-36 1.419e-24 1.783e-23
2.818e-14 1.886e+48 9.349e+20 7.492e-36 1.581e-24 1.987e-23
3.162e-14 1.670e+48 1.042e+21 8.352e-36 1.763e-24 2.215e-23
3.548e-14 1.478e+48 1.162e+21 9.309e-36 1.965e-24 2.469e-23
3.981e-14 1.309e+48 1.295e+21 1.038e-35 2.190e-24 2.752e-23
4.467e-14 1.159e+48 1.443e+21 1.157e-35 2.441e-24 3.068e-23
5.012e-14 1.026e+48 1.609e+21 1.289e-35 2.721e-24 3.419e-23
5.623e-14 9.083e+47 1.793e+21 1.437e-35 3.033e-24 3.811e-23
6.310e-14 8.041e+47 1.998e+21 1.601e-35 3.380e-24 4.247e-23
7.079e-14 7.118e+47 2.227e+21 1.784e-35 3.766e-24 4.733e-23
7.943e-14 6.300e+47 2.481e+21 1.988e-35 4.197e-24 5.274e-23
8.913e-14 5.576e+47 2.765e+21 2.215e-35 4.677e-24 5.877e-23
1.000e-13 4.936e+47 3.081e+21 2.469e-35 5.211e-24 6.548e-23
1.122e-13 4.368e+47 3.432e+21 2.750e-35 5.806e-24 7.296e-23
1.259e-13 3.866e+47 3.824e+21 3.064e-35 6.468e-24 8.128e-23
1.413e-13 3.421e+47 4.260e+21 3.414e-35 7.206e-24 9.056e-23
1.585e-13 3.027e+47 4.746e+21 3.803e-35 8.028e-24 1.009e-22
1.778e-13 2.679e+47 5.287e+21 4.237e-35 8.943e-24 1.124e-22
1.995e-13 2.370e+47 5.889e+21 4.719e-35 9.961e-24 1.252e-22
2.239e-13 2.097e+47 6.559e+21 5.256e-35 1.110e-23 1.394e-22
2.512e-13 1.855e+47 7.306e+21 5.854e-35 1.236e-23 1.553e-22
2.818e-13 1.641e+47 8.136e+21 6.520e-35 1.376e-23 1.729e-22
3.162e-13 1.452e+47 9.061e+21 7.261e-35 1.533e-23 1.926e-22
3.548e-13 1.284e+47 1.009e+22 8.086e-35 1.707e-23 2.145e-22
3.981e-13 1.136e+47 1.124e+22 9.004e-35 1.901e-23 2.388e-22
4.467e-13 1.005e+47 1.251e+22 1.003e-34 2.116e-23 2.659e-22
5.012e-13 8.885e+46 1.393e+22 1.116e-34 2.356e-23 2.961e-22
5.623e-13 7.857e+46 1.551e+22 1.243e-34 2.623e-23 3.297e-22
6.310e-13 6.948e+46 1.726e+22 1.384e-34 2.920e-23 3.670e-22
7.079e-13 6.144e+46 1.922e+22 1.540e-34 3.251e-23 4.085e-22
7.943e-13 5.432e+46 2.139e+22 1.714e-34 3.619e-23 4.547e-22
8.913e-13 4.803e+46 2.381e+22 1.908e-34 4.028e-23 5.062e-22
1.000e-12 4.246e+46 2.650e+22 2.124e-34 4.483e-23 5.633e-22
1.122e-12 3.754e+46 2.950e+22 2.364e-34 4.989e-23 6.270e-22
1.259e-12 3.318e+46 3.282e+22 2.630e-34 5.552e-23 6.977e-22
1.413e-12 2.933e+46 3.652e+22 2.927e-34 6.178e-23 7.764e-22
1.585e-12 2.592e+46 4.064e+22 3.257e-34 6.874e-23 8.639e-22
1.778e-12 2.291e+46 4.522e+22 3.623e-34 7.649e-23 9.611e-22
1.995e-12 2.025e+46 5.030e+22 4.031e-34 8.509e-23 1.069e-21
2.239e-12 1.789e+46 5.596e+22 4.485e-34 9.466e-23 1.190e-21
2.512e-12 1.581e+46 6.225e+22 4.988e-34 1.053e-22 1.323e-21
2.818e-12 1.397e+46 6.924e+22 5.549e-34 1.171e-22 1.472e-21
3.162e-12 1.234e+46 7.701e+22 6.171e-34 1.303e-22 1.637e-21
3.548e-12 1.090e+46 8.564e+22 6.863e-34 1.449e-22 1.820e-21
3.981e-12 9.627e+45 9.523e+22 7.632e-34 1.611e-22 2.024e-21
4.467e-12 8.503e+45 1.059e+23 8.486e-34 1.791e-22 2.251e-21
5.012e-12 7.510e+45 1.177e+23 9.435e-34 1.992e-22 2.503e-21
5.623e-12 6.632e+45 1.309e+23 1.049e-33 2.214e-22 2.782e-21
6.310e-12 5.856e+45 1.455e+23 1.166e-33 2.461e-22 3.093e-21
7.079e-12 5.171e+45 1.617e+23 1.296e-33 2.736e-22 3.438e-21
7.943e-12 4.565e+45 1.798e+23 1.441e-33 3.041e-22 3.821e-21
8.913e-12 4.030e+45 1.998e+23 1.601e-33 3.380e-22 4.247e-21
1.000e-11 3.557e+45 2.220e+23 1.779e-33 3.756e-22 4.719e-21
1.122e-11 3.140e+45 2.467e+23 1.977e-33 4.173e-22 5.244e-21
1.259e-11 2.771e+45 2.741e+23 2.197e-33 4.636e-22 5.826e-21
1.413e-11 2.445e+45 3.045e+23 2.440e-33 5.151e-22 6.473e-21
1.585e-11 2.158e+45 3.383e+23 2.711e-33 5.722e-22 7.190e-21
1.778e-11 1.904e+45 3.757e+23 3.011e-33 6.355e-22 7.986e-21
1.995e-11 1.679e+45 4.173e+23 3.344e-33 7.058e-22 8.870e-21
2.239e-11 1.481e+45 4.634e+23 3.713e-33 7.838e-22 9.850e-21
2.512e-11 1.307e+45 5.145e+23 4.123e-33 8.704e-22 1.094e-20
2.818e-11 1.152e+45 5.713e+23 4.578e-33 9.663e-22 1.214e-20
3.162e-11 1.016e+45 6.342e+23 5.082e-33 1.073e-21 1.348e-20
3.548e-11 8.959e+44 7.040e+23 5.642e-33 1.191e-21 1.496e-20
3.981e-11 7.899e+44 7.814e+23 6.262e-33 1.322e-21 1.661e-20
4.467e-11 6.963e+44 8.671e+23 6.949e-33 1.467e-21 1.843e-20
5.012e-11 6.137e+44 9.622e+23 7.711e-33 1.628e-21 2.045e-20
5.623e-11 5.409e+44 1.068e+24 8.555e-33 1.806e-21 2.269e-20
6.310e-11 4.766e+44 1.184e+24 9.491e-33 2.003e-21 2.518e-20
7.079e-11 4.200e+44 1.314e+24 1.053e-32 2.222e-21 2.793e-20
7.943e-11 3.700e+44 1.457e+24 1.168e-32 2.465e-21 3.097e-20
8.913e-11 3.259e+44 1.616e+24 1.295e-32 2.733e-21 3.435e-20
1.000e-10 2.871e+44 1.792e+24 1.436e-32 3.031e-21 3.809e-20
1.122e-10 2.528e+44 1.986e+24 1.592e-32 3.360e-21 4.222e-20
1.259e-10 2.226e+44 2.202e+24 1.765e-32 3.725e-21 4.681e-20
1.413e-10 1.960e+44 2.441e+24 1.956e-32 4.129e-21 5.188e-20
1.585e-10 1.725e+44 2.705e+24 2.168e-32 4.575e-21 5.750e-20
1.778e-10 1.519e+44 2.997e+24 2.402e-32 5.070e-21 6.371e-20
1.995e-10 1.336e+44 3.321e+24 2.661e-32 5.617e-21 7.059e-20
2.239e-10 1.176e+44 3.679e+24 2.948e-32 6.223e-21 7.819e-20
2.512e-10 1.035e+44 4.075e+24 3.265e-32 6.892e-21 8.661e-20
2.818e-10 9.102e+43 4.512e+24 3.616e-32 7.633e-21 9.592e-20
3.162e-10 8.006e+43 4.997e+24 4.004e-32 8.452e-21 1.062e-19
3.548e-10 7.040e+43 5.532e+24 4.433e-32 9.358e-21 1.176e-19
3.981e-10 6.191e+43 6.124e+24 4.907e-32 1.036e-20 1.302e-19
4.467e-10 5.443e+43 6.778e+24 5.432e-32 1.147e-20 1.441e-19
5.012e-10 4.785e+43 7.501e+24 6.011e-32 1.269e-20 1.594e-19
5.623e-10 4.205e+43 8.300e+24 6.652e-32 1.404e-20 1.764e-19
6.310e-10 3.696e+43 9.183e+24 7.359e-32 1.553e-20 1.952e-19
7.079e-10 3.247e+43 1.016e+25 8.141e-32 1.718e-20 2.159e-19
7.943e-10 2.853e+43 1.124e+25 9.004e-32 1.901e-20 2.388e-19
8.913e-10 2.506e+43 1.243e+25 9.958e-32 2.102e-20 2.641e-19
1.000e-09 2.202e+43 1.374e+25 1.101e-31 2.324e-20 2.921e-19
1.122e-09 1.933e+43 1.519e+25 1.217e-31 2.570e-20 3.229e-19
1.259e-09 1.698e+43 1.680e+25 1.346e-31 2.841e-20 3.570e-19
1.413e-09 1.491e+43 1.857e+25 1.488e-31 3.140e-20 3.946e-19
1.585e-09 1.309e+43 2.052e+25 1.644e-31 3.471e-20 4.362e-19
1.778e-09 1.149e+43 2.268e+25 1.817e-31 3.836e-20 4.821e-19
1.995e-09 1.009e+43 2.506e+25 2.008e-31 4.239e-20 5.327e-19
2.239e-09 8.853e+42 2.769e+25 2.219e-31 4.684e-20 5.887e-19
2.512e-09 7.770e+42 3.060e+25 2.452e-31 5.176e-20 6.504e-19
2.818e-09 6.819e+42 3.381e+25 2.709e-31 5.719e-20 7.186e-19
3.162e-09 5.984e+42 3.735e+25 2.993e-31 6.318e-20 7.939e-19
3.548e-09 5.251e+42 4.126e+25 3.307e-31 6.980e-20 8.771e-19
3.981e-09 4.608e+42 4.558e+25 3.653e-31 7.711e-20 9.689e-19
4.467e-09 4.043e+42 5.036e+25 4.035e-31 8.518e-20 1.070e-18
5.012e-09 3.548e+42 5.563e+25 4.458e-31 9.409e-20 1.182e-18
5.623e-09 3.113e+42 6.145e+25 4.924e-31 1.039e-19 1.306e-18
6.310e-09 2.732e+42 6.788e+25 5.439e-31 1.148e-19 1.443e-18
7.079e-09 2.397e+42 7.498e+25 6.008e-31 1.268e-19 1.594e-18
7.943e-09 2.103e+42 8.282e+25 6.637e-31 1.401e-19 1.760e-18
8.913e-09 1.845e+42 9.147e+25 7.330e-31 1.547e-19 1.944e-18
1.000e-08 1.618e+42 1.010e+26 8.095e-31 1.709e-19 2.147e-18
1.122e-08 1.420e+42 1.115e+26 8.938e-31 1.887e-19 2.371e-18
1.259e-08 1.245e+42 1.231e+26 9.867e-31 2.083e-19 2.617e-18
1.413e-08 1.091e+42 1.359e+26 1.089e-30 2.299e-19 2.888e-18
1.585e-08 9.561e+41 1.499e+26 1.201e-30 2.536e-19 3.186e-18
1.778e-08 8.373e+41 1.653e+26 1.324e-30 2.795e-19 3.513e-18
1.995e-08 7.327e+41 1.821e+26 1.459e-30 3.080e-19 3.870e-18
2.239e-08 6.406e+41 2.004e+26 1.606e-30 3.390e-19 4.259e-18
2.512e-08 5.594e+41 2.203e+26 1.765e-30 3.726e-19 4.682e-18
2.818e-08 4.877e+41 2.418e+26 1.938e-30 4.090e-19 5.140e-18
3.162e-08 4.245e+41 2.649e+26 2.123e-30 4.481e-19 5.631e-18
3.548e-08 3.686e+41 2.896e+26 2.321e-30 4.899e-19 6.156e-18
3.981e-08 3.192e+41 3.157e+26 2.530e-30 5.341e-19 6.712e-18
4.467e-08 2.755e+41 3.431e+26 2.749e-30 5.803e-19 7.293e-18
5.012e-08 2.368e+41 3.713e+26 2.975e-30 6.280e-19 7.892e-18
5.623e-08 2.025e+41 3.996e+26 3.203e-30 6.760e-19 8.495e-18
6.310e-08 1.718e+41 4.270e+26 3.422e-30 7.223e-19 9.076e-18
7.079e-08 1.437e+41 4.496e+26 3.603e-30 7.604e-19 9.556e-18
7.943e-08 1.186e+41 4.671e+26 3.743e-30 7.901e-19 9.928e-18
8.913e-08 1.011e+41 5.014e+26 4.018e-30 8.481e-19 1.066e-17
1.000e-07 8.580e+40 5.355e+26 4.291e-30 9.058e-19 1.138e-17
1.122e-07 7.235e+40 5.685e+26 4.556e-30 9.616e-19 1.208e-17
1.259e-07 6.054e+40 5.989e+26 4.799e-30 1.013e-18 1.273e-17
1.413e-07 4.991e+40 6.216e+26 4.981e-30 1.051e-18 1.321e-17
1.585e-07 4.100e+40 6.428e+26 5.151e-30 1.087e-18 1.366e-17
1.778e-07 3.422e+40 6.754e+26 5.412e-30 1.142e-18 1.436e-17
1.995e-07 2.833e+40 7.039e+26 5.640e-30 1.191e-18 1.496e-17
2.239e-07 2.300e+40 7.195e+26 5.766e-30 1.217e-18 1.529e-17
2.512e-07 1.888e+40 7.436e+26 5.959e-30 1.258e-18 1.581e-17
2.818e-07 1.552e+40 7.693e+26 6.165e-30 1.301e-18 1.635e-17
3.162e-07 1.242e+40 7.752e+26 6.212e-30 1.311e-18 1.648e-17
3.548e-07 1.020e+40 8.012e+26 6.420e-30 1.355e-18 1.703e-17
3.981e-07 8.264e+39 8.175e+26 6.551e-30 1.383e-18 1.738e-17
4.467e-07 6.623e+39 8.248e+26 6.609e-30 1.395e-18 1.753e-17
5.012e-07 5.353e+39 8.392e+26 6.725e-30 1.419e-18 1.784e-17
5.623e-07 4.261e+39 8.411e+26 6.740e-30 1.423e-18 1.788e-17
6.310e-07 3.423e+39 8.506e+26 6.817e-30 1.439e-18 1.808e-17
7.079e-07 2.720e+39 8.509e+26 6.819e-30 1.439e-18 1.809e-17
7.943e-07 2.156e+39 8.491e+26 6.804e-30 1.436e-18 1.805e-17
8.913e-07 1.726e+39 8.558e+26 6.858e-30 1.448e-18 1.819e-17
1.000e-06 1.451e+39 9.054e+26 7.256e-30 1.532e-18 1.925e-17
1.122e-06 1.151e+39 9.044e+26 7.247e-30 1.530e-18 1.922e-17
1.259e-06 9.707e+38 9.602e+26 7.695e-30 1.624e-18 2.041e-17
1.413e-06 8.106e+38 1.010e+27 8.090e-30 1.708e-18 2.146e-17
1.585e-06 6.293e+38 9.866e+26 7.906e-30 1.669e-18 2.097e-17
1.778e-06 5.306e+38 1.047e+27 8.393e-30 1.772e-18 2.226e-17
1.995e-06 4.139e+38 1.028e+27 8.242e-30 1.740e-18 2.186e-17
2.239e-06 3.420e+38 1.070e+27 8.572e-30 1.809e-18 2.274e-17
2.512e-06 2.818e+38 1.110e+27 8.893e-30 1.877e-18 2.359e-17
2.818e-06 2.160e+38 1.071e+27 8.581e-30 1.811e-18 2.276e-17
3.162e-06 1.789e+38 1.116e+27 8.946e-30 1.888e-18 2.373e-17
3.548e-06 1.485e+38 1.167e+27 9.353e-30 1.974e-18 2.481e-17
3.981e-06 1.226e+38 1.212e+27 9.716e-30 2.051e-18 2.577e-17
4.467e-06 9.334e+37 1.162e+27 9.315e-30 1.966e-18 2.471e-17
5.012e-06 7.633e+37 1.197e+27 9.589e-30 2.024e-18 2.544e-17
5.623e-06 6.235e+37 1.231e+27 9.862e-30 2.082e-18 2.616e-17
6.310e-06 5.089e+37 1.264e+27 1.013e-29 2.139e-18 2.688e-17
7.079e-06 3.803e+37 1.190e+27 9.534e-30 2.013e-18 2.529e-17
7.943e-06 3.082e+37 1.214e+27 9.725e-30 2.053e-18 2.580e-17
8.913e-06 2.496e+37 1.237e+27 9.916e-30 2.093e-18 2.630e-17
1.000e-05 2.021e+37 1.261e+27 1.011e-29 2.133e-18 2.681e-17
1.122e-05 1.485e+37 1.167e+27 9.351e-30 1.974e-18 2.480e-17
1.259e-05 1.193e+37 1.180e+27 9.453e-30 1.995e-18 2.507e-17
1.413e-05 9.803e+36 1.221e+27 9.783e-30 2.065e-18 2.595e-17
1.585e-05 7.980e+36 1.251e+27 1.003e-29 2.116e-18 2.659e-17
1.778e-05 6.480e+36 1.279e+27 1.025e-29 2.163e-18 2.719e-17
1.995e-05 5.256e+36 1.306e+27 1.047e-29 2.209e-18 2.776e-17
2.239e-05 4.261e+36 1.333e+27 1.068e-29 2.255e-18 2.833e-17
2.512e-05 3.080e+36 1.213e+27 9.720e-30 2.052e-18 2.578e-17
2.818e-05 2.475e+36 1.227e+27 9.834e-30 2.076e-18 2.609e-17
3.162e-05 1.989e+36 1.242e+27 9.949e-30 2.100e-18 2.639e-17
3.548e-05 1.598e+36 1.256e+27 1.006e-29 2.125e-18 2.670e-17
3.981e-05 1.284e+36 1.271e+27 1.018e-29 2.149e-18 2.701e-17
4.467e-05 1.032e+36 1.285e+27 1.030e-29 2.174e-18 2.732e-17
5.012e-05 8.290e+35 1.300e+27 1.042e-29 2.199e-18 2.763e-17
5.623e-05 6.659e+35 1.314e+27 1.053e-29 2.223e-18 2.794e-17
6.310e-05 5.349e+35 1.329e+27 1.065e-29 2.248e-18 2.825e-17
7.079e-05 4.296e+35 1.344e+27 1.077e-29 2.273e-18 2.857e-17
7.943e-05 3.450e+35 1.359e+27 1.089e-29 2.298e-18 2.888e-17
8.913e-05 2.770e+35 1.373e+27 1.100e-29 2.323e-18 2.919e-17
1.000e-04 2.224e+35 1.388e+27 1.112e-29 2.348e-18 2.950e-17
1.122e-04 1.570e+35 1.233e+27 9.884e-30 2.086e-18 2.622e-17
1.259e-04 1.247e+35 1.233e+27 9.884e-30 2.086e-18 2.622e-17
1.413e-04 9.904e+34 1.233e+27 9.884e-30 2.086e-18 2.622e-17
1.585e-04 7.867e+34 1.233e+27 9.884e-30 2.086e-18 2.622e-17
1.778e-04 6.249e+34 1.233e+27 9.884e-30 2.086e-18 2.622e-17
1.995e-04 4.964e+34 1.233e+27 9.884e-30 2.086e-18 2.622e-17
2.239e-04 3.943e+34 1.233e+27 9.884e-30 2.086e-18 2.622e-17
2.512e-04 3.132e+34 1.233e+27 9.884e-30 2.086e-18 2.622e-17
2.818e-04 2.488e+34 1.233e+27 9.883e-30 2.086e-18 2.622e-17
3.162e-04 1.976e+34 1.233e+27 9.883e-30 2.086e-18 2.622e-17
3.548e-04 1.570e+34 1.233e+27 9.883e-30 2.086e-18 2.622e-17
3.981e-04 1.247e+34 1.233e+27 9.883e-30 2.086e-18 2.622e-17
4.467e-04 9.903e+33 1.233e+27 9.883e-30 2.086e-18 2.622e-17
5.012e-04 7.866e+33 1.233e+27 9.883e-30 2.086e-18 2.622e-17
5.623e-04 6.248e+33 1.233e+27 9.883e-30 2.086e-18 2.622e-17
6.310e-04 4.963e+33 1.233e+27 9.883e-30 2.086e-18 2.621e-17
7.079e-04 3.942e+33 1.233e+27 9.883e-30 2.086e-18 2.621e-17
7.943e-04 3.132e+33 1.233e+27 9.883e-30 2.086e-18 2.621e-17
8.913e-04 2.487e+33 1.233e+27 9.883e-30 2.086e-18 2.621e-17
1.000e-03 1.976e+33 1.233e+27 9.882e-30 2.086e-18 2.621e-17
1.122e-03 1.569e+33 1.233e+27 9.882e-30 2.086e-18 2.621e-17
1.259e-03 1.247e+33 1.233e+27 9.882e-30 2.086e-18 2.621e-17
1.413e-03 9.902e+32 1.233e+27 9.882e-30 2.086e-18 2.621e-17
1.585e-03 7.865e+32 1.233e+27 9.882e-30 2.086e-18 2.621e-17
1.778e-03 6.247e+32 1.233e+27 9.881e-30 2.086e-18 2.621e-17
1.995e-03 4.962e+32 1.233e+27 9.881e-30 2.086e-18 2.621e-17
2.239e-03 3.942e+32 1.233e+27 9.881e-30 2.086e-18 2.621e-17
2.512e-03 3.131e+32 1.233e+27 9.880e-30 2.086e-18 2.621e-17
2.818e-03 2.487e+32 1.233e+27 9.880e-30 2.086e-18 2.621e-17
3.162e-03 1.975e+32 1.233e+27 9.880e-30 2.085e-18 2.621e-17
3.548e-03 1.569e+32 1.233e+27 9.879e-30 2.085e-18 2.620e-17
3.981e-03 1.246e+32 1.233e+27 9.879e-30 2.085e-18 2.620e-17
4.467e-03 9.898e+31 1.233e+27 9.878e-30 2.085e-18 2.620e-17
5.012e-03 7.862e+31 1.233e+27 9.877e-30 2.085e-18 2.620e-17
5.623e-03 6.245e+31 1.233e+27 9.877e-30 2.085e-18 2.620e-17
6.310e-03 4.960e+31 1.232e+27 9.876e-30 2.085e-18 2.620e-17
7.079e-03 3.939e+31 1.232e+27 9.875e-30 2.084e-18 2.619e-17
7.943e-03 3.129e+31 1.232e+27 9.874e-30 2.084e-18 2.619e-17
8.913e-03 2.485e+31 1.232e+27 9.873e-30 2.084e-18 2.619e-17
1.000e-02 1.974e+31 1.232e+27 9.872e-30 2.084e-18 2.619e-17
1.122e-02 1.568e+31 1.232e+27 9.871e-30 2.084e-18 2.618e-17
1.259e-02 1.245e+31 1.232e+27 9.869e-30 2.083e-18 2.618e-17
1.413e-02 9.888e+30 1.231e+27 9.868e-30 2.083e-18 2.617e-17
1.585e-02 7.853e+30 1.231e+27 9.866e-30 2.083e-18 2.617e-17
1.778e-02 6.236e+30 1.231e+27 9.864e-30 2.082e-18 2.616e-17
1.995e-02 4.953e+30 1.231e+27 9.862e-30 2.082e-18 2.616e-17
2.239e-02 3.933e+30 1.230e+27 9.860e-30 2.081e-18 2.615e-17
2.512e-02 3.123e+30 1.230e+27 9.857e-30 2.081e-18 2.615e-17
2.818e-02 2.480e+30 1.230e+27 9.854e-30 2.080e-18 2.614e-17
3.162e-02 1.970e+30 1.229e+27 9.851e-30 2.079e-18 2.613e-17
3.548e-02 1.564e+30 1.229e+27 9.847e-30 2.079e-18 2.612e-17
3.981e-02 1.242e+30 1.228e+27 9.844e-30 2.078e-18 2.611e-17
4.467e-02 9.859e+29 1.228e+27 9.839e-30 2.077e-18 2.610e-17
5.012e-02 7.828e+29 1.227e+27 9.835e-30 2.076e-18 2.609e-17
5.623e-02 6.215e+29 1.227e+27 9.830e-30 2.075e-18 2.607e-17
6.310e-02 4.934e+29 1.226e+27 9.824e-30 2.074e-18 2.606e-17
7.079e-02 3.916e+29 1.225e+27 9.818e-30 2.072e-18 2.604e-17
7.943e-02 3.109e+29 1.224e+27 9.811e-30 2.071e-18 2.602e-17
8.913e-02 2.467e+29 1.223e+27 9.803e-30 2.069e-18 2.600e-17
1.000e-01 1.958e+29 1.222e+27 9.795e-30 2.068e-18 2.598e-17
1.122e-01 1.554e+29 1.221e+27 9.786e-30 2.066e-18 2.596e-17
1.259e-01 1.233e+29 1.220e+27 9.776e-30 2.063e-18 2.593e-17
1.413e-01 9.785e+28 1.219e+27 9.765e-30 2.061e-18 2.590e-17
1.585e-01 7.763e+28 1.217e+27 9.753e-30 2.059e-18 2.587e-17
1.778e-01 6.158e+28 1.215e+27 9.739e-30 2.056e-18 2.583e-17
1.995e-01 4.884e+28 1.214e+27 9.725e-30 2.053e-18 2.579e-17
2.239e-01 3.873e+28 1.212e+27 9.709e-30 2.049e-18 2.575e-17
2.512e-01 3.071e+28 1.209e+27 9.691e-30 2.046e-18 2.571e-17
2.818e-01 2.434e+28 1.207e+27 9.672e-30 2.042e-18 2.565e-17
3.162e-01 1.929e+28 1.204e+27 9.651e-30 2.037e-18 2.560e-17
3.548e-01 1.529e+28 1.201e+27 9.628e-30 2.032e-18 2.554e-17
3.981e-01 1.211e+28 1.198e+27 9.602e-30 2.027e-18 2.547e-17
4.467e-01 9.594e+27 1.195e+27 9.575e-30 2.021e-18 2.540e-17
5.012e-01 7.597e+27 1.191e+27 9.544e-30 2.015e-18 2.532e-17
5.623e-01 6.014e+27 1.187e+27 9.512e-30 2.008e-18 2.523e-17
6.310e-01 4.759e+27 1.182e+27 9.476e-30 2.000e-18 2.513e-17
7.079e-01 3.764e+27 1.178e+27 9.436e-30 1.992e-18 2.503e-17
7.943e-01 2.977e+27 1.172e+27 9.394e-30 1.983e-18 2.492e-17
8.913e-01 2.353e+27 1.166e+27 9.347e-30 1.973e-18 2.479e-17
1.000e+00 1.859e+27 1.160e+27 9.297e-30 1.962e-18 2.466e-17
1.122e+00 1.468e+27 1.153e+27 9.242e-30 1.951e-18 2.451e-17
1.259e+00 1.158e+27 1.146e+27 9.182e-30 1.938e-18 2.436e-17
1.413e+00 9.136e+26 1.138e+27 9.118e-30 1.925e-18 2.418e-17
1.585e+00 7.201e+26 1.129e+27 9.047e-30 1.910e-18 2.400e-17
1.778e+00 5.672e+26 1.120e+27 8.972e-30 1.894e-18 2.380e-17
1.995e+00 4.464e+26 1.109e+27 8.890e-30 1.876e-18 2.358e-17
2.239e+00 3.511e+26 1.098e+27 8.801e-30 1.858e-18 2.335e-17
2.512e+00 2.759e+26 1.086e+27 8.706e-30 1.838e-18 2.309e-17
2.818e+00 2.165e+26 1.074e+27 8.603e-30 1.816e-18 2.282e-17
3.162e+00 1.698e+26 1.060e+27 8.492e-30 1.793e-18 2.253e-17
3.548e+00 1.330e+26 1.045e+27 8.373e-30 1.767e-18 2.221e-17
3.981e+00 1.040e+26 1.029e+27 8.246e-30 1.741e-18 2.187e-17
4.467e+00 8.126e+25 1.012e+27 8.109e-30 1.712e-18 2.151e-17
5.012e+00 6.338e+25 9.937e+26 7.963e-30 1.681e-18 2.112e-17
5.623e+00 4.936e+25 9.743e+26 7.807e-30 1.648e-18 2.071e-17
6.310e+00 3.838e+25 9.536e+26 7.642e-30 1.613e-18 2.027e-17
7.079e+00 2.978e+25 9.316e+26 7.465e-30 1.576e-18 1.980e-17
7.943e+00 2.306e+25 9.083e+26 7.278e-30 1.536e-18 1.931e-17
8.913e+00 1.782e+25 8.836e+26 7.081e-30 1.495e-18 1.878e-17
1.000e+01 1.374e+25 8.575e+26 6.872e-30 1.450e-18 1.823e-17
1.122e+01 1.056e+25 8.301e+26 6.652e-30 1.404e-18 1.764e-17
1.259e+01 8.100e+24 8.013e+26 6.421e-30 1.355e-18 1.703e-17
1.413e+01 6.192e+24 7.711e+26 6.179e-30 1.304e-18 1.639e-17
1.585e+01 4.718e+24 7.396e+26 5.927e-30 1.251e-18 1.572e-17
1.778e+01 3.582e+24 7.069e+26 5.665e-30 1.196e-18 1.503e-17
1.995e+01 2.709e+24 6.730e+26 5.393e-30 1.138e-18 1.431e-17
2.239e+01 2.040e+24 6.380e+26 5.113e-30 1.079e-18 1.356e-17
2.512e+01 1.529e+24 6.021e+26 4.825e-30 1.018e-18 1.280e-17
2.818e+01 1.140e+24 5.653e+26 4.530e-30 9.562e-19 1.202e-17
3.162e+01 8.457e+23 5.278e+26 4.230e-30 8.929e-19 1.122e-17
3.548e+01 6.235e+23 4.899e+26 3.926e-30 8.288e-19 1.041e-17
3.981e+01 4.567e+23 4.518e+26 3.621e-30 7.642e-19 9.604e-18
4.467e+01 3.322e+23 4.137e+26 3.315e-30 6.997e-19 8.793e-18
5.012e+01 2.397e+23 3.758e+26 3.011e-30 6.356e-19 7.988e-18
5.623e+01 1.715e+23 3.384e+26 2.712e-30 5.725e-19 7.194e-18
6.310e+01 1.215e+23 3.020e+26 2.420e-30 5.108e-19 6.419e-18
7.079e+01 8.524e+22 2.666e+26 2.137e-30 4.510e-19 5.668e-18
7.943e+01 5.911e+22 2.328e+26 1.865e-30 3.937e-19 4.948e-18
8.913e+01 4.048e+22 2.007e+26 1.608e-30 3.394e-19 4.266e-18
1.000e+02 2.734e+22 1.706e+26 1.367e-30 2.886e-19 3.627e-18
1.122e+02 1.818e+22 1.429e+26 1.145e-30 2.416e-19 3.037e-18
1.259e+02 1.189e+22 1.176e+26 9.424e-31 1.989e-19 2.500e-18
1.413e+02 7.629e+21 9.500e+25 7.613e-31 1.607e-19 2.019e-18
1.585e+02 4.794e+21 7.516e+25 6.023e-31 1.271e-19 1.598e-18
1.778e+02 2.943e+21 5.809e+25 4.655e-31 9.827e-20 1.235e-18
1.995e+02 1.761e+21 4.375e+25 3.506e-31 7.400e-20 9.299e-19
2.239e+02 1.023e+21 3.199e+25 2.564e-31 5.411e-20 6.800e-19
2.512e+02 5.746e+20 2.263e+25 1.813e-31 3.828e-20 4.810e-19
2.818e+02 3.108e+20 1.541e+25 1.235e-31 2.606e-20 3.275e-19
3.162e+02 1.607e+20 1.003e+25 8.037e-32 1.697e-20 2.132e-19
3.548e+02 7.859e+19 6.175e+24 4.949e-32 1.045e-20 1.313e-19
3.981e+02 3.565e+19 3.526e+24 2.826e-32 5.965e-21 7.496e-20
4.467e+02 1.432e+19 1.783e+24 1.429e-32 3.016e-21 3.790e-20
5.012e+02 4.345e+18 6.812e+23 5.459e-33 1.152e-21 1.448e-20
5.623e+02 0.000e+00 0.000e+00 0.000e+00 0.000e+00 0.000e+00
6.310e+02 0.000e+00 0.000e+00 0.000e+00 0.000e+00 0.000e+00
7.079e+02 0.000e+00 0.000e+00 0.000e+00 0.000e+00 0.000e+00
7.943e+02 0.000e+00 0.000e+00 0.000e+00 0.000e+00 0.000e+00
8.913e+02 0.000e+00 0.000e+00 0.000e+00 0.000e+00 0.000e+00
1.000e+03 0.000e+00 0.000e+00 0.000e+00 0.000e+00 0.000e+00
1.122e+03 0.000e+00 0.000e+00 0.000e+00 0.000e+00 0.000e+00
1.259e+03 0.000e+00 0.000e+00 0.000e+00 0.000e+00 0.000e+00
1.413e+03 0.000e+00 0.000e+00 0.000e+00 0.000e+00 0.000e+00
1.585e+03 0.000e+00 0.000e+00 0.000e+00 0.000e+00 0.000e+00
1.778e+03 0.000e+00 0.000e+00 0.000e+00 0.000e+00 0.000e+00
1.995e+03 0.000e+00 0.000e+00 0.000e+00 0.000e+00 0.000e+00
2.239e+03 0.000e+00 0.000e+00 0.000e+00 0.000e+00 0.000e+00
2.512e+03 0.000e+00 0.000e+00 0.000e+00 0.000e+00 0.000e+00
2.818e+03 0.000e+00 0.000e+00 0.000e+00 0.000e+00 0.000e+00
3.162e+03 0.000e+00 0.000e+00 0.000e+00 0.000e+00 0.000e+00
3.548e+03 0.000e+00 0.000e+00 0.000e+00 0.000e+00 0.000e+00
3.981e+03 0.000e+00 0.000e+00 0.000e+00 0.000e+00 0.000e+00
4.467e+03 0.000e+00 0.000e+00 0.000e+00 0.000e+00 0.000e+00
5.012e+03 0.000e+00 0.000e+00 0.000e+00 0.000e+00 0.000e+00
5.623e+03 0.000e+00 0.000e+00 0.000e+00 0.000e+00 0.000e+00
6.310e+03 0.000e+00 0.000e+00 0.000e+00 0.000e+00 0.000e+00
7.079e+03 0.000e+00 0.000e+00 0.000e+00 0.000e+00 0.000e+00
7.943e+03 0.000e+00 0.000e+00 0.000e+00 0.000e+00 0.000e+00
8.913e+03 0.000e+00 0.000e+00 0.000e+00 0.000e+00 0.000e+00
1.000e+04 0.000e+00 0.000e+00 0.000e+00 0.000e+00 0.000e+00
1.122e+04 0.000e+00 0.000e+00 0.000e+00 0.000e+00 0.000e+00
1.259e+04 0.000e+00 0.000e+00 0.000e+00 0.000e+00 0.000e+00
1.413e+04 0.000e+00 0.000e+00 0.000e+00 0.000e+00 0.000e+00
1.585e+04 0.000e+00 0.000e+00 0.000e+00 0.000e+00 0.000e+00
1.778e+04 0.000e+00 0.000e+00 0.000e+00 0.000e+00 0.000e+00
1.995e+04 0.000e+00 0.000e+00 0.000e+00 0.000e+00 0.000e+00
2.239e+04 0.000e+00 0.000e+00 0.000e+00 0.000e+00 0.000e+00
2.512e+04 0.000e+00 0.000e+00 0.000e+00 0.000e+00 0.000e+00
2.818e+04 0.000e+00 0.000e+00 0.000e+00 0.000e+00 0.000e+00
3.162e+04 0.000e+00 0.000e+00 0.000e+00 0.000e+00 0.000e+00
3.548e+04 0.000e+00 0.000e+00 0.000e+00 0.000e+00 0.000e+00
3.981e+04 0.000e+00 0.000e+00 0.000e+00 0.000e+00 0.000e+00
4.467e+04 0.000e+00 0.000e+00 0.000e+00 0.000e+00 0.000e+00
5.012e+04 0.000e+00 0.000e+00 0.000e+00 0.000e+00 0.000e+00
5.623e+04 0.000e+00 0.000e+00 0.000e+00 0.000e+00 0.000e+00
6.310e+04 0.000e+00 0.000e+00 0.000e+00 0.000e+00 0.000e+00
7.079e+04 0.000e+00 0.000e+00 0.000e+00 0.000e+00 0.000e+00
7.943e+04 0.000e+00 0.000e+00 0.000e+00 0.000e+00 0.000e+00
8.913e+04 0.000e+00 0.000e+00 0.000e+00 0.000e+00 0.000e+00
1.000e+05 0.000e+00 0.000e+00 0.000e+00 0.000e+00 0.000e+00
1.122e+05 0.000e+00 0.000e+00 0.000e+00 0.000e+00 0.000e+00
1.259e+05 0.000e+00 0.000e+00 0.000e+00 0.000e+00 0.000e+00
1.413e+05 0.000e+00 0.000e+00 0.000e+00 0.000e+00 0.000e+00
1.585e+05 0.000e+00 0.000e+00 0.000e+00 0.000e+00 0.000e+00
1.778e+05 0.000e+00 0.000e+00 0.000e+00 0.000e+00 0.000e+00
1.995e+05 0.000e+00 0.000e+00 0.000e+00 0.000e+00 0.000e+00
2.239e+05 0.000e+00 0.000e+00 0.000e+00 0.000e+00 0.000e+00
2.512e+05 0.000e+00 0.000e+00 0.000e+00 0.000e+00 0.000e+00
2.818e+05 0.000e+00 0.000e+00 0.000e+00 0.000e+00 0.000e+00
3.162e+05 0.000e+00 0.000e+00 0.000e+00 0.000e+00 0.000e+00
3.548e+05 0.000e+00 0.000e+00 0.000e+00 0.000e+00 0.000e+00
3.981e+05 0.000e+00 0.000e+00 0.000e+00 0.000e+00 0.000e+00
4.467e+05 0.000e+00 0.000e+00 0.000e+00 0.000e+00 0.000e+00
5.012e+05 0.000e+00 0.000e+00 0.000e+00 0.000e+00 0.000e+00
5.623e+05 0.000e+00 0.000e+00 0.000e+00 0.000e+00 0.000e+00
6.310e+05 0.000e+00 0.000e+00 0.000e+00 0.000e+00 0.000e+00
7.079e+05 0.000e+00 0.000e+00 0.000e+00 0.000e+00 0.000e+00
7.943e+05 0.000e+00 0.000e+00 0.000e+00 0.000e+00 0.000e+00
8.913e+05 0.000e+00 0.000e+00 0.000e+00 0.000e+00 0.000e+00
1.000e+06 0.000e+00 0.000e+00 0.000e+00 0.000e+00 0.000e+00
1.122e+06 0.000e+00 0.000e+00 0.000e+00 0.000e+00 0.000e+00
1.259e+06 0.000e+00 0.000e+00 0.000e+00 0.000e+00 0.000e+00
1.413e+06 0.000e+00 0.000e+00 0.000e+00 0.000e+00 0.000e+00
1.585e+06 0.000e+00 0.000e+00 0.000e+00 0.000e+00 0.000e+00
1.778e+06 0.000e+00 0.000e+00 0.000e+00 0.000e+00 0.000e+00
1.995e+06 0.000e+00 0.000e+00 0.000e+00 0.000e+00 0.000e+00
2.239e+06 0.000e+00 0.000e+00 0.000e+00 0.000e+00 0.000e+00
2.512e+06 0.000e+00 0.000e+00 0.000e+00 0.000e+00 0.000e+00
2.818e+06 0.000e+00 0.000e+00 0.000e+00 0.000e+00 0.000e+00
3.162e+06 0.000e+00 0.000e+00 0.000e+00 0.000e+00 0.000e+00
3.548e+06 0.000e+00 0.000e+00 0.000e+00 0.000e+00 0.000e+00
3.981e+06 0.000e+00 0.000e+00 0.000e+00 0.000e+00 0.000e+00
4.467e+06 0.000e+00 0.000e+00 0.000e+00 0.000e+00 0.000e+00
5.012e+06 0.000e+00 0.000e+00 0.000e+00 0.000e+00 0.000e+00
5.623e+06 0.000e+00 0.000e+00 0.000e+00 0.000e+00 0.000e+00
6.310e+06 0.000e+00 0.000e+00 0.000e+00 0.000e+00 0.000e+00
7.079e+06 0.000e+00 0.000e+00 0.000e+00 0.000e+00 0.000e+00
7.943e+06 0.000e+00 0.000e+00 0.000e+00 0.000e+00 0.000e+00
8.913e+06 0.000e+00 0.000e+00 0.000e+00 0.000e+00 0.000e+00
1.000e+07 0.000e+00 0.000e+00 0.000e+00 0.000e+00 0.000e+00
1.122e+07 0.000e+00 0.000e+00 0.000e+00 0.000e+00 0.000e+00
1.259e+07 0.000e+00 0.000e+00 0.000e+00 0.000e+00 0.000e+00
1.413e+07 0.000e+00 0.000e+00 0.000e+00 0.000e+00 0.000e+00
1.585e+07 0.000e+00 0.000e+00 0.000e+00 0.000e+00 0.000e+00
1.778e+07 0.000e+00 0.000e+00 0.000e+00 0.000e+00 0.000e+00
1.995e+07 0.000e+00 0.000e+00 0.000e+00 0.000e+00 0.000e+00
2.239e+07 0.000e+00 0.000e+00 0.000e+00 0.000e+00 0.000e+00
2.512e+07 0.000e+00 0.000e+00 0.000e+00 0.000e+00 0.000e+00
2.818e+07 0.000e+00 0.000e+00 0.000e+00 0.000e+00 0.000e+00
3.162e+07 0.000e+00 0.000e+00 0.000e+00 0.000e+00 0.000e+00
3.548e+07 0.000e+00 0.000e+00 0.000e+00 0.000e+00 0.000e+00
3.981e+07 0.000e+00 0.000e+00 0.000e+00 0.000e+00 0.000e+00
4.467e+07 0.000e+00 0.000e+00 0.000e+00 0.000e+00 0.000e+00
5.012e+07 0.000e+00 0.000e+00 0.000e+00 0.000e+00 0.000e+00
5.623e+07 0.000e+00 0.000e+00 0.000e+00 0.000e+00 0.000e+00
6.310e+07 0.000e+00 0.000e+00 0.000e+00 0.000e+00 0.000e+00
7.079e+07 0.000e+00 0.000e+00 0.000e+00 0.000e+00 0.000e+00
7.943e+07 0.000e+00 0.000e+00 0.000e+00 0.000e+00 0.000e+00
8.913e+07 0.000e+00 0.000e+00 0.000e+00 0.000e+00 0.000e+00
1.000e+08 0.000e+00 0.000e+00 0.000e+00 0.000e+00 0.000e+00
