1.000e-20 0.000e+00 0.000e+00 0.000e+00 0.000e+00 0.000e+00
1.122e-20 0.000e+00 0.000e+00 0.000e+00 0.000e+00 0.000e+00
1.259e-20 0.000e+00 0.000e+00 0.000e+00 0.000e+00 0.000e+00
1.413e-20 0.000e+00 0.000e+00 0.000e+00 0.000e+00 0.000e+00
1.585e-20 0.000e+00 0.000e+00 0.000e+00 0.000e+00 0.000e+00
1.778e-20 0.000e+00 0.000e+00 0.000e+00 0.000e+00 0.000e+00
1.995e-20 0.000e+00 0.000e+00 0.000e+00 0.000e+00 0.000e+00
2.239e-20 0.000e+00 0.000e+00 0.000e+00 0.000e+00 0.000e+00
2.512e-20 0.000e+00 0.000e+00 0.000e+00 0.000e+00 0.000e+00
2.818e-20 0.000e+00 0.000e+00 0.000e+00 0.000e+00 0.000e+00
3.162e-20 0.000e+00 0.000e+00 0.000e+00 0.000e+00 0.000e+00
3.548e-20 0.000e+00 0.000e+00 0.000e+00 0.000e+00 0.000e+00
3.981e-20 0.000e+00 0.000e+00 0.000e+00 0.000e+00 0.000e+00
4.467e-20 0.000e+00 0.000e+00 0.000e+00 0.000e+00 0.000e+00
5.012e-20 0.000e+00 0.000e+00 0.000e+00 0.000e+00 0.000e+00
5.623e-20 0.000e+00 0.000e+00 0.000e+00 0.000e+00 0.000e+00
6.310e-20 0.000e+00 0.000e+00 0.000e+00 0.000e+00 0.000e+00
7.079e-20 0.000e+00 0.000e+00 0.000e+00 0.000e+00 0.000e+00
7.943e-20 0.000e+00 0.000e+00 0.000e+00 0.000e+00 0.000e+00
8.913e-20 0.000e+00 0.000e+00 0.000e+00 0.000e+00 0.000e+00
1.000e-19 0.000e+00 0.000e+00 0.000e+00 0.000e+00 0.000e+00
1.122e-19 0.000e+00 0.000e+00 0.000e+00 0.000e+00 0.000e+00
1.259e-19 0.000e+00 0.000e+00 0.000e+00 0.000e+00 0.000e+00
1.413e-19 0.000e+00 0.000e+00 0.000e+00 0.000e+00 0.000e+00
1.585e-19 0.000e+00 0.000e+00 0.000e+00 0.000e+00 0.000e+00
1.778e-19 0.000e+00 0.000e+00 0.000e+00 0.000e+00 0.000e+00
1.995e-19 0.000e+00 0.000e+00 0.000e+00 0.000e+00 0.000e+00
2.239e-19 0.000e+00 0.000e+00 0.000e+00 0.000e+00 0.000e+00
2.512e-19 0.000e+00 0.000e+00 0.000e+00 0.000e+00 0.000e+00
2.818e-19 0.000e+00 0.000e+00 0.000e+00 0.000e+00 0.000e+00
3.162e-19 0.000e+00 0.000e+00 0.000e+00 0.000e+00 0.000e+00
3.548e-19 0.000e+00 0.000e+00 0.000e+00 0.000e+00 0.000e+00
3.981e-19 0.000e+00 0.000e+00 0.000e+00 0.000e+00 0.000e+00
4.467e-19 0.000e+00 0.000e+00 0.000e+00 0.000e+00 0.000e+00
5.012e-19 0.000e+00 0.000e+00 0.000e+00 0.000e+00 0.000e+00
5.623e-19 0.000e+00 0.000e+00 0.000e+00 0.000e+00 0.000e+00
6.310e-19 0.000e+00 0.000e+00 0.000e+00 0.000e+00 0.000e+00
7.079e-19 0.000e+00 0.000e+00 0.000e+00 0.000e+00 0.000e+00
7.943e-19 0.000e+00 0.000e+00 0.000e+00 0.000e+00 0.000e+00
8.913e-19 0.000e+00 0.000e+00 0.000e+00 0.000e+00 0.000e+00
1.000e-18 0.000e+00 0.000e+00 0.000e+00 0.000e+00 0.000e+00
1.122e-18 0.000e+00 0.000e+00 0.000e+00 0.000e+00 0.000e+00
1.259e-18 0.000e+00 0.000e+00 0.000e+00 0.000e+00 0.000e+00
1.413e-18 0.000e+00 0.000e+00 0.000e+00 0.000e+00 0.000e+00
1.585e-18 0.000e+00 0.000e+00 0.000e+00 0.000e+00 0.000e+00
1.778e-18 0.000e+00 0.000e+00 0.000e+00 0.000e+00 0.000e+00
1.995e-18 0.000e+00 0.000e+00 0.000e+00 0.000e+00 0.000e+00
2.239e-18 0.000e+00 0.000e+00 0.000e+00 0.000e+00 0.000e+00
2.512e-18 0.000e+00 0.000e+00 0.000e+00 0.000e+00 0.000e+00
2.818e-18 0.000e+00 0.000e+00 0.000e+00 0.000e+00 0.000e+00
3.162e-18 0.000e+00 0.000e+00 0.000e+00 0.000e+00 0.000e+00
3.548e-18 0.000e+00 0.000e+00 0.000e+00 0.000e+00 0.000e+00
3.981e-18 0.000e+00 0.000e+00 0.000e+00 0.000e+00 0.000e+00
4.467e-18 0.000e+00 0.000e+00 0.000e+00 0.000e+00 0.000e+00
5.012e-18 0.000e+00 0.000e+00 0.000e+00 0.000e+00 0.000e+00
5.623e-18 0.000e+00 0.000e+00 0.000e+00 0.000e+00 0.000e+00
6.310e-18 0.000e+00 0.000e+00 0.000e+00 0.000e+00 0.000e+00
7.079e-18 0.000e+00 0.000e+00 0.000e+00 0.000e+00 0.000e+00
7.943e-18 0.000e+00 0.000e+00 0.000e+00 0.000e+00 0.000e+00
8.913e-18 0.000e+00 0.000e+00 0.000e+00 0.000e+00 0.000e+00
1.000e-17 0.000e+00 0.000e+00 0.000e+00 0.000e+00 0.000e+00
1.122e-17 0.000e+00 0.000e+00 0.000e+00 0.000e+00 0.000e+00
1.259e-17 0.000e+00 0.000e+00 0.000e+00 0.000e+00 0.000e+00
1.413e-17 0.000e+00 0.000e+00 0.000e+00 0.000e+00 0.000e+00
1.585e-17 0.000e+00 0.000e+00 0.000e+00 0.000e+00 0.000e+00
1.778e-17 0.000e+00 0.000e+00 0.000e+00 0.000e+00 0.000e+00
1.995e-17 0.000e+00 0.000e+00 0.000e+00 0.000e+00 0.000e+00
2.239e-17 0.000e+00 0.000e+00 0.000e+00 0.000e+00 0.000e+00
2.512e-17 0.000e+00 0.000e+00 0.000e+00 0.000e+00 0.000e+00
2.818e-17 0.000e+00 0.000e+00 0.000e+00 0.000e+00 0.000e+00
3.162e-17 0.000e+00 0.000e+00 0.000e+00 0.000e+00 0.000e+00
3.548e-17 0.000e+00 0.000e+00 0.000e+00 0.000e+00 0.000e+00
3.981e-17 0.000e+00 0.000e+00 0.000e+00 0.000e+00 0.000e+00
4.467e-17 0.000e+00 0.000e+00 0.000e+00 0.000e+00 0.000e+00
5.012e-17 0.000e+00 0.000e+00 0.000e+00 0.000e+00 0.000e+00
5.623e-17 0.000e+00 0.000e+00 0.000e+00 0.000e+00 0.000e+00
6.310e-17 0.000e+00 0.000e+00 0.000e+00 0.000e+00 0.000e+00
7.079e-17 0.000e+00 0.000e+00 0.000e+00 0.000e+00 0.000e+00
7.943e-17 0.000e+00 0.000e+00 0.000e+00 0.000e+00 0.000e+00
8.913e-17 0.000e+00 0.000e+00 0.000e+00 0.000e+00 0.000e+00
1.000e-16 0.000e+00 0.000e+00 0.000e+00 0.000e+00 0.000e+00
1.122e-16 0.000e+00 0.000e+00 0.000e+00 0.000e+00 0.000e+00
1.259e-16 0.000e+00 0.000e+00 0.000e+00 0.000e+00 0.000e+00
1.413e-16 0.000e+00 0.000e+00 0.000e+00 0.000e+00 0.000e+00
1.585e-16 0.000e+00 0.000e+00 0.000e+00 0.000e+00 0.000e+00
1.778e-16 0.000e+00 0.000e+00 0.000e+00 0.000e+00 0.000e+00
1.995e-16 0.000e+00 0.000e+00 0.000e+00 0.000e+00 0.000e+00
2.239e-16 0.000e+00 0.000e+00 0.000e+00 0.000e+00 0.000e+00
2.512e-16 0.000e+00 0.000e+00 0.000e+00 0.000e+00 0.000e+00
2.818e-16 0.000e+00 0.000e+00 0.000e+00 0.000e+00 0.000e+00
3.162e-16 0.000e+00 0.000e+00 0.000e+00 0.000e+00 0.000e+00
3.548e-16 0.000e+00 0.000e+00 0.000e+00 0.000e+00 0.000e+00
3.981e-16 0.000e+00 0.000e+00 0.000e+00 0.000e+00 0.000e+00
4.467e-16 0.000e+00 0.000e+00 0.000e+00 0.000e+00 0.000e+00
5.012e-16 0.000e+00 0.000e+00 0.000e+00 0.000e+00 0.000e+00
5.623e-16 0.000e+00 0.000e+00 0.000e+00 0.000e+00 0.000e+00
6.310e-16 0.000e+00 0.000e+00 0.000e+00 0.000e+00 0.000e+00
7.079e-16 0.000e+00 0.000e+00 0.000e+00 0.000e+00 0.000e+00
7.943e-16 0.000e+00 0.000e+00 0.000e+00 0.000e+00 0.000e+00
8.913e-16 0.000e+00 0.000e+00 0.000e+00 0.000e+00 0.000e+00
1.000e-15 0.000e+00 0.000e+00 0.000e+00 0.000e+00 0.000e+00
1.122e-15 0.000e+00 0.000e+00 0.000e+00 0.000e+00 0.000e+00
1.259e-15 0.000e+00 0.000e+00 0.000e+00 0.000e+00 0.000e+00
1.413e-15 0.000e+00 0.000e+00 0.000e+00 0.000e+00 0.000e+00
1.585e-15 0.000e+00 0.000e+00 0.000e+00 0.000e+00 0.000e+00
1.778e-15 0.000e+00 0.000e+00 0.000e+00 0.000e+00 0.000e+00
1.995e-15 0.000e+00 0.000e+00 0.000e+00 0.000e+00 0.000e+00
2.239e-15 0.000e+00 0.000e+00 0.000e+00 0.000e+00 0.000e+00
2.512e-15 0.000e+00 0.000e+00 0.000e+00 0.000e+00 0.000e+00
2.818e-15 0.000e+00 0.000e+00 0.000e+00 0.000e+00 0.000e+00
3.162e-15 0.000e+00 0.000e+00 0.000e+00 0.000e+00 0.000e+00
3.548e-15 0.000e+00 0.000e+00 0.000e+00 0.000e+00 0.000e+00
3.981e-15 0.000e+00 0.000e+00 0.000e+00 0.000e+00 0.000e+00
4.467e-15 0.000e+00 0.000e+00 0.000e+00 0.000e+00 0.000e+00
5.012e-15 0.000e+00 0.000e+00 0.000e+00 0.000e+00 0.000e+00
5.623e-15 0.000e+00 0.000e+00 0.000e+00 0.000e+00 0.000e+00
6.310e-15 0.000e+00 0.000e+00 0.000e+00 0.000e+00 0.000e+00
7.079e-15 0.000e+00 0.000e+00 0.000e+00 0.000e+00 0.000e+00
7.943e-15 0.000e+00 0.000e+00 0.000e+00 0.000e+00 0.000e+00
8.913e-15 0.000e+00 0.000e+00 0.000e+00 0.000e+00 0.000e+00
1.000e-14 0.000e+00 0.000e+00 0.000e+00 0.000e+00 0.000e+00
1.122e-14 0.000e+00 0.000e+00 0.000e+00 0.000e+00 0.000e+00
1.259e-14 0.000e+00 0.000e+00 0.000e+00 0.000e+00 0.000e+00
1.413e-14 0.000e+00 0.000e+00 0.000e+00 0.000e+00 0.000e+00
1.585e-14 0.000e+00 0.000e+00 0.000e+00 0.000e+00 0.000e+00
1.778e-14 0.000e+00 0.000e+00 0.000e+00 0.000e+00 0.000e+00
1.995e-14 0.000e+00 0.000e+00 0.000e+00 0.000e+00 0.000e+00
2.239e-14 0.000e+00 0.000e+00 0.000e+00 0.000e+00 0.000e+00
2.512e-14 0.000e+00 0.000e+00 0.000e+00 0.000e+00 0.000e+00
2.818e-14 0.000e+00 0.000e+00 0.000e+00 0.000e+00 0.000e+00
3.162e-14 0.000e+00 0.000e+00 0.000e+00 0.000e+00 0.000e+00
3.548e-14 0.000e+00 0.000e+00 0.000e+00 0.000e+00 0.000e+00
3.981e-14 0.000e+00 0.000e+00 0.000e+00 0.000e+00 0.000e+00
4.467e-14 0.000e+00 0.000e+00 0.000e+00 0.000e+00 0.000e+00
5.012e-14 0.000e+00 0.000e+00 0.000e+00 0.000e+00 0.000e+00
5.623e-14 0.000e+00 0.000e+00 0.000e+00 0.000e+00 0.000e+00
6.310e-14 0.000e+00 0.000e+00 0.000e+00 0.000e+00 0.000e+00
7.079e-14 0.000e+00 0.000e+00 0.000e+00 0.000e+00 0.000e+00
7.943e-14 0.000e+00 0.000e+00 0.000e+00 0.000e+00 0.000e+00
8.913e-14 0.000e+00 0.000e+00 0.000e+00 0.000e+00 0.000e+00
1.000e-13 0.000e+00 0.000e+00 0.000e+00 0.000e+00 0.000e+00
1.122e-13 0.000e+00 0.000e+00 0.000e+00 0.000e+00 0.000e+00
1.259e-13 0.000e+00 0.000e+00 0.000e+00 0.000e+00 0.000e+00
1.413e-13 0.000e+00 0.000e+00 0.000e+00 0.000e+00 0.000e+00
1.585e-13 0.000e+00 0.000e+00 0.000e+00 0.000e+00 0.000e+00
1.778e-13 0.000e+00 0.000e+00 0.000e+00 0.000e+00 0.000e+00
1.995e-13 0.000e+00 0.000e+00 0.000e+00 0.000e+00 0.000e+00
2.239e-13 0.000e+00 0.000e+00 0.000e+00 0.000e+00 0.000e+00
2.512e-13 0.000e+00 0.000e+00 0.000e+00 0.000e+00 0.000e+00
2.818e-13 0.000e+00 0.000e+00 0.000e+00 0.000e+00 0.000e+00
3.162e-13 0.000e+00 0.000e+00 0.000e+00 0.000e+00 0.000e+00
3.548e-13 0.000e+00 0.000e+00 0.000e+00 0.000e+00 0.000e+00
3.981e-13 0.000e+00 0.000e+00 0.000e+00 0.000e+00 0.000e+00
4.467e-13 0.000e+00 0.000e+00 0.000e+00 0.000e+00 0.000e+00
5.012e-13 0.000e+00 0.000e+00 0.000e+00 0.000e+00 0.000e+00
5.623e-13 0.000e+00 0.000e+00 0.000e+00 0.000e+00 0.000e+00
6.310e-13 0.000e+00 0.000e+00 0.000e+00 0.000e+00 0.000e+00
7.079e-13 0.000e+00 0.000e+00 0.000e+00 0.000e+00 0.000e+00
7.943e-13 0.000e+00 0.000e+00 0.000e+00 0.000e+00 0.000e+00
8.913e-13 0.000e+00 0.000e+00 0.000e+00 0.000e+00 0.000e+00
1.000e-12 0.000e+00 0.000e+00 0.000e+00 0.000e+00 0.000e+00
1.122e-12 3.028e+49 2.379e+25 1.906e-31 8.049e-20 5.057e-19
1.259e-12 2.548e+49 2.520e+25 2.019e-31 8.525e-20 5.357e-19
1.413e-12 2.143e+49 2.669e+25 2.139e-31 9.031e-20 5.674e-19
1.585e-12 1.804e+49 2.828e+25 2.266e-31 9.566e-20 6.010e-19
1.778e-12 1.517e+49 2.995e+25 2.400e-31 1.013e-19 6.366e-19
1.995e-12 1.277e+49 3.173e+25 2.542e-31 1.073e-19 6.744e-19
2.239e-12 1.074e+49 3.361e+25 2.693e-31 1.137e-19 7.143e-19
2.512e-12 9.039e+48 3.560e+25 2.853e-31 1.204e-19 7.567e-19
2.818e-12 7.605e+48 3.771e+25 3.022e-31 1.276e-19 8.015e-19
3.162e-12 6.399e+48 3.994e+25 3.201e-31 1.351e-19 8.490e-19
3.548e-12 5.384e+48 4.231e+25 3.390e-31 1.431e-19 8.993e-19
3.981e-12 4.530e+48 4.481e+25 3.591e-31 1.516e-19 9.526e-19
4.467e-12 3.812e+48 4.747e+25 3.804e-31 1.606e-19 1.009e-18
5.012e-12 3.207e+48 5.028e+25 4.029e-31 1.701e-19 1.069e-18
5.623e-12 2.698e+48 5.326e+25 4.268e-31 1.802e-19 1.132e-18
6.310e-12 2.270e+48 5.642e+25 4.521e-31 1.909e-19 1.199e-18
7.079e-12 1.910e+48 5.976e+25 4.789e-31 2.022e-19 1.270e-18
7.943e-12 1.607e+48 6.330e+25 5.073e-31 2.141e-19 1.346e-18
8.913e-12 1.352e+48 6.705e+25 5.373e-31 2.268e-19 1.425e-18
1.000e-11 1.138e+48 7.102e+25 5.692e-31 2.403e-19 1.510e-18
1.122e-11 9.575e+47 7.523e+25 6.029e-31 2.545e-19 1.599e-18
1.259e-11 8.056e+47 7.969e+25 6.386e-31 2.696e-19 1.694e-18
1.413e-11 6.778e+47 8.441e+25 6.764e-31 2.856e-19 1.794e-18
1.585e-11 5.703e+47 8.941e+25 7.165e-31 3.025e-19 1.901e-18
1.778e-11 4.799e+47 9.471e+25 7.590e-31 3.204e-19 2.013e-18
1.995e-11 4.038e+47 1.003e+26 8.040e-31 3.394e-19 2.133e-18
2.239e-11 3.397e+47 1.063e+26 8.516e-31 3.595e-19 2.259e-18
2.512e-11 2.858e+47 1.126e+26 9.021e-31 3.808e-19 2.393e-18
2.818e-11 2.405e+47 1.192e+26 9.555e-31 4.034e-19 2.535e-18
3.162e-11 2.024e+47 1.263e+26 1.012e-30 4.273e-19 2.685e-18
3.548e-11 1.703e+47 1.338e+26 1.072e-30 4.526e-19 2.844e-18
3.981e-11 1.433e+47 1.417e+26 1.136e-30 4.794e-19 3.012e-18
4.467e-11 1.205e+47 1.501e+26 1.203e-30 5.078e-19 3.191e-18
5.012e-11 1.014e+47 1.590e+26 1.274e-30 5.379e-19 3.380e-18
5.623e-11 8.533e+46 1.684e+26 1.350e-30 5.698e-19 3.580e-18
6.310e-11 7.180e+46 1.784e+26 1.430e-30 6.036e-19 3.792e-18
7.079e-11 6.041e+46 1.890e+26 1.514e-30 6.393e-19 4.017e-18
7.943e-11 5.083e+46 2.002e+26 1.604e-30 6.772e-19 4.255e-18
8.913e-11 4.277e+46 2.120e+26 1.699e-30 7.173e-19 4.507e-18
1.000e-10 3.598e+46 2.246e+26 1.800e-30 7.598e-19 4.774e-18
1.122e-10 3.028e+46 2.379e+26 1.906e-30 8.048e-19 5.057e-18
1.259e-10 2.548e+46 2.520e+26 2.019e-30 8.525e-19 5.357e-18
1.413e-10 2.143e+46 2.669e+26 2.139e-30 9.031e-19 5.674e-18
1.585e-10 1.803e+46 2.828e+26 2.266e-30 9.566e-19 6.010e-18
1.778e-10 1.517e+46 2.995e+26 2.400e-30 1.013e-18 6.366e-18
1.995e-10 1.277e+46 3.173e+26 2.542e-30 1.073e-18 6.744e-18
2.239e-10 1.074e+46 3.360e+26 2.693e-30 1.137e-18 7.143e-18
2.512e-10 9.039e+45 3.560e+26 2.853e-30 1.204e-18 7.566e-18
2.818e-10 7.605e+45 3.771e+26 3.022e-30 1.276e-18 8.015e-18
3.162e-10 6.399e+45 3.994e+26 3.201e-30 1.351e-18 8.490e-18
3.548e-10 5.384e+45 4.231e+26 3.390e-30 1.431e-18 8.993e-18
3.981e-10 4.530e+45 4.481e+26 3.591e-30 1.516e-18 9.526e-18
4.467e-10 3.812e+45 4.747e+26 3.804e-30 1.606e-18 1.009e-17
5.012e-10 3.207e+45 5.028e+26 4.029e-30 1.701e-18 1.069e-17
5.623e-10 2.698e+45 5.326e+26 4.268e-30 1.802e-18 1.132e-17
6.310e-10 2.270e+45 5.642e+26 4.521e-30 1.909e-18 1.199e-17
7.079e-10 1.910e+45 5.976e+26 4.789e-30 2.022e-18 1.270e-17
7.943e-10 1.607e+45 6.330e+26 5.073e-30 2.141e-18 1.346e-17
8.913e-10 1.352e+45 6.705e+26 5.373e-30 2.268e-18 1.425e-17
1.000e-09 1.138e+45 7.102e+26 5.691e-30 2.403e-18 1.510e-17
1.122e-09 9.574e+44 7.523e+26 6.029e-30 2.545e-18 1.599e-17
1.259e-09 8.056e+44 7.969e+26 6.386e-30 2.696e-18 1.694e-17
1.413e-09 6.778e+44 8.441e+26 6.764e-30 2.856e-18 1.794e-17
1.585e-09 5.703e+44 8.941e+26 7.165e-30 3.025e-18 1.901e-17
1.778e-09 4.798e+44 9.471e+26 7.590e-30 3.204e-18 2.013e-17
1.995e-09 4.037e+44 1.003e+27 8.039e-30 3.394e-18 2.132e-17
2.239e-09 3.397e+44 1.063e+27 8.516e-30 3.595e-18 2.259e-17
2.512e-09 2.858e+44 1.126e+27 9.020e-30 3.808e-18 2.393e-17
2.818e-09 2.405e+44 1.192e+27 9.555e-30 4.034e-18 2.534e-17
3.162e-09 2.023e+44 1.263e+27 1.012e-29 4.273e-18 2.685e-17
3.548e-09 1.703e+44 1.338e+27 1.072e-29 4.526e-18 2.844e-17
3.981e-09 1.432e+44 1.417e+27 1.136e-29 4.794e-18 3.012e-17
4.467e-09 1.205e+44 1.501e+27 1.203e-29 5.078e-18 3.191e-17
5.012e-09 1.014e+44 1.590e+27 1.274e-29 5.379e-18 3.380e-17
5.623e-09 8.533e+43 1.684e+27 1.350e-29 5.697e-18 3.580e-17
6.310e-09 7.179e+43 1.784e+27 1.430e-29 6.035e-18 3.792e-17
7.079e-09 6.041e+43 1.890e+27 1.514e-29 6.393e-18 4.017e-17
7.943e-09 5.083e+43 2.002e+27 1.604e-29 6.771e-18 4.255e-17
8.913e-09 4.276e+43 2.120e+27 1.699e-29 7.173e-18 4.507e-17
1.000e-08 3.598e+43 2.246e+27 1.800e-29 7.598e-18 4.774e-17
1.122e-08 3.027e+43 2.379e+27 1.906e-29 8.048e-18 5.056e-17
1.259e-08 2.547e+43 2.520e+27 2.019e-29 8.524e-18 5.356e-17
1.413e-08 2.143e+43 2.669e+27 2.139e-29 9.029e-18 5.673e-17
1.585e-08 1.803e+43 2.827e+27 2.266e-29 9.564e-18 6.010e-17
1.778e-08 1.517e+43 2.995e+27 2.400e-29 1.013e-17 6.366e-17
1.995e-08 1.277e+43 3.172e+27 2.542e-29 1.073e-17 6.743e-17
2.239e-08 1.074e+43 3.360e+27 2.693e-29 1.137e-17 7.142e-17
2.512e-08 9.037e+42 3.559e+27 2.852e-29 1.204e-17 7.565e-17
2.818e-08 7.604e+42 3.770e+27 3.021e-29 1.275e-17 8.013e-17
3.162e-08 6.398e+42 3.993e+27 3.200e-29 1.351e-17 8.488e-17
3.548e-08 5.383e+42 4.230e+27 3.390e-29 1.431e-17 8.991e-17
3.981e-08 4.529e+42 4.480e+27 3.590e-29 1.516e-17 9.524e-17
4.467e-08 3.811e+42 4.746e+27 3.803e-29 1.606e-17 1.009e-16
5.012e-08 3.206e+42 5.027e+27 4.028e-29 1.701e-17 1.069e-16
5.623e-08 2.698e+42 5.325e+27 4.267e-29 1.801e-17 1.132e-16
6.310e-08 2.270e+42 5.640e+27 4.520e-29 1.908e-17 1.199e-16
7.079e-08 1.910e+42 5.974e+27 4.788e-29 2.021e-17 1.270e-16
7.943e-08 1.607e+42 6.328e+27 5.071e-29 2.141e-17 1.345e-16
8.913e-08 1.352e+42 6.703e+27 5.372e-29 2.268e-17 1.425e-16
1.000e-07 1.138e+42 7.100e+27 5.690e-29 2.402e-17 1.509e-16
1.122e-07 9.571e+41 7.521e+27 6.027e-29 2.544e-17 1.599e-16
1.259e-07 8.053e+41 7.966e+27 6.384e-29 2.695e-17 1.693e-16
1.413e-07 6.776e+41 8.438e+27 6.762e-29 2.855e-17 1.794e-16
1.585e-07 5.701e+41 8.938e+27 7.162e-29 3.024e-17 1.900e-16
1.778e-07 4.796e+41 9.467e+27 7.586e-29 3.203e-17 2.012e-16
1.995e-07 4.036e+41 1.003e+28 8.036e-29 3.392e-17 2.132e-16
2.239e-07 3.395e+41 1.062e+28 8.512e-29 3.593e-17 2.258e-16
2.512e-07 2.857e+41 1.125e+28 9.016e-29 3.806e-17 2.391e-16
2.818e-07 2.404e+41 1.192e+28 9.550e-29 4.032e-17 2.533e-16
3.162e-07 2.022e+41 1.262e+28 1.012e-28 4.270e-17 2.683e-16
3.548e-07 1.702e+41 1.337e+28 1.071e-28 4.523e-17 2.842e-16
3.981e-07 1.432e+41 1.416e+28 1.135e-28 4.791e-17 3.010e-16
4.467e-07 1.204e+41 1.500e+28 1.202e-28 5.075e-17 3.188e-16
5.012e-07 1.013e+41 1.589e+28 1.273e-28 5.375e-17 3.377e-16
5.623e-07 8.526e+40 1.683e+28 1.349e-28 5.693e-17 3.577e-16
6.310e-07 7.174e+40 1.783e+28 1.428e-28 6.030e-17 3.789e-16
7.079e-07 6.036e+40 1.888e+28 1.513e-28 6.387e-17 4.013e-16
7.943e-07 5.078e+40 2.000e+28 1.603e-28 6.765e-17 4.251e-16
8.913e-07 4.272e+40 2.118e+28 1.697e-28 7.166e-17 4.502e-16
1.000e-06 3.595e+40 2.244e+28 1.798e-28 7.590e-17 4.769e-16
1.122e-06 3.024e+40 2.376e+28 1.904e-28 8.039e-17 5.051e-16
1.259e-06 2.544e+40 2.517e+28 2.017e-28 8.515e-17 5.350e-16
1.413e-06 2.141e+40 2.666e+28 2.136e-28 9.019e-17 5.667e-16
1.585e-06 1.801e+40 2.824e+28 2.263e-28 9.553e-17 6.002e-16
1.778e-06 1.515e+40 2.991e+28 2.397e-28 1.012e-16 6.357e-16
1.995e-06 1.275e+40 3.168e+28 2.538e-28 1.072e-16 6.733e-16
2.239e-06 1.073e+40 3.355e+28 2.689e-28 1.135e-16 7.132e-16
2.512e-06 9.023e+39 3.554e+28 2.848e-28 1.202e-16 7.554e-16
2.818e-06 7.592e+39 3.764e+28 3.016e-28 1.273e-16 8.000e-16
3.162e-06 6.387e+39 3.986e+28 3.194e-28 1.349e-16 8.473e-16
3.548e-06 5.373e+39 4.222e+28 3.383e-28 1.428e-16 8.974e-16
3.981e-06 4.520e+39 4.472e+28 3.583e-28 1.513e-16 9.505e-16
4.467e-06 3.803e+39 4.736e+28 3.795e-28 1.602e-16 1.007e-15
5.012e-06 3.199e+39 5.016e+28 4.020e-28 1.697e-16 1.066e-15
5.623e-06 2.692e+39 5.312e+28 4.257e-28 1.797e-16 1.129e-15
6.310e-06 2.264e+39 5.626e+28 4.509e-28 1.903e-16 1.196e-15
7.079e-06 1.905e+39 5.959e+28 4.775e-28 2.016e-16 1.267e-15
7.943e-06 1.602e+39 6.311e+28 5.057e-28 2.135e-16 1.341e-15
8.913e-06 1.348e+39 6.683e+28 5.356e-28 2.261e-16 1.421e-15
1.000e-05 1.134e+39 7.078e+28 5.672e-28 2.395e-16 1.505e-15
1.122e-05 9.540e+38 7.496e+28 6.007e-28 2.536e-16 1.593e-15
1.259e-05 8.025e+38 7.938e+28 6.362e-28 2.686e-16 1.687e-15
1.413e-05 6.751e+38 8.407e+28 6.737e-28 2.844e-16 1.787e-15
1.585e-05 5.679e+38 8.903e+28 7.134e-28 3.012e-16 1.892e-15
1.778e-05 4.777e+38 9.428e+28 7.555e-28 3.190e-16 2.004e-15
1.995e-05 4.018e+38 9.984e+28 8.001e-28 3.378e-16 2.122e-15
2.239e-05 3.380e+38 1.057e+29 8.472e-28 3.577e-16 2.247e-15
2.512e-05 2.843e+38 1.120e+29 8.972e-28 3.788e-16 2.380e-15
2.818e-05 2.391e+38 1.186e+29 9.500e-28 4.011e-16 2.520e-15
3.162e-05 2.011e+38 1.255e+29 1.006e-27 4.247e-16 2.668e-15
3.548e-05 1.692e+38 1.329e+29 1.065e-27 4.497e-16 2.825e-15
3.981e-05 1.423e+38 1.407e+29 1.128e-27 4.761e-16 2.992e-15
4.467e-05 1.197e+38 1.490e+29 1.194e-27 5.042e-16 3.168e-15
5.012e-05 1.006e+38 1.578e+29 1.264e-27 5.338e-16 3.354e-15
5.623e-05 8.464e+37 1.671e+29 1.339e-27 5.652e-16 3.551e-15
6.310e-05 7.118e+37 1.769e+29 1.417e-27 5.984e-16 3.760e-15
7.079e-05 5.986e+37 1.873e+29 1.501e-27 6.335e-16 3.980e-15
7.943e-05 5.034e+37 1.982e+29 1.589e-27 6.707e-16 4.214e-15
8.913e-05 4.233e+37 2.099e+29 1.682e-27 7.100e-16 4.461e-15
1.000e-04 3.560e+37 2.222e+29 1.780e-27 7.516e-16 4.723e-15
1.122e-04 2.993e+37 2.352e+29 1.885e-27 7.957e-16 4.999e-15
1.259e-04 2.517e+37 2.490e+29 1.995e-27 8.422e-16 5.292e-15
1.413e-04 2.116e+37 2.635e+29 2.112e-27 8.915e-16 5.602e-15
1.585e-04 1.779e+37 2.789e+29 2.235e-27 9.436e-16 5.929e-15
1.778e-04 1.496e+37 2.952e+29 2.366e-27 9.987e-16 6.275e-15
1.995e-04 1.257e+37 3.124e+29 2.504e-27 1.057e-15 6.641e-15
2.239e-04 1.057e+37 3.307e+29 2.650e-27 1.119e-15 7.029e-15
2.512e-04 8.885e+36 3.499e+29 2.804e-27 1.184e-15 7.438e-15
2.818e-04 7.469e+36 3.703e+29 2.967e-27 1.253e-15 7.871e-15
3.162e-04 6.277e+36 3.918e+29 3.140e-27 1.325e-15 8.328e-15
3.548e-04 5.276e+36 4.145e+29 3.322e-27 1.402e-15 8.812e-15
3.981e-04 4.434e+36 4.386e+29 3.515e-27 1.484e-15 9.323e-15
4.467e-04 3.726e+36 4.640e+29 3.718e-27 1.570e-15 9.862e-15
5.012e-04 3.131e+36 4.908e+29 3.933e-27 1.660e-15 1.043e-14
5.623e-04 2.630e+36 5.192e+29 4.160e-27 1.756e-15 1.104e-14
6.310e-04 2.210e+36 5.491e+29 4.400e-27 1.858e-15 1.167e-14
7.079e-04 1.856e+36 5.807e+29 4.654e-27 1.965e-15 1.234e-14
7.943e-04 1.559e+36 6.141e+29 4.921e-27 2.077e-15 1.305e-14
8.913e-04 1.310e+36 6.493e+29 5.203e-27 2.197e-15 1.380e-14
1.000e-03 1.100e+36 6.865e+29 5.501e-27 2.322e-15 1.459e-14
1.122e-03 9.236e+35 7.257e+29 5.816e-27 2.455e-15 1.543e-14
1.259e-03 7.755e+35 7.671e+29 6.147e-27 2.595e-15 1.631e-14
1.413e-03 6.510e+35 8.107e+29 6.497e-27 2.743e-15 1.723e-14
1.585e-03 5.465e+35 8.567e+29 6.866e-27 2.898e-15 1.821e-14
1.778e-03 4.586e+35 9.052e+29 7.254e-27 3.062e-15 1.924e-14
1.995e-03 3.849e+35 9.564e+29 7.664e-27 3.235e-15 2.033e-14
2.239e-03 3.229e+35 1.010e+30 8.095e-27 3.418e-15 2.147e-14
2.512e-03 2.709e+35 1.067e+30 8.550e-27 3.609e-15 2.268e-14
2.818e-03 2.272e+35 1.127e+30 9.028e-27 3.811e-15 2.395e-14
3.162e-03 1.906e+35 1.189e+30 9.531e-27 4.024e-15 2.528e-14
3.548e-03 1.598e+35 1.255e+30 1.006e-26 4.247e-15 2.669e-14
3.981e-03 1.339e+35 1.325e+30 1.062e-26 4.482e-15 2.816e-14
4.467e-03 1.123e+35 1.398e+30 1.120e-26 4.729e-15 2.972e-14
5.012e-03 9.406e+34 1.475e+30 1.182e-26 4.989e-15 3.135e-14
5.623e-03 7.880e+34 1.555e+30 1.246e-26 5.262e-15 3.306e-14
6.310e-03 6.600e+34 1.640e+30 1.314e-26 5.548e-15 3.486e-14
7.079e-03 5.526e+34 1.729e+30 1.385e-26 5.848e-15 3.674e-14
7.943e-03 4.626e+34 1.822e+30 1.460e-26 6.163e-15 3.872e-14
8.913e-03 3.871e+34 1.919e+30 1.538e-26 6.492e-15 4.079e-14
1.000e-02 3.238e+34 2.021e+30 1.620e-26 6.838e-15 4.296e-14
1.122e-02 2.708e+34 2.128e+30 1.705e-26 7.199e-15 4.523e-14
1.259e-02 2.264e+34 2.240e+30 1.795e-26 7.577e-15 4.761e-14
1.413e-02 1.892e+34 2.356e+30 1.888e-26 7.971e-15 5.009e-14
1.585e-02 1.581e+34 2.478e+30 1.986e-26 8.383e-15 5.267e-14
1.778e-02 1.320e+34 2.605e+30 2.088e-26 8.813e-15 5.538e-14
1.995e-02 1.102e+34 2.738e+30 2.194e-26 9.261e-15 5.819e-14
2.239e-02 9.192e+33 2.875e+30 2.304e-26 9.728e-15 6.112e-14
2.512e-02 7.666e+33 3.019e+30 2.419e-26 1.021e-14 6.417e-14
2.818e-02 6.390e+33 3.168e+30 2.539e-26 1.072e-14 6.734e-14
3.162e-02 5.323e+33 3.322e+30 2.662e-26 1.124e-14 7.062e-14
3.548e-02 4.432e+33 3.483e+30 2.791e-26 1.178e-14 7.403e-14
3.981e-02 3.688e+33 3.649e+30 2.924e-26 1.234e-14 7.756e-14
4.467e-02 3.068e+33 3.820e+30 3.061e-26 1.292e-14 8.120e-14
5.012e-02 2.550e+33 3.997e+30 3.203e-26 1.352e-14 8.497e-14
5.623e-02 2.118e+33 4.180e+30 3.349e-26 1.414e-14 8.884e-14
6.310e-02 1.758e+33 4.367e+30 3.500e-26 1.477e-14 9.283e-14
7.079e-02 1.458e+33 4.560e+30 3.654e-26 1.543e-14 9.693e-14
7.943e-02 1.208e+33 4.758e+30 3.813e-26 1.610e-14 1.011e-13
8.913e-02 1.000e+33 4.960e+30 3.974e-26 1.678e-14 1.054e-13
1.000e-01 8.277e+32 5.166e+30 4.140e-26 1.748e-14 1.098e-13
1.122e-01 6.841e+32 5.376e+30 4.308e-26 1.819e-14 1.143e-13
1.259e-01 5.650e+32 5.589e+30 4.479e-26 1.891e-14 1.188e-13
1.413e-01 4.661e+32 5.805e+30 4.652e-26 1.964e-14 1.234e-13
1.585e-01 3.841e+32 6.023e+30 4.826e-26 2.037e-14 1.280e-13
1.778e-01 3.162e+32 6.242e+30 5.002e-26 2.112e-14 1.327e-13
1.995e-01 2.600e+32 6.461e+30 5.178e-26 2.186e-14 1.373e-13
2.239e-01 2.136e+32 6.681e+30 5.354e-26 2.260e-14 1.420e-13
2.512e-01 1.752e+32 6.899e+30 5.528e-26 2.334e-14 1.466e-13
2.818e-01 1.435e+32 7.115e+30 5.701e-26 2.407e-14 1.512e-13
3.162e-01 1.174e+32 7.327e+30 5.871e-26 2.479e-14 1.557e-13
3.548e-01 9.588e+31 7.534e+30 6.038e-26 2.549e-14 1.601e-13
3.981e-01 7.820e+31 7.736e+30 6.199e-26 2.617e-14 1.644e-13
4.467e-01 6.367e+31 7.930e+30 6.354e-26 2.683e-14 1.686e-13
5.012e-01 5.176e+31 8.115e+30 6.503e-26 2.745e-14 1.725e-13
5.623e-01 4.200e+31 8.290e+30 6.643e-26 2.804e-14 1.762e-13
6.310e-01 3.402e+31 8.452e+30 6.773e-26 2.859e-14 1.797e-13
7.079e-01 2.750e+31 8.602e+30 6.893e-26 2.910e-14 1.828e-13
7.943e-01 2.218e+31 8.736e+30 7.000e-26 2.955e-14 1.857e-13
8.913e-01 1.786e+31 8.853e+30 7.094e-26 2.995e-14 1.882e-13
1.000e+00 1.434e+31 8.951e+30 7.173e-26 3.028e-14 1.903e-13
1.122e+00 1.149e+31 9.029e+30 7.236e-26 3.055e-14 1.919e-13
1.259e+00 9.185e+30 9.086e+30 7.281e-26 3.074e-14 1.931e-13
1.413e+00 7.322e+30 9.119e+30 7.308e-26 3.085e-14 1.938e-13
1.585e+00 5.822e+30 9.127e+30 7.314e-26 3.088e-14 1.940e-13
1.778e+00 4.616e+30 9.110e+30 7.300e-26 3.082e-14 1.936e-13
1.995e+00 3.648e+30 9.065e+30 7.265e-26 3.067e-14 1.927e-13
2.239e+00 2.875e+30 8.993e+30 7.206e-26 3.042e-14 1.911e-13
2.512e+00 2.258e+30 8.891e+30 7.125e-26 3.008e-14 1.890e-13
2.818e+00 1.767e+30 8.761e+30 7.020e-26 2.964e-14 1.862e-13
3.162e+00 1.378e+30 8.601e+30 6.892e-26 2.910e-14 1.828e-13
3.548e+00 1.071e+30 8.412e+30 6.741e-26 2.846e-14 1.788e-13
3.981e+00 8.284e+29 8.194e+30 6.567e-26 2.772e-14 1.742e-13
4.467e+00 6.383e+29 7.949e+30 6.370e-26 2.689e-14 1.690e-13
5.012e+00 4.897e+29 7.677e+30 6.152e-26 2.597e-14 1.632e-13
5.623e+00 3.739e+29 7.380e+30 5.914e-26 2.497e-14 1.569e-13
6.310e+00 2.841e+29 7.060e+30 5.658e-26 2.388e-14 1.501e-13
7.079e+00 2.148e+29 6.719e+30 5.385e-26 2.273e-14 1.428e-13
7.943e+00 1.615e+29 6.361e+30 5.097e-26 2.152e-14 1.352e-13
8.913e+00 1.208e+29 5.987e+30 4.798e-26 2.025e-14 1.273e-13
1.000e+01 8.974e+28 5.601e+30 4.489e-26 1.895e-14 1.191e-13
1.122e+01 6.627e+28 5.207e+30 4.173e-26 1.762e-14 1.107e-13
1.259e+01 4.861e+28 4.809e+30 3.854e-26 1.627e-14 1.022e-13
1.413e+01 3.540e+28 4.409e+30 3.533e-26 1.492e-14 9.372e-14
1.585e+01 2.559e+28 4.012e+30 3.215e-26 1.357e-14 8.528e-14
1.778e+01 1.835e+28 3.622e+30 2.902e-26 1.225e-14 7.699e-14
1.995e+01 1.305e+28 3.241e+30 2.598e-26 1.097e-14 6.890e-14
2.239e+01 9.189e+27 2.874e+30 2.303e-26 9.724e-15 6.110e-14
2.512e+01 6.409e+27 2.524e+30 2.023e-26 8.539e-15 5.365e-14
2.818e+01 4.422e+27 2.193e+30 1.757e-26 7.417e-15 4.660e-14
3.162e+01 3.016e+27 1.883e+30 1.509e-26 6.369e-15 4.002e-14
3.548e+01 2.031e+27 1.596e+30 1.279e-26 5.399e-15 3.392e-14
3.981e+01 1.348e+27 1.334e+30 1.069e-26 4.512e-15 2.835e-14
4.467e+01 8.809e+26 1.097e+30 8.791e-27 3.711e-15 2.332e-14
5.012e+01 5.652e+26 8.861e+29 7.101e-27 2.998e-15 1.884e-14
5.623e+01 3.552e+26 7.011e+29 5.618e-27 2.372e-15 1.490e-14
6.310e+01 2.179e+26 5.414e+29 4.338e-27 1.831e-15 1.151e-14
7.079e+01 1.298e+26 4.061e+29 3.255e-27 1.374e-15 8.633e-15
7.943e+01 7.473e+25 2.943e+29 2.358e-27 9.957e-16 6.256e-15
8.913e+01 4.123e+25 2.044e+29 1.638e-27 6.915e-16 4.345e-15
1.000e+02 2.157e+25 1.346e+29 1.079e-27 4.555e-16 2.862e-15
1.122e+02 1.056e+25 8.299e+28 6.651e-28 2.808e-16 1.764e-15
1.259e+02 4.749e+24 4.698e+28 3.765e-28 1.589e-16 9.986e-16
1.413e+02 1.912e+24 2.381e+28 1.908e-28 8.055e-17 5.061e-16
1.585e+02 6.648e+23 1.042e+28 8.353e-29 3.526e-17 2.216e-16
1.778e+02 1.896e+23 3.743e+27 3.000e-29 1.266e-17 7.956e-17
1.995e+02 4.105e+22 1.020e+27 8.174e-30 3.451e-18 2.168e-17
2.239e+02 5.961e+21 1.865e+26 1.494e-30 6.309e-19 3.964e-18
2.512e+02 4.719e+20 1.858e+25 1.489e-31 6.287e-20 3.950e-19
2.818e+02 1.405e+19 6.968e+23 5.584e-33 2.357e-21 1.481e-20
3.162e+02 7.750e+16 4.837e+21 3.876e-35 1.636e-23 1.028e-22
3.548e+02 1.694e+13 1.331e+18 1.066e-38 4.502e-27 2.829e-26
3.981e+02 2.239e+06 2.214e+11 1.775e-45 7.492e-34 4.707e-33
4.467e+02 9.095e-12 1.133e-06 9.077e-63 3.832e-51 2.408e-50
5.012e+02 1.071e-134 1.679e-129 1.346e-185 5.680e-174 3.569e-173
5.623e+02 0.000e+00 0.000e+00 0.000e+00 0.000e+00 0.000e+00
6.310e+02 0.000e+00 0.000e+00 0.000e+00 0.000e+00 0.000e+00
7.079e+02 0.000e+00 0.000e+00 0.000e+00 0.000e+00 0.000e+00
7.943e+02 0.000e+00 0.000e+00 0.000e+00 0.000e+00 0.000e+00
8.913e+02 0.000e+00 0.000e+00 0.000e+00 0.000e+00 0.000e+00
1.000e+03 0.000e+00 0.000e+00 0.000e+00 0.000e+00 0.000e+00
1.122e+03 0.000e+00 0.000e+00 0.000e+00 0.000e+00 0.000e+00
1.259e+03 0.000e+00 0.000e+00 0.000e+00 0.000e+00 0.000e+00
1.413e+03 0.000e+00 0.000e+00 0.000e+00 0.000e+00 0.000e+00
1.585e+03 0.000e+00 0.000e+00 0.000e+00 0.000e+00 0.000e+00
1.778e+03 0.000e+00 0.000e+00 0.000e+00 0.000e+00 0.000e+00
1.995e+03 0.000e+00 0.000e+00 0.000e+00 0.000e+00 0.000e+00
2.239e+03 0.000e+00 0.000e+00 0.000e+00 0.000e+00 0.000e+00
2.512e+03 0.000e+00 0.000e+00 0.000e+00 0.000e+00 0.000e+00
2.818e+03 0.000e+00 0.000e+00 0.000e+00 0.000e+00 0.000e+00
3.162e+03 0.000e+00 0.000e+00 0.000e+00 0.000e+00 0.000e+00
3.548e+03 0.000e+00 0.000e+00 0.000e+00 0.000e+00 0.000e+00
3.981e+03 0.000e+00 0.000e+00 0.000e+00 0.000e+00 0.000e+00
4.467e+03 0.000e+00 0.000e+00 0.000e+00 0.000e+00 0.000e+00
5.012e+03 0.000e+00 0.000e+00 0.000e+00 0.000e+00 0.000e+00
5.623e+03 0.000e+00 0.000e+00 0.000e+00 0.000e+00 0.000e+00
6.310e+03 0.000e+00 0.000e+00 0.000e+00 0.000e+00 0.000e+00
7.079e+03 0.000e+00 0.000e+00 0.000e+00 0.000e+00 0.000e+00
7.943e+03 0.000e+00 0.000e+00 0.000e+00 0.000e+00 0.000e+00
8.913e+03 0.000e+00 0.000e+00 0.000e+00 0.000e+00 0.000e+00
1.000e+04 0.000e+00 0.000e+00 0.000e+00 0.000e+00 0.000e+00
1.122e+04 0.000e+00 0.000e+00 0.000e+00 0.000e+00 0.000e+00
1.259e+04 0.000e+00 0.000e+00 0.000e+00 0.000e+00 0.000e+00
1.413e+04 0.000e+00 0.000e+00 0.000e+00 0.000e+00 0.000e+00
1.585e+04 0.000e+00 0.000e+00 0.000e+00 0.000e+00 0.000e+00
1.778e+04 0.000e+00 0.000e+00 0.000e+00 0.000e+00 0.000e+00
1.995e+04 0.000e+00 0.000e+00 0.000e+00 0.000e+00 0.000e+00
2.239e+04 0.000e+00 0.000e+00 0.000e+00 0.000e+00 0.000e+00
2.512e+04 0.000e+00 0.000e+00 0.000e+00 0.000e+00 0.000e+00
2.818e+04 0.000e+00 0.000e+00 0.000e+00 0.000e+00 0.000e+00
3.162e+04 0.000e+00 0.000e+00 0.000e+00 0.000e+00 0.000e+00
3.548e+04 0.000e+00 0.000e+00 0.000e+00 0.000e+00 0.000e+00
3.981e+04 0.000e+00 0.000e+00 0.000e+00 0.000e+00 0.000e+00
4.467e+04 0.000e+00 0.000e+00 0.000e+00 0.000e+00 0.000e+00
5.012e+04 0.000e+00 0.000e+00 0.000e+00 0.000e+00 0.000e+00
5.623e+04 0.000e+00 0.000e+00 0.000e+00 0.000e+00 0.000e+00
6.310e+04 0.000e+00 0.000e+00 0.000e+00 0.000e+00 0.000e+00
7.079e+04 0.000e+00 0.000e+00 0.000e+00 0.000e+00 0.000e+00
7.943e+04 0.000e+00 0.000e+00 0.000e+00 0.000e+00 0.000e+00
8.913e+04 0.000e+00 0.000e+00 0.000e+00 0.000e+00 0.000e+00
1.000e+05 0.000e+00 0.000e+00 0.000e+00 0.000e+00 0.000e+00
1.122e+05 0.000e+00 0.000e+00 0.000e+00 0.000e+00 0.000e+00
1.259e+05 0.000e+00 0.000e+00 0.000e+00 0.000e+00 0.000e+00
1.413e+05 0.000e+00 0.000e+00 0.000e+00 0.000e+00 0.000e+00
1.585e+05 0.000e+00 0.000e+00 0.000e+00 0.000e+00 0.000e+00
1.778e+05 0.000e+00 0.000e+00 0.000e+00 0.000e+00 0.000e+00
1.995e+05 0.000e+00 0.000e+00 0.000e+00 0.000e+00 0.000e+00
2.239e+05 0.000e+00 0.000e+00 0.000e+00 0.000e+00 0.000e+00
2.512e+05 0.000e+00 0.000e+00 0.000e+00 0.000e+00 0.000e+00
2.818e+05 0.000e+00 0.000e+00 0.000e+00 0.000e+00 0.000e+00
3.162e+05 0.000e+00 0.000e+00 0.000e+00 0.000e+00 0.000e+00
3.548e+05 0.000e+00 0.000e+00 0.000e+00 0.000e+00 0.000e+00
3.981e+05 0.000e+00 0.000e+00 0.000e+00 0.000e+00 0.000e+00
4.467e+05 0.000e+00 0.000e+00 0.000e+00 0.000e+00 0.000e+00
5.012e+05 0.000e+00 0.000e+00 0.000e+00 0.000e+00 0.000e+00
5.623e+05 0.000e+00 0.000e+00 0.000e+00 0.000e+00 0.000e+00
6.310e+05 0.000e+00 0.000e+00 0.000e+00 0.000e+00 0.000e+00
7.079e+05 0.000e+00 0.000e+00 0.000e+00 0.000e+00 0.000e+00
7.943e+05 0.000e+00 0.000e+00 0.000e+00 0.000e+00 0.000e+00
8.913e+05 0.000e+00 0.000e+00 0.000e+00 0.000e+00 0.000e+00
1.000e+06 0.000e+00 0.000e+00 0.000e+00 0.000e+00 0.000e+00
1.122e+06 0.000e+00 0.000e+00 0.000e+00 0.000e+00 0.000e+00
1.259e+06 0.000e+00 0.000e+00 0.000e+00 0.000e+00 0.000e+00
1.413e+06 0.000e+00 0.000e+00 0.000e+00 0.000e+00 0.000e+00
1.585e+06 0.000e+00 0.000e+00 0.000e+00 0.000e+00 0.000e+00
1.778e+06 0.000e+00 0.000e+00 0.000e+00 0.000e+00 0.000e+00
1.995e+06 0.000e+00 0.000e+00 0.000e+00 0.000e+00 0.000e+00
2.239e+06 0.000e+00 0.000e+00 0.000e+00 0.000e+00 0.000e+00
2.512e+06 0.000e+00 0.000e+00 0.000e+00 0.000e+00 0.000e+00
2.818e+06 0.000e+00 0.000e+00 0.000e+00 0.000e+00 0.000e+00
3.162e+06 0.000e+00 0.000e+00 0.000e+00 0.000e+00 0.000e+00
3.548e+06 0.000e+00 0.000e+00 0.000e+00 0.000e+00 0.000e+00
3.981e+06 0.000e+00 0.000e+00 0.000e+00 0.000e+00 0.000e+00
4.467e+06 0.000e+00 0.000e+00 0.000e+00 0.000e+00 0.000e+00
5.012e+06 0.000e+00 0.000e+00 0.000e+00 0.000e+00 0.000e+00
5.623e+06 0.000e+00 0.000e+00 0.000e+00 0.000e+00 0.000e+00
6.310e+06 0.000e+00 0.000e+00 0.000e+00 0.000e+00 0.000e+00
7.079e+06 0.000e+00 0.000e+00 0.000e+00 0.000e+00 0.000e+00
7.943e+06 0.000e+00 0.000e+00 0.000e+00 0.000e+00 0.000e+00
8.913e+06 0.000e+00 0.000e+00 0.000e+00 0.000e+00 0.000e+00
1.000e+07 0.000e+00 0.000e+00 0.000e+00 0.000e+00 0.000e+00
1.122e+07 0.000e+00 0.000e+00 0.000e+00 0.000e+00 0.000e+00
1.259e+07 0.000e+00 0.000e+00 0.000e+00 0.000e+00 0.000e+00
1.413e+07 0.000e+00 0.000e+00 0.000e+00 0.000e+00 0.000e+00
1.585e+07 0.000e+00 0.000e+00 0.000e+00 0.000e+00 0.000e+00
1.778e+07 0.000e+00 0.000e+00 0.000e+00 0.000e+00 0.000e+00
1.995e+07 0.000e+00 0.000e+00 0.000e+00 0.000e+00 0.000e+00
2.239e+07 0.000e+00 0.000e+00 0.000e+00 0.000e+00 0.000e+00
2.512e+07 0.000e+00 0.000e+00 0.000e+00 0.000e+00 0.000e+00
2.818e+07 0.000e+00 0.000e+00 0.000e+00 0.000e+00 0.000e+00
3.162e+07 0.000e+00 0.000e+00 0.000e+00 0.000e+00 0.000e+00
3.548e+07 0.000e+00 0.000e+00 0.000e+00 0.000e+00 0.000e+00
3.981e+07 0.000e+00 0.000e+00 0.000e+00 0.000e+00 0.000e+00
4.467e+07 0.000e+00 0.000e+00 0.000e+00 0.000e+00 0.000e+00
5.012e+07 0.000e+00 0.000e+00 0.000e+00 0.000e+00 0.000e+00
5.623e+07 0.000e+00 0.000e+00 0.000e+00 0.000e+00 0.000e+00
6.310e+07 0.000e+00 0.000e+00 0.000e+00 0.000e+00 0.000e+00
7.079e+07 0.000e+00 0.000e+00 0.000e+00 0.000e+00 0.000e+00
7.943e+07 0.000e+00 0.000e+00 0.000e+00 0.000e+00 0.000e+00
8.913e+07 0.000e+00 0.000e+00 0.000e+00 0.000e+00 0.000e+00
1.000e+08 0.000e+00 0.000e+00 0.000e+00 0.000e+00 0.000e+00
