1.000e-20 1.207e+57 7.534e+16 6.038e-40 1.274e-28 1.602e-27
1.122e-20 1.016e+57 7.981e+16 6.395e-40 1.350e-28 1.696e-27
1.259e-20 8.546e+56 8.454e+16 6.774e-40 1.430e-28 1.797e-27
1.413e-20 7.190e+56 8.955e+16 7.176e-40 1.515e-28 1.903e-27
1.585e-20 6.050e+56 9.485e+16 7.601e-40 1.604e-28 2.016e-27
1.778e-20 5.090e+56 1.005e+17 8.051e-40 1.700e-28 2.136e-27
1.995e-20 4.283e+56 1.064e+17 8.528e-40 1.800e-28 2.262e-27
2.239e-20 3.604e+56 1.127e+17 9.034e-40 1.907e-28 2.396e-27
2.512e-20 3.032e+56 1.194e+17 9.569e-40 2.020e-28 2.538e-27
2.818e-20 2.551e+56 1.265e+17 1.014e-39 2.140e-28 2.689e-27
3.162e-20 2.147e+56 1.340e+17 1.074e-39 2.266e-28 2.848e-27
3.548e-20 1.806e+56 1.419e+17 1.137e-39 2.401e-28 3.017e-27
3.981e-20 1.520e+56 1.503e+17 1.205e-39 2.543e-28 3.195e-27
4.467e-20 1.279e+56 1.592e+17 1.276e-39 2.694e-28 3.385e-27
5.012e-20 1.076e+56 1.687e+17 1.352e-39 2.853e-28 3.585e-27
5.623e-20 9.052e+55 1.787e+17 1.432e-39 3.022e-28 3.798e-27
6.310e-20 7.616e+55 1.893e+17 1.517e-39 3.201e-28 4.023e-27
7.079e-20 6.408e+55 2.005e+17 1.606e-39 3.391e-28 4.261e-27
7.943e-20 5.392e+55 2.123e+17 1.702e-39 3.592e-28 4.514e-27
8.913e-20 4.537e+55 2.249e+17 1.802e-39 3.805e-28 4.781e-27
1.000e-19 3.817e+55 2.383e+17 1.909e-39 4.030e-28 5.064e-27
1.122e-19 3.212e+55 2.524e+17 2.022e-39 4.269e-28 5.364e-27
1.259e-19 2.702e+55 2.673e+17 2.142e-39 4.522e-28 5.682e-27
1.413e-19 2.274e+55 2.832e+17 2.269e-39 4.790e-28 6.019e-27
1.585e-19 1.913e+55 2.999e+17 2.404e-39 5.074e-28 6.376e-27
1.778e-19 1.610e+55 3.177e+17 2.546e-39 5.374e-28 6.753e-27
1.995e-19 1.354e+55 3.365e+17 2.697e-39 5.693e-28 7.153e-27
2.239e-19 1.140e+55 3.565e+17 2.857e-39 6.030e-28 7.577e-27
2.512e-19 9.588e+54 3.776e+17 3.026e-39 6.387e-28 8.026e-27
2.818e-19 8.067e+54 4.000e+17 3.205e-39 6.766e-28 8.502e-27
3.162e-19 6.788e+54 4.237e+17 3.395e-39 7.166e-28 9.006e-27
3.548e-19 5.711e+54 4.488e+17 3.596e-39 7.591e-28 9.539e-27
3.981e-19 4.805e+54 4.754e+17 3.809e-39 8.041e-28 1.010e-26
4.467e-19 4.043e+54 5.035e+17 4.035e-39 8.517e-28 1.070e-26
5.012e-19 3.402e+54 5.334e+17 4.274e-39 9.022e-28 1.134e-26
5.623e-19 2.862e+54 5.650e+17 4.527e-39 9.556e-28 1.201e-26
6.310e-19 2.408e+54 5.984e+17 4.796e-39 1.012e-27 1.272e-26
7.079e-19 2.026e+54 6.339e+17 5.080e-39 1.072e-27 1.347e-26
7.943e-19 1.705e+54 6.714e+17 5.381e-39 1.136e-27 1.427e-26
8.913e-19 1.435e+54 7.112e+17 5.699e-39 1.203e-27 1.512e-26
1.000e-18 1.207e+54 7.534e+17 6.037e-39 1.274e-27 1.601e-26
1.122e-18 1.016e+54 7.980e+17 6.395e-39 1.350e-27 1.696e-26
1.259e-18 8.545e+53 8.453e+17 6.774e-39 1.430e-27 1.797e-26
1.413e-18 7.190e+53 8.954e+17 7.175e-39 1.515e-27 1.903e-26
1.585e-18 6.049e+53 9.484e+17 7.600e-39 1.604e-27 2.016e-26
1.778e-18 5.090e+53 1.005e+18 8.050e-39 1.699e-27 2.135e-26
1.995e-18 4.282e+53 1.064e+18 8.527e-39 1.800e-27 2.262e-26
2.239e-18 3.603e+53 1.127e+18 9.032e-39 1.907e-27 2.396e-26
2.512e-18 3.032e+53 1.194e+18 9.568e-39 2.020e-27 2.538e-26
2.818e-18 2.551e+53 1.265e+18 1.013e-38 2.139e-27 2.688e-26
3.162e-18 2.146e+53 1.340e+18 1.073e-38 2.266e-27 2.847e-26
3.548e-18 1.806e+53 1.419e+18 1.137e-38 2.400e-27 3.016e-26
3.981e-18 1.519e+53 1.503e+18 1.204e-38 2.542e-27 3.195e-26
4.467e-18 1.278e+53 1.592e+18 1.276e-38 2.693e-27 3.384e-26
5.012e-18 1.076e+53 1.686e+18 1.351e-38 2.852e-27 3.585e-26
5.623e-18 9.050e+52 1.786e+18 1.431e-38 3.021e-27 3.797e-26
6.310e-18 7.615e+52 1.892e+18 1.516e-38 3.200e-27 4.022e-26
7.079e-18 6.407e+52 2.004e+18 1.606e-38 3.390e-27 4.260e-26
7.943e-18 5.391e+52 2.123e+18 1.701e-38 3.591e-27 4.512e-26
8.913e-18 4.535e+52 2.249e+18 1.802e-38 3.804e-27 4.780e-26
1.000e-17 3.816e+52 2.382e+18 1.909e-38 4.029e-27 5.063e-26
1.122e-17 3.211e+52 2.523e+18 2.022e-38 4.267e-27 5.363e-26
1.259e-17 2.701e+52 2.672e+18 2.141e-38 4.520e-27 5.680e-26
1.413e-17 2.273e+52 2.831e+18 2.268e-38 4.788e-27 6.017e-26
1.585e-17 1.912e+52 2.998e+18 2.403e-38 5.072e-27 6.373e-26
1.778e-17 1.609e+52 3.176e+18 2.545e-38 5.372e-27 6.751e-26
1.995e-17 1.354e+52 3.364e+18 2.696e-38 5.690e-27 7.150e-26
2.239e-17 1.139e+52 3.563e+18 2.855e-38 6.027e-27 7.574e-26
2.512e-17 9.584e+51 3.774e+18 3.024e-38 6.384e-27 8.022e-26
2.818e-17 8.063e+51 3.998e+18 3.204e-38 6.762e-27 8.498e-26
3.162e-17 6.784e+51 4.234e+18 3.393e-38 7.163e-27 9.001e-26
3.548e-17 5.708e+51 4.485e+18 3.594e-38 7.587e-27 9.534e-26
3.981e-17 4.803e+51 4.751e+18 3.807e-38 8.036e-27 1.010e-25
4.467e-17 4.041e+51 5.032e+18 4.032e-38 8.512e-27 1.070e-25
5.012e-17 3.400e+51 5.330e+18 4.271e-38 9.016e-27 1.133e-25
5.623e-17 2.860e+51 5.646e+18 4.524e-38 9.550e-27 1.200e-25
6.310e-17 2.407e+51 5.980e+18 4.792e-38 1.011e-26 1.271e-25
7.079e-17 2.025e+51 6.334e+18 5.076e-38 1.071e-26 1.346e-25
7.943e-17 1.704e+51 6.709e+18 5.376e-38 1.135e-26 1.426e-25
8.913e-17 1.433e+51 7.106e+18 5.694e-38 1.202e-26 1.510e-25
1.000e-16 1.206e+51 7.526e+18 6.031e-38 1.273e-26 1.600e-25
1.122e-16 1.015e+51 7.972e+18 6.388e-38 1.348e-26 1.695e-25
1.259e-16 8.536e+50 8.444e+18 6.766e-38 1.428e-26 1.795e-25
1.413e-16 7.182e+50 8.943e+18 7.167e-38 1.513e-26 1.901e-25
1.585e-16 6.042e+50 9.473e+18 7.591e-38 1.602e-26 2.014e-25
1.778e-16 5.083e+50 1.003e+19 8.040e-38 1.697e-26 2.133e-25
1.995e-16 4.277e+50 1.063e+19 8.516e-38 1.798e-26 2.259e-25
2.239e-16 3.598e+50 1.126e+19 9.020e-38 1.904e-26 2.393e-25
2.512e-16 3.027e+50 1.192e+19 9.553e-38 2.017e-26 2.534e-25
2.818e-16 2.547e+50 1.263e+19 1.012e-37 2.136e-26 2.684e-25
3.162e-16 2.143e+50 1.337e+19 1.072e-37 2.262e-26 2.843e-25
3.548e-16 1.803e+50 1.416e+19 1.135e-37 2.396e-26 3.011e-25
3.981e-16 1.517e+50 1.500e+19 1.202e-37 2.538e-26 3.189e-25
4.467e-16 1.276e+50 1.589e+19 1.273e-37 2.688e-26 3.377e-25
5.012e-16 1.073e+50 1.683e+19 1.349e-37 2.846e-26 3.577e-25
5.623e-16 9.030e+49 1.782e+19 1.428e-37 3.015e-26 3.788e-25
6.310e-16 7.597e+49 1.888e+19 1.513e-37 3.193e-26 4.012e-25
7.079e-16 6.391e+49 1.999e+19 1.602e-37 3.382e-26 4.249e-25
7.943e-16 5.376e+49 2.117e+19 1.697e-37 3.581e-26 4.500e-25
8.913e-16 4.523e+49 2.242e+19 1.797e-37 3.793e-26 4.766e-25
1.000e-15 3.805e+49 2.375e+19 1.903e-37 4.017e-26 5.048e-25
1.122e-15 3.201e+49 2.515e+19 2.015e-37 4.254e-26 5.346e-25
1.259e-15 2.692e+49 2.663e+19 2.134e-37 4.505e-26 5.662e-25
1.413e-15 2.265e+49 2.821e+19 2.260e-37 4.771e-26 5.996e-25
1.585e-15 1.905e+49 2.987e+19 2.394e-37 5.053e-26 6.349e-25
1.778e-15 1.603e+49 3.163e+19 2.535e-37 5.351e-26 6.724e-25
1.995e-15 1.348e+49 3.350e+19 2.684e-37 5.666e-26 7.121e-25
2.239e-15 1.134e+49 3.547e+19 2.843e-37 6.001e-26 7.541e-25
2.512e-15 9.539e+48 3.757e+19 3.010e-37 6.354e-26 7.985e-25
2.818e-15 8.024e+48 3.978e+19 3.188e-37 6.729e-26 8.456e-25
3.162e-15 6.749e+48 4.212e+19 3.376e-37 7.125e-26 8.954e-25
3.548e-15 5.677e+48 4.460e+19 3.574e-37 7.545e-26 9.481e-25
3.981e-15 4.775e+48 4.723e+19 3.785e-37 7.989e-26 1.004e-24
4.467e-15 4.016e+48 5.001e+19 4.008e-37 8.459e-26 1.063e-24
5.012e-15 3.377e+48 5.295e+19 4.243e-37 8.957e-26 1.126e-24
5.623e-15 2.841e+48 5.607e+19 4.493e-37 9.484e-26 1.192e-24
6.310e-15 2.389e+48 5.936e+19 4.757e-37 1.004e-25 1.262e-24
7.079e-15 2.009e+48 6.285e+19 5.036e-37 1.063e-25 1.336e-24
7.943e-15 1.690e+48 6.654e+19 5.332e-37 1.126e-25 1.414e-24
8.913e-15 1.421e+48 7.045e+19 5.645e-37 1.192e-25 1.497e-24
1.000e-14 1.195e+48 7.458e+19 5.976e-37 1.262e-25 1.585e-24
1.122e-14 1.005e+48 7.895e+19 6.327e-37 1.335e-25 1.678e-24
1.259e-14 8.449e+47 8.358e+19 6.697e-37 1.414e-25 1.777e-24
1.413e-14 7.104e+47 8.847e+19 7.090e-37 1.496e-25 1.881e-24
1.585e-14 5.973e+47 9.365e+19 7.505e-37 1.584e-25 1.991e-24
1.778e-14 5.022e+47 9.912e+19 7.943e-37 1.677e-25 2.107e-24
1.995e-14 4.222e+47 1.049e+20 8.407e-37 1.775e-25 2.230e-24
2.239e-14 3.550e+47 1.110e+20 8.898e-37 1.878e-25 2.360e-24
2.512e-14 2.984e+47 1.175e+20 9.417e-37 1.988e-25 2.498e-24
2.818e-14 2.509e+47 1.244e+20 9.966e-37 2.104e-25 2.644e-24
3.162e-14 2.109e+47 1.316e+20 1.055e-36 2.226e-25 2.798e-24
3.548e-14 1.772e+47 1.393e+20 1.116e-36 2.356e-25 2.960e-24
3.981e-14 1.490e+47 1.474e+20 1.181e-36 2.493e-25 3.132e-24
4.467e-14 1.252e+47 1.559e+20 1.249e-36 2.637e-25 3.314e-24
5.012e-14 1.052e+47 1.650e+20 1.322e-36 2.790e-25 3.506e-24
5.623e-14 8.841e+46 1.745e+20 1.398e-36 2.952e-25 3.709e-24
6.310e-14 7.429e+46 1.846e+20 1.479e-36 3.123e-25 3.924e-24
7.079e-14 6.242e+46 1.953e+20 1.565e-36 3.303e-25 4.150e-24
7.943e-14 5.244e+46 2.065e+20 1.655e-36 3.493e-25 4.390e-24
8.913e-14 4.405e+46 2.184e+20 1.750e-36 3.695e-25 4.643e-24
1.000e-13 3.701e+46 2.310e+20 1.851e-36 3.907e-25 4.910e-24
1.122e-13 3.108e+46 2.442e+20 1.957e-36 4.131e-25 5.191e-24
1.259e-13 2.610e+46 2.582e+20 2.069e-36 4.368e-25 5.489e-24
1.413e-13 2.192e+46 2.730e+20 2.188e-36 4.618e-25 5.803e-24
1.585e-13 1.841e+46 2.886e+20 2.312e-36 4.881e-25 6.134e-24
1.778e-13 1.545e+46 3.050e+20 2.444e-36 5.159e-25 6.483e-24
1.995e-13 1.297e+46 3.223e+20 2.583e-36 5.452e-25 6.852e-24
2.239e-13 1.089e+46 3.406e+20 2.730e-36 5.762e-25 7.240e-24
2.512e-13 9.138e+45 3.599e+20 2.884e-36 6.088e-25 7.650e-24
2.818e-13 7.668e+45 3.802e+20 3.047e-36 6.431e-25 8.081e-24
3.162e-13 6.434e+45 4.016e+20 3.218e-36 6.793e-25 8.536e-24
3.548e-13 5.397e+45 4.241e+20 3.399e-36 7.174e-25 9.015e-24
3.981e-13 4.527e+45 4.478e+20 3.589e-36 7.575e-25 9.519e-24
4.467e-13 3.797e+45 4.728e+20 3.789e-36 7.998e-25 1.005e-23
5.012e-13 3.183e+45 4.991e+20 3.999e-36 8.442e-25 1.061e-23
5.623e-13 2.669e+45 5.267e+20 4.221e-36 8.909e-25 1.120e-23
6.310e-13 2.237e+45 5.558e+20 4.454e-36 9.401e-25 1.181e-23
7.079e-13 1.874e+45 5.863e+20 4.698e-36 9.918e-25 1.246e-23
7.943e-13 1.570e+45 6.184e+20 4.956e-36 1.046e-24 1.315e-23
8.913e-13 1.315e+45 6.521e+20 5.226e-36 1.103e-24 1.386e-23
1.000e-12 1.101e+45 6.875e+20 5.509e-36 1.163e-24 1.461e-23
1.122e-12 9.225e+44 7.248e+20 5.809e-36 1.226e-24 1.541e-23
1.259e-12 7.721e+44 7.638e+20 6.121e-36 1.292e-24 1.624e-23
1.413e-12 6.461e+44 8.046e+20 6.448e-36 1.361e-24 1.710e-23
1.585e-12 5.405e+44 8.473e+20 6.790e-36 1.433e-24 1.801e-23
1.778e-12 4.520e+44 8.921e+20 7.149e-36 1.509e-24 1.896e-23
1.995e-12 3.778e+44 9.389e+20 7.524e-36 1.588e-24 1.996e-23
2.239e-12 3.158e+44 9.878e+20 7.916e-36 1.671e-24 2.100e-23
2.512e-12 2.638e+44 1.039e+21 8.326e-36 1.757e-24 2.208e-23
2.818e-12 2.203e+44 1.092e+21 8.754e-36 1.848e-24 2.322e-23
3.162e-12 1.839e+44 1.148e+21 9.200e-36 1.942e-24 2.440e-23
3.548e-12 1.535e+44 1.206e+21 9.665e-36 2.040e-24 2.564e-23
3.981e-12 1.280e+44 1.267e+21 1.015e-35 2.142e-24 2.692e-23
4.467e-12 1.068e+44 1.329e+21 1.065e-35 2.249e-24 2.826e-23
5.012e-12 8.897e+43 1.395e+21 1.118e-35 2.359e-24 2.965e-23
5.623e-12 7.411e+43 1.463e+21 1.172e-35 2.474e-24 3.109e-23
6.310e-12 6.171e+43 1.533e+21 1.229e-35 2.594e-24 3.259e-23
7.079e-12 5.135e+43 1.606e+21 1.287e-35 2.717e-24 3.414e-23
7.943e-12 4.271e+43 1.682e+21 1.348e-35 2.845e-24 3.575e-23
8.913e-12 3.550e+43 1.760e+21 1.410e-35 2.977e-24 3.741e-23
1.000e-11 2.949e+43 1.841e+21 1.475e-35 3.114e-24 3.913e-23
1.122e-11 2.448e+43 1.924e+21 1.542e-35 3.254e-24 4.090e-23
1.259e-11 2.031e+43 2.010e+21 1.610e-35 3.399e-24 4.272e-23
1.413e-11 1.684e+43 2.098e+21 1.681e-35 3.548e-24 4.459e-23
1.585e-11 1.396e+43 2.188e+21 1.753e-35 3.701e-24 4.651e-23
1.778e-11 1.155e+43 2.280e+21 1.827e-35 3.857e-24 4.847e-23
1.995e-11 9.558e+42 2.375e+21 1.903e-35 4.017e-24 5.048e-23
2.239e-11 7.901e+42 2.472e+21 1.981e-35 4.181e-24 5.254e-23
2.512e-11 6.525e+42 2.570e+21 2.059e-35 4.347e-24 5.462e-23
2.818e-11 5.385e+42 2.670e+21 2.139e-35 4.516e-24 5.675e-23
3.162e-11 4.439e+42 2.771e+21 2.220e-35 4.687e-24 5.890e-23
3.548e-11 3.656e+42 2.873e+21 2.302e-35 4.860e-24 6.107e-23
3.981e-11 3.008e+42 2.976e+21 2.385e-35 5.034e-24 6.326e-23
4.467e-11 2.473e+42 3.080e+21 2.468e-35 5.209e-24 6.546e-23
5.012e-11 2.030e+42 3.183e+21 2.551e-35 5.384e-24 6.766e-23
5.623e-11 1.665e+42 3.287e+21 2.634e-35 5.559e-24 6.986e-23
6.310e-11 1.364e+42 3.389e+21 2.716e-35 5.733e-24 7.205e-23
7.079e-11 1.116e+42 3.491e+21 2.798e-35 5.905e-24 7.421e-23
7.943e-11 9.119e+41 3.591e+21 2.878e-35 6.075e-24 7.634e-23
8.913e-11 7.441e+41 3.689e+21 2.956e-35 6.240e-24 7.842e-23
1.000e-10 6.064e+41 3.785e+21 3.033e-35 6.402e-24 8.045e-23
1.122e-10 4.934e+41 3.877e+21 3.107e-35 6.558e-24 8.241e-23
1.259e-10 4.009e+41 3.966e+21 3.178e-35 6.708e-24 8.429e-23
1.413e-10 3.252e+41 4.050e+21 3.245e-35 6.850e-24 8.608e-23
1.585e-10 2.634e+41 4.129e+21 3.309e-35 6.984e-24 8.777e-23
1.778e-10 2.129e+41 4.203e+21 3.368e-35 7.109e-24 8.933e-23
1.995e-10 1.718e+41 4.270e+21 3.422e-35 7.223e-24 9.076e-23
2.239e-10 1.384e+41 4.330e+21 3.470e-35 7.325e-24 9.205e-23
2.512e-10 1.113e+41 4.383e+21 3.512e-35 7.414e-24 9.317e-23
2.818e-10 8.931e+40 4.428e+21 3.548e-35 7.489e-24 9.411e-23
3.162e-10 7.151e+40 4.463e+21 3.577e-35 7.550e-24 9.487e-23
3.548e-10 5.714e+40 4.490e+21 3.598e-35 7.594e-24 9.543e-23
3.981e-10 4.555e+40 4.506e+21 3.611e-35 7.622e-24 9.578e-23
4.467e-10 3.623e+40 4.512e+21 3.615e-35 7.631e-24 9.590e-23
5.012e-10 2.874e+40 4.506e+21 3.611e-35 7.622e-24 9.579e-23
5.623e-10 2.275e+40 4.490e+21 3.598e-35 7.594e-24 9.543e-23
6.310e-10 1.795e+40 4.461e+21 3.575e-35 7.546e-24 9.483e-23
7.079e-10 1.413e+40 4.421e+21 3.543e-35 7.478e-24 9.397e-23
7.943e-10 1.109e+40 4.368e+21 3.501e-35 7.389e-24 9.285e-23
8.913e-10 8.680e+39 4.304e+21 3.449e-35 7.280e-24 9.148e-23
1.000e-09 6.772e+39 4.227e+21 3.387e-35 7.150e-24 8.985e-23
1.122e-09 5.266e+39 4.138e+21 3.316e-35 7.000e-24 8.796e-23
1.259e-09 4.082e+39 4.038e+21 3.236e-35 6.830e-24 8.583e-23
1.413e-09 3.153e+39 3.926e+21 3.146e-35 6.641e-24 8.346e-23
1.585e-09 2.426e+39 3.804e+21 3.048e-35 6.435e-24 8.086e-23
1.778e-09 1.860e+39 3.672e+21 2.942e-35 6.211e-24 7.805e-23
1.995e-09 1.421e+39 3.530e+21 2.829e-35 5.972e-24 7.505e-23
2.239e-09 1.081e+39 3.381e+21 2.709e-35 5.719e-24 7.186e-23
2.512e-09 8.186e+38 3.224e+21 2.583e-35 5.453e-24 6.853e-23
2.818e-09 6.174e+38 3.061e+21 2.453e-35 5.177e-24 6.506e-23
3.162e-09 4.635e+38 2.893e+21 2.318e-35 4.893e-24 6.149e-23
3.548e-09 3.463e+38 2.721e+21 2.180e-35 4.603e-24 5.784e-23
3.981e-09 2.575e+38 2.547e+21 2.041e-35 4.308e-24 5.414e-23
4.467e-09 1.904e+38 2.372e+21 1.900e-35 4.012e-24 5.041e-23
5.012e-09 1.401e+38 2.197e+21 1.760e-35 3.716e-24 4.669e-23
5.623e-09 1.025e+38 2.023e+21 1.621e-35 3.422e-24 4.301e-23
6.310e-09 7.457e+37 1.853e+21 1.485e-35 3.134e-24 3.939e-23
7.079e-09 5.392e+37 1.687e+21 1.352e-35 2.853e-24 3.585e-23
7.943e-09 3.874e+37 1.526e+21 1.223e-35 2.581e-24 3.243e-23
8.913e-09 2.765e+37 1.371e+21 1.099e-35 2.319e-24 2.914e-23
1.000e-08 1.961e+37 1.224e+21 9.806e-36 2.070e-24 2.601e-23
1.122e-08 1.380e+37 1.084e+21 8.690e-36 1.834e-24 2.305e-23
1.259e-08 9.644e+36 9.540e+20 7.645e-36 1.614e-24 2.028e-23
1.413e-08 6.688e+36 8.328e+20 6.674e-36 1.409e-24 1.770e-23
1.585e-08 4.601e+36 7.214e+20 5.781e-36 1.220e-24 1.533e-23
1.778e-08 3.141e+36 6.199e+20 4.968e-36 1.049e-24 1.318e-23
1.995e-08 2.127e+36 5.284e+20 4.234e-36 8.938e-25 1.123e-23
2.239e-08 1.429e+36 4.469e+20 3.581e-36 7.559e-25 9.499e-24
2.512e-08 9.526e+35 3.751e+20 3.006e-36 6.345e-25 7.974e-24
2.818e-08 6.311e+35 3.129e+20 2.507e-36 5.293e-25 6.651e-24
3.162e-08 4.162e+35 2.597e+20 2.082e-36 4.394e-25 5.521e-24
3.548e-08 2.739e+35 2.152e+20 1.725e-36 3.640e-25 4.574e-24
3.981e-08 1.806e+35 1.787e+20 1.432e-36 3.022e-25 3.798e-24
4.467e-08 1.200e+35 1.495e+20 1.198e-36 2.529e-25 3.178e-24
5.012e-08 8.097e+34 1.269e+20 1.017e-36 2.147e-25 2.698e-24
5.623e-08 5.587e+34 1.103e+20 8.837e-37 1.865e-25 2.344e-24
6.310e-08 3.971e+34 9.867e+19 7.907e-37 1.669e-25 2.097e-24
7.079e-08 2.919e+34 9.132e+19 7.318e-37 1.545e-25 1.941e-24
7.943e-08 2.220e+34 8.744e+19 7.007e-37 1.479e-25 1.859e-24
8.913e-08 1.746e+34 8.654e+19 6.935e-37 1.464e-25 1.840e-24
1.000e-07 1.407e+34 8.780e+19 7.036e-37 1.485e-25 1.866e-24
1.122e-07 1.154e+34 9.066e+19 7.265e-37 1.534e-25 1.927e-24
1.259e-07 9.571e+33 9.468e+19 7.587e-37 1.602e-25 2.013e-24
1.413e-07 7.987e+33 9.947e+19 7.971e-37 1.683e-25 2.114e-24
1.585e-07 6.689e+33 1.049e+20 8.404e-37 1.774e-25 2.229e-24
1.778e-07 5.618e+33 1.109e+20 8.886e-37 1.876e-25 2.357e-24
1.995e-07 4.720e+33 1.173e+20 9.399e-37 1.984e-25 2.493e-24
2.239e-07 3.962e+33 1.239e+20 9.933e-37 2.097e-25 2.635e-24
2.512e-07 3.329e+33 1.311e+20 1.051e-36 2.218e-25 2.787e-24
2.818e-07 2.797e+33 1.387e+20 1.111e-36 2.346e-25 2.948e-24
3.162e-07 2.347e+33 1.465e+20 1.174e-36 2.478e-25 3.114e-24
3.548e-07 1.972e+33 1.550e+20 1.242e-36 2.621e-25 3.294e-24
3.981e-07 1.656e+33 1.638e+20 1.313e-36 2.771e-25 3.483e-24
4.467e-07 1.390e+33 1.731e+20 1.387e-36 2.928e-25 3.680e-24
5.012e-07 1.167e+33 1.830e+20 1.467e-36 3.096e-25 3.891e-24
5.623e-07 9.798e+32 1.934e+20 1.550e-36 3.271e-25 4.111e-24
6.310e-07 8.228e+32 2.044e+20 1.638e-36 3.458e-25 4.346e-24
7.079e-07 6.906e+32 2.160e+20 1.731e-36 3.654e-25 4.592e-24
7.943e-07 5.797e+32 2.283e+20 1.830e-36 3.862e-25 4.853e-24
8.913e-07 4.869e+32 2.414e+20 1.934e-36 4.083e-25 5.131e-24
1.000e-06 4.096e+32 2.557e+20 2.049e-36 4.325e-25 5.435e-24
1.122e-06 3.439e+32 2.703e+20 2.166e-36 4.571e-25 5.745e-24
1.259e-06 2.894e+32 2.863e+20 2.294e-36 4.842e-25 6.085e-24
1.413e-06 2.434e+32 3.031e+20 2.429e-36 5.128e-25 6.444e-24
1.585e-06 2.043e+32 3.203e+20 2.566e-36 5.417e-25 6.808e-24
1.778e-06 1.719e+32 3.392e+20 2.719e-36 5.738e-25 7.211e-24
1.995e-06 1.443e+32 3.585e+20 2.873e-36 6.064e-25 7.621e-24
2.239e-06 1.213e+32 3.795e+20 3.041e-36 6.420e-25 8.068e-24
2.512e-06 1.020e+32 4.018e+20 3.220e-36 6.796e-25 8.540e-24
2.818e-06 8.563e+31 4.245e+20 3.402e-36 7.181e-25 9.024e-24
3.162e-06 7.202e+31 4.495e+20 3.602e-36 7.603e-25 9.555e-24
3.548e-06 6.058e+31 4.760e+20 3.815e-36 8.052e-25 1.012e-23
3.981e-06 5.095e+31 5.040e+20 4.039e-36 8.526e-25 1.071e-23
4.467e-06 4.278e+31 5.328e+20 4.270e-36 9.012e-25 1.133e-23
5.012e-06 3.599e+31 5.642e+20 4.522e-36 9.544e-25 1.199e-23
5.623e-06 3.028e+31 5.976e+20 4.789e-36 1.011e-24 1.270e-23
6.310e-06 2.548e+31 6.332e+20 5.074e-36 1.071e-24 1.346e-23
7.079e-06 2.142e+31 6.701e+20 5.370e-36 1.133e-24 1.424e-23
7.943e-06 1.804e+31 7.106e+20 5.695e-36 1.202e-24 1.511e-23
8.913e-06 1.521e+31 7.542e+20 6.044e-36 1.276e-24 1.603e-23
1.000e-05 1.284e+31 8.014e+20 6.422e-36 1.356e-24 1.704e-23
1.122e-05 1.084e+31 8.516e+20 6.825e-36 1.441e-24 1.810e-23
1.259e-05 9.179e+30 9.080e+20 7.276e-36 1.536e-24 1.930e-23
1.413e-05 7.795e+30 9.707e+20 7.779e-36 1.642e-24 2.063e-23
1.585e-05 6.639e+30 1.041e+21 8.341e-36 1.761e-24 2.213e-23
1.778e-05 5.677e+30 1.120e+21 8.978e-36 1.895e-24 2.382e-23
1.995e-05 4.876e+30 1.211e+21 9.708e-36 2.049e-24 2.575e-23
2.239e-05 4.210e+30 1.317e+21 1.055e-35 2.228e-24 2.799e-23
2.512e-05 3.654e+30 1.439e+21 1.153e-35 2.434e-24 3.058e-23
2.818e-05 3.195e+30 1.584e+21 1.269e-35 2.680e-24 3.367e-23
3.162e-05 2.814e+30 1.757e+21 1.408e-35 2.971e-24 3.734e-23
3.548e-05 2.497e+30 1.962e+21 1.572e-35 3.319e-24 4.171e-23
3.981e-05 2.232e+30 2.208e+21 1.770e-35 3.735e-24 4.694e-23
4.467e-05 2.010e+30 2.503e+21 2.006e-35 4.234e-24 5.321e-23
5.012e-05 1.822e+30 2.856e+21 2.289e-35 4.831e-24 6.071e-23
5.623e-05 1.660e+30 3.277e+21 2.626e-35 5.544e-24 6.966e-23
6.310e-05 1.521e+30 3.779e+21 3.028e-35 6.392e-24 8.033e-23
7.079e-05 1.396e+30 4.368e+21 3.500e-35 7.388e-24 9.284e-23
7.943e-05 1.282e+30 5.050e+21 4.046e-35 8.541e-24 1.073e-22
8.913e-05 1.178e+30 5.841e+21 4.681e-35 9.881e-24 1.242e-22
1.000e-04 1.082e+30 6.752e+21 5.411e-35 1.142e-23 1.435e-22
1.122e-04 9.911e+29 7.788e+21 6.241e-35 1.317e-23 1.655e-22
1.259e-04 9.053e+29 8.956e+21 7.177e-35 1.515e-23 1.904e-22
1.413e-04 8.234e+29 1.025e+22 8.218e-35 1.735e-23 2.180e-22
1.585e-04 7.450e+29 1.168e+22 9.359e-35 1.976e-23 2.483e-22
1.778e-04 6.698e+29 1.322e+22 1.059e-34 2.236e-23 2.810e-22
1.995e-04 5.980e+29 1.486e+22 1.191e-34 2.513e-23 3.158e-22
2.239e-04 5.299e+29 1.657e+22 1.328e-34 2.804e-23 3.523e-22
2.512e-04 4.657e+29 1.834e+22 1.470e-34 3.102e-23 3.898e-22
2.818e-04 4.059e+29 2.012e+22 1.613e-34 3.404e-23 4.278e-22
3.162e-04 3.510e+29 2.190e+22 1.755e-34 3.705e-23 4.656e-22
3.548e-04 3.011e+29 2.366e+22 1.896e-34 4.002e-23 5.030e-22
3.981e-04 2.565e+29 2.538e+22 2.034e-34 4.293e-23 5.394e-22
4.467e-04 2.171e+29 2.704e+22 2.166e-34 4.573e-23 5.747e-22
5.012e-04 1.827e+29 2.865e+22 2.296e-34 4.846e-23 6.089e-22
5.623e-04 1.530e+29 3.021e+22 2.421e-34 5.109e-23 6.421e-22
6.310e-04 1.275e+29 3.169e+22 2.539e-34 5.360e-23 6.736e-22
7.079e-04 1.058e+29 3.310e+22 2.652e-34 5.599e-23 7.036e-22
7.943e-04 8.736e+28 3.440e+22 2.757e-34 5.820e-23 7.313e-22
8.913e-04 7.179e+28 3.559e+22 2.852e-34 6.021e-23 7.566e-22
1.000e-03 5.874e+28 3.666e+22 2.938e-34 6.202e-23 7.793e-22
1.122e-03 4.787e+28 3.761e+22 3.014e-34 6.362e-23 7.995e-22
1.259e-03 3.886e+28 3.844e+22 3.080e-34 6.502e-23 8.171e-22
1.413e-03 3.144e+28 3.915e+22 3.137e-34 6.622e-23 8.322e-22
1.585e-03 2.536e+28 3.975e+22 3.186e-34 6.725e-23 8.450e-22
1.778e-03 2.041e+28 4.028e+22 3.228e-34 6.814e-23 8.562e-22
1.995e-03 1.640e+28 4.076e+22 3.266e-34 6.895e-23 8.664e-22
2.239e-03 1.318e+28 4.123e+22 3.304e-34 6.974e-23 8.764e-22
2.512e-03 1.060e+28 4.173e+22 3.344e-34 7.058e-23 8.869e-22
2.818e-03 8.527e+27 4.227e+22 3.388e-34 7.151e-23 8.986e-22
3.162e-03 6.870e+27 4.288e+22 3.436e-34 7.254e-23 9.115e-22
3.548e-03 5.541e+27 4.354e+22 3.489e-34 7.364e-23 9.255e-22
3.981e-03 4.469e+27 4.421e+22 3.543e-34 7.478e-23 9.398e-22
4.467e-03 3.606e+27 4.491e+22 3.599e-34 7.596e-23 9.545e-22
5.012e-03 2.911e+27 4.563e+22 3.657e-34 7.719e-23 9.700e-22
5.623e-03 2.351e+27 4.640e+22 3.718e-34 7.848e-23 9.862e-22
6.310e-03 1.900e+27 4.720e+22 3.782e-34 7.984e-23 1.003e-21
7.079e-03 1.536e+27 4.804e+22 3.850e-34 8.127e-23 1.021e-21
7.943e-03 1.242e+27 4.893e+22 3.921e-34 8.277e-23 1.040e-21
8.913e-03 1.006e+27 4.985e+22 3.995e-34 8.432e-23 1.060e-21
1.000e-02 8.140e+26 5.080e+22 4.071e-34 8.594e-23 1.080e-21
1.122e-02 6.590e+26 5.178e+22 4.150e-34 8.759e-23 1.101e-21
1.259e-02 5.336e+26 5.278e+22 4.230e-34 8.928e-23 1.122e-21
1.413e-02 4.321e+26 5.381e+22 4.312e-34 9.101e-23 1.144e-21
1.585e-02 3.499e+26 5.485e+22 4.396e-34 9.279e-23 1.166e-21
1.778e-02 2.834e+26 5.594e+22 4.482e-34 9.462e-23 1.189e-21
1.995e-02 2.296e+26 5.706e+22 4.573e-34 9.652e-23 1.213e-21
2.239e-02 1.862e+26 5.824e+22 4.667e-34 9.851e-23 1.238e-21
2.512e-02 1.510e+26 5.948e+22 4.766e-34 1.006e-22 1.264e-21
2.818e-02 1.226e+26 6.079e+22 4.871e-34 1.028e-22 1.292e-21
3.162e-02 9.962e+25 6.218e+22 4.983e-34 1.052e-22 1.322e-21
3.548e-02 8.101e+25 6.366e+22 5.101e-34 1.077e-22 1.353e-21
3.981e-02 6.594e+25 6.523e+22 5.227e-34 1.103e-22 1.387e-21
4.467e-02 5.372e+25 6.690e+22 5.361e-34 1.132e-22 1.422e-21
5.012e-02 4.381e+25 6.868e+22 5.504e-34 1.162e-22 1.460e-21
5.623e-02 3.574e+25 7.055e+22 5.653e-34 1.193e-22 1.500e-21
6.310e-02 2.918e+25 7.251e+22 5.810e-34 1.226e-22 1.541e-21
7.079e-02 2.383e+25 7.455e+22 5.974e-34 1.261e-22 1.585e-21
7.943e-02 1.946e+25 7.665e+22 6.143e-34 1.297e-22 1.629e-21
8.913e-02 1.590e+25 7.882e+22 6.316e-34 1.333e-22 1.675e-21
1.000e-01 1.298e+25 8.103e+22 6.494e-34 1.371e-22 1.722e-21
1.122e-01 1.060e+25 8.329e+22 6.675e-34 1.409e-22 1.770e-21
1.259e-01 8.653e+24 8.560e+22 6.859e-34 1.448e-22 1.819e-21
1.413e-01 7.061e+24 8.794e+22 7.047e-34 1.487e-22 1.869e-21
1.585e-01 5.760e+24 9.031e+22 7.237e-34 1.528e-22 1.920e-21
1.778e-01 4.697e+24 9.270e+22 7.429e-34 1.568e-22 1.971e-21
1.995e-01 3.828e+24 9.512e+22 7.622e-34 1.609e-22 2.022e-21
2.239e-01 3.118e+24 9.754e+22 7.817e-34 1.650e-22 2.073e-21
2.512e-01 2.538e+24 9.996e+22 8.011e-34 1.691e-22 2.125e-21
2.818e-01 2.065e+24 1.024e+23 8.204e-34 1.732e-22 2.176e-21
3.162e-01 1.679e+24 1.048e+23 8.395e-34 1.772e-22 2.227e-21
3.548e-01 1.363e+24 1.071e+23 8.584e-34 1.812e-22 2.277e-21
3.981e-01 1.106e+24 1.094e+23 8.769e-34 1.851e-22 2.326e-21
4.467e-01 8.967e+23 1.117e+23 8.949e-34 1.889e-22 2.374e-21
5.012e-01 7.261e+23 1.138e+23 9.123e-34 1.926e-22 2.420e-21
5.623e-01 5.873e+23 1.159e+23 9.289e-34 1.961e-22 2.464e-21
6.310e-01 4.744e+23 1.179e+23 9.447e-34 1.994e-22 2.506e-21
7.079e-01 3.827e+23 1.197e+23 9.594e-34 2.025e-22 2.545e-21
7.943e-01 3.083e+23 1.214e+23 9.730e-34 2.054e-22 2.581e-21
8.913e-01 2.480e+23 1.230e+23 9.853e-34 2.080e-22 2.613e-21
1.000e+00 1.992e+23 1.243e+23 9.961e-34 2.103e-22 2.642e-21
1.122e+00 1.597e+23 1.255e+23 1.005e-33 2.122e-22 2.667e-21
1.259e+00 1.278e+23 1.264e+23 1.013e-33 2.138e-22 2.686e-21
1.413e+00 1.020e+23 1.271e+23 1.018e-33 2.150e-22 2.701e-21
1.585e+00 8.134e+22 1.275e+23 1.022e-33 2.157e-22 2.711e-21
1.778e+00 6.470e+22 1.277e+23 1.023e-33 2.160e-22 2.714e-21
1.995e+00 5.135e+22 1.276e+23 1.022e-33 2.158e-22 2.712e-21
2.239e+00 4.066e+22 1.272e+23 1.019e-33 2.151e-22 2.703e-21
2.512e+00 3.211e+22 1.265e+23 1.013e-33 2.139e-22 2.688e-21
2.818e+00 2.530e+22 1.254e+23 1.005e-33 2.122e-22 2.666e-21
3.162e+00 1.988e+22 1.241e+23 9.943e-34 2.099e-22 2.637e-21
3.548e+00 1.558e+22 1.224e+23 9.807e-34 2.070e-22 2.601e-21
3.981e+00 1.217e+22 1.204e+23 9.646e-34 2.036e-22 2.559e-21
4.467e+00 9.478e+21 1.180e+23 9.459e-34 1.997e-22 2.509e-21
5.012e+00 7.359e+21 1.154e+23 9.245e-34 1.952e-22 2.452e-21
5.623e+00 5.695e+21 1.124e+23 9.007e-34 1.901e-22 2.389e-21
6.310e+00 4.392e+21 1.091e+23 8.746e-34 1.846e-22 2.320e-21
7.079e+00 3.375e+21 1.056e+23 8.461e-34 1.786e-22 2.244e-21
7.943e+00 2.585e+21 1.018e+23 8.156e-34 1.722e-22 2.163e-21
8.913e+00 1.971e+21 9.774e+22 7.832e-34 1.653e-22 2.078e-21
1.000e+01 1.498e+21 9.349e+22 7.492e-34 1.581e-22 1.987e-21
1.122e+01 1.133e+21 8.906e+22 7.137e-34 1.506e-22 1.893e-21
1.259e+01 8.541e+20 8.449e+22 6.770e-34 1.429e-22 1.796e-21
1.413e+01 6.408e+20 7.980e+22 6.395e-34 1.350e-22 1.696e-21
1.585e+01 4.786e+20 7.503e+22 6.013e-34 1.269e-22 1.595e-21
1.778e+01 3.558e+20 7.022e+22 5.627e-34 1.188e-22 1.493e-21
1.995e+01 2.632e+20 6.540e+22 5.241e-34 1.106e-22 1.390e-21
2.239e+01 1.938e+20 6.061e+22 4.857e-34 1.025e-22 1.288e-21
2.512e+01 1.419e+20 5.588e+22 4.478e-34 9.453e-23 1.188e-21
2.818e+01 1.034e+20 5.125e+22 4.107e-34 8.668e-23 1.089e-21
3.162e+01 7.487e+19 4.673e+22 3.745e-34 7.904e-23 9.933e-22
3.548e+01 5.391e+19 4.236e+22 3.395e-34 7.165e-23 9.004e-22
3.981e+01 3.858e+19 3.816e+22 3.058e-34 6.456e-23 8.112e-22
4.467e+01 2.743e+19 3.416e+22 2.737e-34 5.778e-23 7.261e-22
5.012e+01 1.937e+19 3.037e+22 2.433e-34 5.137e-23 6.455e-22
5.623e+01 1.358e+19 2.680e+22 2.148e-34 4.533e-23 5.697e-22
6.310e+01 9.445e+18 2.347e+22 1.881e-34 3.970e-23 4.989e-22
7.079e+01 6.518e+18 2.039e+22 1.634e-34 3.449e-23 4.334e-22
7.943e+01 4.460e+18 1.756e+22 1.407e-34 2.971e-23 3.733e-22
8.913e+01 3.026e+18 1.500e+22 1.202e-34 2.537e-23 3.188e-22
1.000e+02 2.035e+18 1.270e+22 1.018e-34 2.148e-23 2.699e-22
1.122e+02 1.357e+18 1.066e+22 8.542e-35 1.803e-23 2.266e-22
1.259e+02 8.969e+17 8.872e+21 7.110e-35 1.501e-23 1.886e-22
1.413e+02 5.880e+17 7.323e+21 5.868e-35 1.239e-23 1.557e-22
1.585e+02 3.822e+17 5.992e+21 4.802e-35 1.014e-23 1.274e-22
1.778e+02 2.461e+17 4.857e+21 3.892e-35 8.215e-24 1.032e-22
1.995e+02 1.567e+17 3.893e+21 3.119e-35 6.585e-24 8.274e-23
2.239e+02 9.846e+16 3.080e+21 2.468e-35 5.210e-24 6.547e-23
2.512e+02 6.098e+16 2.401e+21 1.924e-35 4.062e-24 5.104e-23
2.818e+02 3.717e+16 1.843e+21 1.477e-35 3.117e-24 3.918e-23
3.162e+02 2.229e+16 1.391e+21 1.115e-35 2.353e-24 2.957e-23
3.548e+02 1.312e+16 1.031e+21 8.261e-36 1.744e-24 2.191e-23
3.981e+02 7.569e+15 7.487e+20 6.000e-36 1.267e-24 1.592e-23
4.467e+02 4.301e+15 5.356e+20 4.292e-36 9.060e-25 1.139e-23
5.012e+02 2.514e+15 3.941e+20 3.159e-36 6.667e-25 8.378e-24
5.623e+02 1.556e+15 3.071e+20 2.461e-36 5.194e-25 6.527e-24
6.310e+02 9.470e+14 2.353e+20 1.886e-36 3.980e-25 5.002e-24
7.079e+02 5.663e+14 1.772e+20 1.420e-36 2.997e-25 3.766e-24
7.943e+02 3.322e+14 1.308e+20 1.048e-36 2.213e-25 2.781e-24
8.913e+02 1.909e+14 9.466e+19 7.586e-37 1.601e-25 2.012e-24
1.000e+03 1.073e+14 6.699e+19 5.368e-37 1.133e-25 1.424e-24
1.122e+03 5.890e+13 4.628e+19 3.709e-37 7.828e-26 9.837e-25
1.259e+03 3.149e+13 3.116e+19 2.497e-37 5.270e-26 6.622e-25
1.413e+03 1.638e+13 2.039e+19 1.634e-37 3.450e-26 4.335e-25
1.585e+03 8.260e+12 1.295e+19 1.038e-37 2.190e-26 2.753e-25
1.778e+03 4.031e+12 7.955e+18 6.375e-38 1.346e-26 1.691e-25
1.995e+03 1.897e+12 4.714e+18 3.778e-38 7.974e-27 1.002e-25
2.239e+03 8.585e+11 2.685e+18 2.152e-38 4.543e-27 5.708e-26
2.512e+03 3.720e+11 1.465e+18 1.174e-38 2.478e-27 3.114e-26
2.818e+03 1.536e+11 7.617e+17 6.104e-39 1.288e-27 1.619e-26
3.162e+03 6.014e+10 3.753e+17 3.008e-39 6.349e-28 7.978e-27
3.548e+03 2.214e+10 1.740e+17 1.394e-39 2.943e-28 3.698e-27
3.981e+03 7.590e+09 7.508e+16 6.017e-40 1.270e-28 1.596e-27
4.467e+03 2.386e+09 2.972e+16 2.381e-40 5.026e-29 6.316e-28
5.012e+03 6.717e+08 1.053e+16 8.439e-41 1.781e-29 2.239e-28
5.623e+03 1.626e+08 3.210e+15 2.572e-41 5.429e-30 6.823e-29
6.310e+03 3.145e+07 7.814e+14 6.262e-42 1.322e-30 1.661e-29
7.079e+03 4.176e+06 1.306e+14 1.047e-42 2.210e-31 2.777e-30
7.943e+03 2.583e+05 1.017e+13 8.151e-44 1.721e-32 2.162e-31
8.913e+03 8.312e+02 4.121e+10 3.303e-46 6.971e-35 8.760e-34
1.000e+04 0.000e+00 0.000e+00 0.000e+00 0.000e+00 0.000e+00
1.122e+04 0.000e+00 0.000e+00 0.000e+00 0.000e+00 0.000e+00
1.259e+04 0.000e+00 0.000e+00 0.000e+00 0.000e+00 0.000e+00
1.413e+04 0.000e+00 0.000e+00 0.000e+00 0.000e+00 0.000e+00
1.585e+04 0.000e+00 0.000e+00 0.000e+00 0.000e+00 0.000e+00
1.778e+04 0.000e+00 0.000e+00 0.000e+00 0.000e+00 0.000e+00
1.995e+04 0.000e+00 0.000e+00 0.000e+00 0.000e+00 0.000e+00
2.239e+04 0.000e+00 0.000e+00 0.000e+00 0.000e+00 0.000e+00
2.512e+04 0.000e+00 0.000e+00 0.000e+00 0.000e+00 0.000e+00
2.818e+04 0.000e+00 0.000e+00 0.000e+00 0.000e+00 0.000e+00
3.162e+04 0.000e+00 0.000e+00 0.000e+00 0.000e+00 0.000e+00
3.548e+04 0.000e+00 0.000e+00 0.000e+00 0.000e+00 0.000e+00
3.981e+04 0.000e+00 0.000e+00 0.000e+00 0.000e+00 0.000e+00
4.467e+04 0.000e+00 0.000e+00 0.000e+00 0.000e+00 0.000e+00
5.012e+04 0.000e+00 0.000e+00 0.000e+00 0.000e+00 0.000e+00
5.623e+04 0.000e+00 0.000e+00 0.000e+00 0.000e+00 0.000e+00
6.310e+04 0.000e+00 0.000e+00 0.000e+00 0.000e+00 0.000e+00
7.079e+04 0.000e+00 0.000e+00 0.000e+00 0.000e+00 0.000e+00
7.943e+04 0.000e+00 0.000e+00 0.000e+00 0.000e+00 0.000e+00
8.913e+04 0.000e+00 0.000e+00 0.000e+00 0.000e+00 0.000e+00
1.000e+05 0.000e+00 0.000e+00 0.000e+00 0.000e+00 0.000e+00
1.122e+05 0.000e+00 0.000e+00 0.000e+00 0.000e+00 0.000e+00
1.259e+05 0.000e+00 0.000e+00 0.000e+00 0.000e+00 0.000e+00
1.413e+05 0.000e+00 0.000e+00 0.000e+00 0.000e+00 0.000e+00
1.585e+05 0.000e+00 0.000e+00 0.000e+00 0.000e+00 0.000e+00
1.778e+05 0.000e+00 0.000e+00 0.000e+00 0.000e+00 0.000e+00
1.995e+05 0.000e+00 0.000e+00 0.000e+00 0.000e+00 0.000e+00
2.239e+05 0.000e+00 0.000e+00 0.000e+00 0.000e+00 0.000e+00
2.512e+05 0.000e+00 0.000e+00 0.000e+00 0.000e+00 0.000e+00
2.818e+05 0.000e+00 0.000e+00 0.000e+00 0.000e+00 0.000e+00
3.162e+05 0.000e+00 0.000e+00 0.000e+00 0.000e+00 0.000e+00
3.548e+05 0.000e+00 0.000e+00 0.000e+00 0.000e+00 0.000e+00
3.981e+05 0.000e+00 0.000e+00 0.000e+00 0.000e+00 0.000e+00
4.467e+05 0.000e+00 0.000e+00 0.000e+00 0.000e+00 0.000e+00
5.012e+05 0.000e+00 0.000e+00 0.000e+00 0.000e+00 0.000e+00
5.623e+05 0.000e+00 0.000e+00 0.000e+00 0.000e+00 0.000e+00
6.310e+05 0.000e+00 0.000e+00 0.000e+00 0.000e+00 0.000e+00
7.079e+05 0.000e+00 0.000e+00 0.000e+00 0.000e+00 0.000e+00
7.943e+05 0.000e+00 0.000e+00 0.000e+00 0.000e+00 0.000e+00
8.913e+05 0.000e+00 0.000e+00 0.000e+00 0.000e+00 0.000e+00
1.000e+06 0.000e+00 0.000e+00 0.000e+00 0.000e+00 0.000e+00
1.122e+06 0.000e+00 0.000e+00 0.000e+00 0.000e+00 0.000e+00
1.259e+06 0.000e+00 0.000e+00 0.000e+00 0.000e+00 0.000e+00
1.413e+06 0.000e+00 0.000e+00 0.000e+00 0.000e+00 0.000e+00
1.585e+06 0.000e+00 0.000e+00 0.000e+00 0.000e+00 0.000e+00
1.778e+06 0.000e+00 0.000e+00 0.000e+00 0.000e+00 0.000e+00
1.995e+06 0.000e+00 0.000e+00 0.000e+00 0.000e+00 0.000e+00
2.239e+06 0.000e+00 0.000e+00 0.000e+00 0.000e+00 0.000e+00
2.512e+06 0.000e+00 0.000e+00 0.000e+00 0.000e+00 0.000e+00
2.818e+06 0.000e+00 0.000e+00 0.000e+00 0.000e+00 0.000e+00
3.162e+06 0.000e+00 0.000e+00 0.000e+00 0.000e+00 0.000e+00
3.548e+06 0.000e+00 0.000e+00 0.000e+00 0.000e+00 0.000e+00
3.981e+06 0.000e+00 0.000e+00 0.000e+00 0.000e+00 0.000e+00
4.467e+06 0.000e+00 0.000e+00 0.000e+00 0.000e+00 0.000e+00
5.012e+06 0.000e+00 0.000e+00 0.000e+00 0.000e+00 0.000e+00
5.623e+06 0.000e+00 0.000e+00 0.000e+00 0.000e+00 0.000e+00
6.310e+06 0.000e+00 0.000e+00 0.000e+00 0.000e+00 0.000e+00
7.079e+06 0.000e+00 0.000e+00 0.000e+00 0.000e+00 0.000e+00
7.943e+06 0.000e+00 0.000e+00 0.000e+00 0.000e+00 0.000e+00
8.913e+06 0.000e+00 0.000e+00 0.000e+00 0.000e+00 0.000e+00
1.000e+07 0.000e+00 0.000e+00 0.000e+00 0.000e+00 0.000e+00
1.122e+07 0.000e+00 0.000e+00 0.000e+00 0.000e+00 0.000e+00
1.259e+07 0.000e+00 0.000e+00 0.000e+00 0.000e+00 0.000e+00
1.413e+07 0.000e+00 0.000e+00 0.000e+00 0.000e+00 0.000e+00
1.585e+07 0.000e+00 0.000e+00 0.000e+00 0.000e+00 0.000e+00
1.778e+07 0.000e+00 0.000e+00 0.000e+00 0.000e+00 0.000e+00
1.995e+07 0.000e+00 0.000e+00 0.000e+00 0.000e+00 0.000e+00
2.239e+07 0.000e+00 0.000e+00 0.000e+00 0.000e+00 0.000e+00
2.512e+07 0.000e+00 0.000e+00 0.000e+00 0.000e+00 0.000e+00
2.818e+07 0.000e+00 0.000e+00 0.000e+00 0.000e+00 0.000e+00
3.162e+07 0.000e+00 0.000e+00 0.000e+00 0.000e+00 0.000e+00
3.548e+07 0.000e+00 0.000e+00 0.000e+00 0.000e+00 0.000e+00
3.981e+07 0.000e+00 0.000e+00 0.000e+00 0.000e+00 0.000e+00
4.467e+07 0.000e+00 0.000e+00 0.000e+00 0.000e+00 0.000e+00
5.012e+07 0.000e+00 0.000e+00 0.000e+00 0.000e+00 0.000e+00
5.623e+07 0.000e+00 0.000e+00 0.000e+00 0.000e+00 0.000e+00
6.310e+07 0.000e+00 0.000e+00 0.000e+00 0.000e+00 0.000e+00
7.079e+07 0.000e+00 0.000e+00 0.000e+00 0.000e+00 0.000e+00
7.943e+07 0.000e+00 0.000e+00 0.000e+00 0.000e+00 0.000e+00
8.913e+07 0.000e+00 0.000e+00 0.000e+00 0.000e+00 0.000e+00
1.000e+08 0.000e+00 0.000e+00 0.000e+00 0.000e+00 0.000e+00
