1.000e-20 0.000e+00 0.000e+00 0.000e+00 0.000e+00 0.000e+00
1.122e-20 0.000e+00 0.000e+00 0.000e+00 0.000e+00 0.000e+00
1.259e-20 0.000e+00 0.000e+00 0.000e+00 0.000e+00 0.000e+00
1.413e-20 0.000e+00 0.000e+00 0.000e+00 0.000e+00 0.000e+00
1.585e-20 0.000e+00 0.000e+00 0.000e+00 0.000e+00 0.000e+00
1.778e-20 0.000e+00 0.000e+00 0.000e+00 0.000e+00 0.000e+00
1.995e-20 0.000e+00 0.000e+00 0.000e+00 0.000e+00 0.000e+00
2.239e-20 0.000e+00 0.000e+00 0.000e+00 0.000e+00 0.000e+00
2.512e-20 0.000e+00 0.000e+00 0.000e+00 0.000e+00 0.000e+00
2.818e-20 0.000e+00 0.000e+00 0.000e+00 0.000e+00 0.000e+00
3.162e-20 0.000e+00 0.000e+00 0.000e+00 0.000e+00 0.000e+00
3.548e-20 0.000e+00 0.000e+00 0.000e+00 0.000e+00 0.000e+00
3.981e-20 0.000e+00 0.000e+00 0.000e+00 0.000e+00 0.000e+00
4.467e-20 0.000e+00 0.000e+00 0.000e+00 0.000e+00 0.000e+00
5.012e-20 0.000e+00 0.000e+00 0.000e+00 0.000e+00 0.000e+00
5.623e-20 0.000e+00 0.000e+00 0.000e+00 0.000e+00 0.000e+00
6.310e-20 0.000e+00 0.000e+00 0.000e+00 0.000e+00 0.000e+00
7.079e-20 0.000e+00 0.000e+00 0.000e+00 0.000e+00 0.000e+00
7.943e-20 0.000e+00 0.000e+00 0.000e+00 0.000e+00 0.000e+00
8.913e-20 0.000e+00 0.000e+00 0.000e+00 0.000e+00 0.000e+00
1.000e-19 0.000e+00 0.000e+00 0.000e+00 0.000e+00 0.000e+00
1.122e-19 0.000e+00 0.000e+00 0.000e+00 0.000e+00 0.000e+00
1.259e-19 0.000e+00 0.000e+00 0.000e+00 0.000e+00 0.000e+00
1.413e-19 0.000e+00 0.000e+00 0.000e+00 0.000e+00 0.000e+00
1.585e-19 0.000e+00 0.000e+00 0.000e+00 0.000e+00 0.000e+00
1.778e-19 0.000e+00 0.000e+00 0.000e+00 0.000e+00 0.000e+00
1.995e-19 0.000e+00 0.000e+00 0.000e+00 0.000e+00 0.000e+00
2.239e-19 0.000e+00 0.000e+00 0.000e+00 0.000e+00 0.000e+00
2.512e-19 0.000e+00 0.000e+00 0.000e+00 0.000e+00 0.000e+00
2.818e-19 0.000e+00 0.000e+00 0.000e+00 0.000e+00 0.000e+00
3.162e-19 0.000e+00 0.000e+00 0.000e+00 0.000e+00 0.000e+00
3.548e-19 0.000e+00 0.000e+00 0.000e+00 0.000e+00 0.000e+00
3.981e-19 0.000e+00 0.000e+00 0.000e+00 0.000e+00 0.000e+00
4.467e-19 0.000e+00 0.000e+00 0.000e+00 0.000e+00 0.000e+00
5.012e-19 0.000e+00 0.000e+00 0.000e+00 0.000e+00 0.000e+00
5.623e-19 0.000e+00 0.000e+00 0.000e+00 0.000e+00 0.000e+00
6.310e-19 0.000e+00 0.000e+00 0.000e+00 0.000e+00 0.000e+00
7.079e-19 0.000e+00 0.000e+00 0.000e+00 0.000e+00 0.000e+00
7.943e-19 0.000e+00 0.000e+00 0.000e+00 0.000e+00 0.000e+00
8.913e-19 0.000e+00 0.000e+00 0.000e+00 0.000e+00 0.000e+00
1.000e-18 0.000e+00 0.000e+00 0.000e+00 0.000e+00 0.000e+00
1.122e-18 0.000e+00 0.000e+00 0.000e+00 0.000e+00 0.000e+00
1.259e-18 0.000e+00 0.000e+00 0.000e+00 0.000e+00 0.000e+00
1.413e-18 0.000e+00 0.000e+00 0.000e+00 0.000e+00 0.000e+00
1.585e-18 0.000e+00 0.000e+00 0.000e+00 0.000e+00 0.000e+00
1.778e-18 0.000e+00 0.000e+00 0.000e+00 0.000e+00 0.000e+00
1.995e-18 0.000e+00 0.000e+00 0.000e+00 0.000e+00 0.000e+00
2.239e-18 0.000e+00 0.000e+00 0.000e+00 0.000e+00 0.000e+00
2.512e-18 0.000e+00 0.000e+00 0.000e+00 0.000e+00 0.000e+00
2.818e-18 0.000e+00 0.000e+00 0.000e+00 0.000e+00 0.000e+00
3.162e-18 0.000e+00 0.000e+00 0.000e+00 0.000e+00 0.000e+00
3.548e-18 0.000e+00 0.000e+00 0.000e+00 0.000e+00 0.000e+00
3.981e-18 0.000e+00 0.000e+00 0.000e+00 0.000e+00 0.000e+00
4.467e-18 0.000e+00 0.000e+00 0.000e+00 0.000e+00 0.000e+00
5.012e-18 0.000e+00 0.000e+00 0.000e+00 0.000e+00 0.000e+00
5.623e-18 0.000e+00 0.000e+00 0.000e+00 0.000e+00 0.000e+00
6.310e-18 0.000e+00 0.000e+00 0.000e+00 0.000e+00 0.000e+00
7.079e-18 0.000e+00 0.000e+00 0.000e+00 0.000e+00 0.000e+00
7.943e-18 0.000e+00 0.000e+00 0.000e+00 0.000e+00 0.000e+00
8.913e-18 0.000e+00 0.000e+00 0.000e+00 0.000e+00 0.000e+00
1.000e-17 0.000e+00 0.000e+00 0.000e+00 0.000e+00 0.000e+00
1.122e-17 0.000e+00 0.000e+00 0.000e+00 0.000e+00 0.000e+00
1.259e-17 0.000e+00 0.000e+00 0.000e+00 0.000e+00 0.000e+00
1.413e-17 0.000e+00 0.000e+00 0.000e+00 0.000e+00 0.000e+00
1.585e-17 0.000e+00 0.000e+00 0.000e+00 0.000e+00 0.000e+00
1.778e-17 0.000e+00 0.000e+00 0.000e+00 0.000e+00 0.000e+00
1.995e-17 0.000e+00 0.000e+00 0.000e+00 0.000e+00 0.000e+00
2.239e-17 0.000e+00 0.000e+00 0.000e+00 0.000e+00 0.000e+00
2.512e-17 0.000e+00 0.000e+00 0.000e+00 0.000e+00 0.000e+00
2.818e-17 0.000e+00 0.000e+00 0.000e+00 0.000e+00 0.000e+00
3.162e-17 0.000e+00 0.000e+00 0.000e+00 0.000e+00 0.000e+00
3.548e-17 0.000e+00 0.000e+00 0.000e+00 0.000e+00 0.000e+00
3.981e-17 0.000e+00 0.000e+00 0.000e+00 0.000e+00 0.000e+00
4.467e-17 0.000e+00 0.000e+00 0.000e+00 0.000e+00 0.000e+00
5.012e-17 0.000e+00 0.000e+00 0.000e+00 0.000e+00 0.000e+00
5.623e-17 0.000e+00 0.000e+00 0.000e+00 0.000e+00 0.000e+00
6.310e-17 0.000e+00 0.000e+00 0.000e+00 0.000e+00 0.000e+00
7.079e-17 0.000e+00 0.000e+00 0.000e+00 0.000e+00 0.000e+00
7.943e-17 0.000e+00 0.000e+00 0.000e+00 0.000e+00 0.000e+00
8.913e-17 0.000e+00 0.000e+00 0.000e+00 0.000e+00 0.000e+00
1.000e-16 0.000e+00 0.000e+00 0.000e+00 0.000e+00 0.000e+00
1.122e-16 0.000e+00 0.000e+00 0.000e+00 0.000e+00 0.000e+00
1.259e-16 0.000e+00 0.000e+00 0.000e+00 0.000e+00 0.000e+00
1.413e-16 0.000e+00 0.000e+00 0.000e+00 0.000e+00 0.000e+00
1.585e-16 0.000e+00 0.000e+00 0.000e+00 0.000e+00 0.000e+00
1.778e-16 0.000e+00 0.000e+00 0.000e+00 0.000e+00 0.000e+00
1.995e-16 0.000e+00 0.000e+00 0.000e+00 0.000e+00 0.000e+00
2.239e-16 0.000e+00 0.000e+00 0.000e+00 0.000e+00 0.000e+00
2.512e-16 0.000e+00 0.000e+00 0.000e+00 0.000e+00 0.000e+00
2.818e-16 0.000e+00 0.000e+00 0.000e+00 0.000e+00 0.000e+00
3.162e-16 0.000e+00 0.000e+00 0.000e+00 0.000e+00 0.000e+00
3.548e-16 0.000e+00 0.000e+00 0.000e+00 0.000e+00 0.000e+00
3.981e-16 0.000e+00 0.000e+00 0.000e+00 0.000e+00 0.000e+00
4.467e-16 0.000e+00 0.000e+00 0.000e+00 0.000e+00 0.000e+00
5.012e-16 0.000e+00 0.000e+00 0.000e+00 0.000e+00 0.000e+00
5.623e-16 0.000e+00 0.000e+00 0.000e+00 0.000e+00 0.000e+00
6.310e-16 0.000e+00 0.000e+00 0.000e+00 0.000e+00 0.000e+00
7.079e-16 0.000e+00 0.000e+00 0.000e+00 0.000e+00 0.000e+00
7.943e-16 0.000e+00 0.000e+00 0.000e+00 0.000e+00 0.000e+00
8.913e-16 0.000e+00 0.000e+00 0.000e+00 0.000e+00 0.000e+00
1.000e-15 0.000e+00 0.000e+00 0.000e+00 0.000e+00 0.000e+00
1.122e-15 0.000e+00 0.000e+00 0.000e+00 0.000e+00 0.000e+00
1.259e-15 0.000e+00 0.000e+00 0.000e+00 0.000e+00 0.000e+00
1.413e-15 0.000e+00 0.000e+00 0.000e+00 0.000e+00 0.000e+00
1.585e-15 0.000e+00 0.000e+00 0.000e+00 0.000e+00 0.000e+00
1.778e-15 0.000e+00 0.000e+00 0.000e+00 0.000e+00 0.000e+00
1.995e-15 0.000e+00 0.000e+00 0.000e+00 0.000e+00 0.000e+00
2.239e-15 0.000e+00 0.000e+00 0.000e+00 0.000e+00 0.000e+00
2.512e-15 0.000e+00 0.000e+00 0.000e+00 0.000e+00 0.000e+00
2.818e-15 0.000e+00 0.000e+00 0.000e+00 0.000e+00 0.000e+00
3.162e-15 0.000e+00 0.000e+00 0.000e+00 0.000e+00 0.000e+00
3.548e-15 0.000e+00 0.000e+00 0.000e+00 0.000e+00 0.000e+00
3.981e-15 0.000e+00 0.000e+00 0.000e+00 0.000e+00 0.000e+00
4.467e-15 0.000e+00 0.000e+00 0.000e+00 0.000e+00 0.000e+00
5.012e-15 0.000e+00 0.000e+00 0.000e+00 0.000e+00 0.000e+00
5.623e-15 0.000e+00 0.000e+00 0.000e+00 0.000e+00 0.000e+00
6.310e-15 0.000e+00 0.000e+00 0.000e+00 0.000e+00 0.000e+00
7.079e-15 0.000e+00 0.000e+00 0.000e+00 0.000e+00 0.000e+00
7.943e-15 0.000e+00 0.000e+00 0.000e+00 0.000e+00 0.000e+00
8.913e-15 0.000e+00 0.000e+00 0.000e+00 0.000e+00 0.000e+00
1.000e-14 0.000e+00 0.000e+00 0.000e+00 0.000e+00 0.000e+00
1.122e-14 0.000e+00 0.000e+00 0.000e+00 0.000e+00 0.000e+00
1.259e-14 0.000e+00 0.000e+00 0.000e+00 0.000e+00 0.000e+00
1.413e-14 0.000e+00 0.000e+00 0.000e+00 0.000e+00 0.000e+00
1.585e-14 0.000e+00 0.000e+00 0.000e+00 0.000e+00 0.000e+00
1.778e-14 0.000e+00 0.000e+00 0.000e+00 0.000e+00 0.000e+00
1.995e-14 0.000e+00 0.000e+00 0.000e+00 0.000e+00 0.000e+00
2.239e-14 0.000e+00 0.000e+00 0.000e+00 0.000e+00 0.000e+00
2.512e-14 0.000e+00 0.000e+00 0.000e+00 0.000e+00 0.000e+00
2.818e-14 0.000e+00 0.000e+00 0.000e+00 0.000e+00 0.000e+00
3.162e-14 0.000e+00 0.000e+00 0.000e+00 0.000e+00 0.000e+00
3.548e-14 0.000e+00 0.000e+00 0.000e+00 0.000e+00 0.000e+00
3.981e-14 0.000e+00 0.000e+00 0.000e+00 0.000e+00 0.000e+00
4.467e-14 0.000e+00 0.000e+00 0.000e+00 0.000e+00 0.000e+00
5.012e-14 0.000e+00 0.000e+00 0.000e+00 0.000e+00 0.000e+00
5.623e-14 0.000e+00 0.000e+00 0.000e+00 0.000e+00 0.000e+00
6.310e-14 0.000e+00 0.000e+00 0.000e+00 0.000e+00 0.000e+00
7.079e-14 0.000e+00 0.000e+00 0.000e+00 0.000e+00 0.000e+00
7.943e-14 0.000e+00 0.000e+00 0.000e+00 0.000e+00 0.000e+00
8.913e-14 0.000e+00 0.000e+00 0.000e+00 0.000e+00 0.000e+00
1.000e-13 0.000e+00 0.000e+00 0.000e+00 0.000e+00 0.000e+00
1.122e-13 0.000e+00 0.000e+00 0.000e+00 0.000e+00 0.000e+00
1.259e-13 0.000e+00 0.000e+00 0.000e+00 0.000e+00 0.000e+00
1.413e-13 0.000e+00 0.000e+00 0.000e+00 0.000e+00 0.000e+00
1.585e-13 0.000e+00 0.000e+00 0.000e+00 0.000e+00 0.000e+00
1.778e-13 0.000e+00 0.000e+00 0.000e+00 0.000e+00 0.000e+00
1.995e-13 0.000e+00 0.000e+00 0.000e+00 0.000e+00 0.000e+00
2.239e-13 0.000e+00 0.000e+00 0.000e+00 0.000e+00 0.000e+00
2.512e-13 0.000e+00 0.000e+00 0.000e+00 0.000e+00 0.000e+00
2.818e-13 0.000e+00 0.000e+00 0.000e+00 0.000e+00 0.000e+00
3.162e-13 0.000e+00 0.000e+00 0.000e+00 0.000e+00 0.000e+00
3.548e-13 0.000e+00 0.000e+00 0.000e+00 0.000e+00 0.000e+00
3.981e-13 0.000e+00 0.000e+00 0.000e+00 0.000e+00 0.000e+00
4.467e-13 0.000e+00 0.000e+00 0.000e+00 0.000e+00 0.000e+00
5.012e-13 0.000e+00 0.000e+00 0.000e+00 0.000e+00 0.000e+00
5.623e-13 0.000e+00 0.000e+00 0.000e+00 0.000e+00 0.000e+00
6.310e-13 0.000e+00 0.000e+00 0.000e+00 0.000e+00 0.000e+00
7.079e-13 0.000e+00 0.000e+00 0.000e+00 0.000e+00 0.000e+00
7.943e-13 0.000e+00 0.000e+00 0.000e+00 0.000e+00 0.000e+00
8.913e-13 0.000e+00 0.000e+00 0.000e+00 0.000e+00 0.000e+00
1.000e-12 0.000e+00 0.000e+00 0.000e+00 0.000e+00 0.000e+00
1.122e-12 3.001e+40 2.358e+16 1.890e-40 7.978e-29 5.013e-28
1.259e-12 2.525e+40 2.498e+16 2.002e-40 8.451e-29 5.310e-28
1.413e-12 2.125e+40 2.646e+16 2.120e-40 8.951e-29 5.624e-28
1.585e-12 1.788e+40 2.803e+16 2.246e-40 9.482e-29 5.958e-28
1.778e-12 1.504e+40 2.969e+16 2.379e-40 1.004e-28 6.311e-28
1.995e-12 1.266e+40 3.145e+16 2.520e-40 1.064e-28 6.685e-28
2.239e-12 1.065e+40 3.331e+16 2.669e-40 1.127e-28 7.081e-28
2.512e-12 8.960e+39 3.528e+16 2.828e-40 1.194e-28 7.500e-28
2.818e-12 7.539e+39 3.738e+16 2.995e-40 1.264e-28 7.945e-28
3.162e-12 6.343e+39 3.959e+16 3.173e-40 1.339e-28 8.415e-28
3.548e-12 5.337e+39 4.194e+16 3.361e-40 1.419e-28 8.914e-28
3.981e-12 4.490e+39 4.442e+16 3.560e-40 1.503e-28 9.442e-28
4.467e-12 3.778e+39 4.705e+16 3.771e-40 1.592e-28 1.000e-27
5.012e-12 3.179e+39 4.984e+16 3.994e-40 1.686e-28 1.059e-27
5.623e-12 2.675e+39 5.279e+16 4.231e-40 1.786e-28 1.122e-27
6.310e-12 2.251e+39 5.592e+16 4.481e-40 1.892e-28 1.189e-27
7.079e-12 1.894e+39 5.924e+16 4.747e-40 2.004e-28 1.259e-27
7.943e-12 1.593e+39 6.275e+16 5.028e-40 2.123e-28 1.334e-27
8.913e-12 1.341e+39 6.646e+16 5.326e-40 2.248e-28 1.413e-27
1.000e-11 1.128e+39 7.040e+16 5.642e-40 2.382e-28 1.496e-27
1.122e-11 9.491e+38 7.457e+16 5.976e-40 2.523e-28 1.585e-27
1.259e-11 7.985e+38 7.899e+16 6.330e-40 2.672e-28 1.679e-27
1.413e-11 6.719e+38 8.367e+16 6.705e-40 2.831e-28 1.779e-27
1.585e-11 5.653e+38 8.863e+16 7.102e-40 2.998e-28 1.884e-27
1.778e-11 4.757e+38 9.388e+16 7.523e-40 3.176e-28 1.996e-27
1.995e-11 4.002e+38 9.945e+16 7.969e-40 3.364e-28 2.114e-27
2.239e-11 3.367e+38 1.053e+17 8.441e-40 3.564e-28 2.239e-27
2.512e-11 2.833e+38 1.116e+17 8.941e-40 3.775e-28 2.372e-27
2.818e-11 2.384e+38 1.182e+17 9.471e-40 3.998e-28 2.512e-27
3.162e-11 2.006e+38 1.252e+17 1.003e-39 4.235e-28 2.661e-27
3.548e-11 1.688e+38 1.326e+17 1.063e-39 4.486e-28 2.819e-27
3.981e-11 1.420e+38 1.405e+17 1.126e-39 4.752e-28 2.986e-27
4.467e-11 1.195e+38 1.488e+17 1.192e-39 5.034e-28 3.163e-27
5.012e-11 1.005e+38 1.576e+17 1.263e-39 5.332e-28 3.350e-27
5.623e-11 8.458e+37 1.669e+17 1.338e-39 5.648e-28 3.549e-27
6.310e-11 7.117e+37 1.768e+17 1.417e-39 5.983e-28 3.759e-27
7.079e-11 5.988e+37 1.873e+17 1.501e-39 6.337e-28 3.982e-27
7.943e-11 5.038e+37 1.984e+17 1.590e-39 6.713e-28 4.218e-27
8.913e-11 4.239e+37 2.102e+17 1.684e-39 7.110e-28 4.468e-27
1.000e-10 3.567e+37 2.226e+17 1.784e-39 7.532e-28 4.732e-27
1.122e-10 3.001e+37 2.358e+17 1.890e-39 7.978e-28 5.013e-27
1.259e-10 2.525e+37 2.498e+17 2.002e-39 8.451e-28 5.310e-27
1.413e-10 2.125e+37 2.646e+17 2.120e-39 8.951e-28 5.624e-27
1.585e-10 1.788e+37 2.803e+17 2.246e-39 9.482e-28 5.958e-27
1.778e-10 1.504e+37 2.969e+17 2.379e-39 1.004e-27 6.311e-27
1.995e-10 1.266e+37 3.145e+17 2.520e-39 1.064e-27 6.685e-27
2.239e-10 1.065e+37 3.331e+17 2.669e-39 1.127e-27 7.081e-27
2.512e-10 8.960e+36 3.528e+17 2.828e-39 1.194e-27 7.500e-27
2.818e-10 7.539e+36 3.738e+17 2.995e-39 1.264e-27 7.945e-27
3.162e-10 6.343e+36 3.959e+17 3.173e-39 1.339e-27 8.415e-27
3.548e-10 5.337e+36 4.194e+17 3.361e-39 1.419e-27 8.914e-27
3.981e-10 4.490e+36 4.442e+17 3.560e-39 1.503e-27 9.442e-27
4.467e-10 3.778e+36 4.705e+17 3.771e-39 1.592e-27 1.000e-26
5.012e-10 3.179e+36 4.984e+17 3.994e-39 1.686e-27 1.059e-26
5.623e-10 2.675e+36 5.279e+17 4.231e-39 1.786e-27 1.122e-26
6.310e-10 2.251e+36 5.592e+17 4.481e-39 1.892e-27 1.189e-26
7.079e-10 1.894e+36 5.924e+17 4.747e-39 2.004e-27 1.259e-26
7.943e-10 1.593e+36 6.275e+17 5.028e-39 2.123e-27 1.334e-26
8.913e-10 1.341e+36 6.646e+17 5.326e-39 2.248e-27 1.413e-26
1.000e-09 1.128e+36 7.040e+17 5.642e-39 2.382e-27 1.496e-26
1.122e-09 9.491e+35 7.457e+17 5.976e-39 2.523e-27 1.585e-26
1.259e-09 7.985e+35 7.899e+17 6.330e-39 2.672e-27 1.679e-26
1.413e-09 6.719e+35 8.367e+17 6.705e-39 2.831e-27 1.779e-26
1.585e-09 5.653e+35 8.863e+17 7.102e-39 2.998e-27 1.884e-26
1.778e-09 4.757e+35 9.388e+17 7.523e-39 3.176e-27 1.996e-26
1.995e-09 4.002e+35 9.944e+17 7.969e-39 3.364e-27 2.114e-26
2.239e-09 3.367e+35 1.053e+18 8.441e-39 3.564e-27 2.239e-26
2.512e-09 2.833e+35 1.116e+18 8.941e-39 3.775e-27 2.372e-26
2.818e-09 2.384e+35 1.182e+18 9.471e-39 3.998e-27 2.512e-26
3.162e-09 2.006e+35 1.252e+18 1.003e-38 4.235e-27 2.661e-26
3.548e-09 1.688e+35 1.326e+18 1.063e-38 4.486e-27 2.819e-26
3.981e-09 1.420e+35 1.405e+18 1.126e-38 4.752e-27 2.986e-26
4.467e-09 1.195e+35 1.488e+18 1.192e-38 5.034e-27 3.163e-26
5.012e-09 1.005e+35 1.576e+18 1.263e-38 5.332e-27 3.350e-26
5.623e-09 8.458e+34 1.669e+18 1.338e-38 5.648e-27 3.549e-26
6.310e-09 7.117e+34 1.768e+18 1.417e-38 5.982e-27 3.759e-26
7.079e-09 5.988e+34 1.873e+18 1.501e-38 6.337e-27 3.982e-26
7.943e-09 5.038e+34 1.984e+18 1.590e-38 6.712e-27 4.218e-26
8.913e-09 4.239e+34 2.102e+18 1.684e-38 7.110e-27 4.467e-26
1.000e-08 3.567e+34 2.226e+18 1.784e-38 7.531e-27 4.732e-26
1.122e-08 3.001e+34 2.358e+18 1.890e-38 7.978e-27 5.013e-26
1.259e-08 2.525e+34 2.498e+18 2.002e-38 8.450e-27 5.310e-26
1.413e-08 2.125e+34 2.646e+18 2.120e-38 8.951e-27 5.624e-26
1.585e-08 1.788e+34 2.803e+18 2.246e-38 9.481e-27 5.957e-26
1.778e-08 1.504e+34 2.969e+18 2.379e-38 1.004e-26 6.310e-26
1.995e-08 1.266e+34 3.145e+18 2.520e-38 1.064e-26 6.684e-26
2.239e-08 1.065e+34 3.331e+18 2.669e-38 1.127e-26 7.080e-26
2.512e-08 8.959e+33 3.528e+18 2.827e-38 1.194e-26 7.500e-26
2.818e-08 7.538e+33 3.737e+18 2.995e-38 1.264e-26 7.944e-26
3.162e-08 6.343e+33 3.959e+18 3.172e-38 1.339e-26 8.415e-26
3.548e-08 5.337e+33 4.193e+18 3.360e-38 1.419e-26 8.913e-26
3.981e-08 4.490e+33 4.442e+18 3.559e-38 1.503e-26 9.442e-26
4.467e-08 3.778e+33 4.705e+18 3.770e-38 1.592e-26 1.000e-25
5.012e-08 3.179e+33 4.984e+18 3.994e-38 1.686e-26 1.059e-25
5.623e-08 2.675e+33 5.279e+18 4.230e-38 1.786e-26 1.122e-25
6.310e-08 2.250e+33 5.592e+18 4.481e-38 1.892e-26 1.189e-25
7.079e-08 1.893e+33 5.923e+18 4.746e-38 2.004e-26 1.259e-25
7.943e-08 1.593e+33 6.274e+18 5.028e-38 2.123e-26 1.334e-25
8.913e-08 1.340e+33 6.646e+18 5.326e-38 2.248e-26 1.413e-25
1.000e-07 1.128e+33 7.039e+18 5.641e-38 2.381e-26 1.496e-25
1.122e-07 9.490e+32 7.457e+18 5.975e-38 2.523e-26 1.585e-25
1.259e-07 7.984e+32 7.898e+18 6.329e-38 2.672e-26 1.679e-25
1.413e-07 6.718e+32 8.366e+18 6.704e-38 2.830e-26 1.778e-25
1.585e-07 5.652e+32 8.862e+18 7.102e-38 2.998e-26 1.884e-25
1.778e-07 4.756e+32 9.387e+18 7.522e-38 3.176e-26 1.995e-25
1.995e-07 4.002e+32 9.943e+18 7.968e-38 3.364e-26 2.114e-25
2.239e-07 3.367e+32 1.053e+19 8.440e-38 3.563e-26 2.239e-25
2.512e-07 2.833e+32 1.116e+19 8.940e-38 3.774e-26 2.371e-25
2.818e-07 2.384e+32 1.182e+19 9.470e-38 3.998e-26 2.512e-25
3.162e-07 2.005e+32 1.252e+19 1.003e-37 4.235e-26 2.661e-25
3.548e-07 1.687e+32 1.326e+19 1.062e-37 4.485e-26 2.818e-25
3.981e-07 1.420e+32 1.404e+19 1.125e-37 4.751e-26 2.985e-25
4.467e-07 1.195e+32 1.488e+19 1.192e-37 5.033e-26 3.162e-25
5.012e-07 1.005e+32 1.576e+19 1.263e-37 5.331e-26 3.349e-25
5.623e-07 8.456e+31 1.669e+19 1.338e-37 5.647e-26 3.548e-25
6.310e-07 7.115e+31 1.768e+19 1.417e-37 5.981e-26 3.758e-25
7.079e-07 5.986e+31 1.873e+19 1.501e-37 6.335e-26 3.981e-25
7.943e-07 5.037e+31 1.984e+19 1.590e-37 6.711e-26 4.216e-25
8.913e-07 4.238e+31 2.101e+19 1.684e-37 7.108e-26 4.466e-25
1.000e-06 3.566e+31 2.226e+19 1.783e-37 7.529e-26 4.731e-25
1.122e-06 3.000e+31 2.357e+19 1.889e-37 7.975e-26 5.011e-25
1.259e-06 2.524e+31 2.497e+19 2.001e-37 8.447e-26 5.308e-25
1.413e-06 2.124e+31 2.645e+19 2.120e-37 8.948e-26 5.622e-25
1.585e-06 1.787e+31 2.802e+19 2.245e-37 9.478e-26 5.955e-25
1.778e-06 1.503e+31 2.967e+19 2.378e-37 1.004e-25 6.308e-25
1.995e-06 1.265e+31 3.143e+19 2.519e-37 1.063e-25 6.681e-25
2.239e-06 1.064e+31 3.329e+19 2.668e-37 1.126e-25 7.077e-25
2.512e-06 8.955e+30 3.527e+19 2.826e-37 1.193e-25 7.496e-25
2.818e-06 7.534e+30 3.735e+19 2.993e-37 1.264e-25 7.940e-25
3.162e-06 6.339e+30 3.957e+19 3.171e-37 1.339e-25 8.410e-25
3.548e-06 5.334e+30 4.191e+19 3.358e-37 1.418e-25 8.908e-25
3.981e-06 4.487e+30 4.439e+19 3.557e-37 1.502e-25 9.436e-25
4.467e-06 3.776e+30 4.702e+19 3.768e-37 1.591e-25 9.995e-25
5.012e-06 3.177e+30 4.980e+19 3.991e-37 1.685e-25 1.059e-24
5.623e-06 2.673e+30 5.275e+19 4.227e-37 1.785e-25 1.121e-24
6.310e-06 2.249e+30 5.588e+19 4.478e-37 1.890e-25 1.188e-24
7.079e-06 1.892e+30 5.918e+19 4.743e-37 2.002e-25 1.258e-24
7.943e-06 1.592e+30 6.269e+19 5.023e-37 2.121e-25 1.332e-24
8.913e-06 1.339e+30 6.640e+19 5.321e-37 2.246e-25 1.411e-24
1.000e-05 1.127e+30 7.033e+19 5.636e-37 2.379e-25 1.495e-24
1.122e-05 9.480e+29 7.449e+19 5.969e-37 2.520e-25 1.583e-24
1.259e-05 7.976e+29 7.890e+19 6.323e-37 2.669e-25 1.677e-24
1.413e-05 6.710e+29 8.357e+19 6.697e-37 2.827e-25 1.776e-24
1.585e-05 5.646e+29 8.851e+19 7.093e-37 2.994e-25 1.881e-24
1.778e-05 4.750e+29 9.375e+19 7.513e-37 3.172e-25 1.993e-24
1.995e-05 3.996e+29 9.930e+19 7.957e-37 3.359e-25 2.111e-24
2.239e-05 3.362e+29 1.052e+20 8.428e-37 3.558e-25 2.236e-24
2.512e-05 2.829e+29 1.114e+20 8.926e-37 3.768e-25 2.368e-24
2.818e-05 2.380e+29 1.180e+20 9.454e-37 3.991e-25 2.508e-24
3.162e-05 2.002e+29 1.250e+20 1.001e-36 4.227e-25 2.656e-24
3.548e-05 1.684e+29 1.323e+20 1.061e-36 4.477e-25 2.813e-24
3.981e-05 1.417e+29 1.402e+20 1.123e-36 4.742e-25 2.980e-24
4.467e-05 1.192e+29 1.485e+20 1.190e-36 5.022e-25 3.156e-24
5.012e-05 1.003e+29 1.572e+20 1.260e-36 5.319e-25 3.342e-24
5.623e-05 8.437e+28 1.665e+20 1.334e-36 5.634e-25 3.540e-24
6.310e-05 7.098e+28 1.764e+20 1.413e-36 5.967e-25 3.749e-24
7.079e-05 5.971e+28 1.868e+20 1.497e-36 6.319e-25 3.971e-24
7.943e-05 5.023e+28 1.978e+20 1.585e-36 6.693e-25 4.205e-24
8.913e-05 4.226e+28 2.095e+20 1.679e-36 7.088e-25 4.453e-24
1.000e-04 3.555e+28 2.219e+20 1.778e-36 7.506e-25 4.716e-24
1.122e-04 2.991e+28 2.350e+20 1.883e-36 7.950e-25 4.995e-24
1.259e-04 2.516e+28 2.489e+20 1.994e-36 8.419e-25 5.290e-24
1.413e-04 2.116e+28 2.635e+20 2.112e-36 8.916e-25 5.602e-24
1.585e-04 1.780e+28 2.791e+20 2.237e-36 9.442e-25 5.932e-24
1.778e-04 1.497e+28 2.956e+20 2.368e-36 9.999e-25 6.282e-24
1.995e-04 1.260e+28 3.130e+20 2.508e-36 1.059e-24 6.653e-24
2.239e-04 1.060e+28 3.314e+20 2.656e-36 1.121e-24 7.045e-24
2.512e-04 8.912e+27 3.510e+20 2.813e-36 1.187e-24 7.460e-24
2.818e-04 7.496e+27 3.717e+20 2.978e-36 1.257e-24 7.900e-24
3.162e-04 6.305e+27 3.935e+20 3.154e-36 1.331e-24 8.365e-24
3.548e-04 5.303e+27 4.167e+20 3.339e-36 1.410e-24 8.858e-24
3.981e-04 4.461e+27 4.412e+20 3.536e-36 1.493e-24 9.379e-24
4.467e-04 3.752e+27 4.672e+20 3.744e-36 1.581e-24 9.931e-24
5.012e-04 3.155e+27 4.947e+20 3.964e-36 1.674e-24 1.052e-23
5.623e-04 2.654e+27 5.238e+20 4.197e-36 1.772e-24 1.113e-23
6.310e-04 2.232e+27 5.545e+20 4.444e-36 1.876e-24 1.179e-23
7.079e-04 1.877e+27 5.871e+20 4.705e-36 1.986e-24 1.248e-23
7.943e-04 1.578e+27 6.216e+20 4.981e-36 2.103e-24 1.321e-23
8.913e-04 1.327e+27 6.580e+20 5.273e-36 2.226e-24 1.399e-23
1.000e-03 1.116e+27 6.966e+20 5.582e-36 2.357e-24 1.481e-23
1.122e-03 9.385e+26 7.374e+20 5.909e-36 2.495e-24 1.567e-23
1.259e-03 7.891e+26 7.806e+20 6.255e-36 2.641e-24 1.659e-23
1.413e-03 6.635e+26 8.263e+20 6.621e-36 2.795e-24 1.756e-23
1.585e-03 5.578e+26 8.746e+20 7.008e-36 2.959e-24 1.859e-23
1.778e-03 4.690e+26 9.256e+20 7.418e-36 3.131e-24 1.968e-23
1.995e-03 3.943e+26 9.797e+20 7.851e-36 3.314e-24 2.082e-23
2.239e-03 3.314e+26 1.037e+21 8.309e-36 3.508e-24 2.204e-23
2.512e-03 2.786e+26 1.097e+21 8.793e-36 3.712e-24 2.332e-23
2.818e-03 2.342e+26 1.161e+21 9.304e-36 3.928e-24 2.468e-23
3.162e-03 1.968e+26 1.229e+21 9.845e-36 4.156e-24 2.611e-23
3.548e-03 1.654e+26 1.300e+21 1.042e-35 4.398e-24 2.763e-23
3.981e-03 1.390e+26 1.375e+21 1.102e-35 4.653e-24 2.923e-23
4.467e-03 1.168e+26 1.455e+21 1.166e-35 4.922e-24 3.093e-23
5.012e-03 9.817e+25 1.539e+21 1.233e-35 5.207e-24 3.272e-23
5.623e-03 8.249e+25 1.628e+21 1.305e-35 5.508e-24 3.461e-23
6.310e-03 6.930e+25 1.722e+21 1.380e-35 5.826e-24 3.660e-23
7.079e-03 5.822e+25 1.821e+21 1.459e-35 6.161e-24 3.871e-23
7.943e-03 4.890e+25 1.926e+21 1.543e-35 6.515e-24 4.094e-23
8.913e-03 4.107e+25 2.036e+21 1.632e-35 6.889e-24 4.329e-23
1.000e-02 3.449e+25 2.153e+21 1.725e-35 7.284e-24 4.576e-23
1.122e-02 2.897e+25 2.276e+21 1.824e-35 7.700e-24 4.838e-23
1.259e-02 2.432e+25 2.406e+21 1.928e-35 8.139e-24 5.114e-23
1.413e-02 2.042e+25 2.543e+21 2.038e-35 8.602e-24 5.405e-23
1.585e-02 1.714e+25 2.687e+21 2.153e-35 9.091e-24 5.712e-23
1.778e-02 1.439e+25 2.839e+21 2.275e-35 9.605e-24 6.035e-23
1.995e-02 1.207e+25 3.000e+21 2.404e-35 1.015e-23 6.376e-23
2.239e-02 1.013e+25 3.168e+21 2.539e-35 1.072e-23 6.735e-23
2.512e-02 8.497e+24 3.346e+21 2.682e-35 1.132e-23 7.113e-23
2.818e-02 7.127e+24 3.534e+21 2.832e-35 1.195e-23 7.511e-23
3.162e-02 5.977e+24 3.731e+21 2.989e-35 1.262e-23 7.930e-23
3.548e-02 5.011e+24 3.938e+21 3.156e-35 1.332e-23 8.370e-23
3.981e-02 4.201e+24 4.156e+21 3.330e-35 1.406e-23 8.833e-23
4.467e-02 3.521e+24 4.385e+21 3.514e-35 1.483e-23 9.320e-23
5.012e-02 2.950e+24 4.625e+21 3.706e-35 1.565e-23 9.831e-23
5.623e-02 2.471e+24 4.878e+21 3.909e-35 1.650e-23 1.037e-22
6.310e-02 2.070e+24 5.143e+21 4.121e-35 1.740e-23 1.093e-22
7.079e-02 1.733e+24 5.420e+21 4.344e-35 1.834e-23 1.152e-22
7.943e-02 1.450e+24 5.712e+21 4.577e-35 1.932e-23 1.214e-22
8.913e-02 1.214e+24 6.017e+21 4.821e-35 2.035e-23 1.279e-22
1.000e-01 1.015e+24 6.336e+21 5.077e-35 2.143e-23 1.347e-22
1.122e-01 8.488e+23 6.670e+21 5.345e-35 2.256e-23 1.418e-22
1.259e-01 7.095e+23 7.019e+21 5.624e-35 2.374e-23 1.492e-22
1.413e-01 5.928e+23 7.383e+21 5.916e-35 2.498e-23 1.569e-22
1.585e-01 4.951e+23 7.763e+21 6.221e-35 2.626e-23 1.650e-22
1.778e-01 4.134e+23 8.159e+21 6.538e-35 2.760e-23 1.734e-22
1.995e-01 3.450e+23 8.571e+21 6.869e-35 2.900e-23 1.822e-22
2.239e-01 2.877e+23 9.000e+21 7.212e-35 3.045e-23 1.913e-22
2.512e-01 2.399e+23 9.446e+21 7.569e-35 3.196e-23 2.008e-22
2.818e-01 1.998e+23 9.908e+21 7.940e-35 3.352e-23 2.106e-22
3.162e-01 1.664e+23 1.039e+22 8.323e-35 3.514e-23 2.208e-22
3.548e-01 1.385e+23 1.088e+22 8.720e-35 3.681e-23 2.313e-22
3.981e-01 1.152e+23 1.139e+22 9.130e-35 3.854e-23 2.422e-22
4.467e-01 9.572e+22 1.192e+22 9.553e-35 4.033e-23 2.534e-22
5.012e-01 7.950e+22 1.246e+22 9.988e-35 4.217e-23 2.649e-22
5.623e-01 6.598e+22 1.302e+22 1.044e-34 4.405e-23 2.768e-22
6.310e-01 5.471e+22 1.359e+22 1.089e-34 4.599e-23 2.890e-22
7.079e-01 4.533e+22 1.418e+22 1.136e-34 4.797e-23 3.014e-22
7.943e-01 3.752e+22 1.478e+22 1.184e-34 4.999e-23 3.141e-22
8.913e-01 3.103e+22 1.538e+22 1.233e-34 5.204e-23 3.270e-22
1.000e+00 2.563e+22 1.600e+22 1.282e-34 5.412e-23 3.401e-22
1.122e+00 2.115e+22 1.662e+22 1.332e-34 5.623e-23 3.533e-22
1.259e+00 1.744e+22 1.725e+22 1.382e-34 5.835e-23 3.666e-22
1.413e+00 1.436e+22 1.788e+22 1.433e-34 6.048e-23 3.800e-22
1.585e+00 1.180e+22 1.851e+22 1.483e-34 6.261e-23 3.934e-22
1.778e+00 9.693e+21 1.913e+22 1.533e-34 6.472e-23 4.067e-22
1.995e+00 7.948e+21 1.975e+22 1.583e-34 6.681e-23 4.198e-22
2.239e+00 6.508e+21 2.036e+22 1.631e-34 6.887e-23 4.327e-22
2.512e+00 5.320e+21 2.095e+22 1.679e-34 7.087e-23 4.453e-22
2.818e+00 4.341e+21 2.152e+22 1.725e-34 7.281e-23 4.575e-22
3.162e+00 3.536e+21 2.207e+22 1.769e-34 7.467e-23 4.692e-22
3.548e+00 2.875e+21 2.259e+22 1.810e-34 7.643e-23 4.802e-22
3.981e+00 2.333e+21 2.308e+22 1.849e-34 7.807e-23 4.905e-22
4.467e+00 1.889e+21 2.352e+22 1.885e-34 7.958e-23 5.000e-22
5.012e+00 1.526e+21 2.392e+22 1.917e-34 8.093e-23 5.085e-22
5.623e+00 1.230e+21 2.427e+22 1.945e-34 8.211e-23 5.159e-22
6.310e+00 9.885e+20 2.456e+22 1.968e-34 8.310e-23 5.221e-22
7.079e+00 7.924e+20 2.479e+22 1.986e-34 8.386e-23 5.269e-22
7.943e+00 6.334e+20 2.495e+22 1.999e-34 8.439e-23 5.303e-22
8.913e+00 5.048e+20 2.503e+22 2.006e-34 8.467e-23 5.320e-22
1.000e+01 4.010e+20 2.503e+22 2.005e-34 8.466e-23 5.320e-22
1.122e+01 3.174e+20 2.494e+22 1.998e-34 8.437e-23 5.301e-22
1.259e+01 2.503e+20 2.476e+22 1.984e-34 8.376e-23 5.263e-22
1.413e+01 1.966e+20 2.449e+22 1.962e-34 8.284e-23 5.205e-22
1.585e+01 1.538e+20 2.411e+22 1.932e-34 8.158e-23 5.126e-22
1.778e+01 1.198e+20 2.364e+22 1.894e-34 7.998e-23 5.025e-22
1.995e+01 9.283e+19 2.307e+22 1.848e-34 7.804e-23 4.903e-22
2.239e+01 7.158e+19 2.239e+22 1.794e-34 7.575e-23 4.760e-22
2.512e+01 5.489e+19 2.162e+22 1.732e-34 7.313e-23 4.595e-22
2.818e+01 4.185e+19 2.075e+22 1.663e-34 7.019e-23 4.410e-22
3.162e+01 3.170e+19 1.979e+22 1.586e-34 6.694e-23 4.206e-22
3.548e+01 2.385e+19 1.874e+22 1.502e-34 6.341e-23 3.984e-22
3.981e+01 1.782e+19 1.762e+22 1.412e-34 5.962e-23 3.746e-22
4.467e+01 1.320e+19 1.644e+22 1.317e-34 5.562e-23 3.495e-22
5.012e+01 9.699e+18 1.521e+22 1.219e-34 5.144e-23 3.232e-22
5.623e+01 7.060e+18 1.393e+22 1.117e-34 4.714e-23 2.962e-22
6.310e+01 5.087e+18 1.264e+22 1.013e-34 4.276e-23 2.687e-22
7.079e+01 3.625e+18 1.134e+22 9.088e-35 3.837e-23 2.411e-22
7.943e+01 2.553e+18 1.005e+22 8.056e-35 3.401e-23 2.137e-22
8.913e+01 1.774e+18 8.795e+21 7.048e-35 2.975e-23 1.870e-22
1.000e+02 1.215e+18 7.584e+21 6.078e-35 2.566e-23 1.612e-22
1.122e+02 8.192e+17 6.437e+21 5.158e-35 2.178e-23 1.368e-22
1.259e+02 5.426e+17 5.368e+21 4.302e-35 1.816e-23 1.141e-22
1.413e+02 3.525e+17 4.390e+21 3.518e-35 1.485e-23 9.331e-23
1.585e+02 2.240e+17 3.512e+21 2.814e-35 1.188e-23 7.465e-23
1.778e+02 1.389e+17 2.741e+21 2.197e-35 9.273e-24 5.826e-23
1.995e+02 8.371e+16 2.080e+21 1.667e-35 7.037e-24 4.422e-23
2.239e+02 4.887e+16 1.529e+21 1.225e-35 5.172e-24 3.250e-23
2.512e+02 2.748e+16 1.082e+21 8.673e-36 3.662e-24 2.301e-23
2.818e+02 1.476e+16 7.317e+20 5.864e-36 2.475e-24 1.555e-23
3.162e+02 7.447e+15 4.648e+20 3.725e-36 1.573e-24 9.881e-24
3.548e+02 3.410e+15 2.679e+20 2.147e-36 9.063e-25 5.695e-24
3.981e+02 1.295e+15 1.281e+20 1.027e-36 4.334e-25 2.723e-24
4.467e+02 3.009e+14 3.748e+19 3.003e-37 1.268e-25 7.966e-25
5.012e+02 3.898e+10 6.111e+15 4.897e-41 2.067e-29 1.299e-28
5.623e+02 0.000e+00 0.000e+00 0.000e+00 0.000e+00 0.000e+00
6.310e+02 0.000e+00 0.000e+00 0.000e+00 0.000e+00 0.000e+00
7.079e+02 0.000e+00 0.000e+00 0.000e+00 0.000e+00 0.000e+00
7.943e+02 0.000e+00 0.000e+00 0.000e+00 0.000e+00 0.000e+00
8.913e+02 0.000e+00 0.000e+00 0.000e+00 0.000e+00 0.000e+00
1.000e+03 0.000e+00 0.000e+00 0.000e+00 0.000e+00 0.000e+00
1.122e+03 0.000e+00 0.000e+00 0.000e+00 0.000e+00 0.000e+00
1.259e+03 0.000e+00 0.000e+00 0.000e+00 0.000e+00 0.000e+00
1.413e+03 0.000e+00 0.000e+00 0.000e+00 0.000e+00 0.000e+00
1.585e+03 0.000e+00 0.000e+00 0.000e+00 0.000e+00 0.000e+00
1.778e+03 0.000e+00 0.000e+00 0.000e+00 0.000e+00 0.000e+00
1.995e+03 0.000e+00 0.000e+00 0.000e+00 0.000e+00 0.000e+00
2.239e+03 0.000e+00 0.000e+00 0.000e+00 0.000e+00 0.000e+00
2.512e+03 0.000e+00 0.000e+00 0.000e+00 0.000e+00 0.000e+00
2.818e+03 0.000e+00 0.000e+00 0.000e+00 0.000e+00 0.000e+00
3.162e+03 0.000e+00 0.000e+00 0.000e+00 0.000e+00 0.000e+00
3.548e+03 0.000e+00 0.000e+00 0.000e+00 0.000e+00 0.000e+00
3.981e+03 0.000e+00 0.000e+00 0.000e+00 0.000e+00 0.000e+00
4.467e+03 0.000e+00 0.000e+00 0.000e+00 0.000e+00 0.000e+00
5.012e+03 0.000e+00 0.000e+00 0.000e+00 0.000e+00 0.000e+00
5.623e+03 0.000e+00 0.000e+00 0.000e+00 0.000e+00 0.000e+00
6.310e+03 0.000e+00 0.000e+00 0.000e+00 0.000e+00 0.000e+00
7.079e+03 0.000e+00 0.000e+00 0.000e+00 0.000e+00 0.000e+00
7.943e+03 0.000e+00 0.000e+00 0.000e+00 0.000e+00 0.000e+00
8.913e+03 0.000e+00 0.000e+00 0.000e+00 0.000e+00 0.000e+00
1.000e+04 0.000e+00 0.000e+00 0.000e+00 0.000e+00 0.000e+00
1.122e+04 0.000e+00 0.000e+00 0.000e+00 0.000e+00 0.000e+00
1.259e+04 0.000e+00 0.000e+00 0.000e+00 0.000e+00 0.000e+00
1.413e+04 0.000e+00 0.000e+00 0.000e+00 0.000e+00 0.000e+00
1.585e+04 0.000e+00 0.000e+00 0.000e+00 0.000e+00 0.000e+00
1.778e+04 0.000e+00 0.000e+00 0.000e+00 0.000e+00 0.000e+00
1.995e+04 0.000e+00 0.000e+00 0.000e+00 0.000e+00 0.000e+00
2.239e+04 0.000e+00 0.000e+00 0.000e+00 0.000e+00 0.000e+00
2.512e+04 0.000e+00 0.000e+00 0.000e+00 0.000e+00 0.000e+00
2.818e+04 0.000e+00 0.000e+00 0.000e+00 0.000e+00 0.000e+00
3.162e+04 0.000e+00 0.000e+00 0.000e+00 0.000e+00 0.000e+00
3.548e+04 0.000e+00 0.000e+00 0.000e+00 0.000e+00 0.000e+00
3.981e+04 0.000e+00 0.000e+00 0.000e+00 0.000e+00 0.000e+00
4.467e+04 0.000e+00 0.000e+00 0.000e+00 0.000e+00 0.000e+00
5.012e+04 0.000e+00 0.000e+00 0.000e+00 0.000e+00 0.000e+00
5.623e+04 0.000e+00 0.000e+00 0.000e+00 0.000e+00 0.000e+00
6.310e+04 0.000e+00 0.000e+00 0.000e+00 0.000e+00 0.000e+00
7.079e+04 0.000e+00 0.000e+00 0.000e+00 0.000e+00 0.000e+00
7.943e+04 0.000e+00 0.000e+00 0.000e+00 0.000e+00 0.000e+00
8.913e+04 0.000e+00 0.000e+00 0.000e+00 0.000e+00 0.000e+00
1.000e+05 0.000e+00 0.000e+00 0.000e+00 0.000e+00 0.000e+00
1.122e+05 0.000e+00 0.000e+00 0.000e+00 0.000e+00 0.000e+00
1.259e+05 0.000e+00 0.000e+00 0.000e+00 0.000e+00 0.000e+00
1.413e+05 0.000e+00 0.000e+00 0.000e+00 0.000e+00 0.000e+00
1.585e+05 0.000e+00 0.000e+00 0.000e+00 0.000e+00 0.000e+00
1.778e+05 0.000e+00 0.000e+00 0.000e+00 0.000e+00 0.000e+00
1.995e+05 0.000e+00 0.000e+00 0.000e+00 0.000e+00 0.000e+00
2.239e+05 0.000e+00 0.000e+00 0.000e+00 0.000e+00 0.000e+00
2.512e+05 0.000e+00 0.000e+00 0.000e+00 0.000e+00 0.000e+00
2.818e+05 0.000e+00 0.000e+00 0.000e+00 0.000e+00 0.000e+00
3.162e+05 0.000e+00 0.000e+00 0.000e+00 0.000e+00 0.000e+00
3.548e+05 0.000e+00 0.000e+00 0.000e+00 0.000e+00 0.000e+00
3.981e+05 0.000e+00 0.000e+00 0.000e+00 0.000e+00 0.000e+00
4.467e+05 0.000e+00 0.000e+00 0.000e+00 0.000e+00 0.000e+00
5.012e+05 0.000e+00 0.000e+00 0.000e+00 0.000e+00 0.000e+00
5.623e+05 0.000e+00 0.000e+00 0.000e+00 0.000e+00 0.000e+00
6.310e+05 0.000e+00 0.000e+00 0.000e+00 0.000e+00 0.000e+00
7.079e+05 0.000e+00 0.000e+00 0.000e+00 0.000e+00 0.000e+00
7.943e+05 0.000e+00 0.000e+00 0.000e+00 0.000e+00 0.000e+00
8.913e+05 0.000e+00 0.000e+00 0.000e+00 0.000e+00 0.000e+00
1.000e+06 0.000e+00 0.000e+00 0.000e+00 0.000e+00 0.000e+00
1.122e+06 0.000e+00 0.000e+00 0.000e+00 0.000e+00 0.000e+00
1.259e+06 0.000e+00 0.000e+00 0.000e+00 0.000e+00 0.000e+00
1.413e+06 0.000e+00 0.000e+00 0.000e+00 0.000e+00 0.000e+00
1.585e+06 0.000e+00 0.000e+00 0.000e+00 0.000e+00 0.000e+00
1.778e+06 0.000e+00 0.000e+00 0.000e+00 0.000e+00 0.000e+00
1.995e+06 0.000e+00 0.000e+00 0.000e+00 0.000e+00 0.000e+00
2.239e+06 0.000e+00 0.000e+00 0.000e+00 0.000e+00 0.000e+00
2.512e+06 0.000e+00 0.000e+00 0.000e+00 0.000e+00 0.000e+00
2.818e+06 0.000e+00 0.000e+00 0.000e+00 0.000e+00 0.000e+00
3.162e+06 0.000e+00 0.000e+00 0.000e+00 0.000e+00 0.000e+00
3.548e+06 0.000e+00 0.000e+00 0.000e+00 0.000e+00 0.000e+00
3.981e+06 0.000e+00 0.000e+00 0.000e+00 0.000e+00 0.000e+00
4.467e+06 0.000e+00 0.000e+00 0.000e+00 0.000e+00 0.000e+00
5.012e+06 0.000e+00 0.000e+00 0.000e+00 0.000e+00 0.000e+00
5.623e+06 0.000e+00 0.000e+00 0.000e+00 0.000e+00 0.000e+00
6.310e+06 0.000e+00 0.000e+00 0.000e+00 0.000e+00 0.000e+00
7.079e+06 0.000e+00 0.000e+00 0.000e+00 0.000e+00 0.000e+00
7.943e+06 0.000e+00 0.000e+00 0.000e+00 0.000e+00 0.000e+00
8.913e+06 0.000e+00 0.000e+00 0.000e+00 0.000e+00 0.000e+00
1.000e+07 0.000e+00 0.000e+00 0.000e+00 0.000e+00 0.000e+00
1.122e+07 0.000e+00 0.000e+00 0.000e+00 0.000e+00 0.000e+00
1.259e+07 0.000e+00 0.000e+00 0.000e+00 0.000e+00 0.000e+00
1.413e+07 0.000e+00 0.000e+00 0.000e+00 0.000e+00 0.000e+00
1.585e+07 0.000e+00 0.000e+00 0.000e+00 0.000e+00 0.000e+00
1.778e+07 0.000e+00 0.000e+00 0.000e+00 0.000e+00 0.000e+00
1.995e+07 0.000e+00 0.000e+00 0.000e+00 0.000e+00 0.000e+00
2.239e+07 0.000e+00 0.000e+00 0.000e+00 0.000e+00 0.000e+00
2.512e+07 0.000e+00 0.000e+00 0.000e+00 0.000e+00 0.000e+00
2.818e+07 0.000e+00 0.000e+00 0.000e+00 0.000e+00 0.000e+00
3.162e+07 0.000e+00 0.000e+00 0.000e+00 0.000e+00 0.000e+00
3.548e+07 0.000e+00 0.000e+00 0.000e+00 0.000e+00 0.000e+00
3.981e+07 0.000e+00 0.000e+00 0.000e+00 0.000e+00 0.000e+00
4.467e+07 0.000e+00 0.000e+00 0.000e+00 0.000e+00 0.000e+00
5.012e+07 0.000e+00 0.000e+00 0.000e+00 0.000e+00 0.000e+00
5.623e+07 0.000e+00 0.000e+00 0.000e+00 0.000e+00 0.000e+00
6.310e+07 0.000e+00 0.000e+00 0.000e+00 0.000e+00 0.000e+00
7.079e+07 0.000e+00 0.000e+00 0.000e+00 0.000e+00 0.000e+00
7.943e+07 0.000e+00 0.000e+00 0.000e+00 0.000e+00 0.000e+00
8.913e+07 0.000e+00 0.000e+00 0.000e+00 0.000e+00 0.000e+00
1.000e+08 0.000e+00 0.000e+00 0.000e+00 0.000e+00 0.000e+00
