1.000e-20 0.000e+00 0.000e+00 0.000e+00 0.000e+00 0.000e+00
1.122e-20 0.000e+00 0.000e+00 0.000e+00 0.000e+00 0.000e+00
1.259e-20 0.000e+00 0.000e+00 0.000e+00 0.000e+00 0.000e+00
1.413e-20 0.000e+00 0.000e+00 0.000e+00 0.000e+00 0.000e+00
1.585e-20 0.000e+00 0.000e+00 0.000e+00 0.000e+00 0.000e+00
1.778e-20 0.000e+00 0.000e+00 0.000e+00 0.000e+00 0.000e+00
1.995e-20 0.000e+00 0.000e+00 0.000e+00 0.000e+00 0.000e+00
2.239e-20 0.000e+00 0.000e+00 0.000e+00 0.000e+00 0.000e+00
2.512e-20 0.000e+00 0.000e+00 0.000e+00 0.000e+00 0.000e+00
2.818e-20 0.000e+00 0.000e+00 0.000e+00 0.000e+00 0.000e+00
3.162e-20 0.000e+00 0.000e+00 0.000e+00 0.000e+00 0.000e+00
3.548e-20 0.000e+00 0.000e+00 0.000e+00 0.000e+00 0.000e+00
3.981e-20 0.000e+00 0.000e+00 0.000e+00 0.000e+00 0.000e+00
4.467e-20 0.000e+00 0.000e+00 0.000e+00 0.000e+00 0.000e+00
5.012e-20 0.000e+00 0.000e+00 0.000e+00 0.000e+00 0.000e+00
5.623e-20 0.000e+00 0.000e+00 0.000e+00 0.000e+00 0.000e+00
6.310e-20 0.000e+00 0.000e+00 0.000e+00 0.000e+00 0.000e+00
7.079e-20 0.000e+00 0.000e+00 0.000e+00 0.000e+00 0.000e+00
7.943e-20 0.000e+00 0.000e+00 0.000e+00 0.000e+00 0.000e+00
8.913e-20 0.000e+00 0.000e+00 0.000e+00 0.000e+00 0.000e+00
1.000e-19 0.000e+00 0.000e+00 0.000e+00 0.000e+00 0.000e+00
1.122e-19 0.000e+00 0.000e+00 0.000e+00 0.000e+00 0.000e+00
1.259e-19 0.000e+00 0.000e+00 0.000e+00 0.000e+00 0.000e+00
1.413e-19 0.000e+00 0.000e+00 0.000e+00 0.000e+00 0.000e+00
1.585e-19 0.000e+00 0.000e+00 0.000e+00 0.000e+00 0.000e+00
1.778e-19 0.000e+00 0.000e+00 0.000e+00 0.000e+00 0.000e+00
1.995e-19 0.000e+00 0.000e+00 0.000e+00 0.000e+00 0.000e+00
2.239e-19 0.000e+00 0.000e+00 0.000e+00 0.000e+00 0.000e+00
2.512e-19 0.000e+00 0.000e+00 0.000e+00 0.000e+00 0.000e+00
2.818e-19 0.000e+00 0.000e+00 0.000e+00 0.000e+00 0.000e+00
3.162e-19 0.000e+00 0.000e+00 0.000e+00 0.000e+00 0.000e+00
3.548e-19 0.000e+00 0.000e+00 0.000e+00 0.000e+00 0.000e+00
3.981e-19 0.000e+00 0.000e+00 0.000e+00 0.000e+00 0.000e+00
4.467e-19 0.000e+00 0.000e+00 0.000e+00 0.000e+00 0.000e+00
5.012e-19 0.000e+00 0.000e+00 0.000e+00 0.000e+00 0.000e+00
5.623e-19 0.000e+00 0.000e+00 0.000e+00 0.000e+00 0.000e+00
6.310e-19 0.000e+00 0.000e+00 0.000e+00 0.000e+00 0.000e+00
7.079e-19 0.000e+00 0.000e+00 0.000e+00 0.000e+00 0.000e+00
7.943e-19 0.000e+00 0.000e+00 0.000e+00 0.000e+00 0.000e+00
8.913e-19 0.000e+00 0.000e+00 0.000e+00 0.000e+00 0.000e+00
1.000e-18 0.000e+00 0.000e+00 0.000e+00 0.000e+00 0.000e+00
1.122e-18 0.000e+00 0.000e+00 0.000e+00 0.000e+00 0.000e+00
1.259e-18 0.000e+00 0.000e+00 0.000e+00 0.000e+00 0.000e+00
1.413e-18 0.000e+00 0.000e+00 0.000e+00 0.000e+00 0.000e+00
1.585e-18 0.000e+00 0.000e+00 0.000e+00 0.000e+00 0.000e+00
1.778e-18 0.000e+00 0.000e+00 0.000e+00 0.000e+00 0.000e+00
1.995e-18 0.000e+00 0.000e+00 0.000e+00 0.000e+00 0.000e+00
2.239e-18 0.000e+00 0.000e+00 0.000e+00 0.000e+00 0.000e+00
2.512e-18 0.000e+00 0.000e+00 0.000e+00 0.000e+00 0.000e+00
2.818e-18 0.000e+00 0.000e+00 0.000e+00 0.000e+00 0.000e+00
3.162e-18 0.000e+00 0.000e+00 0.000e+00 0.000e+00 0.000e+00
3.548e-18 0.000e+00 0.000e+00 0.000e+00 0.000e+00 0.000e+00
3.981e-18 0.000e+00 0.000e+00 0.000e+00 0.000e+00 0.000e+00
4.467e-18 0.000e+00 0.000e+00 0.000e+00 0.000e+00 0.000e+00
5.012e-18 0.000e+00 0.000e+00 0.000e+00 0.000e+00 0.000e+00
5.623e-18 0.000e+00 0.000e+00 0.000e+00 0.000e+00 0.000e+00
6.310e-18 0.000e+00 0.000e+00 0.000e+00 0.000e+00 0.000e+00
7.079e-18 0.000e+00 0.000e+00 0.000e+00 0.000e+00 0.000e+00
7.943e-18 0.000e+00 0.000e+00 0.000e+00 0.000e+00 0.000e+00
8.913e-18 0.000e+00 0.000e+00 0.000e+00 0.000e+00 0.000e+00
1.000e-17 0.000e+00 0.000e+00 0.000e+00 0.000e+00 0.000e+00
1.122e-17 0.000e+00 0.000e+00 0.000e+00 0.000e+00 0.000e+00
1.259e-17 0.000e+00 0.000e+00 0.000e+00 0.000e+00 0.000e+00
1.413e-17 0.000e+00 0.000e+00 0.000e+00 0.000e+00 0.000e+00
1.585e-17 0.000e+00 0.000e+00 0.000e+00 0.000e+00 0.000e+00
1.778e-17 0.000e+00 0.000e+00 0.000e+00 0.000e+00 0.000e+00
1.995e-17 0.000e+00 0.000e+00 0.000e+00 0.000e+00 0.000e+00
2.239e-17 0.000e+00 0.000e+00 0.000e+00 0.000e+00 0.000e+00
2.512e-17 0.000e+00 0.000e+00 0.000e+00 0.000e+00 0.000e+00
2.818e-17 0.000e+00 0.000e+00 0.000e+00 0.000e+00 0.000e+00
3.162e-17 0.000e+00 0.000e+00 0.000e+00 0.000e+00 0.000e+00
3.548e-17 0.000e+00 0.000e+00 0.000e+00 0.000e+00 0.000e+00
3.981e-17 0.000e+00 0.000e+00 0.000e+00 0.000e+00 0.000e+00
4.467e-17 0.000e+00 0.000e+00 0.000e+00 0.000e+00 0.000e+00
5.012e-17 0.000e+00 0.000e+00 0.000e+00 0.000e+00 0.000e+00
5.623e-17 0.000e+00 0.000e+00 0.000e+00 0.000e+00 0.000e+00
6.310e-17 0.000e+00 0.000e+00 0.000e+00 0.000e+00 0.000e+00
7.079e-17 0.000e+00 0.000e+00 0.000e+00 0.000e+00 0.000e+00
7.943e-17 0.000e+00 0.000e+00 0.000e+00 0.000e+00 0.000e+00
8.913e-17 0.000e+00 0.000e+00 0.000e+00 0.000e+00 0.000e+00
1.000e-16 0.000e+00 0.000e+00 0.000e+00 0.000e+00 0.000e+00
1.122e-16 0.000e+00 0.000e+00 0.000e+00 0.000e+00 0.000e+00
1.259e-16 0.000e+00 0.000e+00 0.000e+00 0.000e+00 0.000e+00
1.413e-16 0.000e+00 0.000e+00 0.000e+00 0.000e+00 0.000e+00
1.585e-16 0.000e+00 0.000e+00 0.000e+00 0.000e+00 0.000e+00
1.778e-16 0.000e+00 0.000e+00 0.000e+00 0.000e+00 0.000e+00
1.995e-16 0.000e+00 0.000e+00 0.000e+00 0.000e+00 0.000e+00
2.239e-16 0.000e+00 0.000e+00 0.000e+00 0.000e+00 0.000e+00
2.512e-16 0.000e+00 0.000e+00 0.000e+00 0.000e+00 0.000e+00
2.818e-16 0.000e+00 0.000e+00 0.000e+00 0.000e+00 0.000e+00
3.162e-16 0.000e+00 0.000e+00 0.000e+00 0.000e+00 0.000e+00
3.548e-16 0.000e+00 0.000e+00 0.000e+00 0.000e+00 0.000e+00
3.981e-16 0.000e+00 0.000e+00 0.000e+00 0.000e+00 0.000e+00
4.467e-16 0.000e+00 0.000e+00 0.000e+00 0.000e+00 0.000e+00
5.012e-16 0.000e+00 0.000e+00 0.000e+00 0.000e+00 0.000e+00
5.623e-16 0.000e+00 0.000e+00 0.000e+00 0.000e+00 0.000e+00
6.310e-16 0.000e+00 0.000e+00 0.000e+00 0.000e+00 0.000e+00
7.079e-16 0.000e+00 0.000e+00 0.000e+00 0.000e+00 0.000e+00
7.943e-16 0.000e+00 0.000e+00 0.000e+00 0.000e+00 0.000e+00
8.913e-16 0.000e+00 0.000e+00 0.000e+00 0.000e+00 0.000e+00
1.000e-15 0.000e+00 0.000e+00 0.000e+00 0.000e+00 0.000e+00
1.122e-15 0.000e+00 0.000e+00 0.000e+00 0.000e+00 0.000e+00
1.259e-15 0.000e+00 0.000e+00 0.000e+00 0.000e+00 0.000e+00
1.413e-15 0.000e+00 0.000e+00 0.000e+00 0.000e+00 0.000e+00
1.585e-15 0.000e+00 0.000e+00 0.000e+00 0.000e+00 0.000e+00
1.778e-15 0.000e+00 0.000e+00 0.000e+00 0.000e+00 0.000e+00
1.995e-15 0.000e+00 0.000e+00 0.000e+00 0.000e+00 0.000e+00
2.239e-15 0.000e+00 0.000e+00 0.000e+00 0.000e+00 0.000e+00
2.512e-15 0.000e+00 0.000e+00 0.000e+00 0.000e+00 0.000e+00
2.818e-15 0.000e+00 0.000e+00 0.000e+00 0.000e+00 0.000e+00
3.162e-15 0.000e+00 0.000e+00 0.000e+00 0.000e+00 0.000e+00
3.548e-15 0.000e+00 0.000e+00 0.000e+00 0.000e+00 0.000e+00
3.981e-15 0.000e+00 0.000e+00 0.000e+00 0.000e+00 0.000e+00
4.467e-15 0.000e+00 0.000e+00 0.000e+00 0.000e+00 0.000e+00
5.012e-15 0.000e+00 0.000e+00 0.000e+00 0.000e+00 0.000e+00
5.623e-15 0.000e+00 0.000e+00 0.000e+00 0.000e+00 0.000e+00
6.310e-15 0.000e+00 0.000e+00 0.000e+00 0.000e+00 0.000e+00
7.079e-15 0.000e+00 0.000e+00 0.000e+00 0.000e+00 0.000e+00
7.943e-15 0.000e+00 0.000e+00 0.000e+00 0.000e+00 0.000e+00
8.913e-15 0.000e+00 0.000e+00 0.000e+00 0.000e+00 0.000e+00
1.000e-14 0.000e+00 0.000e+00 0.000e+00 0.000e+00 0.000e+00
1.122e-14 0.000e+00 0.000e+00 0.000e+00 0.000e+00 0.000e+00
1.259e-14 0.000e+00 0.000e+00 0.000e+00 0.000e+00 0.000e+00
1.413e-14 0.000e+00 0.000e+00 0.000e+00 0.000e+00 0.000e+00
1.585e-14 0.000e+00 0.000e+00 0.000e+00 0.000e+00 0.000e+00
1.778e-14 0.000e+00 0.000e+00 0.000e+00 0.000e+00 0.000e+00
1.995e-14 0.000e+00 0.000e+00 0.000e+00 0.000e+00 0.000e+00
2.239e-14 0.000e+00 0.000e+00 0.000e+00 0.000e+00 0.000e+00
2.512e-14 0.000e+00 0.000e+00 0.000e+00 0.000e+00 0.000e+00
2.818e-14 0.000e+00 0.000e+00 0.000e+00 0.000e+00 0.000e+00
3.162e-14 0.000e+00 0.000e+00 0.000e+00 0.000e+00 0.000e+00
3.548e-14 0.000e+00 0.000e+00 0.000e+00 0.000e+00 0.000e+00
3.981e-14 0.000e+00 0.000e+00 0.000e+00 0.000e+00 0.000e+00
4.467e-14 0.000e+00 0.000e+00 0.000e+00 0.000e+00 0.000e+00
5.012e-14 0.000e+00 0.000e+00 0.000e+00 0.000e+00 0.000e+00
5.623e-14 0.000e+00 0.000e+00 0.000e+00 0.000e+00 0.000e+00
6.310e-14 0.000e+00 0.000e+00 0.000e+00 0.000e+00 0.000e+00
7.079e-14 0.000e+00 0.000e+00 0.000e+00 0.000e+00 0.000e+00
7.943e-14 0.000e+00 0.000e+00 0.000e+00 0.000e+00 0.000e+00
8.913e-14 0.000e+00 0.000e+00 0.000e+00 0.000e+00 0.000e+00
1.000e-13 0.000e+00 0.000e+00 0.000e+00 0.000e+00 0.000e+00
1.122e-13 0.000e+00 0.000e+00 0.000e+00 0.000e+00 0.000e+00
1.259e-13 0.000e+00 0.000e+00 0.000e+00 0.000e+00 0.000e+00
1.413e-13 0.000e+00 0.000e+00 0.000e+00 0.000e+00 0.000e+00
1.585e-13 0.000e+00 0.000e+00 0.000e+00 0.000e+00 0.000e+00
1.778e-13 0.000e+00 0.000e+00 0.000e+00 0.000e+00 0.000e+00
1.995e-13 0.000e+00 0.000e+00 0.000e+00 0.000e+00 0.000e+00
2.239e-13 0.000e+00 0.000e+00 0.000e+00 0.000e+00 0.000e+00
2.512e-13 0.000e+00 0.000e+00 0.000e+00 0.000e+00 0.000e+00
2.818e-13 0.000e+00 0.000e+00 0.000e+00 0.000e+00 0.000e+00
3.162e-13 0.000e+00 0.000e+00 0.000e+00 0.000e+00 0.000e+00
3.548e-13 0.000e+00 0.000e+00 0.000e+00 0.000e+00 0.000e+00
3.981e-13 0.000e+00 0.000e+00 0.000e+00 0.000e+00 0.000e+00
4.467e-13 0.000e+00 0.000e+00 0.000e+00 0.000e+00 0.000e+00
5.012e-13 8.152e+01 1.278e-23 1.024e-79 2.162e-68 2.717e-67
5.623e-13 1.398e+05 2.759e-20 2.211e-76 4.666e-65 5.864e-64
6.310e-13 2.802e+06 6.962e-19 5.579e-75 1.178e-63 1.480e-62
7.079e-13 2.309e+07 7.223e-18 5.788e-74 1.222e-62 1.535e-61
7.943e-13 1.255e+08 4.941e-17 3.960e-73 8.359e-62 1.050e-60
8.913e-13 5.349e+08 2.652e-16 2.125e-72 4.485e-61 5.637e-60
1.000e-12 1.942e+09 1.212e-15 9.715e-72 2.051e-60 2.577e-59
1.122e-12 6.282e+09 4.936e-15 3.956e-71 8.350e-60 1.049e-58
1.259e-12 1.857e+10 1.837e-14 1.472e-70 3.108e-59 3.905e-58
1.413e-12 5.102e+10 6.353e-14 5.091e-70 1.075e-58 1.350e-57
1.585e-12 1.316e+11 2.064e-13 1.654e-69 3.490e-58 4.386e-57
1.778e-12 3.214e+11 6.345e-13 5.084e-69 1.073e-57 1.349e-56
1.995e-12 7.476e+11 1.858e-12 1.489e-68 3.142e-57 3.949e-56
2.239e-12 1.664e+12 5.205e-12 4.171e-68 8.804e-57 1.106e-55
2.512e-12 3.558e+12 1.401e-11 1.123e-67 2.370e-56 2.978e-55
2.818e-12 7.333e+12 3.636e-11 2.914e-67 6.150e-56 7.728e-55
3.162e-12 1.462e+13 9.124e-11 7.311e-67 1.543e-55 1.939e-54
3.548e-12 2.825e+13 2.220e-10 1.779e-66 3.755e-55 4.719e-54
3.981e-12 5.308e+13 5.251e-10 4.208e-66 8.882e-55 1.116e-53
4.467e-12 9.713e+13 1.210e-09 9.694e-66 2.046e-54 2.571e-53
5.012e-12 1.735e+14 2.720e-09 2.180e-65 4.601e-54 5.782e-53
5.623e-12 3.030e+14 5.980e-09 4.792e-65 1.012e-53 1.271e-52
6.310e-12 5.182e+14 1.288e-08 1.032e-64 2.178e-53 2.737e-52
7.079e-12 8.693e+14 2.719e-08 2.179e-64 4.600e-53 5.780e-52
7.943e-12 1.432e+15 5.640e-08 4.520e-64 9.541e-53 1.199e-51
8.913e-12 2.321e+15 1.150e-07 9.219e-64 1.946e-52 2.445e-51
1.000e-11 3.702e+15 2.310e-07 1.851e-63 3.908e-52 4.911e-51
1.122e-11 5.819e+15 4.573e-07 3.664e-63 7.735e-52 9.720e-51
1.259e-11 9.026e+15 8.928e-07 7.155e-63 1.510e-51 1.898e-50
1.413e-11 1.382e+16 1.721e-06 1.379e-62 2.912e-51 3.659e-50
1.585e-11 2.092e+16 3.279e-06 2.628e-62 5.547e-51 6.971e-50
1.778e-11 3.131e+16 6.179e-06 4.952e-62 1.045e-50 1.314e-49
1.995e-11 4.638e+16 1.152e-05 9.234e-62 1.949e-50 2.449e-49
2.239e-11 6.803e+16 2.128e-05 1.705e-61 3.600e-50 4.524e-49
2.512e-11 9.889e+16 3.895e-05 3.121e-61 6.588e-50 8.278e-49
2.818e-11 1.425e+17 7.067e-05 5.663e-61 1.195e-49 1.502e-48
3.162e-11 2.038e+17 1.272e-04 1.019e-60 2.152e-49 2.704e-48
3.548e-11 2.892e+17 2.273e-04 1.821e-60 3.844e-49 4.831e-48
3.981e-11 4.076e+17 4.032e-04 3.231e-60 6.820e-49 8.570e-48
4.467e-11 5.706e+17 7.106e-04 5.694e-60 1.202e-48 1.510e-47
5.012e-11 7.938e+17 1.244e-03 9.973e-60 2.105e-48 2.645e-47
5.623e-11 1.098e+18 2.167e-03 1.737e-59 3.665e-48 4.606e-47
6.310e-11 1.510e+18 3.753e-03 3.007e-59 6.348e-48 7.977e-47
7.079e-11 2.067e+18 6.465e-03 5.181e-59 1.094e-47 1.374e-46
7.943e-11 2.815e+18 1.108e-02 8.883e-59 1.875e-47 2.356e-46
8.913e-11 3.816e+18 1.892e-02 1.516e-58 3.200e-47 4.021e-46
1.000e-10 5.151e+18 3.215e-02 2.577e-58 5.439e-47 6.834e-46
1.122e-10 6.926e+18 5.442e-02 4.361e-58 9.206e-47 1.157e-45
1.259e-10 9.277e+18 9.177e-02 7.354e-58 1.552e-46 1.951e-45
1.413e-10 1.238e+19 1.542e-01 1.236e-57 2.608e-46 3.278e-45
1.585e-10 1.647e+19 2.583e-01 2.070e-57 4.368e-46 5.489e-45
1.778e-10 2.184e+19 4.312e-01 3.455e-57 7.293e-46 9.165e-45
1.995e-10 2.888e+19 7.177e-01 5.751e-57 1.214e-45 1.526e-44
2.239e-10 3.809e+19 1.191e+00 9.548e-57 2.015e-45 2.533e-44
2.512e-10 5.009e+19 1.973e+00 1.581e-56 3.337e-45 4.193e-44
2.818e-10 6.573e+19 3.259e+00 2.611e-56 5.512e-45 6.927e-44
3.162e-10 8.604e+19 5.370e+00 4.304e-56 9.084e-45 1.142e-43
3.548e-10 1.124e+20 8.832e+00 7.078e-56 1.494e-44 1.877e-43
3.981e-10 1.465e+20 1.450e+01 1.162e-55 2.452e-44 3.081e-43
4.467e-10 1.907e+20 2.375e+01 1.903e-55 4.017e-44 5.048e-43
5.012e-10 2.477e+20 3.884e+01 3.112e-55 6.570e-44 8.255e-43
5.623e-10 3.213e+20 6.341e+01 5.082e-55 1.073e-43 1.348e-42
6.310e-10 4.161e+20 1.034e+02 8.285e-55 1.749e-43 2.198e-42
7.079e-10 5.380e+20 1.683e+02 1.349e-54 2.847e-43 3.577e-42
7.943e-10 6.948e+20 2.736e+02 2.193e-54 4.629e-43 5.816e-42
8.913e-10 8.962e+20 4.443e+02 3.561e-54 7.516e-43 9.445e-42
1.000e-09 1.155e+21 7.207e+02 5.775e-54 1.219e-42 1.532e-41
1.122e-09 1.486e+21 1.168e+03 9.358e-54 1.975e-42 2.482e-41
1.259e-09 1.911e+21 1.890e+03 1.515e-53 3.197e-42 4.018e-41
1.413e-09 2.454e+21 3.057e+03 2.449e-53 5.170e-42 6.497e-41
1.585e-09 3.150e+21 4.939e+03 3.958e-53 8.354e-42 1.050e-40
1.778e-09 4.040e+21 7.973e+03 6.389e-53 1.349e-41 1.695e-40
1.995e-09 5.176e+21 1.286e+04 1.031e-52 2.176e-41 2.734e-40
2.239e-09 6.629e+21 2.074e+04 1.662e-52 3.507e-41 4.408e-40
2.512e-09 8.483e+21 3.341e+04 2.677e-52 5.651e-41 7.101e-40
2.818e-09 1.085e+22 5.379e+04 4.310e-52 9.098e-41 1.143e-39
3.162e-09 1.387e+22 8.655e+04 6.936e-52 1.464e-40 1.840e-39
3.548e-09 1.772e+22 1.392e+05 1.116e-51 2.355e-40 2.959e-39
3.981e-09 2.262e+22 2.238e+05 1.793e-51 3.785e-40 4.757e-39
4.467e-09 2.887e+22 3.596e+05 2.882e-51 6.082e-40 7.643e-39
5.012e-09 3.684e+22 5.775e+05 4.628e-51 9.769e-40 1.228e-38
5.623e-09 4.698e+22 9.272e+05 7.430e-51 1.568e-39 1.971e-38
6.310e-09 5.989e+22 1.488e+06 1.192e-50 2.517e-39 3.163e-38
7.079e-09 7.631e+22 2.387e+06 1.913e-50 4.038e-39 5.074e-38
7.943e-09 9.721e+22 3.828e+06 3.068e-50 6.476e-39 8.138e-38
8.913e-09 1.238e+23 6.138e+06 4.918e-50 1.038e-38 1.305e-37
1.000e-08 1.576e+23 9.837e+06 7.883e-50 1.664e-38 2.091e-37
1.122e-08 2.006e+23 1.576e+07 1.263e-49 2.666e-38 3.350e-37
1.259e-08 2.552e+23 2.524e+07 2.023e-49 4.270e-38 5.366e-37
1.413e-08 3.246e+23 4.042e+07 3.239e-49 6.838e-38 8.592e-37
1.585e-08 4.127e+23 6.471e+07 5.185e-49 1.095e-37 1.375e-36
1.778e-08 5.247e+23 1.036e+08 8.299e-49 1.752e-37 2.201e-36
1.995e-08 6.668e+23 1.657e+08 1.328e-48 2.803e-37 3.522e-36
2.239e-08 8.472e+23 2.650e+08 2.124e-48 4.483e-37 5.633e-36
2.512e-08 1.076e+24 4.238e+08 3.396e-48 7.169e-37 9.008e-36
2.818e-08 1.367e+24 6.775e+08 5.429e-48 1.146e-36 1.440e-35
3.162e-08 1.735e+24 1.083e+09 8.677e-48 1.832e-36 2.302e-35
3.548e-08 2.202e+24 1.730e+09 1.386e-47 2.927e-36 3.678e-35
3.981e-08 2.794e+24 2.764e+09 2.215e-47 4.675e-36 5.874e-35
4.467e-08 3.544e+24 4.413e+09 3.536e-47 7.465e-36 9.381e-35
5.012e-08 4.494e+24 7.045e+09 5.646e-47 1.192e-35 1.498e-34
5.623e-08 5.697e+24 1.124e+10 9.010e-47 1.902e-35 2.390e-34
6.310e-08 7.221e+24 1.794e+10 1.438e-46 3.035e-35 3.814e-34
7.079e-08 9.155e+24 2.864e+10 2.295e-46 4.844e-35 6.087e-34
7.943e-08 1.161e+25 4.573e+10 3.665e-46 7.735e-35 9.721e-34
8.913e-08 1.474e+25 7.309e+10 5.857e-46 1.236e-34 1.554e-33
1.000e-07 1.874e+25 1.170e+11 9.373e-46 1.978e-34 2.486e-33
1.122e-07 2.385e+25 1.874e+11 1.502e-45 3.170e-34 3.983e-33
1.259e-07 3.039e+25 3.006e+11 2.409e-45 5.084e-34 6.389e-33
1.413e-07 3.876e+25 4.827e+11 3.868e-45 8.164e-34 1.026e-32
1.585e-07 4.947e+25 7.756e+11 6.215e-45 1.312e-33 1.649e-32
1.778e-07 6.317e+25 1.247e+12 9.992e-45 2.109e-33 2.650e-32
1.995e-07 8.068e+25 2.005e+12 1.606e-44 3.391e-33 4.261e-32
2.239e-07 1.030e+26 3.222e+12 2.582e-44 5.450e-33 6.849e-32
2.512e-07 1.314e+26 5.176e+12 4.148e-44 8.756e-33 1.100e-31
2.818e-07 1.676e+26 8.309e+12 6.658e-44 1.405e-32 1.766e-31
3.162e-07 2.134e+26 1.332e+13 1.068e-43 2.254e-32 2.832e-31
3.548e-07 2.715e+26 2.133e+13 1.710e-43 3.609e-32 4.535e-31
3.981e-07 3.449e+26 3.412e+13 2.734e-43 5.771e-32 7.252e-31
4.467e-07 4.375e+26 5.449e+13 4.366e-43 9.217e-32 1.158e-30
5.012e-07 5.545e+26 8.693e+13 6.966e-43 1.470e-31 1.848e-30
5.623e-07 7.021e+26 1.386e+14 1.111e-42 2.344e-31 2.946e-30
6.310e-07 8.886e+26 2.208e+14 1.769e-42 3.735e-31 4.693e-30
7.079e-07 1.124e+27 3.517e+14 2.818e-42 5.948e-31 7.475e-30
7.943e-07 1.422e+27 5.600e+14 4.487e-42 9.472e-31 1.190e-29
8.913e-07 1.798e+27 8.915e+14 7.144e-42 1.508e-30 1.895e-29
1.000e-06 2.274e+27 1.419e+15 1.137e-41 2.400e-30 3.016e-29
1.122e-06 2.874e+27 2.258e+15 1.809e-41 3.819e-30 4.800e-29
1.259e-06 3.630e+27 3.591e+15 2.878e-41 6.074e-30 7.633e-29
1.413e-06 4.582e+27 5.706e+15 4.573e-41 9.652e-30 1.213e-28
1.585e-06 5.785e+27 9.069e+15 7.268e-41 1.534e-29 1.928e-28
1.778e-06 7.309e+27 1.443e+16 1.156e-40 2.440e-29 3.066e-28
1.995e-06 9.241e+27 2.296e+16 1.840e-40 3.884e-29 4.881e-28
2.239e-06 1.168e+28 3.655e+16 2.929e-40 6.183e-29 7.769e-28
2.512e-06 1.476e+28 5.811e+16 4.657e-40 9.830e-29 1.235e-27
2.818e-06 1.859e+28 9.217e+16 7.386e-40 1.559e-28 1.959e-27
3.162e-06 2.335e+28 1.457e+17 1.168e-39 2.465e-28 3.097e-27
3.548e-06 2.919e+28 2.294e+17 1.838e-39 3.880e-28 4.876e-27
3.981e-06 3.633e+28 3.594e+17 2.880e-39 6.079e-28 7.639e-27
4.467e-06 4.498e+28 5.601e+17 4.489e-39 9.475e-28 1.191e-26
5.012e-06 5.539e+28 8.684e+17 6.959e-39 1.469e-27 1.846e-26
5.623e-06 6.783e+28 1.339e+18 1.073e-38 2.265e-27 2.846e-26
6.310e-06 8.259e+28 2.052e+18 1.645e-38 3.471e-27 4.362e-26
7.079e-06 9.993e+28 3.126e+18 2.505e-38 5.288e-27 6.645e-26
7.943e-06 1.203e+29 4.736e+18 3.795e-38 8.011e-27 1.007e-25
8.913e-06 1.438e+29 7.132e+18 5.715e-38 1.206e-26 1.516e-25
1.000e-05 1.710e+29 1.067e+19 8.553e-38 1.805e-26 2.269e-25
1.122e-05 2.020e+29 1.587e+19 1.272e-37 2.685e-26 3.374e-25
1.259e-05 2.367e+29 2.341e+19 1.876e-37 3.961e-26 4.977e-25
1.413e-05 2.749e+29 3.423e+19 2.743e-37 5.791e-26 7.277e-25
1.585e-05 3.162e+29 4.958e+19 3.973e-37 8.386e-26 1.054e-24
1.778e-05 3.600e+29 7.106e+19 5.695e-37 1.202e-25 1.510e-24
1.995e-05 4.054e+29 1.007e+20 8.072e-37 1.704e-25 2.141e-24
2.239e-05 4.514e+29 1.412e+20 1.132e-36 2.388e-25 3.001e-24
2.512e-05 4.970e+29 1.957e+20 1.569e-36 3.311e-25 4.161e-24
2.818e-05 5.412e+29 2.683e+20 2.150e-36 4.539e-25 5.703e-24
3.162e-05 5.829e+29 3.638e+20 2.916e-36 6.154e-25 7.734e-24
3.548e-05 6.212e+29 4.881e+20 3.911e-36 8.256e-25 1.038e-23
3.981e-05 6.551e+29 6.480e+20 5.193e-36 1.096e-24 1.377e-23
4.467e-05 6.838e+29 8.515e+20 6.824e-36 1.440e-24 1.810e-23
5.012e-05 7.066e+29 1.108e+21 8.877e-36 1.874e-24 2.355e-23
5.623e-05 7.230e+29 1.427e+21 1.144e-35 2.414e-24 3.033e-23
6.310e-05 7.326e+29 1.820e+21 1.459e-35 3.079e-24 3.870e-23
7.079e-05 7.336e+29 2.295e+21 1.839e-35 3.882e-24 4.878e-23
7.943e-05 7.251e+29 2.856e+21 2.288e-35 4.830e-24 6.070e-23
8.913e-05 7.098e+29 3.519e+21 2.820e-35 5.953e-24 7.481e-23
1.000e-04 6.881e+29 4.294e+21 3.441e-35 7.264e-24 9.128e-23
1.122e-04 6.603e+29 5.188e+21 4.158e-35 8.776e-24 1.103e-22
1.259e-04 6.272e+29 6.205e+21 4.972e-35 1.050e-23 1.319e-22
1.413e-04 5.897e+29 7.343e+21 5.885e-35 1.242e-23 1.561e-22
1.585e-04 5.485e+29 8.599e+21 6.891e-35 1.455e-23 1.828e-22
1.778e-04 5.046e+29 9.960e+21 7.981e-35 1.685e-23 2.117e-22
1.995e-04 4.592e+29 1.141e+22 9.143e-35 1.930e-23 2.425e-22
2.239e-04 4.132e+29 1.292e+22 1.036e-34 2.186e-23 2.747e-22
2.512e-04 3.676e+29 1.448e+22 1.160e-34 2.449e-23 3.077e-22
2.818e-04 3.235e+29 1.604e+22 1.285e-34 2.713e-23 3.409e-22
3.162e-04 2.817e+29 1.758e+22 1.409e-34 2.974e-23 3.737e-22
3.548e-04 2.429e+29 1.909e+22 1.530e-34 3.229e-23 4.057e-22
3.981e-04 2.076e+29 2.054e+22 1.646e-34 3.474e-23 4.366e-22
4.467e-04 1.760e+29 2.192e+22 1.756e-34 3.707e-23 4.659e-22
5.012e-04 1.482e+29 2.323e+22 1.862e-34 3.930e-23 4.938e-22
5.623e-04 1.240e+29 2.448e+22 1.962e-34 4.140e-23 5.203e-22
6.310e-04 1.031e+29 2.563e+22 2.054e-34 4.335e-23 5.448e-22
7.079e-04 8.533e+28 2.669e+22 2.139e-34 4.515e-23 5.674e-22
7.943e-04 7.016e+28 2.763e+22 2.214e-34 4.674e-23 5.873e-22
8.913e-04 5.734e+28 2.843e+22 2.278e-34 4.809e-23 6.043e-22
1.000e-03 4.661e+28 2.909e+22 2.331e-34 4.921e-23 6.184e-22
1.122e-03 3.768e+28 2.961e+22 2.372e-34 5.008e-23 6.293e-22
1.259e-03 3.030e+28 2.997e+22 2.402e-34 5.070e-23 6.372e-22
1.413e-03 2.425e+28 3.020e+22 2.420e-34 5.109e-23 6.420e-22
1.585e-03 1.933e+28 3.030e+22 2.428e-34 5.125e-23 6.441e-22
1.778e-03 1.535e+28 3.029e+22 2.427e-34 5.124e-23 6.439e-22
1.995e-03 1.216e+28 3.021e+22 2.421e-34 5.109e-23 6.420e-22
2.239e-03 9.616e+27 3.008e+22 2.410e-34 5.088e-23 6.394e-22
2.512e-03 7.605e+27 2.995e+22 2.400e-34 5.066e-23 6.366e-22
2.818e-03 6.018e+27 2.983e+22 2.391e-34 5.046e-23 6.342e-22
3.162e-03 4.766e+27 2.975e+22 2.384e-34 5.032e-23 6.323e-22
3.548e-03 3.776e+27 2.967e+22 2.378e-34 5.019e-23 6.307e-22
3.981e-03 2.990e+27 2.957e+22 2.370e-34 5.002e-23 6.286e-22
4.467e-03 2.366e+27 2.946e+22 2.361e-34 4.983e-23 6.262e-22
5.012e-03 1.871e+27 2.933e+22 2.351e-34 4.962e-23 6.235e-22
5.623e-03 1.480e+27 2.920e+22 2.340e-34 4.940e-23 6.207e-22
6.310e-03 1.170e+27 2.907e+22 2.329e-34 4.917e-23 6.178e-22
7.079e-03 9.247e+26 2.893e+22 2.318e-34 4.893e-23 6.148e-22
7.943e-03 7.307e+26 2.878e+22 2.306e-34 4.867e-23 6.117e-22
8.913e-03 5.771e+26 2.861e+22 2.293e-34 4.840e-23 6.082e-22
1.000e-02 4.555e+26 2.843e+22 2.278e-34 4.809e-23 6.043e-22
1.122e-02 3.591e+26 2.821e+22 2.261e-34 4.773e-23 5.997e-22
1.259e-02 2.827e+26 2.797e+22 2.241e-34 4.731e-23 5.945e-22
1.413e-02 2.223e+26 2.769e+22 2.219e-34 4.684e-23 5.885e-22
1.585e-02 1.746e+26 2.737e+22 2.194e-34 4.630e-23 5.819e-22
1.778e-02 1.370e+26 2.703e+22 2.166e-34 4.573e-23 5.746e-22
1.995e-02 1.073e+26 2.667e+22 2.137e-34 4.512e-23 5.670e-22
2.239e-02 8.408e+25 2.630e+22 2.108e-34 4.449e-23 5.591e-22
2.512e-02 6.584e+25 2.593e+22 2.078e-34 4.386e-23 5.511e-22
2.818e-02 5.156e+25 2.556e+22 2.048e-34 4.324e-23 5.433e-22
3.162e-02 4.039e+25 2.521e+22 2.020e-34 4.264e-23 5.358e-22
3.548e-02 3.166e+25 2.488e+22 1.994e-34 4.208e-23 5.288e-22
3.981e-02 2.484e+25 2.458e+22 1.969e-34 4.157e-23 5.224e-22
4.467e-02 1.952e+25 2.431e+22 1.948e-34 4.111e-23 5.167e-22
5.012e-02 1.535e+25 2.407e+22 1.929e-34 4.071e-23 5.116e-22
5.623e-02 1.209e+25 2.386e+22 1.912e-34 4.036e-23 5.072e-22
6.310e-02 9.530e+24 2.368e+22 1.898e-34 4.005e-23 5.033e-22
7.079e-02 7.517e+24 2.351e+22 1.884e-34 3.977e-23 4.998e-22
7.943e-02 5.930e+24 2.335e+22 1.871e-34 3.950e-23 4.964e-22
8.913e-02 4.678e+24 2.319e+22 1.858e-34 3.923e-23 4.930e-22
1.000e-01 3.689e+24 2.303e+22 1.845e-34 3.895e-23 4.894e-22
1.122e-01 2.908e+24 2.285e+22 1.831e-34 3.866e-23 4.858e-22
1.259e-01 2.292e+24 2.268e+22 1.817e-34 3.836e-23 4.820e-22
1.413e-01 1.806e+24 2.249e+22 1.803e-34 3.805e-23 4.781e-22
1.585e-01 1.423e+24 2.231e+22 1.788e-34 3.773e-23 4.742e-22
1.778e-01 1.121e+24 2.212e+22 1.772e-34 3.741e-23 4.701e-22
1.995e-01 8.822e+23 2.192e+22 1.757e-34 3.708e-23 4.660e-22
2.239e-01 6.944e+23 2.172e+22 1.741e-34 3.674e-23 4.617e-22
2.512e-01 5.464e+23 2.152e+22 1.724e-34 3.640e-23 4.574e-22
2.818e-01 4.298e+23 2.131e+22 1.708e-34 3.605e-23 4.530e-22
3.162e-01 3.381e+23 2.110e+22 1.691e-34 3.569e-23 4.485e-22
3.548e-01 2.658e+23 2.088e+22 1.674e-34 3.533e-23 4.439e-22
3.981e-01 2.089e+23 2.067e+22 1.656e-34 3.496e-23 4.393e-22
4.467e-01 1.642e+23 2.044e+22 1.638e-34 3.458e-23 4.346e-22
5.012e-01 1.290e+23 2.022e+22 1.620e-34 3.420e-23 4.298e-22
5.623e-01 1.013e+23 1.999e+22 1.602e-34 3.381e-23 4.249e-22
6.310e-01 7.950e+22 1.976e+22 1.583e-34 3.342e-23 4.199e-22
7.079e-01 6.239e+22 1.952e+22 1.564e-34 3.301e-23 4.149e-22
7.943e-01 4.895e+22 1.928e+22 1.545e-34 3.261e-23 4.097e-22
8.913e-01 3.838e+22 1.903e+22 1.525e-34 3.219e-23 4.045e-22
1.000e+00 3.009e+22 1.878e+22 1.505e-34 3.177e-23 3.992e-22
1.122e+00 2.358e+22 1.853e+22 1.485e-34 3.134e-23 3.938e-22
1.259e+00 1.846e+22 1.827e+22 1.464e-34 3.090e-23 3.883e-22
1.413e+00 1.445e+22 1.800e+22 1.443e-34 3.045e-23 3.826e-22
1.585e+00 1.131e+22 1.773e+22 1.421e-34 2.999e-23 3.769e-22
1.778e+00 8.844e+21 1.745e+22 1.399e-34 2.953e-23 3.710e-22
1.995e+00 6.911e+21 1.717e+22 1.376e-34 2.905e-23 3.650e-22
2.239e+00 5.398e+21 1.689e+22 1.353e-34 2.856e-23 3.589e-22
2.512e+00 4.213e+21 1.659e+22 1.329e-34 2.806e-23 3.527e-22
2.818e+00 3.286e+21 1.629e+22 1.305e-34 2.755e-23 3.462e-22
3.162e+00 2.560e+21 1.598e+22 1.281e-34 2.703e-23 3.397e-22
3.548e+00 1.993e+21 1.566e+22 1.255e-34 2.650e-23 3.330e-22
3.981e+00 1.551e+21 1.534e+22 1.229e-34 2.595e-23 3.261e-22
4.467e+00 1.205e+21 1.501e+22 1.203e-34 2.539e-23 3.190e-22
5.012e+00 9.356e+20 1.467e+22 1.175e-34 2.481e-23 3.118e-22
5.623e+00 7.255e+20 1.432e+22 1.147e-34 2.422e-23 3.044e-22
6.310e+00 5.619e+20 1.396e+22 1.119e-34 2.362e-23 2.968e-22
7.079e+00 4.346e+20 1.359e+22 1.089e-34 2.300e-23 2.890e-22
7.943e+00 3.357e+20 1.322e+22 1.059e-34 2.236e-23 2.810e-22
8.913e+00 2.589e+20 1.284e+22 1.029e-34 2.171e-23 2.728e-22
1.000e+01 1.993e+20 1.244e+22 9.971e-35 2.105e-23 2.645e-22
1.122e+01 1.532e+20 1.204e+22 9.649e-35 2.037e-23 2.559e-22
1.259e+01 1.176e+20 1.163e+22 9.320e-35 1.967e-23 2.472e-22
1.413e+01 9.003e+19 1.121e+22 8.985e-35 1.897e-23 2.383e-22
1.585e+01 6.880e+19 1.079e+22 8.644e-35 1.825e-23 2.293e-22
1.778e+01 5.246e+19 1.035e+22 8.297e-35 1.751e-23 2.201e-22
1.995e+01 3.990e+19 9.915e+21 7.945e-35 1.677e-23 2.108e-22
2.239e+01 3.027e+19 9.470e+21 7.589e-35 1.602e-23 2.013e-22
2.512e+01 2.291e+19 9.021e+21 7.229e-35 1.526e-23 1.917e-22
2.818e+01 1.728e+19 8.568e+21 6.866e-35 1.449e-23 1.821e-22
3.162e+01 1.300e+19 8.113e+21 6.501e-35 1.372e-23 1.724e-22
3.548e+01 9.744e+18 7.656e+21 6.135e-35 1.295e-23 1.627e-22
3.981e+01 7.279e+18 7.200e+21 5.770e-35 1.218e-23 1.531e-22
4.467e+01 5.417e+18 6.746e+21 5.406e-35 1.141e-23 1.434e-22
5.012e+01 4.016e+18 6.296e+21 5.045e-35 1.065e-23 1.338e-22
5.623e+01 2.964e+18 5.851e+21 4.689e-35 9.897e-24 1.244e-22
6.310e+01 2.178e+18 5.413e+21 4.338e-35 9.156e-24 1.151e-22
7.079e+01 1.593e+18 4.983e+21 3.994e-35 8.430e-24 1.059e-22
7.943e+01 1.159e+18 4.565e+21 3.658e-35 7.722e-24 9.703e-23
8.913e+01 8.389e+17 4.159e+21 3.333e-35 7.035e-24 8.841e-23
1.000e+02 6.036e+17 3.767e+21 3.019e-35 6.373e-24 8.008e-23
1.122e+02 4.316e+17 3.392e+21 2.718e-35 5.737e-24 7.209e-23
1.259e+02 3.067e+17 3.033e+21 2.431e-35 5.131e-24 6.448e-23
1.413e+02 2.163e+17 2.694e+21 2.159e-35 4.557e-24 5.727e-23
1.585e+02 1.515e+17 2.375e+21 1.903e-35 4.018e-24 5.049e-23
1.778e+02 1.053e+17 2.078e+21 1.665e-35 3.514e-24 4.416e-23
1.995e+02 7.252e+16 1.802e+21 1.444e-35 3.048e-24 3.830e-23
2.239e+02 4.951e+16 1.549e+21 1.241e-35 2.620e-24 3.292e-23
2.512e+02 3.348e+16 1.319e+21 1.057e-35 2.230e-24 2.803e-23
2.818e+02 2.241e+16 1.111e+21 8.904e-36 1.879e-24 2.362e-23
3.162e+02 1.484e+16 9.261e+20 7.421e-36 1.566e-24 1.969e-23
3.548e+02 9.709e+15 7.629e+20 6.113e-36 1.290e-24 1.622e-23
3.981e+02 6.274e+15 6.206e+20 4.973e-36 1.050e-24 1.319e-23
4.467e+02 4.000e+15 4.981e+20 3.992e-36 8.426e-25 1.059e-23
5.012e+02 2.514e+15 3.941e+20 3.158e-36 6.667e-25 8.378e-24
5.623e+02 1.556e+15 3.071e+20 2.461e-36 5.194e-25 6.527e-24
6.310e+02 9.470e+14 2.353e+20 1.886e-36 3.980e-25 5.002e-24
7.079e+02 5.663e+14 1.772e+20 1.420e-36 2.997e-25 3.766e-24
7.943e+02 3.322e+14 1.308e+20 1.048e-36 2.213e-25 2.781e-24
8.913e+02 1.909e+14 9.466e+19 7.586e-37 1.601e-25 2.012e-24
1.000e+03 1.073e+14 6.699e+19 5.368e-37 1.133e-25 1.424e-24
1.122e+03 5.890e+13 4.628e+19 3.709e-37 7.828e-26 9.837e-25
1.259e+03 3.149e+13 3.116e+19 2.497e-37 5.270e-26 6.622e-25
1.413e+03 1.638e+13 2.039e+19 1.634e-37 3.450e-26 4.335e-25
1.585e+03 8.260e+12 1.295e+19 1.038e-37 2.190e-26 2.753e-25
1.778e+03 4.031e+12 7.955e+18 6.375e-38 1.346e-26 1.691e-25
1.995e+03 1.897e+12 4.714e+18 3.778e-38 7.974e-27 1.002e-25
2.239e+03 8.585e+11 2.685e+18 2.152e-38 4.543e-27 5.708e-26
2.512e+03 3.720e+11 1.465e+18 1.174e-38 2.478e-27 3.114e-26
2.818e+03 1.536e+11 7.617e+17 6.104e-39 1.288e-27 1.619e-26
3.162e+03 6.014e+10 3.753e+17 3.008e-39 6.349e-28 7.978e-27
3.548e+03 2.214e+10 1.740e+17 1.394e-39 2.943e-28 3.698e-27
3.981e+03 7.590e+09 7.508e+16 6.017e-40 1.270e-28 1.596e-27
4.467e+03 2.386e+09 2.972e+16 2.381e-40 5.026e-29 6.316e-28
5.012e+03 6.717e+08 1.053e+16 8.439e-41 1.781e-29 2.239e-28
5.623e+03 1.626e+08 3.210e+15 2.572e-41 5.429e-30 6.823e-29
6.310e+03 3.145e+07 7.814e+14 6.262e-42 1.322e-30 1.661e-29
7.079e+03 4.176e+06 1.306e+14 1.047e-42 2.210e-31 2.777e-30
7.943e+03 2.583e+05 1.017e+13 8.151e-44 1.721e-32 2.162e-31
8.913e+03 8.312e+02 4.121e+10 3.303e-46 6.971e-35 8.760e-34
1.000e+04 0.000e+00 0.000e+00 0.000e+00 0.000e+00 0.000e+00
1.122e+04 0.000e+00 0.000e+00 0.000e+00 0.000e+00 0.000e+00
1.259e+04 0.000e+00 0.000e+00 0.000e+00 0.000e+00 0.000e+00
1.413e+04 0.000e+00 0.000e+00 0.000e+00 0.000e+00 0.000e+00
1.585e+04 0.000e+00 0.000e+00 0.000e+00 0.000e+00 0.000e+00
1.778e+04 0.000e+00 0.000e+00 0.000e+00 0.000e+00 0.000e+00
1.995e+04 0.000e+00 0.000e+00 0.000e+00 0.000e+00 0.000e+00
2.239e+04 0.000e+00 0.000e+00 0.000e+00 0.000e+00 0.000e+00
2.512e+04 0.000e+00 0.000e+00 0.000e+00 0.000e+00 0.000e+00
2.818e+04 0.000e+00 0.000e+00 0.000e+00 0.000e+00 0.000e+00
3.162e+04 0.000e+00 0.000e+00 0.000e+00 0.000e+00 0.000e+00
3.548e+04 0.000e+00 0.000e+00 0.000e+00 0.000e+00 0.000e+00
3.981e+04 0.000e+00 0.000e+00 0.000e+00 0.000e+00 0.000e+00
4.467e+04 0.000e+00 0.000e+00 0.000e+00 0.000e+00 0.000e+00
5.012e+04 0.000e+00 0.000e+00 0.000e+00 0.000e+00 0.000e+00
5.623e+04 0.000e+00 0.000e+00 0.000e+00 0.000e+00 0.000e+00
6.310e+04 0.000e+00 0.000e+00 0.000e+00 0.000e+00 0.000e+00
7.079e+04 0.000e+00 0.000e+00 0.000e+00 0.000e+00 0.000e+00
7.943e+04 0.000e+00 0.000e+00 0.000e+00 0.000e+00 0.000e+00
8.913e+04 0.000e+00 0.000e+00 0.000e+00 0.000e+00 0.000e+00
1.000e+05 0.000e+00 0.000e+00 0.000e+00 0.000e+00 0.000e+00
1.122e+05 0.000e+00 0.000e+00 0.000e+00 0.000e+00 0.000e+00
1.259e+05 0.000e+00 0.000e+00 0.000e+00 0.000e+00 0.000e+00
1.413e+05 0.000e+00 0.000e+00 0.000e+00 0.000e+00 0.000e+00
1.585e+05 0.000e+00 0.000e+00 0.000e+00 0.000e+00 0.000e+00
1.778e+05 0.000e+00 0.000e+00 0.000e+00 0.000e+00 0.000e+00
1.995e+05 0.000e+00 0.000e+00 0.000e+00 0.000e+00 0.000e+00
2.239e+05 0.000e+00 0.000e+00 0.000e+00 0.000e+00 0.000e+00
2.512e+05 0.000e+00 0.000e+00 0.000e+00 0.000e+00 0.000e+00
2.818e+05 0.000e+00 0.000e+00 0.000e+00 0.000e+00 0.000e+00
3.162e+05 0.000e+00 0.000e+00 0.000e+00 0.000e+00 0.000e+00
3.548e+05 0.000e+00 0.000e+00 0.000e+00 0.000e+00 0.000e+00
3.981e+05 0.000e+00 0.000e+00 0.000e+00 0.000e+00 0.000e+00
4.467e+05 0.000e+00 0.000e+00 0.000e+00 0.000e+00 0.000e+00
5.012e+05 0.000e+00 0.000e+00 0.000e+00 0.000e+00 0.000e+00
5.623e+05 0.000e+00 0.000e+00 0.000e+00 0.000e+00 0.000e+00
6.310e+05 0.000e+00 0.000e+00 0.000e+00 0.000e+00 0.000e+00
7.079e+05 0.000e+00 0.000e+00 0.000e+00 0.000e+00 0.000e+00
7.943e+05 0.000e+00 0.000e+00 0.000e+00 0.000e+00 0.000e+00
8.913e+05 0.000e+00 0.000e+00 0.000e+00 0.000e+00 0.000e+00
1.000e+06 0.000e+00 0.000e+00 0.000e+00 0.000e+00 0.000e+00
1.122e+06 0.000e+00 0.000e+00 0.000e+00 0.000e+00 0.000e+00
1.259e+06 0.000e+00 0.000e+00 0.000e+00 0.000e+00 0.000e+00
1.413e+06 0.000e+00 0.000e+00 0.000e+00 0.000e+00 0.000e+00
1.585e+06 0.000e+00 0.000e+00 0.000e+00 0.000e+00 0.000e+00
1.778e+06 0.000e+00 0.000e+00 0.000e+00 0.000e+00 0.000e+00
1.995e+06 0.000e+00 0.000e+00 0.000e+00 0.000e+00 0.000e+00
2.239e+06 0.000e+00 0.000e+00 0.000e+00 0.000e+00 0.000e+00
2.512e+06 0.000e+00 0.000e+00 0.000e+00 0.000e+00 0.000e+00
2.818e+06 0.000e+00 0.000e+00 0.000e+00 0.000e+00 0.000e+00
3.162e+06 0.000e+00 0.000e+00 0.000e+00 0.000e+00 0.000e+00
3.548e+06 0.000e+00 0.000e+00 0.000e+00 0.000e+00 0.000e+00
3.981e+06 0.000e+00 0.000e+00 0.000e+00 0.000e+00 0.000e+00
4.467e+06 0.000e+00 0.000e+00 0.000e+00 0.000e+00 0.000e+00
5.012e+06 0.000e+00 0.000e+00 0.000e+00 0.000e+00 0.000e+00
5.623e+06 0.000e+00 0.000e+00 0.000e+00 0.000e+00 0.000e+00
6.310e+06 0.000e+00 0.000e+00 0.000e+00 0.000e+00 0.000e+00
7.079e+06 0.000e+00 0.000e+00 0.000e+00 0.000e+00 0.000e+00
7.943e+06 0.000e+00 0.000e+00 0.000e+00 0.000e+00 0.000e+00
8.913e+06 0.000e+00 0.000e+00 0.000e+00 0.000e+00 0.000e+00
1.000e+07 0.000e+00 0.000e+00 0.000e+00 0.000e+00 0.000e+00
1.122e+07 0.000e+00 0.000e+00 0.000e+00 0.000e+00 0.000e+00
1.259e+07 0.000e+00 0.000e+00 0.000e+00 0.000e+00 0.000e+00
1.413e+07 0.000e+00 0.000e+00 0.000e+00 0.000e+00 0.000e+00
1.585e+07 0.000e+00 0.000e+00 0.000e+00 0.000e+00 0.000e+00
1.778e+07 0.000e+00 0.000e+00 0.000e+00 0.000e+00 0.000e+00
1.995e+07 0.000e+00 0.000e+00 0.000e+00 0.000e+00 0.000e+00
2.239e+07 0.000e+00 0.000e+00 0.000e+00 0.000e+00 0.000e+00
2.512e+07 0.000e+00 0.000e+00 0.000e+00 0.000e+00 0.000e+00
2.818e+07 0.000e+00 0.000e+00 0.000e+00 0.000e+00 0.000e+00
3.162e+07 0.000e+00 0.000e+00 0.000e+00 0.000e+00 0.000e+00
3.548e+07 0.000e+00 0.000e+00 0.000e+00 0.000e+00 0.000e+00
3.981e+07 0.000e+00 0.000e+00 0.000e+00 0.000e+00 0.000e+00
4.467e+07 0.000e+00 0.000e+00 0.000e+00 0.000e+00 0.000e+00
5.012e+07 0.000e+00 0.000e+00 0.000e+00 0.000e+00 0.000e+00
5.623e+07 0.000e+00 0.000e+00 0.000e+00 0.000e+00 0.000e+00
6.310e+07 0.000e+00 0.000e+00 0.000e+00 0.000e+00 0.000e+00
7.079e+07 0.000e+00 0.000e+00 0.000e+00 0.000e+00 0.000e+00
7.943e+07 0.000e+00 0.000e+00 0.000e+00 0.000e+00 0.000e+00
8.913e+07 0.000e+00 0.000e+00 0.000e+00 0.000e+00 0.000e+00
1.000e+08 0.000e+00 0.000e+00 0.000e+00 0.000e+00 0.000e+00
