1.000e-20 0.000e+00 0.000e+00 0.000e+00 0.000e+00 0.000e+00
1.122e-20 0.000e+00 0.000e+00 0.000e+00 0.000e+00 0.000e+00
1.259e-20 0.000e+00 0.000e+00 0.000e+00 0.000e+00 0.000e+00
1.413e-20 0.000e+00 0.000e+00 0.000e+00 0.000e+00 0.000e+00
1.585e-20 0.000e+00 0.000e+00 0.000e+00 0.000e+00 0.000e+00
1.778e-20 0.000e+00 0.000e+00 0.000e+00 0.000e+00 0.000e+00
1.995e-20 0.000e+00 0.000e+00 0.000e+00 0.000e+00 0.000e+00
2.239e-20 0.000e+00 0.000e+00 0.000e+00 0.000e+00 0.000e+00
2.512e-20 0.000e+00 0.000e+00 0.000e+00 0.000e+00 0.000e+00
2.818e-20 0.000e+00 0.000e+00 0.000e+00 0.000e+00 0.000e+00
3.162e-20 0.000e+00 0.000e+00 0.000e+00 0.000e+00 0.000e+00
3.548e-20 0.000e+00 0.000e+00 0.000e+00 0.000e+00 0.000e+00
3.981e-20 0.000e+00 0.000e+00 0.000e+00 0.000e+00 0.000e+00
4.467e-20 0.000e+00 0.000e+00 0.000e+00 0.000e+00 0.000e+00
5.012e-20 0.000e+00 0.000e+00 0.000e+00 0.000e+00 0.000e+00
5.623e-20 0.000e+00 0.000e+00 0.000e+00 0.000e+00 0.000e+00
6.310e-20 0.000e+00 0.000e+00 0.000e+00 0.000e+00 0.000e+00
7.079e-20 0.000e+00 0.000e+00 0.000e+00 0.000e+00 0.000e+00
7.943e-20 0.000e+00 0.000e+00 0.000e+00 0.000e+00 0.000e+00
8.913e-20 0.000e+00 0.000e+00 0.000e+00 0.000e+00 0.000e+00
1.000e-19 0.000e+00 0.000e+00 0.000e+00 0.000e+00 0.000e+00
1.122e-19 0.000e+00 0.000e+00 0.000e+00 0.000e+00 0.000e+00
1.259e-19 0.000e+00 0.000e+00 0.000e+00 0.000e+00 0.000e+00
1.413e-19 0.000e+00 0.000e+00 0.000e+00 0.000e+00 0.000e+00
1.585e-19 0.000e+00 0.000e+00 0.000e+00 0.000e+00 0.000e+00
1.778e-19 0.000e+00 0.000e+00 0.000e+00 0.000e+00 0.000e+00
1.995e-19 0.000e+00 0.000e+00 0.000e+00 0.000e+00 0.000e+00
2.239e-19 0.000e+00 0.000e+00 0.000e+00 0.000e+00 0.000e+00
2.512e-19 0.000e+00 0.000e+00 0.000e+00 0.000e+00 0.000e+00
2.818e-19 0.000e+00 0.000e+00 0.000e+00 0.000e+00 0.000e+00
3.162e-19 0.000e+00 0.000e+00 0.000e+00 0.000e+00 0.000e+00
3.548e-19 0.000e+00 0.000e+00 0.000e+00 0.000e+00 0.000e+00
3.981e-19 0.000e+00 0.000e+00 0.000e+00 0.000e+00 0.000e+00
4.467e-19 0.000e+00 0.000e+00 0.000e+00 0.000e+00 0.000e+00
5.012e-19 0.000e+00 0.000e+00 0.000e+00 0.000e+00 0.000e+00
5.623e-19 0.000e+00 0.000e+00 0.000e+00 0.000e+00 0.000e+00
6.310e-19 0.000e+00 0.000e+00 0.000e+00 0.000e+00 0.000e+00
7.079e-19 0.000e+00 0.000e+00 0.000e+00 0.000e+00 0.000e+00
7.943e-19 0.000e+00 0.000e+00 0.000e+00 0.000e+00 0.000e+00
8.913e-19 0.000e+00 0.000e+00 0.000e+00 0.000e+00 0.000e+00
1.000e-18 0.000e+00 0.000e+00 0.000e+00 0.000e+00 0.000e+00
1.122e-18 0.000e+00 0.000e+00 0.000e+00 0.000e+00 0.000e+00
1.259e-18 0.000e+00 0.000e+00 0.000e+00 0.000e+00 0.000e+00
1.413e-18 0.000e+00 0.000e+00 0.000e+00 0.000e+00 0.000e+00
1.585e-18 0.000e+00 0.000e+00 0.000e+00 0.000e+00 0.000e+00
1.778e-18 0.000e+00 0.000e+00 0.000e+00 0.000e+00 0.000e+00
1.995e-18 0.000e+00 0.000e+00 0.000e+00 0.000e+00 0.000e+00
2.239e-18 0.000e+00 0.000e+00 0.000e+00 0.000e+00 0.000e+00
2.512e-18 0.000e+00 0.000e+00 0.000e+00 0.000e+00 0.000e+00
2.818e-18 0.000e+00 0.000e+00 0.000e+00 0.000e+00 0.000e+00
3.162e-18 0.000e+00 0.000e+00 0.000e+00 0.000e+00 0.000e+00
3.548e-18 0.000e+00 0.000e+00 0.000e+00 0.000e+00 0.000e+00
3.981e-18 0.000e+00 0.000e+00 0.000e+00 0.000e+00 0.000e+00
4.467e-18 0.000e+00 0.000e+00 0.000e+00 0.000e+00 0.000e+00
5.012e-18 0.000e+00 0.000e+00 0.000e+00 0.000e+00 0.000e+00
5.623e-18 0.000e+00 0.000e+00 0.000e+00 0.000e+00 0.000e+00
6.310e-18 0.000e+00 0.000e+00 0.000e+00 0.000e+00 0.000e+00
7.079e-18 0.000e+00 0.000e+00 0.000e+00 0.000e+00 0.000e+00
7.943e-18 0.000e+00 0.000e+00 0.000e+00 0.000e+00 0.000e+00
8.913e-18 0.000e+00 0.000e+00 0.000e+00 0.000e+00 0.000e+00
1.000e-17 0.000e+00 0.000e+00 0.000e+00 0.000e+00 0.000e+00
1.122e-17 0.000e+00 0.000e+00 0.000e+00 0.000e+00 0.000e+00
1.259e-17 0.000e+00 0.000e+00 0.000e+00 0.000e+00 0.000e+00
1.413e-17 0.000e+00 0.000e+00 0.000e+00 0.000e+00 0.000e+00
1.585e-17 0.000e+00 0.000e+00 0.000e+00 0.000e+00 0.000e+00
1.778e-17 0.000e+00 0.000e+00 0.000e+00 0.000e+00 0.000e+00
1.995e-17 0.000e+00 0.000e+00 0.000e+00 0.000e+00 0.000e+00
2.239e-17 0.000e+00 0.000e+00 0.000e+00 0.000e+00 0.000e+00
2.512e-17 0.000e+00 0.000e+00 0.000e+00 0.000e+00 0.000e+00
2.818e-17 0.000e+00 0.000e+00 0.000e+00 0.000e+00 0.000e+00
3.162e-17 0.000e+00 0.000e+00 0.000e+00 0.000e+00 0.000e+00
3.548e-17 0.000e+00 0.000e+00 0.000e+00 0.000e+00 0.000e+00
3.981e-17 0.000e+00 0.000e+00 0.000e+00 0.000e+00 0.000e+00
4.467e-17 0.000e+00 0.000e+00 0.000e+00 0.000e+00 0.000e+00
5.012e-17 0.000e+00 0.000e+00 0.000e+00 0.000e+00 0.000e+00
5.623e-17 0.000e+00 0.000e+00 0.000e+00 0.000e+00 0.000e+00
6.310e-17 0.000e+00 0.000e+00 0.000e+00 0.000e+00 0.000e+00
7.079e-17 0.000e+00 0.000e+00 0.000e+00 0.000e+00 0.000e+00
7.943e-17 0.000e+00 0.000e+00 0.000e+00 0.000e+00 0.000e+00
8.913e-17 0.000e+00 0.000e+00 0.000e+00 0.000e+00 0.000e+00
1.000e-16 0.000e+00 0.000e+00 0.000e+00 0.000e+00 0.000e+00
1.122e-16 0.000e+00 0.000e+00 0.000e+00 0.000e+00 0.000e+00
1.259e-16 0.000e+00 0.000e+00 0.000e+00 0.000e+00 0.000e+00
1.413e-16 0.000e+00 0.000e+00 0.000e+00 0.000e+00 0.000e+00
1.585e-16 0.000e+00 0.000e+00 0.000e+00 0.000e+00 0.000e+00
1.778e-16 0.000e+00 0.000e+00 0.000e+00 0.000e+00 0.000e+00
1.995e-16 0.000e+00 0.000e+00 0.000e+00 0.000e+00 0.000e+00
2.239e-16 0.000e+00 0.000e+00 0.000e+00 0.000e+00 0.000e+00
2.512e-16 0.000e+00 0.000e+00 0.000e+00 0.000e+00 0.000e+00
2.818e-16 0.000e+00 0.000e+00 0.000e+00 0.000e+00 0.000e+00
3.162e-16 0.000e+00 0.000e+00 0.000e+00 0.000e+00 0.000e+00
3.548e-16 0.000e+00 0.000e+00 0.000e+00 0.000e+00 0.000e+00
3.981e-16 0.000e+00 0.000e+00 0.000e+00 0.000e+00 0.000e+00
4.467e-16 0.000e+00 0.000e+00 0.000e+00 0.000e+00 0.000e+00
5.012e-16 0.000e+00 0.000e+00 0.000e+00 0.000e+00 0.000e+00
5.623e-16 0.000e+00 0.000e+00 0.000e+00 0.000e+00 0.000e+00
6.310e-16 0.000e+00 0.000e+00 0.000e+00 0.000e+00 0.000e+00
7.079e-16 0.000e+00 0.000e+00 0.000e+00 0.000e+00 0.000e+00
7.943e-16 0.000e+00 0.000e+00 0.000e+00 0.000e+00 0.000e+00
8.913e-16 0.000e+00 0.000e+00 0.000e+00 0.000e+00 0.000e+00
1.000e-15 0.000e+00 0.000e+00 0.000e+00 0.000e+00 0.000e+00
1.122e-15 5.597e+41 4.398e+11 3.524e-45 7.439e-34 9.348e-33
1.259e-15 4.961e+41 4.907e+11 3.932e-45 8.301e-34 1.043e-32
1.413e-15 4.397e+41 5.476e+11 4.388e-45 9.262e-34 1.164e-32
1.585e-15 3.897e+41 6.110e+11 4.896e-45 1.033e-33 1.299e-32
1.778e-15 3.454e+41 6.817e+11 5.463e-45 1.153e-33 1.449e-32
1.995e-15 3.061e+41 7.606e+11 6.095e-45 1.287e-33 1.617e-32
2.239e-15 2.713e+41 8.486e+11 6.800e-45 1.435e-33 1.804e-32
2.512e-15 2.404e+41 9.467e+11 7.587e-45 1.601e-33 2.012e-32
2.818e-15 2.130e+41 1.056e+12 8.464e-45 1.787e-33 2.245e-32
3.162e-15 1.888e+41 1.178e+12 9.442e-45 1.993e-33 2.504e-32
3.548e-15 1.673e+41 1.314e+12 1.053e-44 2.223e-33 2.794e-32
3.981e-15 1.482e+41 1.466e+12 1.175e-44 2.480e-33 3.117e-32
4.467e-15 1.313e+41 1.635e+12 1.311e-44 2.766e-33 3.476e-32
5.012e-15 1.164e+41 1.824e+12 1.462e-44 3.086e-33 3.878e-32
5.623e-15 1.031e+41 2.035e+12 1.631e-44 3.442e-33 4.325e-32
6.310e-15 9.133e+40 2.269e+12 1.819e-44 3.839e-33 4.824e-32
7.079e-15 8.091e+40 2.531e+12 2.028e-44 4.281e-33 5.380e-32
7.943e-15 7.168e+40 2.823e+12 2.262e-44 4.775e-33 6.000e-32
8.913e-15 6.350e+40 3.148e+12 2.523e-44 5.325e-33 6.692e-32
1.000e-14 5.625e+40 3.511e+12 2.813e-44 5.939e-33 7.463e-32
1.122e-14 4.982e+40 3.915e+12 3.137e-44 6.622e-33 8.322e-32
1.259e-14 4.413e+40 4.366e+12 3.498e-44 7.385e-33 9.280e-32
1.413e-14 3.909e+40 4.868e+12 3.901e-44 8.234e-33 1.035e-31
1.585e-14 3.462e+40 5.428e+12 4.350e-44 9.181e-33 1.154e-31
1.778e-14 3.066e+40 6.052e+12 4.850e-44 1.024e-32 1.286e-31
1.995e-14 2.715e+40 6.747e+12 5.407e-44 1.141e-32 1.434e-31
2.239e-14 2.405e+40 7.522e+12 6.028e-44 1.272e-32 1.599e-31
2.512e-14 2.130e+40 8.386e+12 6.720e-44 1.419e-32 1.783e-31
2.818e-14 1.886e+40 9.349e+12 7.492e-44 1.581e-32 1.987e-31
3.162e-14 1.670e+40 1.042e+13 8.352e-44 1.763e-32 2.215e-31
3.548e-14 1.478e+40 1.162e+13 9.309e-44 1.965e-32 2.469e-31
3.981e-14 1.309e+40 1.295e+13 1.038e-43 2.190e-32 2.752e-31
4.467e-14 1.159e+40 1.443e+13 1.157e-43 2.441e-32 3.068e-31
5.012e-14 1.026e+40 1.609e+13 1.289e-43 2.721e-32 3.419e-31
5.623e-14 9.083e+39 1.793e+13 1.437e-43 3.033e-32 3.811e-31
6.310e-14 8.041e+39 1.998e+13 1.601e-43 3.380e-32 4.247e-31
7.079e-14 7.118e+39 2.227e+13 1.784e-43 3.766e-32 4.733e-31
7.943e-14 6.300e+39 2.481e+13 1.988e-43 4.197e-32 5.274e-31
8.913e-14 5.576e+39 2.765e+13 2.215e-43 4.677e-32 5.877e-31
1.000e-13 4.936e+39 3.081e+13 2.469e-43 5.211e-32 6.548e-31
1.122e-13 4.368e+39 3.432e+13 2.750e-43 5.806e-32 7.296e-31
1.259e-13 3.866e+39 3.824e+13 3.064e-43 6.468e-32 8.128e-31
1.413e-13 3.421e+39 4.260e+13 3.414e-43 7.206e-32 9.056e-31
1.585e-13 3.027e+39 4.746e+13 3.803e-43 8.028e-32 1.009e-30
1.778e-13 2.679e+39 5.287e+13 4.237e-43 8.943e-32 1.124e-30
1.995e-13 2.370e+39 5.889e+13 4.719e-43 9.961e-32 1.252e-30
2.239e-13 2.097e+39 6.559e+13 5.256e-43 1.110e-31 1.394e-30
2.512e-13 1.855e+39 7.306e+13 5.854e-43 1.236e-31 1.553e-30
2.818e-13 1.641e+39 8.136e+13 6.520e-43 1.376e-31 1.729e-30
3.162e-13 1.452e+39 9.061e+13 7.261e-43 1.533e-31 1.926e-30
3.548e-13 1.284e+39 1.009e+14 8.086e-43 1.707e-31 2.145e-30
3.981e-13 1.136e+39 1.124e+14 9.004e-43 1.901e-31 2.388e-30
4.467e-13 1.005e+39 1.251e+14 1.003e-42 2.116e-31 2.659e-30
5.012e-13 8.885e+38 1.393e+14 1.116e-42 2.356e-31 2.961e-30
5.623e-13 7.857e+38 1.551e+14 1.243e-42 2.623e-31 3.297e-30
6.310e-13 6.948e+38 1.726e+14 1.384e-42 2.920e-31 3.670e-30
7.079e-13 6.144e+38 1.922e+14 1.540e-42 3.251e-31 4.085e-30
7.943e-13 5.432e+38 2.139e+14 1.714e-42 3.619e-31 4.547e-30
8.913e-13 4.803e+38 2.381e+14 1.908e-42 4.028e-31 5.062e-30
1.000e-12 4.246e+38 2.650e+14 2.124e-42 4.483e-31 5.633e-30
1.122e-12 3.754e+38 2.950e+14 2.364e-42 4.989e-31 6.270e-30
1.259e-12 3.318e+38 3.282e+14 2.630e-42 5.552e-31 6.977e-30
1.413e-12 2.933e+38 3.652e+14 2.927e-42 6.178e-31 7.764e-30
1.585e-12 2.592e+38 4.064e+14 3.257e-42 6.874e-31 8.639e-30
1.778e-12 2.291e+38 4.522e+14 3.623e-42 7.649e-31 9.611e-30
1.995e-12 2.025e+38 5.030e+14 4.031e-42 8.509e-31 1.069e-29
2.239e-12 1.789e+38 5.596e+14 4.485e-42 9.466e-31 1.190e-29
2.512e-12 1.581e+38 6.225e+14 4.988e-42 1.053e-30 1.323e-29
2.818e-12 1.397e+38 6.924e+14 5.549e-42 1.171e-30 1.472e-29
3.162e-12 1.234e+38 7.701e+14 6.171e-42 1.303e-30 1.637e-29
3.548e-12 1.090e+38 8.564e+14 6.863e-42 1.449e-30 1.820e-29
3.981e-12 9.627e+37 9.523e+14 7.632e-42 1.611e-30 2.024e-29
4.467e-12 8.503e+37 1.059e+15 8.486e-42 1.791e-30 2.251e-29
5.012e-12 7.510e+37 1.177e+15 9.435e-42 1.992e-30 2.503e-29
5.623e-12 6.632e+37 1.309e+15 1.049e-41 2.214e-30 2.782e-29
6.310e-12 5.856e+37 1.455e+15 1.166e-41 2.461e-30 3.093e-29
7.079e-12 5.171e+37 1.617e+15 1.296e-41 2.736e-30 3.438e-29
7.943e-12 4.565e+37 1.798e+15 1.441e-41 3.041e-30 3.821e-29
8.913e-12 4.030e+37 1.998e+15 1.601e-41 3.380e-30 4.247e-29
1.000e-11 3.557e+37 2.220e+15 1.779e-41 3.756e-30 4.719e-29
1.122e-11 3.140e+37 2.467e+15 1.977e-41 4.173e-30 5.244e-29
1.259e-11 2.771e+37 2.741e+15 2.197e-41 4.636e-30 5.826e-29
1.413e-11 2.445e+37 3.045e+15 2.440e-41 5.151e-30 6.473e-29
1.585e-11 2.158e+37 3.383e+15 2.711e-41 5.722e-30 7.190e-29
1.778e-11 1.904e+37 3.757e+15 3.011e-41 6.355e-30 7.986e-29
1.995e-11 1.679e+37 4.173e+15 3.344e-41 7.058e-30 8.870e-29
2.239e-11 1.481e+37 4.634e+15 3.713e-41 7.838e-30 9.850e-29
2.512e-11 1.307e+37 5.145e+15 4.123e-41 8.704e-30 1.094e-28
2.818e-11 1.152e+37 5.713e+15 4.578e-41 9.663e-30 1.214e-28
3.162e-11 1.016e+37 6.342e+15 5.082e-41 1.073e-29 1.348e-28
3.548e-11 8.959e+36 7.040e+15 5.642e-41 1.191e-29 1.496e-28
3.981e-11 7.899e+36 7.814e+15 6.262e-41 1.322e-29 1.661e-28
4.467e-11 6.963e+36 8.671e+15 6.949e-41 1.467e-29 1.843e-28
5.012e-11 6.137e+36 9.622e+15 7.711e-41 1.628e-29 2.045e-28
5.623e-11 5.409e+36 1.068e+16 8.555e-41 1.806e-29 2.269e-28
6.310e-11 4.766e+36 1.184e+16 9.491e-41 2.003e-29 2.518e-28
7.079e-11 4.200e+36 1.314e+16 1.053e-40 2.222e-29 2.793e-28
7.943e-11 3.700e+36 1.457e+16 1.168e-40 2.465e-29 3.097e-28
8.913e-11 3.259e+36 1.616e+16 1.295e-40 2.733e-29 3.435e-28
1.000e-10 2.871e+36 1.792e+16 1.436e-40 3.031e-29 3.809e-28
1.122e-10 2.528e+36 1.986e+16 1.592e-40 3.360e-29 4.222e-28
1.259e-10 2.226e+36 2.202e+16 1.765e-40 3.725e-29 4.681e-28
1.413e-10 1.960e+36 2.441e+16 1.956e-40 4.129e-29 5.188e-28
1.585e-10 1.725e+36 2.705e+16 2.168e-40 4.575e-29 5.750e-28
1.778e-10 1.519e+36 2.997e+16 2.402e-40 5.070e-29 6.371e-28
1.995e-10 1.336e+36 3.321e+16 2.661e-40 5.617e-29 7.059e-28
2.239e-10 1.176e+36 3.679e+16 2.948e-40 6.223e-29 7.819e-28
2.512e-10 1.035e+36 4.075e+16 3.265e-40 6.892e-29 8.661e-28
2.818e-10 9.102e+35 4.512e+16 3.616e-40 7.633e-29 9.592e-28
3.162e-10 8.006e+35 4.997e+16 4.004e-40 8.452e-29 1.062e-27
3.548e-10 7.040e+35 5.532e+16 4.433e-40 9.358e-29 1.176e-27
3.981e-10 6.191e+35 6.124e+16 4.907e-40 1.036e-28 1.302e-27
4.467e-10 5.443e+35 6.778e+16 5.432e-40 1.147e-28 1.441e-27
5.012e-10 4.785e+35 7.501e+16 6.011e-40 1.269e-28 1.594e-27
5.623e-10 4.205e+35 8.300e+16 6.652e-40 1.404e-28 1.764e-27
6.310e-10 3.696e+35 9.183e+16 7.359e-40 1.553e-28 1.952e-27
7.079e-10 3.247e+35 1.016e+17 8.141e-40 1.718e-28 2.159e-27
7.943e-10 2.853e+35 1.124e+17 9.004e-40 1.901e-28 2.388e-27
8.913e-10 2.506e+35 1.243e+17 9.958e-40 2.102e-28 2.641e-27
1.000e-09 2.202e+35 1.374e+17 1.101e-39 2.324e-28 2.921e-27
1.122e-09 1.933e+35 1.519e+17 1.217e-39 2.570e-28 3.229e-27
1.259e-09 1.698e+35 1.680e+17 1.346e-39 2.841e-28 3.570e-27
1.413e-09 1.491e+35 1.857e+17 1.488e-39 3.140e-28 3.946e-27
1.585e-09 1.309e+35 2.052e+17 1.644e-39 3.471e-28 4.362e-27
1.778e-09 1.149e+35 2.268e+17 1.817e-39 3.836e-28 4.821e-27
1.995e-09 1.009e+35 2.506e+17 2.008e-39 4.239e-28 5.327e-27
2.239e-09 8.853e+34 2.769e+17 2.219e-39 4.684e-28 5.887e-27
2.512e-09 7.770e+34 3.060e+17 2.452e-39 5.176e-28 6.504e-27
2.818e-09 6.819e+34 3.381e+17 2.709e-39 5.719e-28 7.186e-27
3.162e-09 5.984e+34 3.735e+17 2.993e-39 6.318e-28 7.939e-27
3.548e-09 5.251e+34 4.126e+17 3.307e-39 6.980e-28 8.771e-27
3.981e-09 4.608e+34 4.558e+17 3.653e-39 7.711e-28 9.689e-27
4.467e-09 4.043e+34 5.036e+17 4.035e-39 8.518e-28 1.070e-26
5.012e-09 3.548e+34 5.563e+17 4.458e-39 9.409e-28 1.182e-26
5.623e-09 3.113e+34 6.145e+17 4.924e-39 1.039e-27 1.306e-26
6.310e-09 2.732e+34 6.788e+17 5.439e-39 1.148e-27 1.443e-26
7.079e-09 2.397e+34 7.498e+17 6.008e-39 1.268e-27 1.594e-26
7.943e-09 2.103e+34 8.282e+17 6.637e-39 1.401e-27 1.760e-26
8.913e-09 1.845e+34 9.147e+17 7.330e-39 1.547e-27 1.944e-26
1.000e-08 1.618e+34 1.010e+18 8.095e-39 1.709e-27 2.147e-26
1.122e-08 1.420e+34 1.115e+18 8.938e-39 1.887e-27 2.371e-26
1.259e-08 1.245e+34 1.231e+18 9.867e-39 2.083e-27 2.617e-26
1.413e-08 1.091e+34 1.359e+18 1.089e-38 2.299e-27 2.888e-26
1.585e-08 9.561e+33 1.499e+18 1.201e-38 2.536e-27 3.186e-26
1.778e-08 8.373e+33 1.653e+18 1.324e-38 2.795e-27 3.513e-26
1.995e-08 7.327e+33 1.821e+18 1.459e-38 3.080e-27 3.870e-26
2.239e-08 6.406e+33 2.004e+18 1.606e-38 3.390e-27 4.259e-26
2.512e-08 5.594e+33 2.203e+18 1.765e-38 3.726e-27 4.682e-26
2.818e-08 4.877e+33 2.418e+18 1.938e-38 4.090e-27 5.140e-26
3.162e-08 4.245e+33 2.649e+18 2.123e-38 4.481e-27 5.631e-26
3.548e-08 3.686e+33 2.896e+18 2.321e-38 4.899e-27 6.156e-26
3.981e-08 3.192e+33 3.157e+18 2.530e-38 5.341e-27 6.712e-26
4.467e-08 2.755e+33 3.431e+18 2.749e-38 5.803e-27 7.293e-26
5.012e-08 2.368e+33 3.713e+18 2.975e-38 6.280e-27 7.892e-26
5.623e-08 2.025e+33 3.996e+18 3.203e-38 6.760e-27 8.495e-26
6.310e-08 1.718e+33 4.270e+18 3.422e-38 7.223e-27 9.076e-26
7.079e-08 1.437e+33 4.496e+18 3.603e-38 7.604e-27 9.556e-26
7.943e-08 1.186e+33 4.671e+18 3.743e-38 7.901e-27 9.928e-26
8.913e-08 1.011e+33 5.014e+18 4.018e-38 8.481e-27 1.066e-25
1.000e-07 8.580e+32 5.355e+18 4.291e-38 9.058e-27 1.138e-25
1.122e-07 7.235e+32 5.685e+18 4.556e-38 9.616e-27 1.208e-25
1.259e-07 6.054e+32 5.989e+18 4.799e-38 1.013e-26 1.273e-25
1.413e-07 4.991e+32 6.216e+18 4.981e-38 1.051e-26 1.321e-25
1.585e-07 4.100e+32 6.428e+18 5.151e-38 1.087e-26 1.366e-25
1.778e-07 3.422e+32 6.754e+18 5.412e-38 1.142e-26 1.436e-25
1.995e-07 2.833e+32 7.039e+18 5.640e-38 1.191e-26 1.496e-25
2.239e-07 2.300e+32 7.195e+18 5.766e-38 1.217e-26 1.529e-25
2.512e-07 1.888e+32 7.436e+18 5.959e-38 1.258e-26 1.581e-25
2.818e-07 1.552e+32 7.693e+18 6.165e-38 1.301e-26 1.635e-25
3.162e-07 1.242e+32 7.752e+18 6.212e-38 1.311e-26 1.648e-25
3.548e-07 1.020e+32 8.012e+18 6.420e-38 1.355e-26 1.703e-25
3.981e-07 8.264e+31 8.175e+18 6.551e-38 1.383e-26 1.738e-25
4.467e-07 6.623e+31 8.248e+18 6.609e-38 1.395e-26 1.753e-25
5.012e-07 5.353e+31 8.392e+18 6.725e-38 1.419e-26 1.784e-25
5.623e-07 4.261e+31 8.411e+18 6.740e-38 1.423e-26 1.788e-25
6.310e-07 3.423e+31 8.506e+18 6.817e-38 1.439e-26 1.808e-25
7.079e-07 2.720e+31 8.509e+18 6.819e-38 1.439e-26 1.809e-25
7.943e-07 2.156e+31 8.491e+18 6.804e-38 1.436e-26 1.805e-25
8.913e-07 1.726e+31 8.558e+18 6.858e-38 1.448e-26 1.819e-25
1.000e-06 1.451e+31 9.054e+18 7.256e-38 1.532e-26 1.925e-25
1.122e-06 1.151e+31 9.044e+18 7.247e-38 1.530e-26 1.922e-25
1.259e-06 9.707e+30 9.602e+18 7.695e-38 1.624e-26 2.041e-25
1.413e-06 8.106e+30 1.010e+19 8.090e-38 1.708e-26 2.146e-25
1.585e-06 6.293e+30 9.866e+18 7.906e-38 1.669e-26 2.097e-25
1.778e-06 5.306e+30 1.047e+19 8.393e-38 1.772e-26 2.226e-25
1.995e-06 4.139e+30 1.028e+19 8.242e-38 1.740e-26 2.186e-25
2.239e-06 3.420e+30 1.070e+19 8.572e-38 1.809e-26 2.274e-25
2.512e-06 2.818e+30 1.110e+19 8.893e-38 1.877e-26 2.359e-25
2.818e-06 2.160e+30 1.071e+19 8.581e-38 1.811e-26 2.276e-25
3.162e-06 1.789e+30 1.116e+19 8.946e-38 1.888e-26 2.373e-25
3.548e-06 1.485e+30 1.167e+19 9.353e-38 1.974e-26 2.481e-25
3.981e-06 1.226e+30 1.212e+19 9.716e-38 2.051e-26 2.577e-25
4.467e-06 9.334e+29 1.162e+19 9.315e-38 1.966e-26 2.471e-25
5.012e-06 7.633e+29 1.197e+19 9.589e-38 2.024e-26 2.544e-25
5.623e-06 6.235e+29 1.231e+19 9.862e-38 2.082e-26 2.616e-25
6.310e-06 5.089e+29 1.264e+19 1.013e-37 2.139e-26 2.688e-25
7.079e-06 3.803e+29 1.190e+19 9.534e-38 2.013e-26 2.529e-25
7.943e-06 3.082e+29 1.214e+19 9.725e-38 2.053e-26 2.580e-25
8.913e-06 2.496e+29 1.237e+19 9.916e-38 2.093e-26 2.630e-25
1.000e-05 2.021e+29 1.261e+19 1.011e-37 2.133e-26 2.681e-25
1.122e-05 1.485e+29 1.167e+19 9.351e-38 1.974e-26 2.480e-25
1.259e-05 1.193e+29 1.180e+19 9.453e-38 1.995e-26 2.507e-25
1.413e-05 9.803e+28 1.221e+19 9.783e-38 2.065e-26 2.595e-25
1.585e-05 7.980e+28 1.251e+19 1.003e-37 2.116e-26 2.659e-25
1.778e-05 6.480e+28 1.279e+19 1.025e-37 2.163e-26 2.719e-25
1.995e-05 5.256e+28 1.306e+19 1.047e-37 2.209e-26 2.776e-25
2.239e-05 4.261e+28 1.333e+19 1.068e-37 2.255e-26 2.833e-25
2.512e-05 3.080e+28 1.213e+19 9.720e-38 2.052e-26 2.578e-25
2.818e-05 2.475e+28 1.227e+19 9.834e-38 2.076e-26 2.609e-25
3.162e-05 1.989e+28 1.242e+19 9.949e-38 2.100e-26 2.639e-25
3.548e-05 1.598e+28 1.256e+19 1.006e-37 2.125e-26 2.670e-25
3.981e-05 1.284e+28 1.271e+19 1.018e-37 2.149e-26 2.701e-25
4.467e-05 1.032e+28 1.285e+19 1.030e-37 2.174e-26 2.732e-25
5.012e-05 8.290e+27 1.300e+19 1.042e-37 2.199e-26 2.763e-25
5.623e-05 6.659e+27 1.314e+19 1.053e-37 2.223e-26 2.794e-25
6.310e-05 5.349e+27 1.329e+19 1.065e-37 2.248e-26 2.825e-25
7.079e-05 4.296e+27 1.344e+19 1.077e-37 2.273e-26 2.857e-25
7.943e-05 3.450e+27 1.359e+19 1.089e-37 2.298e-26 2.888e-25
8.913e-05 2.770e+27 1.373e+19 1.100e-37 2.323e-26 2.919e-25
1.000e-04 2.224e+27 1.388e+19 1.112e-37 2.348e-26 2.950e-25
1.122e-04 1.570e+27 1.233e+19 9.884e-38 2.086e-26 2.622e-25
1.259e-04 1.247e+27 1.233e+19 9.884e-38 2.086e-26 2.622e-25
1.413e-04 9.904e+26 1.233e+19 9.884e-38 2.086e-26 2.622e-25
1.585e-04 7.867e+26 1.233e+19 9.884e-38 2.086e-26 2.622e-25
1.778e-04 6.249e+26 1.233e+19 9.884e-38 2.086e-26 2.622e-25
1.995e-04 4.964e+26 1.233e+19 9.884e-38 2.086e-26 2.622e-25
2.239e-04 3.943e+26 1.233e+19 9.884e-38 2.086e-26 2.622e-25
2.512e-04 3.132e+26 1.233e+19 9.884e-38 2.086e-26 2.622e-25
2.818e-04 2.488e+26 1.233e+19 9.883e-38 2.086e-26 2.622e-25
3.162e-04 1.976e+26 1.233e+19 9.883e-38 2.086e-26 2.622e-25
3.548e-04 1.570e+26 1.233e+19 9.883e-38 2.086e-26 2.622e-25
3.981e-04 1.247e+26 1.233e+19 9.883e-38 2.086e-26 2.622e-25
4.467e-04 9.903e+25 1.233e+19 9.883e-38 2.086e-26 2.622e-25
5.012e-04 7.866e+25 1.233e+19 9.883e-38 2.086e-26 2.622e-25
5.623e-04 6.248e+25 1.233e+19 9.883e-38 2.086e-26 2.622e-25
6.310e-04 4.963e+25 1.233e+19 9.883e-38 2.086e-26 2.621e-25
7.079e-04 3.942e+25 1.233e+19 9.883e-38 2.086e-26 2.621e-25
7.943e-04 3.132e+25 1.233e+19 9.883e-38 2.086e-26 2.621e-25
8.913e-04 2.487e+25 1.233e+19 9.883e-38 2.086e-26 2.621e-25
1.000e-03 1.976e+25 1.233e+19 9.882e-38 2.086e-26 2.621e-25
1.122e-03 1.569e+25 1.233e+19 9.882e-38 2.086e-26 2.621e-25
1.259e-03 1.247e+25 1.233e+19 9.882e-38 2.086e-26 2.621e-25
1.413e-03 9.902e+24 1.233e+19 9.882e-38 2.086e-26 2.621e-25
1.585e-03 7.865e+24 1.233e+19 9.882e-38 2.086e-26 2.621e-25
1.778e-03 6.247e+24 1.233e+19 9.881e-38 2.086e-26 2.621e-25
1.995e-03 4.962e+24 1.233e+19 9.881e-38 2.086e-26 2.621e-25
2.239e-03 3.942e+24 1.233e+19 9.881e-38 2.086e-26 2.621e-25
2.512e-03 3.131e+24 1.233e+19 9.880e-38 2.086e-26 2.621e-25
2.818e-03 2.487e+24 1.233e+19 9.880e-38 2.086e-26 2.621e-25
3.162e-03 1.975e+24 1.233e+19 9.880e-38 2.085e-26 2.621e-25
3.548e-03 1.569e+24 1.233e+19 9.879e-38 2.085e-26 2.620e-25
3.981e-03 1.246e+24 1.233e+19 9.879e-38 2.085e-26 2.620e-25
4.467e-03 9.898e+23 1.233e+19 9.878e-38 2.085e-26 2.620e-25
5.012e-03 7.862e+23 1.233e+19 9.877e-38 2.085e-26 2.620e-25
5.623e-03 6.245e+23 1.233e+19 9.877e-38 2.085e-26 2.620e-25
6.310e-03 4.960e+23 1.232e+19 9.876e-38 2.085e-26 2.620e-25
7.079e-03 3.939e+23 1.232e+19 9.875e-38 2.084e-26 2.619e-25
7.943e-03 3.129e+23 1.232e+19 9.874e-38 2.084e-26 2.619e-25
8.913e-03 2.485e+23 1.232e+19 9.873e-38 2.084e-26 2.619e-25
1.000e-02 1.974e+23 1.232e+19 9.872e-38 2.084e-26 2.619e-25
1.122e-02 1.568e+23 1.232e+19 9.871e-38 2.084e-26 2.618e-25
1.259e-02 1.245e+23 1.232e+19 9.869e-38 2.083e-26 2.618e-25
1.413e-02 9.888e+22 1.231e+19 9.868e-38 2.083e-26 2.617e-25
1.585e-02 7.853e+22 1.231e+19 9.866e-38 2.083e-26 2.617e-25
1.778e-02 6.236e+22 1.231e+19 9.864e-38 2.082e-26 2.616e-25
1.995e-02 4.953e+22 1.231e+19 9.862e-38 2.082e-26 2.616e-25
2.239e-02 3.933e+22 1.230e+19 9.860e-38 2.081e-26 2.615e-25
2.512e-02 3.123e+22 1.230e+19 9.857e-38 2.081e-26 2.615e-25
2.818e-02 2.480e+22 1.230e+19 9.854e-38 2.080e-26 2.614e-25
3.162e-02 1.970e+22 1.229e+19 9.851e-38 2.079e-26 2.613e-25
3.548e-02 1.564e+22 1.229e+19 9.847e-38 2.079e-26 2.612e-25
3.981e-02 1.242e+22 1.228e+19 9.844e-38 2.078e-26 2.611e-25
4.467e-02 9.859e+21 1.228e+19 9.839e-38 2.077e-26 2.610e-25
5.012e-02 7.828e+21 1.227e+19 9.835e-38 2.076e-26 2.609e-25
5.623e-02 6.215e+21 1.227e+19 9.830e-38 2.075e-26 2.607e-25
6.310e-02 4.934e+21 1.226e+19 9.824e-38 2.074e-26 2.606e-25
7.079e-02 3.916e+21 1.225e+19 9.818e-38 2.072e-26 2.604e-25
7.943e-02 3.109e+21 1.224e+19 9.811e-38 2.071e-26 2.602e-25
8.913e-02 2.467e+21 1.223e+19 9.803e-38 2.069e-26 2.600e-25
1.000e-01 1.958e+21 1.222e+19 9.795e-38 2.068e-26 2.598e-25
1.122e-01 1.554e+21 1.221e+19 9.786e-38 2.066e-26 2.596e-25
1.259e-01 1.233e+21 1.220e+19 9.776e-38 2.063e-26 2.593e-25
1.413e-01 9.785e+20 1.219e+19 9.765e-38 2.061e-26 2.590e-25
1.585e-01 7.763e+20 1.217e+19 9.753e-38 2.059e-26 2.587e-25
1.778e-01 6.158e+20 1.215e+19 9.739e-38 2.056e-26 2.583e-25
1.995e-01 4.884e+20 1.214e+19 9.725e-38 2.053e-26 2.579e-25
2.239e-01 3.873e+20 1.212e+19 9.709e-38 2.049e-26 2.575e-25
2.512e-01 3.071e+20 1.209e+19 9.691e-38 2.046e-26 2.571e-25
2.818e-01 2.434e+20 1.207e+19 9.672e-38 2.042e-26 2.565e-25
3.162e-01 1.929e+20 1.204e+19 9.651e-38 2.037e-26 2.560e-25
3.548e-01 1.529e+20 1.201e+19 9.628e-38 2.032e-26 2.554e-25
3.981e-01 1.211e+20 1.198e+19 9.602e-38 2.027e-26 2.547e-25
4.467e-01 9.594e+19 1.195e+19 9.575e-38 2.021e-26 2.540e-25
5.012e-01 7.597e+19 1.191e+19 9.544e-38 2.015e-26 2.532e-25
5.623e-01 6.014e+19 1.187e+19 9.512e-38 2.008e-26 2.523e-25
6.310e-01 4.759e+19 1.182e+19 9.476e-38 2.000e-26 2.513e-25
7.079e-01 3.764e+19 1.178e+19 9.436e-38 1.992e-26 2.503e-25
7.943e-01 2.977e+19 1.172e+19 9.394e-38 1.983e-26 2.492e-25
8.913e-01 2.353e+19 1.166e+19 9.347e-38 1.973e-26 2.479e-25
1.000e+00 1.859e+19 1.160e+19 9.297e-38 1.962e-26 2.466e-25
1.122e+00 1.468e+19 1.153e+19 9.242e-38 1.951e-26 2.451e-25
1.259e+00 1.158e+19 1.146e+19 9.182e-38 1.938e-26 2.436e-25
1.413e+00 9.136e+18 1.138e+19 9.118e-38 1.925e-26 2.418e-25
1.585e+00 7.201e+18 1.129e+19 9.047e-38 1.910e-26 2.400e-25
1.778e+00 5.672e+18 1.120e+19 8.972e-38 1.894e-26 2.380e-25
1.995e+00 4.464e+18 1.109e+19 8.890e-38 1.876e-26 2.358e-25
2.239e+00 3.511e+18 1.098e+19 8.801e-38 1.858e-26 2.335e-25
2.512e+00 2.759e+18 1.086e+19 8.706e-38 1.838e-26 2.309e-25
2.818e+00 2.165e+18 1.074e+19 8.603e-38 1.816e-26 2.282e-25
3.162e+00 1.698e+18 1.060e+19 8.492e-38 1.793e-26 2.253e-25
3.548e+00 1.330e+18 1.045e+19 8.373e-38 1.767e-26 2.221e-25
3.981e+00 1.040e+18 1.029e+19 8.246e-38 1.741e-26 2.187e-25
4.467e+00 8.126e+17 1.012e+19 8.109e-38 1.712e-26 2.151e-25
5.012e+00 6.338e+17 9.937e+18 7.963e-38 1.681e-26 2.112e-25
5.623e+00 4.936e+17 9.743e+18 7.807e-38 1.648e-26 2.071e-25
6.310e+00 3.838e+17 9.536e+18 7.642e-38 1.613e-26 2.027e-25
7.079e+00 2.978e+17 9.316e+18 7.465e-38 1.576e-26 1.980e-25
7.943e+00 2.306e+17 9.083e+18 7.278e-38 1.536e-26 1.931e-25
8.913e+00 1.782e+17 8.836e+18 7.081e-38 1.495e-26 1.878e-25
1.000e+01 1.374e+17 8.575e+18 6.872e-38 1.450e-26 1.823e-25
1.122e+01 1.056e+17 8.301e+18 6.652e-38 1.404e-26 1.764e-25
1.259e+01 8.100e+16 8.013e+18 6.421e-38 1.355e-26 1.703e-25
1.413e+01 6.192e+16 7.711e+18 6.179e-38 1.304e-26 1.639e-25
1.585e+01 4.718e+16 7.396e+18 5.927e-38 1.251e-26 1.572e-25
1.778e+01 3.582e+16 7.069e+18 5.665e-38 1.196e-26 1.503e-25
1.995e+01 2.709e+16 6.730e+18 5.393e-38 1.138e-26 1.431e-25
2.239e+01 2.040e+16 6.380e+18 5.113e-38 1.079e-26 1.356e-25
2.512e+01 1.529e+16 6.021e+18 4.825e-38 1.018e-26 1.280e-25
2.818e+01 1.140e+16 5.653e+18 4.530e-38 9.562e-27 1.202e-25
3.162e+01 8.457e+15 5.278e+18 4.230e-38 8.929e-27 1.122e-25
3.548e+01 6.235e+15 4.899e+18 3.926e-38 8.288e-27 1.041e-25
3.981e+01 4.567e+15 4.518e+18 3.621e-38 7.642e-27 9.604e-26
4.467e+01 3.322e+15 4.137e+18 3.315e-38 6.997e-27 8.793e-26
5.012e+01 2.397e+15 3.758e+18 3.011e-38 6.356e-27 7.988e-26
5.623e+01 1.715e+15 3.384e+18 2.712e-38 5.725e-27 7.194e-26
6.310e+01 1.215e+15 3.020e+18 2.420e-38 5.108e-27 6.419e-26
7.079e+01 8.524e+14 2.666e+18 2.137e-38 4.510e-27 5.668e-26
7.943e+01 5.911e+14 2.328e+18 1.865e-38 3.937e-27 4.948e-26
8.913e+01 4.048e+14 2.007e+18 1.608e-38 3.394e-27 4.266e-26
1.000e+02 2.734e+14 1.706e+18 1.367e-38 2.886e-27 3.627e-26
1.122e+02 1.818e+14 1.429e+18 1.145e-38 2.416e-27 3.037e-26
1.259e+02 1.189e+14 1.176e+18 9.424e-39 1.989e-27 2.500e-26
1.413e+02 7.629e+13 9.500e+17 7.613e-39 1.607e-27 2.019e-26
1.585e+02 4.794e+13 7.516e+17 6.023e-39 1.271e-27 1.598e-26
1.778e+02 2.943e+13 5.809e+17 4.655e-39 9.827e-28 1.235e-26
1.995e+02 1.761e+13 4.375e+17 3.506e-39 7.400e-28 9.299e-27
2.239e+02 1.023e+13 3.199e+17 2.564e-39 5.411e-28 6.800e-27
2.512e+02 5.746e+12 2.263e+17 1.813e-39 3.828e-28 4.810e-27
2.818e+02 3.108e+12 1.541e+17 1.235e-39 2.606e-28 3.275e-27
3.162e+02 1.607e+12 1.003e+17 8.037e-40 1.697e-28 2.132e-27
3.548e+02 7.859e+11 6.175e+16 4.949e-40 1.045e-28 1.313e-27
3.981e+02 3.565e+11 3.526e+16 2.826e-40 5.965e-29 7.496e-28
4.467e+02 1.432e+11 1.783e+16 1.429e-40 3.016e-29 3.790e-28
5.012e+02 4.345e+10 6.812e+15 5.459e-41 1.152e-29 1.448e-28
5.623e+02 0.000e+00 0.000e+00 0.000e+00 0.000e+00 0.000e+00
6.310e+02 0.000e+00 0.000e+00 0.000e+00 0.000e+00 0.000e+00
7.079e+02 0.000e+00 0.000e+00 0.000e+00 0.000e+00 0.000e+00
7.943e+02 0.000e+00 0.000e+00 0.000e+00 0.000e+00 0.000e+00
8.913e+02 0.000e+00 0.000e+00 0.000e+00 0.000e+00 0.000e+00
1.000e+03 0.000e+00 0.000e+00 0.000e+00 0.000e+00 0.000e+00
1.122e+03 0.000e+00 0.000e+00 0.000e+00 0.000e+00 0.000e+00
1.259e+03 0.000e+00 0.000e+00 0.000e+00 0.000e+00 0.000e+00
1.413e+03 0.000e+00 0.000e+00 0.000e+00 0.000e+00 0.000e+00
1.585e+03 0.000e+00 0.000e+00 0.000e+00 0.000e+00 0.000e+00
1.778e+03 0.000e+00 0.000e+00 0.000e+00 0.000e+00 0.000e+00
1.995e+03 0.000e+00 0.000e+00 0.000e+00 0.000e+00 0.000e+00
2.239e+03 0.000e+00 0.000e+00 0.000e+00 0.000e+00 0.000e+00
2.512e+03 0.000e+00 0.000e+00 0.000e+00 0.000e+00 0.000e+00
2.818e+03 0.000e+00 0.000e+00 0.000e+00 0.000e+00 0.000e+00
3.162e+03 0.000e+00 0.000e+00 0.000e+00 0.000e+00 0.000e+00
3.548e+03 0.000e+00 0.000e+00 0.000e+00 0.000e+00 0.000e+00
3.981e+03 0.000e+00 0.000e+00 0.000e+00 0.000e+00 0.000e+00
4.467e+03 0.000e+00 0.000e+00 0.000e+00 0.000e+00 0.000e+00
5.012e+03 0.000e+00 0.000e+00 0.000e+00 0.000e+00 0.000e+00
5.623e+03 0.000e+00 0.000e+00 0.000e+00 0.000e+00 0.000e+00
6.310e+03 0.000e+00 0.000e+00 0.000e+00 0.000e+00 0.000e+00
7.079e+03 0.000e+00 0.000e+00 0.000e+00 0.000e+00 0.000e+00
7.943e+03 0.000e+00 0.000e+00 0.000e+00 0.000e+00 0.000e+00
8.913e+03 0.000e+00 0.000e+00 0.000e+00 0.000e+00 0.000e+00
1.000e+04 0.000e+00 0.000e+00 0.000e+00 0.000e+00 0.000e+00
1.122e+04 0.000e+00 0.000e+00 0.000e+00 0.000e+00 0.000e+00
1.259e+04 0.000e+00 0.000e+00 0.000e+00 0.000e+00 0.000e+00
1.413e+04 0.000e+00 0.000e+00 0.000e+00 0.000e+00 0.000e+00
1.585e+04 0.000e+00 0.000e+00 0.000e+00 0.000e+00 0.000e+00
1.778e+04 0.000e+00 0.000e+00 0.000e+00 0.000e+00 0.000e+00
1.995e+04 0.000e+00 0.000e+00 0.000e+00 0.000e+00 0.000e+00
2.239e+04 0.000e+00 0.000e+00 0.000e+00 0.000e+00 0.000e+00
2.512e+04 0.000e+00 0.000e+00 0.000e+00 0.000e+00 0.000e+00
2.818e+04 0.000e+00 0.000e+00 0.000e+00 0.000e+00 0.000e+00
3.162e+04 0.000e+00 0.000e+00 0.000e+00 0.000e+00 0.000e+00
3.548e+04 0.000e+00 0.000e+00 0.000e+00 0.000e+00 0.000e+00
3.981e+04 0.000e+00 0.000e+00 0.000e+00 0.000e+00 0.000e+00
4.467e+04 0.000e+00 0.000e+00 0.000e+00 0.000e+00 0.000e+00
5.012e+04 0.000e+00 0.000e+00 0.000e+00 0.000e+00 0.000e+00
5.623e+04 0.000e+00 0.000e+00 0.000e+00 0.000e+00 0.000e+00
6.310e+04 0.000e+00 0.000e+00 0.000e+00 0.000e+00 0.000e+00
7.079e+04 0.000e+00 0.000e+00 0.000e+00 0.000e+00 0.000e+00
7.943e+04 0.000e+00 0.000e+00 0.000e+00 0.000e+00 0.000e+00
8.913e+04 0.000e+00 0.000e+00 0.000e+00 0.000e+00 0.000e+00
1.000e+05 0.000e+00 0.000e+00 0.000e+00 0.000e+00 0.000e+00
1.122e+05 0.000e+00 0.000e+00 0.000e+00 0.000e+00 0.000e+00
1.259e+05 0.000e+00 0.000e+00 0.000e+00 0.000e+00 0.000e+00
1.413e+05 0.000e+00 0.000e+00 0.000e+00 0.000e+00 0.000e+00
1.585e+05 0.000e+00 0.000e+00 0.000e+00 0.000e+00 0.000e+00
1.778e+05 0.000e+00 0.000e+00 0.000e+00 0.000e+00 0.000e+00
1.995e+05 0.000e+00 0.000e+00 0.000e+00 0.000e+00 0.000e+00
2.239e+05 0.000e+00 0.000e+00 0.000e+00 0.000e+00 0.000e+00
2.512e+05 0.000e+00 0.000e+00 0.000e+00 0.000e+00 0.000e+00
2.818e+05 0.000e+00 0.000e+00 0.000e+00 0.000e+00 0.000e+00
3.162e+05 0.000e+00 0.000e+00 0.000e+00 0.000e+00 0.000e+00
3.548e+05 0.000e+00 0.000e+00 0.000e+00 0.000e+00 0.000e+00
3.981e+05 0.000e+00 0.000e+00 0.000e+00 0.000e+00 0.000e+00
4.467e+05 0.000e+00 0.000e+00 0.000e+00 0.000e+00 0.000e+00
5.012e+05 0.000e+00 0.000e+00 0.000e+00 0.000e+00 0.000e+00
5.623e+05 0.000e+00 0.000e+00 0.000e+00 0.000e+00 0.000e+00
6.310e+05 0.000e+00 0.000e+00 0.000e+00 0.000e+00 0.000e+00
7.079e+05 0.000e+00 0.000e+00 0.000e+00 0.000e+00 0.000e+00
7.943e+05 0.000e+00 0.000e+00 0.000e+00 0.000e+00 0.000e+00
8.913e+05 0.000e+00 0.000e+00 0.000e+00 0.000e+00 0.000e+00
1.000e+06 0.000e+00 0.000e+00 0.000e+00 0.000e+00 0.000e+00
1.122e+06 0.000e+00 0.000e+00 0.000e+00 0.000e+00 0.000e+00
1.259e+06 0.000e+00 0.000e+00 0.000e+00 0.000e+00 0.000e+00
1.413e+06 0.000e+00 0.000e+00 0.000e+00 0.000e+00 0.000e+00
1.585e+06 0.000e+00 0.000e+00 0.000e+00 0.000e+00 0.000e+00
1.778e+06 0.000e+00 0.000e+00 0.000e+00 0.000e+00 0.000e+00
1.995e+06 0.000e+00 0.000e+00 0.000e+00 0.000e+00 0.000e+00
2.239e+06 0.000e+00 0.000e+00 0.000e+00 0.000e+00 0.000e+00
2.512e+06 0.000e+00 0.000e+00 0.000e+00 0.000e+00 0.000e+00
2.818e+06 0.000e+00 0.000e+00 0.000e+00 0.000e+00 0.000e+00
3.162e+06 0.000e+00 0.000e+00 0.000e+00 0.000e+00 0.000e+00
3.548e+06 0.000e+00 0.000e+00 0.000e+00 0.000e+00 0.000e+00
3.981e+06 0.000e+00 0.000e+00 0.000e+00 0.000e+00 0.000e+00
4.467e+06 0.000e+00 0.000e+00 0.000e+00 0.000e+00 0.000e+00
5.012e+06 0.000e+00 0.000e+00 0.000e+00 0.000e+00 0.000e+00
5.623e+06 0.000e+00 0.000e+00 0.000e+00 0.000e+00 0.000e+00
6.310e+06 0.000e+00 0.000e+00 0.000e+00 0.000e+00 0.000e+00
7.079e+06 0.000e+00 0.000e+00 0.000e+00 0.000e+00 0.000e+00
7.943e+06 0.000e+00 0.000e+00 0.000e+00 0.000e+00 0.000e+00
8.913e+06 0.000e+00 0.000e+00 0.000e+00 0.000e+00 0.000e+00
1.000e+07 0.000e+00 0.000e+00 0.000e+00 0.000e+00 0.000e+00
1.122e+07 0.000e+00 0.000e+00 0.000e+00 0.000e+00 0.000e+00
1.259e+07 0.000e+00 0.000e+00 0.000e+00 0.000e+00 0.000e+00
1.413e+07 0.000e+00 0.000e+00 0.000e+00 0.000e+00 0.000e+00
1.585e+07 0.000e+00 0.000e+00 0.000e+00 0.000e+00 0.000e+00
1.778e+07 0.000e+00 0.000e+00 0.000e+00 0.000e+00 0.000e+00
1.995e+07 0.000e+00 0.000e+00 0.000e+00 0.000e+00 0.000e+00
2.239e+07 0.000e+00 0.000e+00 0.000e+00 0.000e+00 0.000e+00
2.512e+07 0.000e+00 0.000e+00 0.000e+00 0.000e+00 0.000e+00
2.818e+07 0.000e+00 0.000e+00 0.000e+00 0.000e+00 0.000e+00
3.162e+07 0.000e+00 0.000e+00 0.000e+00 0.000e+00 0.000e+00
3.548e+07 0.000e+00 0.000e+00 0.000e+00 0.000e+00 0.000e+00
3.981e+07 0.000e+00 0.000e+00 0.000e+00 0.000e+00 0.000e+00
4.467e+07 0.000e+00 0.000e+00 0.000e+00 0.000e+00 0.000e+00
5.012e+07 0.000e+00 0.000e+00 0.000e+00 0.000e+00 0.000e+00
5.623e+07 0.000e+00 0.000e+00 0.000e+00 0.000e+00 0.000e+00
6.310e+07 0.000e+00 0.000e+00 0.000e+00 0.000e+00 0.000e+00
7.079e+07 0.000e+00 0.000e+00 0.000e+00 0.000e+00 0.000e+00
7.943e+07 0.000e+00 0.000e+00 0.000e+00 0.000e+00 0.000e+00
8.913e+07 0.000e+00 0.000e+00 0.000e+00 0.000e+00 0.000e+00
1.000e+08 0.000e+00 0.000e+00 0.000e+00 0.000e+00 0.000e+00
