1.000e-20 0.000e+00 0.000e+00 0.000e+00 0.000e+00 0.000e+00
1.122e-20 0.000e+00 0.000e+00 0.000e+00 0.000e+00 0.000e+00
1.259e-20 0.000e+00 0.000e+00 0.000e+00 0.000e+00 0.000e+00
1.413e-20 0.000e+00 0.000e+00 0.000e+00 0.000e+00 0.000e+00
1.585e-20 0.000e+00 0.000e+00 0.000e+00 0.000e+00 0.000e+00
1.778e-20 0.000e+00 0.000e+00 0.000e+00 0.000e+00 0.000e+00
1.995e-20 0.000e+00 0.000e+00 0.000e+00 0.000e+00 0.000e+00
2.239e-20 0.000e+00 0.000e+00 0.000e+00 0.000e+00 0.000e+00
2.512e-20 0.000e+00 0.000e+00 0.000e+00 0.000e+00 0.000e+00
2.818e-20 0.000e+00 0.000e+00 0.000e+00 0.000e+00 0.000e+00
3.162e-20 0.000e+00 0.000e+00 0.000e+00 0.000e+00 0.000e+00
3.548e-20 0.000e+00 0.000e+00 0.000e+00 0.000e+00 0.000e+00
3.981e-20 0.000e+00 0.000e+00 0.000e+00 0.000e+00 0.000e+00
4.467e-20 0.000e+00 0.000e+00 0.000e+00 0.000e+00 0.000e+00
5.012e-20 0.000e+00 0.000e+00 0.000e+00 0.000e+00 0.000e+00
5.623e-20 0.000e+00 0.000e+00 0.000e+00 0.000e+00 0.000e+00
6.310e-20 0.000e+00 0.000e+00 0.000e+00 0.000e+00 0.000e+00
7.079e-20 0.000e+00 0.000e+00 0.000e+00 0.000e+00 0.000e+00
7.943e-20 0.000e+00 0.000e+00 0.000e+00 0.000e+00 0.000e+00
8.913e-20 0.000e+00 0.000e+00 0.000e+00 0.000e+00 0.000e+00
1.000e-19 0.000e+00 0.000e+00 0.000e+00 0.000e+00 0.000e+00
1.122e-19 0.000e+00 0.000e+00 0.000e+00 0.000e+00 0.000e+00
1.259e-19 0.000e+00 0.000e+00 0.000e+00 0.000e+00 0.000e+00
1.413e-19 0.000e+00 0.000e+00 0.000e+00 0.000e+00 0.000e+00
1.585e-19 0.000e+00 0.000e+00 0.000e+00 0.000e+00 0.000e+00
1.778e-19 0.000e+00 0.000e+00 0.000e+00 0.000e+00 0.000e+00
1.995e-19 0.000e+00 0.000e+00 0.000e+00 0.000e+00 0.000e+00
2.239e-19 0.000e+00 0.000e+00 0.000e+00 0.000e+00 0.000e+00
2.512e-19 0.000e+00 0.000e+00 0.000e+00 0.000e+00 0.000e+00
2.818e-19 0.000e+00 0.000e+00 0.000e+00 0.000e+00 0.000e+00
3.162e-19 0.000e+00 0.000e+00 0.000e+00 0.000e+00 0.000e+00
3.548e-19 0.000e+00 0.000e+00 0.000e+00 0.000e+00 0.000e+00
3.981e-19 0.000e+00 0.000e+00 0.000e+00 0.000e+00 0.000e+00
4.467e-19 0.000e+00 0.000e+00 0.000e+00 0.000e+00 0.000e+00
5.012e-19 0.000e+00 0.000e+00 0.000e+00 0.000e+00 0.000e+00
5.623e-19 0.000e+00 0.000e+00 0.000e+00 0.000e+00 0.000e+00
6.310e-19 0.000e+00 0.000e+00 0.000e+00 0.000e+00 0.000e+00
7.079e-19 0.000e+00 0.000e+00 0.000e+00 0.000e+00 0.000e+00
7.943e-19 0.000e+00 0.000e+00 0.000e+00 0.000e+00 0.000e+00
8.913e-19 0.000e+00 0.000e+00 0.000e+00 0.000e+00 0.000e+00
1.000e-18 0.000e+00 0.000e+00 0.000e+00 0.000e+00 0.000e+00
1.122e-18 0.000e+00 0.000e+00 0.000e+00 0.000e+00 0.000e+00
1.259e-18 0.000e+00 0.000e+00 0.000e+00 0.000e+00 0.000e+00
1.413e-18 0.000e+00 0.000e+00 0.000e+00 0.000e+00 0.000e+00
1.585e-18 0.000e+00 0.000e+00 0.000e+00 0.000e+00 0.000e+00
1.778e-18 0.000e+00 0.000e+00 0.000e+00 0.000e+00 0.000e+00
1.995e-18 0.000e+00 0.000e+00 0.000e+00 0.000e+00 0.000e+00
2.239e-18 0.000e+00 0.000e+00 0.000e+00 0.000e+00 0.000e+00
2.512e-18 0.000e+00 0.000e+00 0.000e+00 0.000e+00 0.000e+00
2.818e-18 0.000e+00 0.000e+00 0.000e+00 0.000e+00 0.000e+00
3.162e-18 0.000e+00 0.000e+00 0.000e+00 0.000e+00 0.000e+00
3.548e-18 0.000e+00 0.000e+00 0.000e+00 0.000e+00 0.000e+00
3.981e-18 0.000e+00 0.000e+00 0.000e+00 0.000e+00 0.000e+00
4.467e-18 0.000e+00 0.000e+00 0.000e+00 0.000e+00 0.000e+00
5.012e-18 0.000e+00 0.000e+00 0.000e+00 0.000e+00 0.000e+00
5.623e-18 0.000e+00 0.000e+00 0.000e+00 0.000e+00 0.000e+00
6.310e-18 0.000e+00 0.000e+00 0.000e+00 0.000e+00 0.000e+00
7.079e-18 0.000e+00 0.000e+00 0.000e+00 0.000e+00 0.000e+00
7.943e-18 0.000e+00 0.000e+00 0.000e+00 0.000e+00 0.000e+00
8.913e-18 0.000e+00 0.000e+00 0.000e+00 0.000e+00 0.000e+00
1.000e-17 0.000e+00 0.000e+00 0.000e+00 0.000e+00 0.000e+00
1.122e-17 0.000e+00 0.000e+00 0.000e+00 0.000e+00 0.000e+00
1.259e-17 0.000e+00 0.000e+00 0.000e+00 0.000e+00 0.000e+00
1.413e-17 0.000e+00 0.000e+00 0.000e+00 0.000e+00 0.000e+00
1.585e-17 0.000e+00 0.000e+00 0.000e+00 0.000e+00 0.000e+00
1.778e-17 0.000e+00 0.000e+00 0.000e+00 0.000e+00 0.000e+00
1.995e-17 0.000e+00 0.000e+00 0.000e+00 0.000e+00 0.000e+00
2.239e-17 0.000e+00 0.000e+00 0.000e+00 0.000e+00 0.000e+00
2.512e-17 0.000e+00 0.000e+00 0.000e+00 0.000e+00 0.000e+00
2.818e-17 0.000e+00 0.000e+00 0.000e+00 0.000e+00 0.000e+00
3.162e-17 0.000e+00 0.000e+00 0.000e+00 0.000e+00 0.000e+00
3.548e-17 0.000e+00 0.000e+00 0.000e+00 0.000e+00 0.000e+00
3.981e-17 0.000e+00 0.000e+00 0.000e+00 0.000e+00 0.000e+00
4.467e-17 0.000e+00 0.000e+00 0.000e+00 0.000e+00 0.000e+00
5.012e-17 0.000e+00 0.000e+00 0.000e+00 0.000e+00 0.000e+00
5.623e-17 0.000e+00 0.000e+00 0.000e+00 0.000e+00 0.000e+00
6.310e-17 0.000e+00 0.000e+00 0.000e+00 0.000e+00 0.000e+00
7.079e-17 0.000e+00 0.000e+00 0.000e+00 0.000e+00 0.000e+00
7.943e-17 0.000e+00 0.000e+00 0.000e+00 0.000e+00 0.000e+00
8.913e-17 0.000e+00 0.000e+00 0.000e+00 0.000e+00 0.000e+00
1.000e-16 0.000e+00 0.000e+00 0.000e+00 0.000e+00 0.000e+00
1.122e-16 0.000e+00 0.000e+00 0.000e+00 0.000e+00 0.000e+00
1.259e-16 0.000e+00 0.000e+00 0.000e+00 0.000e+00 0.000e+00
1.413e-16 0.000e+00 0.000e+00 0.000e+00 0.000e+00 0.000e+00
1.585e-16 0.000e+00 0.000e+00 0.000e+00 0.000e+00 0.000e+00
1.778e-16 0.000e+00 0.000e+00 0.000e+00 0.000e+00 0.000e+00
1.995e-16 0.000e+00 0.000e+00 0.000e+00 0.000e+00 0.000e+00
2.239e-16 0.000e+00 0.000e+00 0.000e+00 0.000e+00 0.000e+00
2.512e-16 0.000e+00 0.000e+00 0.000e+00 0.000e+00 0.000e+00
2.818e-16 0.000e+00 0.000e+00 0.000e+00 0.000e+00 0.000e+00
3.162e-16 0.000e+00 0.000e+00 0.000e+00 0.000e+00 0.000e+00
3.548e-16 0.000e+00 0.000e+00 0.000e+00 0.000e+00 0.000e+00
3.981e-16 0.000e+00 0.000e+00 0.000e+00 0.000e+00 0.000e+00
4.467e-16 0.000e+00 0.000e+00 0.000e+00 0.000e+00 0.000e+00
5.012e-16 0.000e+00 0.000e+00 0.000e+00 0.000e+00 0.000e+00
5.623e-16 0.000e+00 0.000e+00 0.000e+00 0.000e+00 0.000e+00
6.310e-16 0.000e+00 0.000e+00 0.000e+00 0.000e+00 0.000e+00
7.079e-16 0.000e+00 0.000e+00 0.000e+00 0.000e+00 0.000e+00
7.943e-16 0.000e+00 0.000e+00 0.000e+00 0.000e+00 0.000e+00
8.913e-16 0.000e+00 0.000e+00 0.000e+00 0.000e+00 0.000e+00
1.000e-15 0.000e+00 0.000e+00 0.000e+00 0.000e+00 0.000e+00
1.122e-15 0.000e+00 0.000e+00 0.000e+00 0.000e+00 0.000e+00
1.259e-15 0.000e+00 0.000e+00 0.000e+00 0.000e+00 0.000e+00
1.413e-15 0.000e+00 0.000e+00 0.000e+00 0.000e+00 0.000e+00
1.585e-15 0.000e+00 0.000e+00 0.000e+00 0.000e+00 0.000e+00
1.778e-15 0.000e+00 0.000e+00 0.000e+00 0.000e+00 0.000e+00
1.995e-15 0.000e+00 0.000e+00 0.000e+00 0.000e+00 0.000e+00
2.239e-15 0.000e+00 0.000e+00 0.000e+00 0.000e+00 0.000e+00
2.512e-15 0.000e+00 0.000e+00 0.000e+00 0.000e+00 0.000e+00
2.818e-15 0.000e+00 0.000e+00 0.000e+00 0.000e+00 0.000e+00
3.162e-15 0.000e+00 0.000e+00 0.000e+00 0.000e+00 0.000e+00
3.548e-15 0.000e+00 0.000e+00 0.000e+00 0.000e+00 0.000e+00
3.981e-15 0.000e+00 0.000e+00 0.000e+00 0.000e+00 0.000e+00
4.467e-15 0.000e+00 0.000e+00 0.000e+00 0.000e+00 0.000e+00
5.012e-15 0.000e+00 0.000e+00 0.000e+00 0.000e+00 0.000e+00
5.623e-15 0.000e+00 0.000e+00 0.000e+00 0.000e+00 0.000e+00
6.310e-15 0.000e+00 0.000e+00 0.000e+00 0.000e+00 0.000e+00
7.079e-15 0.000e+00 0.000e+00 0.000e+00 0.000e+00 0.000e+00
7.943e-15 0.000e+00 0.000e+00 0.000e+00 0.000e+00 0.000e+00
8.913e-15 0.000e+00 0.000e+00 0.000e+00 0.000e+00 0.000e+00
1.000e-14 0.000e+00 0.000e+00 0.000e+00 0.000e+00 0.000e+00
1.122e-14 0.000e+00 0.000e+00 0.000e+00 0.000e+00 0.000e+00
1.259e-14 0.000e+00 0.000e+00 0.000e+00 0.000e+00 0.000e+00
1.413e-14 0.000e+00 0.000e+00 0.000e+00 0.000e+00 0.000e+00
1.585e-14 0.000e+00 0.000e+00 0.000e+00 0.000e+00 0.000e+00
1.778e-14 0.000e+00 0.000e+00 0.000e+00 0.000e+00 0.000e+00
1.995e-14 0.000e+00 0.000e+00 0.000e+00 0.000e+00 0.000e+00
2.239e-14 0.000e+00 0.000e+00 0.000e+00 0.000e+00 0.000e+00
2.512e-14 0.000e+00 0.000e+00 0.000e+00 0.000e+00 0.000e+00
2.818e-14 0.000e+00 0.000e+00 0.000e+00 0.000e+00 0.000e+00
3.162e-14 0.000e+00 0.000e+00 0.000e+00 0.000e+00 0.000e+00
3.548e-14 0.000e+00 0.000e+00 0.000e+00 0.000e+00 0.000e+00
3.981e-14 0.000e+00 0.000e+00 0.000e+00 0.000e+00 0.000e+00
4.467e-14 0.000e+00 0.000e+00 0.000e+00 0.000e+00 0.000e+00
5.012e-14 0.000e+00 0.000e+00 0.000e+00 0.000e+00 0.000e+00
5.623e-14 0.000e+00 0.000e+00 0.000e+00 0.000e+00 0.000e+00
6.310e-14 0.000e+00 0.000e+00 0.000e+00 0.000e+00 0.000e+00
7.079e-14 0.000e+00 0.000e+00 0.000e+00 0.000e+00 0.000e+00
7.943e-14 0.000e+00 0.000e+00 0.000e+00 0.000e+00 0.000e+00
8.913e-14 0.000e+00 0.000e+00 0.000e+00 0.000e+00 0.000e+00
1.000e-13 0.000e+00 0.000e+00 0.000e+00 0.000e+00 0.000e+00
1.122e-13 0.000e+00 0.000e+00 0.000e+00 0.000e+00 0.000e+00
1.259e-13 0.000e+00 0.000e+00 0.000e+00 0.000e+00 0.000e+00
1.413e-13 0.000e+00 0.000e+00 0.000e+00 0.000e+00 0.000e+00
1.585e-13 0.000e+00 0.000e+00 0.000e+00 0.000e+00 0.000e+00
1.778e-13 0.000e+00 0.000e+00 0.000e+00 0.000e+00 0.000e+00
1.995e-13 0.000e+00 0.000e+00 0.000e+00 0.000e+00 0.000e+00
2.239e-13 0.000e+00 0.000e+00 0.000e+00 0.000e+00 0.000e+00
2.512e-13 0.000e+00 0.000e+00 0.000e+00 0.000e+00 0.000e+00
2.818e-13 0.000e+00 0.000e+00 0.000e+00 0.000e+00 0.000e+00
3.162e-13 0.000e+00 0.000e+00 0.000e+00 0.000e+00 0.000e+00
3.548e-13 0.000e+00 0.000e+00 0.000e+00 0.000e+00 0.000e+00
3.981e-13 0.000e+00 0.000e+00 0.000e+00 0.000e+00 0.000e+00
4.467e-13 0.000e+00 0.000e+00 0.000e+00 0.000e+00 0.000e+00
5.012e-13 8.148e+09 1.277e-15 1.024e-71 2.161e-60 2.715e-59
5.623e-13 1.397e+13 2.757e-12 2.210e-68 4.664e-57 5.861e-56
6.310e-13 2.801e+14 6.959e-11 5.577e-67 1.177e-55 1.479e-54
7.079e-13 2.308e+15 7.220e-10 5.785e-66 1.221e-54 1.535e-53
7.943e-13 1.254e+16 4.939e-09 3.958e-65 8.354e-54 1.050e-52
8.913e-13 5.346e+16 2.650e-08 2.124e-64 4.483e-53 5.634e-52
1.000e-12 1.941e+17 1.212e-07 9.710e-64 2.050e-52 2.576e-51
1.122e-12 6.279e+17 4.934e-07 3.954e-63 8.346e-52 1.049e-50
1.259e-12 1.856e+18 1.836e-06 1.472e-62 3.106e-51 3.903e-50
1.413e-12 5.099e+18 6.350e-06 5.089e-62 1.074e-50 1.350e-49
1.585e-12 1.316e+19 2.062e-05 1.653e-61 3.489e-50 4.384e-49
1.778e-12 3.213e+19 6.341e-05 5.082e-61 1.073e-49 1.348e-48
1.995e-12 7.472e+19 1.857e-04 1.488e-60 3.141e-49 3.947e-48
2.239e-12 1.663e+20 5.202e-04 4.169e-60 8.799e-49 1.106e-47
2.512e-12 3.556e+20 1.400e-03 1.122e-59 2.369e-48 2.977e-47
2.818e-12 7.330e+20 3.634e-03 2.912e-59 6.147e-48 7.724e-47
3.162e-12 1.461e+21 9.119e-03 7.308e-59 1.543e-47 1.938e-46
3.548e-12 2.824e+21 2.219e-02 1.778e-58 3.753e-47 4.717e-46
3.981e-12 5.305e+21 5.248e-02 4.206e-58 8.877e-47 1.116e-45
4.467e-12 9.709e+21 1.209e-01 9.689e-58 2.045e-46 2.570e-45
5.012e-12 1.734e+22 2.719e-01 2.179e-57 4.599e-46 5.779e-45
5.623e-12 3.028e+22 5.977e-01 4.790e-57 1.011e-45 1.270e-44
6.310e-12 5.179e+22 1.287e+00 1.031e-56 2.177e-45 2.736e-44
7.079e-12 8.688e+22 2.718e+00 2.178e-56 4.597e-45 5.777e-44
7.943e-12 1.432e+23 5.637e+00 4.518e-56 9.536e-45 1.198e-43
8.913e-12 2.319e+23 1.150e+01 9.215e-56 1.945e-44 2.444e-43
1.000e-11 3.700e+23 2.309e+01 1.851e-55 3.906e-44 4.909e-43
1.122e-11 5.817e+23 4.570e+01 3.663e-55 7.731e-44 9.715e-43
1.259e-11 9.021e+23 8.924e+01 7.151e-55 1.509e-43 1.897e-42
1.413e-11 1.382e+24 1.720e+02 1.379e-54 2.910e-43 3.657e-42
1.585e-11 2.091e+24 3.278e+02 2.627e-54 5.545e-43 6.968e-42
1.778e-11 3.129e+24 6.176e+02 4.949e-54 1.045e-42 1.313e-41
1.995e-11 4.635e+24 1.152e+03 9.230e-54 1.948e-42 2.448e-41
2.239e-11 6.800e+24 2.127e+03 1.705e-53 3.598e-42 4.521e-41
2.512e-11 9.884e+24 3.893e+03 3.119e-53 6.584e-42 8.274e-41
2.818e-11 1.425e+25 7.063e+03 5.660e-53 1.195e-41 1.501e-40
3.162e-11 2.037e+25 1.271e+04 1.019e-52 2.151e-41 2.703e-40
3.548e-11 2.891e+25 2.272e+04 1.820e-52 3.842e-41 4.828e-40
3.981e-11 4.074e+25 4.030e+04 3.229e-52 6.816e-41 8.566e-40
4.467e-11 5.703e+25 7.102e+04 5.691e-52 1.201e-40 1.510e-39
5.012e-11 7.934e+25 1.244e+05 9.968e-52 2.104e-40 2.644e-39
5.623e-11 1.097e+26 2.166e+05 1.736e-51 3.664e-40 4.604e-39
6.310e-11 1.509e+26 3.751e+05 3.006e-51 6.344e-40 7.973e-39
7.079e-11 2.066e+26 6.462e+05 5.178e-51 1.093e-39 1.374e-38
7.943e-11 2.813e+26 1.108e+06 8.878e-51 1.874e-39 2.355e-38
8.913e-11 3.814e+26 1.891e+06 1.515e-50 3.199e-39 4.019e-38
1.000e-10 5.149e+26 3.214e+06 2.575e-50 5.436e-39 6.831e-38
1.122e-10 6.923e+26 5.439e+06 4.359e-50 9.201e-39 1.156e-37
1.259e-10 9.272e+26 9.172e+06 7.350e-50 1.552e-38 1.950e-37
1.413e-10 1.238e+27 1.541e+07 1.235e-49 2.607e-38 3.276e-37
1.585e-10 1.646e+27 2.581e+07 2.068e-49 4.366e-38 5.487e-37
1.778e-10 2.183e+27 4.309e+07 3.453e-49 7.289e-38 9.160e-37
1.995e-10 2.887e+27 7.174e+07 5.749e-49 1.213e-37 1.525e-36
2.239e-10 3.807e+27 1.191e+08 9.543e-49 2.014e-37 2.531e-36
2.512e-10 5.007e+27 1.972e+08 1.580e-48 3.335e-37 4.191e-36
2.818e-10 6.569e+27 3.257e+08 2.610e-48 5.509e-37 6.923e-36
3.162e-10 8.600e+27 5.368e+08 4.301e-48 9.080e-37 1.141e-35
3.548e-10 1.123e+28 8.828e+08 7.074e-48 1.493e-36 1.876e-35
3.981e-10 1.465e+28 1.449e+09 1.161e-47 2.451e-36 3.080e-35
4.467e-10 1.906e+28 2.374e+09 1.902e-47 4.015e-36 5.045e-35
5.012e-10 2.476e+28 3.882e+09 3.111e-47 6.566e-36 8.251e-35
5.623e-10 3.211e+28 6.338e+09 5.079e-47 1.072e-35 1.347e-34
6.310e-10 4.158e+28 1.033e+10 8.280e-47 1.748e-35 2.196e-34
7.079e-10 5.378e+28 1.682e+10 1.348e-46 2.845e-35 3.576e-34
7.943e-10 6.945e+28 2.735e+10 2.192e-46 4.626e-35 5.814e-34
8.913e-10 8.958e+28 4.441e+10 3.559e-46 7.512e-35 9.440e-34
1.000e-09 1.154e+29 7.203e+10 5.772e-46 1.218e-34 1.531e-33
1.122e-09 1.485e+29 1.167e+11 9.353e-46 1.974e-34 2.481e-33
1.259e-09 1.910e+29 1.889e+11 1.514e-45 3.196e-34 4.016e-33
1.413e-09 2.453e+29 3.055e+11 2.448e-45 5.168e-34 6.494e-33
1.585e-09 3.148e+29 4.936e+11 3.956e-45 8.349e-34 1.049e-32
1.778e-09 4.037e+29 7.969e+11 6.386e-45 1.348e-33 1.694e-32
1.995e-09 5.174e+29 1.286e+12 1.030e-44 2.175e-33 2.733e-32
2.239e-09 6.625e+29 2.072e+12 1.661e-44 3.506e-33 4.405e-32
2.512e-09 8.479e+29 3.339e+12 2.676e-44 5.648e-33 7.097e-32
2.818e-09 1.084e+30 5.376e+12 4.308e-44 9.094e-33 1.143e-31
3.162e-09 1.386e+30 8.651e+12 6.933e-44 1.463e-32 1.839e-31
3.548e-09 1.771e+30 1.391e+13 1.115e-43 2.354e-32 2.958e-31
3.981e-09 2.261e+30 2.237e+13 1.792e-43 3.783e-32 4.754e-31
4.467e-09 2.886e+30 3.594e+13 2.880e-43 6.079e-32 7.640e-31
5.012e-09 3.682e+30 5.772e+13 4.626e-43 9.764e-32 1.227e-30
5.623e-09 4.695e+30 9.267e+13 7.427e-43 1.568e-31 1.970e-30
6.310e-09 5.986e+30 1.487e+14 1.192e-42 2.516e-31 3.161e-30
7.079e-09 7.628e+30 2.386e+14 1.912e-42 4.036e-31 5.072e-30
7.943e-09 9.717e+30 3.827e+14 3.066e-42 6.473e-31 8.134e-30
8.913e-09 1.237e+31 6.135e+14 4.916e-42 1.038e-30 1.304e-29
1.000e-08 1.575e+31 9.832e+14 7.879e-42 1.663e-30 2.090e-29
1.122e-08 2.005e+31 1.575e+15 1.262e-41 2.665e-30 3.348e-29
1.259e-08 2.551e+31 2.523e+15 2.022e-41 4.268e-30 5.363e-29
1.413e-08 3.244e+31 4.040e+15 3.238e-41 6.834e-30 8.588e-29
1.585e-08 4.125e+31 6.468e+15 5.183e-41 1.094e-29 1.375e-28
1.778e-08 5.244e+31 1.035e+16 8.295e-41 1.751e-29 2.200e-28
1.995e-08 6.665e+31 1.656e+16 1.327e-40 2.801e-29 3.520e-28
2.239e-08 8.468e+31 2.649e+16 2.123e-40 4.481e-29 5.631e-28
2.512e-08 1.076e+32 4.236e+16 3.394e-40 7.165e-29 9.004e-28
2.818e-08 1.366e+32 6.772e+16 5.427e-40 1.145e-28 1.439e-27
3.162e-08 1.734e+32 1.082e+17 8.673e-40 1.831e-28 2.301e-27
3.548e-08 2.201e+32 1.729e+17 1.386e-39 2.925e-28 3.676e-27
3.981e-08 2.792e+32 2.762e+17 2.214e-39 4.672e-28 5.871e-27
4.467e-08 3.542e+32 4.411e+17 3.535e-39 7.461e-28 9.376e-27
5.012e-08 4.491e+32 7.042e+17 5.643e-39 1.191e-27 1.497e-26
5.623e-08 5.694e+32 1.124e+18 9.006e-39 1.901e-27 2.389e-26
6.310e-08 7.217e+32 1.793e+18 1.437e-38 3.034e-27 3.812e-26
7.079e-08 9.150e+32 2.862e+18 2.294e-38 4.842e-27 6.084e-26
7.943e-08 1.161e+33 4.571e+18 3.663e-38 7.731e-27 9.716e-26
8.913e-08 1.474e+33 7.306e+18 5.854e-38 1.236e-26 1.553e-25
1.000e-07 1.873e+33 1.169e+19 9.368e-38 1.977e-26 2.485e-25
1.122e-07 2.384e+33 1.873e+19 1.501e-37 3.168e-26 3.981e-25
1.259e-07 3.037e+33 3.004e+19 2.408e-37 5.082e-26 6.386e-25
1.413e-07 3.874e+33 4.824e+19 3.866e-37 8.160e-26 1.025e-24
1.585e-07 4.945e+33 7.752e+19 6.212e-37 1.311e-25 1.648e-24
1.778e-07 6.314e+33 1.246e+20 9.987e-37 2.108e-25 2.649e-24
1.995e-07 8.064e+33 2.004e+20 1.606e-36 3.389e-25 4.259e-24
2.239e-07 1.030e+34 3.221e+20 2.581e-36 5.448e-25 6.846e-24
2.512e-07 1.314e+34 5.174e+20 4.146e-36 8.752e-25 1.100e-23
2.818e-07 1.675e+34 8.305e+20 6.655e-36 1.405e-24 1.765e-23
3.162e-07 2.133e+34 1.332e+21 1.067e-35 2.252e-24 2.830e-23
3.548e-07 2.714e+34 2.132e+21 1.709e-35 3.607e-24 4.532e-23
3.981e-07 3.447e+34 3.410e+21 2.733e-35 5.768e-24 7.248e-23
4.467e-07 4.373e+34 5.446e+21 4.364e-35 9.212e-24 1.158e-22
5.012e-07 5.542e+34 8.689e+21 6.963e-35 1.470e-23 1.847e-22
5.623e-07 7.018e+34 1.385e+22 1.110e-34 2.343e-23 2.944e-22
6.310e-07 8.882e+34 2.207e+22 1.769e-34 3.733e-23 4.691e-22
7.079e-07 1.124e+35 3.515e+22 2.817e-34 5.946e-23 7.471e-22
7.943e-07 1.421e+35 5.597e+22 4.485e-34 9.467e-23 1.190e-21
8.913e-07 1.797e+35 8.911e+22 7.141e-34 1.507e-22 1.894e-21
1.000e-06 2.272e+35 1.418e+23 1.137e-33 2.399e-22 3.015e-21
1.122e-06 2.872e+35 2.257e+23 1.809e-33 3.818e-22 4.797e-21
1.259e-06 3.628e+35 3.589e+23 2.876e-33 6.071e-22 7.629e-21
1.413e-06 4.580e+35 5.703e+23 4.570e-33 9.647e-22 1.212e-20
1.585e-06 5.782e+35 9.065e+23 7.264e-33 1.533e-21 1.927e-20
1.778e-06 7.305e+35 1.442e+24 1.155e-32 2.439e-21 3.065e-20
1.995e-06 9.237e+35 2.295e+24 1.839e-32 3.882e-21 4.879e-20
2.239e-06 1.168e+36 3.653e+24 2.928e-32 6.179e-21 7.765e-20
2.512e-06 1.475e+36 5.808e+24 4.654e-32 9.825e-21 1.235e-19
2.818e-06 1.858e+36 9.213e+24 7.383e-32 1.558e-20 1.958e-19
3.162e-06 2.333e+36 1.456e+25 1.167e-31 2.464e-20 3.096e-19
3.548e-06 2.918e+36 2.293e+25 1.837e-31 3.878e-20 4.873e-19
3.981e-06 3.631e+36 3.592e+25 2.878e-31 6.076e-20 7.635e-19
4.467e-06 4.495e+36 5.598e+25 4.486e-31 9.470e-20 1.190e-18
5.012e-06 5.536e+36 8.679e+25 6.955e-31 1.468e-19 1.845e-18
5.623e-06 6.780e+36 1.338e+26 1.072e-30 2.264e-19 2.844e-18
6.310e-06 8.255e+36 2.051e+26 1.644e-30 3.470e-19 4.360e-18
7.079e-06 9.988e+36 3.124e+26 2.504e-30 5.285e-19 6.641e-18
7.943e-06 1.202e+37 4.734e+26 3.793e-30 8.007e-19 1.006e-17
8.913e-06 1.438e+37 7.128e+26 5.712e-30 1.206e-18 1.515e-17
1.000e-05 1.709e+37 1.067e+27 8.549e-30 1.805e-18 2.268e-17
1.122e-05 2.019e+37 1.586e+27 1.271e-29 2.684e-18 3.372e-17
1.259e-05 2.366e+37 2.340e+27 1.875e-29 3.959e-18 4.975e-17
1.413e-05 2.748e+37 3.422e+27 2.742e-29 5.788e-18 7.273e-17
1.585e-05 3.161e+37 4.955e+27 3.971e-29 8.382e-18 1.053e-16
1.778e-05 3.599e+37 7.103e+27 5.692e-29 1.201e-17 1.510e-16
1.995e-05 4.052e+37 1.007e+28 8.068e-29 1.703e-17 2.140e-16
2.239e-05 4.512e+37 1.411e+28 1.131e-28 2.387e-17 3.000e-16
2.512e-05 4.968e+37 1.956e+28 1.568e-28 3.309e-17 4.158e-16
2.818e-05 5.409e+37 2.682e+28 2.149e-28 4.536e-17 5.701e-16
3.162e-05 5.826e+37 3.637e+28 2.914e-28 6.151e-17 7.730e-16
3.548e-05 6.209e+37 4.879e+28 3.909e-28 8.252e-17 1.037e-15
3.981e-05 6.547e+37 6.477e+28 5.190e-28 1.096e-16 1.377e-15
4.467e-05 6.834e+37 8.511e+28 6.820e-28 1.440e-16 1.809e-15
5.012e-05 7.062e+37 1.107e+29 8.873e-28 1.873e-16 2.354e-15
5.623e-05 7.227e+37 1.426e+29 1.143e-27 2.413e-16 3.032e-15
6.310e-05 7.323e+37 1.820e+29 1.458e-27 3.078e-16 3.868e-15
7.079e-05 7.332e+37 2.294e+29 1.838e-27 3.880e-16 4.875e-15
7.943e-05 7.248e+37 2.854e+29 2.287e-27 4.828e-16 6.067e-15
8.913e-05 7.095e+37 3.517e+29 2.819e-27 5.950e-16 7.477e-15
1.000e-04 6.877e+37 4.292e+29 3.440e-27 7.261e-16 9.124e-15
1.122e-04 6.600e+37 5.186e+29 4.156e-27 8.772e-16 1.102e-14
1.259e-04 6.269e+37 6.202e+29 4.970e-27 1.049e-15 1.318e-14
1.413e-04 5.894e+37 7.340e+29 5.882e-27 1.242e-15 1.560e-14
1.585e-04 5.482e+37 8.595e+29 6.887e-27 1.454e-15 1.827e-14
1.778e-04 5.044e+37 9.955e+29 7.977e-27 1.684e-15 2.116e-14
1.995e-04 4.589e+37 1.140e+30 9.138e-27 1.929e-15 2.424e-14
2.239e-04 4.130e+37 1.292e+30 1.035e-26 2.185e-15 2.746e-14
2.512e-04 3.674e+37 1.447e+30 1.160e-26 2.448e-15 3.076e-14
2.818e-04 3.233e+37 1.603e+30 1.285e-26 2.712e-15 3.407e-14
3.162e-04 2.815e+37 1.757e+30 1.408e-26 2.972e-15 3.735e-14
3.548e-04 2.428e+37 1.908e+30 1.529e-26 3.227e-15 4.055e-14
3.981e-04 2.075e+37 2.053e+30 1.645e-26 3.472e-15 4.363e-14
4.467e-04 1.759e+37 2.191e+30 1.755e-26 3.705e-15 4.656e-14
5.012e-04 1.481e+37 2.322e+30 1.861e-26 3.928e-15 4.936e-14
5.623e-04 1.240e+37 2.447e+30 1.961e-26 4.138e-15 5.200e-14
6.310e-04 1.031e+37 2.562e+30 2.053e-26 4.333e-15 5.445e-14
7.079e-04 8.529e+36 2.668e+30 2.138e-26 4.513e-15 5.671e-14
7.943e-04 7.012e+36 2.762e+30 2.213e-26 4.671e-15 5.870e-14
8.913e-04 5.731e+36 2.841e+30 2.277e-26 4.806e-15 6.040e-14
1.000e-03 4.658e+36 2.908e+30 2.330e-26 4.918e-15 6.180e-14
1.122e-03 3.766e+36 2.959e+30 2.371e-26 5.005e-15 6.290e-14
1.259e-03 3.029e+36 2.996e+30 2.401e-26 5.068e-15 6.368e-14
1.413e-03 2.424e+36 3.019e+30 2.419e-26 5.106e-15 6.417e-14
1.585e-03 1.932e+36 3.029e+30 2.427e-26 5.123e-15 6.438e-14
1.778e-03 1.534e+36 3.028e+30 2.426e-26 5.121e-15 6.436e-14
1.995e-03 1.215e+36 3.019e+30 2.419e-26 5.107e-15 6.417e-14
2.239e-03 9.611e+35 3.006e+30 2.409e-26 5.085e-15 6.390e-14
2.512e-03 7.601e+35 2.993e+30 2.399e-26 5.063e-15 6.363e-14
2.818e-03 6.015e+35 2.982e+30 2.390e-26 5.044e-15 6.338e-14
3.162e-03 4.764e+35 2.973e+30 2.383e-26 5.029e-15 6.320e-14
3.548e-03 3.774e+35 2.966e+30 2.376e-26 5.016e-15 6.304e-14
3.981e-03 2.988e+35 2.956e+30 2.369e-26 5.000e-15 6.283e-14
4.467e-03 2.364e+35 2.944e+30 2.360e-26 4.981e-15 6.259e-14
5.012e-03 1.870e+35 2.932e+30 2.349e-26 4.959e-15 6.232e-14
5.623e-03 1.479e+35 2.919e+30 2.339e-26 4.937e-15 6.204e-14
6.310e-03 1.169e+35 2.905e+30 2.328e-26 4.914e-15 6.175e-14
7.079e-03 9.242e+34 2.891e+30 2.317e-26 4.890e-15 6.145e-14
7.943e-03 7.303e+34 2.876e+30 2.305e-26 4.865e-15 6.114e-14
8.913e-03 5.768e+34 2.860e+30 2.292e-26 4.837e-15 6.079e-14
1.000e-02 4.552e+34 2.841e+30 2.277e-26 4.806e-15 6.040e-14
1.122e-02 3.589e+34 2.820e+30 2.260e-26 4.770e-15 5.994e-14
1.259e-02 2.826e+34 2.796e+30 2.240e-26 4.729e-15 5.942e-14
1.413e-02 2.222e+34 2.767e+30 2.218e-26 4.681e-15 5.883e-14
1.585e-02 1.745e+34 2.736e+30 2.193e-26 4.628e-15 5.816e-14
1.778e-02 1.369e+34 2.702e+30 2.165e-26 4.570e-15 5.743e-14
1.995e-02 1.073e+34 2.666e+30 2.136e-26 4.510e-15 5.667e-14
2.239e-02 8.404e+33 2.629e+30 2.107e-26 4.447e-15 5.588e-14
2.512e-02 6.581e+33 2.592e+30 2.077e-26 4.384e-15 5.509e-14
2.818e-02 5.153e+33 2.555e+30 2.047e-26 4.322e-15 5.431e-14
3.162e-02 4.037e+33 2.520e+30 2.019e-26 4.262e-15 5.356e-14
3.548e-02 3.165e+33 2.487e+30 1.993e-26 4.206e-15 5.285e-14
3.981e-02 2.483e+33 2.456e+30 1.968e-26 4.155e-15 5.221e-14
4.467e-02 1.951e+33 2.429e+30 1.947e-26 4.109e-15 5.164e-14
5.012e-02 1.534e+33 2.406e+30 1.928e-26 4.069e-15 5.114e-14
5.623e-02 1.208e+33 2.385e+30 1.911e-26 4.034e-15 5.070e-14
6.310e-02 9.525e+32 2.367e+30 1.897e-26 4.003e-15 5.031e-14
7.079e-02 7.513e+32 2.350e+30 1.883e-26 3.975e-15 4.995e-14
7.943e-02 5.927e+32 2.334e+30 1.870e-26 3.948e-15 4.961e-14
8.913e-02 4.675e+32 2.318e+30 1.858e-26 3.921e-15 4.927e-14
1.000e-01 3.687e+32 2.301e+30 1.844e-26 3.893e-15 4.892e-14
1.122e-01 2.907e+32 2.284e+30 1.830e-26 3.864e-15 4.855e-14
1.259e-01 2.291e+32 2.266e+30 1.816e-26 3.834e-15 4.818e-14
1.413e-01 1.805e+32 2.248e+30 1.802e-26 3.803e-15 4.779e-14
1.585e-01 1.422e+32 2.230e+30 1.787e-26 3.771e-15 4.739e-14
1.778e-01 1.120e+32 2.211e+30 1.771e-26 3.739e-15 4.699e-14
1.995e-01 8.818e+31 2.191e+30 1.756e-26 3.706e-15 4.657e-14
2.239e-01 6.940e+31 2.171e+30 1.740e-26 3.672e-15 4.615e-14
2.512e-01 5.461e+31 2.151e+30 1.724e-26 3.638e-15 4.572e-14
2.818e-01 4.296e+31 2.130e+30 1.707e-26 3.603e-15 4.528e-14
3.162e-01 3.379e+31 2.109e+30 1.690e-26 3.567e-15 4.483e-14
3.548e-01 2.657e+31 2.087e+30 1.673e-26 3.531e-15 4.437e-14
3.981e-01 2.088e+31 2.066e+30 1.655e-26 3.494e-15 4.391e-14
4.467e-01 1.641e+31 2.043e+30 1.638e-26 3.456e-15 4.344e-14
5.012e-01 1.289e+31 2.021e+30 1.619e-26 3.418e-15 4.296e-14
5.623e-01 1.012e+31 1.998e+30 1.601e-26 3.379e-15 4.247e-14
6.310e-01 7.947e+30 1.975e+30 1.582e-26 3.340e-15 4.197e-14
7.079e-01 6.236e+30 1.951e+30 1.563e-26 3.300e-15 4.147e-14
7.943e-01 4.892e+30 1.927e+30 1.544e-26 3.259e-15 4.095e-14
8.913e-01 3.837e+30 1.902e+30 1.524e-26 3.217e-15 4.043e-14
1.000e+00 3.007e+30 1.877e+30 1.504e-26 3.175e-15 3.990e-14
1.122e+00 2.356e+30 1.852e+30 1.484e-26 3.132e-15 3.936e-14
1.259e+00 1.846e+30 1.826e+30 1.463e-26 3.088e-15 3.881e-14
1.413e+00 1.445e+30 1.799e+30 1.442e-26 3.043e-15 3.824e-14
1.585e+00 1.130e+30 1.772e+30 1.420e-26 2.998e-15 3.767e-14
1.778e+00 8.839e+29 1.745e+30 1.398e-26 2.951e-15 3.708e-14
1.995e+00 6.908e+29 1.716e+30 1.375e-26 2.903e-15 3.649e-14
2.239e+00 5.395e+29 1.688e+30 1.352e-26 2.855e-15 3.587e-14
2.512e+00 4.211e+29 1.658e+30 1.329e-26 2.805e-15 3.525e-14
2.818e+00 3.284e+29 1.628e+30 1.305e-26 2.754e-15 3.461e-14
3.162e+00 2.559e+29 1.597e+30 1.280e-26 2.702e-15 3.395e-14
3.548e+00 1.992e+29 1.566e+30 1.255e-26 2.648e-15 3.328e-14
3.981e+00 1.550e+29 1.533e+30 1.229e-26 2.593e-15 3.259e-14
4.467e+00 1.205e+29 1.500e+30 1.202e-26 2.537e-15 3.189e-14
5.012e+00 9.351e+28 1.466e+30 1.175e-26 2.480e-15 3.116e-14
5.623e+00 7.251e+28 1.431e+30 1.147e-26 2.421e-15 3.042e-14
6.310e+00 5.616e+28 1.395e+30 1.118e-26 2.360e-15 2.966e-14
7.079e+00 4.344e+28 1.359e+30 1.089e-26 2.298e-15 2.888e-14
7.943e+00 3.355e+28 1.321e+30 1.059e-26 2.235e-15 2.809e-14
8.913e+00 2.588e+28 1.283e+30 1.028e-26 2.170e-15 2.727e-14
1.000e+01 1.992e+28 1.244e+30 9.966e-27 2.104e-15 2.643e-14
1.122e+01 1.532e+28 1.203e+30 9.644e-27 2.036e-15 2.558e-14
1.259e+01 1.175e+28 1.162e+30 9.316e-27 1.966e-15 2.471e-14
1.413e+01 8.999e+27 1.121e+30 8.981e-27 1.896e-15 2.382e-14
1.585e+01 6.877e+27 1.078e+30 8.640e-27 1.824e-15 2.292e-14
1.778e+01 5.243e+27 1.035e+30 8.293e-27 1.751e-15 2.200e-14
1.995e+01 3.988e+27 9.910e+29 7.941e-27 1.676e-15 2.106e-14
2.239e+01 3.026e+27 9.465e+29 7.585e-27 1.601e-15 2.012e-14
2.512e+01 2.289e+27 9.016e+29 7.225e-27 1.525e-15 1.917e-14
2.818e+01 1.727e+27 8.564e+29 6.862e-27 1.449e-15 1.820e-14
3.162e+01 1.299e+27 8.109e+29 6.498e-27 1.372e-15 1.724e-14
3.548e+01 9.739e+26 7.652e+29 6.132e-27 1.294e-15 1.627e-14
3.981e+01 7.275e+26 7.197e+29 5.767e-27 1.217e-15 1.530e-14
4.467e+01 5.415e+26 6.743e+29 5.404e-27 1.141e-15 1.433e-14
5.012e+01 4.014e+26 6.293e+29 5.043e-27 1.064e-15 1.338e-14
5.623e+01 2.963e+26 5.848e+29 4.686e-27 9.892e-16 1.243e-14
6.310e+01 2.177e+26 5.410e+29 4.335e-27 9.151e-16 1.150e-14
7.079e+01 1.592e+26 4.981e+29 3.992e-27 8.425e-16 1.059e-14
7.943e+01 1.159e+26 4.563e+29 3.656e-27 7.718e-16 9.699e-15
8.913e+01 8.385e+25 4.157e+29 3.331e-27 7.032e-16 8.836e-15
1.000e+02 6.033e+25 3.765e+29 3.017e-27 6.369e-16 8.004e-15
1.122e+02 4.314e+25 3.390e+29 2.717e-27 5.734e-16 7.206e-15
1.259e+02 3.065e+25 3.032e+29 2.430e-27 5.129e-16 6.445e-15
1.413e+02 2.162e+25 2.693e+29 2.158e-27 4.555e-16 5.724e-15
1.585e+02 1.514e+25 2.374e+29 1.903e-27 4.016e-16 5.047e-15
1.778e+02 1.052e+25 2.077e+29 1.664e-27 3.513e-16 4.414e-15
1.995e+02 7.248e+24 1.801e+29 1.443e-27 3.047e-16 3.828e-15
2.239e+02 4.949e+24 1.548e+29 1.241e-27 2.619e-16 3.291e-15
2.512e+02 3.347e+24 1.318e+29 1.056e-27 2.229e-16 2.801e-15
2.818e+02 2.240e+24 1.111e+29 8.900e-28 1.879e-16 2.361e-15
3.162e+02 1.483e+24 9.256e+28 7.418e-28 1.566e-16 1.968e-15
3.548e+02 9.704e+23 7.625e+28 6.110e-28 1.290e-16 1.621e-15
3.981e+02 6.271e+23 6.203e+28 4.971e-28 1.049e-16 1.319e-15
4.467e+02 3.998e+23 4.979e+28 3.990e-28 8.422e-17 1.058e-15
5.012e+02 2.513e+23 3.939e+28 3.157e-28 6.664e-17 8.374e-16
5.623e+02 1.555e+23 3.069e+28 2.460e-28 5.192e-17 6.524e-16
6.310e+02 9.466e+22 2.352e+28 1.885e-28 3.978e-17 5.000e-16
7.079e+02 5.660e+22 1.771e+28 1.419e-28 2.995e-17 3.764e-16
7.943e+02 3.321e+22 1.308e+28 1.048e-28 2.212e-17 2.780e-16
8.913e+02 1.908e+22 9.462e+27 7.582e-29 1.600e-17 2.011e-16
1.000e+03 1.073e+22 6.695e+27 5.365e-29 1.133e-17 1.423e-16
1.122e+03 5.887e+21 4.626e+27 3.707e-29 7.824e-18 9.832e-17
1.259e+03 3.148e+21 3.114e+27 2.495e-29 5.267e-18 6.619e-17
1.413e+03 1.637e+21 2.038e+27 1.633e-29 3.448e-18 4.333e-17
1.585e+03 8.256e+20 1.294e+27 1.037e-29 2.189e-18 2.751e-17
1.778e+03 4.029e+20 7.951e+26 6.372e-30 1.345e-18 1.690e-17
1.995e+03 1.896e+20 4.712e+26 3.776e-30 7.970e-19 1.002e-17
2.239e+03 8.581e+19 2.684e+26 2.151e-30 4.540e-19 5.705e-18
2.512e+03 3.718e+19 1.464e+26 1.173e-30 2.477e-19 3.112e-18
2.818e+03 1.536e+19 7.613e+25 6.101e-31 1.288e-19 1.618e-18
3.162e+03 6.011e+18 3.752e+25 3.006e-31 6.346e-20 7.974e-19
3.548e+03 2.213e+18 1.739e+25 1.393e-31 2.941e-20 3.696e-19
3.981e+03 7.586e+17 7.504e+24 6.014e-32 1.269e-20 1.595e-19
4.467e+03 2.385e+17 2.970e+24 2.380e-32 5.024e-21 6.313e-20
5.012e+03 6.714e+16 1.053e+24 8.435e-33 1.780e-21 2.237e-20
5.623e+03 1.625e+16 3.208e+23 2.571e-33 5.427e-22 6.819e-21
6.310e+03 3.143e+15 7.810e+22 6.259e-34 1.321e-22 1.660e-21
7.079e+03 4.174e+14 1.306e+22 1.046e-34 2.208e-23 2.775e-22
7.943e+03 2.582e+13 1.017e+21 8.147e-36 1.720e-24 2.161e-23
8.913e+03 8.308e+10 4.119e+18 3.301e-38 6.968e-27 8.756e-26
1.000e+04 0.000e+00 0.000e+00 0.000e+00 0.000e+00 0.000e+00
1.122e+04 0.000e+00 0.000e+00 0.000e+00 0.000e+00 0.000e+00
1.259e+04 0.000e+00 0.000e+00 0.000e+00 0.000e+00 0.000e+00
1.413e+04 0.000e+00 0.000e+00 0.000e+00 0.000e+00 0.000e+00
1.585e+04 0.000e+00 0.000e+00 0.000e+00 0.000e+00 0.000e+00
1.778e+04 0.000e+00 0.000e+00 0.000e+00 0.000e+00 0.000e+00
1.995e+04 0.000e+00 0.000e+00 0.000e+00 0.000e+00 0.000e+00
2.239e+04 0.000e+00 0.000e+00 0.000e+00 0.000e+00 0.000e+00
2.512e+04 0.000e+00 0.000e+00 0.000e+00 0.000e+00 0.000e+00
2.818e+04 0.000e+00 0.000e+00 0.000e+00 0.000e+00 0.000e+00
3.162e+04 0.000e+00 0.000e+00 0.000e+00 0.000e+00 0.000e+00
3.548e+04 0.000e+00 0.000e+00 0.000e+00 0.000e+00 0.000e+00
3.981e+04 0.000e+00 0.000e+00 0.000e+00 0.000e+00 0.000e+00
4.467e+04 0.000e+00 0.000e+00 0.000e+00 0.000e+00 0.000e+00
5.012e+04 0.000e+00 0.000e+00 0.000e+00 0.000e+00 0.000e+00
5.623e+04 0.000e+00 0.000e+00 0.000e+00 0.000e+00 0.000e+00
6.310e+04 0.000e+00 0.000e+00 0.000e+00 0.000e+00 0.000e+00
7.079e+04 0.000e+00 0.000e+00 0.000e+00 0.000e+00 0.000e+00
7.943e+04 0.000e+00 0.000e+00 0.000e+00 0.000e+00 0.000e+00
8.913e+04 0.000e+00 0.000e+00 0.000e+00 0.000e+00 0.000e+00
1.000e+05 0.000e+00 0.000e+00 0.000e+00 0.000e+00 0.000e+00
1.122e+05 0.000e+00 0.000e+00 0.000e+00 0.000e+00 0.000e+00
1.259e+05 0.000e+00 0.000e+00 0.000e+00 0.000e+00 0.000e+00
1.413e+05 0.000e+00 0.000e+00 0.000e+00 0.000e+00 0.000e+00
1.585e+05 0.000e+00 0.000e+00 0.000e+00 0.000e+00 0.000e+00
1.778e+05 0.000e+00 0.000e+00 0.000e+00 0.000e+00 0.000e+00
1.995e+05 0.000e+00 0.000e+00 0.000e+00 0.000e+00 0.000e+00
2.239e+05 0.000e+00 0.000e+00 0.000e+00 0.000e+00 0.000e+00
2.512e+05 0.000e+00 0.000e+00 0.000e+00 0.000e+00 0.000e+00
2.818e+05 0.000e+00 0.000e+00 0.000e+00 0.000e+00 0.000e+00
3.162e+05 0.000e+00 0.000e+00 0.000e+00 0.000e+00 0.000e+00
3.548e+05 0.000e+00 0.000e+00 0.000e+00 0.000e+00 0.000e+00
3.981e+05 0.000e+00 0.000e+00 0.000e+00 0.000e+00 0.000e+00
4.467e+05 0.000e+00 0.000e+00 0.000e+00 0.000e+00 0.000e+00
5.012e+05 0.000e+00 0.000e+00 0.000e+00 0.000e+00 0.000e+00
5.623e+05 0.000e+00 0.000e+00 0.000e+00 0.000e+00 0.000e+00
6.310e+05 0.000e+00 0.000e+00 0.000e+00 0.000e+00 0.000e+00
7.079e+05 0.000e+00 0.000e+00 0.000e+00 0.000e+00 0.000e+00
7.943e+05 0.000e+00 0.000e+00 0.000e+00 0.000e+00 0.000e+00
8.913e+05 0.000e+00 0.000e+00 0.000e+00 0.000e+00 0.000e+00
1.000e+06 0.000e+00 0.000e+00 0.000e+00 0.000e+00 0.000e+00
1.122e+06 0.000e+00 0.000e+00 0.000e+00 0.000e+00 0.000e+00
1.259e+06 0.000e+00 0.000e+00 0.000e+00 0.000e+00 0.000e+00
1.413e+06 0.000e+00 0.000e+00 0.000e+00 0.000e+00 0.000e+00
1.585e+06 0.000e+00 0.000e+00 0.000e+00 0.000e+00 0.000e+00
1.778e+06 0.000e+00 0.000e+00 0.000e+00 0.000e+00 0.000e+00
1.995e+06 0.000e+00 0.000e+00 0.000e+00 0.000e+00 0.000e+00
2.239e+06 0.000e+00 0.000e+00 0.000e+00 0.000e+00 0.000e+00
2.512e+06 0.000e+00 0.000e+00 0.000e+00 0.000e+00 0.000e+00
2.818e+06 0.000e+00 0.000e+00 0.000e+00 0.000e+00 0.000e+00
3.162e+06 0.000e+00 0.000e+00 0.000e+00 0.000e+00 0.000e+00
3.548e+06 0.000e+00 0.000e+00 0.000e+00 0.000e+00 0.000e+00
3.981e+06 0.000e+00 0.000e+00 0.000e+00 0.000e+00 0.000e+00
4.467e+06 0.000e+00 0.000e+00 0.000e+00 0.000e+00 0.000e+00
5.012e+06 0.000e+00 0.000e+00 0.000e+00 0.000e+00 0.000e+00
5.623e+06 0.000e+00 0.000e+00 0.000e+00 0.000e+00 0.000e+00
6.310e+06 0.000e+00 0.000e+00 0.000e+00 0.000e+00 0.000e+00
7.079e+06 0.000e+00 0.000e+00 0.000e+00 0.000e+00 0.000e+00
7.943e+06 0.000e+00 0.000e+00 0.000e+00 0.000e+00 0.000e+00
8.913e+06 0.000e+00 0.000e+00 0.000e+00 0.000e+00 0.000e+00
1.000e+07 0.000e+00 0.000e+00 0.000e+00 0.000e+00 0.000e+00
1.122e+07 0.000e+00 0.000e+00 0.000e+00 0.000e+00 0.000e+00
1.259e+07 0.000e+00 0.000e+00 0.000e+00 0.000e+00 0.000e+00
1.413e+07 0.000e+00 0.000e+00 0.000e+00 0.000e+00 0.000e+00
1.585e+07 0.000e+00 0.000e+00 0.000e+00 0.000e+00 0.000e+00
1.778e+07 0.000e+00 0.000e+00 0.000e+00 0.000e+00 0.000e+00
1.995e+07 0.000e+00 0.000e+00 0.000e+00 0.000e+00 0.000e+00
2.239e+07 0.000e+00 0.000e+00 0.000e+00 0.000e+00 0.000e+00
2.512e+07 0.000e+00 0.000e+00 0.000e+00 0.000e+00 0.000e+00
2.818e+07 0.000e+00 0.000e+00 0.000e+00 0.000e+00 0.000e+00
3.162e+07 0.000e+00 0.000e+00 0.000e+00 0.000e+00 0.000e+00
3.548e+07 0.000e+00 0.000e+00 0.000e+00 0.000e+00 0.000e+00
3.981e+07 0.000e+00 0.000e+00 0.000e+00 0.000e+00 0.000e+00
4.467e+07 0.000e+00 0.000e+00 0.000e+00 0.000e+00 0.000e+00
5.012e+07 0.000e+00 0.000e+00 0.000e+00 0.000e+00 0.000e+00
5.623e+07 0.000e+00 0.000e+00 0.000e+00 0.000e+00 0.000e+00
6.310e+07 0.000e+00 0.000e+00 0.000e+00 0.000e+00 0.000e+00
7.079e+07 0.000e+00 0.000e+00 0.000e+00 0.000e+00 0.000e+00
7.943e+07 0.000e+00 0.000e+00 0.000e+00 0.000e+00 0.000e+00
8.913e+07 0.000e+00 0.000e+00 0.000e+00 0.000e+00 0.000e+00
1.000e+08 0.000e+00 0.000e+00 0.000e+00 0.000e+00 0.000e+00
