1.000e-20 1.207e+67 7.531e+26 6.035e-30 1.274e-18 1.601e-17
1.122e-20 1.015e+67 7.977e+26 6.392e-30 1.349e-18 1.696e-17
1.259e-20 8.542e+66 8.449e+26 6.771e-30 1.429e-18 1.796e-17
1.413e-20 7.187e+66 8.950e+26 7.172e-30 1.514e-18 1.902e-17
1.585e-20 6.047e+66 9.480e+26 7.597e-30 1.604e-18 2.015e-17
1.778e-20 5.088e+66 1.004e+27 8.047e-30 1.699e-18 2.135e-17
1.995e-20 4.281e+66 1.064e+27 8.524e-30 1.799e-18 2.261e-17
2.239e-20 3.602e+66 1.127e+27 9.029e-30 1.906e-18 2.395e-17
2.512e-20 3.031e+66 1.194e+27 9.564e-30 2.019e-18 2.537e-17
2.818e-20 2.550e+66 1.264e+27 1.013e-29 2.138e-18 2.687e-17
3.162e-20 2.146e+66 1.339e+27 1.073e-29 2.265e-18 2.847e-17
3.548e-20 1.805e+66 1.418e+27 1.137e-29 2.399e-18 3.015e-17
3.981e-20 1.519e+66 1.503e+27 1.204e-29 2.542e-18 3.194e-17
4.467e-20 1.278e+66 1.592e+27 1.275e-29 2.692e-18 3.383e-17
5.012e-20 1.075e+66 1.686e+27 1.351e-29 2.852e-18 3.584e-17
5.623e-20 9.048e+65 1.786e+27 1.431e-29 3.021e-18 3.796e-17
6.310e-20 7.613e+65 1.892e+27 1.516e-29 3.200e-18 4.021e-17
7.079e-20 6.405e+65 2.004e+27 1.606e-29 3.389e-18 4.259e-17
7.943e-20 5.389e+65 2.122e+27 1.701e-29 3.590e-18 4.511e-17
8.913e-20 4.535e+65 2.248e+27 1.802e-29 3.803e-18 4.779e-17
1.000e-19 3.815e+65 2.381e+27 1.908e-29 4.028e-18 5.062e-17
1.122e-19 3.210e+65 2.522e+27 2.021e-29 4.267e-18 5.362e-17
1.259e-19 2.701e+65 2.672e+27 2.141e-29 4.520e-18 5.679e-17
1.413e-19 2.273e+65 2.830e+27 2.268e-29 4.787e-18 6.016e-17
1.585e-19 1.912e+65 2.998e+27 2.402e-29 5.071e-18 6.372e-17
1.778e-19 1.609e+65 3.176e+27 2.545e-29 5.371e-18 6.750e-17
1.995e-19 1.354e+65 3.364e+27 2.695e-29 5.690e-18 7.150e-17
2.239e-19 1.139e+65 3.563e+27 2.855e-29 6.027e-18 7.574e-17
2.512e-19 9.583e+64 3.774e+27 3.024e-29 6.384e-18 8.022e-17
2.818e-19 8.063e+64 3.998e+27 3.204e-29 6.762e-18 8.498e-17
3.162e-19 6.784e+64 4.235e+27 3.393e-29 7.163e-18 9.001e-17
3.548e-19 5.708e+64 4.485e+27 3.594e-29 7.587e-18 9.534e-17
3.981e-19 4.803e+64 4.751e+27 3.807e-29 8.037e-18 1.010e-16
4.467e-19 4.041e+64 5.033e+27 4.033e-29 8.513e-18 1.070e-16
5.012e-19 3.400e+64 5.331e+27 4.272e-29 9.017e-18 1.133e-16
5.623e-19 2.861e+64 5.647e+27 4.525e-29 9.552e-18 1.200e-16
6.310e-19 2.407e+64 5.981e+27 4.793e-29 1.012e-17 1.271e-16
7.079e-19 2.025e+64 6.336e+27 5.077e-29 1.072e-17 1.347e-16
7.943e-19 1.704e+64 6.711e+27 5.378e-29 1.135e-17 1.427e-16
8.913e-19 1.434e+64 7.109e+27 5.697e-29 1.202e-17 1.511e-16
1.000e-18 1.206e+64 7.530e+27 6.034e-29 1.274e-17 1.601e-16
1.122e-18 1.015e+64 7.976e+27 6.392e-29 1.349e-17 1.695e-16
1.259e-18 8.541e+63 8.449e+27 6.770e-29 1.429e-17 1.796e-16
1.413e-18 7.186e+63 8.949e+27 7.171e-29 1.514e-17 1.902e-16
1.585e-18 6.046e+63 9.479e+27 7.596e-29 1.603e-17 2.015e-16
1.778e-18 5.087e+63 1.004e+28 8.046e-29 1.698e-17 2.134e-16
1.995e-18 4.280e+63 1.064e+28 8.523e-29 1.799e-17 2.261e-16
2.239e-18 3.601e+63 1.127e+28 9.028e-29 1.906e-17 2.395e-16
2.512e-18 3.030e+63 1.193e+28 9.563e-29 2.019e-17 2.537e-16
2.818e-18 2.550e+63 1.264e+28 1.013e-28 2.138e-17 2.687e-16
3.162e-18 2.145e+63 1.339e+28 1.073e-28 2.265e-17 2.846e-16
3.548e-18 1.805e+63 1.418e+28 1.137e-28 2.399e-17 3.015e-16
3.981e-18 1.519e+63 1.502e+28 1.204e-28 2.541e-17 3.193e-16
4.467e-18 1.278e+63 1.591e+28 1.275e-28 2.692e-17 3.382e-16
5.012e-18 1.075e+63 1.686e+28 1.351e-28 2.851e-17 3.583e-16
5.623e-18 9.046e+62 1.785e+28 1.431e-28 3.020e-17 3.795e-16
6.310e-18 7.611e+62 1.891e+28 1.515e-28 3.199e-17 4.020e-16
7.079e-18 6.404e+62 2.003e+28 1.605e-28 3.388e-17 4.258e-16
7.943e-18 5.388e+62 2.122e+28 1.700e-28 3.589e-17 4.510e-16
8.913e-18 4.533e+62 2.247e+28 1.801e-28 3.802e-17 4.777e-16
1.000e-17 3.814e+62 2.381e+28 1.908e-28 4.027e-17 5.060e-16
1.122e-17 3.209e+62 2.522e+28 2.021e-28 4.265e-17 5.360e-16
1.259e-17 2.700e+62 2.671e+28 2.140e-28 4.518e-17 5.677e-16
1.413e-17 2.272e+62 2.829e+28 2.267e-28 4.786e-17 6.014e-16
1.585e-17 1.911e+62 2.997e+28 2.401e-28 5.069e-17 6.370e-16
1.778e-17 1.608e+62 3.174e+28 2.544e-28 5.369e-17 6.747e-16
1.995e-17 1.353e+62 3.362e+28 2.694e-28 5.687e-17 7.147e-16
2.239e-17 1.138e+62 3.561e+28 2.854e-28 6.024e-17 7.570e-16
2.512e-17 9.579e+61 3.772e+28 3.023e-28 6.381e-17 8.018e-16
2.818e-17 8.059e+61 3.996e+28 3.202e-28 6.759e-17 8.493e-16
3.162e-17 6.781e+61 4.232e+28 3.392e-28 7.159e-17 8.996e-16
3.548e-17 5.705e+61 4.483e+28 3.592e-28 7.583e-17 9.529e-16
3.981e-17 4.800e+61 4.748e+28 3.805e-28 8.032e-17 1.009e-15
4.467e-17 4.039e+61 5.030e+28 4.030e-28 8.508e-17 1.069e-15
5.012e-17 3.398e+61 5.327e+28 4.269e-28 9.011e-17 1.132e-15
5.623e-17 2.859e+61 5.643e+28 4.522e-28 9.545e-17 1.199e-15
6.310e-17 2.405e+61 5.977e+28 4.790e-28 1.011e-16 1.270e-15
7.079e-17 2.024e+61 6.331e+28 5.073e-28 1.071e-16 1.346e-15
7.943e-17 1.703e+61 6.705e+28 5.373e-28 1.134e-16 1.425e-15
8.913e-17 1.433e+61 7.102e+28 5.691e-28 1.201e-16 1.510e-15
1.000e-16 1.205e+61 7.523e+28 6.028e-28 1.272e-16 1.599e-15
1.122e-16 1.014e+61 7.968e+28 6.385e-28 1.348e-16 1.694e-15
1.259e-16 8.532e+60 8.440e+28 6.763e-28 1.428e-16 1.794e-15
1.413e-16 7.178e+60 8.939e+28 7.163e-28 1.512e-16 1.900e-15
1.585e-16 6.039e+60 9.468e+28 7.587e-28 1.602e-16 2.013e-15
1.778e-16 5.081e+60 1.003e+29 8.036e-28 1.696e-16 2.132e-15
1.995e-16 4.275e+60 1.062e+29 8.512e-28 1.797e-16 2.258e-15
2.239e-16 3.596e+60 1.125e+29 9.015e-28 1.903e-16 2.391e-15
2.512e-16 3.026e+60 1.192e+29 9.549e-28 2.016e-16 2.533e-15
2.818e-16 2.546e+60 1.262e+29 1.011e-27 2.135e-16 2.683e-15
3.162e-16 2.142e+60 1.337e+29 1.071e-27 2.261e-16 2.841e-15
3.548e-16 1.802e+60 1.416e+29 1.134e-27 2.395e-16 3.009e-15
3.981e-16 1.516e+60 1.499e+29 1.202e-27 2.536e-16 3.187e-15
4.467e-16 1.275e+60 1.588e+29 1.273e-27 2.686e-16 3.376e-15
5.012e-16 1.073e+60 1.682e+29 1.348e-27 2.845e-16 3.575e-15
5.623e-16 9.025e+59 1.781e+29 1.428e-27 3.013e-16 3.787e-15
6.310e-16 7.593e+59 1.887e+29 1.512e-27 3.191e-16 4.010e-15
7.079e-16 6.388e+59 1.998e+29 1.601e-27 3.380e-16 4.247e-15
7.943e-16 5.374e+59 2.116e+29 1.696e-27 3.580e-16 4.498e-15
8.913e-16 4.521e+59 2.241e+29 1.796e-27 3.791e-16 4.764e-15
1.000e-15 3.803e+59 2.374e+29 1.902e-27 4.015e-16 5.045e-15
1.122e-15 3.199e+59 2.514e+29 2.014e-27 4.252e-16 5.343e-15
1.259e-15 2.691e+59 2.662e+29 2.133e-27 4.503e-16 5.659e-15
1.413e-15 2.264e+59 2.819e+29 2.259e-27 4.769e-16 5.993e-15
1.585e-15 1.904e+59 2.986e+29 2.393e-27 5.050e-16 6.346e-15
1.778e-15 1.602e+59 3.162e+29 2.534e-27 5.348e-16 6.721e-15
1.995e-15 1.348e+59 3.348e+29 2.683e-27 5.664e-16 7.117e-15
2.239e-15 1.133e+59 3.546e+29 2.841e-27 5.998e-16 7.537e-15
2.512e-15 9.534e+58 3.755e+29 3.009e-27 6.351e-16 7.981e-15
2.818e-15 8.020e+58 3.976e+29 3.186e-27 6.725e-16 8.451e-15
3.162e-15 6.746e+58 4.210e+29 3.374e-27 7.122e-16 8.949e-15
3.548e-15 5.674e+58 4.458e+29 3.573e-27 7.541e-16 9.476e-15
3.981e-15 4.772e+58 4.721e+29 3.783e-27 7.985e-16 1.003e-14
4.467e-15 4.014e+58 4.999e+29 4.006e-27 8.455e-16 1.062e-14
5.012e-15 3.376e+58 5.293e+29 4.241e-27 8.952e-16 1.125e-14
5.623e-15 2.839e+58 5.604e+29 4.491e-27 9.479e-16 1.191e-14
6.310e-15 2.388e+58 5.933e+29 4.755e-27 1.004e-15 1.261e-14
7.079e-15 2.008e+58 6.282e+29 5.034e-27 1.063e-15 1.335e-14
7.943e-15 1.689e+58 6.651e+29 5.330e-27 1.125e-15 1.414e-14
8.913e-15 1.420e+58 7.041e+29 5.642e-27 1.191e-15 1.497e-14
1.000e-14 1.194e+58 7.454e+29 5.973e-27 1.261e-15 1.584e-14
1.122e-14 1.004e+58 7.891e+29 6.324e-27 1.335e-15 1.677e-14
1.259e-14 8.445e+57 8.353e+29 6.694e-27 1.413e-15 1.776e-14
1.413e-14 7.101e+57 8.843e+29 7.086e-27 1.496e-15 1.880e-14
1.585e-14 5.970e+57 9.360e+29 7.501e-27 1.583e-15 1.990e-14
1.778e-14 5.020e+57 9.907e+29 7.939e-27 1.676e-15 2.106e-14
1.995e-14 4.220e+57 1.049e+30 8.403e-27 1.774e-15 2.229e-14
2.239e-14 3.548e+57 1.110e+30 8.894e-27 1.877e-15 2.359e-14
2.512e-14 2.983e+57 1.175e+30 9.413e-27 1.987e-15 2.497e-14
2.818e-14 2.507e+57 1.243e+30 9.961e-27 2.103e-15 2.642e-14
3.162e-14 2.108e+57 1.315e+30 1.054e-26 2.225e-15 2.796e-14
3.548e-14 1.771e+57 1.392e+30 1.115e-26 2.355e-15 2.959e-14
3.981e-14 1.489e+57 1.473e+30 1.180e-26 2.491e-15 3.131e-14
4.467e-14 1.251e+57 1.558e+30 1.249e-26 2.636e-15 3.312e-14
5.012e-14 1.052e+57 1.649e+30 1.321e-26 2.789e-15 3.505e-14
5.623e-14 8.837e+56 1.744e+30 1.398e-26 2.950e-15 3.707e-14
6.310e-14 7.425e+56 1.845e+30 1.479e-26 3.121e-15 3.922e-14
7.079e-14 6.239e+56 1.952e+30 1.564e-26 3.301e-15 4.148e-14
7.943e-14 5.242e+56 2.064e+30 1.654e-26 3.492e-15 4.388e-14
8.913e-14 4.403e+56 2.183e+30 1.749e-26 3.693e-15 4.640e-14
1.000e-13 3.699e+56 2.309e+30 1.850e-26 3.905e-15 4.907e-14
1.122e-13 3.107e+56 2.441e+30 1.956e-26 4.129e-15 5.189e-14
1.259e-13 2.609e+56 2.581e+30 2.068e-26 4.366e-15 5.486e-14
1.413e-13 2.191e+56 2.729e+30 2.187e-26 4.615e-15 5.800e-14
1.585e-13 1.840e+56 2.884e+30 2.311e-26 4.879e-15 6.131e-14
1.778e-13 1.545e+56 3.049e+30 2.443e-26 5.157e-15 6.480e-14
1.995e-13 1.297e+56 3.222e+30 2.582e-26 5.450e-15 6.848e-14
2.239e-13 1.088e+56 3.404e+30 2.728e-26 5.759e-15 7.237e-14
2.512e-13 9.134e+55 3.597e+30 2.883e-26 6.084e-15 7.646e-14
2.818e-13 7.665e+55 3.800e+30 3.045e-26 6.428e-15 8.077e-14
3.162e-13 6.431e+55 4.014e+30 3.216e-26 6.789e-15 8.532e-14
3.548e-13 5.395e+55 4.239e+30 3.397e-26 7.170e-15 9.010e-14
3.981e-13 4.525e+55 4.476e+30 3.587e-26 7.571e-15 9.514e-14
4.467e-13 3.795e+55 4.726e+30 3.787e-26 7.994e-15 1.005e-13
5.012e-13 3.182e+55 4.988e+30 3.997e-26 8.438e-15 1.060e-13
5.623e-13 2.667e+55 5.265e+30 4.219e-26 8.905e-15 1.119e-13
6.310e-13 2.236e+55 5.555e+30 4.452e-26 9.396e-15 1.181e-13
7.079e-13 1.873e+55 5.860e+30 4.696e-26 9.913e-15 1.246e-13
7.943e-13 1.570e+55 6.181e+30 4.953e-26 1.046e-14 1.314e-13
8.913e-13 1.315e+55 6.518e+30 5.223e-26 1.102e-14 1.385e-13
1.000e-12 1.101e+55 6.871e+30 5.506e-26 1.162e-14 1.461e-13
1.122e-12 9.220e+54 7.245e+30 5.806e-26 1.225e-14 1.540e-13
1.259e-12 7.717e+54 7.634e+30 6.118e-26 1.291e-14 1.623e-13
1.413e-12 6.457e+54 8.042e+30 6.444e-26 1.360e-14 1.709e-13
1.585e-12 5.402e+54 8.469e+30 6.787e-26 1.433e-14 1.800e-13
1.778e-12 4.517e+54 8.916e+30 7.145e-26 1.508e-14 1.895e-13
1.995e-12 3.777e+54 9.384e+30 7.520e-26 1.587e-14 1.995e-13
2.239e-12 3.156e+54 9.873e+30 7.912e-26 1.670e-14 2.099e-13
2.512e-12 2.637e+54 1.038e+31 8.322e-26 1.757e-14 2.207e-13
2.818e-12 2.202e+54 1.092e+31 8.749e-26 1.847e-14 2.321e-13
3.162e-12 1.838e+54 1.147e+31 9.195e-26 1.941e-14 2.439e-13
3.548e-12 1.534e+54 1.205e+31 9.660e-26 2.039e-14 2.562e-13
3.981e-12 1.280e+54 1.266e+31 1.014e-25 2.141e-14 2.691e-13
4.467e-12 1.067e+54 1.329e+31 1.065e-25 2.248e-14 2.825e-13
5.012e-12 8.893e+53 1.394e+31 1.117e-25 2.358e-14 2.964e-13
5.623e-12 7.408e+53 1.462e+31 1.172e-25 2.473e-14 3.108e-13
6.310e-12 6.168e+53 1.533e+31 1.228e-25 2.592e-14 3.258e-13
7.079e-12 5.132e+53 1.606e+31 1.287e-25 2.716e-14 3.413e-13
7.943e-12 4.269e+53 1.681e+31 1.347e-25 2.844e-14 3.573e-13
8.913e-12 3.548e+53 1.759e+31 1.410e-25 2.976e-14 3.739e-13
1.000e-11 2.948e+53 1.840e+31 1.474e-25 3.112e-14 3.911e-13
1.122e-11 2.447e+53 1.923e+31 1.541e-25 3.253e-14 4.087e-13
1.259e-11 2.030e+53 2.009e+31 1.610e-25 3.397e-14 4.269e-13
1.413e-11 1.683e+53 2.097e+31 1.680e-25 3.546e-14 4.456e-13
1.585e-11 1.395e+53 2.187e+31 1.752e-25 3.699e-14 4.648e-13
1.778e-11 1.155e+53 2.279e+31 1.826e-25 3.855e-14 4.845e-13
1.995e-11 9.553e+52 2.374e+31 1.902e-25 4.015e-14 5.046e-13
2.239e-11 7.897e+52 2.470e+31 1.980e-25 4.179e-14 5.251e-13
2.512e-11 6.522e+52 2.568e+31 2.058e-25 4.345e-14 5.460e-13
2.818e-11 5.382e+52 2.668e+31 2.138e-25 4.513e-14 5.672e-13
3.162e-11 4.437e+52 2.769e+31 2.219e-25 4.684e-14 5.887e-13
3.548e-11 3.654e+52 2.872e+31 2.301e-25 4.857e-14 6.104e-13
3.981e-11 3.007e+52 2.975e+31 2.384e-25 5.031e-14 6.323e-13
4.467e-11 2.472e+52 3.078e+31 2.467e-25 5.206e-14 6.543e-13
5.012e-11 2.029e+52 3.182e+31 2.550e-25 5.382e-14 6.763e-13
5.623e-11 1.664e+52 3.285e+31 2.632e-25 5.557e-14 6.983e-13
6.310e-11 1.363e+52 3.388e+31 2.715e-25 5.730e-14 7.201e-13
7.079e-11 1.115e+52 3.489e+31 2.796e-25 5.902e-14 7.417e-13
7.943e-11 9.114e+51 3.589e+31 2.876e-25 6.071e-14 7.630e-13
8.913e-11 7.438e+51 3.687e+31 2.955e-25 6.237e-14 7.838e-13
1.000e-10 6.061e+51 3.783e+31 3.031e-25 6.399e-14 8.041e-13
1.122e-10 4.932e+51 3.875e+31 3.105e-25 6.555e-14 8.237e-13
1.259e-10 4.007e+51 3.964e+31 3.176e-25 6.704e-14 8.425e-13
1.413e-10 3.250e+51 4.048e+31 3.244e-25 6.847e-14 8.604e-13
1.585e-10 2.632e+51 4.127e+31 3.307e-25 6.981e-14 8.772e-13
1.778e-10 2.128e+51 4.200e+31 3.366e-25 7.105e-14 8.929e-13
1.995e-10 1.718e+51 4.268e+31 3.420e-25 7.219e-14 9.072e-13
2.239e-10 1.384e+51 4.328e+31 3.468e-25 7.321e-14 9.200e-13
2.512e-10 1.112e+51 4.381e+31 3.511e-25 7.410e-14 9.312e-13
2.818e-10 8.926e+50 4.425e+31 3.546e-25 7.486e-14 9.407e-13
3.162e-10 7.147e+50 4.461e+31 3.575e-25 7.546e-14 9.483e-13
3.548e-10 5.711e+50 4.487e+31 3.596e-25 7.590e-14 9.538e-13
3.981e-10 4.553e+50 4.504e+31 3.609e-25 7.618e-14 9.573e-13
4.467e-10 3.621e+50 4.509e+31 3.613e-25 7.627e-14 9.585e-13
5.012e-10 2.873e+50 4.504e+31 3.609e-25 7.618e-14 9.574e-13
5.623e-10 2.273e+50 4.487e+31 3.596e-25 7.590e-14 9.538e-13
6.310e-10 1.794e+50 4.459e+31 3.573e-25 7.542e-14 9.478e-13
7.079e-10 1.412e+50 4.418e+31 3.541e-25 7.474e-14 9.392e-13
7.943e-10 1.109e+50 4.366e+31 3.499e-25 7.385e-14 9.280e-13
8.913e-10 8.676e+49 4.301e+31 3.447e-25 7.276e-14 9.143e-13
1.000e-09 6.769e+49 4.225e+31 3.385e-25 7.146e-14 8.980e-13
1.122e-09 5.264e+49 4.136e+31 3.314e-25 6.996e-14 8.791e-13
1.259e-09 4.080e+49 4.036e+31 3.234e-25 6.826e-14 8.578e-13
1.413e-09 3.151e+49 3.924e+31 3.145e-25 6.638e-14 8.341e-13
1.585e-09 2.425e+49 3.802e+31 3.047e-25 6.431e-14 8.082e-13
1.778e-09 1.859e+49 3.670e+31 2.941e-25 6.208e-14 7.801e-13
1.995e-09 1.420e+49 3.528e+31 2.828e-25 5.968e-14 7.500e-13
2.239e-09 1.080e+49 3.379e+31 2.708e-25 5.715e-14 7.182e-13
2.512e-09 8.181e+48 3.222e+31 2.582e-25 5.450e-14 6.849e-13
2.818e-09 6.170e+48 3.059e+31 2.451e-25 5.174e-14 6.502e-13
3.162e-09 4.632e+48 2.891e+31 2.317e-25 4.890e-14 6.145e-13
3.548e-09 3.461e+48 2.719e+31 2.179e-25 4.600e-14 5.780e-13
3.981e-09 2.573e+48 2.545e+31 2.040e-25 4.305e-14 5.410e-13
4.467e-09 1.903e+48 2.370e+31 1.899e-25 4.009e-14 5.038e-13
5.012e-09 1.400e+48 2.195e+31 1.759e-25 3.713e-14 4.666e-13
5.623e-09 1.024e+48 2.022e+31 1.620e-25 3.420e-14 4.297e-13
6.310e-09 7.450e+47 1.851e+31 1.484e-25 3.131e-14 3.935e-13
7.079e-09 5.387e+47 1.685e+31 1.350e-25 2.850e-14 3.582e-13
7.943e-09 3.870e+47 1.524e+31 1.221e-25 2.578e-14 3.240e-13
8.913e-09 2.762e+47 1.369e+31 1.097e-25 2.316e-14 2.911e-13
1.000e-08 1.958e+47 1.222e+31 9.793e-26 2.067e-14 2.598e-13
1.122e-08 1.378e+47 1.083e+31 8.677e-26 1.832e-14 2.302e-13
1.259e-08 9.627e+46 9.523e+30 7.631e-26 1.611e-14 2.024e-13
1.413e-08 6.674e+46 8.311e+30 6.660e-26 1.406e-14 1.767e-13
1.585e-08 4.590e+46 7.196e+30 5.766e-26 1.217e-14 1.530e-13
1.778e-08 3.131e+46 6.179e+30 4.952e-26 1.045e-14 1.314e-13
1.995e-08 2.118e+46 5.263e+30 4.218e-26 8.903e-15 1.119e-13
2.239e-08 1.421e+46 4.447e+30 3.563e-26 7.522e-15 9.452e-14
2.512e-08 9.466e+45 3.728e+30 2.987e-26 6.305e-15 7.924e-14
2.818e-08 6.260e+45 3.103e+30 2.487e-26 5.250e-15 6.597e-14
3.162e-08 4.118e+45 2.570e+30 2.059e-26 4.347e-15 5.463e-14
3.548e-08 2.701e+45 2.122e+30 1.701e-26 3.590e-15 4.511e-14
3.981e-08 1.774e+45 1.755e+30 1.406e-26 2.968e-15 3.730e-14
4.467e-08 1.173e+45 1.460e+30 1.170e-26 2.470e-15 3.104e-14
5.012e-08 7.859e+44 1.232e+30 9.873e-27 2.084e-15 2.619e-14
5.623e-08 5.384e+44 1.063e+30 8.515e-27 1.797e-15 2.259e-14
6.310e-08 3.799e+44 9.440e+29 7.565e-27 1.597e-15 2.007e-14
7.079e-08 2.776e+44 8.682e+29 6.958e-27 1.469e-15 1.846e-14
7.943e-08 2.102e+44 8.277e+29 6.633e-27 1.400e-15 1.759e-14
8.913e-08 1.645e+44 8.153e+29 6.534e-27 1.379e-15 1.733e-14
1.000e-07 1.321e+44 8.246e+29 6.608e-27 1.395e-15 1.753e-14
1.122e-07 1.082e+44 8.499e+29 6.811e-27 1.438e-15 1.807e-14
1.259e-07 8.967e+43 8.871e+29 7.109e-27 1.500e-15 1.886e-14
1.413e-07 7.489e+43 9.327e+29 7.474e-27 1.578e-15 1.983e-14
1.585e-07 6.280e+43 9.846e+29 7.890e-27 1.665e-15 2.093e-14
1.778e-07 5.277e+43 1.041e+30 8.346e-27 1.762e-15 2.214e-14
1.995e-07 4.437e+43 1.103e+30 8.836e-27 1.865e-15 2.344e-14
2.239e-07 3.733e+43 1.168e+30 9.357e-27 1.975e-15 2.482e-14
2.512e-07 3.140e+43 1.237e+30 9.911e-27 2.092e-15 2.629e-14
2.818e-07 2.642e+43 1.310e+30 1.050e-26 2.216e-15 2.785e-14
3.162e-07 2.223e+43 1.388e+30 1.112e-26 2.347e-15 2.949e-14
3.548e-07 1.870e+43 1.470e+30 1.178e-26 2.486e-15 3.124e-14
3.981e-07 1.574e+43 1.557e+30 1.247e-26 2.633e-15 3.309e-14
4.467e-07 1.324e+43 1.649e+30 1.321e-26 2.789e-15 3.505e-14
5.012e-07 1.114e+43 1.746e+30 1.399e-26 2.954e-15 3.712e-14
5.623e-07 9.372e+42 1.850e+30 1.482e-26 3.129e-15 3.932e-14
6.310e-07 7.885e+42 1.959e+30 1.570e-26 3.314e-15 4.165e-14
7.079e-07 6.634e+42 2.075e+30 1.663e-26 3.510e-15 4.411e-14
7.943e-07 5.581e+42 2.198e+30 1.761e-26 3.718e-15 4.672e-14
8.913e-07 4.696e+42 2.328e+30 1.866e-26 3.938e-15 4.948e-14
1.000e-06 3.951e+42 2.466e+30 1.976e-26 4.171e-15 5.241e-14
1.122e-06 3.324e+42 2.612e+30 2.093e-26 4.418e-15 5.551e-14
1.259e-06 2.796e+42 2.766e+30 2.217e-26 4.679e-15 5.880e-14
1.413e-06 2.353e+42 2.930e+30 2.348e-26 4.956e-15 6.228e-14
1.585e-06 1.979e+42 3.103e+30 2.487e-26 5.249e-15 6.596e-14
1.778e-06 1.665e+42 3.287e+30 2.634e-26 5.560e-15 6.987e-14
1.995e-06 1.401e+42 3.481e+30 2.790e-26 5.889e-15 7.400e-14
2.239e-06 1.179e+42 3.687e+30 2.955e-26 6.237e-15 7.838e-14
2.512e-06 9.917e+41 3.905e+30 3.130e-26 6.606e-15 8.301e-14
2.818e-06 8.343e+41 4.136e+30 3.315e-26 6.997e-15 8.792e-14
3.162e-06 7.019e+41 4.381e+30 3.511e-26 7.410e-15 9.312e-14
3.548e-06 5.905e+41 4.640e+30 3.718e-26 7.849e-15 9.863e-14
3.981e-06 4.968e+41 4.914e+30 3.938e-26 8.313e-15 1.045e-13
4.467e-06 4.179e+41 5.205e+30 4.171e-26 8.804e-15 1.106e-13
5.012e-06 3.516e+41 5.513e+30 4.417e-26 9.325e-15 1.172e-13
5.623e-06 2.958e+41 5.838e+30 4.679e-26 9.876e-15 1.241e-13
6.310e-06 2.489e+41 6.183e+30 4.955e-26 1.046e-14 1.314e-13
7.079e-06 2.093e+41 6.549e+30 5.248e-26 1.108e-14 1.392e-13
7.943e-06 1.761e+41 6.936e+30 5.558e-26 1.173e-14 1.474e-13
8.913e-06 1.482e+41 7.346e+30 5.887e-26 1.243e-14 1.561e-13
1.000e-05 1.246e+41 7.780e+30 6.234e-26 1.316e-14 1.654e-13
1.122e-05 1.049e+41 8.240e+30 6.603e-26 1.394e-14 1.751e-13
1.259e-05 8.822e+40 8.727e+30 6.993e-26 1.476e-14 1.855e-13
1.413e-05 7.422e+40 9.243e+30 7.407e-26 1.563e-14 1.965e-13
1.585e-05 6.244e+40 9.789e+30 7.845e-26 1.656e-14 2.081e-13
1.778e-05 5.253e+40 1.037e+31 8.309e-26 1.754e-14 2.204e-13
1.995e-05 4.420e+40 1.098e+31 8.801e-26 1.858e-14 2.335e-13
2.239e-05 3.719e+40 1.163e+31 9.323e-26 1.968e-14 2.473e-13
2.512e-05 3.129e+40 1.232e+31 9.876e-26 2.085e-14 2.620e-13
2.818e-05 2.634e+40 1.306e+31 1.046e-25 2.209e-14 2.775e-13
3.162e-05 2.216e+40 1.383e+31 1.109e-25 2.340e-14 2.941e-13
3.548e-05 1.866e+40 1.466e+31 1.175e-25 2.480e-14 3.116e-13
3.981e-05 1.570e+40 1.553e+31 1.245e-25 2.628e-14 3.302e-13
4.467e-05 1.322e+40 1.647e+31 1.319e-25 2.785e-14 3.500e-13
5.012e-05 1.113e+40 1.745e+31 1.399e-25 2.952e-14 3.710e-13
5.623e-05 9.376e+39 1.851e+31 1.483e-25 3.130e-14 3.934e-13
6.310e-05 7.898e+39 1.962e+31 1.573e-25 3.320e-14 4.172e-13
7.079e-05 6.654e+39 2.081e+31 1.668e-25 3.521e-14 4.424e-13
7.943e-05 5.607e+39 2.208e+31 1.769e-25 3.735e-14 4.693e-13
8.913e-05 4.725e+39 2.342e+31 1.877e-25 3.962e-14 4.979e-13
1.000e-04 3.982e+39 2.486e+31 1.992e-25 4.204e-14 5.283e-13
1.122e-04 3.357e+39 2.638e+31 2.114e-25 4.462e-14 5.607e-13
1.259e-04 2.830e+39 2.799e+31 2.243e-25 4.735e-14 5.950e-13
1.413e-04 2.386e+39 2.971e+31 2.381e-25 5.025e-14 6.315e-13
1.585e-04 2.011e+39 3.153e+31 2.527e-25 5.333e-14 6.702e-13
1.778e-04 1.695e+39 3.346e+31 2.681e-25 5.659e-14 7.112e-13
1.995e-04 1.429e+39 3.550e+31 2.845e-25 6.005e-14 7.546e-13
2.239e-04 1.204e+39 3.765e+31 3.018e-25 6.369e-14 8.004e-13
2.512e-04 1.014e+39 3.993e+31 3.200e-25 6.754e-14 8.488e-13
2.818e-04 8.538e+38 4.233e+31 3.392e-25 7.160e-14 8.997e-13
3.162e-04 7.186e+38 4.485e+31 3.594e-25 7.587e-14 9.534e-13
3.548e-04 6.046e+38 4.751e+31 3.807e-25 8.036e-14 1.010e-12
3.981e-04 5.085e+38 5.030e+31 4.031e-25 8.508e-14 1.069e-12
4.467e-04 4.275e+38 5.324e+31 4.266e-25 9.005e-14 1.132e-12
5.012e-04 3.593e+38 5.632e+31 4.514e-25 9.527e-14 1.197e-12
5.623e-04 3.018e+38 5.957e+31 4.774e-25 1.008e-13 1.266e-12
6.310e-04 2.535e+38 6.299e+31 5.048e-25 1.065e-13 1.339e-12
7.079e-04 2.128e+38 6.658e+31 5.335e-25 1.126e-13 1.415e-12
7.943e-04 1.786e+38 7.035e+31 5.638e-25 1.190e-13 1.495e-12
8.913e-04 1.499e+38 7.432e+31 5.956e-25 1.257e-13 1.580e-12
1.000e-03 1.257e+38 7.849e+31 6.289e-25 1.328e-13 1.668e-12
1.122e-03 1.055e+38 8.287e+31 6.640e-25 1.402e-13 1.761e-12
1.259e-03 8.842e+37 8.747e+31 7.009e-25 1.480e-13 1.859e-12
1.413e-03 7.412e+37 9.231e+31 7.397e-25 1.561e-13 1.962e-12
1.585e-03 6.213e+37 9.740e+31 7.805e-25 1.648e-13 2.070e-12
1.778e-03 5.206e+37 1.028e+32 8.235e-25 1.738e-13 2.184e-12
1.995e-03 4.363e+37 1.084e+32 8.687e-25 1.834e-13 2.304e-12
2.239e-03 3.655e+37 1.143e+32 9.163e-25 1.934e-13 2.430e-12
2.512e-03 3.062e+37 1.206e+32 9.664e-25 2.040e-13 2.563e-12
2.818e-03 2.565e+37 1.272e+32 1.019e-24 2.151e-13 2.704e-12
3.162e-03 2.149e+37 1.341e+32 1.075e-24 2.269e-13 2.851e-12
3.548e-03 1.800e+37 1.414e+32 1.133e-24 2.393e-13 3.007e-12
3.981e-03 1.508e+37 1.491e+32 1.195e-24 2.523e-13 3.170e-12
4.467e-03 1.262e+37 1.572e+32 1.260e-24 2.659e-13 3.342e-12
5.012e-03 1.057e+37 1.657e+32 1.328e-24 2.803e-13 3.523e-12
5.623e-03 8.848e+36 1.746e+32 1.400e-24 2.954e-13 3.712e-12
6.310e-03 7.406e+36 1.840e+32 1.475e-24 3.113e-13 3.912e-12
7.079e-03 6.198e+36 1.939e+32 1.554e-24 3.279e-13 4.121e-12
7.943e-03 5.185e+36 2.042e+32 1.636e-24 3.454e-13 4.340e-12
8.913e-03 4.337e+36 2.150e+32 1.723e-24 3.637e-13 4.571e-12
1.000e-02 3.627e+36 2.264e+32 1.814e-24 3.829e-13 4.812e-12
1.122e-02 3.032e+36 2.383e+32 1.909e-24 4.030e-13 5.064e-12
1.259e-02 2.534e+36 2.507e+32 2.009e-24 4.240e-13 5.329e-12
1.413e-02 2.117e+36 2.637e+32 2.113e-24 4.460e-13 5.605e-12
1.585e-02 1.769e+36 2.773e+32 2.222e-24 4.690e-13 5.894e-12
1.778e-02 1.477e+36 2.915e+32 2.336e-24 4.930e-13 6.195e-12
1.995e-02 1.233e+36 3.063e+32 2.454e-24 5.181e-13 6.510e-12
2.239e-02 1.028e+36 3.217e+32 2.578e-24 5.442e-13 6.838e-12
2.512e-02 8.577e+35 3.378e+32 2.707e-24 5.713e-13 7.180e-12
2.818e-02 7.150e+35 3.545e+32 2.841e-24 5.996e-13 7.535e-12
3.162e-02 5.958e+35 3.719e+32 2.980e-24 6.291e-13 7.905e-12
3.548e-02 4.963e+35 3.899e+32 3.125e-24 6.596e-13 8.289e-12
3.981e-02 4.131e+35 4.087e+32 3.275e-24 6.913e-13 8.687e-12
4.467e-02 3.437e+35 4.281e+32 3.430e-24 7.241e-13 9.099e-12
5.012e-02 2.858e+35 4.482e+32 3.591e-24 7.581e-13 9.526e-12
5.623e-02 2.376e+35 4.689e+32 3.757e-24 7.931e-13 9.967e-12
6.310e-02 1.973e+35 4.903e+32 3.929e-24 8.293e-13 1.042e-11
7.079e-02 1.638e+35 5.123e+32 4.105e-24 8.666e-13 1.089e-11
7.943e-02 1.358e+35 5.349e+32 4.287e-24 9.049e-13 1.137e-11
8.913e-02 1.126e+35 5.582e+32 4.473e-24 9.442e-13 1.186e-11
1.000e-01 9.324e+34 5.820e+32 4.664e-24 9.844e-13 1.237e-11
1.122e-01 7.716e+34 6.063e+32 4.858e-24 1.025e-12 1.289e-11
1.259e-01 6.379e+34 6.310e+32 5.057e-24 1.067e-12 1.341e-11
1.413e-01 5.269e+34 6.562e+32 5.259e-24 1.110e-12 1.395e-11
1.585e-01 4.349e+34 6.818e+32 5.463e-24 1.153e-12 1.449e-11
1.778e-01 3.585e+34 7.076e+32 5.671e-24 1.197e-12 1.504e-11
1.995e-01 2.953e+34 7.337e+32 5.879e-24 1.241e-12 1.560e-11
2.239e-01 2.429e+34 7.599e+32 6.089e-24 1.285e-12 1.615e-11
2.512e-01 1.996e+34 7.861e+32 6.299e-24 1.330e-12 1.671e-11
2.818e-01 1.638e+34 8.123e+32 6.509e-24 1.374e-12 1.727e-11
3.162e-01 1.343e+34 8.382e+32 6.717e-24 1.418e-12 1.782e-11
3.548e-01 1.099e+34 8.639e+32 6.923e-24 1.461e-12 1.836e-11
3.981e-01 8.988e+33 8.891e+32 7.125e-24 1.504e-12 1.890e-11
4.467e-01 7.337e+33 9.138e+32 7.323e-24 1.546e-12 1.942e-11
5.012e-01 5.981e+33 9.377e+32 7.514e-24 1.586e-12 1.993e-11
5.623e-01 4.867e+33 9.607e+32 7.699e-24 1.625e-12 2.042e-11
6.310e-01 3.955e+33 9.827e+32 7.875e-24 1.662e-12 2.089e-11
7.079e-01 3.208e+33 1.003e+33 8.041e-24 1.697e-12 2.133e-11
7.943e-01 2.597e+33 1.023e+33 8.196e-24 1.730e-12 2.174e-11
8.913e-01 2.099e+33 1.040e+33 8.338e-24 1.760e-12 2.212e-11
1.000e+00 1.693e+33 1.056e+33 8.466e-24 1.787e-12 2.246e-11
1.122e+00 1.362e+33 1.070e+33 8.578e-24 1.811e-12 2.275e-11
1.259e+00 1.094e+33 1.082e+33 8.673e-24 1.831e-12 2.301e-11
1.413e+00 8.768e+32 1.092e+33 8.750e-24 1.847e-12 2.321e-11
1.585e+00 7.010e+32 1.099e+33 8.807e-24 1.859e-12 2.336e-11
1.778e+00 5.591e+32 1.103e+33 8.843e-24 1.867e-12 2.346e-11
1.995e+00 4.448e+32 1.105e+33 8.856e-24 1.869e-12 2.349e-11
2.239e+00 3.529e+32 1.104e+33 8.847e-24 1.867e-12 2.347e-11
2.512e+00 2.793e+32 1.100e+33 8.813e-24 1.860e-12 2.338e-11
2.818e+00 2.203e+32 1.092e+33 8.754e-24 1.848e-12 2.322e-11
3.162e+00 1.733e+32 1.082e+33 8.670e-24 1.830e-12 2.300e-11
3.548e+00 1.359e+32 1.068e+33 8.560e-24 1.807e-12 2.270e-11
3.981e+00 1.063e+32 1.051e+33 8.424e-24 1.778e-12 2.235e-11
4.467e+00 8.280e+31 1.031e+33 8.263e-24 1.744e-12 2.192e-11
5.012e+00 6.429e+31 1.008e+33 8.077e-24 1.705e-12 2.142e-11
5.623e+00 4.974e+31 9.817e+32 7.867e-24 1.661e-12 2.087e-11
6.310e+00 3.834e+31 9.526e+32 7.633e-24 1.611e-12 2.025e-11
7.079e+00 2.943e+31 9.207e+32 7.378e-24 1.557e-12 1.957e-11
7.943e+00 2.251e+31 8.864e+32 7.103e-24 1.499e-12 1.884e-11
8.913e+00 1.714e+31 8.498e+32 6.810e-24 1.437e-12 1.806e-11
1.000e+01 1.300e+31 8.112e+32 6.501e-24 1.372e-12 1.724e-11
1.122e+01 9.811e+30 7.709e+32 6.178e-24 1.304e-12 1.639e-11
1.259e+01 7.372e+30 7.293e+32 5.844e-24 1.234e-12 1.550e-11
1.413e+01 5.513e+30 6.865e+32 5.502e-24 1.161e-12 1.459e-11
1.585e+01 4.102e+30 6.431e+32 5.154e-24 1.088e-12 1.367e-11
1.778e+01 3.036e+30 5.993e+32 4.803e-24 1.014e-12 1.274e-11
1.995e+01 2.236e+30 5.555e+32 4.452e-24 9.397e-13 1.181e-11
2.239e+01 1.637e+30 5.121e+32 4.103e-24 8.661e-13 1.088e-11
2.512e+01 1.192e+30 4.692e+32 3.760e-24 7.937e-13 9.974e-12
2.818e+01 8.620e+29 4.274e+32 3.425e-24 7.229e-13 9.084e-12
3.162e+01 6.196e+29 3.867e+32 3.099e-24 6.542e-13 8.221e-12
3.548e+01 4.424e+29 3.476e+32 2.785e-24 5.880e-13 7.389e-12
3.981e+01 3.135e+29 3.102e+32 2.486e-24 5.246e-13 6.593e-12
4.467e+01 2.205e+29 2.746e+32 2.201e-24 4.646e-13 5.838e-12
5.012e+01 1.538e+29 2.412e+32 1.933e-24 4.080e-13 5.127e-12
5.623e+01 1.064e+29 2.099e+32 1.682e-24 3.551e-13 4.462e-12
6.310e+01 7.284e+28 1.810e+32 1.450e-24 3.062e-13 3.847e-12
7.079e+01 4.937e+28 1.544e+32 1.238e-24 2.613e-13 3.283e-12
7.943e+01 3.310e+28 1.304e+32 1.045e-24 2.205e-13 2.771e-12
8.913e+01 2.194e+28 1.088e+32 8.715e-25 1.840e-13 2.312e-12
1.000e+02 1.436e+28 8.964e+31 7.183e-25 1.516e-13 1.905e-12
1.122e+02 9.287e+27 7.297e+31 5.848e-25 1.234e-13 1.551e-12
1.259e+02 5.929e+27 5.865e+31 4.700e-25 9.921e-14 1.247e-12
1.413e+02 3.736e+27 4.653e+31 3.728e-25 7.870e-14 9.890e-13
1.585e+02 2.321e+27 3.638e+31 2.916e-25 6.154e-14 7.733e-13
1.778e+02 1.418e+27 2.798e+31 2.242e-25 4.733e-14 5.947e-13
1.995e+02 8.481e+26 2.107e+31 1.689e-25 3.565e-14 4.479e-13
2.239e+02 4.940e+26 1.545e+31 1.238e-25 2.614e-14 3.285e-13
2.512e+02 2.781e+26 1.095e+31 8.776e-26 1.852e-14 2.328e-13
2.818e+02 1.498e+26 7.425e+30 5.950e-26 1.256e-14 1.578e-13
3.162e+02 7.592e+25 4.739e+30 3.797e-26 8.015e-15 1.007e-13
3.548e+02 3.505e+25 2.754e+30 2.207e-26 4.658e-15 5.854e-14
3.981e+02 1.357e+25 1.342e+30 1.076e-26 2.271e-15 2.853e-14
4.467e+02 3.408e+24 4.244e+29 3.401e-27 7.178e-16 9.020e-15
5.012e+02 2.517e+23 3.946e+28 3.162e-28 6.674e-17 8.387e-16
5.623e+02 1.555e+23 3.069e+28 2.460e-28 5.192e-17 6.524e-16
6.310e+02 9.466e+22 2.352e+28 1.885e-28 3.978e-17 5.000e-16
7.079e+02 5.660e+22 1.771e+28 1.419e-28 2.995e-17 3.764e-16
7.943e+02 3.321e+22 1.308e+28 1.048e-28 2.212e-17 2.780e-16
8.913e+02 1.908e+22 9.462e+27 7.582e-29 1.600e-17 2.011e-16
1.000e+03 1.073e+22 6.695e+27 5.365e-29 1.133e-17 1.423e-16
1.122e+03 5.887e+21 4.626e+27 3.707e-29 7.824e-18 9.832e-17
1.259e+03 3.148e+21 3.114e+27 2.495e-29 5.267e-18 6.619e-17
1.413e+03 1.637e+21 2.038e+27 1.633e-29 3.448e-18 4.333e-17
1.585e+03 8.256e+20 1.294e+27 1.037e-29 2.189e-18 2.751e-17
1.778e+03 4.029e+20 7.951e+26 6.372e-30 1.345e-18 1.690e-17
1.995e+03 1.896e+20 4.712e+26 3.776e-30 7.970e-19 1.002e-17
2.239e+03 8.581e+19 2.684e+26 2.151e-30 4.540e-19 5.705e-18
2.512e+03 3.718e+19 1.464e+26 1.173e-30 2.477e-19 3.112e-18
2.818e+03 1.536e+19 7.613e+25 6.101e-31 1.288e-19 1.618e-18
3.162e+03 6.011e+18 3.752e+25 3.006e-31 6.346e-20 7.974e-19
3.548e+03 2.213e+18 1.739e+25 1.393e-31 2.941e-20 3.696e-19
3.981e+03 7.586e+17 7.504e+24 6.014e-32 1.269e-20 1.595e-19
4.467e+03 2.385e+17 2.970e+24 2.380e-32 5.024e-21 6.313e-20
5.012e+03 6.714e+16 1.053e+24 8.435e-33 1.780e-21 2.237e-20
5.623e+03 1.625e+16 3.208e+23 2.571e-33 5.427e-22 6.819e-21
6.310e+03 3.143e+15 7.810e+22 6.259e-34 1.321e-22 1.660e-21
7.079e+03 4.174e+14 1.306e+22 1.046e-34 2.208e-23 2.775e-22
7.943e+03 2.582e+13 1.017e+21 8.147e-36 1.720e-24 2.161e-23
8.913e+03 8.308e+10 4.119e+18 3.301e-38 6.968e-27 8.756e-26
1.000e+04 0.000e+00 0.000e+00 0.000e+00 0.000e+00 0.000e+00
1.122e+04 0.000e+00 0.000e+00 0.000e+00 0.000e+00 0.000e+00
1.259e+04 0.000e+00 0.000e+00 0.000e+00 0.000e+00 0.000e+00
1.413e+04 0.000e+00 0.000e+00 0.000e+00 0.000e+00 0.000e+00
1.585e+04 0.000e+00 0.000e+00 0.000e+00 0.000e+00 0.000e+00
1.778e+04 0.000e+00 0.000e+00 0.000e+00 0.000e+00 0.000e+00
1.995e+04 0.000e+00 0.000e+00 0.000e+00 0.000e+00 0.000e+00
2.239e+04 0.000e+00 0.000e+00 0.000e+00 0.000e+00 0.000e+00
2.512e+04 0.000e+00 0.000e+00 0.000e+00 0.000e+00 0.000e+00
2.818e+04 0.000e+00 0.000e+00 0.000e+00 0.000e+00 0.000e+00
3.162e+04 0.000e+00 0.000e+00 0.000e+00 0.000e+00 0.000e+00
3.548e+04 0.000e+00 0.000e+00 0.000e+00 0.000e+00 0.000e+00
3.981e+04 0.000e+00 0.000e+00 0.000e+00 0.000e+00 0.000e+00
4.467e+04 0.000e+00 0.000e+00 0.000e+00 0.000e+00 0.000e+00
5.012e+04 0.000e+00 0.000e+00 0.000e+00 0.000e+00 0.000e+00
5.623e+04 0.000e+00 0.000e+00 0.000e+00 0.000e+00 0.000e+00
6.310e+04 0.000e+00 0.000e+00 0.000e+00 0.000e+00 0.000e+00
7.079e+04 0.000e+00 0.000e+00 0.000e+00 0.000e+00 0.000e+00
7.943e+04 0.000e+00 0.000e+00 0.000e+00 0.000e+00 0.000e+00
8.913e+04 0.000e+00 0.000e+00 0.000e+00 0.000e+00 0.000e+00
1.000e+05 0.000e+00 0.000e+00 0.000e+00 0.000e+00 0.000e+00
1.122e+05 0.000e+00 0.000e+00 0.000e+00 0.000e+00 0.000e+00
1.259e+05 0.000e+00 0.000e+00 0.000e+00 0.000e+00 0.000e+00
1.413e+05 0.000e+00 0.000e+00 0.000e+00 0.000e+00 0.000e+00
1.585e+05 0.000e+00 0.000e+00 0.000e+00 0.000e+00 0.000e+00
1.778e+05 0.000e+00 0.000e+00 0.000e+00 0.000e+00 0.000e+00
1.995e+05 0.000e+00 0.000e+00 0.000e+00 0.000e+00 0.000e+00
2.239e+05 0.000e+00 0.000e+00 0.000e+00 0.000e+00 0.000e+00
2.512e+05 0.000e+00 0.000e+00 0.000e+00 0.000e+00 0.000e+00
2.818e+05 0.000e+00 0.000e+00 0.000e+00 0.000e+00 0.000e+00
3.162e+05 0.000e+00 0.000e+00 0.000e+00 0.000e+00 0.000e+00
3.548e+05 0.000e+00 0.000e+00 0.000e+00 0.000e+00 0.000e+00
3.981e+05 0.000e+00 0.000e+00 0.000e+00 0.000e+00 0.000e+00
4.467e+05 0.000e+00 0.000e+00 0.000e+00 0.000e+00 0.000e+00
5.012e+05 0.000e+00 0.000e+00 0.000e+00 0.000e+00 0.000e+00
5.623e+05 0.000e+00 0.000e+00 0.000e+00 0.000e+00 0.000e+00
6.310e+05 0.000e+00 0.000e+00 0.000e+00 0.000e+00 0.000e+00
7.079e+05 0.000e+00 0.000e+00 0.000e+00 0.000e+00 0.000e+00
7.943e+05 0.000e+00 0.000e+00 0.000e+00 0.000e+00 0.000e+00
8.913e+05 0.000e+00 0.000e+00 0.000e+00 0.000e+00 0.000e+00
1.000e+06 0.000e+00 0.000e+00 0.000e+00 0.000e+00 0.000e+00
1.122e+06 0.000e+00 0.000e+00 0.000e+00 0.000e+00 0.000e+00
1.259e+06 0.000e+00 0.000e+00 0.000e+00 0.000e+00 0.000e+00
1.413e+06 0.000e+00 0.000e+00 0.000e+00 0.000e+00 0.000e+00
1.585e+06 0.000e+00 0.000e+00 0.000e+00 0.000e+00 0.000e+00
1.778e+06 0.000e+00 0.000e+00 0.000e+00 0.000e+00 0.000e+00
1.995e+06 0.000e+00 0.000e+00 0.000e+00 0.000e+00 0.000e+00
2.239e+06 0.000e+00 0.000e+00 0.000e+00 0.000e+00 0.000e+00
2.512e+06 0.000e+00 0.000e+00 0.000e+00 0.000e+00 0.000e+00
2.818e+06 0.000e+00 0.000e+00 0.000e+00 0.000e+00 0.000e+00
3.162e+06 0.000e+00 0.000e+00 0.000e+00 0.000e+00 0.000e+00
3.548e+06 0.000e+00 0.000e+00 0.000e+00 0.000e+00 0.000e+00
3.981e+06 0.000e+00 0.000e+00 0.000e+00 0.000e+00 0.000e+00
4.467e+06 0.000e+00 0.000e+00 0.000e+00 0.000e+00 0.000e+00
5.012e+06 0.000e+00 0.000e+00 0.000e+00 0.000e+00 0.000e+00
5.623e+06 0.000e+00 0.000e+00 0.000e+00 0.000e+00 0.000e+00
6.310e+06 0.000e+00 0.000e+00 0.000e+00 0.000e+00 0.000e+00
7.079e+06 0.000e+00 0.000e+00 0.000e+00 0.000e+00 0.000e+00
7.943e+06 0.000e+00 0.000e+00 0.000e+00 0.000e+00 0.000e+00
8.913e+06 0.000e+00 0.000e+00 0.000e+00 0.000e+00 0.000e+00
1.000e+07 0.000e+00 0.000e+00 0.000e+00 0.000e+00 0.000e+00
1.122e+07 0.000e+00 0.000e+00 0.000e+00 0.000e+00 0.000e+00
1.259e+07 0.000e+00 0.000e+00 0.000e+00 0.000e+00 0.000e+00
1.413e+07 0.000e+00 0.000e+00 0.000e+00 0.000e+00 0.000e+00
1.585e+07 0.000e+00 0.000e+00 0.000e+00 0.000e+00 0.000e+00
1.778e+07 0.000e+00 0.000e+00 0.000e+00 0.000e+00 0.000e+00
1.995e+07 0.000e+00 0.000e+00 0.000e+00 0.000e+00 0.000e+00
2.239e+07 0.000e+00 0.000e+00 0.000e+00 0.000e+00 0.000e+00
2.512e+07 0.000e+00 0.000e+00 0.000e+00 0.000e+00 0.000e+00
2.818e+07 0.000e+00 0.000e+00 0.000e+00 0.000e+00 0.000e+00
3.162e+07 0.000e+00 0.000e+00 0.000e+00 0.000e+00 0.000e+00
3.548e+07 0.000e+00 0.000e+00 0.000e+00 0.000e+00 0.000e+00
3.981e+07 0.000e+00 0.000e+00 0.000e+00 0.000e+00 0.000e+00
4.467e+07 0.000e+00 0.000e+00 0.000e+00 0.000e+00 0.000e+00
5.012e+07 0.000e+00 0.000e+00 0.000e+00 0.000e+00 0.000e+00
5.623e+07 0.000e+00 0.000e+00 0.000e+00 0.000e+00 0.000e+00
6.310e+07 0.000e+00 0.000e+00 0.000e+00 0.000e+00 0.000e+00
7.079e+07 0.000e+00 0.000e+00 0.000e+00 0.000e+00 0.000e+00
7.943e+07 0.000e+00 0.000e+00 0.000e+00 0.000e+00 0.000e+00
8.913e+07 0.000e+00 0.000e+00 0.000e+00 0.000e+00 0.000e+00
1.000e+08 0.000e+00 0.000e+00 0.000e+00 0.000e+00 0.000e+00
