1.000e-20 1.207e+67 7.531e+26 6.035e-30 1.274e-18 1.601e-17
1.122e-20 1.015e+67 7.977e+26 6.392e-30 1.349e-18 1.696e-17
1.259e-20 8.542e+66 8.449e+26 6.771e-30 1.429e-18 1.796e-17
1.413e-20 7.187e+66 8.950e+26 7.172e-30 1.514e-18 1.902e-17
1.585e-20 6.047e+66 9.480e+26 7.597e-30 1.604e-18 2.015e-17
1.778e-20 5.088e+66 1.004e+27 8.047e-30 1.699e-18 2.135e-17
1.995e-20 4.281e+66 1.064e+27 8.524e-30 1.799e-18 2.261e-17
2.239e-20 3.602e+66 1.127e+27 9.029e-30 1.906e-18 2.395e-17
2.512e-20 3.031e+66 1.194e+27 9.564e-30 2.019e-18 2.537e-17
2.818e-20 2.550e+66 1.264e+27 1.013e-29 2.138e-18 2.687e-17
3.162e-20 2.146e+66 1.339e+27 1.073e-29 2.265e-18 2.847e-17
3.548e-20 1.805e+66 1.418e+27 1.137e-29 2.399e-18 3.015e-17
3.981e-20 1.519e+66 1.503e+27 1.204e-29 2.542e-18 3.194e-17
4.467e-20 1.278e+66 1.592e+27 1.275e-29 2.692e-18 3.383e-17
5.012e-20 1.075e+66 1.686e+27 1.351e-29 2.852e-18 3.584e-17
5.623e-20 9.048e+65 1.786e+27 1.431e-29 3.021e-18 3.796e-17
6.310e-20 7.613e+65 1.892e+27 1.516e-29 3.200e-18 4.021e-17
7.079e-20 6.405e+65 2.004e+27 1.606e-29 3.389e-18 4.259e-17
7.943e-20 5.389e+65 2.122e+27 1.701e-29 3.590e-18 4.511e-17
8.913e-20 4.535e+65 2.248e+27 1.802e-29 3.803e-18 4.779e-17
1.000e-19 3.815e+65 2.381e+27 1.908e-29 4.028e-18 5.062e-17
1.122e-19 3.210e+65 2.522e+27 2.021e-29 4.267e-18 5.362e-17
1.259e-19 2.701e+65 2.672e+27 2.141e-29 4.520e-18 5.679e-17
1.413e-19 2.273e+65 2.830e+27 2.268e-29 4.787e-18 6.016e-17
1.585e-19 1.912e+65 2.998e+27 2.402e-29 5.071e-18 6.372e-17
1.778e-19 1.609e+65 3.176e+27 2.545e-29 5.371e-18 6.750e-17
1.995e-19 1.354e+65 3.364e+27 2.695e-29 5.690e-18 7.150e-17
2.239e-19 1.139e+65 3.563e+27 2.855e-29 6.027e-18 7.574e-17
2.512e-19 9.583e+64 3.774e+27 3.024e-29 6.384e-18 8.022e-17
2.818e-19 8.063e+64 3.998e+27 3.204e-29 6.762e-18 8.498e-17
3.162e-19 6.784e+64 4.235e+27 3.393e-29 7.163e-18 9.001e-17
3.548e-19 5.708e+64 4.485e+27 3.594e-29 7.587e-18 9.534e-17
3.981e-19 4.803e+64 4.751e+27 3.807e-29 8.037e-18 1.010e-16
4.467e-19 4.041e+64 5.033e+27 4.033e-29 8.513e-18 1.070e-16
5.012e-19 3.400e+64 5.331e+27 4.272e-29 9.017e-18 1.133e-16
5.623e-19 2.861e+64 5.647e+27 4.525e-29 9.552e-18 1.200e-16
6.310e-19 2.407e+64 5.981e+27 4.793e-29 1.012e-17 1.271e-16
7.079e-19 2.025e+64 6.336e+27 5.077e-29 1.072e-17 1.347e-16
7.943e-19 1.704e+64 6.711e+27 5.378e-29 1.135e-17 1.427e-16
8.913e-19 1.434e+64 7.109e+27 5.697e-29 1.202e-17 1.511e-16
1.000e-18 1.206e+64 7.530e+27 6.034e-29 1.274e-17 1.601e-16
1.122e-18 1.015e+64 7.976e+27 6.392e-29 1.349e-17 1.695e-16
1.259e-18 8.541e+63 8.449e+27 6.770e-29 1.429e-17 1.796e-16
1.413e-18 7.186e+63 8.949e+27 7.171e-29 1.514e-17 1.902e-16
1.585e-18 6.046e+63 9.479e+27 7.596e-29 1.603e-17 2.015e-16
1.778e-18 5.087e+63 1.004e+28 8.046e-29 1.698e-17 2.134e-16
1.995e-18 4.280e+63 1.064e+28 8.523e-29 1.799e-17 2.261e-16
2.239e-18 3.601e+63 1.127e+28 9.028e-29 1.906e-17 2.395e-16
2.512e-18 3.030e+63 1.193e+28 9.563e-29 2.019e-17 2.537e-16
2.818e-18 2.550e+63 1.264e+28 1.013e-28 2.138e-17 2.687e-16
3.162e-18 2.145e+63 1.339e+28 1.073e-28 2.265e-17 2.846e-16
3.548e-18 1.805e+63 1.418e+28 1.137e-28 2.399e-17 3.015e-16
3.981e-18 1.519e+63 1.502e+28 1.204e-28 2.541e-17 3.193e-16
4.467e-18 1.278e+63 1.591e+28 1.275e-28 2.692e-17 3.382e-16
5.012e-18 1.075e+63 1.686e+28 1.351e-28 2.851e-17 3.583e-16
5.623e-18 9.046e+62 1.785e+28 1.431e-28 3.020e-17 3.795e-16
6.310e-18 7.611e+62 1.891e+28 1.515e-28 3.199e-17 4.020e-16
7.079e-18 6.404e+62 2.003e+28 1.605e-28 3.388e-17 4.258e-16
7.943e-18 5.388e+62 2.122e+28 1.700e-28 3.589e-17 4.510e-16
8.913e-18 4.533e+62 2.247e+28 1.801e-28 3.802e-17 4.777e-16
1.000e-17 3.814e+62 2.381e+28 1.908e-28 4.027e-17 5.060e-16
1.122e-17 3.209e+62 2.522e+28 2.021e-28 4.265e-17 5.360e-16
1.259e-17 2.700e+62 2.671e+28 2.140e-28 4.518e-17 5.677e-16
1.413e-17 2.272e+62 2.829e+28 2.267e-28 4.786e-17 6.014e-16
1.585e-17 1.911e+62 2.997e+28 2.401e-28 5.069e-17 6.370e-16
1.778e-17 1.608e+62 3.174e+28 2.544e-28 5.369e-17 6.747e-16
1.995e-17 1.353e+62 3.362e+28 2.694e-28 5.687e-17 7.147e-16
2.239e-17 1.138e+62 3.561e+28 2.854e-28 6.024e-17 7.570e-16
2.512e-17 9.579e+61 3.772e+28 3.023e-28 6.381e-17 8.018e-16
2.818e-17 8.059e+61 3.996e+28 3.202e-28 6.759e-17 8.493e-16
3.162e-17 6.781e+61 4.232e+28 3.392e-28 7.159e-17 8.996e-16
3.548e-17 5.705e+61 4.483e+28 3.592e-28 7.583e-17 9.529e-16
3.981e-17 4.800e+61 4.748e+28 3.805e-28 8.032e-17 1.009e-15
4.467e-17 4.039e+61 5.030e+28 4.030e-28 8.508e-17 1.069e-15
5.012e-17 3.398e+61 5.327e+28 4.269e-28 9.011e-17 1.132e-15
5.623e-17 2.859e+61 5.643e+28 4.522e-28 9.545e-17 1.199e-15
6.310e-17 2.405e+61 5.977e+28 4.790e-28 1.011e-16 1.270e-15
7.079e-17 2.024e+61 6.331e+28 5.073e-28 1.071e-16 1.346e-15
7.943e-17 1.703e+61 6.705e+28 5.373e-28 1.134e-16 1.425e-15
8.913e-17 1.433e+61 7.102e+28 5.691e-28 1.201e-16 1.510e-15
1.000e-16 1.205e+61 7.523e+28 6.028e-28 1.272e-16 1.599e-15
1.122e-16 1.014e+61 7.968e+28 6.385e-28 1.348e-16 1.694e-15
1.259e-16 8.532e+60 8.440e+28 6.763e-28 1.428e-16 1.794e-15
1.413e-16 7.178e+60 8.939e+28 7.163e-28 1.512e-16 1.900e-15
1.585e-16 6.039e+60 9.468e+28 7.587e-28 1.602e-16 2.013e-15
1.778e-16 5.081e+60 1.003e+29 8.036e-28 1.696e-16 2.132e-15
1.995e-16 4.275e+60 1.062e+29 8.512e-28 1.797e-16 2.258e-15
2.239e-16 3.596e+60 1.125e+29 9.015e-28 1.903e-16 2.391e-15
2.512e-16 3.026e+60 1.192e+29 9.549e-28 2.016e-16 2.533e-15
2.818e-16 2.546e+60 1.262e+29 1.011e-27 2.135e-16 2.683e-15
3.162e-16 2.142e+60 1.337e+29 1.071e-27 2.261e-16 2.841e-15
3.548e-16 1.802e+60 1.416e+29 1.134e-27 2.395e-16 3.009e-15
3.981e-16 1.516e+60 1.499e+29 1.202e-27 2.536e-16 3.187e-15
4.467e-16 1.275e+60 1.588e+29 1.273e-27 2.686e-16 3.376e-15
5.012e-16 1.073e+60 1.682e+29 1.348e-27 2.845e-16 3.575e-15
5.623e-16 9.025e+59 1.781e+29 1.428e-27 3.013e-16 3.787e-15
6.310e-16 7.593e+59 1.887e+29 1.512e-27 3.191e-16 4.010e-15
7.079e-16 6.388e+59 1.998e+29 1.601e-27 3.380e-16 4.247e-15
7.943e-16 5.374e+59 2.116e+29 1.696e-27 3.580e-16 4.498e-15
8.913e-16 4.521e+59 2.241e+29 1.796e-27 3.791e-16 4.764e-15
1.000e-15 3.803e+59 2.374e+29 1.902e-27 4.015e-16 5.045e-15
1.122e-15 3.199e+59 2.514e+29 2.014e-27 4.252e-16 5.343e-15
1.259e-15 2.691e+59 2.662e+29 2.133e-27 4.503e-16 5.659e-15
1.413e-15 2.264e+59 2.819e+29 2.259e-27 4.769e-16 5.993e-15
1.585e-15 1.904e+59 2.986e+29 2.393e-27 5.050e-16 6.346e-15
1.778e-15 1.602e+59 3.162e+29 2.534e-27 5.348e-16 6.721e-15
1.995e-15 1.348e+59 3.348e+29 2.683e-27 5.664e-16 7.117e-15
2.239e-15 1.133e+59 3.546e+29 2.841e-27 5.998e-16 7.537e-15
2.512e-15 9.534e+58 3.755e+29 3.009e-27 6.351e-16 7.981e-15
2.818e-15 8.020e+58 3.976e+29 3.186e-27 6.725e-16 8.451e-15
3.162e-15 6.746e+58 4.210e+29 3.374e-27 7.122e-16 8.949e-15
3.548e-15 5.674e+58 4.458e+29 3.573e-27 7.541e-16 9.476e-15
3.981e-15 4.772e+58 4.721e+29 3.783e-27 7.985e-16 1.003e-14
4.467e-15 4.014e+58 4.999e+29 4.006e-27 8.455e-16 1.062e-14
5.012e-15 3.376e+58 5.293e+29 4.241e-27 8.952e-16 1.125e-14
5.623e-15 2.839e+58 5.604e+29 4.491e-27 9.479e-16 1.191e-14
6.310e-15 2.388e+58 5.933e+29 4.755e-27 1.004e-15 1.261e-14
7.079e-15 2.008e+58 6.282e+29 5.034e-27 1.063e-15 1.335e-14
7.943e-15 1.689e+58 6.651e+29 5.330e-27 1.125e-15 1.414e-14
8.913e-15 1.420e+58 7.041e+29 5.642e-27 1.191e-15 1.497e-14
1.000e-14 1.194e+58 7.454e+29 5.973e-27 1.261e-15 1.584e-14
1.122e-14 1.004e+58 7.891e+29 6.324e-27 1.335e-15 1.677e-14
1.259e-14 8.445e+57 8.353e+29 6.694e-27 1.413e-15 1.776e-14
1.413e-14 7.101e+57 8.843e+29 7.086e-27 1.496e-15 1.880e-14
1.585e-14 5.970e+57 9.360e+29 7.501e-27 1.583e-15 1.990e-14
1.778e-14 5.020e+57 9.907e+29 7.939e-27 1.676e-15 2.106e-14
1.995e-14 4.220e+57 1.049e+30 8.403e-27 1.774e-15 2.229e-14
2.239e-14 3.548e+57 1.110e+30 8.894e-27 1.877e-15 2.359e-14
2.512e-14 2.983e+57 1.175e+30 9.413e-27 1.987e-15 2.497e-14
2.818e-14 2.507e+57 1.243e+30 9.961e-27 2.103e-15 2.642e-14
3.162e-14 2.108e+57 1.315e+30 1.054e-26 2.225e-15 2.796e-14
3.548e-14 1.771e+57 1.392e+30 1.115e-26 2.355e-15 2.959e-14
3.981e-14 1.489e+57 1.473e+30 1.180e-26 2.491e-15 3.131e-14
4.467e-14 1.251e+57 1.558e+30 1.249e-26 2.636e-15 3.312e-14
5.012e-14 1.052e+57 1.649e+30 1.321e-26 2.789e-15 3.505e-14
5.623e-14 8.837e+56 1.744e+30 1.398e-26 2.950e-15 3.707e-14
6.310e-14 7.425e+56 1.845e+30 1.479e-26 3.121e-15 3.922e-14
7.079e-14 6.239e+56 1.952e+30 1.564e-26 3.301e-15 4.148e-14
7.943e-14 5.242e+56 2.064e+30 1.654e-26 3.492e-15 4.388e-14
8.913e-14 4.403e+56 2.183e+30 1.749e-26 3.693e-15 4.640e-14
1.000e-13 3.699e+56 2.309e+30 1.850e-26 3.905e-15 4.907e-14
1.122e-13 3.107e+56 2.441e+30 1.956e-26 4.129e-15 5.189e-14
1.259e-13 2.609e+56 2.581e+30 2.068e-26 4.366e-15 5.486e-14
1.413e-13 2.191e+56 2.729e+30 2.187e-26 4.615e-15 5.800e-14
1.585e-13 1.840e+56 2.884e+30 2.311e-26 4.879e-15 6.131e-14
1.778e-13 1.545e+56 3.049e+30 2.443e-26 5.157e-15 6.480e-14
1.995e-13 1.297e+56 3.222e+30 2.582e-26 5.450e-15 6.848e-14
2.239e-13 1.088e+56 3.404e+30 2.728e-26 5.759e-15 7.237e-14
2.512e-13 9.134e+55 3.597e+30 2.883e-26 6.084e-15 7.646e-14
2.818e-13 7.665e+55 3.800e+30 3.045e-26 6.428e-15 8.077e-14
3.162e-13 6.431e+55 4.014e+30 3.216e-26 6.789e-15 8.532e-14
3.548e-13 5.395e+55 4.239e+30 3.397e-26 7.170e-15 9.011e-14
3.981e-13 4.525e+55 4.476e+30 3.587e-26 7.571e-15 9.515e-14
4.467e-13 3.795e+55 4.726e+30 3.787e-26 7.994e-15 1.005e-13
5.012e-13 3.182e+55 4.988e+30 3.997e-26 8.438e-15 1.060e-13
5.623e-13 2.667e+55 5.265e+30 4.219e-26 8.905e-15 1.119e-13
6.310e-13 2.236e+55 5.555e+30 4.452e-26 9.396e-15 1.181e-13
7.079e-13 1.873e+55 5.860e+30 4.696e-26 9.913e-15 1.246e-13
7.943e-13 1.570e+55 6.181e+30 4.953e-26 1.046e-14 1.314e-13
8.913e-13 1.315e+55 6.518e+30 5.223e-26 1.103e-14 1.385e-13
1.000e-12 1.101e+55 6.871e+30 5.506e-26 1.162e-14 1.461e-13
1.122e-12 9.220e+54 7.245e+30 5.806e-26 1.225e-14 1.540e-13
1.259e-12 7.717e+54 7.634e+30 6.118e-26 1.291e-14 1.623e-13
1.413e-12 6.458e+54 8.042e+30 6.444e-26 1.360e-14 1.709e-13
1.585e-12 5.402e+54 8.469e+30 6.787e-26 1.433e-14 1.800e-13
1.778e-12 4.517e+54 8.916e+30 7.145e-26 1.508e-14 1.895e-13
1.995e-12 3.777e+54 9.384e+30 7.520e-26 1.587e-14 1.995e-13
2.239e-12 3.156e+54 9.873e+30 7.912e-26 1.670e-14 2.099e-13
2.512e-12 2.637e+54 1.038e+31 8.322e-26 1.757e-14 2.207e-13
2.818e-12 2.202e+54 1.092e+31 8.749e-26 1.847e-14 2.321e-13
3.162e-12 1.838e+54 1.147e+31 9.195e-26 1.941e-14 2.439e-13
3.548e-12 1.534e+54 1.205e+31 9.660e-26 2.039e-14 2.562e-13
3.981e-12 1.280e+54 1.266e+31 1.014e-25 2.141e-14 2.691e-13
4.467e-12 1.067e+54 1.329e+31 1.065e-25 2.248e-14 2.825e-13
5.012e-12 8.893e+53 1.394e+31 1.117e-25 2.358e-14 2.964e-13
5.623e-12 7.408e+53 1.462e+31 1.172e-25 2.473e-14 3.108e-13
6.310e-12 6.168e+53 1.533e+31 1.228e-25 2.592e-14 3.258e-13
7.079e-12 5.132e+53 1.606e+31 1.287e-25 2.716e-14 3.413e-13
7.943e-12 4.269e+53 1.681e+31 1.347e-25 2.844e-14 3.573e-13
8.913e-12 3.548e+53 1.759e+31 1.410e-25 2.976e-14 3.739e-13
1.000e-11 2.948e+53 1.840e+31 1.474e-25 3.112e-14 3.911e-13
1.122e-11 2.447e+53 1.923e+31 1.541e-25 3.253e-14 4.088e-13
1.259e-11 2.030e+53 2.009e+31 1.610e-25 3.398e-14 4.269e-13
1.413e-11 1.684e+53 2.097e+31 1.680e-25 3.546e-14 4.456e-13
1.585e-11 1.395e+53 2.187e+31 1.752e-25 3.699e-14 4.648e-13
1.778e-11 1.155e+53 2.279e+31 1.827e-25 3.855e-14 4.845e-13
1.995e-11 9.553e+52 2.374e+31 1.902e-25 4.015e-14 5.046e-13
2.239e-11 7.897e+52 2.470e+31 1.980e-25 4.179e-14 5.251e-13
2.512e-11 6.522e+52 2.569e+31 2.058e-25 4.345e-14 5.460e-13
2.818e-11 5.382e+52 2.668e+31 2.138e-25 4.514e-14 5.672e-13
3.162e-11 4.437e+52 2.769e+31 2.219e-25 4.685e-14 5.887e-13
3.548e-11 3.655e+52 2.872e+31 2.301e-25 4.857e-14 6.104e-13
3.981e-11 3.007e+52 2.975e+31 2.384e-25 5.032e-14 6.323e-13
4.467e-11 2.472e+52 3.078e+31 2.467e-25 5.207e-14 6.543e-13
5.012e-11 2.029e+52 3.182e+31 2.550e-25 5.382e-14 6.763e-13
5.623e-11 1.664e+52 3.285e+31 2.633e-25 5.557e-14 6.983e-13
6.310e-11 1.363e+52 3.388e+31 2.715e-25 5.731e-14 7.201e-13
7.079e-11 1.115e+52 3.489e+31 2.796e-25 5.902e-14 7.417e-13
7.943e-11 9.115e+51 3.590e+31 2.876e-25 6.072e-14 7.630e-13
8.913e-11 7.438e+51 3.688e+31 2.955e-25 6.238e-14 7.838e-13
1.000e-10 6.061e+51 3.783e+31 3.032e-25 6.399e-14 8.041e-13
1.122e-10 4.932e+51 3.875e+31 3.105e-25 6.555e-14 8.237e-13
1.259e-10 4.007e+51 3.964e+31 3.176e-25 6.705e-14 8.425e-13
1.413e-10 3.250e+51 4.048e+31 3.244e-25 6.847e-14 8.604e-13
1.585e-10 2.632e+51 4.127e+31 3.307e-25 6.981e-14 8.773e-13
1.778e-10 2.128e+51 4.201e+31 3.366e-25 7.106e-14 8.929e-13
1.995e-10 1.718e+51 4.268e+31 3.420e-25 7.219e-14 9.072e-13
2.239e-10 1.384e+51 4.328e+31 3.469e-25 7.322e-14 9.201e-13
2.512e-10 1.113e+51 4.381e+31 3.511e-25 7.411e-14 9.313e-13
2.818e-10 8.927e+50 4.426e+31 3.547e-25 7.486e-14 9.408e-13
3.162e-10 7.148e+50 4.462e+31 3.575e-25 7.547e-14 9.484e-13
3.548e-10 5.711e+50 4.488e+31 3.596e-25 7.591e-14 9.539e-13
3.981e-10 4.553e+50 4.504e+31 3.609e-25 7.619e-14 9.574e-13
4.467e-10 3.621e+50 4.510e+31 3.614e-25 7.629e-14 9.586e-13
5.012e-10 2.873e+50 4.505e+31 3.610e-25 7.620e-14 9.575e-13
5.623e-10 2.274e+50 4.488e+31 3.597e-25 7.592e-14 9.540e-13
6.310e-10 1.795e+50 4.460e+31 3.574e-25 7.544e-14 9.480e-13
7.079e-10 1.413e+50 4.419e+31 3.542e-25 7.476e-14 9.394e-13
7.943e-10 1.109e+50 4.367e+31 3.500e-25 7.387e-14 9.283e-13
8.913e-10 8.678e+49 4.303e+31 3.448e-25 7.278e-14 9.146e-13
1.000e-09 6.771e+49 4.226e+31 3.386e-25 7.148e-14 8.983e-13
1.122e-09 5.265e+49 4.137e+31 3.316e-25 6.999e-14 8.795e-13
1.259e-09 4.081e+49 4.037e+31 3.235e-25 6.829e-14 8.582e-13
1.413e-09 3.153e+49 3.926e+31 3.146e-25 6.641e-14 8.345e-13
1.585e-09 2.426e+49 3.804e+31 3.048e-25 6.435e-14 8.086e-13
1.778e-09 1.860e+49 3.672e+31 2.943e-25 6.211e-14 7.805e-13
1.995e-09 1.421e+49 3.531e+31 2.830e-25 5.973e-14 7.506e-13
2.239e-09 1.081e+49 3.382e+31 2.710e-25 5.720e-14 7.188e-13
2.512e-09 8.189e+48 3.225e+31 2.584e-25 5.455e-14 6.855e-13
2.818e-09 6.177e+48 3.062e+31 2.454e-25 5.180e-14 6.509e-13
3.162e-09 4.638e+48 2.895e+31 2.320e-25 4.896e-14 6.153e-13
3.548e-09 3.466e+48 2.723e+31 2.182e-25 4.607e-14 5.789e-13
3.981e-09 2.577e+48 2.550e+31 2.043e-25 4.313e-14 5.420e-13
4.467e-09 1.907e+48 2.375e+31 1.903e-25 4.017e-14 5.048e-13
5.012e-09 1.404e+48 2.201e+31 1.763e-25 3.722e-14 4.678e-13
5.623e-09 1.027e+48 2.028e+31 1.625e-25 3.430e-14 4.310e-13
6.310e-09 7.478e+47 1.858e+31 1.489e-25 3.143e-14 3.950e-13
7.079e-09 5.411e+47 1.693e+31 1.356e-25 2.863e-14 3.598e-13
7.943e-09 3.891e+47 1.532e+31 1.228e-25 2.592e-14 3.257e-13
8.913e-09 2.781e+47 1.379e+31 1.105e-25 2.332e-14 2.930e-13
1.000e-08 1.974e+47 1.232e+31 9.874e-26 2.084e-14 2.619e-13
1.122e-08 1.392e+47 1.094e+31 8.766e-26 1.850e-14 2.325e-13
1.259e-08 9.751e+46 9.646e+30 7.730e-26 1.632e-14 2.050e-13
1.413e-08 6.783e+46 8.447e+30 6.769e-26 1.429e-14 1.795e-13
1.585e-08 4.685e+46 7.345e+30 5.886e-26 1.242e-14 1.561e-13
1.778e-08 3.214e+46 6.345e+30 5.084e-26 1.073e-14 1.349e-13
1.995e-08 2.191e+46 5.445e+30 4.363e-26 9.211e-15 1.157e-13
2.239e-08 1.485e+46 4.647e+30 3.724e-26 7.860e-15 9.877e-14
2.512e-08 1.002e+46 3.948e+30 3.163e-26 6.677e-15 8.391e-14
2.818e-08 6.747e+45 3.345e+30 2.680e-26 5.658e-15 7.110e-14
3.162e-08 4.541e+45 2.835e+30 2.271e-26 4.795e-15 6.025e-14
3.548e-08 3.069e+45 2.411e+30 1.932e-26 4.079e-15 5.126e-14
3.981e-08 2.092e+45 2.070e+30 1.659e-26 3.501e-15 4.400e-14
4.467e-08 1.448e+45 1.803e+30 1.445e-26 3.049e-15 3.832e-14
5.012e-08 1.022e+45 1.603e+30 1.284e-26 2.711e-15 3.407e-14
5.623e-08 7.405e+44 1.462e+30 1.171e-26 2.472e-15 3.107e-14
6.310e-08 5.515e+44 1.370e+30 1.098e-26 2.318e-15 2.913e-14
7.079e-08 4.211e+44 1.317e+30 1.055e-26 2.228e-15 2.800e-14
7.943e-08 3.286e+44 1.294e+30 1.037e-26 2.189e-15 2.751e-14
8.913e-08 2.654e+44 1.316e+30 1.055e-26 2.226e-15 2.797e-14
1.000e-07 2.178e+44 1.359e+30 1.089e-26 2.299e-15 2.889e-14
1.122e-07 1.804e+44 1.418e+30 1.136e-26 2.398e-15 3.013e-14
1.259e-07 1.501e+44 1.485e+30 1.190e-26 2.512e-15 3.157e-14
1.413e-07 1.247e+44 1.553e+30 1.245e-26 2.628e-15 3.302e-14
1.585e-07 1.037e+44 1.626e+30 1.303e-26 2.751e-15 3.457e-14
1.778e-07 8.693e+43 1.716e+30 1.375e-26 2.902e-15 3.647e-14
1.995e-07 7.266e+43 1.805e+30 1.447e-26 3.054e-15 3.838e-14
2.239e-07 6.029e+43 1.886e+30 1.511e-26 3.190e-15 4.009e-14
2.512e-07 5.026e+43 1.979e+30 1.586e-26 3.348e-15 4.207e-14
2.818e-07 4.192e+43 2.078e+30 1.665e-26 3.515e-15 4.417e-14
3.162e-07 3.463e+43 2.162e+30 1.732e-26 3.656e-15 4.595e-14
3.548e-07 2.888e+43 2.270e+30 1.819e-26 3.839e-15 4.824e-14
3.981e-07 2.399e+43 2.373e+30 1.902e-26 4.014e-15 5.044e-14
4.467e-07 1.985e+43 2.472e+30 1.981e-26 4.182e-15 5.255e-14
5.012e-07 1.648e+43 2.584e+30 2.071e-26 4.371e-15 5.493e-14
5.623e-07 1.363e+43 2.690e+30 2.155e-26 4.549e-15 5.717e-14
6.310e-07 1.130e+43 2.809e+30 2.251e-26 4.751e-15 5.970e-14
7.079e-07 9.350e+42 2.925e+30 2.344e-26 4.947e-15 6.217e-14
7.943e-07 7.734e+42 3.046e+30 2.441e-26 5.152e-15 6.474e-14
8.913e-07 6.419e+42 3.183e+30 2.550e-26 5.383e-15 6.765e-14
1.000e-06 5.399e+42 3.370e+30 2.701e-26 5.700e-15 7.163e-14
1.122e-06 4.473e+42 3.515e+30 2.817e-26 5.946e-15 7.471e-14
1.259e-06 3.766e+42 3.725e+30 2.985e-26 6.302e-15 7.919e-14
1.413e-06 3.163e+42 3.939e+30 3.156e-26 6.662e-15 8.372e-14
1.585e-06 2.608e+42 4.089e+30 3.277e-26 6.917e-15 8.692e-14
1.778e-06 2.196e+42 4.334e+30 3.473e-26 7.331e-15 9.213e-14
1.995e-06 1.815e+42 4.511e+30 3.615e-26 7.630e-15 9.588e-14
2.239e-06 1.521e+42 4.759e+30 3.814e-26 8.050e-15 1.012e-13
2.512e-06 1.275e+42 5.019e+30 4.022e-26 8.490e-15 1.067e-13
2.818e-06 1.052e+42 5.215e+30 4.179e-26 8.821e-15 1.108e-13
3.162e-06 8.828e+41 5.510e+30 4.416e-26 9.321e-15 1.171e-13
3.548e-06 7.417e+41 5.828e+30 4.671e-26 9.859e-15 1.239e-13
3.981e-06 6.228e+41 6.161e+30 4.937e-26 1.042e-14 1.310e-13
4.467e-06 5.156e+41 6.421e+30 5.146e-26 1.086e-14 1.365e-13
5.012e-06 4.334e+41 6.794e+30 5.444e-26 1.149e-14 1.444e-13
5.623e-06 3.648e+41 7.201e+30 5.770e-26 1.218e-14 1.531e-13
6.310e-06 3.079e+41 7.651e+30 6.131e-26 1.294e-14 1.626e-13
7.079e-06 2.573e+41 8.049e+30 6.450e-26 1.361e-14 1.711e-13
7.943e-06 2.189e+41 8.621e+30 6.908e-26 1.458e-14 1.832e-13
8.913e-06 1.874e+41 9.293e+30 7.447e-26 1.572e-14 1.975e-13
1.000e-05 1.619e+41 1.010e+31 8.098e-26 1.709e-14 2.148e-13
1.122e-05 1.399e+41 1.099e+31 8.807e-26 1.859e-14 2.336e-13
1.259e-05 1.238e+41 1.224e+31 9.811e-26 2.071e-14 2.602e-13
1.413e-05 1.115e+41 1.388e+31 1.112e-25 2.348e-14 2.950e-13
1.585e-05 1.020e+41 1.599e+31 1.281e-25 2.705e-14 3.399e-13
1.778e-05 9.495e+40 1.874e+31 1.502e-25 3.170e-14 3.984e-13
1.995e-05 8.993e+40 2.235e+31 1.791e-25 3.780e-14 4.750e-13
2.239e-05 8.652e+40 2.706e+31 2.169e-25 4.578e-14 5.753e-13
2.512e-05 8.400e+40 3.308e+31 2.651e-25 5.595e-14 7.031e-13
2.818e-05 8.285e+40 4.107e+31 3.291e-25 6.948e-14 8.731e-13
3.162e-05 8.236e+40 5.140e+31 4.119e-25 8.695e-14 1.093e-12
3.548e-05 8.228e+40 6.465e+31 5.181e-25 1.094e-13 1.374e-12
3.981e-05 8.239e+40 8.151e+31 6.532e-25 1.379e-13 1.733e-12
4.467e-05 8.253e+40 1.028e+32 8.236e-25 1.738e-13 2.185e-12
5.012e-05 8.251e+40 1.294e+32 1.037e-24 2.188e-13 2.750e-12
5.623e-05 8.223e+40 1.623e+32 1.301e-24 2.745e-13 3.450e-12
6.310e-05 8.159e+40 2.027e+32 1.625e-24 3.429e-13 4.309e-12
7.079e-05 8.033e+40 2.513e+32 2.014e-24 4.251e-13 5.342e-12
7.943e-05 7.835e+40 3.086e+32 2.473e-24 5.220e-13 6.559e-12
8.913e-05 7.588e+40 3.762e+32 3.015e-24 6.363e-13 7.996e-12
1.000e-04 7.291e+40 4.550e+32 3.647e-24 7.697e-13 9.673e-12
1.122e-04 6.945e+40 5.457e+32 4.373e-24 9.230e-13 1.160e-11
1.259e-04 6.558e+40 6.488e+32 5.199e-24 1.097e-12 1.379e-11
1.413e-04 6.136e+40 7.642e+32 6.124e-24 1.293e-12 1.624e-11
1.585e-04 5.685e+40 8.914e+32 7.143e-24 1.508e-12 1.895e-11
1.778e-04 5.214e+40 1.029e+33 8.247e-24 1.741e-12 2.188e-11
1.995e-04 4.733e+40 1.176e+33 9.424e-24 1.989e-12 2.500e-11
2.239e-04 4.250e+40 1.329e+33 1.065e-23 2.249e-12 2.826e-11
2.512e-04 3.775e+40 1.487e+33 1.191e-23 2.515e-12 3.160e-11
2.818e-04 3.318e+40 1.645e+33 1.318e-23 2.782e-12 3.497e-11
3.162e-04 2.886e+40 1.802e+33 1.444e-23 3.047e-12 3.829e-11
3.548e-04 2.488e+40 1.955e+33 1.566e-23 3.306e-12 4.155e-11
3.981e-04 2.125e+40 2.102e+33 1.685e-23 3.556e-12 4.469e-11
4.467e-04 1.801e+40 2.243e+33 1.797e-23 3.794e-12 4.767e-11
5.012e-04 1.516e+40 2.377e+33 1.905e-23 4.021e-12 5.053e-11
5.623e-04 1.269e+40 2.505e+33 2.007e-23 4.237e-12 5.325e-11
6.310e-04 1.056e+40 2.623e+33 2.102e-23 4.438e-12 5.576e-11
7.079e-04 8.737e+39 2.733e+33 2.190e-23 4.623e-12 5.809e-11
7.943e-04 7.187e+39 2.830e+33 2.268e-23 4.788e-12 6.016e-11
8.913e-04 5.878e+39 2.914e+33 2.335e-23 4.929e-12 6.194e-11
1.000e-03 4.782e+39 2.984e+33 2.392e-23 5.048e-12 6.344e-11
1.122e-03 3.869e+39 3.040e+33 2.436e-23 5.142e-12 6.462e-11
1.259e-03 3.115e+39 3.082e+33 2.470e-23 5.213e-12 6.551e-11
1.413e-03 2.497e+39 3.109e+33 2.492e-23 5.259e-12 6.609e-11
1.585e-03 1.993e+39 3.124e+33 2.504e-23 5.285e-12 6.641e-11
1.778e-03 1.585e+39 3.129e+33 2.507e-23 5.292e-12 6.650e-11
1.995e-03 1.258e+39 3.126e+33 2.505e-23 5.287e-12 6.644e-11
2.239e-03 9.971e+38 3.119e+33 2.499e-23 5.276e-12 6.630e-11
2.512e-03 7.902e+38 3.112e+33 2.494e-23 5.264e-12 6.615e-11
2.818e-03 6.268e+38 3.107e+33 2.490e-23 5.256e-12 6.605e-11
3.162e-03 4.976e+38 3.106e+33 2.489e-23 5.253e-12 6.601e-11
3.548e-03 3.952e+38 3.105e+33 2.488e-23 5.253e-12 6.601e-11
3.981e-03 3.137e+38 3.103e+33 2.487e-23 5.249e-12 6.596e-11
4.467e-03 2.489e+38 3.100e+33 2.484e-23 5.244e-12 6.589e-11
5.012e-03 1.975e+38 3.096e+33 2.481e-23 5.237e-12 6.581e-11
5.623e-03 1.566e+38 3.092e+33 2.478e-23 5.230e-12 6.572e-11
6.310e-03 1.243e+38 3.088e+33 2.474e-23 5.223e-12 6.563e-11
7.079e-03 9.857e+37 3.083e+33 2.471e-23 5.215e-12 6.554e-11
7.943e-03 7.818e+37 3.079e+33 2.467e-23 5.208e-12 6.544e-11
8.913e-03 6.199e+37 3.073e+33 2.463e-23 5.198e-12 6.532e-11
1.000e-02 4.912e+37 3.066e+33 2.457e-23 5.186e-12 6.517e-11
1.122e-02 3.890e+37 3.057e+33 2.450e-23 5.171e-12 6.497e-11
1.259e-02 3.078e+37 3.045e+33 2.440e-23 5.150e-12 6.472e-11
1.413e-02 2.433e+37 3.030e+33 2.428e-23 5.125e-12 6.440e-11
1.585e-02 1.921e+37 3.012e+33 2.414e-23 5.095e-12 6.402e-11
1.778e-02 1.516e+37 2.992e+33 2.398e-23 5.061e-12 6.360e-11
1.995e-02 1.196e+37 2.971e+33 2.381e-23 5.025e-12 6.315e-11
2.239e-02 9.428e+36 2.949e+33 2.363e-23 4.989e-12 6.269e-11
2.512e-02 7.435e+36 2.928e+33 2.346e-23 4.953e-12 6.224e-11
2.818e-02 5.866e+36 2.908e+33 2.330e-23 4.919e-12 6.181e-11
3.162e-02 4.631e+36 2.890e+33 2.316e-23 4.889e-12 6.143e-11
3.548e-02 3.659e+36 2.875e+33 2.304e-23 4.864e-12 6.112e-11
3.981e-02 2.895e+36 2.864e+33 2.295e-23 4.844e-12 6.087e-11
4.467e-02 2.294e+36 2.856e+33 2.289e-23 4.831e-12 6.071e-11
5.012e-02 1.820e+36 2.853e+33 2.286e-23 4.825e-12 6.064e-11
5.623e-02 1.445e+36 2.853e+33 2.286e-23 4.825e-12 6.064e-11
6.310e-02 1.149e+36 2.856e+33 2.289e-23 4.831e-12 6.071e-11
7.079e-02 9.147e+35 2.861e+33 2.293e-23 4.840e-12 6.082e-11
7.943e-02 7.283e+35 2.868e+33 2.298e-23 4.851e-12 6.096e-11
8.913e-02 5.799e+35 2.875e+33 2.304e-23 4.863e-12 6.111e-11
1.000e-01 4.618e+35 2.882e+33 2.310e-23 4.875e-12 6.127e-11
1.122e-01 3.677e+35 2.889e+33 2.315e-23 4.887e-12 6.142e-11
1.259e-01 2.928e+35 2.896e+33 2.321e-23 4.899e-12 6.157e-11
1.413e-01 2.331e+35 2.903e+33 2.327e-23 4.911e-12 6.172e-11
1.585e-01 1.856e+35 2.910e+33 2.332e-23 4.923e-12 6.186e-11
1.778e-01 1.478e+35 2.917e+33 2.338e-23 4.934e-12 6.201e-11
1.995e-01 1.177e+35 2.924e+33 2.343e-23 4.946e-12 6.215e-11
2.239e-01 9.366e+34 2.930e+33 2.348e-23 4.956e-12 6.228e-11
2.512e-01 7.455e+34 2.936e+33 2.353e-23 4.966e-12 6.241e-11
2.818e-01 5.933e+34 2.941e+33 2.357e-23 4.975e-12 6.252e-11
3.162e-01 4.720e+34 2.946e+33 2.361e-23 4.984e-12 6.263e-11
3.548e-01 3.755e+34 2.950e+33 2.364e-23 4.991e-12 6.272e-11
3.981e-01 2.986e+34 2.954e+33 2.367e-23 4.997e-12 6.279e-11
4.467e-01 2.374e+34 2.956e+33 2.369e-23 5.001e-12 6.284e-11
5.012e-01 1.887e+34 2.958e+33 2.370e-23 5.003e-12 6.287e-11
5.623e-01 1.499e+34 2.958e+33 2.370e-23 5.003e-12 6.287e-11
6.310e-01 1.190e+34 2.956e+33 2.369e-23 5.001e-12 6.284e-11
7.079e-01 9.441e+33 2.953e+33 2.367e-23 4.996e-12 6.278e-11
7.943e-01 7.487e+33 2.949e+33 2.363e-23 4.988e-12 6.268e-11
8.913e-01 5.934e+33 2.942e+33 2.357e-23 4.976e-12 6.253e-11
1.000e+00 4.699e+33 2.933e+33 2.350e-23 4.961e-12 6.234e-11
1.122e+00 3.718e+33 2.921e+33 2.341e-23 4.942e-12 6.210e-11
1.259e+00 2.939e+33 2.907e+33 2.330e-23 4.918e-12 6.180e-11
1.413e+00 2.321e+33 2.890e+33 2.316e-23 4.889e-12 6.144e-11
1.585e+00 1.831e+33 2.871e+33 2.300e-23 4.856e-12 6.102e-11
1.778e+00 1.443e+33 2.847e+33 2.282e-23 4.817e-12 6.053e-11
1.995e+00 1.135e+33 2.821e+33 2.261e-23 4.772e-12 5.996e-11
2.239e+00 8.922e+32 2.791e+33 2.237e-23 4.721e-12 5.933e-11
2.512e+00 7.002e+32 2.757e+33 2.210e-23 4.664e-12 5.861e-11
2.818e+00 5.486e+32 2.720e+33 2.180e-23 4.601e-12 5.781e-11
3.162e+00 4.292e+32 2.679e+33 2.146e-23 4.531e-12 5.694e-11
3.548e+00 3.351e+32 2.633e+33 2.110e-23 4.454e-12 5.597e-11
3.981e+00 2.612e+32 2.584e+33 2.071e-23 4.371e-12 5.493e-11
4.467e+00 2.032e+32 2.531e+33 2.028e-23 4.281e-12 5.379e-11
5.012e+00 1.578e+32 2.473e+33 1.982e-23 4.184e-12 5.258e-11
5.623e+00 1.222e+32 2.412e+33 1.933e-23 4.081e-12 5.128e-11
6.310e+00 9.448e+31 2.348e+33 1.881e-23 3.971e-12 4.990e-11
7.079e+00 7.286e+31 2.279e+33 1.826e-23 3.855e-12 4.845e-11
7.943e+00 5.605e+31 2.207e+33 1.769e-23 3.734e-12 4.692e-11
8.913e+00 4.301e+31 2.132e+33 1.709e-23 3.607e-12 4.532e-11
1.000e+01 3.292e+31 2.054e+33 1.646e-23 3.475e-12 4.367e-11
1.122e+01 2.512e+31 1.974e+33 1.582e-23 3.339e-12 4.196e-11
1.259e+01 1.912e+31 1.891e+33 1.516e-23 3.199e-12 4.020e-11
1.413e+01 1.451e+31 1.807e+33 1.448e-23 3.056e-12 3.841e-11
1.585e+01 1.098e+31 1.721e+33 1.379e-23 2.911e-12 3.658e-11
1.778e+01 8.278e+30 1.634e+33 1.309e-23 2.764e-12 3.473e-11
1.995e+01 6.223e+30 1.546e+33 1.239e-23 2.615e-12 3.287e-11
2.239e+01 4.662e+30 1.458e+33 1.169e-23 2.467e-12 3.100e-11
2.512e+01 3.480e+30 1.371e+33 1.098e-23 2.318e-12 2.913e-11
2.818e+01 2.589e+30 1.283e+33 1.028e-23 2.171e-12 2.728e-11
3.162e+01 1.918e+30 1.197e+33 9.595e-24 2.025e-12 2.545e-11
3.548e+01 1.416e+30 1.113e+33 8.916e-24 1.882e-12 2.365e-11
3.981e+01 1.041e+30 1.030e+33 8.251e-24 1.742e-12 2.188e-11
4.467e+01 7.618e+29 9.487e+32 7.602e-24 1.605e-12 2.017e-11
5.012e+01 5.551e+29 8.702e+32 6.973e-24 1.472e-12 1.850e-11
5.623e+01 4.025e+29 7.945e+32 6.367e-24 1.344e-12 1.689e-11
6.310e+01 2.905e+29 7.218e+32 5.784e-24 1.221e-12 1.534e-11
7.079e+01 2.085e+29 6.523e+32 5.227e-24 1.103e-12 1.387e-11
7.943e+01 1.489e+29 5.864e+32 4.699e-24 9.919e-13 1.246e-11
8.913e+01 1.057e+29 5.242e+32 4.201e-24 8.868e-13 1.114e-11
1.000e+02 7.466e+28 4.660e+32 3.734e-24 7.882e-13 9.905e-12
1.122e+02 5.240e+28 4.118e+32 3.300e-24 6.965e-13 8.753e-12
1.259e+02 3.656e+28 3.617e+32 2.898e-24 6.118e-13 7.688e-12
1.413e+02 2.535e+28 3.156e+32 2.529e-24 5.339e-13 6.709e-12
1.585e+02 1.745e+28 2.736e+32 2.193e-24 4.629e-13 5.816e-12
1.778e+02 1.193e+28 2.355e+32 1.887e-24 3.983e-13 5.006e-12
1.995e+02 8.091e+27 2.010e+32 1.611e-24 3.401e-13 4.273e-12
2.239e+02 5.439e+27 1.701e+32 1.363e-24 2.878e-13 3.617e-12
2.512e+02 3.622e+27 1.426e+32 1.143e-24 2.413e-13 3.032e-12
2.818e+02 2.388e+27 1.184e+32 9.487e-25 2.003e-13 2.516e-12
3.162e+02 1.558e+27 9.722e+31 7.791e-25 1.644e-13 2.066e-12
3.548e+02 1.005e+27 7.893e+31 6.325e-25 1.335e-13 1.678e-12
3.981e+02 6.400e+26 6.331e+31 5.074e-25 1.071e-13 1.346e-12
4.467e+02 4.028e+26 5.017e+31 4.020e-25 8.486e-14 1.066e-12
5.012e+02 2.513e+26 3.939e+31 3.157e-25 6.664e-14 8.374e-13
5.623e+02 1.555e+26 3.069e+31 2.460e-25 5.192e-14 6.524e-13
6.310e+02 9.466e+25 2.352e+31 1.885e-25 3.978e-14 5.000e-13
7.079e+02 5.660e+25 1.771e+31 1.419e-25 2.995e-14 3.764e-13
7.943e+02 3.321e+25 1.308e+31 1.048e-25 2.212e-14 2.780e-13
8.913e+02 1.908e+25 9.462e+30 7.582e-26 1.600e-14 2.011e-13
1.000e+03 1.073e+25 6.695e+30 5.365e-26 1.133e-14 1.423e-13
1.122e+03 5.887e+24 4.626e+30 3.707e-26 7.824e-15 9.832e-14
1.259e+03 3.148e+24 3.114e+30 2.495e-26 5.267e-15 6.619e-14
1.413e+03 1.637e+24 2.038e+30 1.633e-26 3.448e-15 4.333e-14
1.585e+03 8.256e+23 1.294e+30 1.037e-26 2.189e-15 2.751e-14
1.778e+03 4.029e+23 7.951e+29 6.372e-27 1.345e-15 1.690e-14
1.995e+03 1.896e+23 4.712e+29 3.776e-27 7.970e-16 1.002e-14
2.239e+03 8.581e+22 2.684e+29 2.151e-27 4.540e-16 5.705e-15
2.512e+03 3.718e+22 1.464e+29 1.173e-27 2.477e-16 3.112e-15
2.818e+03 1.536e+22 7.613e+28 6.101e-28 1.288e-16 1.618e-15
3.162e+03 6.011e+21 3.752e+28 3.006e-28 6.346e-17 7.974e-16
3.548e+03 2.213e+21 1.739e+28 1.393e-28 2.941e-17 3.696e-16
3.981e+03 7.586e+20 7.504e+27 6.014e-29 1.269e-17 1.595e-16
4.467e+03 2.385e+20 2.970e+27 2.380e-29 5.024e-18 6.313e-17
5.012e+03 6.714e+19 1.053e+27 8.435e-30 1.780e-18 2.237e-17
5.623e+03 1.625e+19 3.208e+26 2.571e-30 5.427e-19 6.819e-18
6.310e+03 3.143e+18 7.810e+25 6.259e-31 1.321e-19 1.660e-18
7.079e+03 4.174e+17 1.306e+25 1.046e-31 2.208e-20 2.775e-19
7.943e+03 2.582e+16 1.017e+24 8.147e-33 1.720e-21 2.161e-20
8.913e+03 8.308e+13 4.119e+21 3.301e-35 6.968e-24 8.756e-23
1.000e+04 0.000e+00 0.000e+00 0.000e+00 0.000e+00 0.000e+00
1.122e+04 0.000e+00 0.000e+00 0.000e+00 0.000e+00 0.000e+00
1.259e+04 0.000e+00 0.000e+00 0.000e+00 0.000e+00 0.000e+00
1.413e+04 0.000e+00 0.000e+00 0.000e+00 0.000e+00 0.000e+00
1.585e+04 0.000e+00 0.000e+00 0.000e+00 0.000e+00 0.000e+00
1.778e+04 0.000e+00 0.000e+00 0.000e+00 0.000e+00 0.000e+00
1.995e+04 0.000e+00 0.000e+00 0.000e+00 0.000e+00 0.000e+00
2.239e+04 0.000e+00 0.000e+00 0.000e+00 0.000e+00 0.000e+00
2.512e+04 0.000e+00 0.000e+00 0.000e+00 0.000e+00 0.000e+00
2.818e+04 0.000e+00 0.000e+00 0.000e+00 0.000e+00 0.000e+00
3.162e+04 0.000e+00 0.000e+00 0.000e+00 0.000e+00 0.000e+00
3.548e+04 0.000e+00 0.000e+00 0.000e+00 0.000e+00 0.000e+00
3.981e+04 0.000e+00 0.000e+00 0.000e+00 0.000e+00 0.000e+00
4.467e+04 0.000e+00 0.000e+00 0.000e+00 0.000e+00 0.000e+00
5.012e+04 0.000e+00 0.000e+00 0.000e+00 0.000e+00 0.000e+00
5.623e+04 0.000e+00 0.000e+00 0.000e+00 0.000e+00 0.000e+00
6.310e+04 0.000e+00 0.000e+00 0.000e+00 0.000e+00 0.000e+00
7.079e+04 0.000e+00 0.000e+00 0.000e+00 0.000e+00 0.000e+00
7.943e+04 0.000e+00 0.000e+00 0.000e+00 0.000e+00 0.000e+00
8.913e+04 0.000e+00 0.000e+00 0.000e+00 0.000e+00 0.000e+00
1.000e+05 0.000e+00 0.000e+00 0.000e+00 0.000e+00 0.000e+00
1.122e+05 0.000e+00 0.000e+00 0.000e+00 0.000e+00 0.000e+00
1.259e+05 0.000e+00 0.000e+00 0.000e+00 0.000e+00 0.000e+00
1.413e+05 0.000e+00 0.000e+00 0.000e+00 0.000e+00 0.000e+00
1.585e+05 0.000e+00 0.000e+00 0.000e+00 0.000e+00 0.000e+00
1.778e+05 0.000e+00 0.000e+00 0.000e+00 0.000e+00 0.000e+00
1.995e+05 0.000e+00 0.000e+00 0.000e+00 0.000e+00 0.000e+00
2.239e+05 0.000e+00 0.000e+00 0.000e+00 0.000e+00 0.000e+00
2.512e+05 0.000e+00 0.000e+00 0.000e+00 0.000e+00 0.000e+00
2.818e+05 0.000e+00 0.000e+00 0.000e+00 0.000e+00 0.000e+00
3.162e+05 0.000e+00 0.000e+00 0.000e+00 0.000e+00 0.000e+00
3.548e+05 0.000e+00 0.000e+00 0.000e+00 0.000e+00 0.000e+00
3.981e+05 0.000e+00 0.000e+00 0.000e+00 0.000e+00 0.000e+00
4.467e+05 0.000e+00 0.000e+00 0.000e+00 0.000e+00 0.000e+00
5.012e+05 0.000e+00 0.000e+00 0.000e+00 0.000e+00 0.000e+00
5.623e+05 0.000e+00 0.000e+00 0.000e+00 0.000e+00 0.000e+00
6.310e+05 0.000e+00 0.000e+00 0.000e+00 0.000e+00 0.000e+00
7.079e+05 0.000e+00 0.000e+00 0.000e+00 0.000e+00 0.000e+00
7.943e+05 0.000e+00 0.000e+00 0.000e+00 0.000e+00 0.000e+00
8.913e+05 0.000e+00 0.000e+00 0.000e+00 0.000e+00 0.000e+00
1.000e+06 0.000e+00 0.000e+00 0.000e+00 0.000e+00 0.000e+00
1.122e+06 0.000e+00 0.000e+00 0.000e+00 0.000e+00 0.000e+00
1.259e+06 0.000e+00 0.000e+00 0.000e+00 0.000e+00 0.000e+00
1.413e+06 0.000e+00 0.000e+00 0.000e+00 0.000e+00 0.000e+00
1.585e+06 0.000e+00 0.000e+00 0.000e+00 0.000e+00 0.000e+00
1.778e+06 0.000e+00 0.000e+00 0.000e+00 0.000e+00 0.000e+00
1.995e+06 0.000e+00 0.000e+00 0.000e+00 0.000e+00 0.000e+00
2.239e+06 0.000e+00 0.000e+00 0.000e+00 0.000e+00 0.000e+00
2.512e+06 0.000e+00 0.000e+00 0.000e+00 0.000e+00 0.000e+00
2.818e+06 0.000e+00 0.000e+00 0.000e+00 0.000e+00 0.000e+00
3.162e+06 0.000e+00 0.000e+00 0.000e+00 0.000e+00 0.000e+00
3.548e+06 0.000e+00 0.000e+00 0.000e+00 0.000e+00 0.000e+00
3.981e+06 0.000e+00 0.000e+00 0.000e+00 0.000e+00 0.000e+00
4.467e+06 0.000e+00 0.000e+00 0.000e+00 0.000e+00 0.000e+00
5.012e+06 0.000e+00 0.000e+00 0.000e+00 0.000e+00 0.000e+00
5.623e+06 0.000e+00 0.000e+00 0.000e+00 0.000e+00 0.000e+00
6.310e+06 0.000e+00 0.000e+00 0.000e+00 0.000e+00 0.000e+00
7.079e+06 0.000e+00 0.000e+00 0.000e+00 0.000e+00 0.000e+00
7.943e+06 0.000e+00 0.000e+00 0.000e+00 0.000e+00 0.000e+00
8.913e+06 0.000e+00 0.000e+00 0.000e+00 0.000e+00 0.000e+00
1.000e+07 0.000e+00 0.000e+00 0.000e+00 0.000e+00 0.000e+00
1.122e+07 0.000e+00 0.000e+00 0.000e+00 0.000e+00 0.000e+00
1.259e+07 0.000e+00 0.000e+00 0.000e+00 0.000e+00 0.000e+00
1.413e+07 0.000e+00 0.000e+00 0.000e+00 0.000e+00 0.000e+00
1.585e+07 0.000e+00 0.000e+00 0.000e+00 0.000e+00 0.000e+00
1.778e+07 0.000e+00 0.000e+00 0.000e+00 0.000e+00 0.000e+00
1.995e+07 0.000e+00 0.000e+00 0.000e+00 0.000e+00 0.000e+00
2.239e+07 0.000e+00 0.000e+00 0.000e+00 0.000e+00 0.000e+00
2.512e+07 0.000e+00 0.000e+00 0.000e+00 0.000e+00 0.000e+00
2.818e+07 0.000e+00 0.000e+00 0.000e+00 0.000e+00 0.000e+00
3.162e+07 0.000e+00 0.000e+00 0.000e+00 0.000e+00 0.000e+00
3.548e+07 0.000e+00 0.000e+00 0.000e+00 0.000e+00 0.000e+00
3.981e+07 0.000e+00 0.000e+00 0.000e+00 0.000e+00 0.000e+00
4.467e+07 0.000e+00 0.000e+00 0.000e+00 0.000e+00 0.000e+00
5.012e+07 0.000e+00 0.000e+00 0.000e+00 0.000e+00 0.000e+00
5.623e+07 0.000e+00 0.000e+00 0.000e+00 0.000e+00 0.000e+00
6.310e+07 0.000e+00 0.000e+00 0.000e+00 0.000e+00 0.000e+00
7.079e+07 0.000e+00 0.000e+00 0.000e+00 0.000e+00 0.000e+00
7.943e+07 0.000e+00 0.000e+00 0.000e+00 0.000e+00 0.000e+00
8.913e+07 0.000e+00 0.000e+00 0.000e+00 0.000e+00 0.000e+00
1.000e+08 0.000e+00 0.000e+00 0.000e+00 0.000e+00 0.000e+00
