1.000e-20 1.207e+67 7.534e+26 6.038e-30 1.274e-20 1.602e-19
1.122e-20 1.016e+67 7.981e+26 6.395e-30 1.350e-20 1.696e-19
1.259e-20 8.546e+66 8.454e+26 6.774e-30 1.430e-20 1.797e-19
1.413e-20 7.190e+66 8.955e+26 7.176e-30 1.515e-20 1.903e-19
1.585e-20 6.050e+66 9.485e+26 7.601e-30 1.604e-20 2.016e-19
1.778e-20 5.090e+66 1.005e+27 8.051e-30 1.700e-20 2.136e-19
1.995e-20 4.283e+66 1.064e+27 8.528e-30 1.800e-20 2.262e-19
2.239e-20 3.604e+66 1.127e+27 9.034e-30 1.907e-20 2.396e-19
2.512e-20 3.032e+66 1.194e+27 9.569e-30 2.020e-20 2.538e-19
2.818e-20 2.551e+66 1.265e+27 1.014e-29 2.140e-20 2.689e-19
3.162e-20 2.147e+66 1.340e+27 1.074e-29 2.266e-20 2.848e-19
3.548e-20 1.806e+66 1.419e+27 1.137e-29 2.401e-20 3.017e-19
3.981e-20 1.520e+66 1.503e+27 1.205e-29 2.543e-20 3.195e-19
4.467e-20 1.279e+66 1.592e+27 1.276e-29 2.694e-20 3.385e-19
5.012e-20 1.076e+66 1.687e+27 1.352e-29 2.853e-20 3.585e-19
5.623e-20 9.052e+65 1.787e+27 1.432e-29 3.022e-20 3.798e-19
6.310e-20 7.616e+65 1.893e+27 1.517e-29 3.201e-20 4.023e-19
7.079e-20 6.408e+65 2.005e+27 1.606e-29 3.391e-20 4.261e-19
7.943e-20 5.392e+65 2.123e+27 1.702e-29 3.592e-20 4.514e-19
8.913e-20 4.537e+65 2.249e+27 1.802e-29 3.805e-20 4.781e-19
1.000e-19 3.817e+65 2.383e+27 1.909e-29 4.030e-20 5.064e-19
1.122e-19 3.212e+65 2.524e+27 2.022e-29 4.269e-20 5.364e-19
1.259e-19 2.702e+65 2.673e+27 2.142e-29 4.522e-20 5.682e-19
1.413e-19 2.274e+65 2.832e+27 2.269e-29 4.790e-20 6.019e-19
1.585e-19 1.913e+65 2.999e+27 2.404e-29 5.074e-20 6.376e-19
1.778e-19 1.610e+65 3.177e+27 2.546e-29 5.374e-20 6.753e-19
1.995e-19 1.354e+65 3.365e+27 2.697e-29 5.693e-20 7.153e-19
2.239e-19 1.140e+65 3.565e+27 2.857e-29 6.030e-20 7.577e-19
2.512e-19 9.588e+64 3.776e+27 3.026e-29 6.387e-20 8.026e-19
2.818e-19 8.067e+64 4.000e+27 3.205e-29 6.766e-20 8.502e-19
3.162e-19 6.788e+64 4.237e+27 3.395e-29 7.166e-20 9.006e-19
3.548e-19 5.711e+64 4.488e+27 3.596e-29 7.591e-20 9.539e-19
3.981e-19 4.805e+64 4.754e+27 3.809e-29 8.041e-20 1.010e-18
4.467e-19 4.043e+64 5.035e+27 4.035e-29 8.517e-20 1.070e-18
5.012e-19 3.402e+64 5.334e+27 4.274e-29 9.022e-20 1.134e-18
5.623e-19 2.862e+64 5.650e+27 4.527e-29 9.556e-20 1.201e-18
6.310e-19 2.408e+64 5.984e+27 4.796e-29 1.012e-19 1.272e-18
7.079e-19 2.026e+64 6.339e+27 5.080e-29 1.072e-19 1.347e-18
7.943e-19 1.705e+64 6.714e+27 5.381e-29 1.136e-19 1.427e-18
8.913e-19 1.435e+64 7.112e+27 5.699e-29 1.203e-19 1.512e-18
1.000e-18 1.207e+64 7.534e+27 6.037e-29 1.274e-19 1.601e-18
1.122e-18 1.016e+64 7.980e+27 6.395e-29 1.350e-19 1.696e-18
1.259e-18 8.545e+63 8.453e+27 6.774e-29 1.430e-19 1.797e-18
1.413e-18 7.190e+63 8.954e+27 7.175e-29 1.515e-19 1.903e-18
1.585e-18 6.049e+63 9.484e+27 7.600e-29 1.604e-19 2.016e-18
1.778e-18 5.090e+63 1.005e+28 8.050e-29 1.699e-19 2.135e-18
1.995e-18 4.282e+63 1.064e+28 8.527e-29 1.800e-19 2.262e-18
2.239e-18 3.603e+63 1.127e+28 9.032e-29 1.907e-19 2.396e-18
2.512e-18 3.032e+63 1.194e+28 9.568e-29 2.020e-19 2.538e-18
2.818e-18 2.551e+63 1.265e+28 1.013e-28 2.139e-19 2.688e-18
3.162e-18 2.146e+63 1.340e+28 1.073e-28 2.266e-19 2.847e-18
3.548e-18 1.806e+63 1.419e+28 1.137e-28 2.400e-19 3.016e-18
3.981e-18 1.519e+63 1.503e+28 1.204e-28 2.542e-19 3.195e-18
4.467e-18 1.278e+63 1.592e+28 1.276e-28 2.693e-19 3.384e-18
5.012e-18 1.076e+63 1.686e+28 1.351e-28 2.852e-19 3.585e-18
5.623e-18 9.050e+62 1.786e+28 1.431e-28 3.021e-19 3.797e-18
6.310e-18 7.615e+62 1.892e+28 1.516e-28 3.200e-19 4.022e-18
7.079e-18 6.407e+62 2.004e+28 1.606e-28 3.390e-19 4.260e-18
7.943e-18 5.391e+62 2.123e+28 1.701e-28 3.591e-19 4.512e-18
8.913e-18 4.535e+62 2.249e+28 1.802e-28 3.804e-19 4.780e-18
1.000e-17 3.816e+62 2.382e+28 1.909e-28 4.029e-19 5.063e-18
1.122e-17 3.211e+62 2.523e+28 2.022e-28 4.267e-19 5.363e-18
1.259e-17 2.701e+62 2.672e+28 2.141e-28 4.520e-19 5.680e-18
1.413e-17 2.273e+62 2.831e+28 2.268e-28 4.788e-19 6.017e-18
1.585e-17 1.912e+62 2.998e+28 2.403e-28 5.072e-19 6.373e-18
1.778e-17 1.609e+62 3.176e+28 2.545e-28 5.372e-19 6.751e-18
1.995e-17 1.354e+62 3.364e+28 2.696e-28 5.690e-19 7.150e-18
2.239e-17 1.139e+62 3.563e+28 2.855e-28 6.027e-19 7.574e-18
2.512e-17 9.584e+61 3.774e+28 3.024e-28 6.384e-19 8.022e-18
2.818e-17 8.063e+61 3.998e+28 3.204e-28 6.762e-19 8.498e-18
3.162e-17 6.784e+61 4.234e+28 3.393e-28 7.163e-19 9.001e-18
3.548e-17 5.708e+61 4.485e+28 3.594e-28 7.587e-19 9.534e-18
3.981e-17 4.803e+61 4.751e+28 3.807e-28 8.036e-19 1.010e-17
4.467e-17 4.041e+61 5.032e+28 4.032e-28 8.512e-19 1.070e-17
5.012e-17 3.400e+61 5.330e+28 4.271e-28 9.016e-19 1.133e-17
5.623e-17 2.860e+61 5.646e+28 4.524e-28 9.550e-19 1.200e-17
6.310e-17 2.407e+61 5.980e+28 4.792e-28 1.011e-18 1.271e-17
7.079e-17 2.025e+61 6.334e+28 5.076e-28 1.071e-18 1.346e-17
7.943e-17 1.704e+61 6.709e+28 5.376e-28 1.135e-18 1.426e-17
8.913e-17 1.433e+61 7.106e+28 5.694e-28 1.202e-18 1.510e-17
1.000e-16 1.206e+61 7.526e+28 6.031e-28 1.273e-18 1.600e-17
1.122e-16 1.015e+61 7.972e+28 6.388e-28 1.348e-18 1.695e-17
1.259e-16 8.536e+60 8.444e+28 6.766e-28 1.428e-18 1.795e-17
1.413e-16 7.182e+60 8.943e+28 7.167e-28 1.513e-18 1.901e-17
1.585e-16 6.042e+60 9.473e+28 7.591e-28 1.602e-18 2.014e-17
1.778e-16 5.083e+60 1.003e+29 8.040e-28 1.697e-18 2.133e-17
1.995e-16 4.277e+60 1.063e+29 8.516e-28 1.798e-18 2.259e-17
2.239e-16 3.598e+60 1.126e+29 9.020e-28 1.904e-18 2.393e-17
2.512e-16 3.027e+60 1.192e+29 9.553e-28 2.017e-18 2.534e-17
2.818e-16 2.547e+60 1.263e+29 1.012e-27 2.136e-18 2.684e-17
3.162e-16 2.143e+60 1.337e+29 1.072e-27 2.262e-18 2.843e-17
3.548e-16 1.803e+60 1.416e+29 1.135e-27 2.396e-18 3.011e-17
3.981e-16 1.517e+60 1.500e+29 1.202e-27 2.538e-18 3.189e-17
4.467e-16 1.276e+60 1.589e+29 1.273e-27 2.688e-18 3.377e-17
5.012e-16 1.073e+60 1.683e+29 1.349e-27 2.846e-18 3.577e-17
5.623e-16 9.030e+59 1.782e+29 1.428e-27 3.015e-18 3.788e-17
6.310e-16 7.597e+59 1.888e+29 1.513e-27 3.193e-18 4.012e-17
7.079e-16 6.391e+59 1.999e+29 1.602e-27 3.382e-18 4.249e-17
7.943e-16 5.376e+59 2.117e+29 1.697e-27 3.581e-18 4.500e-17
8.913e-16 4.523e+59 2.242e+29 1.797e-27 3.793e-18 4.766e-17
1.000e-15 3.805e+59 2.375e+29 1.903e-27 4.017e-18 5.048e-17
1.122e-15 3.201e+59 2.515e+29 2.015e-27 4.254e-18 5.346e-17
1.259e-15 2.692e+59 2.663e+29 2.134e-27 4.505e-18 5.662e-17
1.413e-15 2.265e+59 2.821e+29 2.260e-27 4.771e-18 5.996e-17
1.585e-15 1.905e+59 2.987e+29 2.394e-27 5.053e-18 6.349e-17
1.778e-15 1.603e+59 3.163e+29 2.535e-27 5.351e-18 6.724e-17
1.995e-15 1.348e+59 3.350e+29 2.684e-27 5.666e-18 7.121e-17
2.239e-15 1.134e+59 3.547e+29 2.843e-27 6.001e-18 7.541e-17
2.512e-15 9.539e+58 3.757e+29 3.010e-27 6.354e-18 7.985e-17
2.818e-15 8.024e+58 3.978e+29 3.188e-27 6.729e-18 8.456e-17
3.162e-15 6.749e+58 4.212e+29 3.376e-27 7.125e-18 8.954e-17
3.548e-15 5.677e+58 4.460e+29 3.574e-27 7.545e-18 9.481e-17
3.981e-15 4.775e+58 4.723e+29 3.785e-27 7.989e-18 1.004e-16
4.467e-15 4.016e+58 5.001e+29 4.008e-27 8.459e-18 1.063e-16
5.012e-15 3.377e+58 5.295e+29 4.243e-27 8.957e-18 1.126e-16
5.623e-15 2.841e+58 5.607e+29 4.493e-27 9.484e-18 1.192e-16
6.310e-15 2.389e+58 5.936e+29 4.757e-27 1.004e-17 1.262e-16
7.079e-15 2.009e+58 6.285e+29 5.036e-27 1.063e-17 1.336e-16
7.943e-15 1.690e+58 6.654e+29 5.332e-27 1.126e-17 1.414e-16
8.913e-15 1.421e+58 7.045e+29 5.645e-27 1.192e-17 1.497e-16
1.000e-14 1.195e+58 7.458e+29 5.976e-27 1.262e-17 1.585e-16
1.122e-14 1.005e+58 7.895e+29 6.327e-27 1.335e-17 1.678e-16
1.259e-14 8.449e+57 8.358e+29 6.697e-27 1.414e-17 1.777e-16
1.413e-14 7.104e+57 8.847e+29 7.090e-27 1.496e-17 1.881e-16
1.585e-14 5.973e+57 9.365e+29 7.505e-27 1.584e-17 1.991e-16
1.778e-14 5.022e+57 9.912e+29 7.943e-27 1.677e-17 2.107e-16
1.995e-14 4.222e+57 1.049e+30 8.407e-27 1.775e-17 2.230e-16
2.239e-14 3.550e+57 1.110e+30 8.898e-27 1.878e-17 2.360e-16
2.512e-14 2.984e+57 1.175e+30 9.417e-27 1.988e-17 2.498e-16
2.818e-14 2.509e+57 1.244e+30 9.966e-27 2.104e-17 2.644e-16
3.162e-14 2.109e+57 1.316e+30 1.055e-26 2.226e-17 2.798e-16
3.548e-14 1.772e+57 1.393e+30 1.116e-26 2.356e-17 2.960e-16
3.981e-14 1.490e+57 1.474e+30 1.181e-26 2.493e-17 3.132e-16
4.467e-14 1.252e+57 1.559e+30 1.249e-26 2.637e-17 3.314e-16
5.012e-14 1.052e+57 1.650e+30 1.322e-26 2.790e-17 3.506e-16
5.623e-14 8.841e+56 1.745e+30 1.398e-26 2.952e-17 3.709e-16
6.310e-14 7.429e+56 1.846e+30 1.479e-26 3.123e-17 3.924e-16
7.079e-14 6.242e+56 1.953e+30 1.565e-26 3.303e-17 4.150e-16
7.943e-14 5.244e+56 2.065e+30 1.655e-26 3.493e-17 4.390e-16
8.913e-14 4.405e+56 2.184e+30 1.750e-26 3.695e-17 4.643e-16
1.000e-13 3.701e+56 2.310e+30 1.851e-26 3.907e-17 4.910e-16
1.122e-13 3.108e+56 2.442e+30 1.957e-26 4.131e-17 5.191e-16
1.259e-13 2.610e+56 2.582e+30 2.069e-26 4.368e-17 5.489e-16
1.413e-13 2.192e+56 2.730e+30 2.188e-26 4.618e-17 5.803e-16
1.585e-13 1.841e+56 2.886e+30 2.312e-26 4.881e-17 6.134e-16
1.778e-13 1.545e+56 3.050e+30 2.444e-26 5.159e-17 6.483e-16
1.995e-13 1.297e+56 3.223e+30 2.583e-26 5.452e-17 6.852e-16
2.239e-13 1.089e+56 3.406e+30 2.730e-26 5.762e-17 7.240e-16
2.512e-13 9.138e+55 3.599e+30 2.884e-26 6.088e-17 7.650e-16
2.818e-13 7.668e+55 3.802e+30 3.047e-26 6.431e-17 8.081e-16
3.162e-13 6.434e+55 4.016e+30 3.218e-26 6.793e-17 8.536e-16
3.548e-13 5.397e+55 4.241e+30 3.399e-26 7.174e-17 9.015e-16
3.981e-13 4.527e+55 4.478e+30 3.589e-26 7.575e-17 9.519e-16
4.467e-13 3.797e+55 4.728e+30 3.789e-26 7.998e-17 1.005e-15
5.012e-13 3.183e+55 4.991e+30 3.999e-26 8.442e-17 1.061e-15
5.623e-13 2.669e+55 5.267e+30 4.221e-26 8.909e-17 1.120e-15
6.310e-13 2.237e+55 5.558e+30 4.454e-26 9.401e-17 1.181e-15
7.079e-13 1.874e+55 5.863e+30 4.698e-26 9.918e-17 1.246e-15
7.943e-13 1.570e+55 6.184e+30 4.956e-26 1.046e-16 1.315e-15
8.913e-13 1.315e+55 6.521e+30 5.226e-26 1.103e-16 1.386e-15
1.000e-12 1.101e+55 6.875e+30 5.509e-26 1.163e-16 1.461e-15
1.122e-12 9.225e+54 7.248e+30 5.809e-26 1.226e-16 1.541e-15
1.259e-12 7.721e+54 7.638e+30 6.121e-26 1.292e-16 1.624e-15
1.413e-12 6.461e+54 8.046e+30 6.448e-26 1.361e-16 1.710e-15
1.585e-12 5.405e+54 8.473e+30 6.790e-26 1.433e-16 1.801e-15
1.778e-12 4.520e+54 8.921e+30 7.149e-26 1.509e-16 1.896e-15
1.995e-12 3.778e+54 9.389e+30 7.524e-26 1.588e-16 1.996e-15
2.239e-12 3.158e+54 9.878e+30 7.916e-26 1.671e-16 2.100e-15
2.512e-12 2.638e+54 1.039e+31 8.326e-26 1.757e-16 2.208e-15
2.818e-12 2.203e+54 1.092e+31 8.754e-26 1.848e-16 2.322e-15
3.162e-12 1.839e+54 1.148e+31 9.200e-26 1.942e-16 2.440e-15
3.548e-12 1.535e+54 1.206e+31 9.665e-26 2.040e-16 2.564e-15
3.981e-12 1.280e+54 1.267e+31 1.015e-25 2.142e-16 2.692e-15
4.467e-12 1.068e+54 1.329e+31 1.065e-25 2.249e-16 2.826e-15
5.012e-12 8.897e+53 1.395e+31 1.118e-25 2.359e-16 2.965e-15
5.623e-12 7.411e+53 1.463e+31 1.172e-25 2.474e-16 3.109e-15
6.310e-12 6.171e+53 1.533e+31 1.229e-25 2.594e-16 3.259e-15
7.079e-12 5.135e+53 1.606e+31 1.287e-25 2.717e-16 3.414e-15
7.943e-12 4.271e+53 1.682e+31 1.348e-25 2.845e-16 3.575e-15
8.913e-12 3.550e+53 1.760e+31 1.410e-25 2.977e-16 3.741e-15
1.000e-11 2.949e+53 1.841e+31 1.475e-25 3.114e-16 3.913e-15
1.122e-11 2.448e+53 1.924e+31 1.542e-25 3.254e-16 4.090e-15
1.259e-11 2.031e+53 2.010e+31 1.610e-25 3.399e-16 4.272e-15
1.413e-11 1.684e+53 2.098e+31 1.681e-25 3.548e-16 4.459e-15
1.585e-11 1.396e+53 2.188e+31 1.753e-25 3.701e-16 4.651e-15
1.778e-11 1.155e+53 2.280e+31 1.827e-25 3.857e-16 4.847e-15
1.995e-11 9.558e+52 2.375e+31 1.903e-25 4.017e-16 5.048e-15
2.239e-11 7.901e+52 2.472e+31 1.981e-25 4.181e-16 5.254e-15
2.512e-11 6.525e+52 2.570e+31 2.059e-25 4.347e-16 5.462e-15
2.818e-11 5.385e+52 2.670e+31 2.139e-25 4.516e-16 5.675e-15
3.162e-11 4.439e+52 2.771e+31 2.220e-25 4.687e-16 5.890e-15
3.548e-11 3.656e+52 2.873e+31 2.302e-25 4.860e-16 6.107e-15
3.981e-11 3.008e+52 2.976e+31 2.385e-25 5.034e-16 6.326e-15
4.467e-11 2.473e+52 3.080e+31 2.468e-25 5.209e-16 6.546e-15
5.012e-11 2.030e+52 3.183e+31 2.551e-25 5.384e-16 6.766e-15
5.623e-11 1.665e+52 3.287e+31 2.634e-25 5.559e-16 6.986e-15
6.310e-11 1.364e+52 3.389e+31 2.716e-25 5.733e-16 7.205e-15
7.079e-11 1.116e+52 3.491e+31 2.798e-25 5.905e-16 7.421e-15
7.943e-11 9.119e+51 3.591e+31 2.878e-25 6.075e-16 7.634e-15
8.913e-11 7.441e+51 3.689e+31 2.956e-25 6.240e-16 7.842e-15
1.000e-10 6.064e+51 3.785e+31 3.033e-25 6.402e-16 8.045e-15
1.122e-10 4.934e+51 3.877e+31 3.107e-25 6.558e-16 8.241e-15
1.259e-10 4.009e+51 3.966e+31 3.178e-25 6.708e-16 8.429e-15
1.413e-10 3.252e+51 4.050e+31 3.245e-25 6.850e-16 8.608e-15
1.585e-10 2.634e+51 4.129e+31 3.309e-25 6.984e-16 8.777e-15
1.778e-10 2.129e+51 4.203e+31 3.368e-25 7.109e-16 8.933e-15
1.995e-10 1.718e+51 4.270e+31 3.422e-25 7.223e-16 9.076e-15
2.239e-10 1.384e+51 4.330e+31 3.470e-25 7.325e-16 9.205e-15
2.512e-10 1.113e+51 4.383e+31 3.512e-25 7.414e-16 9.317e-15
2.818e-10 8.931e+50 4.428e+31 3.548e-25 7.489e-16 9.411e-15
3.162e-10 7.151e+50 4.463e+31 3.577e-25 7.550e-16 9.487e-15
3.548e-10 5.714e+50 4.490e+31 3.598e-25 7.594e-16 9.543e-15
3.981e-10 4.555e+50 4.506e+31 3.611e-25 7.622e-16 9.578e-15
4.467e-10 3.623e+50 4.512e+31 3.615e-25 7.631e-16 9.590e-15
5.012e-10 2.874e+50 4.506e+31 3.611e-25 7.622e-16 9.579e-15
5.623e-10 2.275e+50 4.490e+31 3.598e-25 7.594e-16 9.543e-15
6.310e-10 1.795e+50 4.461e+31 3.575e-25 7.546e-16 9.483e-15
7.079e-10 1.413e+50 4.421e+31 3.543e-25 7.478e-16 9.397e-15
7.943e-10 1.109e+50 4.368e+31 3.501e-25 7.389e-16 9.285e-15
8.913e-10 8.680e+49 4.304e+31 3.449e-25 7.280e-16 9.148e-15
1.000e-09 6.772e+49 4.227e+31 3.387e-25 7.150e-16 8.985e-15
1.122e-09 5.266e+49 4.138e+31 3.316e-25 7.000e-16 8.796e-15
1.259e-09 4.082e+49 4.038e+31 3.236e-25 6.830e-16 8.583e-15
1.413e-09 3.153e+49 3.926e+31 3.146e-25 6.641e-16 8.346e-15
1.585e-09 2.426e+49 3.804e+31 3.048e-25 6.435e-16 8.086e-15
1.778e-09 1.860e+49 3.672e+31 2.942e-25 6.211e-16 7.805e-15
1.995e-09 1.421e+49 3.530e+31 2.829e-25 5.972e-16 7.505e-15
2.239e-09 1.081e+49 3.381e+31 2.709e-25 5.719e-16 7.186e-15
2.512e-09 8.186e+48 3.224e+31 2.583e-25 5.453e-16 6.853e-15
2.818e-09 6.174e+48 3.061e+31 2.453e-25 5.177e-16 6.506e-15
3.162e-09 4.635e+48 2.893e+31 2.318e-25 4.893e-16 6.149e-15
3.548e-09 3.463e+48 2.721e+31 2.180e-25 4.603e-16 5.784e-15
3.981e-09 2.575e+48 2.547e+31 2.041e-25 4.308e-16 5.414e-15
4.467e-09 1.904e+48 2.372e+31 1.900e-25 4.012e-16 5.041e-15
5.012e-09 1.401e+48 2.197e+31 1.760e-25 3.716e-16 4.669e-15
5.623e-09 1.025e+48 2.023e+31 1.621e-25 3.422e-16 4.301e-15
6.310e-09 7.457e+47 1.853e+31 1.485e-25 3.134e-16 3.939e-15
7.079e-09 5.392e+47 1.687e+31 1.352e-25 2.853e-16 3.585e-15
7.943e-09 3.874e+47 1.526e+31 1.223e-25 2.581e-16 3.243e-15
8.913e-09 2.765e+47 1.371e+31 1.099e-25 2.319e-16 2.914e-15
1.000e-08 1.961e+47 1.224e+31 9.806e-26 2.070e-16 2.601e-15
1.122e-08 1.380e+47 1.084e+31 8.690e-26 1.834e-16 2.305e-15
1.259e-08 9.644e+46 9.540e+30 7.645e-26 1.614e-16 2.028e-15
1.413e-08 6.688e+46 8.328e+30 6.674e-26 1.409e-16 1.770e-15
1.585e-08 4.601e+46 7.214e+30 5.781e-26 1.220e-16 1.533e-15
1.778e-08 3.141e+46 6.199e+30 4.968e-26 1.049e-16 1.318e-15
1.995e-08 2.127e+46 5.284e+30 4.234e-26 8.938e-17 1.123e-15
2.239e-08 1.429e+46 4.469e+30 3.581e-26 7.559e-17 9.499e-16
2.512e-08 9.526e+45 3.751e+30 3.006e-26 6.345e-17 7.974e-16
2.818e-08 6.311e+45 3.129e+30 2.507e-26 5.293e-17 6.651e-16
3.162e-08 4.162e+45 2.597e+30 2.082e-26 4.394e-17 5.521e-16
3.548e-08 2.739e+45 2.152e+30 1.725e-26 3.640e-17 4.574e-16
3.981e-08 1.806e+45 1.787e+30 1.432e-26 3.022e-17 3.798e-16
4.467e-08 1.200e+45 1.495e+30 1.198e-26 2.529e-17 3.178e-16
5.012e-08 8.097e+44 1.269e+30 1.017e-26 2.147e-17 2.698e-16
5.623e-08 5.587e+44 1.103e+30 8.837e-27 1.865e-17 2.344e-16
6.310e-08 3.971e+44 9.867e+29 7.907e-27 1.669e-17 2.097e-16
7.079e-08 2.919e+44 9.132e+29 7.318e-27 1.545e-17 1.941e-16
7.943e-08 2.220e+44 8.744e+29 7.007e-27 1.479e-17 1.859e-16
8.913e-08 1.746e+44 8.654e+29 6.935e-27 1.464e-17 1.840e-16
1.000e-07 1.407e+44 8.780e+29 7.036e-27 1.485e-17 1.866e-16
1.122e-07 1.154e+44 9.066e+29 7.265e-27 1.534e-17 1.927e-16
1.259e-07 9.571e+43 9.468e+29 7.587e-27 1.602e-17 2.013e-16
1.413e-07 7.987e+43 9.947e+29 7.971e-27 1.683e-17 2.114e-16
1.585e-07 6.689e+43 1.049e+30 8.404e-27 1.774e-17 2.229e-16
1.778e-07 5.618e+43 1.109e+30 8.886e-27 1.876e-17 2.357e-16
1.995e-07 4.720e+43 1.173e+30 9.399e-27 1.984e-17 2.493e-16
2.239e-07 3.962e+43 1.239e+30 9.933e-27 2.097e-17 2.635e-16
2.512e-07 3.329e+43 1.311e+30 1.051e-26 2.218e-17 2.787e-16
2.818e-07 2.797e+43 1.387e+30 1.111e-26 2.346e-17 2.948e-16
3.162e-07 2.347e+43 1.465e+30 1.174e-26 2.478e-17 3.114e-16
3.548e-07 1.972e+43 1.550e+30 1.242e-26 2.621e-17 3.294e-16
3.981e-07 1.656e+43 1.638e+30 1.313e-26 2.771e-17 3.483e-16
4.467e-07 1.390e+43 1.731e+30 1.387e-26 2.928e-17 3.680e-16
5.012e-07 1.167e+43 1.830e+30 1.467e-26 3.096e-17 3.891e-16
5.623e-07 9.798e+42 1.934e+30 1.550e-26 3.271e-17 4.111e-16
6.310e-07 8.228e+42 2.044e+30 1.638e-26 3.458e-17 4.346e-16
7.079e-07 6.906e+42 2.160e+30 1.731e-26 3.654e-17 4.592e-16
7.943e-07 5.797e+42 2.283e+30 1.830e-26 3.862e-17 4.853e-16
8.913e-07 4.869e+42 2.414e+30 1.934e-26 4.083e-17 5.131e-16
1.000e-06 4.096e+42 2.557e+30 2.049e-26 4.325e-17 5.435e-16
1.122e-06 3.439e+42 2.703e+30 2.166e-26 4.571e-17 5.745e-16
1.259e-06 2.894e+42 2.863e+30 2.294e-26 4.842e-17 6.085e-16
1.413e-06 2.434e+42 3.031e+30 2.429e-26 5.128e-17 6.444e-16
1.585e-06 2.043e+42 3.203e+30 2.566e-26 5.417e-17 6.808e-16
1.778e-06 1.719e+42 3.392e+30 2.719e-26 5.738e-17 7.211e-16
1.995e-06 1.443e+42 3.585e+30 2.873e-26 6.064e-17 7.621e-16
2.239e-06 1.213e+42 3.795e+30 3.041e-26 6.420e-17 8.068e-16
2.512e-06 1.020e+42 4.018e+30 3.220e-26 6.796e-17 8.540e-16
2.818e-06 8.563e+41 4.245e+30 3.402e-26 7.181e-17 9.024e-16
3.162e-06 7.202e+41 4.495e+30 3.602e-26 7.603e-17 9.555e-16
3.548e-06 6.058e+41 4.760e+30 3.815e-26 8.052e-17 1.012e-15
3.981e-06 5.095e+41 5.040e+30 4.039e-26 8.526e-17 1.071e-15
4.467e-06 4.278e+41 5.328e+30 4.270e-26 9.012e-17 1.133e-15
5.012e-06 3.599e+41 5.642e+30 4.522e-26 9.544e-17 1.199e-15
5.623e-06 3.028e+41 5.976e+30 4.789e-26 1.011e-16 1.270e-15
6.310e-06 2.548e+41 6.332e+30 5.074e-26 1.071e-16 1.346e-15
7.079e-06 2.142e+41 6.701e+30 5.370e-26 1.133e-16 1.424e-15
7.943e-06 1.804e+41 7.106e+30 5.695e-26 1.202e-16 1.511e-15
8.913e-06 1.521e+41 7.542e+30 6.044e-26 1.276e-16 1.603e-15
1.000e-05 1.284e+41 8.014e+30 6.422e-26 1.356e-16 1.704e-15
1.122e-05 1.084e+41 8.516e+30 6.825e-26 1.441e-16 1.810e-15
1.259e-05 9.179e+40 9.080e+30 7.276e-26 1.536e-16 1.930e-15
1.413e-05 7.795e+40 9.707e+30 7.779e-26 1.642e-16 2.063e-15
1.585e-05 6.639e+40 1.041e+31 8.341e-26 1.761e-16 2.213e-15
1.778e-05 5.677e+40 1.120e+31 8.978e-26 1.895e-16 2.382e-15
1.995e-05 4.876e+40 1.211e+31 9.708e-26 2.049e-16 2.575e-15
2.239e-05 4.210e+40 1.317e+31 1.055e-25 2.228e-16 2.799e-15
2.512e-05 3.654e+40 1.439e+31 1.153e-25 2.434e-16 3.058e-15
2.818e-05 3.195e+40 1.584e+31 1.269e-25 2.680e-16 3.367e-15
3.162e-05 2.814e+40 1.757e+31 1.408e-25 2.971e-16 3.734e-15
3.548e-05 2.497e+40 1.962e+31 1.572e-25 3.319e-16 4.171e-15
3.981e-05 2.232e+40 2.208e+31 1.770e-25 3.735e-16 4.694e-15
4.467e-05 2.010e+40 2.503e+31 2.006e-25 4.234e-16 5.321e-15
5.012e-05 1.822e+40 2.856e+31 2.289e-25 4.831e-16 6.071e-15
5.623e-05 1.660e+40 3.277e+31 2.626e-25 5.544e-16 6.966e-15
6.310e-05 1.521e+40 3.779e+31 3.028e-25 6.392e-16 8.033e-15
7.079e-05 1.396e+40 4.368e+31 3.500e-25 7.388e-16 9.284e-15
7.943e-05 1.282e+40 5.050e+31 4.046e-25 8.541e-16 1.073e-14
8.913e-05 1.178e+40 5.841e+31 4.681e-25 9.881e-16 1.242e-14
1.000e-04 1.082e+40 6.752e+31 5.411e-25 1.142e-15 1.435e-14
1.122e-04 9.911e+39 7.788e+31 6.241e-25 1.317e-15 1.655e-14
1.259e-04 9.053e+39 8.956e+31 7.177e-25 1.515e-15 1.904e-14
1.413e-04 8.234e+39 1.025e+32 8.218e-25 1.735e-15 2.180e-14
1.585e-04 7.450e+39 1.168e+32 9.359e-25 1.976e-15 2.483e-14
1.778e-04 6.698e+39 1.322e+32 1.059e-24 2.236e-15 2.810e-14
1.995e-04 5.980e+39 1.486e+32 1.191e-24 2.513e-15 3.158e-14
2.239e-04 5.299e+39 1.657e+32 1.328e-24 2.804e-15 3.523e-14
2.512e-04 4.657e+39 1.834e+32 1.470e-24 3.102e-15 3.898e-14
2.818e-04 4.059e+39 2.012e+32 1.613e-24 3.404e-15 4.278e-14
3.162e-04 3.510e+39 2.190e+32 1.755e-24 3.705e-15 4.656e-14
3.548e-04 3.011e+39 2.366e+32 1.896e-24 4.002e-15 5.030e-14
3.981e-04 2.565e+39 2.538e+32 2.034e-24 4.293e-15 5.394e-14
4.467e-04 2.171e+39 2.704e+32 2.166e-24 4.573e-15 5.747e-14
5.012e-04 1.827e+39 2.865e+32 2.296e-24 4.846e-15 6.089e-14
5.623e-04 1.530e+39 3.021e+32 2.421e-24 5.109e-15 6.421e-14
6.310e-04 1.275e+39 3.169e+32 2.539e-24 5.360e-15 6.736e-14
7.079e-04 1.058e+39 3.310e+32 2.652e-24 5.599e-15 7.036e-14
7.943e-04 8.736e+38 3.440e+32 2.757e-24 5.820e-15 7.313e-14
8.913e-04 7.179e+38 3.559e+32 2.852e-24 6.021e-15 7.566e-14
1.000e-03 5.874e+38 3.666e+32 2.938e-24 6.202e-15 7.793e-14
1.122e-03 4.787e+38 3.761e+32 3.014e-24 6.362e-15 7.995e-14
1.259e-03 3.886e+38 3.844e+32 3.080e-24 6.502e-15 8.171e-14
1.413e-03 3.144e+38 3.915e+32 3.137e-24 6.622e-15 8.322e-14
1.585e-03 2.536e+38 3.975e+32 3.186e-24 6.725e-15 8.450e-14
1.778e-03 2.041e+38 4.028e+32 3.228e-24 6.814e-15 8.562e-14
1.995e-03 1.640e+38 4.076e+32 3.266e-24 6.895e-15 8.664e-14
2.239e-03 1.318e+38 4.123e+32 3.304e-24 6.974e-15 8.764e-14
2.512e-03 1.060e+38 4.173e+32 3.344e-24 7.058e-15 8.869e-14
2.818e-03 8.527e+37 4.227e+32 3.388e-24 7.151e-15 8.986e-14
3.162e-03 6.870e+37 4.288e+32 3.436e-24 7.254e-15 9.115e-14
3.548e-03 5.541e+37 4.354e+32 3.489e-24 7.364e-15 9.255e-14
3.981e-03 4.469e+37 4.421e+32 3.543e-24 7.478e-15 9.398e-14
4.467e-03 3.606e+37 4.491e+32 3.599e-24 7.596e-15 9.545e-14
5.012e-03 2.911e+37 4.563e+32 3.657e-24 7.719e-15 9.700e-14
5.623e-03 2.351e+37 4.640e+32 3.718e-24 7.848e-15 9.862e-14
6.310e-03 1.900e+37 4.720e+32 3.782e-24 7.984e-15 1.003e-13
7.079e-03 1.536e+37 4.804e+32 3.850e-24 8.127e-15 1.021e-13
7.943e-03 1.242e+37 4.893e+32 3.921e-24 8.277e-15 1.040e-13
8.913e-03 1.006e+37 4.985e+32 3.995e-24 8.432e-15 1.060e-13
1.000e-02 8.140e+36 5.080e+32 4.071e-24 8.594e-15 1.080e-13
1.122e-02 6.590e+36 5.178e+32 4.150e-24 8.759e-15 1.101e-13
1.259e-02 5.336e+36 5.278e+32 4.230e-24 8.928e-15 1.122e-13
1.413e-02 4.321e+36 5.381e+32 4.312e-24 9.101e-15 1.144e-13
1.585e-02 3.499e+36 5.485e+32 4.396e-24 9.279e-15 1.166e-13
1.778e-02 2.834e+36 5.594e+32 4.482e-24 9.462e-15 1.189e-13
1.995e-02 2.296e+36 5.706e+32 4.573e-24 9.652e-15 1.213e-13
2.239e-02 1.862e+36 5.824e+32 4.667e-24 9.851e-15 1.238e-13
2.512e-02 1.510e+36 5.948e+32 4.766e-24 1.006e-14 1.264e-13
2.818e-02 1.226e+36 6.079e+32 4.871e-24 1.028e-14 1.292e-13
3.162e-02 9.962e+35 6.218e+32 4.983e-24 1.052e-14 1.322e-13
3.548e-02 8.101e+35 6.366e+32 5.101e-24 1.077e-14 1.353e-13
3.981e-02 6.594e+35 6.523e+32 5.227e-24 1.103e-14 1.387e-13
4.467e-02 5.372e+35 6.690e+32 5.361e-24 1.132e-14 1.422e-13
5.012e-02 4.381e+35 6.868e+32 5.504e-24 1.162e-14 1.460e-13
5.623e-02 3.574e+35 7.055e+32 5.653e-24 1.193e-14 1.500e-13
6.310e-02 2.918e+35 7.251e+32 5.810e-24 1.226e-14 1.541e-13
7.079e-02 2.383e+35 7.455e+32 5.974e-24 1.261e-14 1.585e-13
7.943e-02 1.946e+35 7.665e+32 6.143e-24 1.297e-14 1.629e-13
8.913e-02 1.590e+35 7.882e+32 6.316e-24 1.333e-14 1.675e-13
1.000e-01 1.298e+35 8.103e+32 6.494e-24 1.371e-14 1.722e-13
1.122e-01 1.060e+35 8.329e+32 6.675e-24 1.409e-14 1.770e-13
1.259e-01 8.653e+34 8.560e+32 6.859e-24 1.448e-14 1.819e-13
1.413e-01 7.061e+34 8.794e+32 7.047e-24 1.487e-14 1.869e-13
1.585e-01 5.760e+34 9.031e+32 7.237e-24 1.528e-14 1.920e-13
1.778e-01 4.697e+34 9.270e+32 7.429e-24 1.568e-14 1.971e-13
1.995e-01 3.828e+34 9.512e+32 7.622e-24 1.609e-14 2.022e-13
2.239e-01 3.118e+34 9.754e+32 7.817e-24 1.650e-14 2.073e-13
2.512e-01 2.538e+34 9.996e+32 8.011e-24 1.691e-14 2.125e-13
2.818e-01 2.065e+34 1.024e+33 8.204e-24 1.732e-14 2.176e-13
3.162e-01 1.679e+34 1.048e+33 8.395e-24 1.772e-14 2.227e-13
3.548e-01 1.363e+34 1.071e+33 8.584e-24 1.812e-14 2.277e-13
3.981e-01 1.106e+34 1.094e+33 8.769e-24 1.851e-14 2.326e-13
4.467e-01 8.967e+33 1.117e+33 8.949e-24 1.889e-14 2.374e-13
5.012e-01 7.261e+33 1.138e+33 9.123e-24 1.926e-14 2.420e-13
5.623e-01 5.873e+33 1.159e+33 9.289e-24 1.961e-14 2.464e-13
6.310e-01 4.744e+33 1.179e+33 9.447e-24 1.994e-14 2.506e-13
7.079e-01 3.827e+33 1.197e+33 9.594e-24 2.025e-14 2.545e-13
7.943e-01 3.083e+33 1.214e+33 9.730e-24 2.054e-14 2.581e-13
8.913e-01 2.480e+33 1.230e+33 9.853e-24 2.080e-14 2.613e-13
1.000e+00 1.992e+33 1.243e+33 9.961e-24 2.103e-14 2.642e-13
1.122e+00 1.597e+33 1.255e+33 1.005e-23 2.122e-14 2.667e-13
1.259e+00 1.278e+33 1.264e+33 1.013e-23 2.138e-14 2.686e-13
1.413e+00 1.020e+33 1.271e+33 1.018e-23 2.150e-14 2.701e-13
1.585e+00 8.134e+32 1.275e+33 1.022e-23 2.157e-14 2.711e-13
1.778e+00 6.470e+32 1.277e+33 1.023e-23 2.160e-14 2.714e-13
1.995e+00 5.135e+32 1.276e+33 1.022e-23 2.158e-14 2.712e-13
2.239e+00 4.066e+32 1.272e+33 1.019e-23 2.151e-14 2.703e-13
2.512e+00 3.211e+32 1.265e+33 1.013e-23 2.139e-14 2.688e-13
2.818e+00 2.530e+32 1.254e+33 1.005e-23 2.122e-14 2.666e-13
3.162e+00 1.988e+32 1.241e+33 9.943e-24 2.099e-14 2.637e-13
3.548e+00 1.558e+32 1.224e+33 9.807e-24 2.070e-14 2.601e-13
3.981e+00 1.217e+32 1.204e+33 9.646e-24 2.036e-14 2.559e-13
4.467e+00 9.478e+31 1.180e+33 9.459e-24 1.997e-14 2.509e-13
5.012e+00 7.359e+31 1.154e+33 9.245e-24 1.952e-14 2.452e-13
5.623e+00 5.695e+31 1.124e+33 9.007e-24 1.901e-14 2.389e-13
6.310e+00 4.392e+31 1.091e+33 8.746e-24 1.846e-14 2.320e-13
7.079e+00 3.375e+31 1.056e+33 8.461e-24 1.786e-14 2.244e-13
7.943e+00 2.585e+31 1.018e+33 8.156e-24 1.722e-14 2.163e-13
8.913e+00 1.971e+31 9.774e+32 7.832e-24 1.653e-14 2.078e-13
1.000e+01 1.498e+31 9.349e+32 7.492e-24 1.581e-14 1.987e-13
1.122e+01 1.133e+31 8.906e+32 7.137e-24 1.506e-14 1.893e-13
1.259e+01 8.541e+30 8.449e+32 6.770e-24 1.429e-14 1.796e-13
1.413e+01 6.408e+30 7.980e+32 6.395e-24 1.350e-14 1.696e-13
1.585e+01 4.786e+30 7.503e+32 6.013e-24 1.269e-14 1.595e-13
1.778e+01 3.558e+30 7.022e+32 5.627e-24 1.188e-14 1.493e-13
1.995e+01 2.632e+30 6.540e+32 5.241e-24 1.106e-14 1.390e-13
2.239e+01 1.938e+30 6.061e+32 4.857e-24 1.025e-14 1.288e-13
2.512e+01 1.419e+30 5.588e+32 4.478e-24 9.453e-15 1.188e-13
2.818e+01 1.034e+30 5.125e+32 4.107e-24 8.668e-15 1.089e-13
3.162e+01 7.487e+29 4.673e+32 3.745e-24 7.904e-15 9.933e-14
3.548e+01 5.391e+29 4.236e+32 3.395e-24 7.165e-15 9.004e-14
3.981e+01 3.858e+29 3.816e+32 3.058e-24 6.456e-15 8.112e-14
4.467e+01 2.743e+29 3.416e+32 2.737e-24 5.778e-15 7.261e-14
5.012e+01 1.937e+29 3.037e+32 2.433e-24 5.137e-15 6.455e-14
5.623e+01 1.358e+29 2.680e+32 2.148e-24 4.533e-15 5.697e-14
6.310e+01 9.445e+28 2.347e+32 1.881e-24 3.970e-15 4.989e-14
7.079e+01 6.518e+28 2.039e+32 1.634e-24 3.449e-15 4.334e-14
7.943e+01 4.460e+28 1.756e+32 1.407e-24 2.971e-15 3.733e-14
8.913e+01 3.026e+28 1.500e+32 1.202e-24 2.537e-15 3.188e-14
1.000e+02 2.035e+28 1.270e+32 1.018e-24 2.148e-15 2.699e-14
1.122e+02 1.357e+28 1.066e+32 8.542e-25 1.803e-15 2.266e-14
1.259e+02 8.969e+27 8.872e+31 7.110e-25 1.501e-15 1.886e-14
1.413e+02 5.880e+27 7.323e+31 5.868e-25 1.239e-15 1.557e-14
1.585e+02 3.822e+27 5.992e+31 4.802e-25 1.014e-15 1.274e-14
1.778e+02 2.461e+27 4.857e+31 3.892e-25 8.215e-16 1.032e-14
1.995e+02 1.567e+27 3.893e+31 3.119e-25 6.585e-16 8.274e-15
2.239e+02 9.846e+26 3.080e+31 2.468e-25 5.210e-16 6.547e-15
2.512e+02 6.098e+26 2.401e+31 1.924e-25 4.062e-16 5.104e-15
2.818e+02 3.717e+26 1.843e+31 1.477e-25 3.117e-16 3.918e-15
3.162e+02 2.229e+26 1.391e+31 1.115e-25 2.353e-16 2.957e-15
3.548e+02 1.312e+26 1.031e+31 8.261e-26 1.744e-16 2.191e-15
3.981e+02 7.569e+25 7.487e+30 6.000e-26 1.267e-16 1.592e-15
4.467e+02 4.301e+25 5.356e+30 4.292e-26 9.060e-17 1.139e-15
5.012e+02 2.514e+25 3.941e+30 3.159e-26 6.667e-17 8.378e-16
5.623e+02 1.556e+25 3.071e+30 2.461e-26 5.194e-17 6.527e-16
6.310e+02 9.470e+24 2.353e+30 1.886e-26 3.980e-17 5.002e-16
7.079e+02 5.663e+24 1.772e+30 1.420e-26 2.997e-17 3.766e-16
7.943e+02 3.322e+24 1.308e+30 1.048e-26 2.213e-17 2.781e-16
8.913e+02 1.909e+24 9.466e+29 7.586e-27 1.601e-17 2.012e-16
1.000e+03 1.073e+24 6.699e+29 5.368e-27 1.133e-17 1.424e-16
1.122e+03 5.890e+23 4.628e+29 3.709e-27 7.828e-18 9.837e-17
1.259e+03 3.149e+23 3.116e+29 2.497e-27 5.270e-18 6.622e-17
1.413e+03 1.638e+23 2.039e+29 1.634e-27 3.450e-18 4.335e-17
1.585e+03 8.260e+22 1.295e+29 1.038e-27 2.190e-18 2.753e-17
1.778e+03 4.031e+22 7.955e+28 6.375e-28 1.346e-18 1.691e-17
1.995e+03 1.897e+22 4.714e+28 3.778e-28 7.974e-19 1.002e-17
2.239e+03 8.585e+21 2.685e+28 2.152e-28 4.543e-19 5.708e-18
2.512e+03 3.720e+21 1.465e+28 1.174e-28 2.478e-19 3.114e-18
2.818e+03 1.536e+21 7.617e+27 6.104e-29 1.288e-19 1.619e-18
3.162e+03 6.014e+20 3.753e+27 3.008e-29 6.349e-20 7.978e-19
3.548e+03 2.214e+20 1.740e+27 1.394e-29 2.943e-20 3.698e-19
3.981e+03 7.590e+19 7.508e+26 6.017e-30 1.270e-20 1.596e-19
4.467e+03 2.386e+19 2.972e+26 2.381e-30 5.026e-21 6.316e-20
5.012e+03 6.717e+18 1.053e+26 8.439e-31 1.781e-21 2.239e-20
5.623e+03 1.626e+18 3.210e+25 2.572e-31 5.429e-22 6.823e-21
6.310e+03 3.145e+17 7.814e+24 6.262e-32 1.322e-22 1.661e-21
7.079e+03 4.176e+16 1.306e+24 1.047e-32 2.210e-23 2.777e-22
7.943e+03 2.583e+15 1.017e+23 8.151e-34 1.721e-24 2.162e-23
8.913e+03 8.312e+12 4.121e+20 3.303e-36 6.971e-27 8.760e-26
1.000e+04 0.000e+00 0.000e+00 0.000e+00 0.000e+00 0.000e+00
1.122e+04 0.000e+00 0.000e+00 0.000e+00 0.000e+00 0.000e+00
1.259e+04 0.000e+00 0.000e+00 0.000e+00 0.000e+00 0.000e+00
1.413e+04 0.000e+00 0.000e+00 0.000e+00 0.000e+00 0.000e+00
1.585e+04 0.000e+00 0.000e+00 0.000e+00 0.000e+00 0.000e+00
1.778e+04 0.000e+00 0.000e+00 0.000e+00 0.000e+00 0.000e+00
1.995e+04 0.000e+00 0.000e+00 0.000e+00 0.000e+00 0.000e+00
2.239e+04 0.000e+00 0.000e+00 0.000e+00 0.000e+00 0.000e+00
2.512e+04 0.000e+00 0.000e+00 0.000e+00 0.000e+00 0.000e+00
2.818e+04 0.000e+00 0.000e+00 0.000e+00 0.000e+00 0.000e+00
3.162e+04 0.000e+00 0.000e+00 0.000e+00 0.000e+00 0.000e+00
3.548e+04 0.000e+00 0.000e+00 0.000e+00 0.000e+00 0.000e+00
3.981e+04 0.000e+00 0.000e+00 0.000e+00 0.000e+00 0.000e+00
4.467e+04 0.000e+00 0.000e+00 0.000e+00 0.000e+00 0.000e+00
5.012e+04 0.000e+00 0.000e+00 0.000e+00 0.000e+00 0.000e+00
5.623e+04 0.000e+00 0.000e+00 0.000e+00 0.000e+00 0.000e+00
6.310e+04 0.000e+00 0.000e+00 0.000e+00 0.000e+00 0.000e+00
7.079e+04 0.000e+00 0.000e+00 0.000e+00 0.000e+00 0.000e+00
7.943e+04 0.000e+00 0.000e+00 0.000e+00 0.000e+00 0.000e+00
8.913e+04 0.000e+00 0.000e+00 0.000e+00 0.000e+00 0.000e+00
1.000e+05 0.000e+00 0.000e+00 0.000e+00 0.000e+00 0.000e+00
1.122e+05 0.000e+00 0.000e+00 0.000e+00 0.000e+00 0.000e+00
1.259e+05 0.000e+00 0.000e+00 0.000e+00 0.000e+00 0.000e+00
1.413e+05 0.000e+00 0.000e+00 0.000e+00 0.000e+00 0.000e+00
1.585e+05 0.000e+00 0.000e+00 0.000e+00 0.000e+00 0.000e+00
1.778e+05 0.000e+00 0.000e+00 0.000e+00 0.000e+00 0.000e+00
1.995e+05 0.000e+00 0.000e+00 0.000e+00 0.000e+00 0.000e+00
2.239e+05 0.000e+00 0.000e+00 0.000e+00 0.000e+00 0.000e+00
2.512e+05 0.000e+00 0.000e+00 0.000e+00 0.000e+00 0.000e+00
2.818e+05 0.000e+00 0.000e+00 0.000e+00 0.000e+00 0.000e+00
3.162e+05 0.000e+00 0.000e+00 0.000e+00 0.000e+00 0.000e+00
3.548e+05 0.000e+00 0.000e+00 0.000e+00 0.000e+00 0.000e+00
3.981e+05 0.000e+00 0.000e+00 0.000e+00 0.000e+00 0.000e+00
4.467e+05 0.000e+00 0.000e+00 0.000e+00 0.000e+00 0.000e+00
5.012e+05 0.000e+00 0.000e+00 0.000e+00 0.000e+00 0.000e+00
5.623e+05 0.000e+00 0.000e+00 0.000e+00 0.000e+00 0.000e+00
6.310e+05 0.000e+00 0.000e+00 0.000e+00 0.000e+00 0.000e+00
7.079e+05 0.000e+00 0.000e+00 0.000e+00 0.000e+00 0.000e+00
7.943e+05 0.000e+00 0.000e+00 0.000e+00 0.000e+00 0.000e+00
8.913e+05 0.000e+00 0.000e+00 0.000e+00 0.000e+00 0.000e+00
1.000e+06 0.000e+00 0.000e+00 0.000e+00 0.000e+00 0.000e+00
1.122e+06 0.000e+00 0.000e+00 0.000e+00 0.000e+00 0.000e+00
1.259e+06 0.000e+00 0.000e+00 0.000e+00 0.000e+00 0.000e+00
1.413e+06 0.000e+00 0.000e+00 0.000e+00 0.000e+00 0.000e+00
1.585e+06 0.000e+00 0.000e+00 0.000e+00 0.000e+00 0.000e+00
1.778e+06 0.000e+00 0.000e+00 0.000e+00 0.000e+00 0.000e+00
1.995e+06 0.000e+00 0.000e+00 0.000e+00 0.000e+00 0.000e+00
2.239e+06 0.000e+00 0.000e+00 0.000e+00 0.000e+00 0.000e+00
2.512e+06 0.000e+00 0.000e+00 0.000e+00 0.000e+00 0.000e+00
2.818e+06 0.000e+00 0.000e+00 0.000e+00 0.000e+00 0.000e+00
3.162e+06 0.000e+00 0.000e+00 0.000e+00 0.000e+00 0.000e+00
3.548e+06 0.000e+00 0.000e+00 0.000e+00 0.000e+00 0.000e+00
3.981e+06 0.000e+00 0.000e+00 0.000e+00 0.000e+00 0.000e+00
4.467e+06 0.000e+00 0.000e+00 0.000e+00 0.000e+00 0.000e+00
5.012e+06 0.000e+00 0.000e+00 0.000e+00 0.000e+00 0.000e+00
5.623e+06 0.000e+00 0.000e+00 0.000e+00 0.000e+00 0.000e+00
6.310e+06 0.000e+00 0.000e+00 0.000e+00 0.000e+00 0.000e+00
7.079e+06 0.000e+00 0.000e+00 0.000e+00 0.000e+00 0.000e+00
7.943e+06 0.000e+00 0.000e+00 0.000e+00 0.000e+00 0.000e+00
8.913e+06 0.000e+00 0.000e+00 0.000e+00 0.000e+00 0.000e+00
1.000e+07 0.000e+00 0.000e+00 0.000e+00 0.000e+00 0.000e+00
1.122e+07 0.000e+00 0.000e+00 0.000e+00 0.000e+00 0.000e+00
1.259e+07 0.000e+00 0.000e+00 0.000e+00 0.000e+00 0.000e+00
1.413e+07 0.000e+00 0.000e+00 0.000e+00 0.000e+00 0.000e+00
1.585e+07 0.000e+00 0.000e+00 0.000e+00 0.000e+00 0.000e+00
1.778e+07 0.000e+00 0.000e+00 0.000e+00 0.000e+00 0.000e+00
1.995e+07 0.000e+00 0.000e+00 0.000e+00 0.000e+00 0.000e+00
2.239e+07 0.000e+00 0.000e+00 0.000e+00 0.000e+00 0.000e+00
2.512e+07 0.000e+00 0.000e+00 0.000e+00 0.000e+00 0.000e+00
2.818e+07 0.000e+00 0.000e+00 0.000e+00 0.000e+00 0.000e+00
3.162e+07 0.000e+00 0.000e+00 0.000e+00 0.000e+00 0.000e+00
3.548e+07 0.000e+00 0.000e+00 0.000e+00 0.000e+00 0.000e+00
3.981e+07 0.000e+00 0.000e+00 0.000e+00 0.000e+00 0.000e+00
4.467e+07 0.000e+00 0.000e+00 0.000e+00 0.000e+00 0.000e+00
5.012e+07 0.000e+00 0.000e+00 0.000e+00 0.000e+00 0.000e+00
5.623e+07 0.000e+00 0.000e+00 0.000e+00 0.000e+00 0.000e+00
6.310e+07 0.000e+00 0.000e+00 0.000e+00 0.000e+00 0.000e+00
7.079e+07 0.000e+00 0.000e+00 0.000e+00 0.000e+00 0.000e+00
7.943e+07 0.000e+00 0.000e+00 0.000e+00 0.000e+00 0.000e+00
8.913e+07 0.000e+00 0.000e+00 0.000e+00 0.000e+00 0.000e+00
1.000e+08 0.000e+00 0.000e+00 0.000e+00 0.000e+00 0.000e+00
