1.000e-20 0.000e+00 0.000e+00 0.000e+00 0.000e+00 0.000e+00
1.122e-20 0.000e+00 0.000e+00 0.000e+00 0.000e+00 0.000e+00
1.259e-20 0.000e+00 0.000e+00 0.000e+00 0.000e+00 0.000e+00
1.413e-20 0.000e+00 0.000e+00 0.000e+00 0.000e+00 0.000e+00
1.585e-20 0.000e+00 0.000e+00 0.000e+00 0.000e+00 0.000e+00
1.778e-20 0.000e+00 0.000e+00 0.000e+00 0.000e+00 0.000e+00
1.995e-20 0.000e+00 0.000e+00 0.000e+00 0.000e+00 0.000e+00
2.239e-20 0.000e+00 0.000e+00 0.000e+00 0.000e+00 0.000e+00
2.512e-20 0.000e+00 0.000e+00 0.000e+00 0.000e+00 0.000e+00
2.818e-20 0.000e+00 0.000e+00 0.000e+00 0.000e+00 0.000e+00
3.162e-20 0.000e+00 0.000e+00 0.000e+00 0.000e+00 0.000e+00
3.548e-20 0.000e+00 0.000e+00 0.000e+00 0.000e+00 0.000e+00
3.981e-20 0.000e+00 0.000e+00 0.000e+00 0.000e+00 0.000e+00
4.467e-20 0.000e+00 0.000e+00 0.000e+00 0.000e+00 0.000e+00
5.012e-20 0.000e+00 0.000e+00 0.000e+00 0.000e+00 0.000e+00
5.623e-20 0.000e+00 0.000e+00 0.000e+00 0.000e+00 0.000e+00
6.310e-20 0.000e+00 0.000e+00 0.000e+00 0.000e+00 0.000e+00
7.079e-20 0.000e+00 0.000e+00 0.000e+00 0.000e+00 0.000e+00
7.943e-20 0.000e+00 0.000e+00 0.000e+00 0.000e+00 0.000e+00
8.913e-20 0.000e+00 0.000e+00 0.000e+00 0.000e+00 0.000e+00
1.000e-19 0.000e+00 0.000e+00 0.000e+00 0.000e+00 0.000e+00
1.122e-19 0.000e+00 0.000e+00 0.000e+00 0.000e+00 0.000e+00
1.259e-19 0.000e+00 0.000e+00 0.000e+00 0.000e+00 0.000e+00
1.413e-19 0.000e+00 0.000e+00 0.000e+00 0.000e+00 0.000e+00
1.585e-19 0.000e+00 0.000e+00 0.000e+00 0.000e+00 0.000e+00
1.778e-19 0.000e+00 0.000e+00 0.000e+00 0.000e+00 0.000e+00
1.995e-19 0.000e+00 0.000e+00 0.000e+00 0.000e+00 0.000e+00
2.239e-19 0.000e+00 0.000e+00 0.000e+00 0.000e+00 0.000e+00
2.512e-19 0.000e+00 0.000e+00 0.000e+00 0.000e+00 0.000e+00
2.818e-19 0.000e+00 0.000e+00 0.000e+00 0.000e+00 0.000e+00
3.162e-19 0.000e+00 0.000e+00 0.000e+00 0.000e+00 0.000e+00
3.548e-19 0.000e+00 0.000e+00 0.000e+00 0.000e+00 0.000e+00
3.981e-19 0.000e+00 0.000e+00 0.000e+00 0.000e+00 0.000e+00
4.467e-19 0.000e+00 0.000e+00 0.000e+00 0.000e+00 0.000e+00
5.012e-19 0.000e+00 0.000e+00 0.000e+00 0.000e+00 0.000e+00
5.623e-19 0.000e+00 0.000e+00 0.000e+00 0.000e+00 0.000e+00
6.310e-19 0.000e+00 0.000e+00 0.000e+00 0.000e+00 0.000e+00
7.079e-19 0.000e+00 0.000e+00 0.000e+00 0.000e+00 0.000e+00
7.943e-19 0.000e+00 0.000e+00 0.000e+00 0.000e+00 0.000e+00
8.913e-19 0.000e+00 0.000e+00 0.000e+00 0.000e+00 0.000e+00
1.000e-18 0.000e+00 0.000e+00 0.000e+00 0.000e+00 0.000e+00
1.122e-18 0.000e+00 0.000e+00 0.000e+00 0.000e+00 0.000e+00
1.259e-18 0.000e+00 0.000e+00 0.000e+00 0.000e+00 0.000e+00
1.413e-18 0.000e+00 0.000e+00 0.000e+00 0.000e+00 0.000e+00
1.585e-18 0.000e+00 0.000e+00 0.000e+00 0.000e+00 0.000e+00
1.778e-18 0.000e+00 0.000e+00 0.000e+00 0.000e+00 0.000e+00
1.995e-18 0.000e+00 0.000e+00 0.000e+00 0.000e+00 0.000e+00
2.239e-18 0.000e+00 0.000e+00 0.000e+00 0.000e+00 0.000e+00
2.512e-18 0.000e+00 0.000e+00 0.000e+00 0.000e+00 0.000e+00
2.818e-18 0.000e+00 0.000e+00 0.000e+00 0.000e+00 0.000e+00
3.162e-18 0.000e+00 0.000e+00 0.000e+00 0.000e+00 0.000e+00
3.548e-18 0.000e+00 0.000e+00 0.000e+00 0.000e+00 0.000e+00
3.981e-18 0.000e+00 0.000e+00 0.000e+00 0.000e+00 0.000e+00
4.467e-18 0.000e+00 0.000e+00 0.000e+00 0.000e+00 0.000e+00
5.012e-18 0.000e+00 0.000e+00 0.000e+00 0.000e+00 0.000e+00
5.623e-18 0.000e+00 0.000e+00 0.000e+00 0.000e+00 0.000e+00
6.310e-18 0.000e+00 0.000e+00 0.000e+00 0.000e+00 0.000e+00
7.079e-18 0.000e+00 0.000e+00 0.000e+00 0.000e+00 0.000e+00
7.943e-18 0.000e+00 0.000e+00 0.000e+00 0.000e+00 0.000e+00
8.913e-18 0.000e+00 0.000e+00 0.000e+00 0.000e+00 0.000e+00
1.000e-17 0.000e+00 0.000e+00 0.000e+00 0.000e+00 0.000e+00
1.122e-17 0.000e+00 0.000e+00 0.000e+00 0.000e+00 0.000e+00
1.259e-17 0.000e+00 0.000e+00 0.000e+00 0.000e+00 0.000e+00
1.413e-17 0.000e+00 0.000e+00 0.000e+00 0.000e+00 0.000e+00
1.585e-17 0.000e+00 0.000e+00 0.000e+00 0.000e+00 0.000e+00
1.778e-17 0.000e+00 0.000e+00 0.000e+00 0.000e+00 0.000e+00
1.995e-17 0.000e+00 0.000e+00 0.000e+00 0.000e+00 0.000e+00
2.239e-17 0.000e+00 0.000e+00 0.000e+00 0.000e+00 0.000e+00
2.512e-17 0.000e+00 0.000e+00 0.000e+00 0.000e+00 0.000e+00
2.818e-17 0.000e+00 0.000e+00 0.000e+00 0.000e+00 0.000e+00
3.162e-17 0.000e+00 0.000e+00 0.000e+00 0.000e+00 0.000e+00
3.548e-17 0.000e+00 0.000e+00 0.000e+00 0.000e+00 0.000e+00
3.981e-17 0.000e+00 0.000e+00 0.000e+00 0.000e+00 0.000e+00
4.467e-17 0.000e+00 0.000e+00 0.000e+00 0.000e+00 0.000e+00
5.012e-17 0.000e+00 0.000e+00 0.000e+00 0.000e+00 0.000e+00
5.623e-17 0.000e+00 0.000e+00 0.000e+00 0.000e+00 0.000e+00
6.310e-17 0.000e+00 0.000e+00 0.000e+00 0.000e+00 0.000e+00
7.079e-17 0.000e+00 0.000e+00 0.000e+00 0.000e+00 0.000e+00
7.943e-17 0.000e+00 0.000e+00 0.000e+00 0.000e+00 0.000e+00
8.913e-17 0.000e+00 0.000e+00 0.000e+00 0.000e+00 0.000e+00
1.000e-16 0.000e+00 0.000e+00 0.000e+00 0.000e+00 0.000e+00
1.122e-16 0.000e+00 0.000e+00 0.000e+00 0.000e+00 0.000e+00
1.259e-16 0.000e+00 0.000e+00 0.000e+00 0.000e+00 0.000e+00
1.413e-16 0.000e+00 0.000e+00 0.000e+00 0.000e+00 0.000e+00
1.585e-16 0.000e+00 0.000e+00 0.000e+00 0.000e+00 0.000e+00
1.778e-16 0.000e+00 0.000e+00 0.000e+00 0.000e+00 0.000e+00
1.995e-16 0.000e+00 0.000e+00 0.000e+00 0.000e+00 0.000e+00
2.239e-16 0.000e+00 0.000e+00 0.000e+00 0.000e+00 0.000e+00
2.512e-16 0.000e+00 0.000e+00 0.000e+00 0.000e+00 0.000e+00
2.818e-16 0.000e+00 0.000e+00 0.000e+00 0.000e+00 0.000e+00
3.162e-16 0.000e+00 0.000e+00 0.000e+00 0.000e+00 0.000e+00
3.548e-16 0.000e+00 0.000e+00 0.000e+00 0.000e+00 0.000e+00
3.981e-16 0.000e+00 0.000e+00 0.000e+00 0.000e+00 0.000e+00
4.467e-16 0.000e+00 0.000e+00 0.000e+00 0.000e+00 0.000e+00
5.012e-16 0.000e+00 0.000e+00 0.000e+00 0.000e+00 0.000e+00
5.623e-16 0.000e+00 0.000e+00 0.000e+00 0.000e+00 0.000e+00
6.310e-16 0.000e+00 0.000e+00 0.000e+00 0.000e+00 0.000e+00
7.079e-16 0.000e+00 0.000e+00 0.000e+00 0.000e+00 0.000e+00
7.943e-16 0.000e+00 0.000e+00 0.000e+00 0.000e+00 0.000e+00
8.913e-16 0.000e+00 0.000e+00 0.000e+00 0.000e+00 0.000e+00
1.000e-15 0.000e+00 0.000e+00 0.000e+00 0.000e+00 0.000e+00
1.122e-15 0.000e+00 0.000e+00 0.000e+00 0.000e+00 0.000e+00
1.259e-15 0.000e+00 0.000e+00 0.000e+00 0.000e+00 0.000e+00
1.413e-15 0.000e+00 0.000e+00 0.000e+00 0.000e+00 0.000e+00
1.585e-15 0.000e+00 0.000e+00 0.000e+00 0.000e+00 0.000e+00
1.778e-15 0.000e+00 0.000e+00 0.000e+00 0.000e+00 0.000e+00
1.995e-15 0.000e+00 0.000e+00 0.000e+00 0.000e+00 0.000e+00
2.239e-15 0.000e+00 0.000e+00 0.000e+00 0.000e+00 0.000e+00
2.512e-15 0.000e+00 0.000e+00 0.000e+00 0.000e+00 0.000e+00
2.818e-15 0.000e+00 0.000e+00 0.000e+00 0.000e+00 0.000e+00
3.162e-15 0.000e+00 0.000e+00 0.000e+00 0.000e+00 0.000e+00
3.548e-15 0.000e+00 0.000e+00 0.000e+00 0.000e+00 0.000e+00
3.981e-15 0.000e+00 0.000e+00 0.000e+00 0.000e+00 0.000e+00
4.467e-15 0.000e+00 0.000e+00 0.000e+00 0.000e+00 0.000e+00
5.012e-15 0.000e+00 0.000e+00 0.000e+00 0.000e+00 0.000e+00
5.623e-15 0.000e+00 0.000e+00 0.000e+00 0.000e+00 0.000e+00
6.310e-15 0.000e+00 0.000e+00 0.000e+00 0.000e+00 0.000e+00
7.079e-15 0.000e+00 0.000e+00 0.000e+00 0.000e+00 0.000e+00
7.943e-15 0.000e+00 0.000e+00 0.000e+00 0.000e+00 0.000e+00
8.913e-15 0.000e+00 0.000e+00 0.000e+00 0.000e+00 0.000e+00
1.000e-14 0.000e+00 0.000e+00 0.000e+00 0.000e+00 0.000e+00
1.122e-14 0.000e+00 0.000e+00 0.000e+00 0.000e+00 0.000e+00
1.259e-14 0.000e+00 0.000e+00 0.000e+00 0.000e+00 0.000e+00
1.413e-14 0.000e+00 0.000e+00 0.000e+00 0.000e+00 0.000e+00
1.585e-14 0.000e+00 0.000e+00 0.000e+00 0.000e+00 0.000e+00
1.778e-14 0.000e+00 0.000e+00 0.000e+00 0.000e+00 0.000e+00
1.995e-14 0.000e+00 0.000e+00 0.000e+00 0.000e+00 0.000e+00
2.239e-14 0.000e+00 0.000e+00 0.000e+00 0.000e+00 0.000e+00
2.512e-14 0.000e+00 0.000e+00 0.000e+00 0.000e+00 0.000e+00
2.818e-14 0.000e+00 0.000e+00 0.000e+00 0.000e+00 0.000e+00
3.162e-14 0.000e+00 0.000e+00 0.000e+00 0.000e+00 0.000e+00
3.548e-14 0.000e+00 0.000e+00 0.000e+00 0.000e+00 0.000e+00
3.981e-14 0.000e+00 0.000e+00 0.000e+00 0.000e+00 0.000e+00
4.467e-14 0.000e+00 0.000e+00 0.000e+00 0.000e+00 0.000e+00
5.012e-14 0.000e+00 0.000e+00 0.000e+00 0.000e+00 0.000e+00
5.623e-14 0.000e+00 0.000e+00 0.000e+00 0.000e+00 0.000e+00
6.310e-14 0.000e+00 0.000e+00 0.000e+00 0.000e+00 0.000e+00
7.079e-14 0.000e+00 0.000e+00 0.000e+00 0.000e+00 0.000e+00
7.943e-14 0.000e+00 0.000e+00 0.000e+00 0.000e+00 0.000e+00
8.913e-14 0.000e+00 0.000e+00 0.000e+00 0.000e+00 0.000e+00
1.000e-13 0.000e+00 0.000e+00 0.000e+00 0.000e+00 0.000e+00
1.122e-13 0.000e+00 0.000e+00 0.000e+00 0.000e+00 0.000e+00
1.259e-13 0.000e+00 0.000e+00 0.000e+00 0.000e+00 0.000e+00
1.413e-13 0.000e+00 0.000e+00 0.000e+00 0.000e+00 0.000e+00
1.585e-13 0.000e+00 0.000e+00 0.000e+00 0.000e+00 0.000e+00
1.778e-13 0.000e+00 0.000e+00 0.000e+00 0.000e+00 0.000e+00
1.995e-13 0.000e+00 0.000e+00 0.000e+00 0.000e+00 0.000e+00
2.239e-13 0.000e+00 0.000e+00 0.000e+00 0.000e+00 0.000e+00
2.512e-13 0.000e+00 0.000e+00 0.000e+00 0.000e+00 0.000e+00
2.818e-13 0.000e+00 0.000e+00 0.000e+00 0.000e+00 0.000e+00
3.162e-13 0.000e+00 0.000e+00 0.000e+00 0.000e+00 0.000e+00
3.548e-13 0.000e+00 0.000e+00 0.000e+00 0.000e+00 0.000e+00
3.981e-13 0.000e+00 0.000e+00 0.000e+00 0.000e+00 0.000e+00
4.467e-13 0.000e+00 0.000e+00 0.000e+00 0.000e+00 0.000e+00
5.012e-13 0.000e+00 0.000e+00 0.000e+00 0.000e+00 0.000e+00
5.623e-13 0.000e+00 0.000e+00 0.000e+00 0.000e+00 0.000e+00
6.310e-13 0.000e+00 0.000e+00 0.000e+00 0.000e+00 0.000e+00
7.079e-13 0.000e+00 0.000e+00 0.000e+00 0.000e+00 0.000e+00
7.943e-13 0.000e+00 0.000e+00 0.000e+00 0.000e+00 0.000e+00
8.913e-13 0.000e+00 0.000e+00 0.000e+00 0.000e+00 0.000e+00
1.000e-12 0.000e+00 0.000e+00 0.000e+00 0.000e+00 0.000e+00
1.122e-12 3.001e+50 2.358e+26 1.890e-30 1.994e-19 1.253e-18
1.259e-12 2.525e+50 2.498e+26 2.002e-30 2.113e-19 1.327e-18
1.413e-12 2.125e+50 2.646e+26 2.120e-30 2.238e-19 1.406e-18
1.585e-12 1.788e+50 2.803e+26 2.246e-30 2.370e-19 1.489e-18
1.778e-12 1.504e+50 2.969e+26 2.379e-30 2.511e-19 1.578e-18
1.995e-12 1.266e+50 3.145e+26 2.520e-30 2.660e-19 1.671e-18
2.239e-12 1.065e+50 3.331e+26 2.669e-30 2.817e-19 1.770e-18
2.512e-12 8.960e+49 3.528e+26 2.828e-30 2.984e-19 1.875e-18
2.818e-12 7.539e+49 3.738e+26 2.995e-30 3.161e-19 1.986e-18
3.162e-12 6.343e+49 3.959e+26 3.173e-30 3.348e-19 2.104e-18
3.548e-12 5.337e+49 4.194e+26 3.361e-30 3.547e-19 2.228e-18
3.981e-12 4.490e+49 4.442e+26 3.560e-30 3.757e-19 2.361e-18
4.467e-12 3.778e+49 4.705e+26 3.771e-30 3.980e-19 2.500e-18
5.012e-12 3.179e+49 4.984e+26 3.994e-30 4.215e-19 2.649e-18
5.623e-12 2.675e+49 5.279e+26 4.231e-30 4.465e-19 2.806e-18
6.310e-12 2.251e+49 5.592e+26 4.481e-30 4.730e-19 2.972e-18
7.079e-12 1.894e+49 5.924e+26 4.747e-30 5.010e-19 3.148e-18
7.943e-12 1.593e+49 6.275e+26 5.028e-30 5.307e-19 3.334e-18
8.913e-12 1.341e+49 6.646e+26 5.326e-30 5.621e-19 3.532e-18
1.000e-11 1.128e+49 7.040e+26 5.642e-30 5.954e-19 3.741e-18
1.122e-11 9.491e+48 7.457e+26 5.976e-30 6.307e-19 3.963e-18
1.259e-11 7.985e+48 7.899e+26 6.330e-30 6.681e-19 4.198e-18
1.413e-11 6.719e+48 8.367e+26 6.705e-30 7.077e-19 4.446e-18
1.585e-11 5.653e+48 8.863e+26 7.102e-30 7.496e-19 4.710e-18
1.778e-11 4.757e+48 9.388e+26 7.523e-30 7.940e-19 4.989e-18
1.995e-11 4.002e+48 9.945e+26 7.969e-30 8.411e-19 5.285e-18
2.239e-11 3.367e+48 1.053e+27 8.441e-30 8.909e-19 5.598e-18
2.512e-11 2.833e+48 1.116e+27 8.941e-30 9.437e-19 5.929e-18
2.818e-11 2.384e+48 1.182e+27 9.471e-30 9.996e-19 6.281e-18
3.162e-11 2.006e+48 1.252e+27 1.003e-29 1.059e-18 6.653e-18
3.548e-11 1.688e+48 1.326e+27 1.063e-29 1.122e-18 7.047e-18
3.981e-11 1.420e+48 1.405e+27 1.126e-29 1.188e-18 7.465e-18
4.467e-11 1.195e+48 1.488e+27 1.192e-29 1.258e-18 7.907e-18
5.012e-11 1.005e+48 1.576e+27 1.263e-29 1.333e-18 8.375e-18
5.623e-11 8.458e+47 1.669e+27 1.338e-29 1.412e-18 8.872e-18
6.310e-11 7.117e+47 1.768e+27 1.417e-29 1.496e-18 9.397e-18
7.079e-11 5.988e+47 1.873e+27 1.501e-29 1.584e-18 9.954e-18
7.943e-11 5.038e+47 1.984e+27 1.590e-29 1.678e-18 1.054e-17
8.913e-11 4.239e+47 2.102e+27 1.684e-29 1.778e-18 1.117e-17
1.000e-10 3.567e+47 2.226e+27 1.784e-29 1.883e-18 1.183e-17
1.122e-10 3.001e+47 2.358e+27 1.890e-29 1.994e-18 1.253e-17
1.259e-10 2.525e+47 2.498e+27 2.002e-29 2.113e-18 1.327e-17
1.413e-10 2.125e+47 2.646e+27 2.120e-29 2.238e-18 1.406e-17
1.585e-10 1.788e+47 2.803e+27 2.246e-29 2.370e-18 1.489e-17
1.778e-10 1.504e+47 2.969e+27 2.379e-29 2.511e-18 1.578e-17
1.995e-10 1.266e+47 3.145e+27 2.520e-29 2.660e-18 1.671e-17
2.239e-10 1.065e+47 3.331e+27 2.669e-29 2.817e-18 1.770e-17
2.512e-10 8.960e+46 3.528e+27 2.828e-29 2.984e-18 1.875e-17
2.818e-10 7.539e+46 3.738e+27 2.995e-29 3.161e-18 1.986e-17
3.162e-10 6.343e+46 3.959e+27 3.173e-29 3.348e-18 2.104e-17
3.548e-10 5.337e+46 4.194e+27 3.361e-29 3.547e-18 2.228e-17
3.981e-10 4.490e+46 4.442e+27 3.560e-29 3.757e-18 2.361e-17
4.467e-10 3.778e+46 4.705e+27 3.771e-29 3.980e-18 2.500e-17
5.012e-10 3.179e+46 4.984e+27 3.994e-29 4.215e-18 2.649e-17
5.623e-10 2.675e+46 5.279e+27 4.231e-29 4.465e-18 2.805e-17
6.310e-10 2.251e+46 5.592e+27 4.481e-29 4.730e-18 2.972e-17
7.079e-10 1.894e+46 5.924e+27 4.747e-29 5.010e-18 3.148e-17
7.943e-10 1.593e+46 6.275e+27 5.028e-29 5.307e-18 3.334e-17
8.913e-10 1.341e+46 6.646e+27 5.326e-29 5.621e-18 3.532e-17
1.000e-09 1.128e+46 7.040e+27 5.642e-29 5.954e-18 3.741e-17
1.122e-09 9.491e+45 7.457e+27 5.976e-29 6.307e-18 3.963e-17
1.259e-09 7.985e+45 7.899e+27 6.330e-29 6.681e-18 4.198e-17
1.413e-09 6.719e+45 8.367e+27 6.705e-29 7.077e-18 4.446e-17
1.585e-09 5.653e+45 8.863e+27 7.102e-29 7.496e-18 4.710e-17
1.778e-09 4.757e+45 9.388e+27 7.523e-29 7.940e-18 4.989e-17
1.995e-09 4.002e+45 9.944e+27 7.969e-29 8.411e-18 5.285e-17
2.239e-09 3.367e+45 1.053e+28 8.441e-29 8.909e-18 5.598e-17
2.512e-09 2.833e+45 1.116e+28 8.941e-29 9.437e-18 5.929e-17
2.818e-09 2.384e+45 1.182e+28 9.471e-29 9.996e-18 6.281e-17
3.162e-09 2.006e+45 1.252e+28 1.003e-28 1.059e-17 6.653e-17
3.548e-09 1.688e+45 1.326e+28 1.063e-28 1.122e-17 7.047e-17
3.981e-09 1.420e+45 1.405e+28 1.126e-28 1.188e-17 7.465e-17
4.467e-09 1.195e+45 1.488e+28 1.192e-28 1.258e-17 7.907e-17
5.012e-09 1.005e+45 1.576e+28 1.263e-28 1.333e-17 8.375e-17
5.623e-09 8.458e+44 1.669e+28 1.338e-28 1.412e-17 8.872e-17
6.310e-09 7.117e+44 1.768e+28 1.417e-28 1.496e-17 9.397e-17
7.079e-09 5.988e+44 1.873e+28 1.501e-28 1.584e-17 9.954e-17
7.943e-09 5.038e+44 1.984e+28 1.590e-28 1.678e-17 1.054e-16
8.913e-09 4.239e+44 2.102e+28 1.684e-28 1.778e-17 1.117e-16
1.000e-08 3.567e+44 2.226e+28 1.784e-28 1.883e-17 1.183e-16
1.122e-08 3.001e+44 2.358e+28 1.890e-28 1.994e-17 1.253e-16
1.259e-08 2.525e+44 2.498e+28 2.002e-28 2.113e-17 1.327e-16
1.413e-08 2.125e+44 2.646e+28 2.120e-28 2.238e-17 1.406e-16
1.585e-08 1.788e+44 2.803e+28 2.246e-28 2.370e-17 1.489e-16
1.778e-08 1.504e+44 2.969e+28 2.379e-28 2.511e-17 1.578e-16
1.995e-08 1.266e+44 3.145e+28 2.520e-28 2.660e-17 1.671e-16
2.239e-08 1.065e+44 3.331e+28 2.669e-28 2.817e-17 1.770e-16
2.512e-08 8.959e+43 3.528e+28 2.827e-28 2.984e-17 1.875e-16
2.818e-08 7.538e+43 3.737e+28 2.995e-28 3.161e-17 1.986e-16
3.162e-08 6.343e+43 3.959e+28 3.172e-28 3.348e-17 2.104e-16
3.548e-08 5.337e+43 4.193e+28 3.360e-28 3.547e-17 2.228e-16
3.981e-08 4.490e+43 4.442e+28 3.559e-28 3.757e-17 2.360e-16
4.467e-08 3.778e+43 4.705e+28 3.770e-28 3.979e-17 2.500e-16
5.012e-08 3.179e+43 4.984e+28 3.994e-28 4.215e-17 2.648e-16
5.623e-08 2.675e+43 5.279e+28 4.230e-28 4.465e-17 2.805e-16
6.310e-08 2.250e+43 5.592e+28 4.481e-28 4.729e-17 2.971e-16
7.079e-08 1.893e+43 5.923e+28 4.746e-28 5.009e-17 3.148e-16
7.943e-08 1.593e+43 6.274e+28 5.028e-28 5.306e-17 3.334e-16
8.913e-08 1.340e+43 6.646e+28 5.326e-28 5.621e-17 3.532e-16
1.000e-07 1.128e+43 7.039e+28 5.641e-28 5.954e-17 3.741e-16
1.122e-07 9.490e+42 7.457e+28 5.975e-28 6.306e-17 3.962e-16
1.259e-07 7.984e+42 7.898e+28 6.329e-28 6.680e-17 4.197e-16
1.413e-07 6.718e+42 8.366e+28 6.704e-28 7.076e-17 4.446e-16
1.585e-07 5.652e+42 8.862e+28 7.102e-28 7.495e-17 4.709e-16
1.778e-07 4.756e+42 9.387e+28 7.522e-28 7.939e-17 4.988e-16
1.995e-07 4.002e+42 9.943e+28 7.968e-28 8.409e-17 5.284e-16
2.239e-07 3.367e+42 1.053e+29 8.440e-28 8.908e-17 5.597e-16
2.512e-07 2.833e+42 1.116e+29 8.940e-28 9.435e-17 5.928e-16
2.818e-07 2.384e+42 1.182e+29 9.470e-28 9.994e-17 6.280e-16
3.162e-07 2.005e+42 1.252e+29 1.003e-27 1.059e-16 6.652e-16
3.548e-07 1.687e+42 1.326e+29 1.062e-27 1.121e-16 7.046e-16
3.981e-07 1.420e+42 1.404e+29 1.125e-27 1.188e-16 7.463e-16
4.467e-07 1.195e+42 1.488e+29 1.192e-27 1.258e-16 7.905e-16
5.012e-07 1.005e+42 1.576e+29 1.263e-27 1.333e-16 8.374e-16
5.623e-07 8.456e+41 1.669e+29 1.338e-27 1.412e-16 8.870e-16
6.310e-07 7.115e+41 1.768e+29 1.417e-27 1.495e-16 9.395e-16
7.079e-07 5.986e+41 1.873e+29 1.501e-27 1.584e-16 9.952e-16
7.943e-07 5.037e+41 1.984e+29 1.590e-27 1.678e-16 1.054e-15
8.913e-07 4.238e+41 2.101e+29 1.684e-27 1.777e-16 1.117e-15
1.000e-06 3.566e+41 2.226e+29 1.783e-27 1.882e-16 1.183e-15
1.122e-06 3.000e+41 2.357e+29 1.889e-27 1.994e-16 1.253e-15
1.259e-06 2.524e+41 2.497e+29 2.001e-27 2.112e-16 1.327e-15
1.413e-06 2.124e+41 2.645e+29 2.120e-27 2.237e-16 1.406e-15
1.585e-06 1.787e+41 2.802e+29 2.245e-27 2.369e-16 1.489e-15
1.778e-06 1.503e+41 2.967e+29 2.378e-27 2.510e-16 1.577e-15
1.995e-06 1.265e+41 3.143e+29 2.519e-27 2.658e-16 1.670e-15
2.239e-06 1.064e+41 3.329e+29 2.668e-27 2.816e-16 1.769e-15
2.512e-06 8.955e+40 3.527e+29 2.826e-27 2.983e-16 1.874e-15
2.818e-06 7.534e+40 3.735e+29 2.993e-27 3.159e-16 1.985e-15
3.162e-06 6.339e+40 3.957e+29 3.171e-27 3.346e-16 2.103e-15
3.548e-06 5.334e+40 4.191e+29 3.358e-27 3.545e-16 2.227e-15
3.981e-06 4.487e+40 4.439e+29 3.557e-27 3.754e-16 2.359e-15
4.467e-06 3.776e+40 4.702e+29 3.768e-27 3.977e-16 2.499e-15
5.012e-06 3.177e+40 4.980e+29 3.991e-27 4.212e-16 2.647e-15
5.623e-06 2.673e+40 5.275e+29 4.227e-27 4.462e-16 2.803e-15
6.310e-06 2.249e+40 5.588e+29 4.478e-27 4.726e-16 2.969e-15
7.079e-06 1.892e+40 5.918e+29 4.743e-27 5.005e-16 3.145e-15
7.943e-06 1.592e+40 6.269e+29 5.023e-27 5.302e-16 3.331e-15
8.913e-06 1.339e+40 6.640e+29 5.321e-27 5.616e-16 3.528e-15
1.000e-05 1.127e+40 7.033e+29 5.636e-27 5.948e-16 3.737e-15
1.122e-05 9.480e+39 7.449e+29 5.969e-27 6.300e-16 3.958e-15
1.259e-05 7.976e+39 7.890e+29 6.323e-27 6.673e-16 4.193e-15
1.413e-05 6.710e+39 8.357e+29 6.697e-27 7.068e-16 4.441e-15
1.585e-05 5.646e+39 8.851e+29 7.093e-27 7.486e-16 4.704e-15
1.778e-05 4.750e+39 9.375e+29 7.513e-27 7.929e-16 4.982e-15
1.995e-05 3.996e+39 9.930e+29 7.957e-27 8.398e-16 5.277e-15
2.239e-05 3.362e+39 1.052e+30 8.428e-27 8.895e-16 5.589e-15
2.512e-05 2.829e+39 1.114e+30 8.926e-27 9.421e-16 5.919e-15
2.818e-05 2.380e+39 1.180e+30 9.454e-27 9.978e-16 6.270e-15
3.162e-05 2.002e+39 1.250e+30 1.001e-26 1.057e-15 6.640e-15
3.548e-05 1.684e+39 1.323e+30 1.061e-26 1.119e-15 7.033e-15
3.981e-05 1.417e+39 1.402e+30 1.123e-26 1.186e-15 7.449e-15
4.467e-05 1.192e+39 1.485e+30 1.190e-26 1.256e-15 7.889e-15
5.012e-05 1.003e+39 1.572e+30 1.260e-26 1.330e-15 8.356e-15
5.623e-05 8.437e+38 1.665e+30 1.334e-26 1.408e-15 8.849e-15
6.310e-05 7.098e+38 1.764e+30 1.413e-26 1.492e-15 9.372e-15
7.079e-05 5.971e+38 1.868e+30 1.497e-26 1.580e-15 9.926e-15
7.943e-05 5.023e+38 1.978e+30 1.585e-26 1.673e-15 1.051e-14
8.913e-05 4.226e+38 2.095e+30 1.679e-26 1.772e-15 1.113e-14
1.000e-04 3.555e+38 2.219e+30 1.778e-26 1.877e-15 1.179e-14
1.122e-04 2.991e+38 2.350e+30 1.883e-26 1.987e-15 1.249e-14
1.259e-04 2.516e+38 2.489e+30 1.994e-26 2.105e-15 1.322e-14
1.413e-04 2.116e+38 2.635e+30 2.112e-26 2.229e-15 1.400e-14
1.585e-04 1.780e+38 2.791e+30 2.237e-26 2.360e-15 1.483e-14
1.778e-04 1.497e+38 2.956e+30 2.368e-26 2.500e-15 1.571e-14
1.995e-04 1.260e+38 3.130e+30 2.508e-26 2.647e-15 1.663e-14
2.239e-04 1.060e+38 3.314e+30 2.656e-26 2.803e-15 1.761e-14
2.512e-04 8.912e+37 3.510e+30 2.813e-26 2.968e-15 1.865e-14
2.818e-04 7.496e+37 3.717e+30 2.978e-26 3.143e-15 1.975e-14
3.162e-04 6.305e+37 3.935e+30 3.154e-26 3.328e-15 2.091e-14
3.548e-04 5.303e+37 4.167e+30 3.339e-26 3.524e-15 2.214e-14
3.981e-04 4.461e+37 4.412e+30 3.536e-26 3.732e-15 2.345e-14
4.467e-04 3.752e+37 4.672e+30 3.744e-26 3.951e-15 2.483e-14
5.012e-04 3.155e+37 4.947e+30 3.964e-26 4.184e-15 2.629e-14
5.623e-04 2.654e+37 5.238e+30 4.197e-26 4.430e-15 2.783e-14
6.310e-04 2.232e+37 5.545e+30 4.444e-26 4.690e-15 2.947e-14
7.079e-04 1.877e+37 5.871e+30 4.705e-26 4.965e-15 3.120e-14
7.943e-04 1.578e+37 6.216e+30 4.981e-26 5.257e-15 3.303e-14
8.913e-04 1.327e+37 6.580e+30 5.273e-26 5.565e-15 3.497e-14
1.000e-03 1.116e+37 6.966e+30 5.582e-26 5.892e-15 3.702e-14
1.122e-03 9.385e+36 7.374e+30 5.909e-26 6.237e-15 3.919e-14
1.259e-03 7.891e+36 7.806e+30 6.255e-26 6.602e-15 4.148e-14
1.413e-03 6.635e+36 8.263e+30 6.621e-26 6.988e-15 4.391e-14
1.585e-03 5.578e+36 8.746e+30 7.008e-26 7.397e-15 4.647e-14
1.778e-03 4.690e+36 9.256e+30 7.418e-26 7.829e-15 4.919e-14
1.995e-03 3.943e+36 9.797e+30 7.851e-26 8.286e-15 5.206e-14
2.239e-03 3.314e+36 1.037e+31 8.309e-26 8.769e-15 5.510e-14
2.512e-03 2.786e+36 1.097e+31 8.793e-26 9.280e-15 5.831e-14
2.818e-03 2.342e+36 1.161e+31 9.304e-26 9.820e-15 6.170e-14
3.162e-03 1.968e+36 1.229e+31 9.845e-26 1.039e-14 6.529e-14
3.548e-03 1.654e+36 1.300e+31 1.042e-25 1.099e-14 6.908e-14
3.981e-03 1.390e+36 1.375e+31 1.102e-25 1.163e-14 7.309e-14
4.467e-03 1.168e+36 1.455e+31 1.166e-25 1.231e-14 7.732e-14
5.012e-03 9.817e+35 1.539e+31 1.233e-25 1.302e-14 8.179e-14
5.623e-03 8.249e+35 1.628e+31 1.305e-25 1.377e-14 8.652e-14
6.310e-03 6.930e+35 1.722e+31 1.380e-25 1.456e-14 9.151e-14
7.079e-03 5.822e+35 1.821e+31 1.459e-25 1.540e-14 9.678e-14
7.943e-03 4.890e+35 1.926e+31 1.543e-25 1.629e-14 1.023e-13
8.913e-03 4.107e+35 2.036e+31 1.632e-25 1.722e-14 1.082e-13
1.000e-02 3.449e+35 2.153e+31 1.725e-25 1.821e-14 1.144e-13
1.122e-02 2.897e+35 2.276e+31 1.824e-25 1.925e-14 1.210e-13
1.259e-02 2.432e+35 2.406e+31 1.928e-25 2.035e-14 1.279e-13
1.413e-02 2.042e+35 2.543e+31 2.038e-25 2.151e-14 1.351e-13
1.585e-02 1.714e+35 2.687e+31 2.153e-25 2.273e-14 1.428e-13
1.778e-02 1.439e+35 2.839e+31 2.275e-25 2.401e-14 1.509e-13
1.995e-02 1.207e+35 3.000e+31 2.404e-25 2.537e-14 1.594e-13
2.239e-02 1.013e+35 3.168e+31 2.539e-25 2.680e-14 1.684e-13
2.512e-02 8.497e+34 3.346e+31 2.682e-25 2.830e-14 1.778e-13
2.818e-02 7.127e+34 3.534e+31 2.832e-25 2.989e-14 1.878e-13
3.162e-02 5.977e+34 3.731e+31 2.989e-25 3.155e-14 1.982e-13
3.548e-02 5.011e+34 3.938e+31 3.156e-25 3.330e-14 2.093e-13
3.981e-02 4.201e+34 4.156e+31 3.330e-25 3.515e-14 2.208e-13
4.467e-02 3.521e+34 4.385e+31 3.514e-25 3.708e-14 2.330e-13
5.012e-02 2.950e+34 4.625e+31 3.706e-25 3.912e-14 2.458e-13
5.623e-02 2.471e+34 4.878e+31 3.909e-25 4.125e-14 2.592e-13
6.310e-02 2.070e+34 5.143e+31 4.121e-25 4.349e-14 2.733e-13
7.079e-02 1.733e+34 5.420e+31 4.344e-25 4.584e-14 2.880e-13
7.943e-02 1.450e+34 5.712e+31 4.577e-25 4.831e-14 3.035e-13
8.913e-02 1.214e+34 6.017e+31 4.821e-25 5.089e-14 3.197e-13
1.000e-01 1.015e+34 6.336e+31 5.077e-25 5.359e-14 3.367e-13
1.122e-01 8.488e+33 6.670e+31 5.345e-25 5.641e-14 3.544e-13
1.259e-01 7.095e+33 7.019e+31 5.624e-25 5.936e-14 3.730e-13
1.413e-01 5.928e+33 7.383e+31 5.916e-25 6.244e-14 3.923e-13
1.585e-01 4.951e+33 7.763e+31 6.221e-25 6.566e-14 4.125e-13
1.778e-01 4.134e+33 8.159e+31 6.538e-25 6.901e-14 4.336e-13
1.995e-01 3.450e+33 8.571e+31 6.869e-25 7.249e-14 4.555e-13
2.239e-01 2.877e+33 9.000e+31 7.212e-25 7.612e-14 4.783e-13
2.512e-01 2.399e+33 9.446e+31 7.569e-25 7.989e-14 5.019e-13
2.818e-01 1.998e+33 9.908e+31 7.940e-25 8.380e-14 5.265e-13
3.162e-01 1.664e+33 1.039e+32 8.323e-25 8.785e-14 5.519e-13
3.548e-01 1.385e+33 1.088e+32 8.720e-25 9.203e-14 5.783e-13
3.981e-01 1.152e+33 1.139e+32 9.130e-25 9.636e-14 6.055e-13
4.467e-01 9.572e+32 1.192e+32 9.553e-25 1.008e-13 6.335e-13
5.012e-01 7.950e+32 1.246e+32 9.988e-25 1.054e-13 6.624e-13
5.623e-01 6.598e+32 1.302e+32 1.044e-24 1.101e-13 6.920e-13
6.310e-01 5.471e+32 1.359e+32 1.089e-24 1.150e-13 7.224e-13
7.079e-01 4.533e+32 1.418e+32 1.136e-24 1.199e-13 7.535e-13
7.943e-01 3.752e+32 1.478e+32 1.184e-24 1.250e-13 7.852e-13
8.913e-01 3.103e+32 1.538e+32 1.233e-24 1.301e-13 8.174e-13
1.000e+00 2.563e+32 1.600e+32 1.282e-24 1.353e-13 8.501e-13
1.122e+00 2.115e+32 1.662e+32 1.332e-24 1.406e-13 8.832e-13
1.259e+00 1.744e+32 1.725e+32 1.382e-24 1.459e-13 9.166e-13
1.413e+00 1.436e+32 1.788e+32 1.433e-24 1.512e-13 9.500e-13
1.585e+00 1.180e+32 1.851e+32 1.483e-24 1.565e-13 9.834e-13
1.778e+00 9.693e+31 1.913e+32 1.533e-24 1.618e-13 1.017e-12
1.995e+00 7.948e+31 1.975e+32 1.583e-24 1.670e-13 1.050e-12
2.239e+00 6.508e+31 2.036e+32 1.631e-24 1.722e-13 1.082e-12
2.512e+00 5.320e+31 2.095e+32 1.679e-24 1.772e-13 1.113e-12
2.818e+00 4.341e+31 2.152e+32 1.725e-24 1.820e-13 1.144e-12
3.162e+00 3.536e+31 2.207e+32 1.769e-24 1.867e-13 1.173e-12
3.548e+00 2.875e+31 2.259e+32 1.810e-24 1.911e-13 1.201e-12
3.981e+00 2.333e+31 2.308e+32 1.849e-24 1.952e-13 1.226e-12
4.467e+00 1.889e+31 2.352e+32 1.885e-24 1.990e-13 1.250e-12
5.012e+00 1.526e+31 2.392e+32 1.917e-24 2.023e-13 1.271e-12
5.623e+00 1.230e+31 2.427e+32 1.945e-24 2.053e-13 1.290e-12
6.310e+00 9.885e+30 2.456e+32 1.968e-24 2.077e-13 1.305e-12
7.079e+00 7.924e+30 2.479e+32 1.986e-24 2.097e-13 1.317e-12
7.943e+00 6.334e+30 2.495e+32 1.999e-24 2.110e-13 1.326e-12
8.913e+00 5.048e+30 2.503e+32 2.006e-24 2.117e-13 1.330e-12
1.000e+01 4.010e+30 2.503e+32 2.005e-24 2.117e-13 1.330e-12
1.122e+01 3.174e+30 2.494e+32 1.998e-24 2.109e-13 1.325e-12
1.259e+01 2.503e+30 2.476e+32 1.984e-24 2.094e-13 1.316e-12
1.413e+01 1.966e+30 2.449e+32 1.962e-24 2.071e-13 1.301e-12
1.585e+01 1.538e+30 2.411e+32 1.932e-24 2.039e-13 1.281e-12
1.778e+01 1.198e+30 2.364e+32 1.894e-24 1.999e-13 1.256e-12
1.995e+01 9.283e+29 2.307e+32 1.848e-24 1.951e-13 1.226e-12
2.239e+01 7.158e+29 2.239e+32 1.794e-24 1.894e-13 1.190e-12
2.512e+01 5.489e+29 2.162e+32 1.732e-24 1.828e-13 1.149e-12
2.818e+01 4.185e+29 2.075e+32 1.663e-24 1.755e-13 1.102e-12
3.162e+01 3.170e+29 1.979e+32 1.586e-24 1.673e-13 1.051e-12
3.548e+01 2.385e+29 1.874e+32 1.502e-24 1.585e-13 9.960e-13
3.981e+01 1.782e+29 1.762e+32 1.412e-24 1.491e-13 9.365e-13
4.467e+01 1.320e+29 1.644e+32 1.317e-24 1.390e-13 8.737e-13
5.012e+01 9.699e+28 1.521e+32 1.219e-24 1.286e-13 8.081e-13
5.623e+01 7.060e+28 1.393e+32 1.117e-24 1.179e-13 7.405e-13
6.310e+01 5.087e+28 1.264e+32 1.013e-24 1.069e-13 6.717e-13
7.079e+01 3.625e+28 1.134e+32 9.088e-25 9.592e-14 6.027e-13
7.943e+01 2.553e+28 1.005e+32 8.056e-25 8.503e-14 5.342e-13
8.913e+01 1.774e+28 8.795e+31 7.048e-25 7.439e-14 4.674e-13
1.000e+02 1.215e+28 7.584e+31 6.078e-25 6.414e-14 4.030e-13
1.122e+02 8.192e+27 6.437e+31 5.158e-25 5.444e-14 3.421e-13
1.259e+02 5.426e+27 5.368e+31 4.302e-25 4.540e-14 2.853e-13
1.413e+02 3.525e+27 4.390e+31 3.518e-25 3.713e-14 2.333e-13
1.585e+02 2.240e+27 3.512e+31 2.814e-25 2.970e-14 1.866e-13
1.778e+02 1.389e+27 2.741e+31 2.197e-25 2.318e-14 1.457e-13
1.995e+02 8.371e+26 2.080e+31 1.667e-25 1.759e-14 1.105e-13
2.239e+02 4.887e+26 1.529e+31 1.225e-25 1.293e-14 8.124e-14
2.512e+02 2.748e+26 1.082e+31 8.673e-26 9.154e-15 5.752e-14
2.818e+02 1.476e+26 7.317e+30 5.864e-26 6.189e-15 3.888e-14
3.162e+02 7.447e+25 4.648e+30 3.725e-26 3.931e-15 2.470e-14
3.548e+02 3.410e+25 2.679e+30 2.147e-26 2.266e-15 1.424e-14
3.981e+02 1.295e+25 1.281e+30 1.027e-26 1.083e-15 6.807e-15
4.467e+02 3.009e+24 3.748e+29 3.003e-27 3.170e-16 1.992e-15
5.012e+02 3.898e+20 6.111e+25 4.897e-31 5.168e-20 3.247e-19
5.623e+02 0.000e+00 0.000e+00 0.000e+00 0.000e+00 0.000e+00
6.310e+02 0.000e+00 0.000e+00 0.000e+00 0.000e+00 0.000e+00
7.079e+02 0.000e+00 0.000e+00 0.000e+00 0.000e+00 0.000e+00
7.943e+02 0.000e+00 0.000e+00 0.000e+00 0.000e+00 0.000e+00
8.913e+02 0.000e+00 0.000e+00 0.000e+00 0.000e+00 0.000e+00
1.000e+03 0.000e+00 0.000e+00 0.000e+00 0.000e+00 0.000e+00
1.122e+03 0.000e+00 0.000e+00 0.000e+00 0.000e+00 0.000e+00
1.259e+03 0.000e+00 0.000e+00 0.000e+00 0.000e+00 0.000e+00
1.413e+03 0.000e+00 0.000e+00 0.000e+00 0.000e+00 0.000e+00
1.585e+03 0.000e+00 0.000e+00 0.000e+00 0.000e+00 0.000e+00
1.778e+03 0.000e+00 0.000e+00 0.000e+00 0.000e+00 0.000e+00
1.995e+03 0.000e+00 0.000e+00 0.000e+00 0.000e+00 0.000e+00
2.239e+03 0.000e+00 0.000e+00 0.000e+00 0.000e+00 0.000e+00
2.512e+03 0.000e+00 0.000e+00 0.000e+00 0.000e+00 0.000e+00
2.818e+03 0.000e+00 0.000e+00 0.000e+00 0.000e+00 0.000e+00
3.162e+03 0.000e+00 0.000e+00 0.000e+00 0.000e+00 0.000e+00
3.548e+03 0.000e+00 0.000e+00 0.000e+00 0.000e+00 0.000e+00
3.981e+03 0.000e+00 0.000e+00 0.000e+00 0.000e+00 0.000e+00
4.467e+03 0.000e+00 0.000e+00 0.000e+00 0.000e+00 0.000e+00
5.012e+03 0.000e+00 0.000e+00 0.000e+00 0.000e+00 0.000e+00
5.623e+03 0.000e+00 0.000e+00 0.000e+00 0.000e+00 0.000e+00
6.310e+03 0.000e+00 0.000e+00 0.000e+00 0.000e+00 0.000e+00
7.079e+03 0.000e+00 0.000e+00 0.000e+00 0.000e+00 0.000e+00
7.943e+03 0.000e+00 0.000e+00 0.000e+00 0.000e+00 0.000e+00
8.913e+03 0.000e+00 0.000e+00 0.000e+00 0.000e+00 0.000e+00
1.000e+04 0.000e+00 0.000e+00 0.000e+00 0.000e+00 0.000e+00
1.122e+04 0.000e+00 0.000e+00 0.000e+00 0.000e+00 0.000e+00
1.259e+04 0.000e+00 0.000e+00 0.000e+00 0.000e+00 0.000e+00
1.413e+04 0.000e+00 0.000e+00 0.000e+00 0.000e+00 0.000e+00
1.585e+04 0.000e+00 0.000e+00 0.000e+00 0.000e+00 0.000e+00
1.778e+04 0.000e+00 0.000e+00 0.000e+00 0.000e+00 0.000e+00
1.995e+04 0.000e+00 0.000e+00 0.000e+00 0.000e+00 0.000e+00
2.239e+04 0.000e+00 0.000e+00 0.000e+00 0.000e+00 0.000e+00
2.512e+04 0.000e+00 0.000e+00 0.000e+00 0.000e+00 0.000e+00
2.818e+04 0.000e+00 0.000e+00 0.000e+00 0.000e+00 0.000e+00
3.162e+04 0.000e+00 0.000e+00 0.000e+00 0.000e+00 0.000e+00
3.548e+04 0.000e+00 0.000e+00 0.000e+00 0.000e+00 0.000e+00
3.981e+04 0.000e+00 0.000e+00 0.000e+00 0.000e+00 0.000e+00
4.467e+04 0.000e+00 0.000e+00 0.000e+00 0.000e+00 0.000e+00
5.012e+04 0.000e+00 0.000e+00 0.000e+00 0.000e+00 0.000e+00
5.623e+04 0.000e+00 0.000e+00 0.000e+00 0.000e+00 0.000e+00
6.310e+04 0.000e+00 0.000e+00 0.000e+00 0.000e+00 0.000e+00
7.079e+04 0.000e+00 0.000e+00 0.000e+00 0.000e+00 0.000e+00
7.943e+04 0.000e+00 0.000e+00 0.000e+00 0.000e+00 0.000e+00
8.913e+04 0.000e+00 0.000e+00 0.000e+00 0.000e+00 0.000e+00
1.000e+05 0.000e+00 0.000e+00 0.000e+00 0.000e+00 0.000e+00
1.122e+05 0.000e+00 0.000e+00 0.000e+00 0.000e+00 0.000e+00
1.259e+05 0.000e+00 0.000e+00 0.000e+00 0.000e+00 0.000e+00
1.413e+05 0.000e+00 0.000e+00 0.000e+00 0.000e+00 0.000e+00
1.585e+05 0.000e+00 0.000e+00 0.000e+00 0.000e+00 0.000e+00
1.778e+05 0.000e+00 0.000e+00 0.000e+00 0.000e+00 0.000e+00
1.995e+05 0.000e+00 0.000e+00 0.000e+00 0.000e+00 0.000e+00
2.239e+05 0.000e+00 0.000e+00 0.000e+00 0.000e+00 0.000e+00
2.512e+05 0.000e+00 0.000e+00 0.000e+00 0.000e+00 0.000e+00
2.818e+05 0.000e+00 0.000e+00 0.000e+00 0.000e+00 0.000e+00
3.162e+05 0.000e+00 0.000e+00 0.000e+00 0.000e+00 0.000e+00
3.548e+05 0.000e+00 0.000e+00 0.000e+00 0.000e+00 0.000e+00
3.981e+05 0.000e+00 0.000e+00 0.000e+00 0.000e+00 0.000e+00
4.467e+05 0.000e+00 0.000e+00 0.000e+00 0.000e+00 0.000e+00
5.012e+05 0.000e+00 0.000e+00 0.000e+00 0.000e+00 0.000e+00
5.623e+05 0.000e+00 0.000e+00 0.000e+00 0.000e+00 0.000e+00
6.310e+05 0.000e+00 0.000e+00 0.000e+00 0.000e+00 0.000e+00
7.079e+05 0.000e+00 0.000e+00 0.000e+00 0.000e+00 0.000e+00
7.943e+05 0.000e+00 0.000e+00 0.000e+00 0.000e+00 0.000e+00
8.913e+05 0.000e+00 0.000e+00 0.000e+00 0.000e+00 0.000e+00
1.000e+06 0.000e+00 0.000e+00 0.000e+00 0.000e+00 0.000e+00
1.122e+06 0.000e+00 0.000e+00 0.000e+00 0.000e+00 0.000e+00
1.259e+06 0.000e+00 0.000e+00 0.000e+00 0.000e+00 0.000e+00
1.413e+06 0.000e+00 0.000e+00 0.000e+00 0.000e+00 0.000e+00
1.585e+06 0.000e+00 0.000e+00 0.000e+00 0.000e+00 0.000e+00
1.778e+06 0.000e+00 0.000e+00 0.000e+00 0.000e+00 0.000e+00
1.995e+06 0.000e+00 0.000e+00 0.000e+00 0.000e+00 0.000e+00
2.239e+06 0.000e+00 0.000e+00 0.000e+00 0.000e+00 0.000e+00
2.512e+06 0.000e+00 0.000e+00 0.000e+00 0.000e+00 0.000e+00
2.818e+06 0.000e+00 0.000e+00 0.000e+00 0.000e+00 0.000e+00
3.162e+06 0.000e+00 0.000e+00 0.000e+00 0.000e+00 0.000e+00
3.548e+06 0.000e+00 0.000e+00 0.000e+00 0.000e+00 0.000e+00
3.981e+06 0.000e+00 0.000e+00 0.000e+00 0.000e+00 0.000e+00
4.467e+06 0.000e+00 0.000e+00 0.000e+00 0.000e+00 0.000e+00
5.012e+06 0.000e+00 0.000e+00 0.000e+00 0.000e+00 0.000e+00
5.623e+06 0.000e+00 0.000e+00 0.000e+00 0.000e+00 0.000e+00
6.310e+06 0.000e+00 0.000e+00 0.000e+00 0.000e+00 0.000e+00
7.079e+06 0.000e+00 0.000e+00 0.000e+00 0.000e+00 0.000e+00
7.943e+06 0.000e+00 0.000e+00 0.000e+00 0.000e+00 0.000e+00
8.913e+06 0.000e+00 0.000e+00 0.000e+00 0.000e+00 0.000e+00
1.000e+07 0.000e+00 0.000e+00 0.000e+00 0.000e+00 0.000e+00
1.122e+07 0.000e+00 0.000e+00 0.000e+00 0.000e+00 0.000e+00
1.259e+07 0.000e+00 0.000e+00 0.000e+00 0.000e+00 0.000e+00
1.413e+07 0.000e+00 0.000e+00 0.000e+00 0.000e+00 0.000e+00
1.585e+07 0.000e+00 0.000e+00 0.000e+00 0.000e+00 0.000e+00
1.778e+07 0.000e+00 0.000e+00 0.000e+00 0.000e+00 0.000e+00
1.995e+07 0.000e+00 0.000e+00 0.000e+00 0.000e+00 0.000e+00
2.239e+07 0.000e+00 0.000e+00 0.000e+00 0.000e+00 0.000e+00
2.512e+07 0.000e+00 0.000e+00 0.000e+00 0.000e+00 0.000e+00
2.818e+07 0.000e+00 0.000e+00 0.000e+00 0.000e+00 0.000e+00
3.162e+07 0.000e+00 0.000e+00 0.000e+00 0.000e+00 0.000e+00
3.548e+07 0.000e+00 0.000e+00 0.000e+00 0.000e+00 0.000e+00
3.981e+07 0.000e+00 0.000e+00 0.000e+00 0.000e+00 0.000e+00
4.467e+07 0.000e+00 0.000e+00 0.000e+00 0.000e+00 0.000e+00
5.012e+07 0.000e+00 0.000e+00 0.000e+00 0.000e+00 0.000e+00
5.623e+07 0.000e+00 0.000e+00 0.000e+00 0.000e+00 0.000e+00
6.310e+07 0.000e+00 0.000e+00 0.000e+00 0.000e+00 0.000e+00
7.079e+07 0.000e+00 0.000e+00 0.000e+00 0.000e+00 0.000e+00
7.943e+07 0.000e+00 0.000e+00 0.000e+00 0.000e+00 0.000e+00
8.913e+07 0.000e+00 0.000e+00 0.000e+00 0.000e+00 0.000e+00
1.000e+08 0.000e+00 0.000e+00 0.000e+00 0.000e+00 0.000e+00
