1.000e-20 0.000e+00 0.000e+00 0.000e+00 0.000e+00 0.000e+00
1.122e-20 0.000e+00 0.000e+00 0.000e+00 0.000e+00 0.000e+00
1.259e-20 0.000e+00 0.000e+00 0.000e+00 0.000e+00 0.000e+00
1.413e-20 0.000e+00 0.000e+00 0.000e+00 0.000e+00 0.000e+00
1.585e-20 0.000e+00 0.000e+00 0.000e+00 0.000e+00 0.000e+00
1.778e-20 0.000e+00 0.000e+00 0.000e+00 0.000e+00 0.000e+00
1.995e-20 0.000e+00 0.000e+00 0.000e+00 0.000e+00 0.000e+00
2.239e-20 0.000e+00 0.000e+00 0.000e+00 0.000e+00 0.000e+00
2.512e-20 0.000e+00 0.000e+00 0.000e+00 0.000e+00 0.000e+00
2.818e-20 0.000e+00 0.000e+00 0.000e+00 0.000e+00 0.000e+00
3.162e-20 0.000e+00 0.000e+00 0.000e+00 0.000e+00 0.000e+00
3.548e-20 0.000e+00 0.000e+00 0.000e+00 0.000e+00 0.000e+00
3.981e-20 0.000e+00 0.000e+00 0.000e+00 0.000e+00 0.000e+00
4.467e-20 0.000e+00 0.000e+00 0.000e+00 0.000e+00 0.000e+00
5.012e-20 0.000e+00 0.000e+00 0.000e+00 0.000e+00 0.000e+00
5.623e-20 0.000e+00 0.000e+00 0.000e+00 0.000e+00 0.000e+00
6.310e-20 0.000e+00 0.000e+00 0.000e+00 0.000e+00 0.000e+00
7.079e-20 0.000e+00 0.000e+00 0.000e+00 0.000e+00 0.000e+00
7.943e-20 0.000e+00 0.000e+00 0.000e+00 0.000e+00 0.000e+00
8.913e-20 0.000e+00 0.000e+00 0.000e+00 0.000e+00 0.000e+00
1.000e-19 0.000e+00 0.000e+00 0.000e+00 0.000e+00 0.000e+00
1.122e-19 0.000e+00 0.000e+00 0.000e+00 0.000e+00 0.000e+00
1.259e-19 0.000e+00 0.000e+00 0.000e+00 0.000e+00 0.000e+00
1.413e-19 0.000e+00 0.000e+00 0.000e+00 0.000e+00 0.000e+00
1.585e-19 0.000e+00 0.000e+00 0.000e+00 0.000e+00 0.000e+00
1.778e-19 0.000e+00 0.000e+00 0.000e+00 0.000e+00 0.000e+00
1.995e-19 0.000e+00 0.000e+00 0.000e+00 0.000e+00 0.000e+00
2.239e-19 0.000e+00 0.000e+00 0.000e+00 0.000e+00 0.000e+00
2.512e-19 0.000e+00 0.000e+00 0.000e+00 0.000e+00 0.000e+00
2.818e-19 0.000e+00 0.000e+00 0.000e+00 0.000e+00 0.000e+00
3.162e-19 0.000e+00 0.000e+00 0.000e+00 0.000e+00 0.000e+00
3.548e-19 0.000e+00 0.000e+00 0.000e+00 0.000e+00 0.000e+00
3.981e-19 0.000e+00 0.000e+00 0.000e+00 0.000e+00 0.000e+00
4.467e-19 0.000e+00 0.000e+00 0.000e+00 0.000e+00 0.000e+00
5.012e-19 0.000e+00 0.000e+00 0.000e+00 0.000e+00 0.000e+00
5.623e-19 0.000e+00 0.000e+00 0.000e+00 0.000e+00 0.000e+00
6.310e-19 0.000e+00 0.000e+00 0.000e+00 0.000e+00 0.000e+00
7.079e-19 0.000e+00 0.000e+00 0.000e+00 0.000e+00 0.000e+00
7.943e-19 0.000e+00 0.000e+00 0.000e+00 0.000e+00 0.000e+00
8.913e-19 0.000e+00 0.000e+00 0.000e+00 0.000e+00 0.000e+00
1.000e-18 0.000e+00 0.000e+00 0.000e+00 0.000e+00 0.000e+00
1.122e-18 0.000e+00 0.000e+00 0.000e+00 0.000e+00 0.000e+00
1.259e-18 0.000e+00 0.000e+00 0.000e+00 0.000e+00 0.000e+00
1.413e-18 0.000e+00 0.000e+00 0.000e+00 0.000e+00 0.000e+00
1.585e-18 0.000e+00 0.000e+00 0.000e+00 0.000e+00 0.000e+00
1.778e-18 0.000e+00 0.000e+00 0.000e+00 0.000e+00 0.000e+00
1.995e-18 0.000e+00 0.000e+00 0.000e+00 0.000e+00 0.000e+00
2.239e-18 0.000e+00 0.000e+00 0.000e+00 0.000e+00 0.000e+00
2.512e-18 0.000e+00 0.000e+00 0.000e+00 0.000e+00 0.000e+00
2.818e-18 0.000e+00 0.000e+00 0.000e+00 0.000e+00 0.000e+00
3.162e-18 0.000e+00 0.000e+00 0.000e+00 0.000e+00 0.000e+00
3.548e-18 0.000e+00 0.000e+00 0.000e+00 0.000e+00 0.000e+00
3.981e-18 0.000e+00 0.000e+00 0.000e+00 0.000e+00 0.000e+00
4.467e-18 0.000e+00 0.000e+00 0.000e+00 0.000e+00 0.000e+00
5.012e-18 0.000e+00 0.000e+00 0.000e+00 0.000e+00 0.000e+00
5.623e-18 0.000e+00 0.000e+00 0.000e+00 0.000e+00 0.000e+00
6.310e-18 0.000e+00 0.000e+00 0.000e+00 0.000e+00 0.000e+00
7.079e-18 0.000e+00 0.000e+00 0.000e+00 0.000e+00 0.000e+00
7.943e-18 0.000e+00 0.000e+00 0.000e+00 0.000e+00 0.000e+00
8.913e-18 0.000e+00 0.000e+00 0.000e+00 0.000e+00 0.000e+00
1.000e-17 0.000e+00 0.000e+00 0.000e+00 0.000e+00 0.000e+00
1.122e-17 0.000e+00 0.000e+00 0.000e+00 0.000e+00 0.000e+00
1.259e-17 0.000e+00 0.000e+00 0.000e+00 0.000e+00 0.000e+00
1.413e-17 0.000e+00 0.000e+00 0.000e+00 0.000e+00 0.000e+00
1.585e-17 0.000e+00 0.000e+00 0.000e+00 0.000e+00 0.000e+00
1.778e-17 0.000e+00 0.000e+00 0.000e+00 0.000e+00 0.000e+00
1.995e-17 0.000e+00 0.000e+00 0.000e+00 0.000e+00 0.000e+00
2.239e-17 0.000e+00 0.000e+00 0.000e+00 0.000e+00 0.000e+00
2.512e-17 0.000e+00 0.000e+00 0.000e+00 0.000e+00 0.000e+00
2.818e-17 0.000e+00 0.000e+00 0.000e+00 0.000e+00 0.000e+00
3.162e-17 0.000e+00 0.000e+00 0.000e+00 0.000e+00 0.000e+00
3.548e-17 0.000e+00 0.000e+00 0.000e+00 0.000e+00 0.000e+00
3.981e-17 0.000e+00 0.000e+00 0.000e+00 0.000e+00 0.000e+00
4.467e-17 0.000e+00 0.000e+00 0.000e+00 0.000e+00 0.000e+00
5.012e-17 0.000e+00 0.000e+00 0.000e+00 0.000e+00 0.000e+00
5.623e-17 0.000e+00 0.000e+00 0.000e+00 0.000e+00 0.000e+00
6.310e-17 0.000e+00 0.000e+00 0.000e+00 0.000e+00 0.000e+00
7.079e-17 0.000e+00 0.000e+00 0.000e+00 0.000e+00 0.000e+00
7.943e-17 0.000e+00 0.000e+00 0.000e+00 0.000e+00 0.000e+00
8.913e-17 0.000e+00 0.000e+00 0.000e+00 0.000e+00 0.000e+00
1.000e-16 0.000e+00 0.000e+00 0.000e+00 0.000e+00 0.000e+00
1.122e-16 0.000e+00 0.000e+00 0.000e+00 0.000e+00 0.000e+00
1.259e-16 0.000e+00 0.000e+00 0.000e+00 0.000e+00 0.000e+00
1.413e-16 0.000e+00 0.000e+00 0.000e+00 0.000e+00 0.000e+00
1.585e-16 0.000e+00 0.000e+00 0.000e+00 0.000e+00 0.000e+00
1.778e-16 0.000e+00 0.000e+00 0.000e+00 0.000e+00 0.000e+00
1.995e-16 0.000e+00 0.000e+00 0.000e+00 0.000e+00 0.000e+00
2.239e-16 0.000e+00 0.000e+00 0.000e+00 0.000e+00 0.000e+00
2.512e-16 0.000e+00 0.000e+00 0.000e+00 0.000e+00 0.000e+00
2.818e-16 0.000e+00 0.000e+00 0.000e+00 0.000e+00 0.000e+00
3.162e-16 0.000e+00 0.000e+00 0.000e+00 0.000e+00 0.000e+00
3.548e-16 0.000e+00 0.000e+00 0.000e+00 0.000e+00 0.000e+00
3.981e-16 0.000e+00 0.000e+00 0.000e+00 0.000e+00 0.000e+00
4.467e-16 0.000e+00 0.000e+00 0.000e+00 0.000e+00 0.000e+00
5.012e-16 0.000e+00 0.000e+00 0.000e+00 0.000e+00 0.000e+00
5.623e-16 0.000e+00 0.000e+00 0.000e+00 0.000e+00 0.000e+00
6.310e-16 0.000e+00 0.000e+00 0.000e+00 0.000e+00 0.000e+00
7.079e-16 0.000e+00 0.000e+00 0.000e+00 0.000e+00 0.000e+00
7.943e-16 0.000e+00 0.000e+00 0.000e+00 0.000e+00 0.000e+00
8.913e-16 0.000e+00 0.000e+00 0.000e+00 0.000e+00 0.000e+00
1.000e-15 0.000e+00 0.000e+00 0.000e+00 0.000e+00 0.000e+00
1.122e-15 0.000e+00 0.000e+00 0.000e+00 0.000e+00 0.000e+00
1.259e-15 0.000e+00 0.000e+00 0.000e+00 0.000e+00 0.000e+00
1.413e-15 0.000e+00 0.000e+00 0.000e+00 0.000e+00 0.000e+00
1.585e-15 0.000e+00 0.000e+00 0.000e+00 0.000e+00 0.000e+00
1.778e-15 0.000e+00 0.000e+00 0.000e+00 0.000e+00 0.000e+00
1.995e-15 0.000e+00 0.000e+00 0.000e+00 0.000e+00 0.000e+00
2.239e-15 0.000e+00 0.000e+00 0.000e+00 0.000e+00 0.000e+00
2.512e-15 0.000e+00 0.000e+00 0.000e+00 0.000e+00 0.000e+00
2.818e-15 0.000e+00 0.000e+00 0.000e+00 0.000e+00 0.000e+00
3.162e-15 0.000e+00 0.000e+00 0.000e+00 0.000e+00 0.000e+00
3.548e-15 0.000e+00 0.000e+00 0.000e+00 0.000e+00 0.000e+00
3.981e-15 0.000e+00 0.000e+00 0.000e+00 0.000e+00 0.000e+00
4.467e-15 0.000e+00 0.000e+00 0.000e+00 0.000e+00 0.000e+00
5.012e-15 0.000e+00 0.000e+00 0.000e+00 0.000e+00 0.000e+00
5.623e-15 0.000e+00 0.000e+00 0.000e+00 0.000e+00 0.000e+00
6.310e-15 0.000e+00 0.000e+00 0.000e+00 0.000e+00 0.000e+00
7.079e-15 0.000e+00 0.000e+00 0.000e+00 0.000e+00 0.000e+00
7.943e-15 0.000e+00 0.000e+00 0.000e+00 0.000e+00 0.000e+00
8.913e-15 0.000e+00 0.000e+00 0.000e+00 0.000e+00 0.000e+00
1.000e-14 0.000e+00 0.000e+00 0.000e+00 0.000e+00 0.000e+00
1.122e-14 0.000e+00 0.000e+00 0.000e+00 0.000e+00 0.000e+00
1.259e-14 0.000e+00 0.000e+00 0.000e+00 0.000e+00 0.000e+00
1.413e-14 0.000e+00 0.000e+00 0.000e+00 0.000e+00 0.000e+00
1.585e-14 0.000e+00 0.000e+00 0.000e+00 0.000e+00 0.000e+00
1.778e-14 0.000e+00 0.000e+00 0.000e+00 0.000e+00 0.000e+00
1.995e-14 0.000e+00 0.000e+00 0.000e+00 0.000e+00 0.000e+00
2.239e-14 0.000e+00 0.000e+00 0.000e+00 0.000e+00 0.000e+00
2.512e-14 0.000e+00 0.000e+00 0.000e+00 0.000e+00 0.000e+00
2.818e-14 0.000e+00 0.000e+00 0.000e+00 0.000e+00 0.000e+00
3.162e-14 0.000e+00 0.000e+00 0.000e+00 0.000e+00 0.000e+00
3.548e-14 0.000e+00 0.000e+00 0.000e+00 0.000e+00 0.000e+00
3.981e-14 0.000e+00 0.000e+00 0.000e+00 0.000e+00 0.000e+00
4.467e-14 0.000e+00 0.000e+00 0.000e+00 0.000e+00 0.000e+00
5.012e-14 0.000e+00 0.000e+00 0.000e+00 0.000e+00 0.000e+00
5.623e-14 0.000e+00 0.000e+00 0.000e+00 0.000e+00 0.000e+00
6.310e-14 0.000e+00 0.000e+00 0.000e+00 0.000e+00 0.000e+00
7.079e-14 0.000e+00 0.000e+00 0.000e+00 0.000e+00 0.000e+00
7.943e-14 0.000e+00 0.000e+00 0.000e+00 0.000e+00 0.000e+00
8.913e-14 0.000e+00 0.000e+00 0.000e+00 0.000e+00 0.000e+00
1.000e-13 0.000e+00 0.000e+00 0.000e+00 0.000e+00 0.000e+00
1.122e-13 0.000e+00 0.000e+00 0.000e+00 0.000e+00 0.000e+00
1.259e-13 0.000e+00 0.000e+00 0.000e+00 0.000e+00 0.000e+00
1.413e-13 0.000e+00 0.000e+00 0.000e+00 0.000e+00 0.000e+00
1.585e-13 0.000e+00 0.000e+00 0.000e+00 0.000e+00 0.000e+00
1.778e-13 0.000e+00 0.000e+00 0.000e+00 0.000e+00 0.000e+00
1.995e-13 0.000e+00 0.000e+00 0.000e+00 0.000e+00 0.000e+00
2.239e-13 0.000e+00 0.000e+00 0.000e+00 0.000e+00 0.000e+00
2.512e-13 0.000e+00 0.000e+00 0.000e+00 0.000e+00 0.000e+00
2.818e-13 0.000e+00 0.000e+00 0.000e+00 0.000e+00 0.000e+00
3.162e-13 0.000e+00 0.000e+00 0.000e+00 0.000e+00 0.000e+00
3.548e-13 0.000e+00 0.000e+00 0.000e+00 0.000e+00 0.000e+00
3.981e-13 0.000e+00 0.000e+00 0.000e+00 0.000e+00 0.000e+00
4.467e-13 0.000e+00 0.000e+00 0.000e+00 0.000e+00 0.000e+00
5.012e-13 8.152e+11 1.278e-13 1.024e-69 5.405e-59 6.792e-58
5.623e-13 1.398e+15 2.759e-10 2.211e-66 1.167e-55 1.466e-54
6.310e-13 2.802e+16 6.962e-09 5.579e-65 2.944e-54 3.700e-53
7.079e-13 2.309e+17 7.223e-08 5.788e-64 3.055e-53 3.838e-52
7.943e-13 1.255e+18 4.941e-07 3.960e-63 2.090e-52 2.626e-51
8.913e-13 5.349e+18 2.652e-06 2.125e-62 1.121e-51 1.409e-50
1.000e-12 1.942e+19 1.212e-05 9.715e-62 5.127e-51 6.442e-50
1.122e-12 6.282e+19 4.936e-05 3.956e-61 2.087e-50 2.623e-49
1.259e-12 1.857e+20 1.837e-04 1.472e-60 7.769e-50 9.763e-49
1.413e-12 5.102e+20 6.353e-04 5.091e-60 2.687e-49 3.376e-48
1.585e-12 1.316e+21 2.064e-03 1.654e-59 8.726e-49 1.097e-47
1.778e-12 3.214e+21 6.345e-03 5.084e-59 2.683e-48 3.372e-47
1.995e-12 7.476e+21 1.858e-02 1.489e-58 7.856e-48 9.872e-47
2.239e-12 1.664e+22 5.205e-02 4.171e-58 2.201e-47 2.766e-46
2.512e-12 3.558e+22 1.401e-01 1.123e-57 5.925e-47 7.445e-46
2.818e-12 7.333e+22 3.636e-01 2.914e-57 1.537e-46 1.932e-45
3.162e-12 1.462e+23 9.124e-01 7.311e-57 3.858e-46 4.849e-45
3.548e-12 2.825e+23 2.220e+00 1.779e-56 9.388e-46 1.180e-44
3.981e-12 5.308e+23 5.251e+00 4.208e-56 2.220e-45 2.790e-44
4.467e-12 9.713e+23 1.210e+01 9.694e-56 5.115e-45 6.428e-44
5.012e-12 1.735e+24 2.720e+01 2.180e-55 1.150e-44 1.445e-43
5.623e-12 3.030e+24 5.980e+01 4.792e-55 2.529e-44 3.178e-43
6.310e-12 5.182e+24 1.288e+02 1.032e-54 5.445e-44 6.842e-43
7.079e-12 8.693e+24 2.719e+02 2.179e-54 1.150e-43 1.445e-42
7.943e-12 1.432e+25 5.640e+02 4.520e-54 2.385e-43 2.997e-42
8.913e-12 2.321e+25 1.150e+03 9.219e-54 4.865e-43 6.114e-42
1.000e-11 3.702e+25 2.310e+03 1.851e-53 9.770e-43 1.228e-41
1.122e-11 5.819e+25 4.573e+03 3.664e-53 1.934e-42 2.430e-41
1.259e-11 9.026e+25 8.928e+03 7.155e-53 3.776e-42 4.745e-41
1.413e-11 1.382e+26 1.721e+04 1.379e-52 7.279e-42 9.147e-41
1.585e-11 2.092e+26 3.279e+04 2.628e-52 1.387e-41 1.743e-40
1.778e-11 3.131e+26 6.179e+04 4.952e-52 2.613e-41 3.284e-40
1.995e-11 4.638e+26 1.152e+05 9.234e-52 4.873e-41 6.124e-40
2.239e-11 6.803e+26 2.128e+05 1.705e-51 8.999e-41 1.131e-39
2.512e-11 9.889e+26 3.895e+05 3.121e-51 1.647e-40 2.070e-39
2.818e-11 1.425e+27 7.067e+05 5.663e-51 2.988e-40 3.755e-39
3.162e-11 2.038e+27 1.272e+06 1.019e-50 5.379e-40 6.760e-39
3.548e-11 2.892e+27 2.273e+06 1.821e-50 9.611e-40 1.208e-38
3.981e-11 4.076e+27 4.032e+06 3.231e-50 1.705e-39 2.143e-38
4.467e-11 5.706e+27 7.106e+06 5.694e-50 3.005e-39 3.776e-38
5.012e-11 7.938e+27 1.244e+07 9.973e-50 5.263e-39 6.613e-38
5.623e-11 1.098e+28 2.167e+07 1.737e-49 9.164e-39 1.152e-37
6.310e-11 1.510e+28 3.753e+07 3.007e-49 1.587e-38 1.994e-37
7.079e-11 2.067e+28 6.465e+07 5.181e-49 2.734e-38 3.436e-37
7.943e-11 2.815e+28 1.108e+08 8.883e-49 4.688e-38 5.890e-37
8.913e-11 3.816e+28 1.892e+08 1.516e-48 8.000e-38 1.005e-36
1.000e-10 5.151e+28 3.215e+08 2.577e-48 1.360e-37 1.709e-36
1.122e-10 6.926e+28 5.442e+08 4.361e-48 2.301e-37 2.892e-36
1.259e-10 9.277e+28 9.177e+08 7.354e-48 3.881e-37 4.877e-36
1.413e-10 1.238e+29 1.542e+09 1.236e-47 6.521e-37 8.194e-36
1.585e-10 1.647e+29 2.583e+09 2.070e-47 1.092e-36 1.372e-35
1.778e-10 2.184e+29 4.312e+09 3.455e-47 1.823e-36 2.291e-35
1.995e-10 2.888e+29 7.177e+09 5.751e-47 3.035e-36 3.814e-35
2.239e-10 3.809e+29 1.191e+10 9.548e-47 5.038e-36 6.331e-35
2.512e-10 5.009e+29 1.973e+10 1.581e-46 8.343e-36 1.048e-34
2.818e-10 6.573e+29 3.259e+10 2.611e-46 1.378e-35 1.732e-34
3.162e-10 8.604e+29 5.370e+10 4.304e-46 2.271e-35 2.854e-34
3.548e-10 1.124e+30 8.832e+10 7.078e-46 3.735e-35 4.693e-34
3.981e-10 1.465e+30 1.450e+11 1.162e-45 6.130e-35 7.703e-34
4.467e-10 1.907e+30 2.375e+11 1.903e-45 1.004e-34 1.262e-33
5.012e-10 2.477e+30 3.884e+11 3.112e-45 1.642e-34 2.064e-33
5.623e-10 3.213e+30 6.341e+11 5.082e-45 2.682e-34 3.370e-33
6.310e-10 4.161e+30 1.034e+12 8.285e-45 4.372e-34 5.494e-33
7.079e-10 5.380e+30 1.683e+12 1.349e-44 7.117e-34 8.944e-33
7.943e-10 6.948e+30 2.736e+12 2.193e-44 1.157e-33 1.454e-32
8.913e-10 8.962e+30 4.443e+12 3.561e-44 1.879e-33 2.361e-32
1.000e-09 1.155e+31 7.207e+12 5.775e-44 3.048e-33 3.830e-32
1.122e-09 1.486e+31 1.168e+13 9.358e-44 4.938e-33 6.205e-32
1.259e-09 1.911e+31 1.890e+13 1.515e-43 7.993e-33 1.004e-31
1.413e-09 2.454e+31 3.057e+13 2.449e-43 1.293e-32 1.624e-31
1.585e-09 3.150e+31 4.939e+13 3.958e-43 2.088e-32 2.624e-31
1.778e-09 4.040e+31 7.973e+13 6.389e-43 3.372e-32 4.237e-31
1.995e-09 5.176e+31 1.286e+14 1.031e-42 5.439e-32 6.835e-31
2.239e-09 6.629e+31 2.074e+14 1.662e-42 8.769e-32 1.102e-30
2.512e-09 8.483e+31 3.341e+14 2.677e-42 1.413e-31 1.775e-30
2.818e-09 1.085e+32 5.379e+14 4.310e-42 2.275e-31 2.858e-30
3.162e-09 1.387e+32 8.655e+14 6.936e-42 3.660e-31 4.600e-30
3.548e-09 1.772e+32 1.392e+15 1.116e-41 5.887e-31 7.398e-30
3.981e-09 2.262e+32 2.238e+15 1.793e-41 9.463e-31 1.189e-29
4.467e-09 2.887e+32 3.596e+15 2.882e-41 1.521e-30 1.911e-29
5.012e-09 3.684e+32 5.775e+15 4.628e-41 2.442e-30 3.069e-29
5.623e-09 4.698e+32 9.272e+15 7.430e-41 3.921e-30 4.927e-29
6.310e-09 5.989e+32 1.488e+16 1.192e-40 6.293e-30 7.908e-29
7.079e-09 7.631e+32 2.387e+16 1.913e-40 1.010e-29 1.269e-28
7.943e-09 9.721e+32 3.828e+16 3.068e-40 1.619e-29 2.034e-28
8.913e-09 1.238e+33 6.138e+16 4.918e-40 2.596e-29 3.262e-28
1.000e-08 1.576e+33 9.837e+16 7.883e-40 4.160e-29 5.227e-28
1.122e-08 2.006e+33 1.576e+17 1.263e-39 6.665e-29 8.375e-28
1.259e-08 2.552e+33 2.524e+17 2.023e-39 1.068e-28 1.341e-27
1.413e-08 3.246e+33 4.042e+17 3.239e-39 1.709e-28 2.148e-27
1.585e-08 4.127e+33 6.471e+17 5.185e-39 2.736e-28 3.439e-27
1.778e-08 5.247e+33 1.036e+18 8.299e-39 4.379e-28 5.503e-27
1.995e-08 6.668e+33 1.657e+18 1.328e-38 7.007e-28 8.805e-27
2.239e-08 8.472e+33 2.650e+18 2.124e-38 1.121e-27 1.408e-26
2.512e-08 1.076e+34 4.238e+18 3.396e-38 1.792e-27 2.252e-26
2.818e-08 1.367e+34 6.775e+18 5.429e-38 2.865e-27 3.600e-26
3.162e-08 1.735e+34 1.083e+19 8.677e-38 4.579e-27 5.754e-26
3.548e-08 2.202e+34 1.730e+19 1.386e-37 7.316e-27 9.194e-26
3.981e-08 2.794e+34 2.764e+19 2.215e-37 1.169e-26 1.469e-25
4.467e-08 3.544e+34 4.413e+19 3.536e-37 1.866e-26 2.345e-25
5.012e-08 4.494e+34 7.045e+19 5.646e-37 2.979e-26 3.744e-25
5.623e-08 5.697e+34 1.124e+20 9.010e-37 4.755e-26 5.975e-25
6.310e-08 7.221e+34 1.794e+20 1.438e-36 7.588e-26 9.535e-25
7.079e-08 9.155e+34 2.864e+20 2.295e-36 1.211e-25 1.522e-24
7.943e-08 1.161e+35 4.573e+20 3.665e-36 1.934e-25 2.430e-24
8.913e-08 1.474e+35 7.309e+20 5.857e-36 3.091e-25 3.884e-24
1.000e-07 1.874e+35 1.170e+21 9.373e-36 4.946e-25 6.215e-24
1.122e-07 2.385e+35 1.874e+21 1.502e-35 7.924e-25 9.958e-24
1.259e-07 3.039e+35 3.006e+21 2.409e-35 1.271e-24 1.597e-23
1.413e-07 3.876e+35 4.827e+21 3.868e-35 2.041e-24 2.565e-23
1.585e-07 4.947e+35 7.756e+21 6.215e-35 3.280e-24 4.122e-23
1.778e-07 6.317e+35 1.247e+22 9.992e-35 5.273e-24 6.626e-23
1.995e-07 8.068e+35 2.005e+22 1.606e-34 8.477e-24 1.065e-22
2.239e-07 1.030e+36 3.222e+22 2.582e-34 1.363e-23 1.712e-22
2.512e-07 1.314e+36 5.176e+22 4.148e-34 2.189e-23 2.751e-22
2.818e-07 1.676e+36 8.309e+22 6.658e-34 3.514e-23 4.415e-22
3.162e-07 2.134e+36 1.332e+23 1.068e-33 5.634e-23 7.080e-22
3.548e-07 2.715e+36 2.133e+23 1.710e-33 9.022e-23 1.134e-21
3.981e-07 3.449e+36 3.412e+23 2.734e-33 1.443e-22 1.813e-21
4.467e-07 4.375e+36 5.449e+23 4.366e-33 2.304e-22 2.896e-21
5.012e-07 5.545e+36 8.693e+23 6.966e-33 3.676e-22 4.620e-21
5.623e-07 7.021e+36 1.386e+24 1.111e-32 5.860e-22 7.364e-21
6.310e-07 8.886e+36 2.208e+24 1.769e-32 9.337e-22 1.173e-20
7.079e-07 1.124e+37 3.517e+24 2.818e-32 1.487e-21 1.869e-20
7.943e-07 1.422e+37 5.600e+24 4.487e-32 2.368e-21 2.976e-20
8.913e-07 1.798e+37 8.915e+24 7.144e-32 3.770e-21 4.738e-20
1.000e-06 2.274e+37 1.419e+25 1.137e-31 6.001e-21 7.541e-20
1.122e-06 2.874e+37 2.258e+25 1.809e-31 9.549e-21 1.200e-19
1.259e-06 3.630e+37 3.591e+25 2.878e-31 1.519e-20 1.908e-19
1.413e-06 4.582e+37 5.706e+25 4.573e-31 2.413e-20 3.032e-19
1.585e-06 5.785e+37 9.069e+25 7.268e-31 3.835e-20 4.819e-19
1.778e-06 7.309e+37 1.443e+26 1.156e-30 6.100e-20 7.666e-19
1.995e-06 9.241e+37 2.296e+26 1.840e-30 9.710e-20 1.220e-18
2.239e-06 1.168e+38 3.655e+26 2.929e-30 1.546e-19 1.942e-18
2.512e-06 1.476e+38 5.811e+26 4.657e-30 2.457e-19 3.088e-18
2.818e-06 1.859e+38 9.217e+26 7.386e-30 3.898e-19 4.898e-18
3.162e-06 2.335e+38 1.457e+27 1.168e-29 6.162e-19 7.743e-18
3.548e-06 2.919e+38 2.294e+27 1.838e-29 9.700e-19 1.219e-17
3.981e-06 3.633e+38 3.594e+27 2.880e-29 1.520e-18 1.910e-17
4.467e-06 4.498e+38 5.601e+27 4.489e-29 2.369e-18 2.977e-17
5.012e-06 5.539e+38 8.684e+27 6.959e-29 3.672e-18 4.615e-17
5.623e-06 6.783e+38 1.339e+28 1.073e-28 5.662e-18 7.115e-17
6.310e-06 8.259e+38 2.052e+28 1.645e-28 8.678e-18 1.091e-16
7.079e-06 9.993e+38 3.126e+28 2.505e-28 1.322e-17 1.661e-16
7.943e-06 1.203e+39 4.736e+28 3.795e-28 2.003e-17 2.517e-16
8.913e-06 1.438e+39 7.132e+28 5.715e-28 3.016e-17 3.790e-16
1.000e-05 1.710e+39 1.067e+29 8.553e-28 4.514e-17 5.672e-16
1.122e-05 2.020e+39 1.587e+29 1.272e-27 6.712e-17 8.435e-16
1.259e-05 2.367e+39 2.341e+29 1.876e-27 9.902e-17 1.244e-15
1.413e-05 2.749e+39 3.423e+29 2.743e-27 1.448e-16 1.819e-15
1.585e-05 3.162e+39 4.958e+29 3.973e-27 2.097e-16 2.635e-15
1.778e-05 3.600e+39 7.106e+29 5.695e-27 3.005e-16 3.776e-15
1.995e-05 4.054e+39 1.007e+30 8.072e-27 4.260e-16 5.353e-15
2.239e-05 4.514e+39 1.412e+30 1.132e-26 5.971e-16 7.504e-15
2.512e-05 4.970e+39 1.957e+30 1.569e-26 8.277e-16 1.040e-14
2.818e-05 5.412e+39 2.683e+30 2.150e-26 1.135e-15 1.426e-14
3.162e-05 5.829e+39 3.638e+30 2.916e-26 1.539e-15 1.933e-14
3.548e-05 6.212e+39 4.881e+30 3.911e-26 2.064e-15 2.594e-14
3.981e-05 6.551e+39 6.480e+30 5.193e-26 2.740e-15 3.444e-14
4.467e-05 6.838e+39 8.515e+30 6.824e-26 3.601e-15 4.525e-14
5.012e-05 7.066e+39 1.108e+31 8.877e-26 4.685e-15 5.887e-14
5.623e-05 7.230e+39 1.427e+31 1.144e-25 6.035e-15 7.583e-14
6.310e-05 7.326e+39 1.820e+31 1.459e-25 7.698e-15 9.674e-14
7.079e-05 7.336e+39 2.295e+31 1.839e-25 9.704e-15 1.219e-13
7.943e-05 7.251e+39 2.856e+31 2.288e-25 1.208e-14 1.518e-13
8.913e-05 7.098e+39 3.519e+31 2.820e-25 1.488e-14 1.870e-13
1.000e-04 6.881e+39 4.294e+31 3.441e-25 1.816e-14 2.282e-13
1.122e-04 6.603e+39 5.188e+31 4.158e-25 2.194e-14 2.757e-13
1.259e-04 6.272e+39 6.205e+31 4.972e-25 2.624e-14 3.297e-13
1.413e-04 5.897e+39 7.343e+31 5.885e-25 3.105e-14 3.902e-13
1.585e-04 5.485e+39 8.599e+31 6.891e-25 3.636e-14 4.569e-13
1.778e-04 5.046e+39 9.960e+31 7.981e-25 4.212e-14 5.293e-13
1.995e-04 4.592e+39 1.141e+32 9.143e-25 4.825e-14 6.063e-13
2.239e-04 4.132e+39 1.292e+32 1.036e-24 5.465e-14 6.868e-13
2.512e-04 3.676e+39 1.448e+32 1.160e-24 6.122e-14 7.693e-13
2.818e-04 3.235e+39 1.604e+32 1.285e-24 6.782e-14 8.523e-13
3.162e-04 2.817e+39 1.758e+32 1.409e-24 7.435e-14 9.343e-13
3.548e-04 2.429e+39 1.909e+32 1.530e-24 8.072e-14 1.014e-12
3.981e-04 2.076e+39 2.054e+32 1.646e-24 8.685e-14 1.091e-12
4.467e-04 1.760e+39 2.192e+32 1.756e-24 9.268e-14 1.165e-12
5.012e-04 1.482e+39 2.323e+32 1.862e-24 9.824e-14 1.235e-12
5.623e-04 1.240e+39 2.448e+32 1.962e-24 1.035e-13 1.301e-12
6.310e-04 1.031e+39 2.563e+32 2.054e-24 1.084e-13 1.362e-12
7.079e-04 8.533e+38 2.669e+32 2.139e-24 1.129e-13 1.418e-12
7.943e-04 7.016e+38 2.763e+32 2.214e-24 1.168e-13 1.468e-12
8.913e-04 5.734e+38 2.843e+32 2.278e-24 1.202e-13 1.511e-12
1.000e-03 4.661e+38 2.909e+32 2.331e-24 1.230e-13 1.546e-12
1.122e-03 3.768e+38 2.961e+32 2.372e-24 1.252e-13 1.573e-12
1.259e-03 3.030e+38 2.997e+32 2.402e-24 1.268e-13 1.593e-12
1.413e-03 2.425e+38 3.020e+32 2.420e-24 1.277e-13 1.605e-12
1.585e-03 1.933e+38 3.030e+32 2.428e-24 1.281e-13 1.610e-12
1.778e-03 1.535e+38 3.029e+32 2.427e-24 1.281e-13 1.610e-12
1.995e-03 1.216e+38 3.021e+32 2.421e-24 1.277e-13 1.605e-12
2.239e-03 9.616e+37 3.008e+32 2.410e-24 1.272e-13 1.598e-12
2.512e-03 7.605e+37 2.995e+32 2.400e-24 1.266e-13 1.591e-12
2.818e-03 6.018e+37 2.983e+32 2.391e-24 1.262e-13 1.585e-12
3.162e-03 4.766e+37 2.975e+32 2.384e-24 1.258e-13 1.581e-12
3.548e-03 3.776e+37 2.967e+32 2.378e-24 1.255e-13 1.577e-12
3.981e-03 2.990e+37 2.957e+32 2.370e-24 1.251e-13 1.572e-12
4.467e-03 2.366e+37 2.946e+32 2.361e-24 1.246e-13 1.565e-12
5.012e-03 1.871e+37 2.933e+32 2.351e-24 1.240e-13 1.559e-12
5.623e-03 1.480e+37 2.920e+32 2.340e-24 1.235e-13 1.552e-12
6.310e-03 1.170e+37 2.907e+32 2.329e-24 1.229e-13 1.545e-12
7.079e-03 9.247e+36 2.893e+32 2.318e-24 1.223e-13 1.537e-12
7.943e-03 7.307e+36 2.878e+32 2.306e-24 1.217e-13 1.529e-12
8.913e-03 5.771e+36 2.861e+32 2.293e-24 1.210e-13 1.520e-12
1.000e-02 4.555e+36 2.843e+32 2.278e-24 1.202e-13 1.511e-12
1.122e-02 3.591e+36 2.821e+32 2.261e-24 1.193e-13 1.499e-12
1.259e-02 2.827e+36 2.797e+32 2.241e-24 1.183e-13 1.486e-12
1.413e-02 2.223e+36 2.769e+32 2.219e-24 1.171e-13 1.471e-12
1.585e-02 1.746e+36 2.737e+32 2.194e-24 1.158e-13 1.455e-12
1.778e-02 1.370e+36 2.703e+32 2.166e-24 1.143e-13 1.437e-12
1.995e-02 1.073e+36 2.667e+32 2.137e-24 1.128e-13 1.417e-12
2.239e-02 8.408e+35 2.630e+32 2.108e-24 1.112e-13 1.398e-12
2.512e-02 6.584e+35 2.593e+32 2.078e-24 1.096e-13 1.378e-12
2.818e-02 5.156e+35 2.556e+32 2.048e-24 1.081e-13 1.358e-12
3.162e-02 4.039e+35 2.521e+32 2.020e-24 1.066e-13 1.340e-12
3.548e-02 3.166e+35 2.488e+32 1.994e-24 1.052e-13 1.322e-12
3.981e-02 2.484e+35 2.458e+32 1.969e-24 1.039e-13 1.306e-12
4.467e-02 1.952e+35 2.431e+32 1.948e-24 1.028e-13 1.292e-12
5.012e-02 1.535e+35 2.407e+32 1.929e-24 1.018e-13 1.279e-12
5.623e-02 1.209e+35 2.386e+32 1.912e-24 1.009e-13 1.268e-12
6.310e-02 9.530e+34 2.368e+32 1.898e-24 1.001e-13 1.258e-12
7.079e-02 7.517e+34 2.351e+32 1.884e-24 9.943e-14 1.249e-12
7.943e-02 5.930e+34 2.335e+32 1.871e-24 9.875e-14 1.241e-12
8.913e-02 4.678e+34 2.319e+32 1.858e-24 9.807e-14 1.232e-12
1.000e-01 3.689e+34 2.303e+32 1.845e-24 9.737e-14 1.224e-12
1.122e-01 2.908e+34 2.285e+32 1.831e-24 9.664e-14 1.214e-12
1.259e-01 2.292e+34 2.268e+32 1.817e-24 9.589e-14 1.205e-12
1.413e-01 1.806e+34 2.249e+32 1.803e-24 9.512e-14 1.195e-12
1.585e-01 1.423e+34 2.231e+32 1.788e-24 9.433e-14 1.185e-12
1.778e-01 1.121e+34 2.212e+32 1.772e-24 9.353e-14 1.175e-12
1.995e-01 8.822e+33 2.192e+32 1.757e-24 9.270e-14 1.165e-12
2.239e-01 6.944e+33 2.172e+32 1.741e-24 9.186e-14 1.154e-12
2.512e-01 5.464e+33 2.152e+32 1.724e-24 9.100e-14 1.143e-12
2.818e-01 4.298e+33 2.131e+32 1.708e-24 9.012e-14 1.132e-12
3.162e-01 3.381e+33 2.110e+32 1.691e-24 8.923e-14 1.121e-12
3.548e-01 2.658e+33 2.088e+32 1.674e-24 8.832e-14 1.110e-12
3.981e-01 2.089e+33 2.067e+32 1.656e-24 8.739e-14 1.098e-12
4.467e-01 1.642e+33 2.044e+32 1.638e-24 8.646e-14 1.086e-12
5.012e-01 1.290e+33 2.022e+32 1.620e-24 8.550e-14 1.074e-12
5.623e-01 1.013e+33 1.999e+32 1.602e-24 8.453e-14 1.062e-12
6.310e-01 7.950e+32 1.976e+32 1.583e-24 8.354e-14 1.050e-12
7.079e-01 6.239e+32 1.952e+32 1.564e-24 8.254e-14 1.037e-12
7.943e-01 4.895e+32 1.928e+32 1.545e-24 8.152e-14 1.024e-12
8.913e-01 3.838e+32 1.903e+32 1.525e-24 8.048e-14 1.011e-12
1.000e+00 3.009e+32 1.878e+32 1.505e-24 7.942e-14 9.980e-13
1.122e+00 2.358e+32 1.853e+32 1.485e-24 7.834e-14 9.845e-13
1.259e+00 1.846e+32 1.827e+32 1.464e-24 7.724e-14 9.707e-13
1.413e+00 1.445e+32 1.800e+32 1.443e-24 7.612e-14 9.566e-13
1.585e+00 1.131e+32 1.773e+32 1.421e-24 7.498e-14 9.422e-13
1.778e+00 8.844e+31 1.745e+32 1.399e-24 7.381e-14 9.276e-13
1.995e+00 6.911e+31 1.717e+32 1.376e-24 7.262e-14 9.126e-13
2.239e+00 5.398e+31 1.689e+32 1.353e-24 7.140e-14 8.973e-13
2.512e+00 4.213e+31 1.659e+32 1.329e-24 7.016e-14 8.816e-13
2.818e+00 3.286e+31 1.629e+32 1.305e-24 6.888e-14 8.656e-13
3.162e+00 2.560e+31 1.598e+32 1.281e-24 6.758e-14 8.492e-13
3.548e+00 1.993e+31 1.566e+32 1.255e-24 6.624e-14 8.324e-13
3.981e+00 1.551e+31 1.534e+32 1.229e-24 6.487e-14 8.152e-13
4.467e+00 1.205e+31 1.501e+32 1.203e-24 6.347e-14 7.975e-13
5.012e+00 9.356e+30 1.467e+32 1.175e-24 6.203e-14 7.794e-13
5.623e+00 7.255e+30 1.432e+32 1.147e-24 6.055e-14 7.609e-13
6.310e+00 5.619e+30 1.396e+32 1.119e-24 5.904e-14 7.419e-13
7.079e+00 4.346e+30 1.359e+32 1.089e-24 5.749e-14 7.224e-13
7.943e+00 3.357e+30 1.322e+32 1.059e-24 5.590e-14 7.025e-13
8.913e+00 2.589e+30 1.284e+32 1.029e-24 5.428e-14 6.821e-13
1.000e+01 1.993e+30 1.244e+32 9.971e-25 5.262e-14 6.612e-13
1.122e+01 1.532e+30 1.204e+32 9.649e-25 5.092e-14 6.398e-13
1.259e+01 1.176e+30 1.163e+32 9.320e-25 4.918e-14 6.181e-13
1.413e+01 9.003e+29 1.121e+32 8.985e-25 4.742e-14 5.958e-13
1.585e+01 6.880e+29 1.079e+32 8.644e-25 4.561e-14 5.732e-13
1.778e+01 5.246e+29 1.035e+32 8.297e-25 4.378e-14 5.502e-13
1.995e+01 3.990e+29 9.915e+31 7.945e-25 4.193e-14 5.269e-13
2.239e+01 3.027e+29 9.470e+31 7.589e-25 4.005e-14 5.032e-13
2.512e+01 2.291e+29 9.021e+31 7.229e-25 3.815e-14 4.794e-13
2.818e+01 1.728e+29 8.568e+31 6.866e-25 3.623e-14 4.553e-13
3.162e+01 1.300e+29 8.113e+31 6.501e-25 3.431e-14 4.311e-13
3.548e+01 9.744e+28 7.656e+31 6.135e-25 3.238e-14 4.069e-13
3.981e+01 7.279e+28 7.200e+31 5.770e-25 3.045e-14 3.826e-13
4.467e+01 5.417e+28 6.746e+31 5.406e-25 2.853e-14 3.585e-13
5.012e+01 4.016e+28 6.296e+31 5.045e-25 2.662e-14 3.346e-13
5.623e+01 2.964e+28 5.851e+31 4.689e-25 2.474e-14 3.109e-13
6.310e+01 2.178e+28 5.413e+31 4.338e-25 2.289e-14 2.876e-13
7.079e+01 1.593e+28 4.983e+31 3.994e-25 2.107e-14 2.648e-13
7.943e+01 1.159e+28 4.565e+31 3.658e-25 1.930e-14 2.426e-13
8.913e+01 8.389e+27 4.159e+31 3.333e-25 1.759e-14 2.210e-13
1.000e+02 6.036e+27 3.767e+31 3.019e-25 1.593e-14 2.002e-13
1.122e+02 4.316e+27 3.392e+31 2.718e-25 1.434e-14 1.802e-13
1.259e+02 3.067e+27 3.033e+31 2.431e-25 1.283e-14 1.612e-13
1.413e+02 2.163e+27 2.694e+31 2.159e-25 1.139e-14 1.432e-13
1.585e+02 1.515e+27 2.375e+31 1.903e-25 1.004e-14 1.262e-13
1.778e+02 1.053e+27 2.078e+31 1.665e-25 8.786e-15 1.104e-13
1.995e+02 7.252e+26 1.802e+31 1.444e-25 7.620e-15 9.576e-14
2.239e+02 4.951e+26 1.549e+31 1.241e-25 6.550e-15 8.231e-14
2.512e+02 3.348e+26 1.319e+31 1.057e-25 5.576e-15 7.007e-14
2.818e+02 2.241e+26 1.111e+31 8.904e-26 4.699e-15 5.905e-14
3.162e+02 1.484e+26 9.261e+30 7.421e-26 3.916e-15 4.921e-14
3.548e+02 9.709e+25 7.629e+30 6.113e-26 3.226e-15 4.054e-14
3.981e+02 6.274e+25 6.206e+30 4.973e-26 2.624e-15 3.298e-14
4.467e+02 4.000e+25 4.981e+30 3.992e-26 2.107e-15 2.647e-14
5.012e+02 2.514e+25 3.941e+30 3.158e-26 1.667e-15 2.094e-14
5.623e+02 1.556e+25 3.071e+30 2.461e-26 1.299e-15 1.632e-14
6.310e+02 9.470e+24 2.353e+30 1.886e-26 9.951e-16 1.251e-14
7.079e+02 5.663e+24 1.772e+30 1.420e-26 7.491e-16 9.414e-15
7.943e+02 3.322e+24 1.308e+30 1.048e-26 5.533e-16 6.953e-15
8.913e+02 1.909e+24 9.466e+29 7.586e-27 4.003e-16 5.030e-15
1.000e+03 1.073e+24 6.699e+29 5.368e-27 2.833e-16 3.560e-15
1.122e+03 5.890e+23 4.628e+29 3.709e-27 1.957e-16 2.459e-15
1.259e+03 3.149e+23 3.116e+29 2.497e-27 1.317e-16 1.656e-15
1.413e+03 1.638e+23 2.039e+29 1.634e-27 8.624e-17 1.084e-15
1.585e+03 8.260e+22 1.295e+29 1.038e-27 5.476e-17 6.881e-16
1.778e+03 4.031e+22 7.955e+28 6.375e-28 3.364e-17 4.227e-16
1.995e+03 1.897e+22 4.714e+28 3.778e-28 1.993e-17 2.505e-16
2.239e+03 8.585e+21 2.685e+28 2.152e-28 1.136e-17 1.427e-16
2.512e+03 3.720e+21 1.465e+28 1.174e-28 6.195e-18 7.785e-17
2.818e+03 1.536e+21 7.617e+27 6.104e-29 3.221e-18 4.048e-17
3.162e+03 6.014e+20 3.753e+27 3.008e-29 1.587e-18 1.995e-17
3.548e+03 2.214e+20 1.740e+27 1.394e-29 7.357e-19 9.245e-18
3.981e+03 7.590e+19 7.508e+26 6.017e-30 3.175e-19 3.990e-18
4.467e+03 2.386e+19 2.972e+26 2.381e-30 1.257e-19 1.579e-18
5.012e+03 6.717e+18 1.053e+26 8.439e-31 4.453e-20 5.596e-19
5.623e+03 1.626e+18 3.210e+25 2.572e-31 1.357e-20 1.706e-19
6.310e+03 3.145e+17 7.814e+24 6.262e-32 3.304e-21 4.152e-20
7.079e+03 4.176e+16 1.306e+24 1.047e-32 5.524e-22 6.941e-21
7.943e+03 2.583e+15 1.017e+23 8.151e-34 4.301e-23 5.405e-22
8.913e+03 8.312e+12 4.121e+20 3.303e-36 1.743e-25 2.190e-24
1.000e+04 0.000e+00 0.000e+00 0.000e+00 0.000e+00 0.000e+00
1.122e+04 0.000e+00 0.000e+00 0.000e+00 0.000e+00 0.000e+00
1.259e+04 0.000e+00 0.000e+00 0.000e+00 0.000e+00 0.000e+00
1.413e+04 0.000e+00 0.000e+00 0.000e+00 0.000e+00 0.000e+00
1.585e+04 0.000e+00 0.000e+00 0.000e+00 0.000e+00 0.000e+00
1.778e+04 0.000e+00 0.000e+00 0.000e+00 0.000e+00 0.000e+00
1.995e+04 0.000e+00 0.000e+00 0.000e+00 0.000e+00 0.000e+00
2.239e+04 0.000e+00 0.000e+00 0.000e+00 0.000e+00 0.000e+00
2.512e+04 0.000e+00 0.000e+00 0.000e+00 0.000e+00 0.000e+00
2.818e+04 0.000e+00 0.000e+00 0.000e+00 0.000e+00 0.000e+00
3.162e+04 0.000e+00 0.000e+00 0.000e+00 0.000e+00 0.000e+00
3.548e+04 0.000e+00 0.000e+00 0.000e+00 0.000e+00 0.000e+00
3.981e+04 0.000e+00 0.000e+00 0.000e+00 0.000e+00 0.000e+00
4.467e+04 0.000e+00 0.000e+00 0.000e+00 0.000e+00 0.000e+00
5.012e+04 0.000e+00 0.000e+00 0.000e+00 0.000e+00 0.000e+00
5.623e+04 0.000e+00 0.000e+00 0.000e+00 0.000e+00 0.000e+00
6.310e+04 0.000e+00 0.000e+00 0.000e+00 0.000e+00 0.000e+00
7.079e+04 0.000e+00 0.000e+00 0.000e+00 0.000e+00 0.000e+00
7.943e+04 0.000e+00 0.000e+00 0.000e+00 0.000e+00 0.000e+00
8.913e+04 0.000e+00 0.000e+00 0.000e+00 0.000e+00 0.000e+00
1.000e+05 0.000e+00 0.000e+00 0.000e+00 0.000e+00 0.000e+00
1.122e+05 0.000e+00 0.000e+00 0.000e+00 0.000e+00 0.000e+00
1.259e+05 0.000e+00 0.000e+00 0.000e+00 0.000e+00 0.000e+00
1.413e+05 0.000e+00 0.000e+00 0.000e+00 0.000e+00 0.000e+00
1.585e+05 0.000e+00 0.000e+00 0.000e+00 0.000e+00 0.000e+00
1.778e+05 0.000e+00 0.000e+00 0.000e+00 0.000e+00 0.000e+00
1.995e+05 0.000e+00 0.000e+00 0.000e+00 0.000e+00 0.000e+00
2.239e+05 0.000e+00 0.000e+00 0.000e+00 0.000e+00 0.000e+00
2.512e+05 0.000e+00 0.000e+00 0.000e+00 0.000e+00 0.000e+00
2.818e+05 0.000e+00 0.000e+00 0.000e+00 0.000e+00 0.000e+00
3.162e+05 0.000e+00 0.000e+00 0.000e+00 0.000e+00 0.000e+00
3.548e+05 0.000e+00 0.000e+00 0.000e+00 0.000e+00 0.000e+00
3.981e+05 0.000e+00 0.000e+00 0.000e+00 0.000e+00 0.000e+00
4.467e+05 0.000e+00 0.000e+00 0.000e+00 0.000e+00 0.000e+00
5.012e+05 0.000e+00 0.000e+00 0.000e+00 0.000e+00 0.000e+00
5.623e+05 0.000e+00 0.000e+00 0.000e+00 0.000e+00 0.000e+00
6.310e+05 0.000e+00 0.000e+00 0.000e+00 0.000e+00 0.000e+00
7.079e+05 0.000e+00 0.000e+00 0.000e+00 0.000e+00 0.000e+00
7.943e+05 0.000e+00 0.000e+00 0.000e+00 0.000e+00 0.000e+00
8.913e+05 0.000e+00 0.000e+00 0.000e+00 0.000e+00 0.000e+00
1.000e+06 0.000e+00 0.000e+00 0.000e+00 0.000e+00 0.000e+00
1.122e+06 0.000e+00 0.000e+00 0.000e+00 0.000e+00 0.000e+00
1.259e+06 0.000e+00 0.000e+00 0.000e+00 0.000e+00 0.000e+00
1.413e+06 0.000e+00 0.000e+00 0.000e+00 0.000e+00 0.000e+00
1.585e+06 0.000e+00 0.000e+00 0.000e+00 0.000e+00 0.000e+00
1.778e+06 0.000e+00 0.000e+00 0.000e+00 0.000e+00 0.000e+00
1.995e+06 0.000e+00 0.000e+00 0.000e+00 0.000e+00 0.000e+00
2.239e+06 0.000e+00 0.000e+00 0.000e+00 0.000e+00 0.000e+00
2.512e+06 0.000e+00 0.000e+00 0.000e+00 0.000e+00 0.000e+00
2.818e+06 0.000e+00 0.000e+00 0.000e+00 0.000e+00 0.000e+00
3.162e+06 0.000e+00 0.000e+00 0.000e+00 0.000e+00 0.000e+00
3.548e+06 0.000e+00 0.000e+00 0.000e+00 0.000e+00 0.000e+00
3.981e+06 0.000e+00 0.000e+00 0.000e+00 0.000e+00 0.000e+00
4.467e+06 0.000e+00 0.000e+00 0.000e+00 0.000e+00 0.000e+00
5.012e+06 0.000e+00 0.000e+00 0.000e+00 0.000e+00 0.000e+00
5.623e+06 0.000e+00 0.000e+00 0.000e+00 0.000e+00 0.000e+00
6.310e+06 0.000e+00 0.000e+00 0.000e+00 0.000e+00 0.000e+00
7.079e+06 0.000e+00 0.000e+00 0.000e+00 0.000e+00 0.000e+00
7.943e+06 0.000e+00 0.000e+00 0.000e+00 0.000e+00 0.000e+00
8.913e+06 0.000e+00 0.000e+00 0.000e+00 0.000e+00 0.000e+00
1.000e+07 0.000e+00 0.000e+00 0.000e+00 0.000e+00 0.000e+00
1.122e+07 0.000e+00 0.000e+00 0.000e+00 0.000e+00 0.000e+00
1.259e+07 0.000e+00 0.000e+00 0.000e+00 0.000e+00 0.000e+00
1.413e+07 0.000e+00 0.000e+00 0.000e+00 0.000e+00 0.000e+00
1.585e+07 0.000e+00 0.000e+00 0.000e+00 0.000e+00 0.000e+00
1.778e+07 0.000e+00 0.000e+00 0.000e+00 0.000e+00 0.000e+00
1.995e+07 0.000e+00 0.000e+00 0.000e+00 0.000e+00 0.000e+00
2.239e+07 0.000e+00 0.000e+00 0.000e+00 0.000e+00 0.000e+00
2.512e+07 0.000e+00 0.000e+00 0.000e+00 0.000e+00 0.000e+00
2.818e+07 0.000e+00 0.000e+00 0.000e+00 0.000e+00 0.000e+00
3.162e+07 0.000e+00 0.000e+00 0.000e+00 0.000e+00 0.000e+00
3.548e+07 0.000e+00 0.000e+00 0.000e+00 0.000e+00 0.000e+00
3.981e+07 0.000e+00 0.000e+00 0.000e+00 0.000e+00 0.000e+00
4.467e+07 0.000e+00 0.000e+00 0.000e+00 0.000e+00 0.000e+00
5.012e+07 0.000e+00 0.000e+00 0.000e+00 0.000e+00 0.000e+00
5.623e+07 0.000e+00 0.000e+00 0.000e+00 0.000e+00 0.000e+00
6.310e+07 0.000e+00 0.000e+00 0.000e+00 0.000e+00 0.000e+00
7.079e+07 0.000e+00 0.000e+00 0.000e+00 0.000e+00 0.000e+00
7.943e+07 0.000e+00 0.000e+00 0.000e+00 0.000e+00 0.000e+00
8.913e+07 0.000e+00 0.000e+00 0.000e+00 0.000e+00 0.000e+00
1.000e+08 0.000e+00 0.000e+00 0.000e+00 0.000e+00 0.000e+00
