1.000e-20 1.206e+64 7.530e+23 6.034e-33 1.274e-21 1.601e-20
1.122e-20 1.015e+64 7.976e+23 6.392e-33 1.349e-21 1.695e-20
1.259e-20 8.541e+63 8.449e+23 6.770e-33 1.429e-21 1.796e-20
1.413e-20 7.186e+63 8.949e+23 7.171e-33 1.514e-21 1.902e-20
1.585e-20 6.046e+63 9.479e+23 7.596e-33 1.603e-21 2.015e-20
1.778e-20 5.087e+63 1.004e+24 8.046e-33 1.698e-21 2.134e-20
1.995e-20 4.280e+63 1.064e+24 8.523e-33 1.799e-21 2.261e-20
2.239e-20 3.601e+63 1.127e+24 9.028e-33 1.906e-21 2.395e-20
2.512e-20 3.030e+63 1.193e+24 9.563e-33 2.019e-21 2.537e-20
2.818e-20 2.550e+63 1.264e+24 1.013e-32 2.138e-21 2.687e-20
3.162e-20 2.145e+63 1.339e+24 1.073e-32 2.265e-21 2.846e-20
3.548e-20 1.805e+63 1.418e+24 1.137e-32 2.399e-21 3.015e-20
3.981e-20 1.519e+63 1.502e+24 1.204e-32 2.541e-21 3.193e-20
4.467e-20 1.278e+63 1.591e+24 1.275e-32 2.692e-21 3.382e-20
5.012e-20 1.075e+63 1.686e+24 1.351e-32 2.851e-21 3.583e-20
5.623e-20 9.046e+62 1.785e+24 1.431e-32 3.020e-21 3.795e-20
6.310e-20 7.611e+62 1.891e+24 1.515e-32 3.199e-21 4.020e-20
7.079e-20 6.404e+62 2.003e+24 1.605e-32 3.388e-21 4.258e-20
7.943e-20 5.388e+62 2.122e+24 1.700e-32 3.589e-21 4.510e-20
8.913e-20 4.533e+62 2.247e+24 1.801e-32 3.802e-21 4.777e-20
1.000e-19 3.814e+62 2.381e+24 1.908e-32 4.027e-21 5.060e-20
1.122e-19 3.209e+62 2.522e+24 2.021e-32 4.265e-21 5.360e-20
1.259e-19 2.700e+62 2.671e+24 2.140e-32 4.518e-21 5.677e-20
1.413e-19 2.272e+62 2.829e+24 2.267e-32 4.786e-21 6.014e-20
1.585e-19 1.911e+62 2.997e+24 2.401e-32 5.069e-21 6.370e-20
1.778e-19 1.608e+62 3.174e+24 2.544e-32 5.369e-21 6.747e-20
1.995e-19 1.353e+62 3.362e+24 2.694e-32 5.687e-21 7.147e-20
2.239e-19 1.138e+62 3.561e+24 2.854e-32 6.024e-21 7.570e-20
2.512e-19 9.579e+61 3.772e+24 3.023e-32 6.381e-21 8.018e-20
2.818e-19 8.059e+61 3.996e+24 3.202e-32 6.759e-21 8.493e-20
3.162e-19 6.781e+61 4.232e+24 3.392e-32 7.159e-21 8.996e-20
3.548e-19 5.705e+61 4.483e+24 3.592e-32 7.583e-21 9.529e-20
3.981e-19 4.800e+61 4.748e+24 3.805e-32 8.032e-21 1.009e-19
4.467e-19 4.039e+61 5.030e+24 4.030e-32 8.508e-21 1.069e-19
5.012e-19 3.398e+61 5.327e+24 4.269e-32 9.011e-21 1.132e-19
5.623e-19 2.859e+61 5.643e+24 4.522e-32 9.545e-21 1.199e-19
6.310e-19 2.405e+61 5.977e+24 4.790e-32 1.011e-20 1.270e-19
7.079e-19 2.024e+61 6.331e+24 5.073e-32 1.071e-20 1.346e-19
7.943e-19 1.703e+61 6.705e+24 5.373e-32 1.134e-20 1.425e-19
8.913e-19 1.433e+61 7.102e+24 5.691e-32 1.201e-20 1.510e-19
1.000e-18 1.205e+61 7.523e+24 6.028e-32 1.272e-20 1.599e-19
1.122e-18 1.014e+61 7.968e+24 6.385e-32 1.348e-20 1.694e-19
1.259e-18 8.532e+60 8.440e+24 6.763e-32 1.428e-20 1.794e-19
1.413e-18 7.178e+60 8.939e+24 7.163e-32 1.512e-20 1.900e-19
1.585e-18 6.039e+60 9.468e+24 7.587e-32 1.602e-20 2.013e-19
1.778e-18 5.081e+60 1.003e+25 8.036e-32 1.696e-20 2.132e-19
1.995e-18 4.275e+60 1.062e+25 8.512e-32 1.797e-20 2.258e-19
2.239e-18 3.596e+60 1.125e+25 9.015e-32 1.903e-20 2.391e-19
2.512e-18 3.026e+60 1.192e+25 9.549e-32 2.016e-20 2.533e-19
2.818e-18 2.546e+60 1.262e+25 1.011e-31 2.135e-20 2.683e-19
3.162e-18 2.142e+60 1.337e+25 1.071e-31 2.261e-20 2.841e-19
3.548e-18 1.802e+60 1.416e+25 1.134e-31 2.395e-20 3.009e-19
3.981e-18 1.516e+60 1.499e+25 1.202e-31 2.536e-20 3.187e-19
4.467e-18 1.275e+60 1.588e+25 1.273e-31 2.686e-20 3.376e-19
5.012e-18 1.073e+60 1.682e+25 1.348e-31 2.845e-20 3.575e-19
5.623e-18 9.025e+59 1.781e+25 1.428e-31 3.013e-20 3.787e-19
6.310e-18 7.593e+59 1.887e+25 1.512e-31 3.191e-20 4.010e-19
7.079e-18 6.388e+59 1.998e+25 1.601e-31 3.380e-20 4.247e-19
7.943e-18 5.374e+59 2.116e+25 1.696e-31 3.580e-20 4.498e-19
8.913e-18 4.521e+59 2.241e+25 1.796e-31 3.791e-20 4.764e-19
1.000e-17 3.803e+59 2.374e+25 1.902e-31 4.015e-20 5.045e-19
1.122e-17 3.199e+59 2.514e+25 2.014e-31 4.252e-20 5.343e-19
1.259e-17 2.691e+59 2.662e+25 2.133e-31 4.503e-20 5.659e-19
1.413e-17 2.264e+59 2.819e+25 2.259e-31 4.769e-20 5.993e-19
1.585e-17 1.904e+59 2.986e+25 2.393e-31 5.050e-20 6.346e-19
1.778e-17 1.602e+59 3.162e+25 2.534e-31 5.348e-20 6.721e-19
1.995e-17 1.348e+59 3.348e+25 2.683e-31 5.664e-20 7.117e-19
2.239e-17 1.133e+59 3.546e+25 2.841e-31 5.998e-20 7.537e-19
2.512e-17 9.534e+58 3.755e+25 3.009e-31 6.351e-20 7.981e-19
2.818e-17 8.020e+58 3.976e+25 3.186e-31 6.725e-20 8.451e-19
3.162e-17 6.746e+58 4.210e+25 3.374e-31 7.122e-20 8.949e-19
3.548e-17 5.674e+58 4.458e+25 3.573e-31 7.541e-20 9.476e-19
3.981e-17 4.772e+58 4.721e+25 3.783e-31 7.985e-20 1.003e-18
4.467e-17 4.014e+58 4.999e+25 4.006e-31 8.455e-20 1.062e-18
5.012e-17 3.376e+58 5.293e+25 4.241e-31 8.952e-20 1.125e-18
5.623e-17 2.839e+58 5.604e+25 4.491e-31 9.479e-20 1.191e-18
6.310e-17 2.388e+58 5.933e+25 4.755e-31 1.004e-19 1.261e-18
7.079e-17 2.008e+58 6.282e+25 5.034e-31 1.063e-19 1.335e-18
7.943e-17 1.689e+58 6.651e+25 5.330e-31 1.125e-19 1.414e-18
8.913e-17 1.420e+58 7.041e+25 5.642e-31 1.191e-19 1.497e-18
1.000e-16 1.194e+58 7.454e+25 5.973e-31 1.261e-19 1.584e-18
1.122e-16 1.004e+58 7.891e+25 6.324e-31 1.335e-19 1.677e-18
1.259e-16 8.445e+57 8.353e+25 6.694e-31 1.413e-19 1.776e-18
1.413e-16 7.101e+57 8.843e+25 7.086e-31 1.496e-19 1.880e-18
1.585e-16 5.970e+57 9.360e+25 7.501e-31 1.583e-19 1.990e-18
1.778e-16 5.020e+57 9.907e+25 7.939e-31 1.676e-19 2.106e-18
1.995e-16 4.220e+57 1.049e+26 8.403e-31 1.774e-19 2.229e-18
2.239e-16 3.548e+57 1.110e+26 8.894e-31 1.877e-19 2.359e-18
2.512e-16 2.983e+57 1.175e+26 9.413e-31 1.987e-19 2.497e-18
2.818e-16 2.507e+57 1.243e+26 9.961e-31 2.103e-19 2.642e-18
3.162e-16 2.108e+57 1.315e+26 1.054e-30 2.225e-19 2.796e-18
3.548e-16 1.771e+57 1.392e+26 1.115e-30 2.355e-19 2.959e-18
3.981e-16 1.489e+57 1.473e+26 1.180e-30 2.491e-19 3.131e-18
4.467e-16 1.251e+57 1.558e+26 1.249e-30 2.636e-19 3.312e-18
5.012e-16 1.052e+57 1.649e+26 1.321e-30 2.789e-19 3.505e-18
5.623e-16 8.837e+56 1.744e+26 1.398e-30 2.950e-19 3.707e-18
6.310e-16 7.425e+56 1.845e+26 1.479e-30 3.121e-19 3.922e-18
7.079e-16 6.239e+56 1.952e+26 1.564e-30 3.301e-19 4.148e-18
7.943e-16 5.242e+56 2.064e+26 1.654e-30 3.492e-19 4.388e-18
8.913e-16 4.403e+56 2.183e+26 1.749e-30 3.693e-19 4.640e-18
1.000e-15 3.699e+56 2.309e+26 1.850e-30 3.905e-19 4.907e-18
1.122e-15 3.107e+56 2.441e+26 1.956e-30 4.129e-19 5.189e-18
1.259e-15 2.609e+56 2.581e+26 2.068e-30 4.366e-19 5.486e-18
1.413e-15 2.191e+56 2.729e+26 2.187e-30 4.615e-19 5.800e-18
1.585e-15 1.840e+56 2.884e+26 2.311e-30 4.879e-19 6.131e-18
1.778e-15 1.545e+56 3.049e+26 2.443e-30 5.157e-19 6.480e-18
1.995e-15 1.297e+56 3.222e+26 2.582e-30 5.450e-19 6.848e-18
2.239e-15 1.088e+56 3.404e+26 2.728e-30 5.759e-19 7.237e-18
2.512e-15 9.134e+55 3.597e+26 2.883e-30 6.084e-19 7.646e-18
2.818e-15 7.665e+55 3.800e+26 3.045e-30 6.428e-19 8.077e-18
3.162e-15 6.431e+55 4.014e+26 3.216e-30 6.789e-19 8.532e-18
3.548e-15 5.395e+55 4.239e+26 3.397e-30 7.170e-19 9.010e-18
3.981e-15 4.525e+55 4.476e+26 3.587e-30 7.571e-19 9.514e-18
4.467e-15 3.795e+55 4.726e+26 3.787e-30 7.994e-19 1.005e-17
5.012e-15 3.182e+55 4.988e+26 3.997e-30 8.438e-19 1.060e-17
5.623e-15 2.667e+55 5.265e+26 4.219e-30 8.905e-19 1.119e-17
6.310e-15 2.236e+55 5.555e+26 4.452e-30 9.396e-19 1.181e-17
7.079e-15 1.873e+55 5.860e+26 4.696e-30 9.913e-19 1.246e-17
7.943e-15 1.570e+55 6.181e+26 4.953e-30 1.046e-18 1.314e-17
8.913e-15 1.315e+55 6.518e+26 5.223e-30 1.102e-18 1.385e-17
1.000e-14 1.101e+55 6.871e+26 5.506e-30 1.162e-18 1.461e-17
1.122e-14 9.217e+54 7.242e+26 5.804e-30 1.225e-18 1.539e-17
1.259e-14 7.714e+54 7.631e+26 6.115e-30 1.291e-18 1.622e-17
1.413e-14 6.455e+54 8.039e+26 6.442e-30 1.360e-18 1.709e-17
1.585e-14 5.400e+54 8.466e+26 6.784e-30 1.432e-18 1.800e-17
1.778e-14 4.516e+54 8.913e+26 7.142e-30 1.508e-18 1.895e-17
1.995e-14 3.775e+54 9.381e+26 7.517e-30 1.587e-18 1.994e-17
2.239e-14 3.155e+54 9.870e+26 7.909e-30 1.669e-18 2.098e-17
2.512e-14 2.636e+54 1.038e+27 8.318e-30 1.756e-18 2.206e-17
2.818e-14 2.201e+54 1.091e+27 8.746e-30 1.846e-18 2.320e-17
3.162e-14 1.838e+54 1.147e+27 9.192e-30 1.940e-18 2.438e-17
3.548e-14 1.534e+54 1.205e+27 9.656e-30 2.038e-18 2.561e-17
3.981e-14 1.279e+54 1.265e+27 1.014e-29 2.140e-18 2.690e-17
4.467e-14 1.067e+54 1.328e+27 1.064e-29 2.247e-18 2.823e-17
5.012e-14 8.889e+53 1.394e+27 1.117e-29 2.357e-18 2.962e-17
5.623e-14 7.405e+53 1.461e+27 1.171e-29 2.472e-18 3.107e-17
6.310e-14 6.165e+53 1.532e+27 1.228e-29 2.591e-18 3.256e-17
7.079e-14 5.130e+53 1.605e+27 1.286e-29 2.715e-18 3.411e-17
7.943e-14 4.267e+53 1.680e+27 1.347e-29 2.842e-18 3.572e-17
8.913e-14 3.547e+53 1.758e+27 1.409e-29 2.974e-18 3.738e-17
1.000e-13 2.946e+53 1.839e+27 1.474e-29 3.111e-18 3.909e-17
1.122e-13 2.446e+53 1.922e+27 1.540e-29 3.251e-18 4.086e-17
1.259e-13 2.030e+53 2.008e+27 1.609e-29 3.396e-18 4.268e-17
1.413e-13 1.683e+53 2.096e+27 1.679e-29 3.545e-18 4.454e-17
1.585e-13 1.394e+53 2.186e+27 1.752e-29 3.697e-18 4.646e-17
1.778e-13 1.154e+53 2.278e+27 1.826e-29 3.854e-18 4.843e-17
1.995e-13 9.549e+52 2.373e+27 1.901e-29 4.013e-18 5.043e-17
2.239e-13 7.893e+52 2.469e+27 1.979e-29 4.177e-18 5.248e-17
2.512e-13 6.519e+52 2.567e+27 2.057e-29 4.343e-18 5.457e-17
2.818e-13 5.379e+52 2.667e+27 2.137e-29 4.511e-18 5.669e-17
3.162e-13 4.435e+52 2.768e+27 2.218e-29 4.682e-18 5.884e-17
3.548e-13 3.653e+52 2.870e+27 2.300e-29 4.855e-18 6.101e-17
3.981e-13 3.005e+52 2.973e+27 2.382e-29 5.029e-18 6.319e-17
4.467e-13 2.470e+52 3.076e+27 2.465e-29 5.204e-18 6.539e-17
5.012e-13 2.028e+52 3.180e+27 2.548e-29 5.379e-18 6.759e-17
5.623e-13 1.663e+52 3.283e+27 2.631e-29 5.553e-18 6.979e-17
6.310e-13 1.363e+52 3.386e+27 2.713e-29 5.727e-18 7.197e-17
7.079e-13 1.115e+52 3.487e+27 2.795e-29 5.899e-18 7.413e-17
7.943e-13 9.109e+51 3.587e+27 2.875e-29 6.068e-18 7.625e-17
8.913e-13 7.433e+51 3.685e+27 2.953e-29 6.233e-18 7.833e-17
1.000e-12 6.057e+51 3.780e+27 3.029e-29 6.394e-18 8.036e-17
1.122e-12 4.928e+51 3.872e+27 3.103e-29 6.550e-18 8.231e-17
1.259e-12 4.004e+51 3.961e+27 3.174e-29 6.700e-18 8.419e-17
1.413e-12 3.248e+51 4.045e+27 3.241e-29 6.842e-18 8.598e-17
1.585e-12 2.630e+51 4.124e+27 3.305e-29 6.975e-18 8.766e-17
1.778e-12 2.126e+51 4.197e+27 3.363e-29 7.100e-18 8.922e-17
1.995e-12 1.716e+51 4.264e+27 3.417e-29 7.213e-18 9.064e-17
2.239e-12 1.382e+51 4.324e+27 3.465e-29 7.315e-18 9.192e-17
2.512e-12 1.111e+51 4.377e+27 3.507e-29 7.404e-18 9.304e-17
2.818e-12 8.918e+50 4.421e+27 3.543e-29 7.479e-18 9.398e-17
3.162e-12 7.140e+50 4.457e+27 3.571e-29 7.539e-18 9.473e-17
3.548e-12 5.705e+50 4.483e+27 3.592e-29 7.582e-18 9.528e-17
3.981e-12 4.548e+50 4.499e+27 3.605e-29 7.609e-18 9.562e-17
4.467e-12 3.617e+50 4.504e+27 3.609e-29 7.619e-18 9.574e-17
5.012e-12 2.869e+50 4.498e+27 3.605e-29 7.609e-18 9.562e-17
5.623e-12 2.271e+50 4.481e+27 3.591e-29 7.580e-18 9.526e-17
6.310e-12 1.792e+50 4.453e+27 3.568e-29 7.532e-18 9.465e-17
7.079e-12 1.410e+50 4.412e+27 3.535e-29 7.463e-18 9.378e-17
7.943e-12 1.107e+50 4.359e+27 3.493e-29 7.373e-18 9.266e-17
8.913e-12 8.661e+49 4.294e+27 3.441e-29 7.263e-18 9.127e-17
1.000e-11 6.756e+49 4.217e+27 3.379e-29 7.133e-18 8.963e-17
1.122e-11 5.253e+49 4.128e+27 3.308e-29 6.982e-18 8.774e-17
1.259e-11 4.071e+49 4.027e+27 3.227e-29 6.811e-18 8.560e-17
1.413e-11 3.144e+49 3.915e+27 3.137e-29 6.622e-18 8.321e-17
1.585e-11 2.419e+49 3.792e+27 3.039e-29 6.414e-18 8.061e-17
1.778e-11 1.854e+49 3.659e+27 2.932e-29 6.190e-18 7.779e-17
1.995e-11 1.416e+49 3.517e+27 2.819e-29 5.950e-18 7.477e-17
2.239e-11 1.076e+49 3.367e+27 2.698e-29 5.696e-18 7.157e-17
2.512e-11 8.150e+48 3.210e+27 2.572e-29 5.429e-18 6.822e-17
2.818e-11 6.143e+48 3.046e+27 2.441e-29 5.152e-18 6.474e-17
3.162e-11 4.610e+48 2.877e+27 2.306e-29 4.867e-18 6.116e-17
3.548e-11 3.442e+48 2.704e+27 2.167e-29 4.575e-18 5.749e-17
3.981e-11 2.557e+48 2.530e+27 2.027e-29 4.279e-18 5.377e-17
4.467e-11 1.890e+48 2.353e+27 1.886e-29 3.981e-18 5.002e-17
5.012e-11 1.389e+48 2.178e+27 1.745e-29 3.683e-18 4.629e-17
5.623e-11 1.015e+48 2.003e+27 1.605e-29 3.388e-18 4.258e-17
6.310e-11 7.372e+47 1.832e+27 1.468e-29 3.098e-18 3.893e-17
7.079e-11 5.320e+47 1.664e+27 1.334e-29 2.815e-18 3.538e-17
7.943e-11 3.814e+47 1.502e+27 1.204e-29 2.541e-18 3.193e-17
8.913e-11 2.715e+47 1.346e+27 1.079e-29 2.277e-18 2.861e-17
1.000e-10 1.918e+47 1.197e+27 9.595e-30 2.025e-18 2.545e-17
1.122e-10 1.345e+47 1.057e+27 8.467e-30 1.787e-18 2.246e-17
1.259e-10 9.347e+46 9.246e+26 7.409e-30 1.564e-18 1.965e-17
1.413e-10 6.438e+46 8.018e+26 6.425e-30 1.356e-18 1.704e-17
1.585e-10 4.391e+46 6.885e+26 5.517e-30 1.165e-18 1.463e-17
1.778e-10 2.964e+46 5.850e+26 4.688e-30 9.896e-19 1.244e-17
1.995e-10 1.978e+46 4.915e+26 3.938e-30 8.313e-19 1.045e-17
2.239e-10 1.303e+46 4.077e+26 3.267e-30 6.897e-19 8.667e-18
2.512e-10 8.472e+45 3.336e+26 2.674e-30 5.644e-19 7.092e-18
2.818e-10 5.424e+45 2.689e+26 2.155e-30 4.549e-19 5.716e-18
3.162e-10 3.414e+45 2.131e+26 1.708e-30 3.605e-19 4.530e-18
3.548e-10 2.109e+45 1.657e+26 1.328e-30 2.803e-19 3.523e-18
3.981e-10 1.276e+45 1.262e+26 1.011e-30 2.135e-19 2.683e-18
4.467e-10 7.536e+44 9.385e+25 7.521e-31 1.587e-19 1.995e-18
5.012e-10 4.334e+44 6.794e+25 5.445e-31 1.149e-19 1.444e-18
5.623e-10 2.418e+44 4.772e+25 3.824e-31 8.073e-20 1.014e-18
6.310e-10 1.304e+44 3.239e+25 2.596e-31 5.479e-20 6.885e-19
7.079e-10 6.760e+43 2.115e+25 1.695e-31 3.577e-20 4.495e-19
7.943e-10 3.354e+43 1.321e+25 1.058e-31 2.234e-20 2.807e-19
8.913e-10 1.582e+43 7.846e+24 6.287e-32 1.327e-20 1.668e-19
1.000e-09 7.053e+42 4.402e+24 3.528e-32 7.446e-21 9.357e-20
1.122e-09 2.946e+42 2.315e+24 1.855e-32 3.916e-21 4.921e-20
1.259e-09 1.144e+42 1.131e+24 9.065e-33 1.913e-21 2.404e-20
1.413e-09 4.082e+41 5.084e+23 4.074e-33 8.599e-22 1.081e-20
1.585e-09 1.325e+41 2.078e+23 1.665e-33 3.515e-22 4.417e-21
1.778e-09 3.863e+40 7.625e+22 6.110e-34 1.290e-22 1.621e-21
1.995e-09 9.963e+39 2.476e+22 1.984e-34 4.188e-23 5.262e-22
2.239e-09 2.236e+39 6.996e+21 5.606e-35 1.183e-23 1.487e-22
2.512e-09 4.288e+38 1.689e+21 1.353e-35 2.856e-24 3.589e-23
2.818e-09 6.875e+37 3.408e+20 2.731e-36 5.766e-25 7.245e-24
3.162e-09 8.954e+36 5.589e+19 4.479e-37 9.454e-26 1.188e-24
3.548e-09 9.184e+35 7.217e+18 5.783e-38 1.221e-26 1.534e-25
3.981e-09 5.295e+34 5.238e+17 4.198e-39 8.861e-28 1.113e-26
4.467e-09 0.000e+00 0.000e+00 0.000e+00 0.000e+00 0.000e+00
5.012e-09 0.000e+00 0.000e+00 0.000e+00 0.000e+00 0.000e+00
5.623e-09 0.000e+00 0.000e+00 0.000e+00 0.000e+00 0.000e+00
6.310e-09 0.000e+00 0.000e+00 0.000e+00 0.000e+00 0.000e+00
7.079e-09 0.000e+00 0.000e+00 0.000e+00 0.000e+00 0.000e+00
7.943e-09 0.000e+00 0.000e+00 0.000e+00 0.000e+00 0.000e+00
8.913e-09 0.000e+00 0.000e+00 0.000e+00 0.000e+00 0.000e+00
1.000e-08 0.000e+00 0.000e+00 0.000e+00 0.000e+00 0.000e+00
1.122e-08 0.000e+00 0.000e+00 0.000e+00 0.000e+00 0.000e+00
1.259e-08 0.000e+00 0.000e+00 0.000e+00 0.000e+00 0.000e+00
1.413e-08 0.000e+00 0.000e+00 0.000e+00 0.000e+00 0.000e+00
1.585e-08 0.000e+00 0.000e+00 0.000e+00 0.000e+00 0.000e+00
1.778e-08 0.000e+00 0.000e+00 0.000e+00 0.000e+00 0.000e+00
1.995e-08 0.000e+00 0.000e+00 0.000e+00 0.000e+00 0.000e+00
2.239e-08 0.000e+00 0.000e+00 0.000e+00 0.000e+00 0.000e+00
2.512e-08 0.000e+00 0.000e+00 0.000e+00 0.000e+00 0.000e+00
2.818e-08 0.000e+00 0.000e+00 0.000e+00 0.000e+00 0.000e+00
3.162e-08 0.000e+00 0.000e+00 0.000e+00 0.000e+00 0.000e+00
3.548e-08 0.000e+00 0.000e+00 0.000e+00 0.000e+00 0.000e+00
3.981e-08 0.000e+00 0.000e+00 0.000e+00 0.000e+00 0.000e+00
4.467e-08 0.000e+00 0.000e+00 0.000e+00 0.000e+00 0.000e+00
5.012e-08 0.000e+00 0.000e+00 0.000e+00 0.000e+00 0.000e+00
5.623e-08 0.000e+00 0.000e+00 0.000e+00 0.000e+00 0.000e+00
6.310e-08 0.000e+00 0.000e+00 0.000e+00 0.000e+00 0.000e+00
7.079e-08 0.000e+00 0.000e+00 0.000e+00 0.000e+00 0.000e+00
7.943e-08 0.000e+00 0.000e+00 0.000e+00 0.000e+00 0.000e+00
8.913e-08 0.000e+00 0.000e+00 0.000e+00 0.000e+00 0.000e+00
1.000e-07 0.000e+00 0.000e+00 0.000e+00 0.000e+00 0.000e+00
1.122e-07 0.000e+00 0.000e+00 0.000e+00 0.000e+00 0.000e+00
1.259e-07 0.000e+00 0.000e+00 0.000e+00 0.000e+00 0.000e+00
1.413e-07 0.000e+00 0.000e+00 0.000e+00 0.000e+00 0.000e+00
1.585e-07 0.000e+00 0.000e+00 0.000e+00 0.000e+00 0.000e+00
1.778e-07 0.000e+00 0.000e+00 0.000e+00 0.000e+00 0.000e+00
1.995e-07 0.000e+00 0.000e+00 0.000e+00 0.000e+00 0.000e+00
2.239e-07 0.000e+00 0.000e+00 0.000e+00 0.000e+00 0.000e+00
2.512e-07 0.000e+00 0.000e+00 0.000e+00 0.000e+00 0.000e+00
2.818e-07 0.000e+00 0.000e+00 0.000e+00 0.000e+00 0.000e+00
3.162e-07 0.000e+00 0.000e+00 0.000e+00 0.000e+00 0.000e+00
3.548e-07 0.000e+00 0.000e+00 0.000e+00 0.000e+00 0.000e+00
3.981e-07 0.000e+00 0.000e+00 0.000e+00 0.000e+00 0.000e+00
4.467e-07 0.000e+00 0.000e+00 0.000e+00 0.000e+00 0.000e+00
5.012e-07 0.000e+00 0.000e+00 0.000e+00 0.000e+00 0.000e+00
5.623e-07 0.000e+00 0.000e+00 0.000e+00 0.000e+00 0.000e+00
6.310e-07 0.000e+00 0.000e+00 0.000e+00 0.000e+00 0.000e+00
7.079e-07 0.000e+00 0.000e+00 0.000e+00 0.000e+00 0.000e+00
7.943e-07 0.000e+00 0.000e+00 0.000e+00 0.000e+00 0.000e+00
8.913e-07 0.000e+00 0.000e+00 0.000e+00 0.000e+00 0.000e+00
1.000e-06 0.000e+00 0.000e+00 0.000e+00 0.000e+00 0.000e+00
1.122e-06 0.000e+00 0.000e+00 0.000e+00 0.000e+00 0.000e+00
1.259e-06 0.000e+00 0.000e+00 0.000e+00 0.000e+00 0.000e+00
1.413e-06 0.000e+00 0.000e+00 0.000e+00 0.000e+00 0.000e+00
1.585e-06 0.000e+00 0.000e+00 0.000e+00 0.000e+00 0.000e+00
1.778e-06 0.000e+00 0.000e+00 0.000e+00 0.000e+00 0.000e+00
1.995e-06 0.000e+00 0.000e+00 0.000e+00 0.000e+00 0.000e+00
2.239e-06 0.000e+00 0.000e+00 0.000e+00 0.000e+00 0.000e+00
2.512e-06 0.000e+00 0.000e+00 0.000e+00 0.000e+00 0.000e+00
2.818e-06 0.000e+00 0.000e+00 0.000e+00 0.000e+00 0.000e+00
3.162e-06 0.000e+00 0.000e+00 0.000e+00 0.000e+00 0.000e+00
3.548e-06 0.000e+00 0.000e+00 0.000e+00 0.000e+00 0.000e+00
3.981e-06 0.000e+00 0.000e+00 0.000e+00 0.000e+00 0.000e+00
4.467e-06 0.000e+00 0.000e+00 0.000e+00 0.000e+00 0.000e+00
5.012e-06 0.000e+00 0.000e+00 0.000e+00 0.000e+00 0.000e+00
5.623e-06 0.000e+00 0.000e+00 0.000e+00 0.000e+00 0.000e+00
6.310e-06 0.000e+00 0.000e+00 0.000e+00 0.000e+00 0.000e+00
7.079e-06 0.000e+00 0.000e+00 0.000e+00 0.000e+00 0.000e+00
7.943e-06 0.000e+00 0.000e+00 0.000e+00 0.000e+00 0.000e+00
8.913e-06 0.000e+00 0.000e+00 0.000e+00 0.000e+00 0.000e+00
1.000e-05 0.000e+00 0.000e+00 0.000e+00 0.000e+00 0.000e+00
1.122e-05 0.000e+00 0.000e+00 0.000e+00 0.000e+00 0.000e+00
1.259e-05 0.000e+00 0.000e+00 0.000e+00 0.000e+00 0.000e+00
1.413e-05 0.000e+00 0.000e+00 0.000e+00 0.000e+00 0.000e+00
1.585e-05 0.000e+00 0.000e+00 0.000e+00 0.000e+00 0.000e+00
1.778e-05 0.000e+00 0.000e+00 0.000e+00 0.000e+00 0.000e+00
1.995e-05 0.000e+00 0.000e+00 0.000e+00 0.000e+00 0.000e+00
2.239e-05 0.000e+00 0.000e+00 0.000e+00 0.000e+00 0.000e+00
2.512e-05 0.000e+00 0.000e+00 0.000e+00 0.000e+00 0.000e+00
2.818e-05 0.000e+00 0.000e+00 0.000e+00 0.000e+00 0.000e+00
3.162e-05 0.000e+00 0.000e+00 0.000e+00 0.000e+00 0.000e+00
3.548e-05 0.000e+00 0.000e+00 0.000e+00 0.000e+00 0.000e+00
3.981e-05 0.000e+00 0.000e+00 0.000e+00 0.000e+00 0.000e+00
4.467e-05 0.000e+00 0.000e+00 0.000e+00 0.000e+00 0.000e+00
5.012e-05 0.000e+00 0.000e+00 0.000e+00 0.000e+00 0.000e+00
5.623e-05 0.000e+00 0.000e+00 0.000e+00 0.000e+00 0.000e+00
6.310e-05 0.000e+00 0.000e+00 0.000e+00 0.000e+00 0.000e+00
7.079e-05 0.000e+00 0.000e+00 0.000e+00 0.000e+00 0.000e+00
7.943e-05 0.000e+00 0.000e+00 0.000e+00 0.000e+00 0.000e+00
8.913e-05 0.000e+00 0.000e+00 0.000e+00 0.000e+00 0.000e+00
1.000e-04 0.000e+00 0.000e+00 0.000e+00 0.000e+00 0.000e+00
1.122e-04 0.000e+00 0.000e+00 0.000e+00 0.000e+00 0.000e+00
1.259e-04 0.000e+00 0.000e+00 0.000e+00 0.000e+00 0.000e+00
1.413e-04 0.000e+00 0.000e+00 0.000e+00 0.000e+00 0.000e+00
1.585e-04 0.000e+00 0.000e+00 0.000e+00 0.000e+00 0.000e+00
1.778e-04 0.000e+00 0.000e+00 0.000e+00 0.000e+00 0.000e+00
1.995e-04 0.000e+00 0.000e+00 0.000e+00 0.000e+00 0.000e+00
2.239e-04 0.000e+00 0.000e+00 0.000e+00 0.000e+00 0.000e+00
2.512e-04 0.000e+00 0.000e+00 0.000e+00 0.000e+00 0.000e+00
2.818e-04 0.000e+00 0.000e+00 0.000e+00 0.000e+00 0.000e+00
3.162e-04 0.000e+00 0.000e+00 0.000e+00 0.000e+00 0.000e+00
3.548e-04 0.000e+00 0.000e+00 0.000e+00 0.000e+00 0.000e+00
3.981e-04 0.000e+00 0.000e+00 0.000e+00 0.000e+00 0.000e+00
4.467e-04 0.000e+00 0.000e+00 0.000e+00 0.000e+00 0.000e+00
5.012e-04 0.000e+00 0.000e+00 0.000e+00 0.000e+00 0.000e+00
5.623e-04 0.000e+00 0.000e+00 0.000e+00 0.000e+00 0.000e+00
6.310e-04 0.000e+00 0.000e+00 0.000e+00 0.000e+00 0.000e+00
7.079e-04 0.000e+00 0.000e+00 0.000e+00 0.000e+00 0.000e+00
7.943e-04 0.000e+00 0.000e+00 0.000e+00 0.000e+00 0.000e+00
8.913e-04 0.000e+00 0.000e+00 0.000e+00 0.000e+00 0.000e+00
1.000e-03 0.000e+00 0.000e+00 0.000e+00 0.000e+00 0.000e+00
1.122e-03 0.000e+00 0.000e+00 0.000e+00 0.000e+00 0.000e+00
1.259e-03 0.000e+00 0.000e+00 0.000e+00 0.000e+00 0.000e+00
1.413e-03 0.000e+00 0.000e+00 0.000e+00 0.000e+00 0.000e+00
1.585e-03 0.000e+00 0.000e+00 0.000e+00 0.000e+00 0.000e+00
1.778e-03 0.000e+00 0.000e+00 0.000e+00 0.000e+00 0.000e+00
1.995e-03 0.000e+00 0.000e+00 0.000e+00 0.000e+00 0.000e+00
2.239e-03 0.000e+00 0.000e+00 0.000e+00 0.000e+00 0.000e+00
2.512e-03 0.000e+00 0.000e+00 0.000e+00 0.000e+00 0.000e+00
2.818e-03 0.000e+00 0.000e+00 0.000e+00 0.000e+00 0.000e+00
3.162e-03 0.000e+00 0.000e+00 0.000e+00 0.000e+00 0.000e+00
3.548e-03 0.000e+00 0.000e+00 0.000e+00 0.000e+00 0.000e+00
3.981e-03 0.000e+00 0.000e+00 0.000e+00 0.000e+00 0.000e+00
4.467e-03 0.000e+00 0.000e+00 0.000e+00 0.000e+00 0.000e+00
5.012e-03 0.000e+00 0.000e+00 0.000e+00 0.000e+00 0.000e+00
5.623e-03 0.000e+00 0.000e+00 0.000e+00 0.000e+00 0.000e+00
6.310e-03 0.000e+00 0.000e+00 0.000e+00 0.000e+00 0.000e+00
7.079e-03 0.000e+00 0.000e+00 0.000e+00 0.000e+00 0.000e+00
7.943e-03 0.000e+00 0.000e+00 0.000e+00 0.000e+00 0.000e+00
8.913e-03 0.000e+00 0.000e+00 0.000e+00 0.000e+00 0.000e+00
1.000e-02 0.000e+00 0.000e+00 0.000e+00 0.000e+00 0.000e+00
1.122e-02 0.000e+00 0.000e+00 0.000e+00 0.000e+00 0.000e+00
1.259e-02 0.000e+00 0.000e+00 0.000e+00 0.000e+00 0.000e+00
1.413e-02 0.000e+00 0.000e+00 0.000e+00 0.000e+00 0.000e+00
1.585e-02 0.000e+00 0.000e+00 0.000e+00 0.000e+00 0.000e+00
1.778e-02 0.000e+00 0.000e+00 0.000e+00 0.000e+00 0.000e+00
1.995e-02 0.000e+00 0.000e+00 0.000e+00 0.000e+00 0.000e+00
2.239e-02 0.000e+00 0.000e+00 0.000e+00 0.000e+00 0.000e+00
2.512e-02 0.000e+00 0.000e+00 0.000e+00 0.000e+00 0.000e+00
2.818e-02 0.000e+00 0.000e+00 0.000e+00 0.000e+00 0.000e+00
3.162e-02 0.000e+00 0.000e+00 0.000e+00 0.000e+00 0.000e+00
3.548e-02 0.000e+00 0.000e+00 0.000e+00 0.000e+00 0.000e+00
3.981e-02 0.000e+00 0.000e+00 0.000e+00 0.000e+00 0.000e+00
4.467e-02 0.000e+00 0.000e+00 0.000e+00 0.000e+00 0.000e+00
5.012e-02 0.000e+00 0.000e+00 0.000e+00 0.000e+00 0.000e+00
5.623e-02 0.000e+00 0.000e+00 0.000e+00 0.000e+00 0.000e+00
6.310e-02 0.000e+00 0.000e+00 0.000e+00 0.000e+00 0.000e+00
7.079e-02 0.000e+00 0.000e+00 0.000e+00 0.000e+00 0.000e+00
7.943e-02 0.000e+00 0.000e+00 0.000e+00 0.000e+00 0.000e+00
8.913e-02 0.000e+00 0.000e+00 0.000e+00 0.000e+00 0.000e+00
1.000e-01 0.000e+00 0.000e+00 0.000e+00 0.000e+00 0.000e+00
1.122e-01 0.000e+00 0.000e+00 0.000e+00 0.000e+00 0.000e+00
1.259e-01 0.000e+00 0.000e+00 0.000e+00 0.000e+00 0.000e+00
1.413e-01 0.000e+00 0.000e+00 0.000e+00 0.000e+00 0.000e+00
1.585e-01 0.000e+00 0.000e+00 0.000e+00 0.000e+00 0.000e+00
1.778e-01 0.000e+00 0.000e+00 0.000e+00 0.000e+00 0.000e+00
1.995e-01 0.000e+00 0.000e+00 0.000e+00 0.000e+00 0.000e+00
2.239e-01 0.000e+00 0.000e+00 0.000e+00 0.000e+00 0.000e+00
2.512e-01 0.000e+00 0.000e+00 0.000e+00 0.000e+00 0.000e+00
2.818e-01 0.000e+00 0.000e+00 0.000e+00 0.000e+00 0.000e+00
3.162e-01 0.000e+00 0.000e+00 0.000e+00 0.000e+00 0.000e+00
3.548e-01 0.000e+00 0.000e+00 0.000e+00 0.000e+00 0.000e+00
3.981e-01 0.000e+00 0.000e+00 0.000e+00 0.000e+00 0.000e+00
4.467e-01 0.000e+00 0.000e+00 0.000e+00 0.000e+00 0.000e+00
5.012e-01 0.000e+00 0.000e+00 0.000e+00 0.000e+00 0.000e+00
5.623e-01 0.000e+00 0.000e+00 0.000e+00 0.000e+00 0.000e+00
6.310e-01 0.000e+00 0.000e+00 0.000e+00 0.000e+00 0.000e+00
7.079e-01 0.000e+00 0.000e+00 0.000e+00 0.000e+00 0.000e+00
7.943e-01 0.000e+00 0.000e+00 0.000e+00 0.000e+00 0.000e+00
8.913e-01 0.000e+00 0.000e+00 0.000e+00 0.000e+00 0.000e+00
1.000e+00 0.000e+00 0.000e+00 0.000e+00 0.000e+00 0.000e+00
1.122e+00 0.000e+00 0.000e+00 0.000e+00 0.000e+00 0.000e+00
1.259e+00 0.000e+00 0.000e+00 0.000e+00 0.000e+00 0.000e+00
1.413e+00 0.000e+00 0.000e+00 0.000e+00 0.000e+00 0.000e+00
1.585e+00 0.000e+00 0.000e+00 0.000e+00 0.000e+00 0.000e+00
1.778e+00 0.000e+00 0.000e+00 0.000e+00 0.000e+00 0.000e+00
1.995e+00 0.000e+00 0.000e+00 0.000e+00 0.000e+00 0.000e+00
2.239e+00 0.000e+00 0.000e+00 0.000e+00 0.000e+00 0.000e+00
2.512e+00 0.000e+00 0.000e+00 0.000e+00 0.000e+00 0.000e+00
2.818e+00 0.000e+00 0.000e+00 0.000e+00 0.000e+00 0.000e+00
3.162e+00 0.000e+00 0.000e+00 0.000e+00 0.000e+00 0.000e+00
3.548e+00 0.000e+00 0.000e+00 0.000e+00 0.000e+00 0.000e+00
3.981e+00 0.000e+00 0.000e+00 0.000e+00 0.000e+00 0.000e+00
4.467e+00 0.000e+00 0.000e+00 0.000e+00 0.000e+00 0.000e+00
5.012e+00 0.000e+00 0.000e+00 0.000e+00 0.000e+00 0.000e+00
5.623e+00 0.000e+00 0.000e+00 0.000e+00 0.000e+00 0.000e+00
6.310e+00 0.000e+00 0.000e+00 0.000e+00 0.000e+00 0.000e+00
7.079e+00 0.000e+00 0.000e+00 0.000e+00 0.000e+00 0.000e+00
7.943e+00 0.000e+00 0.000e+00 0.000e+00 0.000e+00 0.000e+00
8.913e+00 0.000e+00 0.000e+00 0.000e+00 0.000e+00 0.000e+00
1.000e+01 0.000e+00 0.000e+00 0.000e+00 0.000e+00 0.000e+00
1.122e+01 0.000e+00 0.000e+00 0.000e+00 0.000e+00 0.000e+00
1.259e+01 0.000e+00 0.000e+00 0.000e+00 0.000e+00 0.000e+00
1.413e+01 0.000e+00 0.000e+00 0.000e+00 0.000e+00 0.000e+00
1.585e+01 0.000e+00 0.000e+00 0.000e+00 0.000e+00 0.000e+00
1.778e+01 0.000e+00 0.000e+00 0.000e+00 0.000e+00 0.000e+00
1.995e+01 0.000e+00 0.000e+00 0.000e+00 0.000e+00 0.000e+00
2.239e+01 0.000e+00 0.000e+00 0.000e+00 0.000e+00 0.000e+00
2.512e+01 0.000e+00 0.000e+00 0.000e+00 0.000e+00 0.000e+00
2.818e+01 0.000e+00 0.000e+00 0.000e+00 0.000e+00 0.000e+00
3.162e+01 0.000e+00 0.000e+00 0.000e+00 0.000e+00 0.000e+00
3.548e+01 0.000e+00 0.000e+00 0.000e+00 0.000e+00 0.000e+00
3.981e+01 0.000e+00 0.000e+00 0.000e+00 0.000e+00 0.000e+00
4.467e+01 0.000e+00 0.000e+00 0.000e+00 0.000e+00 0.000e+00
5.012e+01 0.000e+00 0.000e+00 0.000e+00 0.000e+00 0.000e+00
5.623e+01 0.000e+00 0.000e+00 0.000e+00 0.000e+00 0.000e+00
6.310e+01 0.000e+00 0.000e+00 0.000e+00 0.000e+00 0.000e+00
7.079e+01 0.000e+00 0.000e+00 0.000e+00 0.000e+00 0.000e+00
7.943e+01 0.000e+00 0.000e+00 0.000e+00 0.000e+00 0.000e+00
8.913e+01 0.000e+00 0.000e+00 0.000e+00 0.000e+00 0.000e+00
1.000e+02 0.000e+00 0.000e+00 0.000e+00 0.000e+00 0.000e+00
1.122e+02 0.000e+00 0.000e+00 0.000e+00 0.000e+00 0.000e+00
1.259e+02 0.000e+00 0.000e+00 0.000e+00 0.000e+00 0.000e+00
1.413e+02 0.000e+00 0.000e+00 0.000e+00 0.000e+00 0.000e+00
1.585e+02 0.000e+00 0.000e+00 0.000e+00 0.000e+00 0.000e+00
1.778e+02 0.000e+00 0.000e+00 0.000e+00 0.000e+00 0.000e+00
1.995e+02 0.000e+00 0.000e+00 0.000e+00 0.000e+00 0.000e+00
2.239e+02 0.000e+00 0.000e+00 0.000e+00 0.000e+00 0.000e+00
2.512e+02 0.000e+00 0.000e+00 0.000e+00 0.000e+00 0.000e+00
2.818e+02 0.000e+00 0.000e+00 0.000e+00 0.000e+00 0.000e+00
3.162e+02 0.000e+00 0.000e+00 0.000e+00 0.000e+00 0.000e+00
3.548e+02 0.000e+00 0.000e+00 0.000e+00 0.000e+00 0.000e+00
3.981e+02 0.000e+00 0.000e+00 0.000e+00 0.000e+00 0.000e+00
4.467e+02 0.000e+00 0.000e+00 0.000e+00 0.000e+00 0.000e+00
5.012e+02 0.000e+00 0.000e+00 0.000e+00 0.000e+00 0.000e+00
5.623e+02 0.000e+00 0.000e+00 0.000e+00 0.000e+00 0.000e+00
6.310e+02 0.000e+00 0.000e+00 0.000e+00 0.000e+00 0.000e+00
7.079e+02 0.000e+00 0.000e+00 0.000e+00 0.000e+00 0.000e+00
7.943e+02 0.000e+00 0.000e+00 0.000e+00 0.000e+00 0.000e+00
8.913e+02 0.000e+00 0.000e+00 0.000e+00 0.000e+00 0.000e+00
1.000e+03 0.000e+00 0.000e+00 0.000e+00 0.000e+00 0.000e+00
1.122e+03 0.000e+00 0.000e+00 0.000e+00 0.000e+00 0.000e+00
1.259e+03 0.000e+00 0.000e+00 0.000e+00 0.000e+00 0.000e+00
1.413e+03 0.000e+00 0.000e+00 0.000e+00 0.000e+00 0.000e+00
1.585e+03 0.000e+00 0.000e+00 0.000e+00 0.000e+00 0.000e+00
1.778e+03 0.000e+00 0.000e+00 0.000e+00 0.000e+00 0.000e+00
1.995e+03 0.000e+00 0.000e+00 0.000e+00 0.000e+00 0.000e+00
2.239e+03 0.000e+00 0.000e+00 0.000e+00 0.000e+00 0.000e+00
2.512e+03 0.000e+00 0.000e+00 0.000e+00 0.000e+00 0.000e+00
2.818e+03 0.000e+00 0.000e+00 0.000e+00 0.000e+00 0.000e+00
3.162e+03 0.000e+00 0.000e+00 0.000e+00 0.000e+00 0.000e+00
3.548e+03 0.000e+00 0.000e+00 0.000e+00 0.000e+00 0.000e+00
3.981e+03 0.000e+00 0.000e+00 0.000e+00 0.000e+00 0.000e+00
4.467e+03 0.000e+00 0.000e+00 0.000e+00 0.000e+00 0.000e+00
5.012e+03 0.000e+00 0.000e+00 0.000e+00 0.000e+00 0.000e+00
5.623e+03 0.000e+00 0.000e+00 0.000e+00 0.000e+00 0.000e+00
6.310e+03 0.000e+00 0.000e+00 0.000e+00 0.000e+00 0.000e+00
7.079e+03 0.000e+00 0.000e+00 0.000e+00 0.000e+00 0.000e+00
7.943e+03 0.000e+00 0.000e+00 0.000e+00 0.000e+00 0.000e+00
8.913e+03 0.000e+00 0.000e+00 0.000e+00 0.000e+00 0.000e+00
1.000e+04 0.000e+00 0.000e+00 0.000e+00 0.000e+00 0.000e+00
1.122e+04 0.000e+00 0.000e+00 0.000e+00 0.000e+00 0.000e+00
1.259e+04 0.000e+00 0.000e+00 0.000e+00 0.000e+00 0.000e+00
1.413e+04 0.000e+00 0.000e+00 0.000e+00 0.000e+00 0.000e+00
1.585e+04 0.000e+00 0.000e+00 0.000e+00 0.000e+00 0.000e+00
1.778e+04 0.000e+00 0.000e+00 0.000e+00 0.000e+00 0.000e+00
1.995e+04 0.000e+00 0.000e+00 0.000e+00 0.000e+00 0.000e+00
2.239e+04 0.000e+00 0.000e+00 0.000e+00 0.000e+00 0.000e+00
2.512e+04 0.000e+00 0.000e+00 0.000e+00 0.000e+00 0.000e+00
2.818e+04 0.000e+00 0.000e+00 0.000e+00 0.000e+00 0.000e+00
3.162e+04 0.000e+00 0.000e+00 0.000e+00 0.000e+00 0.000e+00
3.548e+04 0.000e+00 0.000e+00 0.000e+00 0.000e+00 0.000e+00
3.981e+04 0.000e+00 0.000e+00 0.000e+00 0.000e+00 0.000e+00
4.467e+04 0.000e+00 0.000e+00 0.000e+00 0.000e+00 0.000e+00
5.012e+04 0.000e+00 0.000e+00 0.000e+00 0.000e+00 0.000e+00
5.623e+04 0.000e+00 0.000e+00 0.000e+00 0.000e+00 0.000e+00
6.310e+04 0.000e+00 0.000e+00 0.000e+00 0.000e+00 0.000e+00
7.079e+04 0.000e+00 0.000e+00 0.000e+00 0.000e+00 0.000e+00
7.943e+04 0.000e+00 0.000e+00 0.000e+00 0.000e+00 0.000e+00
8.913e+04 0.000e+00 0.000e+00 0.000e+00 0.000e+00 0.000e+00
1.000e+05 0.000e+00 0.000e+00 0.000e+00 0.000e+00 0.000e+00
1.122e+05 0.000e+00 0.000e+00 0.000e+00 0.000e+00 0.000e+00
1.259e+05 0.000e+00 0.000e+00 0.000e+00 0.000e+00 0.000e+00
1.413e+05 0.000e+00 0.000e+00 0.000e+00 0.000e+00 0.000e+00
1.585e+05 0.000e+00 0.000e+00 0.000e+00 0.000e+00 0.000e+00
1.778e+05 0.000e+00 0.000e+00 0.000e+00 0.000e+00 0.000e+00
1.995e+05 0.000e+00 0.000e+00 0.000e+00 0.000e+00 0.000e+00
2.239e+05 0.000e+00 0.000e+00 0.000e+00 0.000e+00 0.000e+00
2.512e+05 0.000e+00 0.000e+00 0.000e+00 0.000e+00 0.000e+00
2.818e+05 0.000e+00 0.000e+00 0.000e+00 0.000e+00 0.000e+00
3.162e+05 0.000e+00 0.000e+00 0.000e+00 0.000e+00 0.000e+00
3.548e+05 0.000e+00 0.000e+00 0.000e+00 0.000e+00 0.000e+00
3.981e+05 0.000e+00 0.000e+00 0.000e+00 0.000e+00 0.000e+00
4.467e+05 0.000e+00 0.000e+00 0.000e+00 0.000e+00 0.000e+00
5.012e+05 0.000e+00 0.000e+00 0.000e+00 0.000e+00 0.000e+00
5.623e+05 0.000e+00 0.000e+00 0.000e+00 0.000e+00 0.000e+00
6.310e+05 0.000e+00 0.000e+00 0.000e+00 0.000e+00 0.000e+00
7.079e+05 0.000e+00 0.000e+00 0.000e+00 0.000e+00 0.000e+00
7.943e+05 0.000e+00 0.000e+00 0.000e+00 0.000e+00 0.000e+00
8.913e+05 0.000e+00 0.000e+00 0.000e+00 0.000e+00 0.000e+00
1.000e+06 0.000e+00 0.000e+00 0.000e+00 0.000e+00 0.000e+00
1.122e+06 0.000e+00 0.000e+00 0.000e+00 0.000e+00 0.000e+00
1.259e+06 0.000e+00 0.000e+00 0.000e+00 0.000e+00 0.000e+00
1.413e+06 0.000e+00 0.000e+00 0.000e+00 0.000e+00 0.000e+00
1.585e+06 0.000e+00 0.000e+00 0.000e+00 0.000e+00 0.000e+00
1.778e+06 0.000e+00 0.000e+00 0.000e+00 0.000e+00 0.000e+00
1.995e+06 0.000e+00 0.000e+00 0.000e+00 0.000e+00 0.000e+00
2.239e+06 0.000e+00 0.000e+00 0.000e+00 0.000e+00 0.000e+00
2.512e+06 0.000e+00 0.000e+00 0.000e+00 0.000e+00 0.000e+00
2.818e+06 0.000e+00 0.000e+00 0.000e+00 0.000e+00 0.000e+00
3.162e+06 0.000e+00 0.000e+00 0.000e+00 0.000e+00 0.000e+00
3.548e+06 0.000e+00 0.000e+00 0.000e+00 0.000e+00 0.000e+00
3.981e+06 0.000e+00 0.000e+00 0.000e+00 0.000e+00 0.000e+00
4.467e+06 0.000e+00 0.000e+00 0.000e+00 0.000e+00 0.000e+00
5.012e+06 0.000e+00 0.000e+00 0.000e+00 0.000e+00 0.000e+00
5.623e+06 0.000e+00 0.000e+00 0.000e+00 0.000e+00 0.000e+00
6.310e+06 0.000e+00 0.000e+00 0.000e+00 0.000e+00 0.000e+00
7.079e+06 0.000e+00 0.000e+00 0.000e+00 0.000e+00 0.000e+00
7.943e+06 0.000e+00 0.000e+00 0.000e+00 0.000e+00 0.000e+00
8.913e+06 0.000e+00 0.000e+00 0.000e+00 0.000e+00 0.000e+00
1.000e+07 0.000e+00 0.000e+00 0.000e+00 0.000e+00 0.000e+00
1.122e+07 0.000e+00 0.000e+00 0.000e+00 0.000e+00 0.000e+00
1.259e+07 0.000e+00 0.000e+00 0.000e+00 0.000e+00 0.000e+00
1.413e+07 0.000e+00 0.000e+00 0.000e+00 0.000e+00 0.000e+00
1.585e+07 0.000e+00 0.000e+00 0.000e+00 0.000e+00 0.000e+00
1.778e+07 0.000e+00 0.000e+00 0.000e+00 0.000e+00 0.000e+00
1.995e+07 0.000e+00 0.000e+00 0.000e+00 0.000e+00 0.000e+00
2.239e+07 0.000e+00 0.000e+00 0.000e+00 0.000e+00 0.000e+00
2.512e+07 0.000e+00 0.000e+00 0.000e+00 0.000e+00 0.000e+00
2.818e+07 0.000e+00 0.000e+00 0.000e+00 0.000e+00 0.000e+00
3.162e+07 0.000e+00 0.000e+00 0.000e+00 0.000e+00 0.000e+00
3.548e+07 0.000e+00 0.000e+00 0.000e+00 0.000e+00 0.000e+00
3.981e+07 0.000e+00 0.000e+00 0.000e+00 0.000e+00 0.000e+00
4.467e+07 0.000e+00 0.000e+00 0.000e+00 0.000e+00 0.000e+00
5.012e+07 0.000e+00 0.000e+00 0.000e+00 0.000e+00 0.000e+00
5.623e+07 0.000e+00 0.000e+00 0.000e+00 0.000e+00 0.000e+00
6.310e+07 0.000e+00 0.000e+00 0.000e+00 0.000e+00 0.000e+00
7.079e+07 0.000e+00 0.000e+00 0.000e+00 0.000e+00 0.000e+00
7.943e+07 0.000e+00 0.000e+00 0.000e+00 0.000e+00 0.000e+00
8.913e+07 0.000e+00 0.000e+00 0.000e+00 0.000e+00 0.000e+00
1.000e+08 0.000e+00 0.000e+00 0.000e+00 0.000e+00 0.000e+00
