1.000e-20 3.815e+68 2.381e+28 1.908e-28 4.028e-17 5.062e-16
1.122e-20 3.210e+68 2.523e+28 2.021e-28 4.267e-17 5.362e-16
1.259e-20 2.701e+68 2.672e+28 2.141e-28 4.520e-17 5.680e-16
1.413e-20 2.273e+68 2.830e+28 2.268e-28 4.787e-17 6.016e-16
1.585e-20 1.912e+68 2.998e+28 2.402e-28 5.071e-17 6.373e-16
1.778e-20 1.609e+68 3.176e+28 2.545e-28 5.372e-17 6.750e-16
1.995e-20 1.354e+68 3.364e+28 2.696e-28 5.690e-17 7.150e-16
2.239e-20 1.139e+68 3.563e+28 2.855e-28 6.027e-17 7.574e-16
2.512e-20 9.584e+67 3.774e+28 3.025e-28 6.384e-17 8.023e-16
2.818e-20 8.064e+67 3.998e+28 3.204e-28 6.763e-17 8.498e-16
3.162e-20 6.785e+67 4.235e+28 3.394e-28 7.163e-17 9.002e-16
3.548e-20 5.709e+67 4.486e+28 3.595e-28 7.588e-17 9.535e-16
3.981e-20 4.803e+67 4.751e+28 3.808e-28 8.037e-17 1.010e-15
4.467e-20 4.041e+67 5.033e+28 4.033e-28 8.513e-17 1.070e-15
5.012e-20 3.400e+67 5.331e+28 4.272e-28 9.018e-17 1.133e-15
5.623e-20 2.861e+67 5.647e+28 4.525e-28 9.552e-17 1.200e-15
6.310e-20 2.407e+67 5.982e+28 4.794e-28 1.012e-16 1.272e-15
7.079e-20 2.026e+67 6.336e+28 5.078e-28 1.072e-16 1.347e-15
7.943e-20 1.704e+67 6.712e+28 5.378e-28 1.135e-16 1.427e-15
8.913e-20 1.434e+67 7.109e+28 5.697e-28 1.203e-16 1.511e-15
1.000e-19 1.207e+67 7.531e+28 6.035e-28 1.274e-16 1.601e-15
1.122e-19 1.015e+67 7.977e+28 6.392e-28 1.349e-16 1.696e-15
1.259e-19 8.542e+66 8.449e+28 6.771e-28 1.429e-16 1.796e-15
1.413e-19 7.187e+66 8.950e+28 7.172e-28 1.514e-16 1.902e-15
1.585e-19 6.047e+66 9.480e+28 7.597e-28 1.604e-16 2.015e-15
1.778e-19 5.088e+66 1.004e+29 8.047e-28 1.699e-16 2.135e-15
1.995e-19 4.281e+66 1.064e+29 8.524e-28 1.799e-16 2.261e-15
2.239e-19 3.602e+66 1.127e+29 9.029e-28 1.906e-16 2.395e-15
2.512e-19 3.031e+66 1.194e+29 9.564e-28 2.019e-16 2.537e-15
2.818e-19 2.550e+66 1.264e+29 1.013e-27 2.138e-16 2.687e-15
3.162e-19 2.146e+66 1.339e+29 1.073e-27 2.265e-16 2.847e-15
3.548e-19 1.805e+66 1.418e+29 1.137e-27 2.399e-16 3.015e-15
3.981e-19 1.519e+66 1.503e+29 1.204e-27 2.542e-16 3.194e-15
4.467e-19 1.278e+66 1.592e+29 1.275e-27 2.692e-16 3.383e-15
5.012e-19 1.075e+66 1.686e+29 1.351e-27 2.852e-16 3.584e-15
5.623e-19 9.048e+65 1.786e+29 1.431e-27 3.021e-16 3.796e-15
6.310e-19 7.613e+65 1.892e+29 1.516e-27 3.200e-16 4.021e-15
7.079e-19 6.405e+65 2.004e+29 1.606e-27 3.389e-16 4.259e-15
7.943e-19 5.389e+65 2.122e+29 1.701e-27 3.590e-16 4.511e-15
8.913e-19 4.535e+65 2.248e+29 1.802e-27 3.803e-16 4.779e-15
1.000e-18 3.815e+65 2.381e+29 1.908e-27 4.028e-16 5.062e-15
1.122e-18 3.210e+65 2.522e+29 2.021e-27 4.267e-16 5.362e-15
1.259e-18 2.701e+65 2.672e+29 2.141e-27 4.520e-16 5.679e-15
1.413e-18 2.273e+65 2.830e+29 2.268e-27 4.787e-16 6.016e-15
1.585e-18 1.912e+65 2.998e+29 2.402e-27 5.071e-16 6.372e-15
1.778e-18 1.609e+65 3.176e+29 2.545e-27 5.371e-16 6.750e-15
1.995e-18 1.354e+65 3.364e+29 2.695e-27 5.690e-16 7.150e-15
2.239e-18 1.139e+65 3.563e+29 2.855e-27 6.027e-16 7.574e-15
2.512e-18 9.583e+64 3.774e+29 3.024e-27 6.384e-16 8.022e-15
2.818e-18 8.063e+64 3.998e+29 3.204e-27 6.762e-16 8.498e-15
3.162e-18 6.784e+64 4.235e+29 3.393e-27 7.163e-16 9.001e-15
3.548e-18 5.708e+64 4.485e+29 3.594e-27 7.587e-16 9.534e-15
3.981e-18 4.803e+64 4.751e+29 3.807e-27 8.037e-16 1.010e-14
4.467e-18 4.041e+64 5.033e+29 4.033e-27 8.513e-16 1.070e-14
5.012e-18 3.400e+64 5.331e+29 4.272e-27 9.017e-16 1.133e-14
5.623e-18 2.861e+64 5.647e+29 4.525e-27 9.552e-16 1.200e-14
6.310e-18 2.407e+64 5.981e+29 4.793e-27 1.012e-15 1.271e-14
7.079e-18 2.025e+64 6.336e+29 5.077e-27 1.072e-15 1.347e-14
7.943e-18 1.704e+64 6.711e+29 5.378e-27 1.135e-15 1.427e-14
8.913e-18 1.434e+64 7.109e+29 5.697e-27 1.202e-15 1.511e-14
1.000e-17 1.206e+64 7.530e+29 6.034e-27 1.274e-15 1.601e-14
1.122e-17 1.015e+64 7.976e+29 6.392e-27 1.349e-15 1.695e-14
1.259e-17 8.541e+63 8.449e+29 6.770e-27 1.429e-15 1.796e-14
1.413e-17 7.186e+63 8.949e+29 7.171e-27 1.514e-15 1.902e-14
1.585e-17 6.046e+63 9.479e+29 7.596e-27 1.603e-15 2.015e-14
1.778e-17 5.087e+63 1.004e+30 8.046e-27 1.698e-15 2.134e-14
1.995e-17 4.280e+63 1.064e+30 8.523e-27 1.799e-15 2.261e-14
2.239e-17 3.601e+63 1.127e+30 9.028e-27 1.906e-15 2.395e-14
2.512e-17 3.030e+63 1.193e+30 9.563e-27 2.019e-15 2.537e-14
2.818e-17 2.550e+63 1.264e+30 1.013e-26 2.138e-15 2.687e-14
3.162e-17 2.145e+63 1.339e+30 1.073e-26 2.265e-15 2.846e-14
3.548e-17 1.805e+63 1.418e+30 1.137e-26 2.399e-15 3.015e-14
3.981e-17 1.519e+63 1.502e+30 1.204e-26 2.541e-15 3.193e-14
4.467e-17 1.278e+63 1.591e+30 1.275e-26 2.692e-15 3.382e-14
5.012e-17 1.075e+63 1.686e+30 1.351e-26 2.851e-15 3.583e-14
5.623e-17 9.046e+62 1.785e+30 1.431e-26 3.020e-15 3.795e-14
6.310e-17 7.611e+62 1.891e+30 1.515e-26 3.199e-15 4.020e-14
7.079e-17 6.404e+62 2.003e+30 1.605e-26 3.388e-15 4.258e-14
7.943e-17 5.388e+62 2.122e+30 1.700e-26 3.589e-15 4.510e-14
8.913e-17 4.533e+62 2.247e+30 1.801e-26 3.802e-15 4.777e-14
1.000e-16 3.814e+62 2.381e+30 1.908e-26 4.027e-15 5.060e-14
1.122e-16 3.209e+62 2.522e+30 2.021e-26 4.265e-15 5.360e-14
1.259e-16 2.700e+62 2.671e+30 2.140e-26 4.518e-15 5.677e-14
1.413e-16 2.272e+62 2.829e+30 2.267e-26 4.786e-15 6.014e-14
1.585e-16 1.911e+62 2.997e+30 2.401e-26 5.069e-15 6.370e-14
1.778e-16 1.608e+62 3.174e+30 2.544e-26 5.369e-15 6.747e-14
1.995e-16 1.353e+62 3.362e+30 2.694e-26 5.687e-15 7.147e-14
2.239e-16 1.138e+62 3.561e+30 2.854e-26 6.024e-15 7.570e-14
2.512e-16 9.579e+61 3.772e+30 3.023e-26 6.381e-15 8.018e-14
2.818e-16 8.059e+61 3.996e+30 3.202e-26 6.759e-15 8.493e-14
3.162e-16 6.781e+61 4.232e+30 3.392e-26 7.159e-15 8.996e-14
3.548e-16 5.705e+61 4.483e+30 3.592e-26 7.583e-15 9.529e-14
3.981e-16 4.800e+61 4.748e+30 3.805e-26 8.032e-15 1.009e-13
4.467e-16 4.039e+61 5.030e+30 4.030e-26 8.508e-15 1.069e-13
5.012e-16 3.398e+61 5.327e+30 4.269e-26 9.011e-15 1.132e-13
5.623e-16 2.859e+61 5.643e+30 4.522e-26 9.545e-15 1.199e-13
6.310e-16 2.405e+61 5.977e+30 4.790e-26 1.011e-14 1.270e-13
7.079e-16 2.024e+61 6.331e+30 5.073e-26 1.071e-14 1.346e-13
7.943e-16 1.703e+61 6.705e+30 5.373e-26 1.134e-14 1.425e-13
8.913e-16 1.433e+61 7.102e+30 5.691e-26 1.201e-14 1.510e-13
1.000e-15 1.205e+61 7.523e+30 6.028e-26 1.272e-14 1.599e-13
1.122e-15 1.014e+61 7.968e+30 6.385e-26 1.348e-14 1.694e-13
1.259e-15 8.532e+60 8.440e+30 6.763e-26 1.428e-14 1.794e-13
1.413e-15 7.178e+60 8.939e+30 7.163e-26 1.512e-14 1.900e-13
1.585e-15 6.039e+60 9.468e+30 7.587e-26 1.602e-14 2.013e-13
1.778e-15 5.081e+60 1.003e+31 8.036e-26 1.696e-14 2.132e-13
1.995e-15 4.275e+60 1.062e+31 8.512e-26 1.797e-14 2.258e-13
2.239e-15 3.596e+60 1.125e+31 9.015e-26 1.903e-14 2.391e-13
2.512e-15 3.026e+60 1.192e+31 9.549e-26 2.016e-14 2.533e-13
2.818e-15 2.546e+60 1.262e+31 1.011e-25 2.135e-14 2.683e-13
3.162e-15 2.142e+60 1.337e+31 1.071e-25 2.261e-14 2.841e-13
3.548e-15 1.802e+60 1.416e+31 1.134e-25 2.395e-14 3.009e-13
3.981e-15 1.516e+60 1.499e+31 1.202e-25 2.536e-14 3.187e-13
4.467e-15 1.275e+60 1.588e+31 1.273e-25 2.686e-14 3.376e-13
5.012e-15 1.073e+60 1.682e+31 1.348e-25 2.845e-14 3.575e-13
5.623e-15 9.025e+59 1.781e+31 1.428e-25 3.013e-14 3.787e-13
6.310e-15 7.593e+59 1.887e+31 1.512e-25 3.191e-14 4.010e-13
7.079e-15 6.388e+59 1.998e+31 1.601e-25 3.380e-14 4.247e-13
7.943e-15 5.374e+59 2.116e+31 1.696e-25 3.580e-14 4.498e-13
8.913e-15 4.521e+59 2.241e+31 1.796e-25 3.791e-14 4.764e-13
1.000e-14 3.803e+59 2.374e+31 1.902e-25 4.015e-14 5.045e-13
1.122e-14 3.199e+59 2.514e+31 2.014e-25 4.252e-14 5.343e-13
1.259e-14 2.691e+59 2.662e+31 2.133e-25 4.503e-14 5.659e-13
1.413e-14 2.264e+59 2.819e+31 2.259e-25 4.769e-14 5.993e-13
1.585e-14 1.904e+59 2.986e+31 2.393e-25 5.050e-14 6.346e-13
1.778e-14 1.602e+59 3.162e+31 2.534e-25 5.348e-14 6.721e-13
1.995e-14 1.348e+59 3.348e+31 2.683e-25 5.664e-14 7.117e-13
2.239e-14 1.133e+59 3.546e+31 2.841e-25 5.998e-14 7.537e-13
2.512e-14 9.534e+58 3.755e+31 3.009e-25 6.351e-14 7.981e-13
2.818e-14 8.020e+58 3.976e+31 3.186e-25 6.725e-14 8.451e-13
3.162e-14 6.746e+58 4.210e+31 3.374e-25 7.122e-14 8.949e-13
3.548e-14 5.674e+58 4.458e+31 3.573e-25 7.541e-14 9.476e-13
3.981e-14 4.772e+58 4.721e+31 3.783e-25 7.985e-14 1.003e-12
4.467e-14 4.014e+58 4.999e+31 4.006e-25 8.455e-14 1.062e-12
5.012e-14 3.376e+58 5.293e+31 4.241e-25 8.952e-14 1.125e-12
5.623e-14 2.839e+58 5.604e+31 4.491e-25 9.479e-14 1.191e-12
6.310e-14 2.388e+58 5.933e+31 4.755e-25 1.004e-13 1.261e-12
7.079e-14 2.008e+58 6.282e+31 5.034e-25 1.063e-13 1.335e-12
7.943e-14 1.689e+58 6.651e+31 5.330e-25 1.125e-13 1.414e-12
8.913e-14 1.420e+58 7.041e+31 5.642e-25 1.191e-13 1.497e-12
1.000e-13 1.194e+58 7.454e+31 5.973e-25 1.261e-13 1.584e-12
1.122e-13 1.004e+58 7.891e+31 6.324e-25 1.335e-13 1.677e-12
1.259e-13 8.445e+57 8.353e+31 6.694e-25 1.413e-13 1.776e-12
1.413e-13 7.101e+57 8.843e+31 7.086e-25 1.496e-13 1.880e-12
1.585e-13 5.970e+57 9.360e+31 7.501e-25 1.583e-13 1.990e-12
1.778e-13 5.020e+57 9.907e+31 7.939e-25 1.676e-13 2.106e-12
1.995e-13 4.220e+57 1.049e+32 8.403e-25 1.774e-13 2.229e-12
2.239e-13 3.548e+57 1.110e+32 8.894e-25 1.877e-13 2.359e-12
2.512e-13 2.983e+57 1.175e+32 9.413e-25 1.987e-13 2.497e-12
2.818e-13 2.507e+57 1.243e+32 9.961e-25 2.103e-13 2.642e-12
3.162e-13 2.108e+57 1.315e+32 1.054e-24 2.225e-13 2.796e-12
3.548e-13 1.771e+57 1.392e+32 1.115e-24 2.355e-13 2.959e-12
3.981e-13 1.489e+57 1.473e+32 1.180e-24 2.491e-13 3.131e-12
4.467e-13 1.251e+57 1.558e+32 1.249e-24 2.636e-13 3.312e-12
5.012e-13 1.052e+57 1.649e+32 1.321e-24 2.789e-13 3.505e-12
5.623e-13 8.837e+56 1.744e+32 1.398e-24 2.950e-13 3.707e-12
6.310e-13 7.425e+56 1.845e+32 1.479e-24 3.121e-13 3.922e-12
7.079e-13 6.239e+56 1.952e+32 1.564e-24 3.301e-13 4.148e-12
7.943e-13 5.242e+56 2.064e+32 1.654e-24 3.492e-13 4.388e-12
8.913e-13 4.403e+56 2.183e+32 1.749e-24 3.693e-13 4.640e-12
1.000e-12 3.699e+56 2.309e+32 1.850e-24 3.905e-13 4.907e-12
1.122e-12 3.107e+56 2.441e+32 1.956e-24 4.129e-13 5.189e-12
1.259e-12 2.609e+56 2.581e+32 2.068e-24 4.366e-13 5.486e-12
1.413e-12 2.191e+56 2.729e+32 2.187e-24 4.615e-13 5.800e-12
1.585e-12 1.840e+56 2.884e+32 2.311e-24 4.879e-13 6.131e-12
1.778e-12 1.545e+56 3.049e+32 2.443e-24 5.157e-13 6.480e-12
1.995e-12 1.297e+56 3.222e+32 2.582e-24 5.450e-13 6.848e-12
2.239e-12 1.088e+56 3.404e+32 2.728e-24 5.759e-13 7.237e-12
2.512e-12 9.134e+55 3.597e+32 2.883e-24 6.084e-13 7.646e-12
2.818e-12 7.665e+55 3.800e+32 3.045e-24 6.428e-13 8.077e-12
3.162e-12 6.431e+55 4.014e+32 3.216e-24 6.789e-13 8.532e-12
3.548e-12 5.395e+55 4.239e+32 3.397e-24 7.170e-13 9.010e-12
3.981e-12 4.525e+55 4.476e+32 3.587e-24 7.571e-13 9.514e-12
4.467e-12 3.795e+55 4.726e+32 3.787e-24 7.994e-13 1.005e-11
5.012e-12 3.182e+55 4.988e+32 3.997e-24 8.438e-13 1.060e-11
5.623e-12 2.667e+55 5.265e+32 4.219e-24 8.905e-13 1.119e-11
6.310e-12 2.236e+55 5.555e+32 4.452e-24 9.396e-13 1.181e-11
7.079e-12 1.873e+55 5.860e+32 4.696e-24 9.913e-13 1.246e-11
7.943e-12 1.570e+55 6.181e+32 4.953e-24 1.046e-12 1.314e-11
8.913e-12 1.315e+55 6.518e+32 5.223e-24 1.102e-12 1.385e-11
1.000e-11 1.101e+55 6.871e+32 5.506e-24 1.162e-12 1.461e-11
1.122e-11 9.217e+54 7.242e+32 5.804e-24 1.225e-12 1.539e-11
1.259e-11 7.714e+54 7.631e+32 6.115e-24 1.291e-12 1.622e-11
1.413e-11 6.455e+54 8.039e+32 6.442e-24 1.360e-12 1.709e-11
1.585e-11 5.400e+54 8.466e+32 6.784e-24 1.432e-12 1.800e-11
1.778e-11 4.516e+54 8.913e+32 7.142e-24 1.508e-12 1.895e-11
1.995e-11 3.775e+54 9.381e+32 7.517e-24 1.587e-12 1.994e-11
2.239e-11 3.155e+54 9.870e+32 7.909e-24 1.669e-12 2.098e-11
2.512e-11 2.636e+54 1.038e+33 8.318e-24 1.756e-12 2.206e-11
2.818e-11 2.201e+54 1.091e+33 8.746e-24 1.846e-12 2.320e-11
3.162e-11 1.838e+54 1.147e+33 9.192e-24 1.940e-12 2.438e-11
3.548e-11 1.534e+54 1.205e+33 9.656e-24 2.038e-12 2.561e-11
3.981e-11 1.279e+54 1.265e+33 1.014e-23 2.140e-12 2.690e-11
4.467e-11 1.067e+54 1.328e+33 1.064e-23 2.247e-12 2.823e-11
5.012e-11 8.889e+53 1.394e+33 1.117e-23 2.357e-12 2.962e-11
5.623e-11 7.405e+53 1.461e+33 1.171e-23 2.472e-12 3.107e-11
6.310e-11 6.165e+53 1.532e+33 1.228e-23 2.591e-12 3.256e-11
7.079e-11 5.130e+53 1.605e+33 1.286e-23 2.715e-12 3.411e-11
7.943e-11 4.267e+53 1.680e+33 1.347e-23 2.842e-12 3.572e-11
8.913e-11 3.547e+53 1.758e+33 1.409e-23 2.974e-12 3.738e-11
1.000e-10 2.946e+53 1.839e+33 1.474e-23 3.111e-12 3.909e-11
1.122e-10 2.446e+53 1.922e+33 1.540e-23 3.251e-12 4.086e-11
1.259e-10 2.030e+53 2.008e+33 1.609e-23 3.396e-12 4.268e-11
1.413e-10 1.683e+53 2.096e+33 1.679e-23 3.545e-12 4.454e-11
1.585e-10 1.394e+53 2.186e+33 1.752e-23 3.697e-12 4.646e-11
1.778e-10 1.154e+53 2.278e+33 1.826e-23 3.854e-12 4.843e-11
1.995e-10 9.549e+52 2.373e+33 1.901e-23 4.013e-12 5.043e-11
2.239e-10 7.893e+52 2.469e+33 1.979e-23 4.177e-12 5.248e-11
2.512e-10 6.519e+52 2.567e+33 2.057e-23 4.343e-12 5.457e-11
2.818e-10 5.379e+52 2.667e+33 2.137e-23 4.511e-12 5.669e-11
3.162e-10 4.435e+52 2.768e+33 2.218e-23 4.682e-12 5.884e-11
3.548e-10 3.653e+52 2.870e+33 2.300e-23 4.855e-12 6.101e-11
3.981e-10 3.005e+52 2.973e+33 2.382e-23 5.029e-12 6.319e-11
4.467e-10 2.470e+52 3.076e+33 2.465e-23 5.204e-12 6.539e-11
5.012e-10 2.028e+52 3.180e+33 2.548e-23 5.379e-12 6.759e-11
5.623e-10 1.663e+52 3.283e+33 2.631e-23 5.553e-12 6.979e-11
6.310e-10 1.363e+52 3.386e+33 2.713e-23 5.727e-12 7.197e-11
7.079e-10 1.115e+52 3.487e+33 2.795e-23 5.899e-12 7.413e-11
7.943e-10 9.109e+51 3.587e+33 2.875e-23 6.068e-12 7.625e-11
8.913e-10 7.433e+51 3.685e+33 2.953e-23 6.233e-12 7.833e-11
1.000e-09 6.057e+51 3.780e+33 3.029e-23 6.394e-12 8.036e-11
1.122e-09 4.928e+51 3.872e+33 3.103e-23 6.550e-12 8.231e-11
1.259e-09 4.004e+51 3.961e+33 3.174e-23 6.700e-12 8.419e-11
1.413e-09 3.248e+51 4.045e+33 3.241e-23 6.842e-12 8.598e-11
1.585e-09 2.630e+51 4.124e+33 3.305e-23 6.975e-12 8.766e-11
1.778e-09 2.126e+51 4.197e+33 3.363e-23 7.100e-12 8.922e-11
1.995e-09 1.716e+51 4.264e+33 3.417e-23 7.213e-12 9.064e-11
2.239e-09 1.382e+51 4.324e+33 3.465e-23 7.315e-12 9.192e-11
2.512e-09 1.111e+51 4.377e+33 3.507e-23 7.404e-12 9.304e-11
2.818e-09 8.918e+50 4.421e+33 3.543e-23 7.479e-12 9.398e-11
3.162e-09 7.140e+50 4.457e+33 3.571e-23 7.539e-12 9.473e-11
3.548e-09 5.705e+50 4.483e+33 3.592e-23 7.582e-12 9.528e-11
3.981e-09 4.548e+50 4.499e+33 3.605e-23 7.609e-12 9.562e-11
4.467e-09 3.617e+50 4.504e+33 3.609e-23 7.619e-12 9.574e-11
5.012e-09 2.869e+50 4.498e+33 3.605e-23 7.609e-12 9.562e-11
5.623e-09 2.271e+50 4.481e+33 3.591e-23 7.580e-12 9.526e-11
6.310e-09 1.792e+50 4.453e+33 3.568e-23 7.532e-12 9.465e-11
7.079e-09 1.410e+50 4.412e+33 3.535e-23 7.463e-12 9.378e-11
7.943e-09 1.107e+50 4.359e+33 3.493e-23 7.373e-12 9.266e-11
8.913e-09 8.661e+49 4.294e+33 3.441e-23 7.263e-12 9.127e-11
1.000e-08 6.756e+49 4.217e+33 3.379e-23 7.133e-12 8.963e-11
1.122e-08 5.253e+49 4.128e+33 3.308e-23 6.982e-12 8.774e-11
1.259e-08 4.071e+49 4.027e+33 3.227e-23 6.811e-12 8.560e-11
1.413e-08 3.144e+49 3.915e+33 3.137e-23 6.622e-12 8.321e-11
1.585e-08 2.419e+49 3.792e+33 3.039e-23 6.414e-12 8.061e-11
1.778e-08 1.854e+49 3.659e+33 2.932e-23 6.190e-12 7.779e-11
1.995e-08 1.416e+49 3.517e+33 2.819e-23 5.950e-12 7.477e-11
2.239e-08 1.076e+49 3.367e+33 2.698e-23 5.696e-12 7.157e-11
2.512e-08 8.150e+48 3.210e+33 2.572e-23 5.429e-12 6.822e-11
2.818e-08 6.143e+48 3.046e+33 2.441e-23 5.152e-12 6.474e-11
3.162e-08 4.610e+48 2.877e+33 2.306e-23 4.867e-12 6.116e-11
3.548e-08 3.442e+48 2.704e+33 2.167e-23 4.575e-12 5.749e-11
3.981e-08 2.557e+48 2.530e+33 2.027e-23 4.279e-12 5.377e-11
4.467e-08 1.890e+48 2.353e+33 1.886e-23 3.981e-12 5.002e-11
5.012e-08 1.389e+48 2.178e+33 1.745e-23 3.683e-12 4.629e-11
5.623e-08 1.015e+48 2.003e+33 1.605e-23 3.388e-12 4.258e-11
6.310e-08 7.372e+47 1.832e+33 1.468e-23 3.098e-12 3.893e-11
7.079e-08 5.320e+47 1.664e+33 1.334e-23 2.815e-12 3.538e-11
7.943e-08 3.814e+47 1.502e+33 1.204e-23 2.541e-12 3.193e-11
8.913e-08 2.715e+47 1.346e+33 1.079e-23 2.277e-12 2.861e-11
1.000e-07 1.918e+47 1.197e+33 9.595e-24 2.025e-12 2.545e-11
1.122e-07 1.345e+47 1.057e+33 8.467e-24 1.787e-12 2.246e-11
1.259e-07 9.347e+46 9.246e+32 7.409e-24 1.564e-12 1.965e-11
1.413e-07 6.438e+46 8.018e+32 6.425e-24 1.356e-12 1.704e-11
1.585e-07 4.391e+46 6.885e+32 5.517e-24 1.165e-12 1.463e-11
1.778e-07 2.964e+46 5.850e+32 4.688e-24 9.896e-13 1.244e-11
1.995e-07 1.978e+46 4.915e+32 3.938e-24 8.313e-13 1.045e-11
2.239e-07 1.303e+46 4.077e+32 3.267e-24 6.897e-13 8.667e-12
2.512e-07 8.472e+45 3.336e+32 2.674e-24 5.644e-13 7.092e-12
2.818e-07 5.424e+45 2.689e+32 2.155e-24 4.549e-13 5.716e-12
3.162e-07 3.414e+45 2.131e+32 1.708e-24 3.605e-13 4.530e-12
3.548e-07 2.109e+45 1.657e+32 1.328e-24 2.803e-13 3.523e-12
3.981e-07 1.276e+45 1.262e+32 1.011e-24 2.135e-13 2.683e-12
4.467e-07 7.536e+44 9.385e+31 7.521e-25 1.587e-13 1.995e-12
5.012e-07 4.334e+44 6.794e+31 5.445e-25 1.149e-13 1.444e-12
5.623e-07 2.418e+44 4.772e+31 3.824e-25 8.073e-14 1.014e-12
6.310e-07 1.304e+44 3.239e+31 2.596e-25 5.479e-14 6.885e-13
7.079e-07 6.760e+43 2.115e+31 1.695e-25 3.577e-14 4.495e-13
7.943e-07 3.354e+43 1.321e+31 1.058e-25 2.234e-14 2.807e-13
8.913e-07 1.582e+43 7.846e+30 6.287e-26 1.327e-14 1.668e-13
1.000e-06 7.053e+42 4.402e+30 3.528e-26 7.446e-15 9.357e-14
1.122e-06 2.946e+42 2.315e+30 1.855e-26 3.916e-15 4.921e-14
1.259e-06 1.144e+42 1.131e+30 9.065e-27 1.913e-15 2.404e-14
1.413e-06 4.082e+41 5.084e+29 4.074e-27 8.599e-16 1.081e-14
1.585e-06 1.325e+41 2.078e+29 1.665e-27 3.515e-16 4.417e-15
1.778e-06 3.863e+40 7.625e+28 6.110e-28 1.290e-16 1.621e-15
1.995e-06 9.963e+39 2.476e+28 1.984e-28 4.188e-17 5.262e-16
2.239e-06 2.236e+39 6.996e+27 5.606e-29 1.183e-17 1.487e-16
2.512e-06 4.288e+38 1.689e+27 1.353e-29 2.856e-18 3.589e-17
2.818e-06 6.875e+37 3.408e+26 2.731e-30 5.766e-19 7.245e-18
3.162e-06 8.954e+36 5.589e+25 4.479e-31 9.454e-20 1.188e-18
3.548e-06 9.184e+35 7.217e+24 5.783e-32 1.221e-20 1.534e-19
3.981e-06 5.295e+34 5.238e+23 4.198e-33 8.861e-22 1.113e-20
4.467e-06 0.000e+00 0.000e+00 0.000e+00 0.000e+00 0.000e+00
5.012e-06 0.000e+00 0.000e+00 0.000e+00 0.000e+00 0.000e+00
5.623e-06 0.000e+00 0.000e+00 0.000e+00 0.000e+00 0.000e+00
6.310e-06 0.000e+00 0.000e+00 0.000e+00 0.000e+00 0.000e+00
7.079e-06 0.000e+00 0.000e+00 0.000e+00 0.000e+00 0.000e+00
7.943e-06 0.000e+00 0.000e+00 0.000e+00 0.000e+00 0.000e+00
8.913e-06 0.000e+00 0.000e+00 0.000e+00 0.000e+00 0.000e+00
1.000e-05 0.000e+00 0.000e+00 0.000e+00 0.000e+00 0.000e+00
1.122e-05 0.000e+00 0.000e+00 0.000e+00 0.000e+00 0.000e+00
1.259e-05 0.000e+00 0.000e+00 0.000e+00 0.000e+00 0.000e+00
1.413e-05 0.000e+00 0.000e+00 0.000e+00 0.000e+00 0.000e+00
1.585e-05 0.000e+00 0.000e+00 0.000e+00 0.000e+00 0.000e+00
1.778e-05 0.000e+00 0.000e+00 0.000e+00 0.000e+00 0.000e+00
1.995e-05 0.000e+00 0.000e+00 0.000e+00 0.000e+00 0.000e+00
2.239e-05 0.000e+00 0.000e+00 0.000e+00 0.000e+00 0.000e+00
2.512e-05 0.000e+00 0.000e+00 0.000e+00 0.000e+00 0.000e+00
2.818e-05 0.000e+00 0.000e+00 0.000e+00 0.000e+00 0.000e+00
3.162e-05 0.000e+00 0.000e+00 0.000e+00 0.000e+00 0.000e+00
3.548e-05 0.000e+00 0.000e+00 0.000e+00 0.000e+00 0.000e+00
3.981e-05 0.000e+00 0.000e+00 0.000e+00 0.000e+00 0.000e+00
4.467e-05 0.000e+00 0.000e+00 0.000e+00 0.000e+00 0.000e+00
5.012e-05 0.000e+00 0.000e+00 0.000e+00 0.000e+00 0.000e+00
5.623e-05 0.000e+00 0.000e+00 0.000e+00 0.000e+00 0.000e+00
6.310e-05 0.000e+00 0.000e+00 0.000e+00 0.000e+00 0.000e+00
7.079e-05 0.000e+00 0.000e+00 0.000e+00 0.000e+00 0.000e+00
7.943e-05 0.000e+00 0.000e+00 0.000e+00 0.000e+00 0.000e+00
8.913e-05 0.000e+00 0.000e+00 0.000e+00 0.000e+00 0.000e+00
1.000e-04 0.000e+00 0.000e+00 0.000e+00 0.000e+00 0.000e+00
1.122e-04 0.000e+00 0.000e+00 0.000e+00 0.000e+00 0.000e+00
1.259e-04 0.000e+00 0.000e+00 0.000e+00 0.000e+00 0.000e+00
1.413e-04 0.000e+00 0.000e+00 0.000e+00 0.000e+00 0.000e+00
1.585e-04 0.000e+00 0.000e+00 0.000e+00 0.000e+00 0.000e+00
1.778e-04 0.000e+00 0.000e+00 0.000e+00 0.000e+00 0.000e+00
1.995e-04 0.000e+00 0.000e+00 0.000e+00 0.000e+00 0.000e+00
2.239e-04 0.000e+00 0.000e+00 0.000e+00 0.000e+00 0.000e+00
2.512e-04 0.000e+00 0.000e+00 0.000e+00 0.000e+00 0.000e+00
2.818e-04 0.000e+00 0.000e+00 0.000e+00 0.000e+00 0.000e+00
3.162e-04 0.000e+00 0.000e+00 0.000e+00 0.000e+00 0.000e+00
3.548e-04 0.000e+00 0.000e+00 0.000e+00 0.000e+00 0.000e+00
3.981e-04 0.000e+00 0.000e+00 0.000e+00 0.000e+00 0.000e+00
4.467e-04 0.000e+00 0.000e+00 0.000e+00 0.000e+00 0.000e+00
5.012e-04 0.000e+00 0.000e+00 0.000e+00 0.000e+00 0.000e+00
5.623e-04 0.000e+00 0.000e+00 0.000e+00 0.000e+00 0.000e+00
6.310e-04 0.000e+00 0.000e+00 0.000e+00 0.000e+00 0.000e+00
7.079e-04 0.000e+00 0.000e+00 0.000e+00 0.000e+00 0.000e+00
7.943e-04 0.000e+00 0.000e+00 0.000e+00 0.000e+00 0.000e+00
8.913e-04 0.000e+00 0.000e+00 0.000e+00 0.000e+00 0.000e+00
1.000e-03 0.000e+00 0.000e+00 0.000e+00 0.000e+00 0.000e+00
1.122e-03 0.000e+00 0.000e+00 0.000e+00 0.000e+00 0.000e+00
1.259e-03 0.000e+00 0.000e+00 0.000e+00 0.000e+00 0.000e+00
1.413e-03 0.000e+00 0.000e+00 0.000e+00 0.000e+00 0.000e+00
1.585e-03 0.000e+00 0.000e+00 0.000e+00 0.000e+00 0.000e+00
1.778e-03 0.000e+00 0.000e+00 0.000e+00 0.000e+00 0.000e+00
1.995e-03 0.000e+00 0.000e+00 0.000e+00 0.000e+00 0.000e+00
2.239e-03 0.000e+00 0.000e+00 0.000e+00 0.000e+00 0.000e+00
2.512e-03 0.000e+00 0.000e+00 0.000e+00 0.000e+00 0.000e+00
2.818e-03 0.000e+00 0.000e+00 0.000e+00 0.000e+00 0.000e+00
3.162e-03 0.000e+00 0.000e+00 0.000e+00 0.000e+00 0.000e+00
3.548e-03 0.000e+00 0.000e+00 0.000e+00 0.000e+00 0.000e+00
3.981e-03 0.000e+00 0.000e+00 0.000e+00 0.000e+00 0.000e+00
4.467e-03 0.000e+00 0.000e+00 0.000e+00 0.000e+00 0.000e+00
5.012e-03 0.000e+00 0.000e+00 0.000e+00 0.000e+00 0.000e+00
5.623e-03 0.000e+00 0.000e+00 0.000e+00 0.000e+00 0.000e+00
6.310e-03 0.000e+00 0.000e+00 0.000e+00 0.000e+00 0.000e+00
7.079e-03 0.000e+00 0.000e+00 0.000e+00 0.000e+00 0.000e+00
7.943e-03 0.000e+00 0.000e+00 0.000e+00 0.000e+00 0.000e+00
8.913e-03 0.000e+00 0.000e+00 0.000e+00 0.000e+00 0.000e+00
1.000e-02 0.000e+00 0.000e+00 0.000e+00 0.000e+00 0.000e+00
1.122e-02 0.000e+00 0.000e+00 0.000e+00 0.000e+00 0.000e+00
1.259e-02 0.000e+00 0.000e+00 0.000e+00 0.000e+00 0.000e+00
1.413e-02 0.000e+00 0.000e+00 0.000e+00 0.000e+00 0.000e+00
1.585e-02 0.000e+00 0.000e+00 0.000e+00 0.000e+00 0.000e+00
1.778e-02 0.000e+00 0.000e+00 0.000e+00 0.000e+00 0.000e+00
1.995e-02 0.000e+00 0.000e+00 0.000e+00 0.000e+00 0.000e+00
2.239e-02 0.000e+00 0.000e+00 0.000e+00 0.000e+00 0.000e+00
2.512e-02 0.000e+00 0.000e+00 0.000e+00 0.000e+00 0.000e+00
2.818e-02 0.000e+00 0.000e+00 0.000e+00 0.000e+00 0.000e+00
3.162e-02 0.000e+00 0.000e+00 0.000e+00 0.000e+00 0.000e+00
3.548e-02 0.000e+00 0.000e+00 0.000e+00 0.000e+00 0.000e+00
3.981e-02 0.000e+00 0.000e+00 0.000e+00 0.000e+00 0.000e+00
4.467e-02 0.000e+00 0.000e+00 0.000e+00 0.000e+00 0.000e+00
5.012e-02 0.000e+00 0.000e+00 0.000e+00 0.000e+00 0.000e+00
5.623e-02 0.000e+00 0.000e+00 0.000e+00 0.000e+00 0.000e+00
6.310e-02 0.000e+00 0.000e+00 0.000e+00 0.000e+00 0.000e+00
7.079e-02 0.000e+00 0.000e+00 0.000e+00 0.000e+00 0.000e+00
7.943e-02 0.000e+00 0.000e+00 0.000e+00 0.000e+00 0.000e+00
8.913e-02 0.000e+00 0.000e+00 0.000e+00 0.000e+00 0.000e+00
1.000e-01 0.000e+00 0.000e+00 0.000e+00 0.000e+00 0.000e+00
1.122e-01 0.000e+00 0.000e+00 0.000e+00 0.000e+00 0.000e+00
1.259e-01 0.000e+00 0.000e+00 0.000e+00 0.000e+00 0.000e+00
1.413e-01 0.000e+00 0.000e+00 0.000e+00 0.000e+00 0.000e+00
1.585e-01 0.000e+00 0.000e+00 0.000e+00 0.000e+00 0.000e+00
1.778e-01 0.000e+00 0.000e+00 0.000e+00 0.000e+00 0.000e+00
1.995e-01 0.000e+00 0.000e+00 0.000e+00 0.000e+00 0.000e+00
2.239e-01 0.000e+00 0.000e+00 0.000e+00 0.000e+00 0.000e+00
2.512e-01 0.000e+00 0.000e+00 0.000e+00 0.000e+00 0.000e+00
2.818e-01 0.000e+00 0.000e+00 0.000e+00 0.000e+00 0.000e+00
3.162e-01 0.000e+00 0.000e+00 0.000e+00 0.000e+00 0.000e+00
3.548e-01 0.000e+00 0.000e+00 0.000e+00 0.000e+00 0.000e+00
3.981e-01 0.000e+00 0.000e+00 0.000e+00 0.000e+00 0.000e+00
4.467e-01 0.000e+00 0.000e+00 0.000e+00 0.000e+00 0.000e+00
5.012e-01 0.000e+00 0.000e+00 0.000e+00 0.000e+00 0.000e+00
5.623e-01 0.000e+00 0.000e+00 0.000e+00 0.000e+00 0.000e+00
6.310e-01 0.000e+00 0.000e+00 0.000e+00 0.000e+00 0.000e+00
7.079e-01 0.000e+00 0.000e+00 0.000e+00 0.000e+00 0.000e+00
7.943e-01 0.000e+00 0.000e+00 0.000e+00 0.000e+00 0.000e+00
8.913e-01 0.000e+00 0.000e+00 0.000e+00 0.000e+00 0.000e+00
1.000e+00 0.000e+00 0.000e+00 0.000e+00 0.000e+00 0.000e+00
1.122e+00 0.000e+00 0.000e+00 0.000e+00 0.000e+00 0.000e+00
1.259e+00 0.000e+00 0.000e+00 0.000e+00 0.000e+00 0.000e+00
1.413e+00 0.000e+00 0.000e+00 0.000e+00 0.000e+00 0.000e+00
1.585e+00 0.000e+00 0.000e+00 0.000e+00 0.000e+00 0.000e+00
1.778e+00 0.000e+00 0.000e+00 0.000e+00 0.000e+00 0.000e+00
1.995e+00 0.000e+00 0.000e+00 0.000e+00 0.000e+00 0.000e+00
2.239e+00 0.000e+00 0.000e+00 0.000e+00 0.000e+00 0.000e+00
2.512e+00 0.000e+00 0.000e+00 0.000e+00 0.000e+00 0.000e+00
2.818e+00 0.000e+00 0.000e+00 0.000e+00 0.000e+00 0.000e+00
3.162e+00 0.000e+00 0.000e+00 0.000e+00 0.000e+00 0.000e+00
3.548e+00 0.000e+00 0.000e+00 0.000e+00 0.000e+00 0.000e+00
3.981e+00 0.000e+00 0.000e+00 0.000e+00 0.000e+00 0.000e+00
4.467e+00 0.000e+00 0.000e+00 0.000e+00 0.000e+00 0.000e+00
5.012e+00 0.000e+00 0.000e+00 0.000e+00 0.000e+00 0.000e+00
5.623e+00 0.000e+00 0.000e+00 0.000e+00 0.000e+00 0.000e+00
6.310e+00 0.000e+00 0.000e+00 0.000e+00 0.000e+00 0.000e+00
7.079e+00 0.000e+00 0.000e+00 0.000e+00 0.000e+00 0.000e+00
7.943e+00 0.000e+00 0.000e+00 0.000e+00 0.000e+00 0.000e+00
8.913e+00 0.000e+00 0.000e+00 0.000e+00 0.000e+00 0.000e+00
1.000e+01 0.000e+00 0.000e+00 0.000e+00 0.000e+00 0.000e+00
1.122e+01 0.000e+00 0.000e+00 0.000e+00 0.000e+00 0.000e+00
1.259e+01 0.000e+00 0.000e+00 0.000e+00 0.000e+00 0.000e+00
1.413e+01 0.000e+00 0.000e+00 0.000e+00 0.000e+00 0.000e+00
1.585e+01 0.000e+00 0.000e+00 0.000e+00 0.000e+00 0.000e+00
1.778e+01 0.000e+00 0.000e+00 0.000e+00 0.000e+00 0.000e+00
1.995e+01 0.000e+00 0.000e+00 0.000e+00 0.000e+00 0.000e+00
2.239e+01 0.000e+00 0.000e+00 0.000e+00 0.000e+00 0.000e+00
2.512e+01 0.000e+00 0.000e+00 0.000e+00 0.000e+00 0.000e+00
2.818e+01 0.000e+00 0.000e+00 0.000e+00 0.000e+00 0.000e+00
3.162e+01 0.000e+00 0.000e+00 0.000e+00 0.000e+00 0.000e+00
3.548e+01 0.000e+00 0.000e+00 0.000e+00 0.000e+00 0.000e+00
3.981e+01 0.000e+00 0.000e+00 0.000e+00 0.000e+00 0.000e+00
4.467e+01 0.000e+00 0.000e+00 0.000e+00 0.000e+00 0.000e+00
5.012e+01 0.000e+00 0.000e+00 0.000e+00 0.000e+00 0.000e+00
5.623e+01 0.000e+00 0.000e+00 0.000e+00 0.000e+00 0.000e+00
6.310e+01 0.000e+00 0.000e+00 0.000e+00 0.000e+00 0.000e+00
7.079e+01 0.000e+00 0.000e+00 0.000e+00 0.000e+00 0.000e+00
7.943e+01 0.000e+00 0.000e+00 0.000e+00 0.000e+00 0.000e+00
8.913e+01 0.000e+00 0.000e+00 0.000e+00 0.000e+00 0.000e+00
1.000e+02 0.000e+00 0.000e+00 0.000e+00 0.000e+00 0.000e+00
1.122e+02 0.000e+00 0.000e+00 0.000e+00 0.000e+00 0.000e+00
1.259e+02 0.000e+00 0.000e+00 0.000e+00 0.000e+00 0.000e+00
1.413e+02 0.000e+00 0.000e+00 0.000e+00 0.000e+00 0.000e+00
1.585e+02 0.000e+00 0.000e+00 0.000e+00 0.000e+00 0.000e+00
1.778e+02 0.000e+00 0.000e+00 0.000e+00 0.000e+00 0.000e+00
1.995e+02 0.000e+00 0.000e+00 0.000e+00 0.000e+00 0.000e+00
2.239e+02 0.000e+00 0.000e+00 0.000e+00 0.000e+00 0.000e+00
2.512e+02 0.000e+00 0.000e+00 0.000e+00 0.000e+00 0.000e+00
2.818e+02 0.000e+00 0.000e+00 0.000e+00 0.000e+00 0.000e+00
3.162e+02 0.000e+00 0.000e+00 0.000e+00 0.000e+00 0.000e+00
3.548e+02 0.000e+00 0.000e+00 0.000e+00 0.000e+00 0.000e+00
3.981e+02 0.000e+00 0.000e+00 0.000e+00 0.000e+00 0.000e+00
4.467e+02 0.000e+00 0.000e+00 0.000e+00 0.000e+00 0.000e+00
5.012e+02 0.000e+00 0.000e+00 0.000e+00 0.000e+00 0.000e+00
5.623e+02 0.000e+00 0.000e+00 0.000e+00 0.000e+00 0.000e+00
6.310e+02 0.000e+00 0.000e+00 0.000e+00 0.000e+00 0.000e+00
7.079e+02 0.000e+00 0.000e+00 0.000e+00 0.000e+00 0.000e+00
7.943e+02 0.000e+00 0.000e+00 0.000e+00 0.000e+00 0.000e+00
8.913e+02 0.000e+00 0.000e+00 0.000e+00 0.000e+00 0.000e+00
1.000e+03 0.000e+00 0.000e+00 0.000e+00 0.000e+00 0.000e+00
1.122e+03 0.000e+00 0.000e+00 0.000e+00 0.000e+00 0.000e+00
1.259e+03 0.000e+00 0.000e+00 0.000e+00 0.000e+00 0.000e+00
1.413e+03 0.000e+00 0.000e+00 0.000e+00 0.000e+00 0.000e+00
1.585e+03 0.000e+00 0.000e+00 0.000e+00 0.000e+00 0.000e+00
1.778e+03 0.000e+00 0.000e+00 0.000e+00 0.000e+00 0.000e+00
1.995e+03 0.000e+00 0.000e+00 0.000e+00 0.000e+00 0.000e+00
2.239e+03 0.000e+00 0.000e+00 0.000e+00 0.000e+00 0.000e+00
2.512e+03 0.000e+00 0.000e+00 0.000e+00 0.000e+00 0.000e+00
2.818e+03 0.000e+00 0.000e+00 0.000e+00 0.000e+00 0.000e+00
3.162e+03 0.000e+00 0.000e+00 0.000e+00 0.000e+00 0.000e+00
3.548e+03 0.000e+00 0.000e+00 0.000e+00 0.000e+00 0.000e+00
3.981e+03 0.000e+00 0.000e+00 0.000e+00 0.000e+00 0.000e+00
4.467e+03 0.000e+00 0.000e+00 0.000e+00 0.000e+00 0.000e+00
5.012e+03 0.000e+00 0.000e+00 0.000e+00 0.000e+00 0.000e+00
5.623e+03 0.000e+00 0.000e+00 0.000e+00 0.000e+00 0.000e+00
6.310e+03 0.000e+00 0.000e+00 0.000e+00 0.000e+00 0.000e+00
7.079e+03 0.000e+00 0.000e+00 0.000e+00 0.000e+00 0.000e+00
7.943e+03 0.000e+00 0.000e+00 0.000e+00 0.000e+00 0.000e+00
8.913e+03 0.000e+00 0.000e+00 0.000e+00 0.000e+00 0.000e+00
1.000e+04 0.000e+00 0.000e+00 0.000e+00 0.000e+00 0.000e+00
1.122e+04 0.000e+00 0.000e+00 0.000e+00 0.000e+00 0.000e+00
1.259e+04 0.000e+00 0.000e+00 0.000e+00 0.000e+00 0.000e+00
1.413e+04 0.000e+00 0.000e+00 0.000e+00 0.000e+00 0.000e+00
1.585e+04 0.000e+00 0.000e+00 0.000e+00 0.000e+00 0.000e+00
1.778e+04 0.000e+00 0.000e+00 0.000e+00 0.000e+00 0.000e+00
1.995e+04 0.000e+00 0.000e+00 0.000e+00 0.000e+00 0.000e+00
2.239e+04 0.000e+00 0.000e+00 0.000e+00 0.000e+00 0.000e+00
2.512e+04 0.000e+00 0.000e+00 0.000e+00 0.000e+00 0.000e+00
2.818e+04 0.000e+00 0.000e+00 0.000e+00 0.000e+00 0.000e+00
3.162e+04 0.000e+00 0.000e+00 0.000e+00 0.000e+00 0.000e+00
3.548e+04 0.000e+00 0.000e+00 0.000e+00 0.000e+00 0.000e+00
3.981e+04 0.000e+00 0.000e+00 0.000e+00 0.000e+00 0.000e+00
4.467e+04 0.000e+00 0.000e+00 0.000e+00 0.000e+00 0.000e+00
5.012e+04 0.000e+00 0.000e+00 0.000e+00 0.000e+00 0.000e+00
5.623e+04 0.000e+00 0.000e+00 0.000e+00 0.000e+00 0.000e+00
6.310e+04 0.000e+00 0.000e+00 0.000e+00 0.000e+00 0.000e+00
7.079e+04 0.000e+00 0.000e+00 0.000e+00 0.000e+00 0.000e+00
7.943e+04 0.000e+00 0.000e+00 0.000e+00 0.000e+00 0.000e+00
8.913e+04 0.000e+00 0.000e+00 0.000e+00 0.000e+00 0.000e+00
1.000e+05 0.000e+00 0.000e+00 0.000e+00 0.000e+00 0.000e+00
1.122e+05 0.000e+00 0.000e+00 0.000e+00 0.000e+00 0.000e+00
1.259e+05 0.000e+00 0.000e+00 0.000e+00 0.000e+00 0.000e+00
1.413e+05 0.000e+00 0.000e+00 0.000e+00 0.000e+00 0.000e+00
1.585e+05 0.000e+00 0.000e+00 0.000e+00 0.000e+00 0.000e+00
1.778e+05 0.000e+00 0.000e+00 0.000e+00 0.000e+00 0.000e+00
1.995e+05 0.000e+00 0.000e+00 0.000e+00 0.000e+00 0.000e+00
2.239e+05 0.000e+00 0.000e+00 0.000e+00 0.000e+00 0.000e+00
2.512e+05 0.000e+00 0.000e+00 0.000e+00 0.000e+00 0.000e+00
2.818e+05 0.000e+00 0.000e+00 0.000e+00 0.000e+00 0.000e+00
3.162e+05 0.000e+00 0.000e+00 0.000e+00 0.000e+00 0.000e+00
3.548e+05 0.000e+00 0.000e+00 0.000e+00 0.000e+00 0.000e+00
3.981e+05 0.000e+00 0.000e+00 0.000e+00 0.000e+00 0.000e+00
4.467e+05 0.000e+00 0.000e+00 0.000e+00 0.000e+00 0.000e+00
5.012e+05 0.000e+00 0.000e+00 0.000e+00 0.000e+00 0.000e+00
5.623e+05 0.000e+00 0.000e+00 0.000e+00 0.000e+00 0.000e+00
6.310e+05 0.000e+00 0.000e+00 0.000e+00 0.000e+00 0.000e+00
7.079e+05 0.000e+00 0.000e+00 0.000e+00 0.000e+00 0.000e+00
7.943e+05 0.000e+00 0.000e+00 0.000e+00 0.000e+00 0.000e+00
8.913e+05 0.000e+00 0.000e+00 0.000e+00 0.000e+00 0.000e+00
1.000e+06 0.000e+00 0.000e+00 0.000e+00 0.000e+00 0.000e+00
1.122e+06 0.000e+00 0.000e+00 0.000e+00 0.000e+00 0.000e+00
1.259e+06 0.000e+00 0.000e+00 0.000e+00 0.000e+00 0.000e+00
1.413e+06 0.000e+00 0.000e+00 0.000e+00 0.000e+00 0.000e+00
1.585e+06 0.000e+00 0.000e+00 0.000e+00 0.000e+00 0.000e+00
1.778e+06 0.000e+00 0.000e+00 0.000e+00 0.000e+00 0.000e+00
1.995e+06 0.000e+00 0.000e+00 0.000e+00 0.000e+00 0.000e+00
2.239e+06 0.000e+00 0.000e+00 0.000e+00 0.000e+00 0.000e+00
2.512e+06 0.000e+00 0.000e+00 0.000e+00 0.000e+00 0.000e+00
2.818e+06 0.000e+00 0.000e+00 0.000e+00 0.000e+00 0.000e+00
3.162e+06 0.000e+00 0.000e+00 0.000e+00 0.000e+00 0.000e+00
3.548e+06 0.000e+00 0.000e+00 0.000e+00 0.000e+00 0.000e+00
3.981e+06 0.000e+00 0.000e+00 0.000e+00 0.000e+00 0.000e+00
4.467e+06 0.000e+00 0.000e+00 0.000e+00 0.000e+00 0.000e+00
5.012e+06 0.000e+00 0.000e+00 0.000e+00 0.000e+00 0.000e+00
5.623e+06 0.000e+00 0.000e+00 0.000e+00 0.000e+00 0.000e+00
6.310e+06 0.000e+00 0.000e+00 0.000e+00 0.000e+00 0.000e+00
7.079e+06 0.000e+00 0.000e+00 0.000e+00 0.000e+00 0.000e+00
7.943e+06 0.000e+00 0.000e+00 0.000e+00 0.000e+00 0.000e+00
8.913e+06 0.000e+00 0.000e+00 0.000e+00 0.000e+00 0.000e+00
1.000e+07 0.000e+00 0.000e+00 0.000e+00 0.000e+00 0.000e+00
1.122e+07 0.000e+00 0.000e+00 0.000e+00 0.000e+00 0.000e+00
1.259e+07 0.000e+00 0.000e+00 0.000e+00 0.000e+00 0.000e+00
1.413e+07 0.000e+00 0.000e+00 0.000e+00 0.000e+00 0.000e+00
1.585e+07 0.000e+00 0.000e+00 0.000e+00 0.000e+00 0.000e+00
1.778e+07 0.000e+00 0.000e+00 0.000e+00 0.000e+00 0.000e+00
1.995e+07 0.000e+00 0.000e+00 0.000e+00 0.000e+00 0.000e+00
2.239e+07 0.000e+00 0.000e+00 0.000e+00 0.000e+00 0.000e+00
2.512e+07 0.000e+00 0.000e+00 0.000e+00 0.000e+00 0.000e+00
2.818e+07 0.000e+00 0.000e+00 0.000e+00 0.000e+00 0.000e+00
3.162e+07 0.000e+00 0.000e+00 0.000e+00 0.000e+00 0.000e+00
3.548e+07 0.000e+00 0.000e+00 0.000e+00 0.000e+00 0.000e+00
3.981e+07 0.000e+00 0.000e+00 0.000e+00 0.000e+00 0.000e+00
4.467e+07 0.000e+00 0.000e+00 0.000e+00 0.000e+00 0.000e+00
5.012e+07 0.000e+00 0.000e+00 0.000e+00 0.000e+00 0.000e+00
5.623e+07 0.000e+00 0.000e+00 0.000e+00 0.000e+00 0.000e+00
6.310e+07 0.000e+00 0.000e+00 0.000e+00 0.000e+00 0.000e+00
7.079e+07 0.000e+00 0.000e+00 0.000e+00 0.000e+00 0.000e+00
7.943e+07 0.000e+00 0.000e+00 0.000e+00 0.000e+00 0.000e+00
8.913e+07 0.000e+00 0.000e+00 0.000e+00 0.000e+00 0.000e+00
1.000e+08 0.000e+00 0.000e+00 0.000e+00 0.000e+00 0.000e+00
