1.000e-20 0.000e+00 0.000e+00 0.000e+00 0.000e+00 0.000e+00
1.122e-20 0.000e+00 0.000e+00 0.000e+00 0.000e+00 0.000e+00
1.259e-20 0.000e+00 0.000e+00 0.000e+00 0.000e+00 0.000e+00
1.413e-20 0.000e+00 0.000e+00 0.000e+00 0.000e+00 0.000e+00
1.585e-20 0.000e+00 0.000e+00 0.000e+00 0.000e+00 0.000e+00
1.778e-20 0.000e+00 0.000e+00 0.000e+00 0.000e+00 0.000e+00
1.995e-20 0.000e+00 0.000e+00 0.000e+00 0.000e+00 0.000e+00
2.239e-20 0.000e+00 0.000e+00 0.000e+00 0.000e+00 0.000e+00
2.512e-20 0.000e+00 0.000e+00 0.000e+00 0.000e+00 0.000e+00
2.818e-20 0.000e+00 0.000e+00 0.000e+00 0.000e+00 0.000e+00
3.162e-20 0.000e+00 0.000e+00 0.000e+00 0.000e+00 0.000e+00
3.548e-20 0.000e+00 0.000e+00 0.000e+00 0.000e+00 0.000e+00
3.981e-20 0.000e+00 0.000e+00 0.000e+00 0.000e+00 0.000e+00
4.467e-20 0.000e+00 0.000e+00 0.000e+00 0.000e+00 0.000e+00
5.012e-20 0.000e+00 0.000e+00 0.000e+00 0.000e+00 0.000e+00
5.623e-20 0.000e+00 0.000e+00 0.000e+00 0.000e+00 0.000e+00
6.310e-20 0.000e+00 0.000e+00 0.000e+00 0.000e+00 0.000e+00
7.079e-20 0.000e+00 0.000e+00 0.000e+00 0.000e+00 0.000e+00
7.943e-20 0.000e+00 0.000e+00 0.000e+00 0.000e+00 0.000e+00
8.913e-20 0.000e+00 0.000e+00 0.000e+00 0.000e+00 0.000e+00
1.000e-19 0.000e+00 0.000e+00 0.000e+00 0.000e+00 0.000e+00
1.122e-19 0.000e+00 0.000e+00 0.000e+00 0.000e+00 0.000e+00
1.259e-19 0.000e+00 0.000e+00 0.000e+00 0.000e+00 0.000e+00
1.413e-19 0.000e+00 0.000e+00 0.000e+00 0.000e+00 0.000e+00
1.585e-19 0.000e+00 0.000e+00 0.000e+00 0.000e+00 0.000e+00
1.778e-19 0.000e+00 0.000e+00 0.000e+00 0.000e+00 0.000e+00
1.995e-19 0.000e+00 0.000e+00 0.000e+00 0.000e+00 0.000e+00
2.239e-19 0.000e+00 0.000e+00 0.000e+00 0.000e+00 0.000e+00
2.512e-19 0.000e+00 0.000e+00 0.000e+00 0.000e+00 0.000e+00
2.818e-19 0.000e+00 0.000e+00 0.000e+00 0.000e+00 0.000e+00
3.162e-19 0.000e+00 0.000e+00 0.000e+00 0.000e+00 0.000e+00
3.548e-19 0.000e+00 0.000e+00 0.000e+00 0.000e+00 0.000e+00
3.981e-19 0.000e+00 0.000e+00 0.000e+00 0.000e+00 0.000e+00
4.467e-19 0.000e+00 0.000e+00 0.000e+00 0.000e+00 0.000e+00
5.012e-19 0.000e+00 0.000e+00 0.000e+00 0.000e+00 0.000e+00
5.623e-19 0.000e+00 0.000e+00 0.000e+00 0.000e+00 0.000e+00
6.310e-19 0.000e+00 0.000e+00 0.000e+00 0.000e+00 0.000e+00
7.079e-19 0.000e+00 0.000e+00 0.000e+00 0.000e+00 0.000e+00
7.943e-19 0.000e+00 0.000e+00 0.000e+00 0.000e+00 0.000e+00
8.913e-19 0.000e+00 0.000e+00 0.000e+00 0.000e+00 0.000e+00
1.000e-18 0.000e+00 0.000e+00 0.000e+00 0.000e+00 0.000e+00
1.122e-18 0.000e+00 0.000e+00 0.000e+00 0.000e+00 0.000e+00
1.259e-18 0.000e+00 0.000e+00 0.000e+00 0.000e+00 0.000e+00
1.413e-18 0.000e+00 0.000e+00 0.000e+00 0.000e+00 0.000e+00
1.585e-18 0.000e+00 0.000e+00 0.000e+00 0.000e+00 0.000e+00
1.778e-18 0.000e+00 0.000e+00 0.000e+00 0.000e+00 0.000e+00
1.995e-18 0.000e+00 0.000e+00 0.000e+00 0.000e+00 0.000e+00
2.239e-18 0.000e+00 0.000e+00 0.000e+00 0.000e+00 0.000e+00
2.512e-18 0.000e+00 0.000e+00 0.000e+00 0.000e+00 0.000e+00
2.818e-18 0.000e+00 0.000e+00 0.000e+00 0.000e+00 0.000e+00
3.162e-18 0.000e+00 0.000e+00 0.000e+00 0.000e+00 0.000e+00
3.548e-18 0.000e+00 0.000e+00 0.000e+00 0.000e+00 0.000e+00
3.981e-18 0.000e+00 0.000e+00 0.000e+00 0.000e+00 0.000e+00
4.467e-18 0.000e+00 0.000e+00 0.000e+00 0.000e+00 0.000e+00
5.012e-18 0.000e+00 0.000e+00 0.000e+00 0.000e+00 0.000e+00
5.623e-18 0.000e+00 0.000e+00 0.000e+00 0.000e+00 0.000e+00
6.310e-18 0.000e+00 0.000e+00 0.000e+00 0.000e+00 0.000e+00
7.079e-18 0.000e+00 0.000e+00 0.000e+00 0.000e+00 0.000e+00
7.943e-18 0.000e+00 0.000e+00 0.000e+00 0.000e+00 0.000e+00
8.913e-18 0.000e+00 0.000e+00 0.000e+00 0.000e+00 0.000e+00
1.000e-17 0.000e+00 0.000e+00 0.000e+00 0.000e+00 0.000e+00
1.122e-17 0.000e+00 0.000e+00 0.000e+00 0.000e+00 0.000e+00
1.259e-17 0.000e+00 0.000e+00 0.000e+00 0.000e+00 0.000e+00
1.413e-17 0.000e+00 0.000e+00 0.000e+00 0.000e+00 0.000e+00
1.585e-17 0.000e+00 0.000e+00 0.000e+00 0.000e+00 0.000e+00
1.778e-17 0.000e+00 0.000e+00 0.000e+00 0.000e+00 0.000e+00
1.995e-17 0.000e+00 0.000e+00 0.000e+00 0.000e+00 0.000e+00
2.239e-17 0.000e+00 0.000e+00 0.000e+00 0.000e+00 0.000e+00
2.512e-17 0.000e+00 0.000e+00 0.000e+00 0.000e+00 0.000e+00
2.818e-17 0.000e+00 0.000e+00 0.000e+00 0.000e+00 0.000e+00
3.162e-17 0.000e+00 0.000e+00 0.000e+00 0.000e+00 0.000e+00
3.548e-17 0.000e+00 0.000e+00 0.000e+00 0.000e+00 0.000e+00
3.981e-17 0.000e+00 0.000e+00 0.000e+00 0.000e+00 0.000e+00
4.467e-17 0.000e+00 0.000e+00 0.000e+00 0.000e+00 0.000e+00
5.012e-17 0.000e+00 0.000e+00 0.000e+00 0.000e+00 0.000e+00
5.623e-17 0.000e+00 0.000e+00 0.000e+00 0.000e+00 0.000e+00
6.310e-17 0.000e+00 0.000e+00 0.000e+00 0.000e+00 0.000e+00
7.079e-17 0.000e+00 0.000e+00 0.000e+00 0.000e+00 0.000e+00
7.943e-17 0.000e+00 0.000e+00 0.000e+00 0.000e+00 0.000e+00
8.913e-17 0.000e+00 0.000e+00 0.000e+00 0.000e+00 0.000e+00
1.000e-16 0.000e+00 0.000e+00 0.000e+00 0.000e+00 0.000e+00
1.122e-16 0.000e+00 0.000e+00 0.000e+00 0.000e+00 0.000e+00
1.259e-16 0.000e+00 0.000e+00 0.000e+00 0.000e+00 0.000e+00
1.413e-16 0.000e+00 0.000e+00 0.000e+00 0.000e+00 0.000e+00
1.585e-16 0.000e+00 0.000e+00 0.000e+00 0.000e+00 0.000e+00
1.778e-16 0.000e+00 0.000e+00 0.000e+00 0.000e+00 0.000e+00
1.995e-16 0.000e+00 0.000e+00 0.000e+00 0.000e+00 0.000e+00
2.239e-16 0.000e+00 0.000e+00 0.000e+00 0.000e+00 0.000e+00
2.512e-16 0.000e+00 0.000e+00 0.000e+00 0.000e+00 0.000e+00
2.818e-16 0.000e+00 0.000e+00 0.000e+00 0.000e+00 0.000e+00
3.162e-16 0.000e+00 0.000e+00 0.000e+00 0.000e+00 0.000e+00
3.548e-16 0.000e+00 0.000e+00 0.000e+00 0.000e+00 0.000e+00
3.981e-16 0.000e+00 0.000e+00 0.000e+00 0.000e+00 0.000e+00
4.467e-16 0.000e+00 0.000e+00 0.000e+00 0.000e+00 0.000e+00
5.012e-16 0.000e+00 0.000e+00 0.000e+00 0.000e+00 0.000e+00
5.623e-16 0.000e+00 0.000e+00 0.000e+00 0.000e+00 0.000e+00
6.310e-16 0.000e+00 0.000e+00 0.000e+00 0.000e+00 0.000e+00
7.079e-16 0.000e+00 0.000e+00 0.000e+00 0.000e+00 0.000e+00
7.943e-16 0.000e+00 0.000e+00 0.000e+00 0.000e+00 0.000e+00
8.913e-16 0.000e+00 0.000e+00 0.000e+00 0.000e+00 0.000e+00
1.000e-15 0.000e+00 0.000e+00 0.000e+00 0.000e+00 0.000e+00
1.122e-15 1.119e+42 8.791e+11 8.806e-46 3.718e-34 4.672e-33
1.259e-15 9.917e+41 9.810e+11 9.826e-46 4.148e-34 5.213e-33
1.413e-15 8.789e+41 1.095e+12 1.096e-45 4.629e-34 5.817e-33
1.585e-15 7.790e+41 1.221e+12 1.223e-45 5.165e-34 6.490e-33
1.778e-15 6.904e+41 1.363e+12 1.365e-45 5.763e-34 7.242e-33
1.995e-15 6.119e+41 1.520e+12 1.523e-45 6.429e-34 8.080e-33
2.239e-15 5.423e+41 1.696e+12 1.699e-45 7.173e-34 9.014e-33
2.512e-15 4.806e+41 1.892e+12 1.896e-45 8.003e-34 1.006e-32
2.818e-15 4.258e+41 2.111e+12 2.115e-45 8.928e-34 1.122e-32
3.162e-15 3.774e+41 2.355e+12 2.359e-45 9.960e-34 1.252e-32
3.548e-15 3.344e+41 2.627e+12 2.632e-45 1.111e-33 1.396e-32
3.981e-15 2.963e+41 2.931e+12 2.936e-45 1.239e-33 1.557e-32
4.467e-15 2.625e+41 3.269e+12 3.275e-45 1.383e-33 1.737e-32
5.012e-15 2.326e+41 3.647e+12 3.653e-45 1.542e-33 1.938e-32
5.623e-15 2.061e+41 4.067e+12 4.074e-45 1.720e-33 2.161e-32
6.310e-15 1.826e+41 4.537e+12 4.544e-45 1.918e-33 2.411e-32
7.079e-15 1.617e+41 5.060e+12 5.068e-45 2.140e-33 2.689e-32
7.943e-15 1.433e+41 5.643e+12 5.652e-45 2.386e-33 2.999e-32
8.913e-15 1.269e+41 6.293e+12 6.304e-45 2.661e-33 3.344e-32
1.000e-14 1.124e+41 7.018e+12 7.030e-45 2.968e-33 3.729e-32
1.122e-14 9.960e+40 7.826e+12 7.839e-45 3.309e-33 4.159e-32
1.259e-14 8.822e+40 8.727e+12 8.742e-45 3.690e-33 4.638e-32
1.413e-14 7.814e+40 9.731e+12 9.747e-45 4.115e-33 5.171e-32
1.585e-14 6.921e+40 1.085e+13 1.087e-44 4.588e-33 5.766e-32
1.778e-14 6.129e+40 1.210e+13 1.212e-44 5.116e-33 6.429e-32
1.995e-14 5.428e+40 1.349e+13 1.351e-44 5.704e-33 7.168e-32
2.239e-14 4.807e+40 1.504e+13 1.506e-44 6.359e-33 7.991e-32
2.512e-14 4.257e+40 1.676e+13 1.679e-44 7.089e-33 8.909e-32
2.818e-14 3.770e+40 1.869e+13 1.872e-44 7.903e-33 9.931e-32
3.162e-14 3.338e+40 2.083e+13 2.087e-44 8.810e-33 1.107e-31
3.548e-14 2.955e+40 2.322e+13 2.326e-44 9.820e-33 1.234e-31
3.981e-14 2.617e+40 2.588e+13 2.593e-44 1.095e-32 1.376e-31
4.467e-14 2.317e+40 2.885e+13 2.890e-44 1.220e-32 1.533e-31
5.012e-14 2.051e+40 3.216e+13 3.221e-44 1.360e-32 1.709e-31
5.623e-14 1.816e+40 3.584e+13 3.590e-44 1.516e-32 1.904e-31
6.310e-14 1.607e+40 3.994e+13 4.001e-44 1.689e-32 2.122e-31
7.079e-14 1.423e+40 4.451e+13 4.458e-44 1.882e-32 2.365e-31
7.943e-14 1.259e+40 4.960e+13 4.968e-44 2.097e-32 2.636e-31
8.913e-14 1.115e+40 5.527e+13 5.536e-44 2.337e-32 2.937e-31
1.000e-13 9.866e+39 6.158e+13 6.168e-44 2.604e-32 3.272e-31
1.122e-13 8.732e+39 6.861e+13 6.873e-44 2.901e-32 3.646e-31
1.259e-13 7.727e+39 7.644e+13 7.657e-44 3.233e-32 4.062e-31
1.413e-13 6.838e+39 8.516e+13 8.531e-44 3.601e-32 4.526e-31
1.585e-13 6.051e+39 9.487e+13 9.503e-44 4.012e-32 5.041e-31
1.778e-13 5.354e+39 1.057e+14 1.059e-43 4.469e-32 5.616e-31
1.995e-13 4.738e+39 1.177e+14 1.179e-43 4.978e-32 6.256e-31
2.239e-13 4.192e+39 1.311e+14 1.313e-43 5.545e-32 6.968e-31
2.512e-13 3.708e+39 1.460e+14 1.463e-43 6.176e-32 7.761e-31
2.818e-13 3.281e+39 1.626e+14 1.629e-43 6.878e-32 8.643e-31
3.162e-13 2.902e+39 1.811e+14 1.814e-43 7.660e-32 9.625e-31
3.548e-13 2.567e+39 2.017e+14 2.020e-43 8.530e-32 1.072e-30
3.981e-13 2.271e+39 2.246e+14 2.250e-43 9.498e-32 1.194e-30
4.467e-13 2.008e+39 2.501e+14 2.505e-43 1.058e-31 1.329e-30
5.012e-13 1.776e+39 2.785e+14 2.789e-43 1.178e-31 1.480e-30
5.623e-13 1.571e+39 3.100e+14 3.105e-43 1.311e-31 1.647e-30
6.310e-13 1.389e+39 3.451e+14 3.457e-43 1.459e-31 1.834e-30
7.079e-13 1.228e+39 3.842e+14 3.848e-43 1.625e-31 2.042e-30
7.943e-13 1.086e+39 4.277e+14 4.284e-43 1.808e-31 2.273e-30
8.913e-13 9.601e+38 4.760e+14 4.768e-43 2.013e-31 2.530e-30
1.000e-12 8.488e+38 5.298e+14 5.307e-43 2.240e-31 2.815e-30
1.122e-12 7.504e+38 5.896e+14 5.906e-43 2.493e-31 3.133e-30
1.259e-12 6.633e+38 6.561e+14 6.573e-43 2.775e-31 3.487e-30
1.413e-12 5.863e+38 7.301e+14 7.314e-43 3.088e-31 3.880e-30
1.585e-12 5.182e+38 8.124e+14 8.138e-43 3.435e-31 4.317e-30
1.778e-12 4.580e+38 9.039e+14 9.054e-43 3.822e-31 4.803e-30
1.995e-12 4.047e+38 1.006e+15 1.007e-42 4.252e-31 5.344e-30
2.239e-12 3.576e+38 1.119e+15 1.121e-42 4.731e-31 5.945e-30
2.512e-12 3.160e+38 1.244e+15 1.246e-42 5.262e-31 6.613e-30
2.818e-12 2.792e+38 1.384e+15 1.386e-42 5.853e-31 7.355e-30
3.162e-12 2.466e+38 1.539e+15 1.542e-42 6.510e-31 8.180e-30
3.548e-12 2.179e+38 1.712e+15 1.715e-42 7.240e-31 9.098e-30
3.981e-12 1.925e+38 1.904e+15 1.907e-42 8.051e-31 1.012e-29
4.467e-12 1.700e+38 2.117e+15 2.120e-42 8.952e-31 1.125e-29
5.012e-12 1.501e+38 2.354e+15 2.358e-42 9.953e-31 1.251e-29
5.623e-12 1.326e+38 2.617e+15 2.621e-42 1.107e-30 1.390e-29
6.310e-12 1.171e+38 2.909e+15 2.914e-42 1.230e-30 1.546e-29
7.079e-12 1.034e+38 3.233e+15 3.239e-42 1.367e-30 1.718e-29
7.943e-12 9.125e+37 3.594e+15 3.600e-42 1.520e-30 1.910e-29
8.913e-12 8.056e+37 3.994e+15 4.001e-42 1.689e-30 2.122e-29
1.000e-11 7.111e+37 4.438e+15 4.446e-42 1.877e-30 2.359e-29
1.122e-11 6.276e+37 4.932e+15 4.940e-42 2.085e-30 2.621e-29
1.259e-11 5.539e+37 5.479e+15 5.489e-42 2.317e-30 2.912e-29
1.413e-11 4.888e+37 6.087e+15 6.098e-42 2.574e-30 3.235e-29
1.585e-11 4.313e+37 6.762e+15 6.773e-42 2.859e-30 3.593e-29
1.778e-11 3.805e+37 7.511e+15 7.523e-42 3.176e-30 3.991e-29
1.995e-11 3.357e+37 8.342e+15 8.356e-42 3.527e-30 4.433e-29
2.239e-11 2.961e+37 9.263e+15 9.279e-42 3.917e-30 4.923e-29
2.512e-11 2.612e+37 1.029e+16 1.030e-41 4.350e-30 5.466e-29
2.818e-11 2.303e+37 1.142e+16 1.144e-41 4.829e-30 6.069e-29
3.162e-11 2.031e+37 1.268e+16 1.270e-41 5.361e-30 6.737e-29
3.548e-11 1.791e+37 1.407e+16 1.410e-41 5.951e-30 7.478e-29
3.981e-11 1.579e+37 1.562e+16 1.565e-41 6.605e-30 8.300e-29
4.467e-11 1.392e+37 1.733e+16 1.736e-41 7.330e-30 9.211e-29
5.012e-11 1.227e+37 1.923e+16 1.927e-41 8.134e-30 1.022e-28
5.623e-11 1.081e+37 2.134e+16 2.138e-41 9.025e-30 1.134e-28
6.310e-11 9.528e+36 2.368e+16 2.372e-41 1.001e-29 1.258e-28
7.079e-11 8.395e+36 2.626e+16 2.631e-41 1.111e-29 1.396e-28
7.943e-11 7.396e+36 2.913e+16 2.918e-41 1.232e-29 1.548e-28
8.913e-11 6.515e+36 3.230e+16 3.236e-41 1.366e-29 1.717e-28
1.000e-10 5.738e+36 3.582e+16 3.588e-41 1.515e-29 1.903e-28
1.122e-10 5.054e+36 3.971e+16 3.978e-41 1.679e-29 2.110e-28
1.259e-10 4.450e+36 4.402e+16 4.409e-41 1.861e-29 2.339e-28
1.413e-10 3.918e+36 4.879e+16 4.887e-41 2.063e-29 2.593e-28
1.585e-10 3.449e+36 5.407e+16 5.416e-41 2.287e-29 2.873e-28
1.778e-10 3.036e+36 5.992e+16 6.002e-41 2.534e-29 3.184e-28
1.995e-10 2.672e+36 6.638e+16 6.649e-41 2.807e-29 3.528e-28
2.239e-10 2.351e+36 7.354e+16 7.366e-41 3.110e-29 3.908e-28
2.512e-10 2.068e+36 8.145e+16 8.159e-41 3.444e-29 4.328e-28
2.818e-10 1.819e+36 9.020e+16 9.036e-41 3.815e-29 4.793e-28
3.162e-10 1.600e+36 9.988e+16 1.001e-40 4.224e-29 5.308e-28
3.548e-10 1.407e+36 1.106e+17 1.108e-40 4.676e-29 5.877e-28
3.981e-10 1.238e+36 1.224e+17 1.226e-40 5.177e-29 6.505e-28
4.467e-10 1.088e+36 1.355e+17 1.357e-40 5.730e-29 7.200e-28
5.012e-10 9.564e+35 1.500e+17 1.502e-40 6.341e-29 7.968e-28
5.623e-10 8.407e+35 1.659e+17 1.662e-40 7.017e-29 8.817e-28
6.310e-10 7.388e+35 1.836e+17 1.839e-40 7.763e-29 9.755e-28
7.079e-10 6.492e+35 2.031e+17 2.034e-40 8.587e-29 1.079e-27
7.943e-10 5.703e+35 2.246e+17 2.250e-40 9.498e-29 1.194e-27
8.913e-10 5.010e+35 2.484e+17 2.488e-40 1.050e-28 1.320e-27
1.000e-09 4.401e+35 2.747e+17 2.751e-40 1.162e-28 1.460e-27
1.122e-09 3.865e+35 3.037e+17 3.042e-40 1.284e-28 1.614e-27
1.259e-09 3.394e+35 3.357e+17 3.363e-40 1.420e-28 1.784e-27
1.413e-09 2.980e+35 3.711e+17 3.718e-40 1.569e-28 1.972e-27
1.585e-09 2.616e+35 4.102e+17 4.109e-40 1.735e-28 2.180e-27
1.778e-09 2.297e+35 4.533e+17 4.541e-40 1.917e-28 2.409e-27
1.995e-09 2.016e+35 5.010e+17 5.018e-40 2.119e-28 2.662e-27
2.239e-09 1.770e+35 5.536e+17 5.545e-40 2.341e-28 2.942e-27
2.512e-09 1.553e+35 6.117e+17 6.127e-40 2.587e-28 3.250e-27
2.818e-09 1.363e+35 6.758e+17 6.769e-40 2.858e-28 3.591e-27
3.162e-09 1.196e+35 7.466e+17 7.479e-40 3.157e-28 3.968e-27
3.548e-09 1.050e+35 8.248e+17 8.262e-40 3.488e-28 4.383e-27
3.981e-09 9.211e+34 9.112e+17 9.128e-40 3.853e-28 4.842e-27
4.467e-09 8.083e+34 1.007e+18 1.008e-39 4.257e-28 5.349e-27
5.012e-09 7.093e+34 1.112e+18 1.114e-39 4.702e-28 5.909e-27
5.623e-09 6.223e+34 1.228e+18 1.230e-39 5.194e-28 6.528e-27
6.310e-09 5.461e+34 1.357e+18 1.359e-39 5.738e-28 7.210e-27
7.079e-09 4.791e+34 1.499e+18 1.501e-39 6.338e-28 7.965e-27
7.943e-09 4.204e+34 1.656e+18 1.658e-39 7.001e-28 8.797e-27
8.913e-09 3.688e+34 1.828e+18 1.832e-39 7.732e-28 9.717e-27
1.000e-08 3.235e+34 2.019e+18 2.023e-39 8.539e-28 1.073e-26
1.122e-08 2.838e+34 2.230e+18 2.233e-39 9.429e-28 1.185e-26
1.259e-08 2.488e+34 2.461e+18 2.466e-39 1.041e-27 1.308e-26
1.413e-08 2.181e+34 2.716e+18 2.721e-39 1.149e-27 1.444e-26
1.585e-08 1.911e+34 2.996e+18 3.002e-39 1.267e-27 1.592e-26
1.778e-08 1.674e+34 3.304e+18 3.309e-39 1.397e-27 1.756e-26
1.995e-08 1.465e+34 3.639e+18 3.646e-39 1.539e-27 1.934e-26
2.239e-08 1.281e+34 4.006e+18 4.012e-39 1.694e-27 2.129e-26
2.512e-08 1.118e+34 4.403e+18 4.411e-39 1.862e-27 2.340e-26
2.818e-08 9.749e+33 4.834e+18 4.842e-39 2.044e-27 2.569e-26
3.162e-08 8.485e+33 5.296e+18 5.305e-39 2.240e-27 2.814e-26
3.548e-08 7.368e+33 5.789e+18 5.799e-39 2.448e-27 3.077e-26
3.981e-08 6.381e+33 6.312e+18 6.323e-39 2.669e-27 3.354e-26
4.467e-08 5.507e+33 6.858e+18 6.870e-39 2.900e-27 3.645e-26
5.012e-08 4.734e+33 7.422e+18 7.434e-39 3.138e-27 3.944e-26
5.623e-08 4.048e+33 7.989e+18 8.002e-39 3.378e-27 4.245e-26
6.310e-08 3.435e+33 8.536e+18 8.550e-39 3.610e-27 4.536e-26
7.079e-08 2.873e+33 8.987e+18 9.002e-39 3.800e-27 4.776e-26
7.943e-08 2.371e+33 9.337e+18 9.353e-39 3.948e-27 4.962e-26
8.913e-08 2.022e+33 1.002e+19 1.004e-38 4.239e-27 5.326e-26
1.000e-07 1.715e+33 1.070e+19 1.072e-38 4.527e-27 5.689e-26
1.122e-07 1.446e+33 1.136e+19 1.138e-38 4.806e-27 6.039e-26
1.259e-07 1.210e+33 1.197e+19 1.199e-38 5.062e-27 6.362e-26
1.413e-07 9.977e+32 1.243e+19 1.245e-38 5.254e-27 6.603e-26
1.585e-07 8.196e+32 1.285e+19 1.287e-38 5.434e-27 6.828e-26
1.778e-07 6.840e+32 1.350e+19 1.352e-38 5.709e-27 7.174e-26
1.995e-07 5.663e+32 1.407e+19 1.409e-38 5.950e-27 7.477e-26
2.239e-07 4.598e+32 1.438e+19 1.441e-38 6.082e-27 7.643e-26
2.512e-07 3.775e+32 1.486e+19 1.489e-38 6.286e-27 7.899e-26
2.818e-07 3.102e+32 1.538e+19 1.540e-38 6.503e-27 8.172e-26
3.162e-07 2.483e+32 1.550e+19 1.552e-38 6.553e-27 8.235e-26
3.548e-07 2.038e+32 1.602e+19 1.604e-38 6.772e-27 8.511e-26
3.981e-07 1.652e+32 1.634e+19 1.637e-38 6.911e-27 8.684e-26
4.467e-07 1.324e+32 1.649e+19 1.652e-38 6.972e-27 8.762e-26
5.012e-07 1.070e+32 1.678e+19 1.680e-38 7.094e-27 8.914e-26
5.623e-07 8.518e+31 1.681e+19 1.684e-38 7.110e-27 8.935e-26
6.310e-07 6.843e+31 1.700e+19 1.703e-38 7.191e-27 9.036e-26
7.079e-07 5.437e+31 1.701e+19 1.704e-38 7.193e-27 9.039e-26
7.943e-07 4.310e+31 1.697e+19 1.700e-38 7.178e-27 9.020e-26
8.913e-07 3.450e+31 1.711e+19 1.714e-38 7.234e-27 9.091e-26
1.000e-06 2.900e+31 1.810e+19 1.813e-38 7.654e-27 9.618e-26
1.122e-06 2.301e+31 1.808e+19 1.811e-38 7.645e-27 9.607e-26
1.259e-06 1.940e+31 1.920e+19 1.923e-38 8.117e-27 1.020e-25
1.413e-06 1.620e+31 2.018e+19 2.021e-38 8.534e-27 1.072e-25
1.585e-06 1.258e+31 1.972e+19 1.976e-38 8.340e-27 1.048e-25
1.778e-06 1.061e+31 2.094e+19 2.097e-38 8.853e-27 1.113e-25
1.995e-06 8.274e+30 2.056e+19 2.059e-38 8.694e-27 1.093e-25
2.239e-06 6.836e+30 2.138e+19 2.142e-38 9.043e-27 1.136e-25
2.512e-06 5.633e+30 2.218e+19 2.222e-38 9.381e-27 1.179e-25
2.818e-06 4.318e+30 2.141e+19 2.144e-38 9.052e-27 1.138e-25
3.162e-06 3.575e+30 2.232e+19 2.235e-38 9.437e-27 1.186e-25
3.548e-06 2.969e+30 2.333e+19 2.337e-38 9.866e-27 1.240e-25
3.981e-06 2.450e+30 2.424e+19 2.428e-38 1.025e-26 1.288e-25
4.467e-06 1.866e+30 2.324e+19 2.328e-38 9.826e-27 1.235e-25
5.012e-06 1.526e+30 2.392e+19 2.396e-38 1.012e-26 1.271e-25
5.623e-06 1.246e+30 2.460e+19 2.464e-38 1.040e-26 1.307e-25
6.310e-06 1.017e+30 2.528e+19 2.532e-38 1.069e-26 1.343e-25
7.079e-06 7.603e+29 2.378e+19 2.382e-38 1.006e-26 1.264e-25
7.943e-06 6.160e+29 2.426e+19 2.430e-38 1.026e-26 1.289e-25
8.913e-06 4.989e+29 2.474e+19 2.478e-38 1.046e-26 1.314e-25
1.000e-05 4.039e+29 2.521e+19 2.525e-38 1.066e-26 1.340e-25
1.122e-05 2.969e+29 2.333e+19 2.337e-38 9.865e-27 1.240e-25
1.259e-05 2.384e+29 2.358e+19 2.362e-38 9.972e-27 1.253e-25
1.413e-05 1.960e+29 2.440e+19 2.445e-38 1.032e-26 1.297e-25
1.585e-05 1.595e+29 2.501e+19 2.505e-38 1.058e-26 1.329e-25
1.778e-05 1.295e+29 2.557e+19 2.561e-38 1.081e-26 1.359e-25
1.995e-05 1.051e+29 2.611e+19 2.615e-38 1.104e-26 1.387e-25
2.239e-05 8.518e+28 2.664e+19 2.669e-38 1.127e-26 1.416e-25
2.512e-05 6.157e+28 2.425e+19 2.429e-38 1.025e-26 1.289e-25
2.818e-05 4.948e+28 2.453e+19 2.457e-38 1.037e-26 1.304e-25
3.162e-05 3.976e+28 2.482e+19 2.486e-38 1.050e-26 1.319e-25
3.548e-05 3.195e+28 2.511e+19 2.515e-38 1.062e-26 1.334e-25
3.981e-05 2.567e+28 2.540e+19 2.544e-38 1.074e-26 1.350e-25
4.467e-05 2.063e+28 2.569e+19 2.573e-38 1.086e-26 1.365e-25
5.012e-05 1.657e+28 2.598e+19 2.603e-38 1.099e-26 1.381e-25
5.623e-05 1.331e+28 2.628e+19 2.632e-38 1.111e-26 1.396e-25
6.310e-05 1.069e+28 2.657e+19 2.661e-38 1.124e-26 1.412e-25
7.079e-05 8.588e+27 2.686e+19 2.691e-38 1.136e-26 1.428e-25
7.943e-05 6.896e+27 2.716e+19 2.720e-38 1.148e-26 1.443e-25
8.913e-05 5.537e+27 2.745e+19 2.750e-38 1.161e-26 1.459e-25
1.000e-04 4.445e+27 2.775e+19 2.779e-38 1.173e-26 1.474e-25
1.122e-04 3.138e+27 2.466e+19 2.470e-38 1.043e-26 1.310e-25
1.259e-04 2.492e+27 2.466e+19 2.470e-38 1.043e-26 1.310e-25
1.413e-04 1.980e+27 2.466e+19 2.470e-38 1.043e-26 1.310e-25
1.585e-04 1.573e+27 2.465e+19 2.470e-38 1.043e-26 1.310e-25
1.778e-04 1.249e+27 2.465e+19 2.470e-38 1.043e-26 1.310e-25
1.995e-04 9.922e+26 2.465e+19 2.470e-38 1.043e-26 1.310e-25
2.239e-04 7.882e+26 2.465e+19 2.470e-38 1.043e-26 1.310e-25
2.512e-04 6.260e+26 2.465e+19 2.470e-38 1.043e-26 1.310e-25
2.818e-04 4.973e+26 2.465e+19 2.470e-38 1.043e-26 1.310e-25
3.162e-04 3.950e+26 2.465e+19 2.470e-38 1.043e-26 1.310e-25
3.548e-04 3.138e+26 2.465e+19 2.470e-38 1.043e-26 1.310e-25
3.981e-04 2.492e+26 2.465e+19 2.470e-38 1.043e-26 1.310e-25
4.467e-04 1.980e+26 2.465e+19 2.470e-38 1.043e-26 1.310e-25
5.012e-04 1.573e+26 2.465e+19 2.470e-38 1.043e-26 1.310e-25
5.623e-04 1.249e+26 2.465e+19 2.470e-38 1.043e-26 1.310e-25
6.310e-04 9.922e+25 2.465e+19 2.470e-38 1.043e-26 1.310e-25
7.079e-04 7.881e+25 2.465e+19 2.469e-38 1.043e-26 1.310e-25
7.943e-04 6.260e+25 2.465e+19 2.469e-38 1.043e-26 1.310e-25
8.913e-04 4.972e+25 2.465e+19 2.469e-38 1.042e-26 1.310e-25
1.000e-03 3.950e+25 2.465e+19 2.469e-38 1.042e-26 1.310e-25
1.122e-03 3.137e+25 2.465e+19 2.469e-38 1.042e-26 1.310e-25
1.259e-03 2.492e+25 2.465e+19 2.469e-38 1.042e-26 1.310e-25
1.413e-03 1.979e+25 2.465e+19 2.469e-38 1.042e-26 1.310e-25
1.585e-03 1.572e+25 2.465e+19 2.469e-38 1.042e-26 1.310e-25
1.778e-03 1.249e+25 2.465e+19 2.469e-38 1.042e-26 1.310e-25
1.995e-03 9.920e+24 2.465e+19 2.469e-38 1.042e-26 1.310e-25
2.239e-03 7.879e+24 2.465e+19 2.469e-38 1.042e-26 1.310e-25
2.512e-03 6.259e+24 2.465e+19 2.469e-38 1.042e-26 1.310e-25
2.818e-03 4.971e+24 2.465e+19 2.469e-38 1.042e-26 1.310e-25
3.162e-03 3.949e+24 2.465e+19 2.469e-38 1.042e-26 1.310e-25
3.548e-03 3.136e+24 2.464e+19 2.469e-38 1.042e-26 1.310e-25
3.981e-03 2.491e+24 2.464e+19 2.468e-38 1.042e-26 1.310e-25
4.467e-03 1.979e+24 2.464e+19 2.468e-38 1.042e-26 1.309e-25
5.012e-03 1.572e+24 2.464e+19 2.468e-38 1.042e-26 1.309e-25
5.623e-03 1.248e+24 2.464e+19 2.468e-38 1.042e-26 1.309e-25
6.310e-03 9.915e+23 2.464e+19 2.468e-38 1.042e-26 1.309e-25
7.079e-03 7.875e+23 2.463e+19 2.468e-38 1.042e-26 1.309e-25
7.943e-03 6.255e+23 2.463e+19 2.467e-38 1.042e-26 1.309e-25
8.913e-03 4.968e+23 2.463e+19 2.467e-38 1.042e-26 1.309e-25
1.000e-02 3.945e+23 2.463e+19 2.467e-38 1.041e-26 1.309e-25
1.122e-02 3.134e+23 2.462e+19 2.466e-38 1.041e-26 1.308e-25
1.259e-02 2.489e+23 2.462e+19 2.466e-38 1.041e-26 1.308e-25
1.413e-02 1.977e+23 2.462e+19 2.466e-38 1.041e-26 1.308e-25
1.585e-02 1.570e+23 2.461e+19 2.465e-38 1.041e-26 1.308e-25
1.778e-02 1.247e+23 2.461e+19 2.465e-38 1.041e-26 1.308e-25
1.995e-02 9.901e+22 2.460e+19 2.464e-38 1.040e-26 1.307e-25
2.239e-02 7.862e+22 2.459e+19 2.464e-38 1.040e-26 1.307e-25
2.512e-02 6.244e+22 2.459e+19 2.463e-38 1.040e-26 1.307e-25
2.818e-02 4.958e+22 2.458e+19 2.462e-38 1.039e-26 1.306e-25
3.162e-02 3.937e+22 2.457e+19 2.462e-38 1.039e-26 1.306e-25
3.548e-02 3.126e+22 2.456e+19 2.461e-38 1.039e-26 1.305e-25
3.981e-02 2.482e+22 2.456e+19 2.460e-38 1.038e-26 1.305e-25
4.467e-02 1.971e+22 2.454e+19 2.459e-38 1.038e-26 1.304e-25
5.012e-02 1.565e+22 2.453e+19 2.457e-38 1.037e-26 1.304e-25
5.623e-02 1.242e+22 2.452e+19 2.456e-38 1.037e-26 1.303e-25
6.310e-02 9.862e+21 2.451e+19 2.455e-38 1.036e-26 1.302e-25
7.079e-02 7.829e+21 2.449e+19 2.453e-38 1.036e-26 1.301e-25
7.943e-02 6.214e+21 2.447e+19 2.451e-38 1.035e-26 1.301e-25
8.913e-02 4.933e+21 2.445e+19 2.450e-38 1.034e-26 1.300e-25
1.000e-01 3.915e+21 2.443e+19 2.448e-38 1.033e-26 1.298e-25
1.122e-01 3.107e+21 2.441e+19 2.445e-38 1.032e-26 1.297e-25
1.259e-01 2.465e+21 2.439e+19 2.443e-38 1.031e-26 1.296e-25
1.413e-01 1.956e+21 2.436e+19 2.440e-38 1.030e-26 1.294e-25
1.585e-01 1.552e+21 2.433e+19 2.437e-38 1.029e-26 1.293e-25
1.778e-01 1.231e+21 2.429e+19 2.434e-38 1.027e-26 1.291e-25
1.995e-01 9.763e+20 2.426e+19 2.430e-38 1.026e-26 1.289e-25
2.239e-01 7.742e+20 2.422e+19 2.426e-38 1.024e-26 1.287e-25
2.512e-01 6.139e+20 2.417e+19 2.422e-38 1.022e-26 1.285e-25
2.818e-01 4.866e+20 2.413e+19 2.417e-38 1.020e-26 1.282e-25
3.162e-01 3.857e+20 2.407e+19 2.411e-38 1.018e-26 1.279e-25
3.548e-01 3.056e+20 2.402e+19 2.406e-38 1.016e-26 1.276e-25
3.981e-01 2.421e+20 2.395e+19 2.399e-38 1.013e-26 1.273e-25
4.467e-01 1.918e+20 2.388e+19 2.392e-38 1.010e-26 1.269e-25
5.012e-01 1.519e+20 2.381e+19 2.385e-38 1.007e-26 1.265e-25
5.623e-01 1.202e+20 2.373e+19 2.377e-38 1.003e-26 1.261e-25
6.310e-01 9.513e+19 2.364e+19 2.368e-38 9.996e-27 1.256e-25
7.079e-01 7.525e+19 2.354e+19 2.358e-38 9.954e-27 1.251e-25
7.943e-01 5.950e+19 2.343e+19 2.347e-38 9.909e-27 1.245e-25
8.913e-01 4.703e+19 2.332e+19 2.336e-38 9.860e-27 1.239e-25
1.000e+00 3.716e+19 2.319e+19 2.323e-38 9.807e-27 1.232e-25
1.122e+00 2.934e+19 2.305e+19 2.309e-38 9.749e-27 1.225e-25
1.259e+00 2.315e+19 2.291e+19 2.294e-38 9.686e-27 1.217e-25
1.413e+00 1.826e+19 2.274e+19 2.278e-38 9.618e-27 1.209e-25
1.585e+00 1.440e+19 2.257e+19 2.261e-38 9.544e-27 1.199e-25
1.778e+00 1.134e+19 2.238e+19 2.242e-38 9.464e-27 1.189e-25
1.995e+00 8.924e+18 2.218e+19 2.221e-38 9.378e-27 1.178e-25
2.239e+00 7.018e+18 2.195e+19 2.199e-38 9.284e-27 1.167e-25
2.512e+00 5.514e+18 2.172e+19 2.175e-38 9.183e-27 1.154e-25
2.818e+00 4.328e+18 2.146e+19 2.150e-38 9.075e-27 1.140e-25
3.162e+00 3.394e+18 2.118e+19 2.122e-38 8.958e-27 1.126e-25
3.548e+00 2.658e+18 2.089e+19 2.092e-38 8.833e-27 1.110e-25
3.981e+00 2.079e+18 2.057e+19 2.060e-38 8.698e-27 1.093e-25
4.467e+00 1.624e+18 2.023e+19 2.026e-38 8.554e-27 1.075e-25
5.012e+00 1.267e+18 1.986e+19 1.990e-38 8.400e-27 1.056e-25
5.623e+00 9.868e+17 1.948e+19 1.951e-38 8.236e-27 1.035e-25
6.310e+00 7.672e+17 1.906e+19 1.909e-38 8.061e-27 1.013e-25
7.079e+00 5.953e+17 1.862e+19 1.865e-38 7.875e-27 9.896e-26
7.943e+00 4.610e+17 1.816e+19 1.819e-38 7.678e-27 9.648e-26
8.913e+00 3.563e+17 1.766e+19 1.769e-38 7.469e-27 9.386e-26
1.000e+01 2.746e+17 1.714e+19 1.717e-38 7.249e-27 9.109e-26
1.122e+01 2.112e+17 1.659e+19 1.662e-38 7.017e-27 8.818e-26
1.259e+01 1.619e+17 1.602e+19 1.604e-38 6.773e-27 8.512e-26
1.413e+01 1.238e+17 1.541e+19 1.544e-38 6.518e-27 8.191e-26
1.585e+01 9.431e+16 1.479e+19 1.481e-38 6.252e-27 7.857e-26
1.778e+01 7.160e+16 1.413e+19 1.416e-38 5.976e-27 7.509e-26
1.995e+01 5.414e+16 1.345e+19 1.348e-38 5.689e-27 7.149e-26
2.239e+01 4.077e+16 1.275e+19 1.278e-38 5.393e-27 6.778e-26
2.512e+01 3.056e+16 1.204e+19 1.206e-38 5.089e-27 6.396e-26
2.818e+01 2.279e+16 1.130e+19 1.132e-38 4.779e-27 6.005e-26
3.162e+01 1.691e+16 1.055e+19 1.057e-38 4.462e-27 5.607e-26
3.548e+01 1.246e+16 9.794e+18 9.811e-39 4.142e-27 5.205e-26
3.981e+01 9.130e+15 9.031e+18 9.047e-39 3.819e-27 4.799e-26
4.467e+01 6.640e+15 8.269e+18 8.283e-39 3.497e-27 4.394e-26
5.012e+01 4.791e+15 7.512e+18 7.524e-39 3.177e-27 3.992e-26
5.623e+01 3.428e+15 6.765e+18 6.777e-39 2.861e-27 3.595e-26
6.310e+01 2.429e+15 6.036e+18 6.046e-39 2.553e-27 3.208e-26
7.079e+01 1.704e+15 5.330e+18 5.339e-39 2.254e-27 2.832e-26
7.943e+01 1.182e+15 4.653e+18 4.661e-39 1.968e-27 2.473e-26
8.913e+01 8.091e+14 4.011e+18 4.018e-39 1.696e-27 2.132e-26
1.000e+02 5.464e+14 3.411e+18 3.416e-39 1.442e-27 1.812e-26
1.122e+02 3.634e+14 2.856e+18 2.861e-39 1.208e-27 1.518e-26
1.259e+02 2.376e+14 2.351e+18 2.355e-39 9.941e-28 1.249e-26
1.413e+02 1.525e+14 1.899e+18 1.902e-39 8.031e-28 1.009e-26
1.585e+02 9.583e+13 1.502e+18 1.505e-39 6.354e-28 7.984e-27
1.778e+02 5.884e+13 1.161e+18 1.163e-39 4.911e-28 6.171e-27
1.995e+02 3.519e+13 8.745e+17 8.760e-40 3.698e-28 4.647e-27
2.239e+02 2.044e+13 6.395e+17 6.406e-40 2.704e-28 3.398e-27
2.512e+02 1.149e+13 4.524e+17 4.531e-40 1.913e-28 2.404e-27
2.818e+02 6.213e+12 3.080e+17 3.085e-40 1.303e-28 1.637e-27
3.162e+02 3.212e+12 2.005e+17 2.008e-40 8.479e-29 1.065e-27
3.548e+02 1.571e+12 1.234e+17 1.237e-40 5.220e-29 6.560e-28
3.981e+02 7.126e+11 7.049e+16 7.061e-41 2.981e-29 3.746e-28
4.467e+02 2.862e+11 3.565e+16 3.571e-41 1.507e-29 1.894e-28
5.012e+02 8.685e+10 1.362e+16 1.364e-41 5.758e-30 7.236e-29
5.623e+02 0.000e+00 0.000e+00 0.000e+00 0.000e+00 0.000e+00
6.310e+02 0.000e+00 0.000e+00 0.000e+00 0.000e+00 0.000e+00
7.079e+02 0.000e+00 0.000e+00 0.000e+00 0.000e+00 0.000e+00
7.943e+02 0.000e+00 0.000e+00 0.000e+00 0.000e+00 0.000e+00
8.913e+02 0.000e+00 0.000e+00 0.000e+00 0.000e+00 0.000e+00
1.000e+03 0.000e+00 0.000e+00 0.000e+00 0.000e+00 0.000e+00
1.122e+03 0.000e+00 0.000e+00 0.000e+00 0.000e+00 0.000e+00
1.259e+03 0.000e+00 0.000e+00 0.000e+00 0.000e+00 0.000e+00
1.413e+03 0.000e+00 0.000e+00 0.000e+00 0.000e+00 0.000e+00
1.585e+03 0.000e+00 0.000e+00 0.000e+00 0.000e+00 0.000e+00
1.778e+03 0.000e+00 0.000e+00 0.000e+00 0.000e+00 0.000e+00
1.995e+03 0.000e+00 0.000e+00 0.000e+00 0.000e+00 0.000e+00
2.239e+03 0.000e+00 0.000e+00 0.000e+00 0.000e+00 0.000e+00
2.512e+03 0.000e+00 0.000e+00 0.000e+00 0.000e+00 0.000e+00
2.818e+03 0.000e+00 0.000e+00 0.000e+00 0.000e+00 0.000e+00
3.162e+03 0.000e+00 0.000e+00 0.000e+00 0.000e+00 0.000e+00
3.548e+03 0.000e+00 0.000e+00 0.000e+00 0.000e+00 0.000e+00
3.981e+03 0.000e+00 0.000e+00 0.000e+00 0.000e+00 0.000e+00
4.467e+03 0.000e+00 0.000e+00 0.000e+00 0.000e+00 0.000e+00
5.012e+03 0.000e+00 0.000e+00 0.000e+00 0.000e+00 0.000e+00
5.623e+03 0.000e+00 0.000e+00 0.000e+00 0.000e+00 0.000e+00
6.310e+03 0.000e+00 0.000e+00 0.000e+00 0.000e+00 0.000e+00
7.079e+03 0.000e+00 0.000e+00 0.000e+00 0.000e+00 0.000e+00
7.943e+03 0.000e+00 0.000e+00 0.000e+00 0.000e+00 0.000e+00
8.913e+03 0.000e+00 0.000e+00 0.000e+00 0.000e+00 0.000e+00
1.000e+04 0.000e+00 0.000e+00 0.000e+00 0.000e+00 0.000e+00
1.122e+04 0.000e+00 0.000e+00 0.000e+00 0.000e+00 0.000e+00
1.259e+04 0.000e+00 0.000e+00 0.000e+00 0.000e+00 0.000e+00
1.413e+04 0.000e+00 0.000e+00 0.000e+00 0.000e+00 0.000e+00
1.585e+04 0.000e+00 0.000e+00 0.000e+00 0.000e+00 0.000e+00
1.778e+04 0.000e+00 0.000e+00 0.000e+00 0.000e+00 0.000e+00
1.995e+04 0.000e+00 0.000e+00 0.000e+00 0.000e+00 0.000e+00
2.239e+04 0.000e+00 0.000e+00 0.000e+00 0.000e+00 0.000e+00
2.512e+04 0.000e+00 0.000e+00 0.000e+00 0.000e+00 0.000e+00
2.818e+04 0.000e+00 0.000e+00 0.000e+00 0.000e+00 0.000e+00
3.162e+04 0.000e+00 0.000e+00 0.000e+00 0.000e+00 0.000e+00
3.548e+04 0.000e+00 0.000e+00 0.000e+00 0.000e+00 0.000e+00
3.981e+04 0.000e+00 0.000e+00 0.000e+00 0.000e+00 0.000e+00
4.467e+04 0.000e+00 0.000e+00 0.000e+00 0.000e+00 0.000e+00
5.012e+04 0.000e+00 0.000e+00 0.000e+00 0.000e+00 0.000e+00
5.623e+04 0.000e+00 0.000e+00 0.000e+00 0.000e+00 0.000e+00
6.310e+04 0.000e+00 0.000e+00 0.000e+00 0.000e+00 0.000e+00
7.079e+04 0.000e+00 0.000e+00 0.000e+00 0.000e+00 0.000e+00
7.943e+04 0.000e+00 0.000e+00 0.000e+00 0.000e+00 0.000e+00
8.913e+04 0.000e+00 0.000e+00 0.000e+00 0.000e+00 0.000e+00
1.000e+05 0.000e+00 0.000e+00 0.000e+00 0.000e+00 0.000e+00
1.122e+05 0.000e+00 0.000e+00 0.000e+00 0.000e+00 0.000e+00
1.259e+05 0.000e+00 0.000e+00 0.000e+00 0.000e+00 0.000e+00
1.413e+05 0.000e+00 0.000e+00 0.000e+00 0.000e+00 0.000e+00
1.585e+05 0.000e+00 0.000e+00 0.000e+00 0.000e+00 0.000e+00
1.778e+05 0.000e+00 0.000e+00 0.000e+00 0.000e+00 0.000e+00
1.995e+05 0.000e+00 0.000e+00 0.000e+00 0.000e+00 0.000e+00
2.239e+05 0.000e+00 0.000e+00 0.000e+00 0.000e+00 0.000e+00
2.512e+05 0.000e+00 0.000e+00 0.000e+00 0.000e+00 0.000e+00
2.818e+05 0.000e+00 0.000e+00 0.000e+00 0.000e+00 0.000e+00
3.162e+05 0.000e+00 0.000e+00 0.000e+00 0.000e+00 0.000e+00
3.548e+05 0.000e+00 0.000e+00 0.000e+00 0.000e+00 0.000e+00
3.981e+05 0.000e+00 0.000e+00 0.000e+00 0.000e+00 0.000e+00
4.467e+05 0.000e+00 0.000e+00 0.000e+00 0.000e+00 0.000e+00
5.012e+05 0.000e+00 0.000e+00 0.000e+00 0.000e+00 0.000e+00
5.623e+05 0.000e+00 0.000e+00 0.000e+00 0.000e+00 0.000e+00
6.310e+05 0.000e+00 0.000e+00 0.000e+00 0.000e+00 0.000e+00
7.079e+05 0.000e+00 0.000e+00 0.000e+00 0.000e+00 0.000e+00
7.943e+05 0.000e+00 0.000e+00 0.000e+00 0.000e+00 0.000e+00
8.913e+05 0.000e+00 0.000e+00 0.000e+00 0.000e+00 0.000e+00
1.000e+06 0.000e+00 0.000e+00 0.000e+00 0.000e+00 0.000e+00
1.122e+06 0.000e+00 0.000e+00 0.000e+00 0.000e+00 0.000e+00
1.259e+06 0.000e+00 0.000e+00 0.000e+00 0.000e+00 0.000e+00
1.413e+06 0.000e+00 0.000e+00 0.000e+00 0.000e+00 0.000e+00
1.585e+06 0.000e+00 0.000e+00 0.000e+00 0.000e+00 0.000e+00
1.778e+06 0.000e+00 0.000e+00 0.000e+00 0.000e+00 0.000e+00
1.995e+06 0.000e+00 0.000e+00 0.000e+00 0.000e+00 0.000e+00
2.239e+06 0.000e+00 0.000e+00 0.000e+00 0.000e+00 0.000e+00
2.512e+06 0.000e+00 0.000e+00 0.000e+00 0.000e+00 0.000e+00
2.818e+06 0.000e+00 0.000e+00 0.000e+00 0.000e+00 0.000e+00
3.162e+06 0.000e+00 0.000e+00 0.000e+00 0.000e+00 0.000e+00
3.548e+06 0.000e+00 0.000e+00 0.000e+00 0.000e+00 0.000e+00
3.981e+06 0.000e+00 0.000e+00 0.000e+00 0.000e+00 0.000e+00
4.467e+06 0.000e+00 0.000e+00 0.000e+00 0.000e+00 0.000e+00
5.012e+06 0.000e+00 0.000e+00 0.000e+00 0.000e+00 0.000e+00
5.623e+06 0.000e+00 0.000e+00 0.000e+00 0.000e+00 0.000e+00
6.310e+06 0.000e+00 0.000e+00 0.000e+00 0.000e+00 0.000e+00
7.079e+06 0.000e+00 0.000e+00 0.000e+00 0.000e+00 0.000e+00
7.943e+06 0.000e+00 0.000e+00 0.000e+00 0.000e+00 0.000e+00
8.913e+06 0.000e+00 0.000e+00 0.000e+00 0.000e+00 0.000e+00
1.000e+07 0.000e+00 0.000e+00 0.000e+00 0.000e+00 0.000e+00
1.122e+07 0.000e+00 0.000e+00 0.000e+00 0.000e+00 0.000e+00
1.259e+07 0.000e+00 0.000e+00 0.000e+00 0.000e+00 0.000e+00
1.413e+07 0.000e+00 0.000e+00 0.000e+00 0.000e+00 0.000e+00
1.585e+07 0.000e+00 0.000e+00 0.000e+00 0.000e+00 0.000e+00
1.778e+07 0.000e+00 0.000e+00 0.000e+00 0.000e+00 0.000e+00
1.995e+07 0.000e+00 0.000e+00 0.000e+00 0.000e+00 0.000e+00
2.239e+07 0.000e+00 0.000e+00 0.000e+00 0.000e+00 0.000e+00
2.512e+07 0.000e+00 0.000e+00 0.000e+00 0.000e+00 0.000e+00
2.818e+07 0.000e+00 0.000e+00 0.000e+00 0.000e+00 0.000e+00
3.162e+07 0.000e+00 0.000e+00 0.000e+00 0.000e+00 0.000e+00
3.548e+07 0.000e+00 0.000e+00 0.000e+00 0.000e+00 0.000e+00
3.981e+07 0.000e+00 0.000e+00 0.000e+00 0.000e+00 0.000e+00
4.467e+07 0.000e+00 0.000e+00 0.000e+00 0.000e+00 0.000e+00
5.012e+07 0.000e+00 0.000e+00 0.000e+00 0.000e+00 0.000e+00
5.623e+07 0.000e+00 0.000e+00 0.000e+00 0.000e+00 0.000e+00
6.310e+07 0.000e+00 0.000e+00 0.000e+00 0.000e+00 0.000e+00
7.079e+07 0.000e+00 0.000e+00 0.000e+00 0.000e+00 0.000e+00
7.943e+07 0.000e+00 0.000e+00 0.000e+00 0.000e+00 0.000e+00
8.913e+07 0.000e+00 0.000e+00 0.000e+00 0.000e+00 0.000e+00
1.000e+08 0.000e+00 0.000e+00 0.000e+00 0.000e+00 0.000e+00
