1.000e-20 0.000e+00 0.000e+00 0.000e+00 0.000e+00 0.000e+00
1.122e-20 0.000e+00 0.000e+00 0.000e+00 0.000e+00 0.000e+00
1.259e-20 0.000e+00 0.000e+00 0.000e+00 0.000e+00 0.000e+00
1.413e-20 0.000e+00 0.000e+00 0.000e+00 0.000e+00 0.000e+00
1.585e-20 0.000e+00 0.000e+00 0.000e+00 0.000e+00 0.000e+00
1.778e-20 0.000e+00 0.000e+00 0.000e+00 0.000e+00 0.000e+00
1.995e-20 0.000e+00 0.000e+00 0.000e+00 0.000e+00 0.000e+00
2.239e-20 0.000e+00 0.000e+00 0.000e+00 0.000e+00 0.000e+00
2.512e-20 0.000e+00 0.000e+00 0.000e+00 0.000e+00 0.000e+00
2.818e-20 0.000e+00 0.000e+00 0.000e+00 0.000e+00 0.000e+00
3.162e-20 0.000e+00 0.000e+00 0.000e+00 0.000e+00 0.000e+00
3.548e-20 0.000e+00 0.000e+00 0.000e+00 0.000e+00 0.000e+00
3.981e-20 0.000e+00 0.000e+00 0.000e+00 0.000e+00 0.000e+00
4.467e-20 0.000e+00 0.000e+00 0.000e+00 0.000e+00 0.000e+00
5.012e-20 0.000e+00 0.000e+00 0.000e+00 0.000e+00 0.000e+00
5.623e-20 0.000e+00 0.000e+00 0.000e+00 0.000e+00 0.000e+00
6.310e-20 0.000e+00 0.000e+00 0.000e+00 0.000e+00 0.000e+00
7.079e-20 0.000e+00 0.000e+00 0.000e+00 0.000e+00 0.000e+00
7.943e-20 0.000e+00 0.000e+00 0.000e+00 0.000e+00 0.000e+00
8.913e-20 0.000e+00 0.000e+00 0.000e+00 0.000e+00 0.000e+00
1.000e-19 0.000e+00 0.000e+00 0.000e+00 0.000e+00 0.000e+00
1.122e-19 0.000e+00 0.000e+00 0.000e+00 0.000e+00 0.000e+00
1.259e-19 0.000e+00 0.000e+00 0.000e+00 0.000e+00 0.000e+00
1.413e-19 0.000e+00 0.000e+00 0.000e+00 0.000e+00 0.000e+00
1.585e-19 0.000e+00 0.000e+00 0.000e+00 0.000e+00 0.000e+00
1.778e-19 0.000e+00 0.000e+00 0.000e+00 0.000e+00 0.000e+00
1.995e-19 0.000e+00 0.000e+00 0.000e+00 0.000e+00 0.000e+00
2.239e-19 0.000e+00 0.000e+00 0.000e+00 0.000e+00 0.000e+00
2.512e-19 0.000e+00 0.000e+00 0.000e+00 0.000e+00 0.000e+00
2.818e-19 0.000e+00 0.000e+00 0.000e+00 0.000e+00 0.000e+00
3.162e-19 0.000e+00 0.000e+00 0.000e+00 0.000e+00 0.000e+00
3.548e-19 0.000e+00 0.000e+00 0.000e+00 0.000e+00 0.000e+00
3.981e-19 0.000e+00 0.000e+00 0.000e+00 0.000e+00 0.000e+00
4.467e-19 0.000e+00 0.000e+00 0.000e+00 0.000e+00 0.000e+00
5.012e-19 0.000e+00 0.000e+00 0.000e+00 0.000e+00 0.000e+00
5.623e-19 0.000e+00 0.000e+00 0.000e+00 0.000e+00 0.000e+00
6.310e-19 0.000e+00 0.000e+00 0.000e+00 0.000e+00 0.000e+00
7.079e-19 0.000e+00 0.000e+00 0.000e+00 0.000e+00 0.000e+00
7.943e-19 0.000e+00 0.000e+00 0.000e+00 0.000e+00 0.000e+00
8.913e-19 0.000e+00 0.000e+00 0.000e+00 0.000e+00 0.000e+00
1.000e-18 0.000e+00 0.000e+00 0.000e+00 0.000e+00 0.000e+00
1.122e-18 0.000e+00 0.000e+00 0.000e+00 0.000e+00 0.000e+00
1.259e-18 0.000e+00 0.000e+00 0.000e+00 0.000e+00 0.000e+00
1.413e-18 0.000e+00 0.000e+00 0.000e+00 0.000e+00 0.000e+00
1.585e-18 0.000e+00 0.000e+00 0.000e+00 0.000e+00 0.000e+00
1.778e-18 0.000e+00 0.000e+00 0.000e+00 0.000e+00 0.000e+00
1.995e-18 0.000e+00 0.000e+00 0.000e+00 0.000e+00 0.000e+00
2.239e-18 0.000e+00 0.000e+00 0.000e+00 0.000e+00 0.000e+00
2.512e-18 0.000e+00 0.000e+00 0.000e+00 0.000e+00 0.000e+00
2.818e-18 0.000e+00 0.000e+00 0.000e+00 0.000e+00 0.000e+00
3.162e-18 0.000e+00 0.000e+00 0.000e+00 0.000e+00 0.000e+00
3.548e-18 0.000e+00 0.000e+00 0.000e+00 0.000e+00 0.000e+00
3.981e-18 0.000e+00 0.000e+00 0.000e+00 0.000e+00 0.000e+00
4.467e-18 0.000e+00 0.000e+00 0.000e+00 0.000e+00 0.000e+00
5.012e-18 0.000e+00 0.000e+00 0.000e+00 0.000e+00 0.000e+00
5.623e-18 0.000e+00 0.000e+00 0.000e+00 0.000e+00 0.000e+00
6.310e-18 0.000e+00 0.000e+00 0.000e+00 0.000e+00 0.000e+00
7.079e-18 0.000e+00 0.000e+00 0.000e+00 0.000e+00 0.000e+00
7.943e-18 0.000e+00 0.000e+00 0.000e+00 0.000e+00 0.000e+00
8.913e-18 0.000e+00 0.000e+00 0.000e+00 0.000e+00 0.000e+00
1.000e-17 0.000e+00 0.000e+00 0.000e+00 0.000e+00 0.000e+00
1.122e-17 0.000e+00 0.000e+00 0.000e+00 0.000e+00 0.000e+00
1.259e-17 0.000e+00 0.000e+00 0.000e+00 0.000e+00 0.000e+00
1.413e-17 0.000e+00 0.000e+00 0.000e+00 0.000e+00 0.000e+00
1.585e-17 0.000e+00 0.000e+00 0.000e+00 0.000e+00 0.000e+00
1.778e-17 0.000e+00 0.000e+00 0.000e+00 0.000e+00 0.000e+00
1.995e-17 0.000e+00 0.000e+00 0.000e+00 0.000e+00 0.000e+00
2.239e-17 0.000e+00 0.000e+00 0.000e+00 0.000e+00 0.000e+00
2.512e-17 0.000e+00 0.000e+00 0.000e+00 0.000e+00 0.000e+00
2.818e-17 0.000e+00 0.000e+00 0.000e+00 0.000e+00 0.000e+00
3.162e-17 0.000e+00 0.000e+00 0.000e+00 0.000e+00 0.000e+00
3.548e-17 0.000e+00 0.000e+00 0.000e+00 0.000e+00 0.000e+00
3.981e-17 0.000e+00 0.000e+00 0.000e+00 0.000e+00 0.000e+00
4.467e-17 0.000e+00 0.000e+00 0.000e+00 0.000e+00 0.000e+00
5.012e-17 0.000e+00 0.000e+00 0.000e+00 0.000e+00 0.000e+00
5.623e-17 0.000e+00 0.000e+00 0.000e+00 0.000e+00 0.000e+00
6.310e-17 0.000e+00 0.000e+00 0.000e+00 0.000e+00 0.000e+00
7.079e-17 0.000e+00 0.000e+00 0.000e+00 0.000e+00 0.000e+00
7.943e-17 0.000e+00 0.000e+00 0.000e+00 0.000e+00 0.000e+00
8.913e-17 0.000e+00 0.000e+00 0.000e+00 0.000e+00 0.000e+00
1.000e-16 0.000e+00 0.000e+00 0.000e+00 0.000e+00 0.000e+00
1.122e-16 0.000e+00 0.000e+00 0.000e+00 0.000e+00 0.000e+00
1.259e-16 0.000e+00 0.000e+00 0.000e+00 0.000e+00 0.000e+00
1.413e-16 0.000e+00 0.000e+00 0.000e+00 0.000e+00 0.000e+00
1.585e-16 0.000e+00 0.000e+00 0.000e+00 0.000e+00 0.000e+00
1.778e-16 0.000e+00 0.000e+00 0.000e+00 0.000e+00 0.000e+00
1.995e-16 0.000e+00 0.000e+00 0.000e+00 0.000e+00 0.000e+00
2.239e-16 0.000e+00 0.000e+00 0.000e+00 0.000e+00 0.000e+00
2.512e-16 0.000e+00 0.000e+00 0.000e+00 0.000e+00 0.000e+00
2.818e-16 0.000e+00 0.000e+00 0.000e+00 0.000e+00 0.000e+00
3.162e-16 0.000e+00 0.000e+00 0.000e+00 0.000e+00 0.000e+00
3.548e-16 0.000e+00 0.000e+00 0.000e+00 0.000e+00 0.000e+00
3.981e-16 0.000e+00 0.000e+00 0.000e+00 0.000e+00 0.000e+00
4.467e-16 0.000e+00 0.000e+00 0.000e+00 0.000e+00 0.000e+00
5.012e-16 0.000e+00 0.000e+00 0.000e+00 0.000e+00 0.000e+00
5.623e-16 0.000e+00 0.000e+00 0.000e+00 0.000e+00 0.000e+00
6.310e-16 0.000e+00 0.000e+00 0.000e+00 0.000e+00 0.000e+00
7.079e-16 0.000e+00 0.000e+00 0.000e+00 0.000e+00 0.000e+00
7.943e-16 0.000e+00 0.000e+00 0.000e+00 0.000e+00 0.000e+00
8.913e-16 0.000e+00 0.000e+00 0.000e+00 0.000e+00 0.000e+00
1.000e-15 0.000e+00 0.000e+00 0.000e+00 0.000e+00 0.000e+00
1.122e-15 0.000e+00 0.000e+00 0.000e+00 0.000e+00 0.000e+00
1.259e-15 0.000e+00 0.000e+00 0.000e+00 0.000e+00 0.000e+00
1.413e-15 0.000e+00 0.000e+00 0.000e+00 0.000e+00 0.000e+00
1.585e-15 0.000e+00 0.000e+00 0.000e+00 0.000e+00 0.000e+00
1.778e-15 0.000e+00 0.000e+00 0.000e+00 0.000e+00 0.000e+00
1.995e-15 0.000e+00 0.000e+00 0.000e+00 0.000e+00 0.000e+00
2.239e-15 0.000e+00 0.000e+00 0.000e+00 0.000e+00 0.000e+00
2.512e-15 0.000e+00 0.000e+00 0.000e+00 0.000e+00 0.000e+00
2.818e-15 0.000e+00 0.000e+00 0.000e+00 0.000e+00 0.000e+00
3.162e-15 0.000e+00 0.000e+00 0.000e+00 0.000e+00 0.000e+00
3.548e-15 0.000e+00 0.000e+00 0.000e+00 0.000e+00 0.000e+00
3.981e-15 0.000e+00 0.000e+00 0.000e+00 0.000e+00 0.000e+00
4.467e-15 0.000e+00 0.000e+00 0.000e+00 0.000e+00 0.000e+00
5.012e-15 0.000e+00 0.000e+00 0.000e+00 0.000e+00 0.000e+00
5.623e-15 0.000e+00 0.000e+00 0.000e+00 0.000e+00 0.000e+00
6.310e-15 0.000e+00 0.000e+00 0.000e+00 0.000e+00 0.000e+00
7.079e-15 0.000e+00 0.000e+00 0.000e+00 0.000e+00 0.000e+00
7.943e-15 0.000e+00 0.000e+00 0.000e+00 0.000e+00 0.000e+00
8.913e-15 0.000e+00 0.000e+00 0.000e+00 0.000e+00 0.000e+00
1.000e-14 0.000e+00 0.000e+00 0.000e+00 0.000e+00 0.000e+00
1.122e-14 0.000e+00 0.000e+00 0.000e+00 0.000e+00 0.000e+00
1.259e-14 0.000e+00 0.000e+00 0.000e+00 0.000e+00 0.000e+00
1.413e-14 0.000e+00 0.000e+00 0.000e+00 0.000e+00 0.000e+00
1.585e-14 0.000e+00 0.000e+00 0.000e+00 0.000e+00 0.000e+00
1.778e-14 0.000e+00 0.000e+00 0.000e+00 0.000e+00 0.000e+00
1.995e-14 0.000e+00 0.000e+00 0.000e+00 0.000e+00 0.000e+00
2.239e-14 0.000e+00 0.000e+00 0.000e+00 0.000e+00 0.000e+00
2.512e-14 0.000e+00 0.000e+00 0.000e+00 0.000e+00 0.000e+00
2.818e-14 0.000e+00 0.000e+00 0.000e+00 0.000e+00 0.000e+00
3.162e-14 0.000e+00 0.000e+00 0.000e+00 0.000e+00 0.000e+00
3.548e-14 0.000e+00 0.000e+00 0.000e+00 0.000e+00 0.000e+00
3.981e-14 0.000e+00 0.000e+00 0.000e+00 0.000e+00 0.000e+00
4.467e-14 0.000e+00 0.000e+00 0.000e+00 0.000e+00 0.000e+00
5.012e-14 0.000e+00 0.000e+00 0.000e+00 0.000e+00 0.000e+00
5.623e-14 0.000e+00 0.000e+00 0.000e+00 0.000e+00 0.000e+00
6.310e-14 0.000e+00 0.000e+00 0.000e+00 0.000e+00 0.000e+00
7.079e-14 0.000e+00 0.000e+00 0.000e+00 0.000e+00 0.000e+00
7.943e-14 0.000e+00 0.000e+00 0.000e+00 0.000e+00 0.000e+00
8.913e-14 0.000e+00 0.000e+00 0.000e+00 0.000e+00 0.000e+00
1.000e-13 0.000e+00 0.000e+00 0.000e+00 0.000e+00 0.000e+00
1.122e-13 0.000e+00 0.000e+00 0.000e+00 0.000e+00 0.000e+00
1.259e-13 0.000e+00 0.000e+00 0.000e+00 0.000e+00 0.000e+00
1.413e-13 0.000e+00 0.000e+00 0.000e+00 0.000e+00 0.000e+00
1.585e-13 0.000e+00 0.000e+00 0.000e+00 0.000e+00 0.000e+00
1.778e-13 0.000e+00 0.000e+00 0.000e+00 0.000e+00 0.000e+00
1.995e-13 0.000e+00 0.000e+00 0.000e+00 0.000e+00 0.000e+00
2.239e-13 0.000e+00 0.000e+00 0.000e+00 0.000e+00 0.000e+00
2.512e-13 0.000e+00 0.000e+00 0.000e+00 0.000e+00 0.000e+00
2.818e-13 0.000e+00 0.000e+00 0.000e+00 0.000e+00 0.000e+00
3.162e-13 0.000e+00 0.000e+00 0.000e+00 0.000e+00 0.000e+00
3.548e-13 0.000e+00 0.000e+00 0.000e+00 0.000e+00 0.000e+00
3.981e-13 0.000e+00 0.000e+00 0.000e+00 0.000e+00 0.000e+00
4.467e-13 0.000e+00 0.000e+00 0.000e+00 0.000e+00 0.000e+00
5.012e-13 8.075e+11 1.266e-13 1.015e-69 2.141e-58 2.691e-57
5.623e-13 1.384e+15 2.732e-10 2.190e-66 4.622e-55 5.808e-54
6.310e-13 2.775e+16 6.896e-09 5.526e-65 1.167e-53 1.466e-52
7.079e-13 2.287e+17 7.154e-08 5.733e-64 1.210e-52 1.521e-51
7.943e-13 1.243e+18 4.894e-07 3.922e-63 8.279e-52 1.040e-50
8.913e-13 5.298e+18 2.627e-06 2.105e-62 4.443e-51 5.583e-50
1.000e-12 1.924e+19 1.201e-05 9.623e-62 2.031e-50 2.552e-49
1.122e-12 6.222e+19 4.889e-05 3.918e-61 8.270e-50 1.039e-48
1.259e-12 1.840e+20 1.820e-04 1.458e-60 3.078e-49 3.868e-48
1.413e-12 5.053e+20 6.293e-04 5.043e-60 1.064e-48 1.338e-47
1.585e-12 1.304e+21 2.044e-03 1.638e-59 3.457e-48 4.345e-47
1.778e-12 3.184e+21 6.284e-03 5.036e-59 1.063e-47 1.336e-46
1.995e-12 7.405e+21 1.840e-02 1.474e-58 3.112e-47 3.911e-46
2.239e-12 1.648e+22 5.155e-02 4.131e-58 8.720e-47 1.096e-45
2.512e-12 3.524e+22 1.388e-01 1.112e-57 2.347e-46 2.950e-45
2.818e-12 7.264e+22 3.601e-01 2.886e-57 6.091e-46 7.655e-45
3.162e-12 1.448e+23 9.037e-01 7.242e-57 1.529e-45 1.921e-44
3.548e-12 2.799e+23 2.199e+00 1.762e-56 3.720e-45 4.674e-44
3.981e-12 5.258e+23 5.201e+00 4.168e-56 8.797e-45 1.105e-43
4.467e-12 9.621e+23 1.198e+01 9.602e-56 2.027e-44 2.547e-43
5.012e-12 1.718e+24 2.694e+01 2.159e-55 4.557e-44 5.727e-43
5.623e-12 3.001e+24 5.923e+01 4.747e-55 1.002e-43 1.259e-42
6.310e-12 5.133e+24 1.275e+02 1.022e-54 2.157e-43 2.711e-42
7.079e-12 8.610e+24 2.693e+02 2.158e-54 4.556e-43 5.725e-42
7.943e-12 1.419e+25 5.587e+02 4.477e-54 9.450e-43 1.188e-41
8.913e-12 2.298e+25 1.140e+03 9.132e-54 1.928e-42 2.422e-41
1.000e-11 3.666e+25 2.288e+03 1.834e-53 3.871e-42 4.864e-41
1.122e-11 5.764e+25 4.529e+03 3.630e-53 7.661e-42 9.627e-41
1.259e-11 8.940e+25 8.843e+03 7.087e-53 1.496e-41 1.880e-40
1.413e-11 1.369e+26 1.705e+04 1.366e-52 2.884e-41 3.624e-40
1.585e-11 2.072e+26 3.248e+04 2.603e-52 5.495e-41 6.905e-40
1.778e-11 3.101e+26 6.121e+04 4.905e-52 1.035e-40 1.301e-39
1.995e-11 4.593e+26 1.141e+05 9.147e-52 1.931e-40 2.426e-39
2.239e-11 6.738e+26 2.108e+05 1.689e-51 3.566e-40 4.481e-39
2.512e-11 9.795e+26 3.858e+05 3.091e-51 6.525e-40 8.200e-39
2.818e-11 1.412e+27 7.000e+05 5.609e-51 1.184e-39 1.488e-38
3.162e-11 2.019e+27 1.260e+06 1.010e-50 2.131e-39 2.678e-38
3.548e-11 2.865e+27 2.251e+06 1.804e-50 3.808e-39 4.785e-38
3.981e-11 4.037e+27 3.993e+06 3.200e-50 6.755e-39 8.489e-38
4.467e-11 5.651e+27 7.038e+06 5.640e-50 1.190e-38 1.496e-37
5.012e-11 7.862e+27 1.233e+07 9.878e-50 2.085e-38 2.620e-37
5.623e-11 1.087e+28 2.146e+07 1.720e-49 3.631e-38 4.562e-37
6.310e-11 1.496e+28 3.717e+07 2.979e-49 6.287e-38 7.901e-37
7.079e-11 2.047e+28 6.404e+07 5.132e-49 1.083e-37 1.361e-36
7.943e-11 2.788e+28 1.098e+08 8.798e-49 1.857e-37 2.334e-36
8.913e-11 3.780e+28 1.874e+08 1.502e-48 3.170e-37 3.983e-36
1.000e-10 5.102e+28 3.185e+08 2.552e-48 5.387e-37 6.769e-36
1.122e-10 6.860e+28 5.390e+08 4.320e-48 9.118e-37 1.146e-35
1.259e-10 9.189e+28 9.090e+08 7.284e-48 1.538e-36 1.932e-35
1.413e-10 1.226e+29 1.527e+09 1.224e-47 2.584e-36 3.247e-35
1.585e-10 1.632e+29 2.558e+09 2.050e-47 4.327e-36 5.437e-35
1.778e-10 2.164e+29 4.271e+09 3.422e-47 7.224e-36 9.078e-35
1.995e-10 2.861e+29 7.109e+09 5.697e-47 1.202e-35 1.511e-34
2.239e-10 3.773e+29 1.180e+10 9.457e-47 1.996e-35 2.509e-34
2.512e-10 4.962e+29 1.954e+10 1.566e-46 3.305e-35 4.154e-34
2.818e-10 6.510e+29 3.228e+10 2.587e-46 5.460e-35 6.861e-34
3.162e-10 8.523e+29 5.319e+10 4.263e-46 8.998e-35 1.131e-33
3.548e-10 1.113e+30 8.748e+10 7.010e-46 1.480e-34 1.860e-33
3.981e-10 1.451e+30 1.436e+11 1.151e-45 2.429e-34 3.052e-33
4.467e-10 1.889e+30 2.352e+11 1.885e-45 3.979e-34 5.000e-33
5.012e-10 2.454e+30 3.847e+11 3.083e-45 6.507e-34 8.177e-33
5.623e-10 3.182e+30 6.281e+11 5.033e-45 1.062e-33 1.335e-32
6.310e-10 4.121e+30 1.024e+12 8.206e-45 1.732e-33 2.177e-32
7.079e-10 5.329e+30 1.667e+12 1.336e-44 2.820e-33 3.543e-32
7.943e-10 6.882e+30 2.710e+12 2.172e-44 4.585e-33 5.761e-32
8.913e-10 8.877e+30 4.401e+12 3.527e-44 7.445e-33 9.355e-32
1.000e-09 1.144e+31 7.138e+12 5.720e-44 1.207e-32 1.517e-31
1.122e-09 1.472e+31 1.157e+13 9.269e-44 1.956e-32 2.459e-31
1.259e-09 1.893e+31 1.872e+13 1.500e-43 3.167e-32 3.979e-31
1.413e-09 2.431e+31 3.027e+13 2.426e-43 5.121e-32 6.435e-31
1.585e-09 3.120e+31 4.892e+13 3.920e-43 8.274e-32 1.040e-30
1.778e-09 4.001e+31 7.897e+13 6.328e-43 1.336e-31 1.679e-30
1.995e-09 5.127e+31 1.274e+14 1.021e-42 2.155e-31 2.708e-30
2.239e-09 6.566e+31 2.054e+14 1.646e-42 3.474e-31 4.366e-30
2.512e-09 8.402e+31 3.309e+14 2.652e-42 5.597e-31 7.033e-30
2.818e-09 1.075e+32 5.328e+14 4.269e-42 9.012e-31 1.132e-29
3.162e-09 1.374e+32 8.573e+14 6.870e-42 1.450e-30 1.822e-29
3.548e-09 1.755e+32 1.379e+15 1.105e-41 2.332e-30 2.931e-29
3.981e-09 2.241e+32 2.217e+15 1.776e-41 3.749e-30 4.712e-29
4.467e-09 2.860e+32 3.562e+15 2.854e-41 6.025e-30 7.571e-29
5.012e-09 3.649e+32 5.720e+15 4.584e-41 9.676e-30 1.216e-28
5.623e-09 4.653e+32 9.184e+15 7.360e-41 1.553e-29 1.952e-28
6.310e-09 5.932e+32 1.474e+16 1.181e-40 2.493e-29 3.133e-28
7.079e-09 7.559e+32 2.365e+16 1.895e-40 4.000e-29 5.026e-28
7.943e-09 9.629e+32 3.792e+16 3.039e-40 6.414e-29 8.060e-28
8.913e-09 1.226e+33 6.079e+16 4.872e-40 1.028e-28 1.292e-27
1.000e-08 1.561e+33 9.743e+16 7.808e-40 1.648e-28 2.071e-27
1.122e-08 1.987e+33 1.561e+17 1.251e-39 2.641e-28 3.318e-27
1.259e-08 2.528e+33 2.500e+17 2.004e-39 4.229e-28 5.315e-27
1.413e-08 3.215e+33 4.004e+17 3.208e-39 6.773e-28 8.511e-27
1.585e-08 4.088e+33 6.409e+17 5.136e-39 1.084e-27 1.362e-26
1.778e-08 5.197e+33 1.026e+18 8.220e-39 1.735e-27 2.180e-26
1.995e-08 6.605e+33 1.641e+18 1.315e-38 2.776e-27 3.488e-26
2.239e-08 8.392e+33 2.625e+18 2.104e-38 4.440e-27 5.580e-26
2.512e-08 1.066e+34 4.198e+18 3.364e-38 7.100e-27 8.923e-26
2.818e-08 1.354e+34 6.711e+18 5.378e-38 1.135e-26 1.426e-25
3.162e-08 1.718e+34 1.073e+19 8.595e-38 1.814e-26 2.280e-25
3.548e-08 2.181e+34 1.714e+19 1.373e-37 2.899e-26 3.643e-25
3.981e-08 2.767e+34 2.737e+19 2.194e-37 4.630e-26 5.819e-25
4.467e-08 3.510e+34 4.371e+19 3.503e-37 7.394e-26 9.292e-25
5.012e-08 4.451e+34 6.978e+19 5.592e-37 1.180e-25 1.483e-24
5.623e-08 5.643e+34 1.114e+20 8.925e-37 1.884e-25 2.367e-24
6.310e-08 7.152e+34 1.777e+20 1.424e-36 3.006e-25 3.778e-24
7.079e-08 9.068e+34 2.836e+20 2.273e-36 4.798e-25 6.029e-24
7.943e-08 1.150e+35 4.530e+20 3.630e-36 7.662e-25 9.628e-24
8.913e-08 1.460e+35 7.240e+20 5.802e-36 1.225e-24 1.539e-23
1.000e-07 1.856e+35 1.158e+21 9.284e-36 1.960e-24 2.463e-23
1.122e-07 2.362e+35 1.856e+21 1.487e-35 3.140e-24 3.945e-23
1.259e-07 3.010e+35 2.977e+21 2.386e-35 5.036e-24 6.329e-23
1.413e-07 3.839e+35 4.781e+21 3.831e-35 8.087e-24 1.016e-22
1.585e-07 4.900e+35 7.682e+21 6.156e-35 1.299e-23 1.633e-22
1.778e-07 6.257e+35 1.235e+22 9.897e-35 2.089e-23 2.625e-22
1.995e-07 7.991e+35 1.986e+22 1.591e-34 3.359e-23 4.221e-22
2.239e-07 1.020e+36 3.192e+22 2.558e-34 5.399e-23 6.784e-22
2.512e-07 1.302e+36 5.127e+22 4.109e-34 8.673e-23 1.090e-21
2.818e-07 1.660e+36 8.230e+22 6.595e-34 1.392e-22 1.749e-21
3.162e-07 2.114e+36 1.320e+23 1.057e-33 2.232e-22 2.805e-21
3.548e-07 2.689e+36 2.113e+23 1.693e-33 3.574e-22 4.492e-21
3.981e-07 3.416e+36 3.379e+23 2.708e-33 5.716e-22 7.183e-21
4.467e-07 4.334e+36 5.397e+23 4.325e-33 9.129e-22 1.147e-20
5.012e-07 5.492e+36 8.611e+23 6.900e-33 1.457e-21 1.830e-20
5.623e-07 6.955e+36 1.373e+24 1.100e-32 2.322e-21 2.918e-20
6.310e-07 8.802e+36 2.187e+24 1.753e-32 3.699e-21 4.649e-20
7.079e-07 1.114e+37 3.483e+24 2.791e-32 5.892e-21 7.404e-20
7.943e-07 1.408e+37 5.546e+24 4.445e-32 9.382e-21 1.179e-19
8.913e-07 1.781e+37 8.830e+24 7.076e-32 1.494e-20 1.877e-19
1.000e-06 2.252e+37 1.406e+25 1.126e-31 2.378e-20 2.988e-19
1.122e-06 2.846e+37 2.237e+25 1.792e-31 3.783e-20 4.754e-19
1.259e-06 3.596e+37 3.557e+25 2.850e-31 6.016e-20 7.560e-19
1.413e-06 4.538e+37 5.652e+25 4.529e-31 9.560e-20 1.201e-18
1.585e-06 5.730e+37 8.983e+25 7.198e-31 1.519e-19 1.909e-18
1.778e-06 7.239e+37 1.429e+26 1.145e-30 2.417e-19 3.037e-18
1.995e-06 9.153e+37 2.274e+26 1.823e-30 3.847e-19 4.835e-18
2.239e-06 1.157e+38 3.620e+26 2.901e-30 6.124e-19 7.695e-18
2.512e-06 1.462e+38 5.756e+26 4.613e-30 9.736e-19 1.223e-17
2.818e-06 1.841e+38 9.130e+26 7.316e-30 1.544e-18 1.941e-17
3.162e-06 2.312e+38 1.443e+27 1.157e-29 2.441e-18 3.068e-17
3.548e-06 2.891e+38 2.272e+27 1.821e-29 3.843e-18 4.829e-17
3.981e-06 3.598e+38 3.559e+27 2.852e-29 6.021e-18 7.566e-17
4.467e-06 4.455e+38 5.548e+27 4.446e-29 9.384e-18 1.179e-16
5.012e-06 5.486e+38 8.601e+27 6.893e-29 1.455e-17 1.828e-16
5.623e-06 6.719e+38 1.326e+28 1.063e-28 2.243e-17 2.819e-16
6.310e-06 8.180e+38 2.033e+28 1.629e-28 3.438e-17 4.321e-16
7.079e-06 9.898e+38 3.096e+28 2.481e-28 5.237e-17 6.582e-16
7.943e-06 1.191e+39 4.691e+28 3.759e-28 7.935e-17 9.971e-16
8.913e-06 1.425e+39 7.064e+28 5.661e-28 1.195e-16 1.502e-15
1.000e-05 1.694e+39 1.057e+29 8.472e-28 1.788e-16 2.247e-15
1.122e-05 2.001e+39 1.572e+29 1.260e-27 2.659e-16 3.342e-15
1.259e-05 2.344e+39 2.319e+29 1.859e-27 3.923e-16 4.930e-15
1.413e-05 2.723e+39 3.391e+29 2.717e-27 5.736e-16 7.208e-15
1.585e-05 3.132e+39 4.911e+29 3.935e-27 8.307e-16 1.044e-14
1.778e-05 3.566e+39 7.039e+29 5.640e-27 1.191e-15 1.496e-14
1.995e-05 4.015e+39 9.978e+29 7.996e-27 1.688e-15 2.121e-14
2.239e-05 4.471e+39 1.399e+30 1.121e-26 2.366e-15 2.973e-14
2.512e-05 4.923e+39 1.939e+30 1.554e-26 3.279e-15 4.121e-14
2.818e-05 5.361e+39 2.658e+30 2.130e-26 4.496e-15 5.649e-14
3.162e-05 5.774e+39 3.604e+30 2.888e-26 6.096e-15 7.660e-14
3.548e-05 6.153e+39 4.835e+30 3.874e-26 8.178e-15 1.028e-13
3.981e-05 6.488e+39 6.418e+30 5.143e-26 1.086e-14 1.364e-13
4.467e-05 6.773e+39 8.434e+30 6.759e-26 1.427e-14 1.793e-13
5.012e-05 6.999e+39 1.097e+31 8.793e-26 1.856e-14 2.332e-13
5.623e-05 7.161e+39 1.413e+31 1.133e-25 2.391e-14 3.005e-13
6.310e-05 7.257e+39 1.803e+31 1.445e-25 3.050e-14 3.833e-13
7.079e-05 7.266e+39 2.273e+31 1.821e-25 3.845e-14 4.832e-13
7.943e-05 7.182e+39 2.828e+31 2.267e-25 4.784e-14 6.012e-13
8.913e-05 7.031e+39 3.486e+31 2.793e-25 5.896e-14 7.409e-13
1.000e-04 6.815e+39 4.254e+31 3.409e-25 7.195e-14 9.042e-13
1.122e-04 6.540e+39 5.139e+31 4.118e-25 8.693e-14 1.092e-12
1.259e-04 6.213e+39 6.146e+31 4.925e-25 1.040e-13 1.306e-12
1.413e-04 5.841e+39 7.274e+31 5.829e-25 1.230e-13 1.546e-12
1.585e-04 5.433e+39 8.517e+31 6.825e-25 1.441e-13 1.810e-12
1.778e-04 4.998e+39 9.865e+31 7.906e-25 1.669e-13 2.097e-12
1.995e-04 4.548e+39 1.130e+32 9.056e-25 1.912e-13 2.402e-12
2.239e-04 4.092e+39 1.280e+32 1.026e-24 2.165e-13 2.721e-12
2.512e-04 3.641e+39 1.434e+32 1.149e-24 2.426e-13 3.048e-12
2.818e-04 3.204e+39 1.589e+32 1.273e-24 2.687e-13 3.377e-12
3.162e-04 2.790e+39 1.741e+32 1.395e-24 2.946e-13 3.702e-12
3.548e-04 2.406e+39 1.891e+32 1.515e-24 3.198e-13 4.019e-12
3.981e-04 2.056e+39 2.034e+32 1.630e-24 3.441e-13 4.324e-12
4.467e-04 1.743e+39 2.171e+32 1.740e-24 3.672e-13 4.614e-12
5.012e-04 1.468e+39 2.301e+32 1.844e-24 3.892e-13 4.891e-12
5.623e-04 1.228e+39 2.425e+32 1.943e-24 4.101e-13 5.154e-12
6.310e-04 1.022e+39 2.539e+32 2.034e-24 4.294e-13 5.396e-12
7.079e-04 8.452e+38 2.644e+32 2.119e-24 4.472e-13 5.620e-12
7.943e-04 6.949e+38 2.737e+32 2.193e-24 4.629e-13 5.817e-12
8.913e-04 5.680e+38 2.816e+32 2.257e-24 4.763e-13 5.986e-12
1.000e-03 4.616e+38 2.881e+32 2.309e-24 4.874e-13 6.125e-12
1.122e-03 3.732e+38 2.932e+32 2.350e-24 4.960e-13 6.233e-12
1.259e-03 3.001e+38 2.969e+32 2.379e-24 5.022e-13 6.311e-12
1.413e-03 2.402e+38 2.992e+32 2.397e-24 5.060e-13 6.359e-12
1.585e-03 1.914e+38 3.001e+32 2.405e-24 5.077e-13 6.380e-12
1.778e-03 1.520e+38 3.000e+32 2.404e-24 5.075e-13 6.378e-12
1.995e-03 1.204e+38 2.992e+32 2.398e-24 5.061e-13 6.359e-12
2.239e-03 9.524e+37 2.979e+32 2.387e-24 5.040e-13 6.333e-12
2.512e-03 7.532e+37 2.966e+32 2.377e-24 5.018e-13 6.305e-12
2.818e-03 5.960e+37 2.955e+32 2.368e-24 4.998e-13 6.281e-12
3.162e-03 4.721e+37 2.946e+32 2.361e-24 4.984e-13 6.263e-12
3.548e-03 3.740e+37 2.939e+32 2.355e-24 4.971e-13 6.247e-12
3.981e-03 2.961e+37 2.929e+32 2.347e-24 4.955e-13 6.227e-12
4.467e-03 2.343e+37 2.918e+32 2.338e-24 4.936e-13 6.202e-12
5.012e-03 1.853e+37 2.905e+32 2.328e-24 4.915e-13 6.176e-12
5.623e-03 1.465e+37 2.892e+32 2.318e-24 4.893e-13 6.148e-12
6.310e-03 1.159e+37 2.879e+32 2.307e-24 4.870e-13 6.120e-12
7.079e-03 9.159e+36 2.865e+32 2.296e-24 4.846e-13 6.090e-12
7.943e-03 7.237e+36 2.850e+32 2.284e-24 4.821e-13 6.059e-12
8.913e-03 5.716e+36 2.834e+32 2.271e-24 4.794e-13 6.024e-12
1.000e-02 4.511e+36 2.816e+32 2.256e-24 4.763e-13 5.985e-12
1.122e-02 3.557e+36 2.795e+32 2.240e-24 4.727e-13 5.940e-12
1.259e-02 2.801e+36 2.770e+32 2.220e-24 4.686e-13 5.889e-12
1.413e-02 2.202e+36 2.743e+32 2.198e-24 4.639e-13 5.830e-12
1.585e-02 1.729e+36 2.711e+32 2.173e-24 4.586e-13 5.763e-12
1.778e-02 1.357e+36 2.678e+32 2.146e-24 4.529e-13 5.692e-12
1.995e-02 1.063e+36 2.642e+32 2.117e-24 4.469e-13 5.616e-12
2.239e-02 8.328e+35 2.605e+32 2.088e-24 4.407e-13 5.538e-12
2.512e-02 6.521e+35 2.568e+32 2.058e-24 4.344e-13 5.459e-12
2.818e-02 5.107e+35 2.532e+32 2.029e-24 4.283e-13 5.382e-12
3.162e-02 4.000e+35 2.497e+32 2.001e-24 4.224e-13 5.307e-12
3.548e-02 3.136e+35 2.464e+32 1.975e-24 4.168e-13 5.238e-12
3.981e-02 2.461e+35 2.434e+32 1.951e-24 4.118e-13 5.174e-12
4.467e-02 1.933e+35 2.407e+32 1.929e-24 4.072e-13 5.117e-12
5.012e-02 1.521e+35 2.384e+32 1.910e-24 4.033e-13 5.067e-12
5.623e-02 1.197e+35 2.364e+32 1.894e-24 3.998e-13 5.024e-12
6.310e-02 9.439e+34 2.345e+32 1.880e-24 3.967e-13 4.986e-12
7.079e-02 7.445e+34 2.329e+32 1.866e-24 3.939e-13 4.950e-12
7.943e-02 5.874e+34 2.313e+32 1.854e-24 3.913e-13 4.917e-12
8.913e-02 4.633e+34 2.297e+32 1.841e-24 3.886e-13 4.883e-12
1.000e-01 3.654e+34 2.281e+32 1.828e-24 3.858e-13 4.848e-12
1.122e-01 2.881e+34 2.264e+32 1.814e-24 3.829e-13 4.812e-12
1.259e-01 2.271e+34 2.246e+32 1.800e-24 3.799e-13 4.774e-12
1.413e-01 1.789e+34 2.228e+32 1.785e-24 3.769e-13 4.736e-12
1.585e-01 1.409e+34 2.210e+32 1.771e-24 3.738e-13 4.697e-12
1.778e-01 1.110e+34 2.191e+32 1.755e-24 3.705e-13 4.656e-12
1.995e-01 8.738e+33 2.171e+32 1.740e-24 3.673e-13 4.615e-12
2.239e-01 6.878e+33 2.152e+32 1.724e-24 3.639e-13 4.573e-12
2.512e-01 5.412e+33 2.131e+32 1.708e-24 3.605e-13 4.530e-12
2.818e-01 4.258e+33 2.111e+32 1.692e-24 3.571e-13 4.487e-12
3.162e-01 3.348e+33 2.090e+32 1.675e-24 3.535e-13 4.442e-12
3.548e-01 2.633e+33 2.069e+32 1.658e-24 3.499e-13 4.397e-12
3.981e-01 2.069e+33 2.047e+32 1.640e-24 3.463e-13 4.351e-12
4.467e-01 1.626e+33 2.025e+32 1.623e-24 3.425e-13 4.304e-12
5.012e-01 1.277e+33 2.003e+32 1.605e-24 3.387e-13 4.257e-12
5.623e-01 1.003e+33 1.980e+32 1.587e-24 3.349e-13 4.208e-12
6.310e-01 7.875e+32 1.957e+32 1.568e-24 3.310e-13 4.159e-12
7.079e-01 6.180e+32 1.933e+32 1.549e-24 3.270e-13 4.109e-12
7.943e-01 4.848e+32 1.909e+32 1.530e-24 3.230e-13 4.058e-12
8.913e-01 3.802e+32 1.885e+32 1.511e-24 3.188e-13 4.007e-12
1.000e+00 2.980e+32 1.860e+32 1.491e-24 3.147e-13 3.954e-12
1.122e+00 2.335e+32 1.835e+32 1.470e-24 3.104e-13 3.900e-12
1.259e+00 1.829e+32 1.809e+32 1.450e-24 3.060e-13 3.846e-12
1.413e+00 1.432e+32 1.783e+32 1.429e-24 3.016e-13 3.790e-12
1.585e+00 1.120e+32 1.756e+32 1.407e-24 2.971e-13 3.733e-12
1.778e+00 8.760e+31 1.729e+32 1.385e-24 2.924e-13 3.675e-12
1.995e+00 6.846e+31 1.701e+32 1.363e-24 2.877e-13 3.616e-12
2.239e+00 5.346e+31 1.672e+32 1.340e-24 2.829e-13 3.555e-12
2.512e+00 4.173e+31 1.643e+32 1.317e-24 2.780e-13 3.493e-12
2.818e+00 3.254e+31 1.613e+32 1.293e-24 2.729e-13 3.430e-12
3.162e+00 2.536e+31 1.583e+32 1.268e-24 2.677e-13 3.365e-12
3.548e+00 1.975e+31 1.552e+32 1.243e-24 2.624e-13 3.298e-12
3.981e+00 1.536e+31 1.519e+32 1.218e-24 2.570e-13 3.230e-12
4.467e+00 1.194e+31 1.487e+32 1.191e-24 2.514e-13 3.160e-12
5.012e+00 9.267e+30 1.453e+32 1.164e-24 2.457e-13 3.088e-12
5.623e+00 7.186e+30 1.418e+32 1.137e-24 2.399e-13 3.015e-12
6.310e+00 5.565e+30 1.383e+32 1.108e-24 2.339e-13 2.939e-12
7.079e+00 4.305e+30 1.347e+32 1.079e-24 2.278e-13 2.862e-12
7.943e+00 3.325e+30 1.309e+32 1.049e-24 2.215e-13 2.783e-12
8.913e+00 2.564e+30 1.271e+32 1.019e-24 2.150e-13 2.702e-12
1.000e+01 1.975e+30 1.232e+32 9.876e-25 2.085e-13 2.620e-12
1.122e+01 1.518e+30 1.193e+32 9.557e-25 2.017e-13 2.535e-12
1.259e+01 1.165e+30 1.152e+32 9.232e-25 1.949e-13 2.449e-12
1.413e+01 8.918e+29 1.111e+32 8.900e-25 1.879e-13 2.361e-12
1.585e+01 6.815e+29 1.068e+32 8.562e-25 1.807e-13 2.271e-12
1.778e+01 5.196e+29 1.026e+32 8.218e-25 1.735e-13 2.180e-12
1.995e+01 3.952e+29 9.821e+31 7.870e-25 1.661e-13 2.087e-12
2.239e+01 2.999e+29 9.380e+31 7.517e-25 1.587e-13 1.994e-12
2.512e+01 2.269e+29 8.935e+31 7.160e-25 1.511e-13 1.899e-12
2.818e+01 1.712e+29 8.486e+31 6.801e-25 1.435e-13 1.804e-12
3.162e+01 1.287e+29 8.035e+31 6.439e-25 1.359e-13 1.708e-12
3.548e+01 9.651e+28 7.583e+31 6.077e-25 1.283e-13 1.612e-12
3.981e+01 7.210e+28 7.132e+31 5.715e-25 1.206e-13 1.516e-12
4.467e+01 5.366e+28 6.682e+31 5.355e-25 1.130e-13 1.420e-12
5.012e+01 3.978e+28 6.236e+31 4.997e-25 1.055e-13 1.326e-12
5.623e+01 2.936e+28 5.795e+31 4.644e-25 9.803e-14 1.232e-12
6.310e+01 2.158e+28 5.361e+31 4.296e-25 9.069e-14 1.140e-12
7.079e+01 1.578e+28 4.936e+31 3.956e-25 8.350e-14 1.049e-12
7.943e+01 1.148e+28 4.522e+31 3.623e-25 7.648e-14 9.611e-13
8.913e+01 8.309e+27 4.119e+31 3.301e-25 6.968e-14 8.757e-13
1.000e+02 5.979e+27 3.732e+31 2.990e-25 6.312e-14 7.932e-13
1.122e+02 4.275e+27 3.359e+31 2.692e-25 5.682e-14 7.141e-13
1.259e+02 3.037e+27 3.005e+31 2.408e-25 5.082e-14 6.387e-13
1.413e+02 2.143e+27 2.669e+31 2.139e-25 4.514e-14 5.673e-13
1.585e+02 1.501e+27 2.353e+31 1.885e-25 3.980e-14 5.001e-13
1.778e+02 1.043e+27 2.058e+31 1.649e-25 3.481e-14 4.374e-13
1.995e+02 7.183e+26 1.785e+31 1.430e-25 3.019e-14 3.794e-13
2.239e+02 4.904e+26 1.534e+31 1.229e-25 2.595e-14 3.261e-13
2.512e+02 3.316e+26 1.306e+31 1.047e-25 2.209e-14 2.776e-13
2.818e+02 2.220e+26 1.101e+31 8.819e-26 1.862e-14 2.339e-13
3.162e+02 1.470e+26 9.173e+30 7.351e-26 1.552e-14 1.950e-13
3.548e+02 9.616e+25 7.556e+30 6.055e-26 1.278e-14 1.606e-13
3.981e+02 6.214e+25 6.147e+30 4.926e-26 1.040e-14 1.307e-13
4.467e+02 3.962e+25 4.934e+30 3.954e-26 8.346e-15 1.049e-13
5.012e+02 2.490e+25 3.904e+30 3.128e-26 6.604e-15 8.298e-14
5.623e+02 1.541e+25 3.042e+30 2.437e-26 5.145e-15 6.465e-14
6.310e+02 9.380e+24 2.331e+30 1.868e-26 3.943e-15 4.954e-14
7.079e+02 5.609e+24 1.755e+30 1.406e-26 2.968e-15 3.730e-14
7.943e+02 3.291e+24 1.296e+30 1.039e-26 2.192e-15 2.755e-14
8.913e+02 1.891e+24 9.376e+29 7.514e-27 1.586e-15 1.993e-14
1.000e+03 1.063e+24 6.635e+29 5.317e-27 1.122e-15 1.410e-14
1.122e+03 5.834e+23 4.584e+29 3.673e-27 7.754e-16 9.744e-15
1.259e+03 3.120e+23 3.086e+29 2.473e-27 5.220e-16 6.559e-15
1.413e+03 1.622e+23 2.020e+29 1.619e-27 3.417e-16 4.294e-15
1.585e+03 8.181e+22 1.283e+29 1.028e-27 2.170e-16 2.726e-15
1.778e+03 3.992e+22 7.880e+28 6.314e-28 1.333e-16 1.675e-15
1.995e+03 1.879e+22 4.669e+28 3.742e-28 7.898e-17 9.925e-16
2.239e+03 8.503e+21 2.660e+28 2.132e-28 4.499e-17 5.654e-16
2.512e+03 3.685e+21 1.451e+28 1.163e-28 2.454e-17 3.084e-16
2.818e+03 1.522e+21 7.545e+27 6.046e-29 1.276e-17 1.604e-16
3.162e+03 5.956e+20 3.718e+27 2.979e-29 6.289e-18 7.902e-17
3.548e+03 2.193e+20 1.723e+27 1.381e-29 2.915e-18 3.663e-17
3.981e+03 7.518e+19 7.437e+26 5.960e-30 1.258e-18 1.581e-17
4.467e+03 2.363e+19 2.943e+26 2.359e-30 4.979e-19 6.256e-18
5.012e+03 6.653e+18 1.043e+26 8.359e-31 1.764e-19 2.217e-18
5.623e+03 1.611e+18 3.179e+25 2.548e-31 5.378e-20 6.758e-19
6.310e+03 3.115e+17 7.740e+24 6.202e-32 1.309e-20 1.645e-19
7.079e+03 4.136e+16 1.294e+24 1.037e-32 2.189e-21 2.750e-20
7.943e+03 2.558e+15 1.008e+23 8.074e-34 1.704e-22 2.142e-21
8.913e+03 8.233e+12 4.082e+20 3.271e-36 6.905e-25 8.677e-24
1.000e+04 0.000e+00 0.000e+00 0.000e+00 0.000e+00 0.000e+00
1.122e+04 0.000e+00 0.000e+00 0.000e+00 0.000e+00 0.000e+00
1.259e+04 0.000e+00 0.000e+00 0.000e+00 0.000e+00 0.000e+00
1.413e+04 0.000e+00 0.000e+00 0.000e+00 0.000e+00 0.000e+00
1.585e+04 0.000e+00 0.000e+00 0.000e+00 0.000e+00 0.000e+00
1.778e+04 0.000e+00 0.000e+00 0.000e+00 0.000e+00 0.000e+00
1.995e+04 0.000e+00 0.000e+00 0.000e+00 0.000e+00 0.000e+00
2.239e+04 0.000e+00 0.000e+00 0.000e+00 0.000e+00 0.000e+00
2.512e+04 0.000e+00 0.000e+00 0.000e+00 0.000e+00 0.000e+00
2.818e+04 0.000e+00 0.000e+00 0.000e+00 0.000e+00 0.000e+00
3.162e+04 0.000e+00 0.000e+00 0.000e+00 0.000e+00 0.000e+00
3.548e+04 0.000e+00 0.000e+00 0.000e+00 0.000e+00 0.000e+00
3.981e+04 0.000e+00 0.000e+00 0.000e+00 0.000e+00 0.000e+00
4.467e+04 0.000e+00 0.000e+00 0.000e+00 0.000e+00 0.000e+00
5.012e+04 0.000e+00 0.000e+00 0.000e+00 0.000e+00 0.000e+00
5.623e+04 0.000e+00 0.000e+00 0.000e+00 0.000e+00 0.000e+00
6.310e+04 0.000e+00 0.000e+00 0.000e+00 0.000e+00 0.000e+00
7.079e+04 0.000e+00 0.000e+00 0.000e+00 0.000e+00 0.000e+00
7.943e+04 0.000e+00 0.000e+00 0.000e+00 0.000e+00 0.000e+00
8.913e+04 0.000e+00 0.000e+00 0.000e+00 0.000e+00 0.000e+00
1.000e+05 0.000e+00 0.000e+00 0.000e+00 0.000e+00 0.000e+00
1.122e+05 0.000e+00 0.000e+00 0.000e+00 0.000e+00 0.000e+00
1.259e+05 0.000e+00 0.000e+00 0.000e+00 0.000e+00 0.000e+00
1.413e+05 0.000e+00 0.000e+00 0.000e+00 0.000e+00 0.000e+00
1.585e+05 0.000e+00 0.000e+00 0.000e+00 0.000e+00 0.000e+00
1.778e+05 0.000e+00 0.000e+00 0.000e+00 0.000e+00 0.000e+00
1.995e+05 0.000e+00 0.000e+00 0.000e+00 0.000e+00 0.000e+00
2.239e+05 0.000e+00 0.000e+00 0.000e+00 0.000e+00 0.000e+00
2.512e+05 0.000e+00 0.000e+00 0.000e+00 0.000e+00 0.000e+00
2.818e+05 0.000e+00 0.000e+00 0.000e+00 0.000e+00 0.000e+00
3.162e+05 0.000e+00 0.000e+00 0.000e+00 0.000e+00 0.000e+00
3.548e+05 0.000e+00 0.000e+00 0.000e+00 0.000e+00 0.000e+00
3.981e+05 0.000e+00 0.000e+00 0.000e+00 0.000e+00 0.000e+00
4.467e+05 0.000e+00 0.000e+00 0.000e+00 0.000e+00 0.000e+00
5.012e+05 0.000e+00 0.000e+00 0.000e+00 0.000e+00 0.000e+00
5.623e+05 0.000e+00 0.000e+00 0.000e+00 0.000e+00 0.000e+00
6.310e+05 0.000e+00 0.000e+00 0.000e+00 0.000e+00 0.000e+00
7.079e+05 0.000e+00 0.000e+00 0.000e+00 0.000e+00 0.000e+00
7.943e+05 0.000e+00 0.000e+00 0.000e+00 0.000e+00 0.000e+00
8.913e+05 0.000e+00 0.000e+00 0.000e+00 0.000e+00 0.000e+00
1.000e+06 0.000e+00 0.000e+00 0.000e+00 0.000e+00 0.000e+00
1.122e+06 0.000e+00 0.000e+00 0.000e+00 0.000e+00 0.000e+00
1.259e+06 0.000e+00 0.000e+00 0.000e+00 0.000e+00 0.000e+00
1.413e+06 0.000e+00 0.000e+00 0.000e+00 0.000e+00 0.000e+00
1.585e+06 0.000e+00 0.000e+00 0.000e+00 0.000e+00 0.000e+00
1.778e+06 0.000e+00 0.000e+00 0.000e+00 0.000e+00 0.000e+00
1.995e+06 0.000e+00 0.000e+00 0.000e+00 0.000e+00 0.000e+00
2.239e+06 0.000e+00 0.000e+00 0.000e+00 0.000e+00 0.000e+00
2.512e+06 0.000e+00 0.000e+00 0.000e+00 0.000e+00 0.000e+00
2.818e+06 0.000e+00 0.000e+00 0.000e+00 0.000e+00 0.000e+00
3.162e+06 0.000e+00 0.000e+00 0.000e+00 0.000e+00 0.000e+00
3.548e+06 0.000e+00 0.000e+00 0.000e+00 0.000e+00 0.000e+00
3.981e+06 0.000e+00 0.000e+00 0.000e+00 0.000e+00 0.000e+00
4.467e+06 0.000e+00 0.000e+00 0.000e+00 0.000e+00 0.000e+00
5.012e+06 0.000e+00 0.000e+00 0.000e+00 0.000e+00 0.000e+00
5.623e+06 0.000e+00 0.000e+00 0.000e+00 0.000e+00 0.000e+00
6.310e+06 0.000e+00 0.000e+00 0.000e+00 0.000e+00 0.000e+00
7.079e+06 0.000e+00 0.000e+00 0.000e+00 0.000e+00 0.000e+00
7.943e+06 0.000e+00 0.000e+00 0.000e+00 0.000e+00 0.000e+00
8.913e+06 0.000e+00 0.000e+00 0.000e+00 0.000e+00 0.000e+00
1.000e+07 0.000e+00 0.000e+00 0.000e+00 0.000e+00 0.000e+00
1.122e+07 0.000e+00 0.000e+00 0.000e+00 0.000e+00 0.000e+00
1.259e+07 0.000e+00 0.000e+00 0.000e+00 0.000e+00 0.000e+00
1.413e+07 0.000e+00 0.000e+00 0.000e+00 0.000e+00 0.000e+00
1.585e+07 0.000e+00 0.000e+00 0.000e+00 0.000e+00 0.000e+00
1.778e+07 0.000e+00 0.000e+00 0.000e+00 0.000e+00 0.000e+00
1.995e+07 0.000e+00 0.000e+00 0.000e+00 0.000e+00 0.000e+00
2.239e+07 0.000e+00 0.000e+00 0.000e+00 0.000e+00 0.000e+00
2.512e+07 0.000e+00 0.000e+00 0.000e+00 0.000e+00 0.000e+00
2.818e+07 0.000e+00 0.000e+00 0.000e+00 0.000e+00 0.000e+00
3.162e+07 0.000e+00 0.000e+00 0.000e+00 0.000e+00 0.000e+00
3.548e+07 0.000e+00 0.000e+00 0.000e+00 0.000e+00 0.000e+00
3.981e+07 0.000e+00 0.000e+00 0.000e+00 0.000e+00 0.000e+00
4.467e+07 0.000e+00 0.000e+00 0.000e+00 0.000e+00 0.000e+00
5.012e+07 0.000e+00 0.000e+00 0.000e+00 0.000e+00 0.000e+00
5.623e+07 0.000e+00 0.000e+00 0.000e+00 0.000e+00 0.000e+00
6.310e+07 0.000e+00 0.000e+00 0.000e+00 0.000e+00 0.000e+00
7.079e+07 0.000e+00 0.000e+00 0.000e+00 0.000e+00 0.000e+00
7.943e+07 0.000e+00 0.000e+00 0.000e+00 0.000e+00 0.000e+00
8.913e+07 0.000e+00 0.000e+00 0.000e+00 0.000e+00 0.000e+00
1.000e+08 0.000e+00 0.000e+00 0.000e+00 0.000e+00 0.000e+00
