1.000e-20 0.000e+00 0.000e+00 0.000e+00 0.000e+00 0.000e+00
1.122e-20 0.000e+00 0.000e+00 0.000e+00 0.000e+00 0.000e+00
1.259e-20 0.000e+00 0.000e+00 0.000e+00 0.000e+00 0.000e+00
1.413e-20 0.000e+00 0.000e+00 0.000e+00 0.000e+00 0.000e+00
1.585e-20 0.000e+00 0.000e+00 0.000e+00 0.000e+00 0.000e+00
1.778e-20 0.000e+00 0.000e+00 0.000e+00 0.000e+00 0.000e+00
1.995e-20 0.000e+00 0.000e+00 0.000e+00 0.000e+00 0.000e+00
2.239e-20 0.000e+00 0.000e+00 0.000e+00 0.000e+00 0.000e+00
2.512e-20 0.000e+00 0.000e+00 0.000e+00 0.000e+00 0.000e+00
2.818e-20 0.000e+00 0.000e+00 0.000e+00 0.000e+00 0.000e+00
3.162e-20 0.000e+00 0.000e+00 0.000e+00 0.000e+00 0.000e+00
3.548e-20 0.000e+00 0.000e+00 0.000e+00 0.000e+00 0.000e+00
3.981e-20 0.000e+00 0.000e+00 0.000e+00 0.000e+00 0.000e+00
4.467e-20 0.000e+00 0.000e+00 0.000e+00 0.000e+00 0.000e+00
5.012e-20 0.000e+00 0.000e+00 0.000e+00 0.000e+00 0.000e+00
5.623e-20 0.000e+00 0.000e+00 0.000e+00 0.000e+00 0.000e+00
6.310e-20 0.000e+00 0.000e+00 0.000e+00 0.000e+00 0.000e+00
7.079e-20 0.000e+00 0.000e+00 0.000e+00 0.000e+00 0.000e+00
7.943e-20 0.000e+00 0.000e+00 0.000e+00 0.000e+00 0.000e+00
8.913e-20 0.000e+00 0.000e+00 0.000e+00 0.000e+00 0.000e+00
1.000e-19 0.000e+00 0.000e+00 0.000e+00 0.000e+00 0.000e+00
1.122e-19 0.000e+00 0.000e+00 0.000e+00 0.000e+00 0.000e+00
1.259e-19 0.000e+00 0.000e+00 0.000e+00 0.000e+00 0.000e+00
1.413e-19 0.000e+00 0.000e+00 0.000e+00 0.000e+00 0.000e+00
1.585e-19 0.000e+00 0.000e+00 0.000e+00 0.000e+00 0.000e+00
1.778e-19 0.000e+00 0.000e+00 0.000e+00 0.000e+00 0.000e+00
1.995e-19 0.000e+00 0.000e+00 0.000e+00 0.000e+00 0.000e+00
2.239e-19 0.000e+00 0.000e+00 0.000e+00 0.000e+00 0.000e+00
2.512e-19 0.000e+00 0.000e+00 0.000e+00 0.000e+00 0.000e+00
2.818e-19 0.000e+00 0.000e+00 0.000e+00 0.000e+00 0.000e+00
3.162e-19 0.000e+00 0.000e+00 0.000e+00 0.000e+00 0.000e+00
3.548e-19 0.000e+00 0.000e+00 0.000e+00 0.000e+00 0.000e+00
3.981e-19 0.000e+00 0.000e+00 0.000e+00 0.000e+00 0.000e+00
4.467e-19 0.000e+00 0.000e+00 0.000e+00 0.000e+00 0.000e+00
5.012e-19 0.000e+00 0.000e+00 0.000e+00 0.000e+00 0.000e+00
5.623e-19 0.000e+00 0.000e+00 0.000e+00 0.000e+00 0.000e+00
6.310e-19 0.000e+00 0.000e+00 0.000e+00 0.000e+00 0.000e+00
7.079e-19 0.000e+00 0.000e+00 0.000e+00 0.000e+00 0.000e+00
7.943e-19 0.000e+00 0.000e+00 0.000e+00 0.000e+00 0.000e+00
8.913e-19 0.000e+00 0.000e+00 0.000e+00 0.000e+00 0.000e+00
1.000e-18 0.000e+00 0.000e+00 0.000e+00 0.000e+00 0.000e+00
1.122e-18 0.000e+00 0.000e+00 0.000e+00 0.000e+00 0.000e+00
1.259e-18 0.000e+00 0.000e+00 0.000e+00 0.000e+00 0.000e+00
1.413e-18 0.000e+00 0.000e+00 0.000e+00 0.000e+00 0.000e+00
1.585e-18 0.000e+00 0.000e+00 0.000e+00 0.000e+00 0.000e+00
1.778e-18 0.000e+00 0.000e+00 0.000e+00 0.000e+00 0.000e+00
1.995e-18 0.000e+00 0.000e+00 0.000e+00 0.000e+00 0.000e+00
2.239e-18 0.000e+00 0.000e+00 0.000e+00 0.000e+00 0.000e+00
2.512e-18 0.000e+00 0.000e+00 0.000e+00 0.000e+00 0.000e+00
2.818e-18 0.000e+00 0.000e+00 0.000e+00 0.000e+00 0.000e+00
3.162e-18 0.000e+00 0.000e+00 0.000e+00 0.000e+00 0.000e+00
3.548e-18 0.000e+00 0.000e+00 0.000e+00 0.000e+00 0.000e+00
3.981e-18 0.000e+00 0.000e+00 0.000e+00 0.000e+00 0.000e+00
4.467e-18 0.000e+00 0.000e+00 0.000e+00 0.000e+00 0.000e+00
5.012e-18 0.000e+00 0.000e+00 0.000e+00 0.000e+00 0.000e+00
5.623e-18 0.000e+00 0.000e+00 0.000e+00 0.000e+00 0.000e+00
6.310e-18 0.000e+00 0.000e+00 0.000e+00 0.000e+00 0.000e+00
7.079e-18 0.000e+00 0.000e+00 0.000e+00 0.000e+00 0.000e+00
7.943e-18 0.000e+00 0.000e+00 0.000e+00 0.000e+00 0.000e+00
8.913e-18 0.000e+00 0.000e+00 0.000e+00 0.000e+00 0.000e+00
1.000e-17 0.000e+00 0.000e+00 0.000e+00 0.000e+00 0.000e+00
1.122e-17 0.000e+00 0.000e+00 0.000e+00 0.000e+00 0.000e+00
1.259e-17 0.000e+00 0.000e+00 0.000e+00 0.000e+00 0.000e+00
1.413e-17 0.000e+00 0.000e+00 0.000e+00 0.000e+00 0.000e+00
1.585e-17 0.000e+00 0.000e+00 0.000e+00 0.000e+00 0.000e+00
1.778e-17 0.000e+00 0.000e+00 0.000e+00 0.000e+00 0.000e+00
1.995e-17 0.000e+00 0.000e+00 0.000e+00 0.000e+00 0.000e+00
2.239e-17 0.000e+00 0.000e+00 0.000e+00 0.000e+00 0.000e+00
2.512e-17 0.000e+00 0.000e+00 0.000e+00 0.000e+00 0.000e+00
2.818e-17 0.000e+00 0.000e+00 0.000e+00 0.000e+00 0.000e+00
3.162e-17 0.000e+00 0.000e+00 0.000e+00 0.000e+00 0.000e+00
3.548e-17 0.000e+00 0.000e+00 0.000e+00 0.000e+00 0.000e+00
3.981e-17 0.000e+00 0.000e+00 0.000e+00 0.000e+00 0.000e+00
4.467e-17 0.000e+00 0.000e+00 0.000e+00 0.000e+00 0.000e+00
5.012e-17 0.000e+00 0.000e+00 0.000e+00 0.000e+00 0.000e+00
5.623e-17 0.000e+00 0.000e+00 0.000e+00 0.000e+00 0.000e+00
6.310e-17 0.000e+00 0.000e+00 0.000e+00 0.000e+00 0.000e+00
7.079e-17 0.000e+00 0.000e+00 0.000e+00 0.000e+00 0.000e+00
7.943e-17 0.000e+00 0.000e+00 0.000e+00 0.000e+00 0.000e+00
8.913e-17 0.000e+00 0.000e+00 0.000e+00 0.000e+00 0.000e+00
1.000e-16 0.000e+00 0.000e+00 0.000e+00 0.000e+00 0.000e+00
1.122e-16 0.000e+00 0.000e+00 0.000e+00 0.000e+00 0.000e+00
1.259e-16 0.000e+00 0.000e+00 0.000e+00 0.000e+00 0.000e+00
1.413e-16 0.000e+00 0.000e+00 0.000e+00 0.000e+00 0.000e+00
1.585e-16 0.000e+00 0.000e+00 0.000e+00 0.000e+00 0.000e+00
1.778e-16 0.000e+00 0.000e+00 0.000e+00 0.000e+00 0.000e+00
1.995e-16 0.000e+00 0.000e+00 0.000e+00 0.000e+00 0.000e+00
2.239e-16 0.000e+00 0.000e+00 0.000e+00 0.000e+00 0.000e+00
2.512e-16 0.000e+00 0.000e+00 0.000e+00 0.000e+00 0.000e+00
2.818e-16 0.000e+00 0.000e+00 0.000e+00 0.000e+00 0.000e+00
3.162e-16 0.000e+00 0.000e+00 0.000e+00 0.000e+00 0.000e+00
3.548e-16 0.000e+00 0.000e+00 0.000e+00 0.000e+00 0.000e+00
3.981e-16 0.000e+00 0.000e+00 0.000e+00 0.000e+00 0.000e+00
4.467e-16 0.000e+00 0.000e+00 0.000e+00 0.000e+00 0.000e+00
5.012e-16 0.000e+00 0.000e+00 0.000e+00 0.000e+00 0.000e+00
5.623e-16 0.000e+00 0.000e+00 0.000e+00 0.000e+00 0.000e+00
6.310e-16 0.000e+00 0.000e+00 0.000e+00 0.000e+00 0.000e+00
7.079e-16 0.000e+00 0.000e+00 0.000e+00 0.000e+00 0.000e+00
7.943e-16 0.000e+00 0.000e+00 0.000e+00 0.000e+00 0.000e+00
8.913e-16 0.000e+00 0.000e+00 0.000e+00 0.000e+00 0.000e+00
1.000e-15 0.000e+00 0.000e+00 0.000e+00 0.000e+00 0.000e+00
1.122e-15 0.000e+00 0.000e+00 0.000e+00 0.000e+00 0.000e+00
1.259e-15 0.000e+00 0.000e+00 0.000e+00 0.000e+00 0.000e+00
1.413e-15 0.000e+00 0.000e+00 0.000e+00 0.000e+00 0.000e+00
1.585e-15 0.000e+00 0.000e+00 0.000e+00 0.000e+00 0.000e+00
1.778e-15 0.000e+00 0.000e+00 0.000e+00 0.000e+00 0.000e+00
1.995e-15 0.000e+00 0.000e+00 0.000e+00 0.000e+00 0.000e+00
2.239e-15 0.000e+00 0.000e+00 0.000e+00 0.000e+00 0.000e+00
2.512e-15 0.000e+00 0.000e+00 0.000e+00 0.000e+00 0.000e+00
2.818e-15 0.000e+00 0.000e+00 0.000e+00 0.000e+00 0.000e+00
3.162e-15 0.000e+00 0.000e+00 0.000e+00 0.000e+00 0.000e+00
3.548e-15 0.000e+00 0.000e+00 0.000e+00 0.000e+00 0.000e+00
3.981e-15 0.000e+00 0.000e+00 0.000e+00 0.000e+00 0.000e+00
4.467e-15 0.000e+00 0.000e+00 0.000e+00 0.000e+00 0.000e+00
5.012e-15 0.000e+00 0.000e+00 0.000e+00 0.000e+00 0.000e+00
5.623e-15 0.000e+00 0.000e+00 0.000e+00 0.000e+00 0.000e+00
6.310e-15 0.000e+00 0.000e+00 0.000e+00 0.000e+00 0.000e+00
7.079e-15 0.000e+00 0.000e+00 0.000e+00 0.000e+00 0.000e+00
7.943e-15 0.000e+00 0.000e+00 0.000e+00 0.000e+00 0.000e+00
8.913e-15 0.000e+00 0.000e+00 0.000e+00 0.000e+00 0.000e+00
1.000e-14 0.000e+00 0.000e+00 0.000e+00 0.000e+00 0.000e+00
1.122e-14 0.000e+00 0.000e+00 0.000e+00 0.000e+00 0.000e+00
1.259e-14 0.000e+00 0.000e+00 0.000e+00 0.000e+00 0.000e+00
1.413e-14 0.000e+00 0.000e+00 0.000e+00 0.000e+00 0.000e+00
1.585e-14 0.000e+00 0.000e+00 0.000e+00 0.000e+00 0.000e+00
1.778e-14 0.000e+00 0.000e+00 0.000e+00 0.000e+00 0.000e+00
1.995e-14 0.000e+00 0.000e+00 0.000e+00 0.000e+00 0.000e+00
2.239e-14 0.000e+00 0.000e+00 0.000e+00 0.000e+00 0.000e+00
2.512e-14 0.000e+00 0.000e+00 0.000e+00 0.000e+00 0.000e+00
2.818e-14 0.000e+00 0.000e+00 0.000e+00 0.000e+00 0.000e+00
3.162e-14 0.000e+00 0.000e+00 0.000e+00 0.000e+00 0.000e+00
3.548e-14 0.000e+00 0.000e+00 0.000e+00 0.000e+00 0.000e+00
3.981e-14 0.000e+00 0.000e+00 0.000e+00 0.000e+00 0.000e+00
4.467e-14 0.000e+00 0.000e+00 0.000e+00 0.000e+00 0.000e+00
5.012e-14 0.000e+00 0.000e+00 0.000e+00 0.000e+00 0.000e+00
5.623e-14 0.000e+00 0.000e+00 0.000e+00 0.000e+00 0.000e+00
6.310e-14 0.000e+00 0.000e+00 0.000e+00 0.000e+00 0.000e+00
7.079e-14 0.000e+00 0.000e+00 0.000e+00 0.000e+00 0.000e+00
7.943e-14 0.000e+00 0.000e+00 0.000e+00 0.000e+00 0.000e+00
8.913e-14 0.000e+00 0.000e+00 0.000e+00 0.000e+00 0.000e+00
1.000e-13 0.000e+00 0.000e+00 0.000e+00 0.000e+00 0.000e+00
1.122e-13 0.000e+00 0.000e+00 0.000e+00 0.000e+00 0.000e+00
1.259e-13 0.000e+00 0.000e+00 0.000e+00 0.000e+00 0.000e+00
1.413e-13 0.000e+00 0.000e+00 0.000e+00 0.000e+00 0.000e+00
1.585e-13 0.000e+00 0.000e+00 0.000e+00 0.000e+00 0.000e+00
1.778e-13 0.000e+00 0.000e+00 0.000e+00 0.000e+00 0.000e+00
1.995e-13 0.000e+00 0.000e+00 0.000e+00 0.000e+00 0.000e+00
2.239e-13 0.000e+00 0.000e+00 0.000e+00 0.000e+00 0.000e+00
2.512e-13 0.000e+00 0.000e+00 0.000e+00 0.000e+00 0.000e+00
2.818e-13 0.000e+00 0.000e+00 0.000e+00 0.000e+00 0.000e+00
3.162e-13 0.000e+00 0.000e+00 0.000e+00 0.000e+00 0.000e+00
3.548e-13 0.000e+00 0.000e+00 0.000e+00 0.000e+00 0.000e+00
3.981e-13 0.000e+00 0.000e+00 0.000e+00 0.000e+00 0.000e+00
4.467e-13 0.000e+00 0.000e+00 0.000e+00 0.000e+00 0.000e+00
5.012e-13 0.000e+00 0.000e+00 0.000e+00 0.000e+00 0.000e+00
5.623e-13 0.000e+00 0.000e+00 0.000e+00 0.000e+00 0.000e+00
6.310e-13 0.000e+00 0.000e+00 0.000e+00 0.000e+00 0.000e+00
7.079e-13 0.000e+00 0.000e+00 0.000e+00 0.000e+00 0.000e+00
7.943e-13 0.000e+00 0.000e+00 0.000e+00 0.000e+00 0.000e+00
8.913e-13 0.000e+00 0.000e+00 0.000e+00 0.000e+00 0.000e+00
1.000e-12 0.000e+00 0.000e+00 0.000e+00 0.000e+00 0.000e+00
1.122e-12 6.002e+52 4.716e+28 3.780e-28 1.596e-16 1.003e-15
1.259e-12 5.050e+52 4.996e+28 4.004e-28 1.690e-16 1.062e-15
1.413e-12 4.249e+52 5.292e+28 4.241e-28 1.790e-16 1.125e-15
1.585e-12 3.575e+52 5.605e+28 4.492e-28 1.896e-16 1.192e-15
1.778e-12 3.008e+52 5.938e+28 4.758e-28 2.009e-16 1.262e-15
1.995e-12 2.531e+52 6.289e+28 5.040e-28 2.128e-16 1.337e-15
2.239e-12 2.130e+52 6.662e+28 5.339e-28 2.254e-16 1.416e-15
2.512e-12 1.792e+52 7.057e+28 5.655e-28 2.387e-16 1.500e-15
2.818e-12 1.508e+52 7.475e+28 5.990e-28 2.529e-16 1.589e-15
3.162e-12 1.269e+52 7.918e+28 6.345e-28 2.679e-16 1.683e-15
3.548e-12 1.067e+52 8.387e+28 6.721e-28 2.837e-16 1.783e-15
3.981e-12 8.981e+51 8.884e+28 7.119e-28 3.006e-16 1.888e-15
4.467e-12 7.557e+51 9.411e+28 7.541e-28 3.184e-16 2.000e-15
5.012e-12 6.358e+51 9.968e+28 7.988e-28 3.372e-16 2.119e-15
5.623e-12 5.350e+51 1.056e+29 8.461e-28 3.572e-16 2.244e-15
6.310e-12 4.501e+51 1.118e+29 8.963e-28 3.784e-16 2.377e-15
7.079e-12 3.787e+51 1.185e+29 9.494e-28 4.008e-16 2.518e-15
7.943e-12 3.187e+51 1.255e+29 1.006e-27 4.245e-16 2.667e-15
8.913e-12 2.681e+51 1.329e+29 1.065e-27 4.497e-16 2.826e-15
1.000e-11 2.256e+51 1.408e+29 1.128e-27 4.763e-16 2.993e-15
1.122e-11 1.898e+51 1.491e+29 1.195e-27 5.046e-16 3.170e-15
1.259e-11 1.597e+51 1.580e+29 1.266e-27 5.345e-16 3.358e-15
1.413e-11 1.344e+51 1.673e+29 1.341e-27 5.661e-16 3.557e-15
1.585e-11 1.131e+51 1.773e+29 1.420e-27 5.997e-16 3.768e-15
1.778e-11 9.513e+50 1.878e+29 1.505e-27 6.352e-16 3.991e-15
1.995e-11 8.004e+50 1.989e+29 1.594e-27 6.729e-16 4.228e-15
2.239e-11 6.735e+50 2.107e+29 1.688e-27 7.127e-16 4.478e-15
2.512e-11 5.667e+50 2.232e+29 1.788e-27 7.550e-16 4.744e-15
2.818e-11 4.768e+50 2.364e+29 1.894e-27 7.997e-16 5.025e-15
3.162e-11 4.012e+50 2.504e+29 2.007e-27 8.471e-16 5.322e-15
3.548e-11 3.375e+50 2.652e+29 2.125e-27 8.973e-16 5.638e-15
3.981e-11 2.840e+50 2.809e+29 2.251e-27 9.504e-16 5.972e-15
4.467e-11 2.390e+50 2.976e+29 2.385e-27 1.007e-15 6.326e-15
5.012e-11 2.011e+50 3.152e+29 2.526e-27 1.066e-15 6.700e-15
5.623e-11 1.692e+50 3.339e+29 2.676e-27 1.130e-15 7.097e-15
6.310e-11 1.423e+50 3.537e+29 2.834e-27 1.197e-15 7.518e-15
7.079e-11 1.198e+50 3.746e+29 3.002e-27 1.267e-15 7.963e-15
7.943e-11 1.008e+50 3.968e+29 3.180e-27 1.343e-15 8.435e-15
8.913e-11 8.479e+49 4.204e+29 3.369e-27 1.422e-15 8.935e-15
1.000e-10 7.134e+49 4.453e+29 3.568e-27 1.506e-15 9.465e-15
1.122e-10 6.002e+49 4.716e+29 3.780e-27 1.596e-15 1.003e-14
1.259e-10 5.050e+49 4.996e+29 4.003e-27 1.690e-15 1.062e-14
1.413e-10 4.249e+49 5.292e+29 4.241e-27 1.790e-15 1.125e-14
1.585e-10 3.575e+49 5.605e+29 4.492e-27 1.896e-15 1.192e-14
1.778e-10 3.008e+49 5.938e+29 4.758e-27 2.009e-15 1.262e-14
1.995e-10 2.531e+49 6.289e+29 5.040e-27 2.128e-15 1.337e-14
2.239e-10 2.130e+49 6.662e+29 5.339e-27 2.254e-15 1.416e-14
2.512e-10 1.792e+49 7.057e+29 5.655e-27 2.387e-15 1.500e-14
2.818e-10 1.508e+49 7.475e+29 5.990e-27 2.529e-15 1.589e-14
3.162e-10 1.269e+49 7.918e+29 6.345e-27 2.679e-15 1.683e-14
3.548e-10 1.067e+49 8.387e+29 6.721e-27 2.837e-15 1.783e-14
3.981e-10 8.981e+48 8.884e+29 7.119e-27 3.006e-15 1.888e-14
4.467e-10 7.557e+48 9.410e+29 7.541e-27 3.184e-15 2.000e-14
5.012e-10 6.358e+48 9.968e+29 7.988e-27 3.372e-15 2.119e-14
5.623e-10 5.350e+48 1.056e+30 8.461e-27 3.572e-15 2.244e-14
6.310e-10 4.501e+48 1.118e+30 8.963e-27 3.784e-15 2.377e-14
7.079e-10 3.787e+48 1.185e+30 9.494e-27 4.008e-15 2.518e-14
7.943e-10 3.187e+48 1.255e+30 1.006e-26 4.245e-15 2.667e-14
8.913e-10 2.681e+48 1.329e+30 1.065e-26 4.497e-15 2.826e-14
1.000e-09 2.256e+48 1.408e+30 1.128e-26 4.763e-15 2.993e-14
1.122e-09 1.898e+48 1.491e+30 1.195e-26 5.046e-15 3.170e-14
1.259e-09 1.597e+48 1.580e+30 1.266e-26 5.345e-15 3.358e-14
1.413e-09 1.344e+48 1.673e+30 1.341e-26 5.661e-15 3.557e-14
1.585e-09 1.131e+48 1.773e+30 1.420e-26 5.997e-15 3.768e-14
1.778e-09 9.513e+47 1.878e+30 1.505e-26 6.352e-15 3.991e-14
1.995e-09 8.004e+47 1.989e+30 1.594e-26 6.728e-15 4.228e-14
2.239e-09 6.735e+47 2.107e+30 1.688e-26 7.127e-15 4.478e-14
2.512e-09 5.667e+47 2.232e+30 1.788e-26 7.549e-15 4.743e-14
2.818e-09 4.768e+47 2.364e+30 1.894e-26 7.997e-15 5.025e-14
3.162e-09 4.012e+47 2.504e+30 2.006e-26 8.471e-15 5.322e-14
3.548e-09 3.375e+47 2.652e+30 2.125e-26 8.972e-15 5.638e-14
3.981e-09 2.840e+47 2.809e+30 2.251e-26 9.504e-15 5.972e-14
4.467e-09 2.390e+47 2.976e+30 2.385e-26 1.007e-14 6.325e-14
5.012e-09 2.011e+47 3.152e+30 2.526e-26 1.066e-14 6.700e-14
5.623e-09 1.692e+47 3.339e+30 2.676e-26 1.130e-14 7.097e-14
6.310e-09 1.423e+47 3.537e+30 2.834e-26 1.196e-14 7.518e-14
7.079e-09 1.198e+47 3.746e+30 3.002e-26 1.267e-14 7.963e-14
7.943e-09 1.008e+47 3.968e+30 3.180e-26 1.342e-14 8.435e-14
8.913e-09 8.478e+46 4.203e+30 3.368e-26 1.422e-14 8.935e-14
1.000e-08 7.134e+46 4.452e+30 3.568e-26 1.506e-14 9.464e-14
1.122e-08 6.002e+46 4.716e+30 3.779e-26 1.596e-14 1.003e-13
1.259e-08 5.050e+46 4.996e+30 4.003e-26 1.690e-14 1.062e-13
1.413e-08 4.249e+46 5.292e+30 4.241e-26 1.790e-14 1.125e-13
1.585e-08 3.575e+46 5.605e+30 4.492e-26 1.896e-14 1.191e-13
1.778e-08 3.008e+46 5.937e+30 4.758e-26 2.009e-14 1.262e-13
1.995e-08 2.531e+46 6.289e+30 5.040e-26 2.128e-14 1.337e-13
2.239e-08 2.130e+46 6.662e+30 5.338e-26 2.254e-14 1.416e-13
2.512e-08 1.792e+46 7.057e+30 5.655e-26 2.387e-14 1.500e-13
2.818e-08 1.508e+46 7.475e+30 5.990e-26 2.529e-14 1.589e-13
3.162e-08 1.269e+46 7.917e+30 6.345e-26 2.679e-14 1.683e-13
3.548e-08 1.067e+46 8.387e+30 6.721e-26 2.837e-14 1.783e-13
3.981e-08 8.980e+45 8.884e+30 7.119e-26 3.005e-14 1.888e-13
4.467e-08 7.556e+45 9.410e+30 7.541e-26 3.183e-14 2.000e-13
5.012e-08 6.358e+45 9.967e+30 7.987e-26 3.372e-14 2.119e-13
5.623e-08 5.349e+45 1.056e+31 8.461e-26 3.572e-14 2.244e-13
6.310e-08 4.501e+45 1.118e+31 8.962e-26 3.783e-14 2.377e-13
7.079e-08 3.787e+45 1.185e+31 9.493e-26 4.008e-14 2.518e-13
7.943e-08 3.186e+45 1.255e+31 1.006e-25 4.245e-14 2.667e-13
8.913e-08 2.681e+45 1.329e+31 1.065e-25 4.497e-14 2.825e-13
1.000e-07 2.256e+45 1.408e+31 1.128e-25 4.763e-14 2.993e-13
1.122e-07 1.898e+45 1.491e+31 1.195e-25 5.045e-14 3.170e-13
1.259e-07 1.597e+45 1.580e+31 1.266e-25 5.344e-14 3.358e-13
1.413e-07 1.344e+45 1.673e+31 1.341e-25 5.661e-14 3.557e-13
1.585e-07 1.130e+45 1.772e+31 1.420e-25 5.996e-14 3.767e-13
1.778e-07 9.512e+44 1.877e+31 1.504e-25 6.351e-14 3.991e-13
1.995e-07 8.003e+44 1.989e+31 1.594e-25 6.728e-14 4.227e-13
2.239e-07 6.734e+44 2.106e+31 1.688e-25 7.126e-14 4.477e-13
2.512e-07 5.666e+44 2.231e+31 1.788e-25 7.548e-14 4.743e-13
2.818e-07 4.767e+44 2.363e+31 1.894e-25 7.995e-14 5.024e-13
3.162e-07 4.011e+44 2.503e+31 2.006e-25 8.469e-14 5.321e-13
3.548e-07 3.375e+44 2.652e+31 2.125e-25 8.971e-14 5.637e-13
3.981e-07 2.839e+44 2.809e+31 2.251e-25 9.502e-14 5.970e-13
4.467e-07 2.389e+44 2.975e+31 2.384e-25 1.007e-13 6.324e-13
5.012e-07 2.010e+44 3.151e+31 2.525e-25 1.066e-13 6.699e-13
5.623e-07 1.691e+44 3.338e+31 2.675e-25 1.129e-13 7.096e-13
6.310e-07 1.423e+44 3.536e+31 2.834e-25 1.196e-13 7.516e-13
7.079e-07 1.197e+44 3.745e+31 3.001e-25 1.267e-13 7.961e-13
7.943e-07 1.007e+44 3.967e+31 3.179e-25 1.342e-13 8.433e-13
8.913e-07 8.476e+43 4.202e+31 3.367e-25 1.422e-13 8.932e-13
1.000e-06 7.131e+43 4.451e+31 3.567e-25 1.506e-13 9.461e-13
1.122e-06 6.000e+43 4.715e+31 3.778e-25 1.595e-13 1.002e-12
1.259e-06 5.048e+43 4.994e+31 4.002e-25 1.689e-13 1.062e-12
1.413e-06 4.248e+43 5.290e+31 4.239e-25 1.790e-13 1.124e-12
1.585e-06 3.574e+43 5.603e+31 4.490e-25 1.896e-13 1.191e-12
1.778e-06 3.007e+43 5.935e+31 4.756e-25 2.008e-13 1.262e-12
1.995e-06 2.530e+43 6.286e+31 5.038e-25 2.127e-13 1.336e-12
2.239e-06 2.129e+43 6.659e+31 5.336e-25 2.253e-13 1.415e-12
2.512e-06 1.791e+43 7.053e+31 5.652e-25 2.386e-13 1.499e-12
2.818e-06 1.507e+43 7.471e+31 5.987e-25 2.527e-13 1.588e-12
3.162e-06 1.268e+43 7.913e+31 6.341e-25 2.677e-13 1.682e-12
3.548e-06 1.067e+43 8.382e+31 6.717e-25 2.836e-13 1.782e-12
3.981e-06 8.975e+42 8.878e+31 7.115e-25 3.004e-13 1.887e-12
4.467e-06 7.551e+42 9.404e+31 7.536e-25 3.181e-13 1.999e-12
5.012e-06 6.353e+42 9.961e+31 7.982e-25 3.370e-13 2.117e-12
5.623e-06 5.345e+42 1.055e+32 8.455e-25 3.569e-13 2.243e-12
6.310e-06 4.497e+42 1.118e+32 8.955e-25 3.781e-13 2.375e-12
7.079e-06 3.784e+42 1.184e+32 9.485e-25 4.004e-13 2.516e-12
7.943e-06 3.184e+42 1.254e+32 1.005e-24 4.241e-13 2.665e-12
8.913e-06 2.678e+42 1.328e+32 1.064e-24 4.492e-13 2.823e-12
1.000e-05 2.254e+42 1.407e+32 1.127e-24 4.758e-13 2.990e-12
1.122e-05 1.896e+42 1.490e+32 1.194e-24 5.040e-13 3.167e-12
1.259e-05 1.595e+42 1.578e+32 1.265e-24 5.338e-13 3.354e-12
1.413e-05 1.342e+42 1.671e+32 1.339e-24 5.654e-13 3.553e-12
1.585e-05 1.129e+42 1.770e+32 1.419e-24 5.989e-13 3.763e-12
1.778e-05 9.500e+41 1.875e+32 1.503e-24 6.343e-13 3.986e-12
1.995e-05 7.992e+41 1.986e+32 1.591e-24 6.718e-13 4.221e-12
2.239e-05 6.724e+41 2.103e+32 1.686e-24 7.116e-13 4.471e-12
2.512e-05 5.657e+41 2.228e+32 1.785e-24 7.537e-13 4.736e-12
2.818e-05 4.759e+41 2.360e+32 1.891e-24 7.983e-13 5.016e-12
3.162e-05 4.004e+41 2.499e+32 2.003e-24 8.455e-13 5.312e-12
3.548e-05 3.369e+41 2.647e+32 2.121e-24 8.955e-13 5.626e-12
3.981e-05 2.834e+41 2.803e+32 2.247e-24 9.484e-13 5.959e-12
4.467e-05 2.384e+41 2.969e+32 2.379e-24 1.004e-12 6.311e-12
5.012e-05 2.006e+41 3.145e+32 2.520e-24 1.064e-12 6.685e-12
5.623e-05 1.687e+41 3.331e+32 2.669e-24 1.127e-12 7.080e-12
6.310e-05 1.420e+41 3.527e+32 2.827e-24 1.193e-12 7.498e-12
7.079e-05 1.194e+41 3.736e+32 2.994e-24 1.264e-12 7.941e-12
7.943e-05 1.005e+41 3.957e+32 3.171e-24 1.339e-12 8.410e-12
8.913e-05 8.452e+40 4.190e+32 3.358e-24 1.418e-12 8.907e-12
1.000e-04 7.110e+40 4.438e+32 3.556e-24 1.501e-12 9.433e-12
1.122e-04 5.981e+40 4.700e+32 3.766e-24 1.590e-12 9.990e-12
1.259e-04 5.031e+40 4.977e+32 3.988e-24 1.684e-12 1.058e-11
1.413e-04 4.232e+40 5.271e+32 4.224e-24 1.783e-12 1.120e-11
1.585e-04 3.560e+40 5.582e+32 4.473e-24 1.888e-12 1.186e-11
1.778e-04 2.995e+40 5.911e+32 4.737e-24 2.000e-12 1.256e-11
1.995e-04 2.519e+40 6.260e+32 5.016e-24 2.118e-12 1.331e-11
2.239e-04 2.119e+40 6.629e+32 5.312e-24 2.243e-12 1.409e-11
2.512e-04 1.782e+40 7.019e+32 5.625e-24 2.375e-12 1.492e-11
2.818e-04 1.499e+40 7.433e+32 5.957e-24 2.515e-12 1.580e-11
3.162e-04 1.261e+40 7.871e+32 6.307e-24 2.663e-12 1.673e-11
3.548e-04 1.061e+40 8.334e+32 6.679e-24 2.820e-12 1.772e-11
3.981e-04 8.921e+39 8.825e+32 7.072e-24 2.985e-12 1.876e-11
4.467e-04 7.503e+39 9.344e+32 7.488e-24 3.161e-12 1.986e-11
5.012e-04 6.310e+39 9.894e+32 7.928e-24 3.347e-12 2.103e-11
5.623e-04 5.307e+39 1.048e+33 8.394e-24 3.544e-12 2.227e-11
6.310e-04 4.463e+39 1.109e+33 8.888e-24 3.752e-12 2.357e-11
7.079e-04 3.754e+39 1.174e+33 9.409e-24 3.972e-12 2.496e-11
7.943e-04 3.157e+39 1.243e+33 9.962e-24 4.205e-12 2.642e-11
8.913e-04 2.654e+39 1.316e+33 1.055e-23 4.452e-12 2.797e-11
1.000e-03 2.232e+39 1.393e+33 1.116e-23 4.713e-12 2.961e-11
1.122e-03 1.877e+39 1.475e+33 1.182e-23 4.989e-12 3.135e-11
1.259e-03 1.578e+39 1.561e+33 1.251e-23 5.281e-12 3.318e-11
1.413e-03 1.327e+39 1.653e+33 1.324e-23 5.590e-12 3.513e-11
1.585e-03 1.116e+39 1.749e+33 1.402e-23 5.917e-12 3.718e-11
1.778e-03 9.380e+38 1.851e+33 1.484e-23 6.263e-12 3.935e-11
1.995e-03 7.885e+38 1.959e+33 1.570e-23 6.629e-12 4.165e-11
2.239e-03 6.629e+38 2.074e+33 1.662e-23 7.015e-12 4.408e-11
2.512e-03 5.572e+38 2.194e+33 1.759e-23 7.424e-12 4.665e-11
2.818e-03 4.684e+38 2.322e+33 1.861e-23 7.856e-12 4.936e-11
3.162e-03 3.937e+38 2.457e+33 1.969e-23 8.313e-12 5.223e-11
3.548e-03 3.309e+38 2.600e+33 2.083e-23 8.795e-12 5.526e-11
3.981e-03 2.781e+38 2.751e+33 2.204e-23 9.306e-12 5.847e-11
4.467e-03 2.337e+38 2.910e+33 2.332e-23 9.845e-12 6.186e-11
5.012e-03 1.963e+38 3.078e+33 2.467e-23 1.041e-11 6.543e-11
5.623e-03 1.650e+38 3.256e+33 2.609e-23 1.102e-11 6.921e-11
6.310e-03 1.386e+38 3.444e+33 2.760e-23 1.165e-11 7.321e-11
7.079e-03 1.164e+38 3.642e+33 2.919e-23 1.232e-11 7.742e-11
7.943e-03 9.781e+37 3.852e+33 3.087e-23 1.303e-11 8.187e-11
8.913e-03 8.215e+37 4.073e+33 3.264e-23 1.378e-11 8.657e-11
1.000e-02 6.899e+37 4.306e+33 3.451e-23 1.457e-11 9.153e-11
1.122e-02 5.793e+37 4.552e+33 3.648e-23 1.540e-11 9.676e-11
1.259e-02 4.864e+37 4.812e+33 3.856e-23 1.628e-11 1.023e-10
1.413e-02 4.084e+37 5.086e+33 4.075e-23 1.720e-11 1.081e-10
1.585e-02 3.428e+37 5.374e+33 4.307e-23 1.818e-11 1.142e-10
1.778e-02 2.877e+37 5.679e+33 4.551e-23 1.921e-11 1.207e-10
1.995e-02 2.414e+37 5.999e+33 4.808e-23 2.030e-11 1.275e-10
2.239e-02 2.026e+37 6.337e+33 5.078e-23 2.144e-11 1.347e-10
2.512e-02 1.699e+37 6.693e+33 5.363e-23 2.264e-11 1.423e-10
2.818e-02 1.425e+37 7.067e+33 5.663e-23 2.391e-11 1.502e-10
3.162e-02 1.195e+37 7.461e+33 5.979e-23 2.524e-11 1.586e-10
3.548e-02 1.002e+37 7.876e+33 6.311e-23 2.664e-11 1.674e-10
3.981e-02 8.402e+36 8.311e+33 6.660e-23 2.812e-11 1.767e-10
4.467e-02 7.042e+36 8.769e+33 7.027e-23 2.967e-11 1.864e-10
5.012e-02 5.900e+36 9.250e+33 7.413e-23 3.129e-11 1.966e-10
5.623e-02 4.942e+36 9.755e+33 7.817e-23 3.300e-11 2.074e-10
6.310e-02 4.139e+36 1.029e+34 8.242e-23 3.479e-11 2.186e-10
7.079e-02 3.466e+36 1.084e+34 8.687e-23 3.667e-11 2.304e-10
7.943e-02 2.901e+36 1.142e+34 9.154e-23 3.864e-11 2.428e-10
8.913e-02 2.427e+36 1.203e+34 9.643e-23 4.071e-11 2.558e-10
1.000e-01 2.030e+36 1.267e+34 1.015e-22 4.287e-11 2.694e-10
1.122e-01 1.698e+36 1.334e+34 1.069e-22 4.513e-11 2.835e-10
1.259e-01 1.419e+36 1.404e+34 1.125e-22 4.749e-11 2.984e-10
1.413e-01 1.186e+36 1.477e+34 1.183e-22 4.995e-11 3.139e-10
1.585e-01 9.903e+35 1.553e+34 1.244e-22 5.252e-11 3.300e-10
1.778e-01 8.268e+35 1.632e+34 1.308e-22 5.520e-11 3.469e-10
1.995e-01 6.899e+35 1.714e+34 1.374e-22 5.799e-11 3.644e-10
2.239e-01 5.754e+35 1.800e+34 1.442e-22 6.090e-11 3.826e-10
2.512e-01 4.797e+35 1.889e+34 1.514e-22 6.391e-11 4.016e-10
2.818e-01 3.997e+35 1.982e+34 1.588e-22 6.704e-11 4.212e-10
3.162e-01 3.328e+35 2.077e+34 1.665e-22 7.028e-11 4.416e-10
3.548e-01 2.770e+35 2.176e+34 1.744e-22 7.363e-11 4.626e-10
3.981e-01 2.304e+35 2.279e+34 1.826e-22 7.709e-11 4.844e-10
4.467e-01 1.914e+35 2.384e+34 1.911e-22 8.066e-11 5.068e-10
5.012e-01 1.590e+35 2.493e+34 1.998e-22 8.433e-11 5.299e-10
5.623e-01 1.320e+35 2.604e+34 2.087e-22 8.811e-11 5.536e-10
6.310e-01 1.094e+35 2.719e+34 2.179e-22 9.198e-11 5.779e-10
7.079e-01 9.065e+34 2.836e+34 2.272e-22 9.593e-11 6.028e-10
7.943e-01 7.504e+34 2.955e+34 2.368e-22 9.997e-11 6.281e-10
8.913e-01 6.205e+34 3.076e+34 2.465e-22 1.041e-10 6.539e-10
1.000e+00 5.126e+34 3.200e+34 2.564e-22 1.082e-10 6.801e-10
1.122e+00 4.230e+34 3.324e+34 2.664e-22 1.125e-10 7.066e-10
1.259e+00 3.487e+34 3.450e+34 2.764e-22 1.167e-10 7.333e-10
1.413e+00 2.871e+34 3.575e+34 2.865e-22 1.210e-10 7.600e-10
1.585e+00 2.361e+34 3.701e+34 2.966e-22 1.252e-10 7.867e-10
1.778e+00 1.939e+34 3.826e+34 3.066e-22 1.294e-10 8.133e-10
1.995e+00 1.590e+34 3.950e+34 3.165e-22 1.336e-10 8.396e-10
2.239e+00 1.302e+34 4.071e+34 3.263e-22 1.377e-10 8.654e-10
2.512e+00 1.064e+34 4.190e+34 3.358e-22 1.417e-10 8.906e-10
2.818e+00 8.682e+33 4.305e+34 3.449e-22 1.456e-10 9.150e-10
3.162e+00 7.073e+33 4.414e+34 3.537e-22 1.493e-10 9.383e-10
3.548e+00 5.750e+33 4.518e+34 3.621e-22 1.529e-10 9.604e-10
3.981e+00 4.666e+33 4.616e+34 3.699e-22 1.561e-10 9.811e-10
4.467e+00 3.778e+33 4.705e+34 3.770e-22 1.592e-10 1.000e-09
5.012e+00 3.052e+33 4.785e+34 3.834e-22 1.619e-10 1.017e-09
5.623e+00 2.459e+33 4.854e+34 3.890e-22 1.642e-10 1.032e-09
6.310e+00 1.977e+33 4.912e+34 3.937e-22 1.662e-10 1.044e-09
7.079e+00 1.585e+33 4.958e+34 3.973e-22 1.677e-10 1.054e-09
7.943e+00 1.267e+33 4.989e+34 3.998e-22 1.688e-10 1.061e-09
8.913e+00 1.010e+33 5.005e+34 4.011e-22 1.693e-10 1.064e-09
1.000e+01 8.019e+32 5.005e+34 4.011e-22 1.693e-10 1.064e-09
1.122e+01 6.348e+32 4.988e+34 3.997e-22 1.687e-10 1.060e-09
1.259e+01 5.006e+32 4.952e+34 3.968e-22 1.675e-10 1.053e-09
1.413e+01 3.932e+32 4.897e+34 3.924e-22 1.657e-10 1.041e-09
1.585e+01 3.076e+32 4.823e+34 3.865e-22 1.632e-10 1.025e-09
1.778e+01 2.396e+32 4.728e+34 3.789e-22 1.600e-10 1.005e-09
1.995e+01 1.857e+32 4.613e+34 3.697e-22 1.561e-10 9.806e-10
2.239e+01 1.432e+32 4.478e+34 3.589e-22 1.515e-10 9.519e-10
2.512e+01 1.098e+32 4.323e+34 3.465e-22 1.463e-10 9.190e-10
2.818e+01 8.369e+31 4.149e+34 3.325e-22 1.404e-10 8.820e-10
3.162e+01 6.340e+31 3.957e+34 3.171e-22 1.339e-10 8.412e-10
3.548e+01 4.770e+31 3.748e+34 3.004e-22 1.268e-10 7.968e-10
3.981e+01 3.563e+31 3.525e+34 2.825e-22 1.192e-10 7.492e-10
4.467e+01 2.640e+31 3.288e+34 2.635e-22 1.112e-10 6.989e-10
5.012e+01 1.940e+31 3.041e+34 2.437e-22 1.029e-10 6.465e-10
5.623e+01 1.412e+31 2.787e+34 2.233e-22 9.428e-11 5.924e-10
6.310e+01 1.017e+31 2.528e+34 2.026e-22 8.553e-11 5.374e-10
7.079e+01 7.251e+30 2.268e+34 1.818e-22 7.673e-11 4.821e-10
7.943e+01 5.106e+30 2.011e+34 1.611e-22 6.802e-11 4.274e-10
8.913e+01 3.548e+30 1.759e+34 1.410e-22 5.951e-11 3.739e-10
1.000e+02 2.430e+30 1.517e+34 1.216e-22 5.132e-11 3.224e-10
1.122e+02 1.638e+30 1.287e+34 1.032e-22 4.355e-11 2.736e-10
1.259e+02 1.085e+30 1.074e+34 8.603e-23 3.632e-11 2.282e-10
1.413e+02 7.050e+29 8.780e+33 7.036e-23 2.970e-11 1.866e-10
1.585e+02 4.480e+29 7.024e+33 5.629e-23 2.376e-11 1.493e-10
1.778e+02 2.777e+29 5.482e+33 4.393e-23 1.855e-11 1.165e-10
1.995e+02 1.674e+29 4.160e+33 3.334e-23 1.407e-11 8.843e-11
2.239e+02 9.774e+28 3.058e+33 2.450e-23 1.034e-11 6.499e-11
2.512e+02 5.497e+28 2.165e+33 1.735e-23 7.323e-12 4.601e-11
2.818e+02 2.952e+28 1.463e+33 1.173e-23 4.951e-12 3.111e-11
3.162e+02 1.489e+28 9.297e+32 7.450e-24 3.145e-12 1.976e-11
3.548e+02 6.819e+27 5.358e+32 4.294e-24 1.813e-12 1.139e-11
3.981e+02 2.590e+27 2.562e+32 2.053e-24 8.667e-13 5.446e-12
4.467e+02 6.019e+26 7.495e+31 6.006e-25 2.536e-13 1.593e-12
5.012e+02 7.796e+22 1.222e+28 9.794e-29 4.135e-17 2.598e-16
5.623e+02 0.000e+00 0.000e+00 0.000e+00 0.000e+00 0.000e+00
6.310e+02 0.000e+00 0.000e+00 0.000e+00 0.000e+00 0.000e+00
7.079e+02 0.000e+00 0.000e+00 0.000e+00 0.000e+00 0.000e+00
7.943e+02 0.000e+00 0.000e+00 0.000e+00 0.000e+00 0.000e+00
8.913e+02 0.000e+00 0.000e+00 0.000e+00 0.000e+00 0.000e+00
1.000e+03 0.000e+00 0.000e+00 0.000e+00 0.000e+00 0.000e+00
1.122e+03 0.000e+00 0.000e+00 0.000e+00 0.000e+00 0.000e+00
1.259e+03 0.000e+00 0.000e+00 0.000e+00 0.000e+00 0.000e+00
1.413e+03 0.000e+00 0.000e+00 0.000e+00 0.000e+00 0.000e+00
1.585e+03 0.000e+00 0.000e+00 0.000e+00 0.000e+00 0.000e+00
1.778e+03 0.000e+00 0.000e+00 0.000e+00 0.000e+00 0.000e+00
1.995e+03 0.000e+00 0.000e+00 0.000e+00 0.000e+00 0.000e+00
2.239e+03 0.000e+00 0.000e+00 0.000e+00 0.000e+00 0.000e+00
2.512e+03 0.000e+00 0.000e+00 0.000e+00 0.000e+00 0.000e+00
2.818e+03 0.000e+00 0.000e+00 0.000e+00 0.000e+00 0.000e+00
3.162e+03 0.000e+00 0.000e+00 0.000e+00 0.000e+00 0.000e+00
3.548e+03 0.000e+00 0.000e+00 0.000e+00 0.000e+00 0.000e+00
3.981e+03 0.000e+00 0.000e+00 0.000e+00 0.000e+00 0.000e+00
4.467e+03 0.000e+00 0.000e+00 0.000e+00 0.000e+00 0.000e+00
5.012e+03 0.000e+00 0.000e+00 0.000e+00 0.000e+00 0.000e+00
5.623e+03 0.000e+00 0.000e+00 0.000e+00 0.000e+00 0.000e+00
6.310e+03 0.000e+00 0.000e+00 0.000e+00 0.000e+00 0.000e+00
7.079e+03 0.000e+00 0.000e+00 0.000e+00 0.000e+00 0.000e+00
7.943e+03 0.000e+00 0.000e+00 0.000e+00 0.000e+00 0.000e+00
8.913e+03 0.000e+00 0.000e+00 0.000e+00 0.000e+00 0.000e+00
1.000e+04 0.000e+00 0.000e+00 0.000e+00 0.000e+00 0.000e+00
1.122e+04 0.000e+00 0.000e+00 0.000e+00 0.000e+00 0.000e+00
1.259e+04 0.000e+00 0.000e+00 0.000e+00 0.000e+00 0.000e+00
1.413e+04 0.000e+00 0.000e+00 0.000e+00 0.000e+00 0.000e+00
1.585e+04 0.000e+00 0.000e+00 0.000e+00 0.000e+00 0.000e+00
1.778e+04 0.000e+00 0.000e+00 0.000e+00 0.000e+00 0.000e+00
1.995e+04 0.000e+00 0.000e+00 0.000e+00 0.000e+00 0.000e+00
2.239e+04 0.000e+00 0.000e+00 0.000e+00 0.000e+00 0.000e+00
2.512e+04 0.000e+00 0.000e+00 0.000e+00 0.000e+00 0.000e+00
2.818e+04 0.000e+00 0.000e+00 0.000e+00 0.000e+00 0.000e+00
3.162e+04 0.000e+00 0.000e+00 0.000e+00 0.000e+00 0.000e+00
3.548e+04 0.000e+00 0.000e+00 0.000e+00 0.000e+00 0.000e+00
3.981e+04 0.000e+00 0.000e+00 0.000e+00 0.000e+00 0.000e+00
4.467e+04 0.000e+00 0.000e+00 0.000e+00 0.000e+00 0.000e+00
5.012e+04 0.000e+00 0.000e+00 0.000e+00 0.000e+00 0.000e+00
5.623e+04 0.000e+00 0.000e+00 0.000e+00 0.000e+00 0.000e+00
6.310e+04 0.000e+00 0.000e+00 0.000e+00 0.000e+00 0.000e+00
7.079e+04 0.000e+00 0.000e+00 0.000e+00 0.000e+00 0.000e+00
7.943e+04 0.000e+00 0.000e+00 0.000e+00 0.000e+00 0.000e+00
8.913e+04 0.000e+00 0.000e+00 0.000e+00 0.000e+00 0.000e+00
1.000e+05 0.000e+00 0.000e+00 0.000e+00 0.000e+00 0.000e+00
1.122e+05 0.000e+00 0.000e+00 0.000e+00 0.000e+00 0.000e+00
1.259e+05 0.000e+00 0.000e+00 0.000e+00 0.000e+00 0.000e+00
1.413e+05 0.000e+00 0.000e+00 0.000e+00 0.000e+00 0.000e+00
1.585e+05 0.000e+00 0.000e+00 0.000e+00 0.000e+00 0.000e+00
1.778e+05 0.000e+00 0.000e+00 0.000e+00 0.000e+00 0.000e+00
1.995e+05 0.000e+00 0.000e+00 0.000e+00 0.000e+00 0.000e+00
2.239e+05 0.000e+00 0.000e+00 0.000e+00 0.000e+00 0.000e+00
2.512e+05 0.000e+00 0.000e+00 0.000e+00 0.000e+00 0.000e+00
2.818e+05 0.000e+00 0.000e+00 0.000e+00 0.000e+00 0.000e+00
3.162e+05 0.000e+00 0.000e+00 0.000e+00 0.000e+00 0.000e+00
3.548e+05 0.000e+00 0.000e+00 0.000e+00 0.000e+00 0.000e+00
3.981e+05 0.000e+00 0.000e+00 0.000e+00 0.000e+00 0.000e+00
4.467e+05 0.000e+00 0.000e+00 0.000e+00 0.000e+00 0.000e+00
5.012e+05 0.000e+00 0.000e+00 0.000e+00 0.000e+00 0.000e+00
5.623e+05 0.000e+00 0.000e+00 0.000e+00 0.000e+00 0.000e+00
6.310e+05 0.000e+00 0.000e+00 0.000e+00 0.000e+00 0.000e+00
7.079e+05 0.000e+00 0.000e+00 0.000e+00 0.000e+00 0.000e+00
7.943e+05 0.000e+00 0.000e+00 0.000e+00 0.000e+00 0.000e+00
8.913e+05 0.000e+00 0.000e+00 0.000e+00 0.000e+00 0.000e+00
1.000e+06 0.000e+00 0.000e+00 0.000e+00 0.000e+00 0.000e+00
1.122e+06 0.000e+00 0.000e+00 0.000e+00 0.000e+00 0.000e+00
1.259e+06 0.000e+00 0.000e+00 0.000e+00 0.000e+00 0.000e+00
1.413e+06 0.000e+00 0.000e+00 0.000e+00 0.000e+00 0.000e+00
1.585e+06 0.000e+00 0.000e+00 0.000e+00 0.000e+00 0.000e+00
1.778e+06 0.000e+00 0.000e+00 0.000e+00 0.000e+00 0.000e+00
1.995e+06 0.000e+00 0.000e+00 0.000e+00 0.000e+00 0.000e+00
2.239e+06 0.000e+00 0.000e+00 0.000e+00 0.000e+00 0.000e+00
2.512e+06 0.000e+00 0.000e+00 0.000e+00 0.000e+00 0.000e+00
2.818e+06 0.000e+00 0.000e+00 0.000e+00 0.000e+00 0.000e+00
3.162e+06 0.000e+00 0.000e+00 0.000e+00 0.000e+00 0.000e+00
3.548e+06 0.000e+00 0.000e+00 0.000e+00 0.000e+00 0.000e+00
3.981e+06 0.000e+00 0.000e+00 0.000e+00 0.000e+00 0.000e+00
4.467e+06 0.000e+00 0.000e+00 0.000e+00 0.000e+00 0.000e+00
5.012e+06 0.000e+00 0.000e+00 0.000e+00 0.000e+00 0.000e+00
5.623e+06 0.000e+00 0.000e+00 0.000e+00 0.000e+00 0.000e+00
6.310e+06 0.000e+00 0.000e+00 0.000e+00 0.000e+00 0.000e+00
7.079e+06 0.000e+00 0.000e+00 0.000e+00 0.000e+00 0.000e+00
7.943e+06 0.000e+00 0.000e+00 0.000e+00 0.000e+00 0.000e+00
8.913e+06 0.000e+00 0.000e+00 0.000e+00 0.000e+00 0.000e+00
1.000e+07 0.000e+00 0.000e+00 0.000e+00 0.000e+00 0.000e+00
1.122e+07 0.000e+00 0.000e+00 0.000e+00 0.000e+00 0.000e+00
1.259e+07 0.000e+00 0.000e+00 0.000e+00 0.000e+00 0.000e+00
1.413e+07 0.000e+00 0.000e+00 0.000e+00 0.000e+00 0.000e+00
1.585e+07 0.000e+00 0.000e+00 0.000e+00 0.000e+00 0.000e+00
1.778e+07 0.000e+00 0.000e+00 0.000e+00 0.000e+00 0.000e+00
1.995e+07 0.000e+00 0.000e+00 0.000e+00 0.000e+00 0.000e+00
2.239e+07 0.000e+00 0.000e+00 0.000e+00 0.000e+00 0.000e+00
2.512e+07 0.000e+00 0.000e+00 0.000e+00 0.000e+00 0.000e+00
2.818e+07 0.000e+00 0.000e+00 0.000e+00 0.000e+00 0.000e+00
3.162e+07 0.000e+00 0.000e+00 0.000e+00 0.000e+00 0.000e+00
3.548e+07 0.000e+00 0.000e+00 0.000e+00 0.000e+00 0.000e+00
3.981e+07 0.000e+00 0.000e+00 0.000e+00 0.000e+00 0.000e+00
4.467e+07 0.000e+00 0.000e+00 0.000e+00 0.000e+00 0.000e+00
5.012e+07 0.000e+00 0.000e+00 0.000e+00 0.000e+00 0.000e+00
5.623e+07 0.000e+00 0.000e+00 0.000e+00 0.000e+00 0.000e+00
6.310e+07 0.000e+00 0.000e+00 0.000e+00 0.000e+00 0.000e+00
7.079e+07 0.000e+00 0.000e+00 0.000e+00 0.000e+00 0.000e+00
7.943e+07 0.000e+00 0.000e+00 0.000e+00 0.000e+00 0.000e+00
8.913e+07 0.000e+00 0.000e+00 0.000e+00 0.000e+00 0.000e+00
1.000e+08 0.000e+00 0.000e+00 0.000e+00 0.000e+00 0.000e+00
