1.000e-20 0.000e+00 0.000e+00 0.000e+00 0.000e+00 0.000e+00
1.122e-20 0.000e+00 0.000e+00 0.000e+00 0.000e+00 0.000e+00
1.259e-20 0.000e+00 0.000e+00 0.000e+00 0.000e+00 0.000e+00
1.413e-20 0.000e+00 0.000e+00 0.000e+00 0.000e+00 0.000e+00
1.585e-20 0.000e+00 0.000e+00 0.000e+00 0.000e+00 0.000e+00
1.778e-20 0.000e+00 0.000e+00 0.000e+00 0.000e+00 0.000e+00
1.995e-20 0.000e+00 0.000e+00 0.000e+00 0.000e+00 0.000e+00
2.239e-20 0.000e+00 0.000e+00 0.000e+00 0.000e+00 0.000e+00
2.512e-20 0.000e+00 0.000e+00 0.000e+00 0.000e+00 0.000e+00
2.818e-20 0.000e+00 0.000e+00 0.000e+00 0.000e+00 0.000e+00
3.162e-20 0.000e+00 0.000e+00 0.000e+00 0.000e+00 0.000e+00
3.548e-20 0.000e+00 0.000e+00 0.000e+00 0.000e+00 0.000e+00
3.981e-20 0.000e+00 0.000e+00 0.000e+00 0.000e+00 0.000e+00
4.467e-20 0.000e+00 0.000e+00 0.000e+00 0.000e+00 0.000e+00
5.012e-20 0.000e+00 0.000e+00 0.000e+00 0.000e+00 0.000e+00
5.623e-20 0.000e+00 0.000e+00 0.000e+00 0.000e+00 0.000e+00
6.310e-20 0.000e+00 0.000e+00 0.000e+00 0.000e+00 0.000e+00
7.079e-20 0.000e+00 0.000e+00 0.000e+00 0.000e+00 0.000e+00
7.943e-20 0.000e+00 0.000e+00 0.000e+00 0.000e+00 0.000e+00
8.913e-20 0.000e+00 0.000e+00 0.000e+00 0.000e+00 0.000e+00
1.000e-19 0.000e+00 0.000e+00 0.000e+00 0.000e+00 0.000e+00
1.122e-19 0.000e+00 0.000e+00 0.000e+00 0.000e+00 0.000e+00
1.259e-19 0.000e+00 0.000e+00 0.000e+00 0.000e+00 0.000e+00
1.413e-19 0.000e+00 0.000e+00 0.000e+00 0.000e+00 0.000e+00
1.585e-19 0.000e+00 0.000e+00 0.000e+00 0.000e+00 0.000e+00
1.778e-19 0.000e+00 0.000e+00 0.000e+00 0.000e+00 0.000e+00
1.995e-19 0.000e+00 0.000e+00 0.000e+00 0.000e+00 0.000e+00
2.239e-19 0.000e+00 0.000e+00 0.000e+00 0.000e+00 0.000e+00
2.512e-19 0.000e+00 0.000e+00 0.000e+00 0.000e+00 0.000e+00
2.818e-19 0.000e+00 0.000e+00 0.000e+00 0.000e+00 0.000e+00
3.162e-19 0.000e+00 0.000e+00 0.000e+00 0.000e+00 0.000e+00
3.548e-19 0.000e+00 0.000e+00 0.000e+00 0.000e+00 0.000e+00
3.981e-19 0.000e+00 0.000e+00 0.000e+00 0.000e+00 0.000e+00
4.467e-19 0.000e+00 0.000e+00 0.000e+00 0.000e+00 0.000e+00
5.012e-19 0.000e+00 0.000e+00 0.000e+00 0.000e+00 0.000e+00
5.623e-19 0.000e+00 0.000e+00 0.000e+00 0.000e+00 0.000e+00
6.310e-19 0.000e+00 0.000e+00 0.000e+00 0.000e+00 0.000e+00
7.079e-19 0.000e+00 0.000e+00 0.000e+00 0.000e+00 0.000e+00
7.943e-19 0.000e+00 0.000e+00 0.000e+00 0.000e+00 0.000e+00
8.913e-19 0.000e+00 0.000e+00 0.000e+00 0.000e+00 0.000e+00
1.000e-18 0.000e+00 0.000e+00 0.000e+00 0.000e+00 0.000e+00
1.122e-18 0.000e+00 0.000e+00 0.000e+00 0.000e+00 0.000e+00
1.259e-18 0.000e+00 0.000e+00 0.000e+00 0.000e+00 0.000e+00
1.413e-18 0.000e+00 0.000e+00 0.000e+00 0.000e+00 0.000e+00
1.585e-18 0.000e+00 0.000e+00 0.000e+00 0.000e+00 0.000e+00
1.778e-18 0.000e+00 0.000e+00 0.000e+00 0.000e+00 0.000e+00
1.995e-18 0.000e+00 0.000e+00 0.000e+00 0.000e+00 0.000e+00
2.239e-18 0.000e+00 0.000e+00 0.000e+00 0.000e+00 0.000e+00
2.512e-18 0.000e+00 0.000e+00 0.000e+00 0.000e+00 0.000e+00
2.818e-18 0.000e+00 0.000e+00 0.000e+00 0.000e+00 0.000e+00
3.162e-18 0.000e+00 0.000e+00 0.000e+00 0.000e+00 0.000e+00
3.548e-18 0.000e+00 0.000e+00 0.000e+00 0.000e+00 0.000e+00
3.981e-18 0.000e+00 0.000e+00 0.000e+00 0.000e+00 0.000e+00
4.467e-18 0.000e+00 0.000e+00 0.000e+00 0.000e+00 0.000e+00
5.012e-18 0.000e+00 0.000e+00 0.000e+00 0.000e+00 0.000e+00
5.623e-18 0.000e+00 0.000e+00 0.000e+00 0.000e+00 0.000e+00
6.310e-18 0.000e+00 0.000e+00 0.000e+00 0.000e+00 0.000e+00
7.079e-18 0.000e+00 0.000e+00 0.000e+00 0.000e+00 0.000e+00
7.943e-18 0.000e+00 0.000e+00 0.000e+00 0.000e+00 0.000e+00
8.913e-18 0.000e+00 0.000e+00 0.000e+00 0.000e+00 0.000e+00
1.000e-17 0.000e+00 0.000e+00 0.000e+00 0.000e+00 0.000e+00
1.122e-17 0.000e+00 0.000e+00 0.000e+00 0.000e+00 0.000e+00
1.259e-17 0.000e+00 0.000e+00 0.000e+00 0.000e+00 0.000e+00
1.413e-17 0.000e+00 0.000e+00 0.000e+00 0.000e+00 0.000e+00
1.585e-17 0.000e+00 0.000e+00 0.000e+00 0.000e+00 0.000e+00
1.778e-17 0.000e+00 0.000e+00 0.000e+00 0.000e+00 0.000e+00
1.995e-17 0.000e+00 0.000e+00 0.000e+00 0.000e+00 0.000e+00
2.239e-17 0.000e+00 0.000e+00 0.000e+00 0.000e+00 0.000e+00
2.512e-17 0.000e+00 0.000e+00 0.000e+00 0.000e+00 0.000e+00
2.818e-17 0.000e+00 0.000e+00 0.000e+00 0.000e+00 0.000e+00
3.162e-17 0.000e+00 0.000e+00 0.000e+00 0.000e+00 0.000e+00
3.548e-17 0.000e+00 0.000e+00 0.000e+00 0.000e+00 0.000e+00
3.981e-17 0.000e+00 0.000e+00 0.000e+00 0.000e+00 0.000e+00
4.467e-17 0.000e+00 0.000e+00 0.000e+00 0.000e+00 0.000e+00
5.012e-17 0.000e+00 0.000e+00 0.000e+00 0.000e+00 0.000e+00
5.623e-17 0.000e+00 0.000e+00 0.000e+00 0.000e+00 0.000e+00
6.310e-17 0.000e+00 0.000e+00 0.000e+00 0.000e+00 0.000e+00
7.079e-17 0.000e+00 0.000e+00 0.000e+00 0.000e+00 0.000e+00
7.943e-17 0.000e+00 0.000e+00 0.000e+00 0.000e+00 0.000e+00
8.913e-17 0.000e+00 0.000e+00 0.000e+00 0.000e+00 0.000e+00
1.000e-16 0.000e+00 0.000e+00 0.000e+00 0.000e+00 0.000e+00
1.122e-16 0.000e+00 0.000e+00 0.000e+00 0.000e+00 0.000e+00
1.259e-16 0.000e+00 0.000e+00 0.000e+00 0.000e+00 0.000e+00
1.413e-16 0.000e+00 0.000e+00 0.000e+00 0.000e+00 0.000e+00
1.585e-16 0.000e+00 0.000e+00 0.000e+00 0.000e+00 0.000e+00
1.778e-16 0.000e+00 0.000e+00 0.000e+00 0.000e+00 0.000e+00
1.995e-16 0.000e+00 0.000e+00 0.000e+00 0.000e+00 0.000e+00
2.239e-16 0.000e+00 0.000e+00 0.000e+00 0.000e+00 0.000e+00
2.512e-16 0.000e+00 0.000e+00 0.000e+00 0.000e+00 0.000e+00
2.818e-16 0.000e+00 0.000e+00 0.000e+00 0.000e+00 0.000e+00
3.162e-16 0.000e+00 0.000e+00 0.000e+00 0.000e+00 0.000e+00
3.548e-16 0.000e+00 0.000e+00 0.000e+00 0.000e+00 0.000e+00
3.981e-16 0.000e+00 0.000e+00 0.000e+00 0.000e+00 0.000e+00
4.467e-16 0.000e+00 0.000e+00 0.000e+00 0.000e+00 0.000e+00
5.012e-16 0.000e+00 0.000e+00 0.000e+00 0.000e+00 0.000e+00
5.623e-16 0.000e+00 0.000e+00 0.000e+00 0.000e+00 0.000e+00
6.310e-16 0.000e+00 0.000e+00 0.000e+00 0.000e+00 0.000e+00
7.079e-16 0.000e+00 0.000e+00 0.000e+00 0.000e+00 0.000e+00
7.943e-16 0.000e+00 0.000e+00 0.000e+00 0.000e+00 0.000e+00
8.913e-16 0.000e+00 0.000e+00 0.000e+00 0.000e+00 0.000e+00
1.000e-15 0.000e+00 0.000e+00 0.000e+00 0.000e+00 0.000e+00
1.122e-15 0.000e+00 0.000e+00 0.000e+00 0.000e+00 0.000e+00
1.259e-15 0.000e+00 0.000e+00 0.000e+00 0.000e+00 0.000e+00
1.413e-15 0.000e+00 0.000e+00 0.000e+00 0.000e+00 0.000e+00
1.585e-15 0.000e+00 0.000e+00 0.000e+00 0.000e+00 0.000e+00
1.778e-15 0.000e+00 0.000e+00 0.000e+00 0.000e+00 0.000e+00
1.995e-15 0.000e+00 0.000e+00 0.000e+00 0.000e+00 0.000e+00
2.239e-15 0.000e+00 0.000e+00 0.000e+00 0.000e+00 0.000e+00
2.512e-15 0.000e+00 0.000e+00 0.000e+00 0.000e+00 0.000e+00
2.818e-15 0.000e+00 0.000e+00 0.000e+00 0.000e+00 0.000e+00
3.162e-15 0.000e+00 0.000e+00 0.000e+00 0.000e+00 0.000e+00
3.548e-15 0.000e+00 0.000e+00 0.000e+00 0.000e+00 0.000e+00
3.981e-15 0.000e+00 0.000e+00 0.000e+00 0.000e+00 0.000e+00
4.467e-15 0.000e+00 0.000e+00 0.000e+00 0.000e+00 0.000e+00
5.012e-15 0.000e+00 0.000e+00 0.000e+00 0.000e+00 0.000e+00
5.623e-15 0.000e+00 0.000e+00 0.000e+00 0.000e+00 0.000e+00
6.310e-15 0.000e+00 0.000e+00 0.000e+00 0.000e+00 0.000e+00
7.079e-15 0.000e+00 0.000e+00 0.000e+00 0.000e+00 0.000e+00
7.943e-15 0.000e+00 0.000e+00 0.000e+00 0.000e+00 0.000e+00
8.913e-15 0.000e+00 0.000e+00 0.000e+00 0.000e+00 0.000e+00
1.000e-14 0.000e+00 0.000e+00 0.000e+00 0.000e+00 0.000e+00
1.122e-14 0.000e+00 0.000e+00 0.000e+00 0.000e+00 0.000e+00
1.259e-14 0.000e+00 0.000e+00 0.000e+00 0.000e+00 0.000e+00
1.413e-14 0.000e+00 0.000e+00 0.000e+00 0.000e+00 0.000e+00
1.585e-14 0.000e+00 0.000e+00 0.000e+00 0.000e+00 0.000e+00
1.778e-14 0.000e+00 0.000e+00 0.000e+00 0.000e+00 0.000e+00
1.995e-14 0.000e+00 0.000e+00 0.000e+00 0.000e+00 0.000e+00
2.239e-14 0.000e+00 0.000e+00 0.000e+00 0.000e+00 0.000e+00
2.512e-14 0.000e+00 0.000e+00 0.000e+00 0.000e+00 0.000e+00
2.818e-14 0.000e+00 0.000e+00 0.000e+00 0.000e+00 0.000e+00
3.162e-14 0.000e+00 0.000e+00 0.000e+00 0.000e+00 0.000e+00
3.548e-14 0.000e+00 0.000e+00 0.000e+00 0.000e+00 0.000e+00
3.981e-14 0.000e+00 0.000e+00 0.000e+00 0.000e+00 0.000e+00
4.467e-14 0.000e+00 0.000e+00 0.000e+00 0.000e+00 0.000e+00
5.012e-14 0.000e+00 0.000e+00 0.000e+00 0.000e+00 0.000e+00
5.623e-14 0.000e+00 0.000e+00 0.000e+00 0.000e+00 0.000e+00
6.310e-14 0.000e+00 0.000e+00 0.000e+00 0.000e+00 0.000e+00
7.079e-14 0.000e+00 0.000e+00 0.000e+00 0.000e+00 0.000e+00
7.943e-14 0.000e+00 0.000e+00 0.000e+00 0.000e+00 0.000e+00
8.913e-14 0.000e+00 0.000e+00 0.000e+00 0.000e+00 0.000e+00
1.000e-13 0.000e+00 0.000e+00 0.000e+00 0.000e+00 0.000e+00
1.122e-13 0.000e+00 0.000e+00 0.000e+00 0.000e+00 0.000e+00
1.259e-13 0.000e+00 0.000e+00 0.000e+00 0.000e+00 0.000e+00
1.413e-13 0.000e+00 0.000e+00 0.000e+00 0.000e+00 0.000e+00
1.585e-13 0.000e+00 0.000e+00 0.000e+00 0.000e+00 0.000e+00
1.778e-13 0.000e+00 0.000e+00 0.000e+00 0.000e+00 0.000e+00
1.995e-13 0.000e+00 0.000e+00 0.000e+00 0.000e+00 0.000e+00
2.239e-13 0.000e+00 0.000e+00 0.000e+00 0.000e+00 0.000e+00
2.512e-13 0.000e+00 0.000e+00 0.000e+00 0.000e+00 0.000e+00
2.818e-13 0.000e+00 0.000e+00 0.000e+00 0.000e+00 0.000e+00
3.162e-13 0.000e+00 0.000e+00 0.000e+00 0.000e+00 0.000e+00
3.548e-13 0.000e+00 0.000e+00 0.000e+00 0.000e+00 0.000e+00
3.981e-13 0.000e+00 0.000e+00 0.000e+00 0.000e+00 0.000e+00
4.467e-13 0.000e+00 0.000e+00 0.000e+00 0.000e+00 0.000e+00
5.012e-13 0.000e+00 0.000e+00 0.000e+00 0.000e+00 0.000e+00
5.623e-13 0.000e+00 0.000e+00 0.000e+00 0.000e+00 0.000e+00
6.310e-13 0.000e+00 0.000e+00 0.000e+00 0.000e+00 0.000e+00
7.079e-13 0.000e+00 0.000e+00 0.000e+00 0.000e+00 0.000e+00
7.943e-13 0.000e+00 0.000e+00 0.000e+00 0.000e+00 0.000e+00
8.913e-13 0.000e+00 0.000e+00 0.000e+00 0.000e+00 0.000e+00
1.000e-12 0.000e+00 0.000e+00 0.000e+00 0.000e+00 0.000e+00
1.122e-12 6.002e+51 4.716e+27 3.780e-29 1.596e-17 1.003e-16
1.259e-12 5.050e+51 4.996e+27 4.004e-29 1.690e-17 1.062e-16
1.413e-12 4.249e+51 5.292e+27 4.241e-29 1.790e-17 1.125e-16
1.585e-12 3.575e+51 5.605e+27 4.492e-29 1.896e-17 1.192e-16
1.778e-12 3.008e+51 5.938e+27 4.758e-29 2.009e-17 1.262e-16
1.995e-12 2.531e+51 6.289e+27 5.040e-29 2.128e-17 1.337e-16
2.239e-12 2.130e+51 6.662e+27 5.339e-29 2.254e-17 1.416e-16
2.512e-12 1.792e+51 7.057e+27 5.655e-29 2.387e-17 1.500e-16
2.818e-12 1.508e+51 7.475e+27 5.990e-29 2.529e-17 1.589e-16
3.162e-12 1.269e+51 7.918e+27 6.345e-29 2.679e-17 1.683e-16
3.548e-12 1.067e+51 8.387e+27 6.721e-29 2.837e-17 1.783e-16
3.981e-12 8.981e+50 8.884e+27 7.119e-29 3.006e-17 1.888e-16
4.467e-12 7.557e+50 9.411e+27 7.541e-29 3.184e-17 2.000e-16
5.012e-12 6.358e+50 9.968e+27 7.988e-29 3.372e-17 2.119e-16
5.623e-12 5.350e+50 1.056e+28 8.461e-29 3.572e-17 2.244e-16
6.310e-12 4.501e+50 1.118e+28 8.963e-29 3.784e-17 2.377e-16
7.079e-12 3.787e+50 1.185e+28 9.494e-29 4.008e-17 2.518e-16
7.943e-12 3.187e+50 1.255e+28 1.006e-28 4.245e-17 2.667e-16
8.913e-12 2.681e+50 1.329e+28 1.065e-28 4.497e-17 2.826e-16
1.000e-11 2.256e+50 1.408e+28 1.128e-28 4.763e-17 2.993e-16
1.122e-11 1.898e+50 1.491e+28 1.195e-28 5.046e-17 3.170e-16
1.259e-11 1.597e+50 1.580e+28 1.266e-28 5.345e-17 3.358e-16
1.413e-11 1.344e+50 1.673e+28 1.341e-28 5.661e-17 3.557e-16
1.585e-11 1.131e+50 1.773e+28 1.420e-28 5.997e-17 3.768e-16
1.778e-11 9.513e+49 1.878e+28 1.505e-28 6.352e-17 3.991e-16
1.995e-11 8.004e+49 1.989e+28 1.594e-28 6.729e-17 4.228e-16
2.239e-11 6.735e+49 2.107e+28 1.688e-28 7.127e-17 4.478e-16
2.512e-11 5.667e+49 2.232e+28 1.788e-28 7.550e-17 4.744e-16
2.818e-11 4.768e+49 2.364e+28 1.894e-28 7.997e-17 5.025e-16
3.162e-11 4.012e+49 2.504e+28 2.007e-28 8.471e-17 5.322e-16
3.548e-11 3.375e+49 2.652e+28 2.125e-28 8.973e-17 5.638e-16
3.981e-11 2.840e+49 2.809e+28 2.251e-28 9.504e-17 5.972e-16
4.467e-11 2.390e+49 2.976e+28 2.385e-28 1.007e-16 6.326e-16
5.012e-11 2.011e+49 3.152e+28 2.526e-28 1.066e-16 6.700e-16
5.623e-11 1.692e+49 3.339e+28 2.676e-28 1.130e-16 7.097e-16
6.310e-11 1.423e+49 3.537e+28 2.834e-28 1.197e-16 7.518e-16
7.079e-11 1.198e+49 3.746e+28 3.002e-28 1.267e-16 7.963e-16
7.943e-11 1.008e+49 3.968e+28 3.180e-28 1.343e-16 8.435e-16
8.913e-11 8.479e+48 4.204e+28 3.369e-28 1.422e-16 8.935e-16
1.000e-10 7.134e+48 4.453e+28 3.568e-28 1.506e-16 9.465e-16
1.122e-10 6.002e+48 4.716e+28 3.780e-28 1.596e-16 1.003e-15
1.259e-10 5.050e+48 4.996e+28 4.003e-28 1.690e-16 1.062e-15
1.413e-10 4.249e+48 5.292e+28 4.241e-28 1.790e-16 1.125e-15
1.585e-10 3.575e+48 5.605e+28 4.492e-28 1.896e-16 1.192e-15
1.778e-10 3.008e+48 5.938e+28 4.758e-28 2.009e-16 1.262e-15
1.995e-10 2.531e+48 6.289e+28 5.040e-28 2.128e-16 1.337e-15
2.239e-10 2.130e+48 6.662e+28 5.339e-28 2.254e-16 1.416e-15
2.512e-10 1.792e+48 7.057e+28 5.655e-28 2.387e-16 1.500e-15
2.818e-10 1.508e+48 7.475e+28 5.990e-28 2.529e-16 1.589e-15
3.162e-10 1.269e+48 7.918e+28 6.345e-28 2.679e-16 1.683e-15
3.548e-10 1.067e+48 8.387e+28 6.721e-28 2.837e-16 1.783e-15
3.981e-10 8.981e+47 8.884e+28 7.119e-28 3.006e-16 1.888e-15
4.467e-10 7.557e+47 9.410e+28 7.541e-28 3.184e-16 2.000e-15
5.012e-10 6.358e+47 9.968e+28 7.988e-28 3.372e-16 2.119e-15
5.623e-10 5.350e+47 1.056e+29 8.461e-28 3.572e-16 2.244e-15
6.310e-10 4.501e+47 1.118e+29 8.963e-28 3.784e-16 2.377e-15
7.079e-10 3.787e+47 1.185e+29 9.494e-28 4.008e-16 2.518e-15
7.943e-10 3.187e+47 1.255e+29 1.006e-27 4.245e-16 2.667e-15
8.913e-10 2.681e+47 1.329e+29 1.065e-27 4.497e-16 2.826e-15
1.000e-09 2.256e+47 1.408e+29 1.128e-27 4.763e-16 2.993e-15
1.122e-09 1.898e+47 1.491e+29 1.195e-27 5.046e-16 3.170e-15
1.259e-09 1.597e+47 1.580e+29 1.266e-27 5.345e-16 3.358e-15
1.413e-09 1.344e+47 1.673e+29 1.341e-27 5.661e-16 3.557e-15
1.585e-09 1.131e+47 1.773e+29 1.420e-27 5.997e-16 3.768e-15
1.778e-09 9.513e+46 1.878e+29 1.505e-27 6.352e-16 3.991e-15
1.995e-09 8.004e+46 1.989e+29 1.594e-27 6.728e-16 4.228e-15
2.239e-09 6.735e+46 2.107e+29 1.688e-27 7.127e-16 4.478e-15
2.512e-09 5.667e+46 2.232e+29 1.788e-27 7.549e-16 4.743e-15
2.818e-09 4.768e+46 2.364e+29 1.894e-27 7.997e-16 5.025e-15
3.162e-09 4.012e+46 2.504e+29 2.006e-27 8.471e-16 5.322e-15
3.548e-09 3.375e+46 2.652e+29 2.125e-27 8.972e-16 5.638e-15
3.981e-09 2.840e+46 2.809e+29 2.251e-27 9.504e-16 5.972e-15
4.467e-09 2.390e+46 2.976e+29 2.385e-27 1.007e-15 6.325e-15
5.012e-09 2.011e+46 3.152e+29 2.526e-27 1.066e-15 6.700e-15
5.623e-09 1.692e+46 3.339e+29 2.676e-27 1.130e-15 7.097e-15
6.310e-09 1.423e+46 3.537e+29 2.834e-27 1.196e-15 7.518e-15
7.079e-09 1.198e+46 3.746e+29 3.002e-27 1.267e-15 7.963e-15
7.943e-09 1.008e+46 3.968e+29 3.180e-27 1.342e-15 8.435e-15
8.913e-09 8.478e+45 4.203e+29 3.368e-27 1.422e-15 8.935e-15
1.000e-08 7.134e+45 4.452e+29 3.568e-27 1.506e-15 9.464e-15
1.122e-08 6.002e+45 4.716e+29 3.779e-27 1.596e-15 1.003e-14
1.259e-08 5.050e+45 4.996e+29 4.003e-27 1.690e-15 1.062e-14
1.413e-08 4.249e+45 5.292e+29 4.241e-27 1.790e-15 1.125e-14
1.585e-08 3.575e+45 5.605e+29 4.492e-27 1.896e-15 1.191e-14
1.778e-08 3.008e+45 5.937e+29 4.758e-27 2.009e-15 1.262e-14
1.995e-08 2.531e+45 6.289e+29 5.040e-27 2.128e-15 1.337e-14
2.239e-08 2.130e+45 6.662e+29 5.338e-27 2.254e-15 1.416e-14
2.512e-08 1.792e+45 7.057e+29 5.655e-27 2.387e-15 1.500e-14
2.818e-08 1.508e+45 7.475e+29 5.990e-27 2.529e-15 1.589e-14
3.162e-08 1.269e+45 7.917e+29 6.345e-27 2.679e-15 1.683e-14
3.548e-08 1.067e+45 8.387e+29 6.721e-27 2.837e-15 1.783e-14
3.981e-08 8.980e+44 8.884e+29 7.119e-27 3.005e-15 1.888e-14
4.467e-08 7.556e+44 9.410e+29 7.541e-27 3.183e-15 2.000e-14
5.012e-08 6.358e+44 9.967e+29 7.987e-27 3.372e-15 2.119e-14
5.623e-08 5.349e+44 1.056e+30 8.461e-27 3.572e-15 2.244e-14
6.310e-08 4.501e+44 1.118e+30 8.962e-27 3.783e-15 2.377e-14
7.079e-08 3.787e+44 1.185e+30 9.493e-27 4.008e-15 2.518e-14
7.943e-08 3.186e+44 1.255e+30 1.006e-26 4.245e-15 2.667e-14
8.913e-08 2.681e+44 1.329e+30 1.065e-26 4.497e-15 2.825e-14
1.000e-07 2.256e+44 1.408e+30 1.128e-26 4.763e-15 2.993e-14
1.122e-07 1.898e+44 1.491e+30 1.195e-26 5.045e-15 3.170e-14
1.259e-07 1.597e+44 1.580e+30 1.266e-26 5.344e-15 3.358e-14
1.413e-07 1.344e+44 1.673e+30 1.341e-26 5.661e-15 3.557e-14
1.585e-07 1.130e+44 1.772e+30 1.420e-26 5.996e-15 3.767e-14
1.778e-07 9.512e+43 1.877e+30 1.504e-26 6.351e-15 3.991e-14
1.995e-07 8.003e+43 1.989e+30 1.594e-26 6.728e-15 4.227e-14
2.239e-07 6.734e+43 2.106e+30 1.688e-26 7.126e-15 4.477e-14
2.512e-07 5.666e+43 2.231e+30 1.788e-26 7.548e-15 4.743e-14
2.818e-07 4.767e+43 2.363e+30 1.894e-26 7.995e-15 5.024e-14
3.162e-07 4.011e+43 2.503e+30 2.006e-26 8.469e-15 5.321e-14
3.548e-07 3.375e+43 2.652e+30 2.125e-26 8.971e-15 5.637e-14
3.981e-07 2.839e+43 2.809e+30 2.251e-26 9.502e-15 5.970e-14
4.467e-07 2.389e+43 2.975e+30 2.384e-26 1.007e-14 6.324e-14
5.012e-07 2.010e+43 3.151e+30 2.525e-26 1.066e-14 6.699e-14
5.623e-07 1.691e+43 3.338e+30 2.675e-26 1.129e-14 7.096e-14
6.310e-07 1.423e+43 3.536e+30 2.834e-26 1.196e-14 7.516e-14
7.079e-07 1.197e+43 3.745e+30 3.001e-26 1.267e-14 7.961e-14
7.943e-07 1.007e+43 3.967e+30 3.179e-26 1.342e-14 8.433e-14
8.913e-07 8.476e+42 4.202e+30 3.367e-26 1.422e-14 8.932e-14
1.000e-06 7.131e+42 4.451e+30 3.567e-26 1.506e-14 9.461e-14
1.122e-06 6.000e+42 4.715e+30 3.778e-26 1.595e-14 1.002e-13
1.259e-06 5.048e+42 4.994e+30 4.002e-26 1.689e-14 1.062e-13
1.413e-06 4.248e+42 5.290e+30 4.239e-26 1.790e-14 1.124e-13
1.585e-06 3.574e+42 5.603e+30 4.490e-26 1.896e-14 1.191e-13
1.778e-06 3.007e+42 5.935e+30 4.756e-26 2.008e-14 1.262e-13
1.995e-06 2.530e+42 6.286e+30 5.038e-26 2.127e-14 1.336e-13
2.239e-06 2.129e+42 6.659e+30 5.336e-26 2.253e-14 1.415e-13
2.512e-06 1.791e+42 7.053e+30 5.652e-26 2.386e-14 1.499e-13
2.818e-06 1.507e+42 7.471e+30 5.987e-26 2.527e-14 1.588e-13
3.162e-06 1.268e+42 7.913e+30 6.341e-26 2.677e-14 1.682e-13
3.548e-06 1.067e+42 8.382e+30 6.717e-26 2.836e-14 1.782e-13
3.981e-06 8.975e+41 8.878e+30 7.115e-26 3.004e-14 1.887e-13
4.467e-06 7.551e+41 9.404e+30 7.536e-26 3.181e-14 1.999e-13
5.012e-06 6.353e+41 9.961e+30 7.982e-26 3.370e-14 2.117e-13
5.623e-06 5.345e+41 1.055e+31 8.455e-26 3.569e-14 2.243e-13
6.310e-06 4.497e+41 1.118e+31 8.955e-26 3.781e-14 2.375e-13
7.079e-06 3.784e+41 1.184e+31 9.485e-26 4.004e-14 2.516e-13
7.943e-06 3.184e+41 1.254e+31 1.005e-25 4.241e-14 2.665e-13
8.913e-06 2.678e+41 1.328e+31 1.064e-25 4.492e-14 2.823e-13
1.000e-05 2.254e+41 1.407e+31 1.127e-25 4.758e-14 2.990e-13
1.122e-05 1.896e+41 1.490e+31 1.194e-25 5.040e-14 3.167e-13
1.259e-05 1.595e+41 1.578e+31 1.265e-25 5.338e-14 3.354e-13
1.413e-05 1.342e+41 1.671e+31 1.339e-25 5.654e-14 3.553e-13
1.585e-05 1.129e+41 1.770e+31 1.419e-25 5.989e-14 3.763e-13
1.778e-05 9.500e+40 1.875e+31 1.503e-25 6.343e-14 3.986e-13
1.995e-05 7.992e+40 1.986e+31 1.591e-25 6.718e-14 4.221e-13
2.239e-05 6.724e+40 2.103e+31 1.686e-25 7.116e-14 4.471e-13
2.512e-05 5.657e+40 2.228e+31 1.785e-25 7.537e-14 4.736e-13
2.818e-05 4.759e+40 2.360e+31 1.891e-25 7.983e-14 5.016e-13
3.162e-05 4.004e+40 2.499e+31 2.003e-25 8.455e-14 5.312e-13
3.548e-05 3.369e+40 2.647e+31 2.121e-25 8.955e-14 5.626e-13
3.981e-05 2.834e+40 2.803e+31 2.247e-25 9.484e-14 5.959e-13
4.467e-05 2.384e+40 2.969e+31 2.379e-25 1.004e-13 6.311e-13
5.012e-05 2.006e+40 3.145e+31 2.520e-25 1.064e-13 6.685e-13
5.623e-05 1.687e+40 3.331e+31 2.669e-25 1.127e-13 7.080e-13
6.310e-05 1.420e+40 3.527e+31 2.827e-25 1.193e-13 7.498e-13
7.079e-05 1.194e+40 3.736e+31 2.994e-25 1.264e-13 7.941e-13
7.943e-05 1.005e+40 3.957e+31 3.171e-25 1.339e-13 8.410e-13
8.913e-05 8.452e+39 4.190e+31 3.358e-25 1.418e-13 8.907e-13
1.000e-04 7.110e+39 4.438e+31 3.556e-25 1.501e-13 9.433e-13
1.122e-04 5.981e+39 4.700e+31 3.766e-25 1.590e-13 9.990e-13
1.259e-04 5.031e+39 4.977e+31 3.988e-25 1.684e-13 1.058e-12
1.413e-04 4.232e+39 5.271e+31 4.224e-25 1.783e-13 1.120e-12
1.585e-04 3.560e+39 5.582e+31 4.473e-25 1.888e-13 1.186e-12
1.778e-04 2.995e+39 5.911e+31 4.737e-25 2.000e-13 1.256e-12
1.995e-04 2.519e+39 6.260e+31 5.016e-25 2.118e-13 1.331e-12
2.239e-04 2.119e+39 6.629e+31 5.312e-25 2.243e-13 1.409e-12
2.512e-04 1.782e+39 7.019e+31 5.625e-25 2.375e-13 1.492e-12
2.818e-04 1.499e+39 7.433e+31 5.957e-25 2.515e-13 1.580e-12
3.162e-04 1.261e+39 7.871e+31 6.307e-25 2.663e-13 1.673e-12
3.548e-04 1.061e+39 8.334e+31 6.679e-25 2.820e-13 1.772e-12
3.981e-04 8.921e+38 8.825e+31 7.072e-25 2.985e-13 1.876e-12
4.467e-04 7.503e+38 9.344e+31 7.488e-25 3.161e-13 1.986e-12
5.012e-04 6.310e+38 9.894e+31 7.928e-25 3.347e-13 2.103e-12
5.623e-04 5.307e+38 1.048e+32 8.394e-25 3.544e-13 2.227e-12
6.310e-04 4.463e+38 1.109e+32 8.888e-25 3.752e-13 2.357e-12
7.079e-04 3.754e+38 1.174e+32 9.409e-25 3.972e-13 2.496e-12
7.943e-04 3.157e+38 1.243e+32 9.962e-25 4.205e-13 2.642e-12
8.913e-04 2.654e+38 1.316e+32 1.055e-24 4.452e-13 2.797e-12
1.000e-03 2.232e+38 1.393e+32 1.116e-24 4.713e-13 2.961e-12
1.122e-03 1.877e+38 1.475e+32 1.182e-24 4.989e-13 3.135e-12
1.259e-03 1.578e+38 1.561e+32 1.251e-24 5.281e-13 3.318e-12
1.413e-03 1.327e+38 1.653e+32 1.324e-24 5.590e-13 3.513e-12
1.585e-03 1.116e+38 1.749e+32 1.402e-24 5.917e-13 3.718e-12
1.778e-03 9.380e+37 1.851e+32 1.484e-24 6.263e-13 3.935e-12
1.995e-03 7.885e+37 1.959e+32 1.570e-24 6.629e-13 4.165e-12
2.239e-03 6.629e+37 2.074e+32 1.662e-24 7.015e-13 4.408e-12
2.512e-03 5.572e+37 2.194e+32 1.759e-24 7.424e-13 4.665e-12
2.818e-03 4.684e+37 2.322e+32 1.861e-24 7.856e-13 4.936e-12
3.162e-03 3.937e+37 2.457e+32 1.969e-24 8.313e-13 5.223e-12
3.548e-03 3.309e+37 2.600e+32 2.083e-24 8.795e-13 5.526e-12
3.981e-03 2.781e+37 2.751e+32 2.204e-24 9.306e-13 5.847e-12
4.467e-03 2.337e+37 2.910e+32 2.332e-24 9.845e-13 6.186e-12
5.012e-03 1.963e+37 3.078e+32 2.467e-24 1.041e-12 6.543e-12
5.623e-03 1.650e+37 3.256e+32 2.609e-24 1.102e-12 6.921e-12
6.310e-03 1.386e+37 3.444e+32 2.760e-24 1.165e-12 7.321e-12
7.079e-03 1.164e+37 3.642e+32 2.919e-24 1.232e-12 7.742e-12
7.943e-03 9.781e+36 3.852e+32 3.087e-24 1.303e-12 8.187e-12
8.913e-03 8.215e+36 4.073e+32 3.264e-24 1.378e-12 8.657e-12
1.000e-02 6.899e+36 4.306e+32 3.451e-24 1.457e-12 9.153e-12
1.122e-02 5.793e+36 4.552e+32 3.648e-24 1.540e-12 9.676e-12
1.259e-02 4.864e+36 4.812e+32 3.856e-24 1.628e-12 1.023e-11
1.413e-02 4.084e+36 5.086e+32 4.075e-24 1.720e-12 1.081e-11
1.585e-02 3.428e+36 5.374e+32 4.307e-24 1.818e-12 1.142e-11
1.778e-02 2.877e+36 5.679e+32 4.551e-24 1.921e-12 1.207e-11
1.995e-02 2.414e+36 5.999e+32 4.808e-24 2.030e-12 1.275e-11
2.239e-02 2.026e+36 6.337e+32 5.078e-24 2.144e-12 1.347e-11
2.512e-02 1.699e+36 6.693e+32 5.363e-24 2.264e-12 1.423e-11
2.818e-02 1.425e+36 7.067e+32 5.663e-24 2.391e-12 1.502e-11
3.162e-02 1.195e+36 7.461e+32 5.979e-24 2.524e-12 1.586e-11
3.548e-02 1.002e+36 7.876e+32 6.311e-24 2.664e-12 1.674e-11
3.981e-02 8.402e+35 8.311e+32 6.660e-24 2.812e-12 1.767e-11
4.467e-02 7.042e+35 8.769e+32 7.027e-24 2.967e-12 1.864e-11
5.012e-02 5.900e+35 9.250e+32 7.413e-24 3.129e-12 1.966e-11
5.623e-02 4.942e+35 9.755e+32 7.817e-24 3.300e-12 2.074e-11
6.310e-02 4.139e+35 1.029e+33 8.242e-24 3.479e-12 2.186e-11
7.079e-02 3.466e+35 1.084e+33 8.687e-24 3.667e-12 2.304e-11
7.943e-02 2.901e+35 1.142e+33 9.154e-24 3.864e-12 2.428e-11
8.913e-02 2.427e+35 1.203e+33 9.643e-24 4.071e-12 2.558e-11
1.000e-01 2.030e+35 1.267e+33 1.015e-23 4.287e-12 2.694e-11
1.122e-01 1.698e+35 1.334e+33 1.069e-23 4.513e-12 2.835e-11
1.259e-01 1.419e+35 1.404e+33 1.125e-23 4.749e-12 2.984e-11
1.413e-01 1.186e+35 1.477e+33 1.183e-23 4.995e-12 3.139e-11
1.585e-01 9.903e+34 1.553e+33 1.244e-23 5.252e-12 3.300e-11
1.778e-01 8.268e+34 1.632e+33 1.308e-23 5.520e-12 3.469e-11
1.995e-01 6.899e+34 1.714e+33 1.374e-23 5.799e-12 3.644e-11
2.239e-01 5.754e+34 1.800e+33 1.442e-23 6.090e-12 3.826e-11
2.512e-01 4.797e+34 1.889e+33 1.514e-23 6.391e-12 4.016e-11
2.818e-01 3.997e+34 1.982e+33 1.588e-23 6.704e-12 4.212e-11
3.162e-01 3.328e+34 2.077e+33 1.665e-23 7.028e-12 4.416e-11
3.548e-01 2.770e+34 2.176e+33 1.744e-23 7.363e-12 4.626e-11
3.981e-01 2.304e+34 2.279e+33 1.826e-23 7.709e-12 4.844e-11
4.467e-01 1.914e+34 2.384e+33 1.911e-23 8.066e-12 5.068e-11
5.012e-01 1.590e+34 2.493e+33 1.998e-23 8.433e-12 5.299e-11
5.623e-01 1.320e+34 2.604e+33 2.087e-23 8.811e-12 5.536e-11
6.310e-01 1.094e+34 2.719e+33 2.179e-23 9.198e-12 5.779e-11
7.079e-01 9.065e+33 2.836e+33 2.272e-23 9.593e-12 6.028e-11
7.943e-01 7.504e+33 2.955e+33 2.368e-23 9.997e-12 6.281e-11
8.913e-01 6.205e+33 3.076e+33 2.465e-23 1.041e-11 6.539e-11
1.000e+00 5.126e+33 3.200e+33 2.564e-23 1.082e-11 6.801e-11
1.122e+00 4.230e+33 3.324e+33 2.664e-23 1.125e-11 7.066e-11
1.259e+00 3.487e+33 3.450e+33 2.764e-23 1.167e-11 7.333e-11
1.413e+00 2.871e+33 3.575e+33 2.865e-23 1.210e-11 7.600e-11
1.585e+00 2.361e+33 3.701e+33 2.966e-23 1.252e-11 7.867e-11
1.778e+00 1.939e+33 3.826e+33 3.066e-23 1.294e-11 8.133e-11
1.995e+00 1.590e+33 3.950e+33 3.165e-23 1.336e-11 8.396e-11
2.239e+00 1.302e+33 4.071e+33 3.263e-23 1.377e-11 8.654e-11
2.512e+00 1.064e+33 4.190e+33 3.358e-23 1.417e-11 8.906e-11
2.818e+00 8.682e+32 4.305e+33 3.449e-23 1.456e-11 9.150e-11
3.162e+00 7.073e+32 4.414e+33 3.537e-23 1.493e-11 9.383e-11
3.548e+00 5.750e+32 4.518e+33 3.621e-23 1.529e-11 9.604e-11
3.981e+00 4.666e+32 4.616e+33 3.699e-23 1.561e-11 9.811e-11
4.467e+00 3.778e+32 4.705e+33 3.770e-23 1.592e-11 1.000e-10
5.012e+00 3.052e+32 4.785e+33 3.834e-23 1.619e-11 1.017e-10
5.623e+00 2.459e+32 4.854e+33 3.890e-23 1.642e-11 1.032e-10
6.310e+00 1.977e+32 4.912e+33 3.937e-23 1.662e-11 1.044e-10
7.079e+00 1.585e+32 4.958e+33 3.973e-23 1.677e-11 1.054e-10
7.943e+00 1.267e+32 4.989e+33 3.998e-23 1.688e-11 1.061e-10
8.913e+00 1.010e+32 5.005e+33 4.011e-23 1.693e-11 1.064e-10
1.000e+01 8.019e+31 5.005e+33 4.011e-23 1.693e-11 1.064e-10
1.122e+01 6.348e+31 4.988e+33 3.997e-23 1.687e-11 1.060e-10
1.259e+01 5.006e+31 4.952e+33 3.968e-23 1.675e-11 1.053e-10
1.413e+01 3.932e+31 4.897e+33 3.924e-23 1.657e-11 1.041e-10
1.585e+01 3.076e+31 4.823e+33 3.865e-23 1.632e-11 1.025e-10
1.778e+01 2.396e+31 4.728e+33 3.789e-23 1.600e-11 1.005e-10
1.995e+01 1.857e+31 4.613e+33 3.697e-23 1.561e-11 9.806e-11
2.239e+01 1.432e+31 4.478e+33 3.589e-23 1.515e-11 9.519e-11
2.512e+01 1.098e+31 4.323e+33 3.465e-23 1.463e-11 9.190e-11
2.818e+01 8.369e+30 4.149e+33 3.325e-23 1.404e-11 8.820e-11
3.162e+01 6.340e+30 3.957e+33 3.171e-23 1.339e-11 8.412e-11
3.548e+01 4.770e+30 3.748e+33 3.004e-23 1.268e-11 7.968e-11
3.981e+01 3.563e+30 3.525e+33 2.825e-23 1.192e-11 7.492e-11
4.467e+01 2.640e+30 3.288e+33 2.635e-23 1.112e-11 6.989e-11
5.012e+01 1.940e+30 3.041e+33 2.437e-23 1.029e-11 6.465e-11
5.623e+01 1.412e+30 2.787e+33 2.233e-23 9.428e-12 5.924e-11
6.310e+01 1.017e+30 2.528e+33 2.026e-23 8.553e-12 5.374e-11
7.079e+01 7.251e+29 2.268e+33 1.818e-23 7.673e-12 4.821e-11
7.943e+01 5.106e+29 2.011e+33 1.611e-23 6.802e-12 4.274e-11
8.913e+01 3.548e+29 1.759e+33 1.410e-23 5.951e-12 3.739e-11
1.000e+02 2.430e+29 1.517e+33 1.216e-23 5.132e-12 3.224e-11
1.122e+02 1.638e+29 1.287e+33 1.032e-23 4.355e-12 2.736e-11
1.259e+02 1.085e+29 1.074e+33 8.603e-24 3.632e-12 2.282e-11
1.413e+02 7.050e+28 8.780e+32 7.036e-24 2.970e-12 1.866e-11
1.585e+02 4.480e+28 7.024e+32 5.629e-24 2.376e-12 1.493e-11
1.778e+02 2.777e+28 5.482e+32 4.393e-24 1.855e-12 1.165e-11
1.995e+02 1.674e+28 4.160e+32 3.334e-24 1.407e-12 8.843e-12
2.239e+02 9.774e+27 3.058e+32 2.450e-24 1.034e-12 6.499e-12
2.512e+02 5.497e+27 2.165e+32 1.735e-24 7.323e-13 4.601e-12
2.818e+02 2.952e+27 1.463e+32 1.173e-24 4.951e-13 3.111e-12
3.162e+02 1.489e+27 9.297e+31 7.450e-25 3.145e-13 1.976e-12
3.548e+02 6.819e+26 5.358e+31 4.294e-25 1.813e-13 1.139e-12
3.981e+02 2.590e+26 2.562e+31 2.053e-25 8.667e-14 5.446e-13
4.467e+02 6.019e+25 7.495e+30 6.006e-26 2.536e-14 1.593e-13
5.012e+02 7.796e+21 1.222e+27 9.794e-30 4.135e-18 2.598e-17
5.623e+02 0.000e+00 0.000e+00 0.000e+00 0.000e+00 0.000e+00
6.310e+02 0.000e+00 0.000e+00 0.000e+00 0.000e+00 0.000e+00
7.079e+02 0.000e+00 0.000e+00 0.000e+00 0.000e+00 0.000e+00
7.943e+02 0.000e+00 0.000e+00 0.000e+00 0.000e+00 0.000e+00
8.913e+02 0.000e+00 0.000e+00 0.000e+00 0.000e+00 0.000e+00
1.000e+03 0.000e+00 0.000e+00 0.000e+00 0.000e+00 0.000e+00
1.122e+03 0.000e+00 0.000e+00 0.000e+00 0.000e+00 0.000e+00
1.259e+03 0.000e+00 0.000e+00 0.000e+00 0.000e+00 0.000e+00
1.413e+03 0.000e+00 0.000e+00 0.000e+00 0.000e+00 0.000e+00
1.585e+03 0.000e+00 0.000e+00 0.000e+00 0.000e+00 0.000e+00
1.778e+03 0.000e+00 0.000e+00 0.000e+00 0.000e+00 0.000e+00
1.995e+03 0.000e+00 0.000e+00 0.000e+00 0.000e+00 0.000e+00
2.239e+03 0.000e+00 0.000e+00 0.000e+00 0.000e+00 0.000e+00
2.512e+03 0.000e+00 0.000e+00 0.000e+00 0.000e+00 0.000e+00
2.818e+03 0.000e+00 0.000e+00 0.000e+00 0.000e+00 0.000e+00
3.162e+03 0.000e+00 0.000e+00 0.000e+00 0.000e+00 0.000e+00
3.548e+03 0.000e+00 0.000e+00 0.000e+00 0.000e+00 0.000e+00
3.981e+03 0.000e+00 0.000e+00 0.000e+00 0.000e+00 0.000e+00
4.467e+03 0.000e+00 0.000e+00 0.000e+00 0.000e+00 0.000e+00
5.012e+03 0.000e+00 0.000e+00 0.000e+00 0.000e+00 0.000e+00
5.623e+03 0.000e+00 0.000e+00 0.000e+00 0.000e+00 0.000e+00
6.310e+03 0.000e+00 0.000e+00 0.000e+00 0.000e+00 0.000e+00
7.079e+03 0.000e+00 0.000e+00 0.000e+00 0.000e+00 0.000e+00
7.943e+03 0.000e+00 0.000e+00 0.000e+00 0.000e+00 0.000e+00
8.913e+03 0.000e+00 0.000e+00 0.000e+00 0.000e+00 0.000e+00
1.000e+04 0.000e+00 0.000e+00 0.000e+00 0.000e+00 0.000e+00
1.122e+04 0.000e+00 0.000e+00 0.000e+00 0.000e+00 0.000e+00
1.259e+04 0.000e+00 0.000e+00 0.000e+00 0.000e+00 0.000e+00
1.413e+04 0.000e+00 0.000e+00 0.000e+00 0.000e+00 0.000e+00
1.585e+04 0.000e+00 0.000e+00 0.000e+00 0.000e+00 0.000e+00
1.778e+04 0.000e+00 0.000e+00 0.000e+00 0.000e+00 0.000e+00
1.995e+04 0.000e+00 0.000e+00 0.000e+00 0.000e+00 0.000e+00
2.239e+04 0.000e+00 0.000e+00 0.000e+00 0.000e+00 0.000e+00
2.512e+04 0.000e+00 0.000e+00 0.000e+00 0.000e+00 0.000e+00
2.818e+04 0.000e+00 0.000e+00 0.000e+00 0.000e+00 0.000e+00
3.162e+04 0.000e+00 0.000e+00 0.000e+00 0.000e+00 0.000e+00
3.548e+04 0.000e+00 0.000e+00 0.000e+00 0.000e+00 0.000e+00
3.981e+04 0.000e+00 0.000e+00 0.000e+00 0.000e+00 0.000e+00
4.467e+04 0.000e+00 0.000e+00 0.000e+00 0.000e+00 0.000e+00
5.012e+04 0.000e+00 0.000e+00 0.000e+00 0.000e+00 0.000e+00
5.623e+04 0.000e+00 0.000e+00 0.000e+00 0.000e+00 0.000e+00
6.310e+04 0.000e+00 0.000e+00 0.000e+00 0.000e+00 0.000e+00
7.079e+04 0.000e+00 0.000e+00 0.000e+00 0.000e+00 0.000e+00
7.943e+04 0.000e+00 0.000e+00 0.000e+00 0.000e+00 0.000e+00
8.913e+04 0.000e+00 0.000e+00 0.000e+00 0.000e+00 0.000e+00
1.000e+05 0.000e+00 0.000e+00 0.000e+00 0.000e+00 0.000e+00
1.122e+05 0.000e+00 0.000e+00 0.000e+00 0.000e+00 0.000e+00
1.259e+05 0.000e+00 0.000e+00 0.000e+00 0.000e+00 0.000e+00
1.413e+05 0.000e+00 0.000e+00 0.000e+00 0.000e+00 0.000e+00
1.585e+05 0.000e+00 0.000e+00 0.000e+00 0.000e+00 0.000e+00
1.778e+05 0.000e+00 0.000e+00 0.000e+00 0.000e+00 0.000e+00
1.995e+05 0.000e+00 0.000e+00 0.000e+00 0.000e+00 0.000e+00
2.239e+05 0.000e+00 0.000e+00 0.000e+00 0.000e+00 0.000e+00
2.512e+05 0.000e+00 0.000e+00 0.000e+00 0.000e+00 0.000e+00
2.818e+05 0.000e+00 0.000e+00 0.000e+00 0.000e+00 0.000e+00
3.162e+05 0.000e+00 0.000e+00 0.000e+00 0.000e+00 0.000e+00
3.548e+05 0.000e+00 0.000e+00 0.000e+00 0.000e+00 0.000e+00
3.981e+05 0.000e+00 0.000e+00 0.000e+00 0.000e+00 0.000e+00
4.467e+05 0.000e+00 0.000e+00 0.000e+00 0.000e+00 0.000e+00
5.012e+05 0.000e+00 0.000e+00 0.000e+00 0.000e+00 0.000e+00
5.623e+05 0.000e+00 0.000e+00 0.000e+00 0.000e+00 0.000e+00
6.310e+05 0.000e+00 0.000e+00 0.000e+00 0.000e+00 0.000e+00
7.079e+05 0.000e+00 0.000e+00 0.000e+00 0.000e+00 0.000e+00
7.943e+05 0.000e+00 0.000e+00 0.000e+00 0.000e+00 0.000e+00
8.913e+05 0.000e+00 0.000e+00 0.000e+00 0.000e+00 0.000e+00
1.000e+06 0.000e+00 0.000e+00 0.000e+00 0.000e+00 0.000e+00
1.122e+06 0.000e+00 0.000e+00 0.000e+00 0.000e+00 0.000e+00
1.259e+06 0.000e+00 0.000e+00 0.000e+00 0.000e+00 0.000e+00
1.413e+06 0.000e+00 0.000e+00 0.000e+00 0.000e+00 0.000e+00
1.585e+06 0.000e+00 0.000e+00 0.000e+00 0.000e+00 0.000e+00
1.778e+06 0.000e+00 0.000e+00 0.000e+00 0.000e+00 0.000e+00
1.995e+06 0.000e+00 0.000e+00 0.000e+00 0.000e+00 0.000e+00
2.239e+06 0.000e+00 0.000e+00 0.000e+00 0.000e+00 0.000e+00
2.512e+06 0.000e+00 0.000e+00 0.000e+00 0.000e+00 0.000e+00
2.818e+06 0.000e+00 0.000e+00 0.000e+00 0.000e+00 0.000e+00
3.162e+06 0.000e+00 0.000e+00 0.000e+00 0.000e+00 0.000e+00
3.548e+06 0.000e+00 0.000e+00 0.000e+00 0.000e+00 0.000e+00
3.981e+06 0.000e+00 0.000e+00 0.000e+00 0.000e+00 0.000e+00
4.467e+06 0.000e+00 0.000e+00 0.000e+00 0.000e+00 0.000e+00
5.012e+06 0.000e+00 0.000e+00 0.000e+00 0.000e+00 0.000e+00
5.623e+06 0.000e+00 0.000e+00 0.000e+00 0.000e+00 0.000e+00
6.310e+06 0.000e+00 0.000e+00 0.000e+00 0.000e+00 0.000e+00
7.079e+06 0.000e+00 0.000e+00 0.000e+00 0.000e+00 0.000e+00
7.943e+06 0.000e+00 0.000e+00 0.000e+00 0.000e+00 0.000e+00
8.913e+06 0.000e+00 0.000e+00 0.000e+00 0.000e+00 0.000e+00
1.000e+07 0.000e+00 0.000e+00 0.000e+00 0.000e+00 0.000e+00
1.122e+07 0.000e+00 0.000e+00 0.000e+00 0.000e+00 0.000e+00
1.259e+07 0.000e+00 0.000e+00 0.000e+00 0.000e+00 0.000e+00
1.413e+07 0.000e+00 0.000e+00 0.000e+00 0.000e+00 0.000e+00
1.585e+07 0.000e+00 0.000e+00 0.000e+00 0.000e+00 0.000e+00
1.778e+07 0.000e+00 0.000e+00 0.000e+00 0.000e+00 0.000e+00
1.995e+07 0.000e+00 0.000e+00 0.000e+00 0.000e+00 0.000e+00
2.239e+07 0.000e+00 0.000e+00 0.000e+00 0.000e+00 0.000e+00
2.512e+07 0.000e+00 0.000e+00 0.000e+00 0.000e+00 0.000e+00
2.818e+07 0.000e+00 0.000e+00 0.000e+00 0.000e+00 0.000e+00
3.162e+07 0.000e+00 0.000e+00 0.000e+00 0.000e+00 0.000e+00
3.548e+07 0.000e+00 0.000e+00 0.000e+00 0.000e+00 0.000e+00
3.981e+07 0.000e+00 0.000e+00 0.000e+00 0.000e+00 0.000e+00
4.467e+07 0.000e+00 0.000e+00 0.000e+00 0.000e+00 0.000e+00
5.012e+07 0.000e+00 0.000e+00 0.000e+00 0.000e+00 0.000e+00
5.623e+07 0.000e+00 0.000e+00 0.000e+00 0.000e+00 0.000e+00
6.310e+07 0.000e+00 0.000e+00 0.000e+00 0.000e+00 0.000e+00
7.079e+07 0.000e+00 0.000e+00 0.000e+00 0.000e+00 0.000e+00
7.943e+07 0.000e+00 0.000e+00 0.000e+00 0.000e+00 0.000e+00
8.913e+07 0.000e+00 0.000e+00 0.000e+00 0.000e+00 0.000e+00
1.000e+08 0.000e+00 0.000e+00 0.000e+00 0.000e+00 0.000e+00
