1.000e-20 1.207e+70 7.534e+29 6.038e-27 1.274e-15 1.602e-14
1.122e-20 1.016e+70 7.981e+29 6.395e-27 1.350e-15 1.696e-14
1.259e-20 8.546e+69 8.454e+29 6.774e-27 1.430e-15 1.797e-14
1.413e-20 7.190e+69 8.955e+29 7.176e-27 1.515e-15 1.903e-14
1.585e-20 6.050e+69 9.485e+29 7.601e-27 1.604e-15 2.016e-14
1.778e-20 5.090e+69 1.005e+30 8.051e-27 1.700e-15 2.136e-14
1.995e-20 4.283e+69 1.064e+30 8.528e-27 1.800e-15 2.262e-14
2.239e-20 3.604e+69 1.127e+30 9.034e-27 1.907e-15 2.396e-14
2.512e-20 3.032e+69 1.194e+30 9.569e-27 2.020e-15 2.538e-14
2.818e-20 2.551e+69 1.265e+30 1.014e-26 2.140e-15 2.689e-14
3.162e-20 2.147e+69 1.340e+30 1.074e-26 2.266e-15 2.848e-14
3.548e-20 1.806e+69 1.419e+30 1.137e-26 2.401e-15 3.017e-14
3.981e-20 1.520e+69 1.503e+30 1.205e-26 2.543e-15 3.195e-14
4.467e-20 1.279e+69 1.592e+30 1.276e-26 2.694e-15 3.385e-14
5.012e-20 1.076e+69 1.687e+30 1.352e-26 2.853e-15 3.585e-14
5.623e-20 9.052e+68 1.787e+30 1.432e-26 3.022e-15 3.798e-14
6.310e-20 7.616e+68 1.893e+30 1.517e-26 3.201e-15 4.023e-14
7.079e-20 6.408e+68 2.005e+30 1.606e-26 3.391e-15 4.261e-14
7.943e-20 5.392e+68 2.123e+30 1.702e-26 3.592e-15 4.514e-14
8.913e-20 4.537e+68 2.249e+30 1.802e-26 3.805e-15 4.781e-14
1.000e-19 3.817e+68 2.383e+30 1.909e-26 4.030e-15 5.064e-14
1.122e-19 3.212e+68 2.524e+30 2.022e-26 4.269e-15 5.364e-14
1.259e-19 2.702e+68 2.673e+30 2.142e-26 4.522e-15 5.682e-14
1.413e-19 2.274e+68 2.832e+30 2.269e-26 4.790e-15 6.019e-14
1.585e-19 1.913e+68 2.999e+30 2.404e-26 5.074e-15 6.376e-14
1.778e-19 1.610e+68 3.177e+30 2.546e-26 5.374e-15 6.753e-14
1.995e-19 1.354e+68 3.365e+30 2.697e-26 5.693e-15 7.153e-14
2.239e-19 1.140e+68 3.565e+30 2.857e-26 6.030e-15 7.577e-14
2.512e-19 9.588e+67 3.776e+30 3.026e-26 6.387e-15 8.026e-14
2.818e-19 8.067e+67 4.000e+30 3.205e-26 6.766e-15 8.502e-14
3.162e-19 6.788e+67 4.237e+30 3.395e-26 7.166e-15 9.006e-14
3.548e-19 5.711e+67 4.488e+30 3.596e-26 7.591e-15 9.539e-14
3.981e-19 4.805e+67 4.754e+30 3.809e-26 8.041e-15 1.010e-13
4.467e-19 4.043e+67 5.035e+30 4.035e-26 8.517e-15 1.070e-13
5.012e-19 3.402e+67 5.334e+30 4.274e-26 9.022e-15 1.134e-13
5.623e-19 2.862e+67 5.650e+30 4.527e-26 9.556e-15 1.201e-13
6.310e-19 2.408e+67 5.984e+30 4.796e-26 1.012e-14 1.272e-13
7.079e-19 2.026e+67 6.339e+30 5.080e-26 1.072e-14 1.347e-13
7.943e-19 1.705e+67 6.714e+30 5.381e-26 1.136e-14 1.427e-13
8.913e-19 1.435e+67 7.112e+30 5.699e-26 1.203e-14 1.512e-13
1.000e-18 1.207e+67 7.534e+30 6.037e-26 1.274e-14 1.601e-13
1.122e-18 1.016e+67 7.980e+30 6.395e-26 1.350e-14 1.696e-13
1.259e-18 8.545e+66 8.453e+30 6.774e-26 1.430e-14 1.797e-13
1.413e-18 7.190e+66 8.954e+30 7.175e-26 1.515e-14 1.903e-13
1.585e-18 6.049e+66 9.484e+30 7.600e-26 1.604e-14 2.016e-13
1.778e-18 5.090e+66 1.005e+31 8.050e-26 1.699e-14 2.135e-13
1.995e-18 4.282e+66 1.064e+31 8.527e-26 1.800e-14 2.262e-13
2.239e-18 3.603e+66 1.127e+31 9.032e-26 1.907e-14 2.396e-13
2.512e-18 3.032e+66 1.194e+31 9.568e-26 2.020e-14 2.538e-13
2.818e-18 2.551e+66 1.265e+31 1.013e-25 2.139e-14 2.688e-13
3.162e-18 2.146e+66 1.340e+31 1.073e-25 2.266e-14 2.847e-13
3.548e-18 1.806e+66 1.419e+31 1.137e-25 2.400e-14 3.016e-13
3.981e-18 1.519e+66 1.503e+31 1.204e-25 2.542e-14 3.195e-13
4.467e-18 1.278e+66 1.592e+31 1.276e-25 2.693e-14 3.384e-13
5.012e-18 1.076e+66 1.686e+31 1.351e-25 2.852e-14 3.585e-13
5.623e-18 9.050e+65 1.786e+31 1.431e-25 3.021e-14 3.797e-13
6.310e-18 7.615e+65 1.892e+31 1.516e-25 3.200e-14 4.022e-13
7.079e-18 6.407e+65 2.004e+31 1.606e-25 3.390e-14 4.260e-13
7.943e-18 5.391e+65 2.123e+31 1.701e-25 3.591e-14 4.512e-13
8.913e-18 4.535e+65 2.249e+31 1.802e-25 3.804e-14 4.780e-13
1.000e-17 3.816e+65 2.382e+31 1.909e-25 4.029e-14 5.063e-13
1.122e-17 3.211e+65 2.523e+31 2.022e-25 4.267e-14 5.363e-13
1.259e-17 2.701e+65 2.672e+31 2.141e-25 4.520e-14 5.680e-13
1.413e-17 2.273e+65 2.831e+31 2.268e-25 4.788e-14 6.017e-13
1.585e-17 1.912e+65 2.998e+31 2.403e-25 5.072e-14 6.373e-13
1.778e-17 1.609e+65 3.176e+31 2.545e-25 5.372e-14 6.751e-13
1.995e-17 1.354e+65 3.364e+31 2.696e-25 5.690e-14 7.150e-13
2.239e-17 1.139e+65 3.563e+31 2.855e-25 6.027e-14 7.574e-13
2.512e-17 9.584e+64 3.774e+31 3.024e-25 6.384e-14 8.022e-13
2.818e-17 8.063e+64 3.998e+31 3.204e-25 6.762e-14 8.498e-13
3.162e-17 6.784e+64 4.234e+31 3.393e-25 7.163e-14 9.001e-13
3.548e-17 5.708e+64 4.485e+31 3.594e-25 7.587e-14 9.534e-13
3.981e-17 4.803e+64 4.751e+31 3.807e-25 8.036e-14 1.010e-12
4.467e-17 4.041e+64 5.032e+31 4.032e-25 8.512e-14 1.070e-12
5.012e-17 3.400e+64 5.330e+31 4.271e-25 9.016e-14 1.133e-12
5.623e-17 2.860e+64 5.646e+31 4.524e-25 9.550e-14 1.200e-12
6.310e-17 2.407e+64 5.980e+31 4.792e-25 1.011e-13 1.271e-12
7.079e-17 2.025e+64 6.334e+31 5.076e-25 1.071e-13 1.346e-12
7.943e-17 1.704e+64 6.709e+31 5.376e-25 1.135e-13 1.426e-12
8.913e-17 1.433e+64 7.106e+31 5.694e-25 1.202e-13 1.510e-12
1.000e-16 1.206e+64 7.526e+31 6.031e-25 1.273e-13 1.600e-12
1.122e-16 1.015e+64 7.972e+31 6.388e-25 1.348e-13 1.695e-12
1.259e-16 8.536e+63 8.444e+31 6.766e-25 1.428e-13 1.795e-12
1.413e-16 7.182e+63 8.943e+31 7.167e-25 1.513e-13 1.901e-12
1.585e-16 6.042e+63 9.473e+31 7.591e-25 1.602e-13 2.014e-12
1.778e-16 5.083e+63 1.003e+32 8.040e-25 1.697e-13 2.133e-12
1.995e-16 4.277e+63 1.063e+32 8.516e-25 1.798e-13 2.259e-12
2.239e-16 3.598e+63 1.126e+32 9.020e-25 1.904e-13 2.393e-12
2.512e-16 3.027e+63 1.192e+32 9.553e-25 2.017e-13 2.534e-12
2.818e-16 2.547e+63 1.263e+32 1.012e-24 2.136e-13 2.684e-12
3.162e-16 2.143e+63 1.337e+32 1.072e-24 2.262e-13 2.843e-12
3.548e-16 1.803e+63 1.416e+32 1.135e-24 2.396e-13 3.011e-12
3.981e-16 1.517e+63 1.500e+32 1.202e-24 2.538e-13 3.189e-12
4.467e-16 1.276e+63 1.589e+32 1.273e-24 2.688e-13 3.377e-12
5.012e-16 1.073e+63 1.683e+32 1.349e-24 2.846e-13 3.577e-12
5.623e-16 9.030e+62 1.782e+32 1.428e-24 3.015e-13 3.788e-12
6.310e-16 7.597e+62 1.888e+32 1.513e-24 3.193e-13 4.012e-12
7.079e-16 6.391e+62 1.999e+32 1.602e-24 3.382e-13 4.249e-12
7.943e-16 5.376e+62 2.117e+32 1.697e-24 3.581e-13 4.500e-12
8.913e-16 4.523e+62 2.242e+32 1.797e-24 3.793e-13 4.766e-12
1.000e-15 3.805e+62 2.375e+32 1.903e-24 4.017e-13 5.048e-12
1.122e-15 3.201e+62 2.515e+32 2.015e-24 4.254e-13 5.346e-12
1.259e-15 2.692e+62 2.663e+32 2.134e-24 4.505e-13 5.662e-12
1.413e-15 2.265e+62 2.821e+32 2.260e-24 4.771e-13 5.996e-12
1.585e-15 1.905e+62 2.987e+32 2.394e-24 5.053e-13 6.349e-12
1.778e-15 1.603e+62 3.163e+32 2.535e-24 5.351e-13 6.724e-12
1.995e-15 1.348e+62 3.350e+32 2.684e-24 5.666e-13 7.121e-12
2.239e-15 1.134e+62 3.547e+32 2.843e-24 6.001e-13 7.541e-12
2.512e-15 9.539e+61 3.757e+32 3.010e-24 6.354e-13 7.985e-12
2.818e-15 8.024e+61 3.978e+32 3.188e-24 6.729e-13 8.456e-12
3.162e-15 6.749e+61 4.212e+32 3.376e-24 7.125e-13 8.954e-12
3.548e-15 5.677e+61 4.460e+32 3.574e-24 7.545e-13 9.481e-12
3.981e-15 4.775e+61 4.723e+32 3.785e-24 7.989e-13 1.004e-11
4.467e-15 4.016e+61 5.001e+32 4.008e-24 8.459e-13 1.063e-11
5.012e-15 3.377e+61 5.295e+32 4.243e-24 8.957e-13 1.126e-11
5.623e-15 2.841e+61 5.607e+32 4.493e-24 9.484e-13 1.192e-11
6.310e-15 2.389e+61 5.936e+32 4.757e-24 1.004e-12 1.262e-11
7.079e-15 2.009e+61 6.285e+32 5.036e-24 1.063e-12 1.336e-11
7.943e-15 1.690e+61 6.654e+32 5.332e-24 1.126e-12 1.414e-11
8.913e-15 1.421e+61 7.045e+32 5.645e-24 1.192e-12 1.497e-11
1.000e-14 1.195e+61 7.458e+32 5.976e-24 1.262e-12 1.585e-11
1.122e-14 1.005e+61 7.895e+32 6.327e-24 1.335e-12 1.678e-11
1.259e-14 8.449e+60 8.358e+32 6.697e-24 1.414e-12 1.777e-11
1.413e-14 7.104e+60 8.847e+32 7.090e-24 1.496e-12 1.881e-11
1.585e-14 5.973e+60 9.365e+32 7.505e-24 1.584e-12 1.991e-11
1.778e-14 5.022e+60 9.912e+32 7.943e-24 1.677e-12 2.107e-11
1.995e-14 4.222e+60 1.049e+33 8.407e-24 1.775e-12 2.230e-11
2.239e-14 3.550e+60 1.110e+33 8.898e-24 1.878e-12 2.360e-11
2.512e-14 2.984e+60 1.175e+33 9.417e-24 1.988e-12 2.498e-11
2.818e-14 2.509e+60 1.244e+33 9.966e-24 2.104e-12 2.644e-11
3.162e-14 2.109e+60 1.316e+33 1.055e-23 2.226e-12 2.798e-11
3.548e-14 1.772e+60 1.393e+33 1.116e-23 2.356e-12 2.960e-11
3.981e-14 1.490e+60 1.474e+33 1.181e-23 2.493e-12 3.132e-11
4.467e-14 1.252e+60 1.559e+33 1.249e-23 2.637e-12 3.314e-11
5.012e-14 1.052e+60 1.650e+33 1.322e-23 2.790e-12 3.506e-11
5.623e-14 8.841e+59 1.745e+33 1.398e-23 2.952e-12 3.709e-11
6.310e-14 7.429e+59 1.846e+33 1.479e-23 3.123e-12 3.924e-11
7.079e-14 6.242e+59 1.953e+33 1.565e-23 3.303e-12 4.150e-11
7.943e-14 5.244e+59 2.065e+33 1.655e-23 3.493e-12 4.390e-11
8.913e-14 4.405e+59 2.184e+33 1.750e-23 3.695e-12 4.643e-11
1.000e-13 3.701e+59 2.310e+33 1.851e-23 3.907e-12 4.910e-11
1.122e-13 3.108e+59 2.442e+33 1.957e-23 4.131e-12 5.191e-11
1.259e-13 2.610e+59 2.582e+33 2.069e-23 4.368e-12 5.489e-11
1.413e-13 2.192e+59 2.730e+33 2.188e-23 4.618e-12 5.803e-11
1.585e-13 1.841e+59 2.886e+33 2.312e-23 4.881e-12 6.134e-11
1.778e-13 1.545e+59 3.050e+33 2.444e-23 5.159e-12 6.483e-11
1.995e-13 1.297e+59 3.223e+33 2.583e-23 5.452e-12 6.852e-11
2.239e-13 1.089e+59 3.406e+33 2.730e-23 5.762e-12 7.240e-11
2.512e-13 9.138e+58 3.599e+33 2.884e-23 6.088e-12 7.650e-11
2.818e-13 7.668e+58 3.802e+33 3.047e-23 6.431e-12 8.081e-11
3.162e-13 6.434e+58 4.016e+33 3.218e-23 6.793e-12 8.536e-11
3.548e-13 5.397e+58 4.241e+33 3.399e-23 7.174e-12 9.015e-11
3.981e-13 4.527e+58 4.478e+33 3.589e-23 7.575e-12 9.519e-11
4.467e-13 3.797e+58 4.728e+33 3.789e-23 7.998e-12 1.005e-10
5.012e-13 3.183e+58 4.991e+33 3.999e-23 8.442e-12 1.061e-10
5.623e-13 2.669e+58 5.267e+33 4.221e-23 8.909e-12 1.120e-10
6.310e-13 2.237e+58 5.558e+33 4.454e-23 9.401e-12 1.181e-10
7.079e-13 1.874e+58 5.863e+33 4.698e-23 9.918e-12 1.246e-10
7.943e-13 1.570e+58 6.184e+33 4.956e-23 1.046e-11 1.315e-10
8.913e-13 1.315e+58 6.521e+33 5.226e-23 1.103e-11 1.386e-10
1.000e-12 1.101e+58 6.875e+33 5.509e-23 1.163e-11 1.461e-10
1.122e-12 9.221e+57 7.246e+33 5.807e-23 1.226e-11 1.540e-10
1.259e-12 7.718e+57 7.635e+33 6.118e-23 1.291e-11 1.623e-10
1.413e-12 6.458e+57 8.043e+33 6.445e-23 1.360e-11 1.710e-10
1.585e-12 5.403e+57 8.470e+33 6.788e-23 1.433e-11 1.800e-10
1.778e-12 4.518e+57 8.917e+33 7.146e-23 1.508e-11 1.896e-10
1.995e-12 3.777e+57 9.385e+33 7.521e-23 1.588e-11 1.995e-10
2.239e-12 3.157e+57 9.874e+33 7.913e-23 1.670e-11 2.099e-10
2.512e-12 2.637e+57 1.039e+34 8.323e-23 1.757e-11 2.208e-10
2.818e-12 2.202e+57 1.092e+34 8.750e-23 1.847e-11 2.321e-10
3.162e-12 1.839e+57 1.148e+34 9.196e-23 1.941e-11 2.439e-10
3.548e-12 1.534e+57 1.206e+34 9.661e-23 2.039e-11 2.563e-10
3.981e-12 1.280e+57 1.266e+34 1.015e-22 2.142e-11 2.691e-10
4.467e-12 1.067e+57 1.329e+34 1.065e-22 2.248e-11 2.825e-10
5.012e-12 8.894e+56 1.394e+34 1.117e-22 2.359e-11 2.964e-10
5.623e-12 7.408e+56 1.462e+34 1.172e-22 2.473e-11 3.108e-10
6.310e-12 6.168e+56 1.533e+34 1.228e-22 2.593e-11 3.258e-10
7.079e-12 5.133e+56 1.606e+34 1.287e-22 2.716e-11 3.413e-10
7.943e-12 4.269e+56 1.681e+34 1.347e-22 2.844e-11 3.574e-10
8.913e-12 3.549e+56 1.759e+34 1.410e-22 2.976e-11 3.740e-10
1.000e-11 2.948e+56 1.840e+34 1.474e-22 3.112e-11 3.911e-10
1.122e-11 2.447e+56 1.923e+34 1.541e-22 3.253e-11 4.088e-10
1.259e-11 2.031e+56 2.009e+34 1.610e-22 3.398e-11 4.270e-10
1.413e-11 1.684e+56 2.097e+34 1.680e-22 3.546e-11 4.457e-10
1.585e-11 1.395e+56 2.187e+34 1.752e-22 3.699e-11 4.649e-10
1.778e-11 1.155e+56 2.279e+34 1.827e-22 3.856e-11 4.845e-10
1.995e-11 9.554e+55 2.374e+34 1.902e-22 4.015e-11 5.046e-10
2.239e-11 7.897e+55 2.470e+34 1.980e-22 4.179e-11 5.251e-10
2.512e-11 6.522e+55 2.569e+34 2.058e-22 4.345e-11 5.460e-10
2.818e-11 5.382e+55 2.668e+34 2.138e-22 4.513e-11 5.672e-10
3.162e-11 4.437e+55 2.769e+34 2.219e-22 4.684e-11 5.887e-10
3.548e-11 3.654e+55 2.872e+34 2.301e-22 4.857e-11 6.104e-10
3.981e-11 3.007e+55 2.974e+34 2.384e-22 5.031e-11 6.323e-10
4.467e-11 2.472e+55 3.078e+34 2.466e-22 5.206e-11 6.542e-10
5.012e-11 2.029e+55 3.181e+34 2.549e-22 5.381e-11 6.763e-10
5.623e-11 1.664e+55 3.285e+34 2.632e-22 5.556e-11 6.982e-10
6.310e-11 1.363e+55 3.387e+34 2.715e-22 5.730e-11 7.200e-10
7.079e-11 1.115e+55 3.489e+34 2.796e-22 5.902e-11 7.416e-10
7.943e-11 9.113e+54 3.589e+34 2.876e-22 6.071e-11 7.629e-10
8.913e-11 7.437e+54 3.687e+34 2.955e-22 6.236e-11 7.837e-10
1.000e-10 6.060e+54 3.782e+34 3.031e-22 6.398e-11 8.040e-10
1.122e-10 4.931e+54 3.874e+34 3.105e-22 6.554e-11 8.235e-10
1.259e-10 4.006e+54 3.963e+34 3.176e-22 6.703e-11 8.423e-10
1.413e-10 3.250e+54 4.047e+34 3.243e-22 6.845e-11 8.602e-10
1.585e-10 2.632e+54 4.126e+34 3.306e-22 6.979e-11 8.770e-10
1.778e-10 2.128e+54 4.199e+34 3.365e-22 7.103e-11 8.926e-10
1.995e-10 1.717e+54 4.266e+34 3.419e-22 7.217e-11 9.069e-10
2.239e-10 1.383e+54 4.327e+34 3.467e-22 7.318e-11 9.197e-10
2.512e-10 1.112e+54 4.379e+34 3.509e-22 7.407e-11 9.308e-10
2.818e-10 8.922e+53 4.423e+34 3.545e-22 7.482e-11 9.403e-10
3.162e-10 7.144e+53 4.459e+34 3.573e-22 7.542e-11 9.478e-10
3.548e-10 5.708e+53 4.485e+34 3.594e-22 7.586e-11 9.533e-10
3.981e-10 4.550e+53 4.501e+34 3.607e-22 7.613e-11 9.567e-10
4.467e-10 3.618e+53 4.506e+34 3.611e-22 7.622e-11 9.579e-10
5.012e-10 2.871e+53 4.501e+34 3.607e-22 7.613e-11 9.567e-10
5.623e-10 2.272e+53 4.484e+34 3.593e-22 7.584e-11 9.531e-10
6.310e-10 1.793e+53 4.455e+34 3.570e-22 7.535e-11 9.469e-10
7.079e-10 1.411e+53 4.414e+34 3.537e-22 7.467e-11 9.383e-10
7.943e-10 1.107e+53 4.361e+34 3.495e-22 7.377e-11 9.270e-10
8.913e-10 8.665e+52 4.296e+34 3.443e-22 7.267e-11 9.132e-10
1.000e-09 6.759e+52 4.219e+34 3.381e-22 7.136e-11 8.968e-10
1.122e-09 5.256e+52 4.130e+34 3.309e-22 6.985e-11 8.778e-10
1.259e-09 4.073e+52 4.029e+34 3.229e-22 6.815e-11 8.564e-10
1.413e-09 3.145e+52 3.917e+34 3.139e-22 6.625e-11 8.326e-10
1.585e-09 2.420e+52 3.794e+34 3.040e-22 6.418e-11 8.065e-10
1.778e-09 1.855e+52 3.661e+34 2.934e-22 6.193e-11 7.782e-10
1.995e-09 1.416e+52 3.519e+34 2.820e-22 5.953e-11 7.481e-10
2.239e-09 1.077e+52 3.369e+34 2.700e-22 5.699e-11 7.161e-10
2.512e-09 8.154e+51 3.211e+34 2.573e-22 5.432e-11 6.826e-10
2.818e-09 6.147e+51 3.047e+34 2.442e-22 5.155e-11 6.478e-10
3.162e-09 4.612e+51 2.878e+34 2.307e-22 4.869e-11 6.119e-10
3.548e-09 3.444e+51 2.706e+34 2.168e-22 4.577e-11 5.752e-10
3.981e-09 2.558e+51 2.531e+34 2.028e-22 4.281e-11 5.379e-10
4.467e-09 1.891e+51 2.355e+34 1.887e-22 3.983e-11 5.005e-10
5.012e-09 1.390e+51 2.179e+34 1.746e-22 3.685e-11 4.631e-10
5.623e-09 1.015e+51 2.004e+34 1.606e-22 3.390e-11 4.260e-10
6.310e-09 7.375e+50 1.833e+34 1.469e-22 3.100e-11 3.895e-10
7.079e-09 5.323e+50 1.665e+34 1.334e-22 2.817e-11 3.539e-10
7.943e-09 3.816e+50 1.503e+34 1.204e-22 2.542e-11 3.194e-10
8.913e-09 2.716e+50 1.347e+34 1.079e-22 2.278e-11 2.863e-10
1.000e-08 1.919e+50 1.198e+34 9.600e-23 2.026e-11 2.546e-10
1.122e-08 1.345e+50 1.057e+34 8.472e-23 1.788e-11 2.247e-10
1.259e-08 9.351e+49 9.251e+33 7.413e-23 1.565e-11 1.966e-10
1.413e-08 6.441e+49 8.022e+33 6.428e-23 1.357e-11 1.705e-10
1.585e-08 4.394e+49 6.888e+33 5.520e-23 1.165e-11 1.464e-10
1.778e-08 2.966e+49 5.853e+33 4.691e-23 9.901e-12 1.244e-10
1.995e-08 1.979e+49 4.917e+33 3.940e-23 8.317e-12 1.045e-10
2.239e-08 1.304e+49 4.079e+33 3.269e-23 6.900e-12 8.671e-11
2.512e-08 8.476e+48 3.338e+33 2.675e-23 5.646e-12 7.096e-11
2.818e-08 5.427e+48 2.690e+33 2.156e-23 4.551e-12 5.719e-11
3.162e-08 3.416e+48 2.132e+33 1.709e-23 3.606e-12 4.532e-11
3.548e-08 2.110e+48 1.658e+33 1.329e-23 2.805e-12 3.525e-11
3.981e-08 1.276e+48 1.263e+33 1.012e-23 2.136e-12 2.684e-11
4.467e-08 7.540e+47 9.389e+32 7.524e-24 1.588e-12 1.996e-11
5.012e-08 4.336e+47 6.798e+32 5.448e-24 1.150e-12 1.445e-11
5.623e-08 2.419e+47 4.775e+32 3.826e-24 8.077e-13 1.015e-11
6.310e-08 1.304e+47 3.241e+32 2.597e-24 5.482e-13 6.889e-12
7.079e-08 6.763e+46 2.116e+32 1.695e-24 3.579e-13 4.497e-12
7.943e-08 3.355e+46 1.321e+32 1.059e-24 2.235e-13 2.809e-12
8.913e-08 1.583e+46 7.849e+31 6.290e-25 1.328e-13 1.669e-12
1.000e-07 7.057e+45 4.404e+31 3.529e-25 7.450e-14 9.362e-13
1.122e-07 2.948e+45 2.316e+31 1.856e-25 3.918e-14 4.924e-13
1.259e-07 1.144e+45 1.132e+31 9.069e-26 1.914e-14 2.406e-13
1.413e-07 4.084e+44 5.086e+30 4.076e-26 8.604e-15 1.081e-13
1.585e-07 1.326e+44 2.079e+30 1.666e-26 3.516e-15 4.419e-14
1.778e-07 3.865e+43 7.628e+29 6.113e-27 1.290e-15 1.622e-14
1.995e-07 9.968e+42 2.477e+29 1.985e-27 4.190e-16 5.265e-15
2.239e-07 2.238e+42 7.000e+28 5.609e-28 1.184e-16 1.488e-15
2.512e-07 4.290e+41 1.689e+28 1.354e-28 2.858e-17 3.591e-16
2.818e-07 6.878e+40 3.410e+27 2.733e-29 5.768e-18 7.249e-17
3.162e-07 8.959e+39 5.592e+26 4.481e-30 9.458e-19 1.189e-17
3.548e-07 9.189e+38 7.220e+25 5.786e-31 1.221e-19 1.535e-18
3.981e-07 5.298e+37 5.241e+24 4.200e-32 8.865e-21 1.114e-19
4.467e-07 0.000e+00 0.000e+00 0.000e+00 0.000e+00 0.000e+00
5.012e-07 0.000e+00 0.000e+00 0.000e+00 0.000e+00 0.000e+00
5.623e-07 0.000e+00 0.000e+00 0.000e+00 0.000e+00 0.000e+00
6.310e-07 0.000e+00 0.000e+00 0.000e+00 0.000e+00 0.000e+00
7.079e-07 0.000e+00 0.000e+00 0.000e+00 0.000e+00 0.000e+00
7.943e-07 0.000e+00 0.000e+00 0.000e+00 0.000e+00 0.000e+00
8.913e-07 0.000e+00 0.000e+00 0.000e+00 0.000e+00 0.000e+00
1.000e-06 0.000e+00 0.000e+00 0.000e+00 0.000e+00 0.000e+00
1.122e-06 0.000e+00 0.000e+00 0.000e+00 0.000e+00 0.000e+00
1.259e-06 0.000e+00 0.000e+00 0.000e+00 0.000e+00 0.000e+00
1.413e-06 0.000e+00 0.000e+00 0.000e+00 0.000e+00 0.000e+00
1.585e-06 0.000e+00 0.000e+00 0.000e+00 0.000e+00 0.000e+00
1.778e-06 0.000e+00 0.000e+00 0.000e+00 0.000e+00 0.000e+00
1.995e-06 0.000e+00 0.000e+00 0.000e+00 0.000e+00 0.000e+00
2.239e-06 0.000e+00 0.000e+00 0.000e+00 0.000e+00 0.000e+00
2.512e-06 0.000e+00 0.000e+00 0.000e+00 0.000e+00 0.000e+00
2.818e-06 0.000e+00 0.000e+00 0.000e+00 0.000e+00 0.000e+00
3.162e-06 0.000e+00 0.000e+00 0.000e+00 0.000e+00 0.000e+00
3.548e-06 0.000e+00 0.000e+00 0.000e+00 0.000e+00 0.000e+00
3.981e-06 0.000e+00 0.000e+00 0.000e+00 0.000e+00 0.000e+00
4.467e-06 0.000e+00 0.000e+00 0.000e+00 0.000e+00 0.000e+00
5.012e-06 0.000e+00 0.000e+00 0.000e+00 0.000e+00 0.000e+00
5.623e-06 0.000e+00 0.000e+00 0.000e+00 0.000e+00 0.000e+00
6.310e-06 0.000e+00 0.000e+00 0.000e+00 0.000e+00 0.000e+00
7.079e-06 0.000e+00 0.000e+00 0.000e+00 0.000e+00 0.000e+00
7.943e-06 0.000e+00 0.000e+00 0.000e+00 0.000e+00 0.000e+00
8.913e-06 0.000e+00 0.000e+00 0.000e+00 0.000e+00 0.000e+00
1.000e-05 0.000e+00 0.000e+00 0.000e+00 0.000e+00 0.000e+00
1.122e-05 0.000e+00 0.000e+00 0.000e+00 0.000e+00 0.000e+00
1.259e-05 0.000e+00 0.000e+00 0.000e+00 0.000e+00 0.000e+00
1.413e-05 0.000e+00 0.000e+00 0.000e+00 0.000e+00 0.000e+00
1.585e-05 0.000e+00 0.000e+00 0.000e+00 0.000e+00 0.000e+00
1.778e-05 0.000e+00 0.000e+00 0.000e+00 0.000e+00 0.000e+00
1.995e-05 0.000e+00 0.000e+00 0.000e+00 0.000e+00 0.000e+00
2.239e-05 0.000e+00 0.000e+00 0.000e+00 0.000e+00 0.000e+00
2.512e-05 0.000e+00 0.000e+00 0.000e+00 0.000e+00 0.000e+00
2.818e-05 0.000e+00 0.000e+00 0.000e+00 0.000e+00 0.000e+00
3.162e-05 0.000e+00 0.000e+00 0.000e+00 0.000e+00 0.000e+00
3.548e-05 0.000e+00 0.000e+00 0.000e+00 0.000e+00 0.000e+00
3.981e-05 0.000e+00 0.000e+00 0.000e+00 0.000e+00 0.000e+00
4.467e-05 0.000e+00 0.000e+00 0.000e+00 0.000e+00 0.000e+00
5.012e-05 0.000e+00 0.000e+00 0.000e+00 0.000e+00 0.000e+00
5.623e-05 0.000e+00 0.000e+00 0.000e+00 0.000e+00 0.000e+00
6.310e-05 0.000e+00 0.000e+00 0.000e+00 0.000e+00 0.000e+00
7.079e-05 0.000e+00 0.000e+00 0.000e+00 0.000e+00 0.000e+00
7.943e-05 0.000e+00 0.000e+00 0.000e+00 0.000e+00 0.000e+00
8.913e-05 0.000e+00 0.000e+00 0.000e+00 0.000e+00 0.000e+00
1.000e-04 0.000e+00 0.000e+00 0.000e+00 0.000e+00 0.000e+00
1.122e-04 0.000e+00 0.000e+00 0.000e+00 0.000e+00 0.000e+00
1.259e-04 0.000e+00 0.000e+00 0.000e+00 0.000e+00 0.000e+00
1.413e-04 0.000e+00 0.000e+00 0.000e+00 0.000e+00 0.000e+00
1.585e-04 0.000e+00 0.000e+00 0.000e+00 0.000e+00 0.000e+00
1.778e-04 0.000e+00 0.000e+00 0.000e+00 0.000e+00 0.000e+00
1.995e-04 0.000e+00 0.000e+00 0.000e+00 0.000e+00 0.000e+00
2.239e-04 0.000e+00 0.000e+00 0.000e+00 0.000e+00 0.000e+00
2.512e-04 0.000e+00 0.000e+00 0.000e+00 0.000e+00 0.000e+00
2.818e-04 0.000e+00 0.000e+00 0.000e+00 0.000e+00 0.000e+00
3.162e-04 0.000e+00 0.000e+00 0.000e+00 0.000e+00 0.000e+00
3.548e-04 0.000e+00 0.000e+00 0.000e+00 0.000e+00 0.000e+00
3.981e-04 0.000e+00 0.000e+00 0.000e+00 0.000e+00 0.000e+00
4.467e-04 0.000e+00 0.000e+00 0.000e+00 0.000e+00 0.000e+00
5.012e-04 0.000e+00 0.000e+00 0.000e+00 0.000e+00 0.000e+00
5.623e-04 0.000e+00 0.000e+00 0.000e+00 0.000e+00 0.000e+00
6.310e-04 0.000e+00 0.000e+00 0.000e+00 0.000e+00 0.000e+00
7.079e-04 0.000e+00 0.000e+00 0.000e+00 0.000e+00 0.000e+00
7.943e-04 0.000e+00 0.000e+00 0.000e+00 0.000e+00 0.000e+00
8.913e-04 0.000e+00 0.000e+00 0.000e+00 0.000e+00 0.000e+00
1.000e-03 0.000e+00 0.000e+00 0.000e+00 0.000e+00 0.000e+00
1.122e-03 0.000e+00 0.000e+00 0.000e+00 0.000e+00 0.000e+00
1.259e-03 0.000e+00 0.000e+00 0.000e+00 0.000e+00 0.000e+00
1.413e-03 0.000e+00 0.000e+00 0.000e+00 0.000e+00 0.000e+00
1.585e-03 0.000e+00 0.000e+00 0.000e+00 0.000e+00 0.000e+00
1.778e-03 0.000e+00 0.000e+00 0.000e+00 0.000e+00 0.000e+00
1.995e-03 0.000e+00 0.000e+00 0.000e+00 0.000e+00 0.000e+00
2.239e-03 0.000e+00 0.000e+00 0.000e+00 0.000e+00 0.000e+00
2.512e-03 0.000e+00 0.000e+00 0.000e+00 0.000e+00 0.000e+00
2.818e-03 0.000e+00 0.000e+00 0.000e+00 0.000e+00 0.000e+00
3.162e-03 0.000e+00 0.000e+00 0.000e+00 0.000e+00 0.000e+00
3.548e-03 0.000e+00 0.000e+00 0.000e+00 0.000e+00 0.000e+00
3.981e-03 0.000e+00 0.000e+00 0.000e+00 0.000e+00 0.000e+00
4.467e-03 0.000e+00 0.000e+00 0.000e+00 0.000e+00 0.000e+00
5.012e-03 0.000e+00 0.000e+00 0.000e+00 0.000e+00 0.000e+00
5.623e-03 0.000e+00 0.000e+00 0.000e+00 0.000e+00 0.000e+00
6.310e-03 0.000e+00 0.000e+00 0.000e+00 0.000e+00 0.000e+00
7.079e-03 0.000e+00 0.000e+00 0.000e+00 0.000e+00 0.000e+00
7.943e-03 0.000e+00 0.000e+00 0.000e+00 0.000e+00 0.000e+00
8.913e-03 0.000e+00 0.000e+00 0.000e+00 0.000e+00 0.000e+00
1.000e-02 0.000e+00 0.000e+00 0.000e+00 0.000e+00 0.000e+00
1.122e-02 0.000e+00 0.000e+00 0.000e+00 0.000e+00 0.000e+00
1.259e-02 0.000e+00 0.000e+00 0.000e+00 0.000e+00 0.000e+00
1.413e-02 0.000e+00 0.000e+00 0.000e+00 0.000e+00 0.000e+00
1.585e-02 0.000e+00 0.000e+00 0.000e+00 0.000e+00 0.000e+00
1.778e-02 0.000e+00 0.000e+00 0.000e+00 0.000e+00 0.000e+00
1.995e-02 0.000e+00 0.000e+00 0.000e+00 0.000e+00 0.000e+00
2.239e-02 0.000e+00 0.000e+00 0.000e+00 0.000e+00 0.000e+00
2.512e-02 0.000e+00 0.000e+00 0.000e+00 0.000e+00 0.000e+00
2.818e-02 0.000e+00 0.000e+00 0.000e+00 0.000e+00 0.000e+00
3.162e-02 0.000e+00 0.000e+00 0.000e+00 0.000e+00 0.000e+00
3.548e-02 0.000e+00 0.000e+00 0.000e+00 0.000e+00 0.000e+00
3.981e-02 0.000e+00 0.000e+00 0.000e+00 0.000e+00 0.000e+00
4.467e-02 0.000e+00 0.000e+00 0.000e+00 0.000e+00 0.000e+00
5.012e-02 0.000e+00 0.000e+00 0.000e+00 0.000e+00 0.000e+00
5.623e-02 0.000e+00 0.000e+00 0.000e+00 0.000e+00 0.000e+00
6.310e-02 0.000e+00 0.000e+00 0.000e+00 0.000e+00 0.000e+00
7.079e-02 0.000e+00 0.000e+00 0.000e+00 0.000e+00 0.000e+00
7.943e-02 0.000e+00 0.000e+00 0.000e+00 0.000e+00 0.000e+00
8.913e-02 0.000e+00 0.000e+00 0.000e+00 0.000e+00 0.000e+00
1.000e-01 0.000e+00 0.000e+00 0.000e+00 0.000e+00 0.000e+00
1.122e-01 0.000e+00 0.000e+00 0.000e+00 0.000e+00 0.000e+00
1.259e-01 0.000e+00 0.000e+00 0.000e+00 0.000e+00 0.000e+00
1.413e-01 0.000e+00 0.000e+00 0.000e+00 0.000e+00 0.000e+00
1.585e-01 0.000e+00 0.000e+00 0.000e+00 0.000e+00 0.000e+00
1.778e-01 0.000e+00 0.000e+00 0.000e+00 0.000e+00 0.000e+00
1.995e-01 0.000e+00 0.000e+00 0.000e+00 0.000e+00 0.000e+00
2.239e-01 0.000e+00 0.000e+00 0.000e+00 0.000e+00 0.000e+00
2.512e-01 0.000e+00 0.000e+00 0.000e+00 0.000e+00 0.000e+00
2.818e-01 0.000e+00 0.000e+00 0.000e+00 0.000e+00 0.000e+00
3.162e-01 0.000e+00 0.000e+00 0.000e+00 0.000e+00 0.000e+00
3.548e-01 0.000e+00 0.000e+00 0.000e+00 0.000e+00 0.000e+00
3.981e-01 0.000e+00 0.000e+00 0.000e+00 0.000e+00 0.000e+00
4.467e-01 0.000e+00 0.000e+00 0.000e+00 0.000e+00 0.000e+00
5.012e-01 0.000e+00 0.000e+00 0.000e+00 0.000e+00 0.000e+00
5.623e-01 0.000e+00 0.000e+00 0.000e+00 0.000e+00 0.000e+00
6.310e-01 0.000e+00 0.000e+00 0.000e+00 0.000e+00 0.000e+00
7.079e-01 0.000e+00 0.000e+00 0.000e+00 0.000e+00 0.000e+00
7.943e-01 0.000e+00 0.000e+00 0.000e+00 0.000e+00 0.000e+00
8.913e-01 0.000e+00 0.000e+00 0.000e+00 0.000e+00 0.000e+00
1.000e+00 0.000e+00 0.000e+00 0.000e+00 0.000e+00 0.000e+00
1.122e+00 0.000e+00 0.000e+00 0.000e+00 0.000e+00 0.000e+00
1.259e+00 0.000e+00 0.000e+00 0.000e+00 0.000e+00 0.000e+00
1.413e+00 0.000e+00 0.000e+00 0.000e+00 0.000e+00 0.000e+00
1.585e+00 0.000e+00 0.000e+00 0.000e+00 0.000e+00 0.000e+00
1.778e+00 0.000e+00 0.000e+00 0.000e+00 0.000e+00 0.000e+00
1.995e+00 0.000e+00 0.000e+00 0.000e+00 0.000e+00 0.000e+00
2.239e+00 0.000e+00 0.000e+00 0.000e+00 0.000e+00 0.000e+00
2.512e+00 0.000e+00 0.000e+00 0.000e+00 0.000e+00 0.000e+00
2.818e+00 0.000e+00 0.000e+00 0.000e+00 0.000e+00 0.000e+00
3.162e+00 0.000e+00 0.000e+00 0.000e+00 0.000e+00 0.000e+00
3.548e+00 0.000e+00 0.000e+00 0.000e+00 0.000e+00 0.000e+00
3.981e+00 0.000e+00 0.000e+00 0.000e+00 0.000e+00 0.000e+00
4.467e+00 0.000e+00 0.000e+00 0.000e+00 0.000e+00 0.000e+00
5.012e+00 0.000e+00 0.000e+00 0.000e+00 0.000e+00 0.000e+00
5.623e+00 0.000e+00 0.000e+00 0.000e+00 0.000e+00 0.000e+00
6.310e+00 0.000e+00 0.000e+00 0.000e+00 0.000e+00 0.000e+00
7.079e+00 0.000e+00 0.000e+00 0.000e+00 0.000e+00 0.000e+00
7.943e+00 0.000e+00 0.000e+00 0.000e+00 0.000e+00 0.000e+00
8.913e+00 0.000e+00 0.000e+00 0.000e+00 0.000e+00 0.000e+00
1.000e+01 0.000e+00 0.000e+00 0.000e+00 0.000e+00 0.000e+00
1.122e+01 0.000e+00 0.000e+00 0.000e+00 0.000e+00 0.000e+00
1.259e+01 0.000e+00 0.000e+00 0.000e+00 0.000e+00 0.000e+00
1.413e+01 0.000e+00 0.000e+00 0.000e+00 0.000e+00 0.000e+00
1.585e+01 0.000e+00 0.000e+00 0.000e+00 0.000e+00 0.000e+00
1.778e+01 0.000e+00 0.000e+00 0.000e+00 0.000e+00 0.000e+00
1.995e+01 0.000e+00 0.000e+00 0.000e+00 0.000e+00 0.000e+00
2.239e+01 0.000e+00 0.000e+00 0.000e+00 0.000e+00 0.000e+00
2.512e+01 0.000e+00 0.000e+00 0.000e+00 0.000e+00 0.000e+00
2.818e+01 0.000e+00 0.000e+00 0.000e+00 0.000e+00 0.000e+00
3.162e+01 0.000e+00 0.000e+00 0.000e+00 0.000e+00 0.000e+00
3.548e+01 0.000e+00 0.000e+00 0.000e+00 0.000e+00 0.000e+00
3.981e+01 0.000e+00 0.000e+00 0.000e+00 0.000e+00 0.000e+00
4.467e+01 0.000e+00 0.000e+00 0.000e+00 0.000e+00 0.000e+00
5.012e+01 0.000e+00 0.000e+00 0.000e+00 0.000e+00 0.000e+00
5.623e+01 0.000e+00 0.000e+00 0.000e+00 0.000e+00 0.000e+00
6.310e+01 0.000e+00 0.000e+00 0.000e+00 0.000e+00 0.000e+00
7.079e+01 0.000e+00 0.000e+00 0.000e+00 0.000e+00 0.000e+00
7.943e+01 0.000e+00 0.000e+00 0.000e+00 0.000e+00 0.000e+00
8.913e+01 0.000e+00 0.000e+00 0.000e+00 0.000e+00 0.000e+00
1.000e+02 0.000e+00 0.000e+00 0.000e+00 0.000e+00 0.000e+00
1.122e+02 0.000e+00 0.000e+00 0.000e+00 0.000e+00 0.000e+00
1.259e+02 0.000e+00 0.000e+00 0.000e+00 0.000e+00 0.000e+00
1.413e+02 0.000e+00 0.000e+00 0.000e+00 0.000e+00 0.000e+00
1.585e+02 0.000e+00 0.000e+00 0.000e+00 0.000e+00 0.000e+00
1.778e+02 0.000e+00 0.000e+00 0.000e+00 0.000e+00 0.000e+00
1.995e+02 0.000e+00 0.000e+00 0.000e+00 0.000e+00 0.000e+00
2.239e+02 0.000e+00 0.000e+00 0.000e+00 0.000e+00 0.000e+00
2.512e+02 0.000e+00 0.000e+00 0.000e+00 0.000e+00 0.000e+00
2.818e+02 0.000e+00 0.000e+00 0.000e+00 0.000e+00 0.000e+00
3.162e+02 0.000e+00 0.000e+00 0.000e+00 0.000e+00 0.000e+00
3.548e+02 0.000e+00 0.000e+00 0.000e+00 0.000e+00 0.000e+00
3.981e+02 0.000e+00 0.000e+00 0.000e+00 0.000e+00 0.000e+00
4.467e+02 0.000e+00 0.000e+00 0.000e+00 0.000e+00 0.000e+00
5.012e+02 0.000e+00 0.000e+00 0.000e+00 0.000e+00 0.000e+00
5.623e+02 0.000e+00 0.000e+00 0.000e+00 0.000e+00 0.000e+00
6.310e+02 0.000e+00 0.000e+00 0.000e+00 0.000e+00 0.000e+00
7.079e+02 0.000e+00 0.000e+00 0.000e+00 0.000e+00 0.000e+00
7.943e+02 0.000e+00 0.000e+00 0.000e+00 0.000e+00 0.000e+00
8.913e+02 0.000e+00 0.000e+00 0.000e+00 0.000e+00 0.000e+00
1.000e+03 0.000e+00 0.000e+00 0.000e+00 0.000e+00 0.000e+00
1.122e+03 0.000e+00 0.000e+00 0.000e+00 0.000e+00 0.000e+00
1.259e+03 0.000e+00 0.000e+00 0.000e+00 0.000e+00 0.000e+00
1.413e+03 0.000e+00 0.000e+00 0.000e+00 0.000e+00 0.000e+00
1.585e+03 0.000e+00 0.000e+00 0.000e+00 0.000e+00 0.000e+00
1.778e+03 0.000e+00 0.000e+00 0.000e+00 0.000e+00 0.000e+00
1.995e+03 0.000e+00 0.000e+00 0.000e+00 0.000e+00 0.000e+00
2.239e+03 0.000e+00 0.000e+00 0.000e+00 0.000e+00 0.000e+00
2.512e+03 0.000e+00 0.000e+00 0.000e+00 0.000e+00 0.000e+00
2.818e+03 0.000e+00 0.000e+00 0.000e+00 0.000e+00 0.000e+00
3.162e+03 0.000e+00 0.000e+00 0.000e+00 0.000e+00 0.000e+00
3.548e+03 0.000e+00 0.000e+00 0.000e+00 0.000e+00 0.000e+00
3.981e+03 0.000e+00 0.000e+00 0.000e+00 0.000e+00 0.000e+00
4.467e+03 0.000e+00 0.000e+00 0.000e+00 0.000e+00 0.000e+00
5.012e+03 0.000e+00 0.000e+00 0.000e+00 0.000e+00 0.000e+00
5.623e+03 0.000e+00 0.000e+00 0.000e+00 0.000e+00 0.000e+00
6.310e+03 0.000e+00 0.000e+00 0.000e+00 0.000e+00 0.000e+00
7.079e+03 0.000e+00 0.000e+00 0.000e+00 0.000e+00 0.000e+00
7.943e+03 0.000e+00 0.000e+00 0.000e+00 0.000e+00 0.000e+00
8.913e+03 0.000e+00 0.000e+00 0.000e+00 0.000e+00 0.000e+00
1.000e+04 0.000e+00 0.000e+00 0.000e+00 0.000e+00 0.000e+00
1.122e+04 0.000e+00 0.000e+00 0.000e+00 0.000e+00 0.000e+00
1.259e+04 0.000e+00 0.000e+00 0.000e+00 0.000e+00 0.000e+00
1.413e+04 0.000e+00 0.000e+00 0.000e+00 0.000e+00 0.000e+00
1.585e+04 0.000e+00 0.000e+00 0.000e+00 0.000e+00 0.000e+00
1.778e+04 0.000e+00 0.000e+00 0.000e+00 0.000e+00 0.000e+00
1.995e+04 0.000e+00 0.000e+00 0.000e+00 0.000e+00 0.000e+00
2.239e+04 0.000e+00 0.000e+00 0.000e+00 0.000e+00 0.000e+00
2.512e+04 0.000e+00 0.000e+00 0.000e+00 0.000e+00 0.000e+00
2.818e+04 0.000e+00 0.000e+00 0.000e+00 0.000e+00 0.000e+00
3.162e+04 0.000e+00 0.000e+00 0.000e+00 0.000e+00 0.000e+00
3.548e+04 0.000e+00 0.000e+00 0.000e+00 0.000e+00 0.000e+00
3.981e+04 0.000e+00 0.000e+00 0.000e+00 0.000e+00 0.000e+00
4.467e+04 0.000e+00 0.000e+00 0.000e+00 0.000e+00 0.000e+00
5.012e+04 0.000e+00 0.000e+00 0.000e+00 0.000e+00 0.000e+00
5.623e+04 0.000e+00 0.000e+00 0.000e+00 0.000e+00 0.000e+00
6.310e+04 0.000e+00 0.000e+00 0.000e+00 0.000e+00 0.000e+00
7.079e+04 0.000e+00 0.000e+00 0.000e+00 0.000e+00 0.000e+00
7.943e+04 0.000e+00 0.000e+00 0.000e+00 0.000e+00 0.000e+00
8.913e+04 0.000e+00 0.000e+00 0.000e+00 0.000e+00 0.000e+00
1.000e+05 0.000e+00 0.000e+00 0.000e+00 0.000e+00 0.000e+00
1.122e+05 0.000e+00 0.000e+00 0.000e+00 0.000e+00 0.000e+00
1.259e+05 0.000e+00 0.000e+00 0.000e+00 0.000e+00 0.000e+00
1.413e+05 0.000e+00 0.000e+00 0.000e+00 0.000e+00 0.000e+00
1.585e+05 0.000e+00 0.000e+00 0.000e+00 0.000e+00 0.000e+00
1.778e+05 0.000e+00 0.000e+00 0.000e+00 0.000e+00 0.000e+00
1.995e+05 0.000e+00 0.000e+00 0.000e+00 0.000e+00 0.000e+00
2.239e+05 0.000e+00 0.000e+00 0.000e+00 0.000e+00 0.000e+00
2.512e+05 0.000e+00 0.000e+00 0.000e+00 0.000e+00 0.000e+00
2.818e+05 0.000e+00 0.000e+00 0.000e+00 0.000e+00 0.000e+00
3.162e+05 0.000e+00 0.000e+00 0.000e+00 0.000e+00 0.000e+00
3.548e+05 0.000e+00 0.000e+00 0.000e+00 0.000e+00 0.000e+00
3.981e+05 0.000e+00 0.000e+00 0.000e+00 0.000e+00 0.000e+00
4.467e+05 0.000e+00 0.000e+00 0.000e+00 0.000e+00 0.000e+00
5.012e+05 0.000e+00 0.000e+00 0.000e+00 0.000e+00 0.000e+00
5.623e+05 0.000e+00 0.000e+00 0.000e+00 0.000e+00 0.000e+00
6.310e+05 0.000e+00 0.000e+00 0.000e+00 0.000e+00 0.000e+00
7.079e+05 0.000e+00 0.000e+00 0.000e+00 0.000e+00 0.000e+00
7.943e+05 0.000e+00 0.000e+00 0.000e+00 0.000e+00 0.000e+00
8.913e+05 0.000e+00 0.000e+00 0.000e+00 0.000e+00 0.000e+00
1.000e+06 0.000e+00 0.000e+00 0.000e+00 0.000e+00 0.000e+00
1.122e+06 0.000e+00 0.000e+00 0.000e+00 0.000e+00 0.000e+00
1.259e+06 0.000e+00 0.000e+00 0.000e+00 0.000e+00 0.000e+00
1.413e+06 0.000e+00 0.000e+00 0.000e+00 0.000e+00 0.000e+00
1.585e+06 0.000e+00 0.000e+00 0.000e+00 0.000e+00 0.000e+00
1.778e+06 0.000e+00 0.000e+00 0.000e+00 0.000e+00 0.000e+00
1.995e+06 0.000e+00 0.000e+00 0.000e+00 0.000e+00 0.000e+00
2.239e+06 0.000e+00 0.000e+00 0.000e+00 0.000e+00 0.000e+00
2.512e+06 0.000e+00 0.000e+00 0.000e+00 0.000e+00 0.000e+00
2.818e+06 0.000e+00 0.000e+00 0.000e+00 0.000e+00 0.000e+00
3.162e+06 0.000e+00 0.000e+00 0.000e+00 0.000e+00 0.000e+00
3.548e+06 0.000e+00 0.000e+00 0.000e+00 0.000e+00 0.000e+00
3.981e+06 0.000e+00 0.000e+00 0.000e+00 0.000e+00 0.000e+00
4.467e+06 0.000e+00 0.000e+00 0.000e+00 0.000e+00 0.000e+00
5.012e+06 0.000e+00 0.000e+00 0.000e+00 0.000e+00 0.000e+00
5.623e+06 0.000e+00 0.000e+00 0.000e+00 0.000e+00 0.000e+00
6.310e+06 0.000e+00 0.000e+00 0.000e+00 0.000e+00 0.000e+00
7.079e+06 0.000e+00 0.000e+00 0.000e+00 0.000e+00 0.000e+00
7.943e+06 0.000e+00 0.000e+00 0.000e+00 0.000e+00 0.000e+00
8.913e+06 0.000e+00 0.000e+00 0.000e+00 0.000e+00 0.000e+00
1.000e+07 0.000e+00 0.000e+00 0.000e+00 0.000e+00 0.000e+00
1.122e+07 0.000e+00 0.000e+00 0.000e+00 0.000e+00 0.000e+00
1.259e+07 0.000e+00 0.000e+00 0.000e+00 0.000e+00 0.000e+00
1.413e+07 0.000e+00 0.000e+00 0.000e+00 0.000e+00 0.000e+00
1.585e+07 0.000e+00 0.000e+00 0.000e+00 0.000e+00 0.000e+00
1.778e+07 0.000e+00 0.000e+00 0.000e+00 0.000e+00 0.000e+00
1.995e+07 0.000e+00 0.000e+00 0.000e+00 0.000e+00 0.000e+00
2.239e+07 0.000e+00 0.000e+00 0.000e+00 0.000e+00 0.000e+00
2.512e+07 0.000e+00 0.000e+00 0.000e+00 0.000e+00 0.000e+00
2.818e+07 0.000e+00 0.000e+00 0.000e+00 0.000e+00 0.000e+00
3.162e+07 0.000e+00 0.000e+00 0.000e+00 0.000e+00 0.000e+00
3.548e+07 0.000e+00 0.000e+00 0.000e+00 0.000e+00 0.000e+00
3.981e+07 0.000e+00 0.000e+00 0.000e+00 0.000e+00 0.000e+00
4.467e+07 0.000e+00 0.000e+00 0.000e+00 0.000e+00 0.000e+00
5.012e+07 0.000e+00 0.000e+00 0.000e+00 0.000e+00 0.000e+00
5.623e+07 0.000e+00 0.000e+00 0.000e+00 0.000e+00 0.000e+00
6.310e+07 0.000e+00 0.000e+00 0.000e+00 0.000e+00 0.000e+00
7.079e+07 0.000e+00 0.000e+00 0.000e+00 0.000e+00 0.000e+00
7.943e+07 0.000e+00 0.000e+00 0.000e+00 0.000e+00 0.000e+00
8.913e+07 0.000e+00 0.000e+00 0.000e+00 0.000e+00 0.000e+00
1.000e+08 0.000e+00 0.000e+00 0.000e+00 0.000e+00 0.000e+00
