1.000e-20 0.000e+00 0.000e+00 0.000e+00 0.000e+00 0.000e+00
1.122e-20 0.000e+00 0.000e+00 0.000e+00 0.000e+00 0.000e+00
1.259e-20 0.000e+00 0.000e+00 0.000e+00 0.000e+00 0.000e+00
1.413e-20 0.000e+00 0.000e+00 0.000e+00 0.000e+00 0.000e+00
1.585e-20 0.000e+00 0.000e+00 0.000e+00 0.000e+00 0.000e+00
1.778e-20 0.000e+00 0.000e+00 0.000e+00 0.000e+00 0.000e+00
1.995e-20 0.000e+00 0.000e+00 0.000e+00 0.000e+00 0.000e+00
2.239e-20 0.000e+00 0.000e+00 0.000e+00 0.000e+00 0.000e+00
2.512e-20 0.000e+00 0.000e+00 0.000e+00 0.000e+00 0.000e+00
2.818e-20 0.000e+00 0.000e+00 0.000e+00 0.000e+00 0.000e+00
3.162e-20 0.000e+00 0.000e+00 0.000e+00 0.000e+00 0.000e+00
3.548e-20 0.000e+00 0.000e+00 0.000e+00 0.000e+00 0.000e+00
3.981e-20 0.000e+00 0.000e+00 0.000e+00 0.000e+00 0.000e+00
4.467e-20 0.000e+00 0.000e+00 0.000e+00 0.000e+00 0.000e+00
5.012e-20 0.000e+00 0.000e+00 0.000e+00 0.000e+00 0.000e+00
5.623e-20 0.000e+00 0.000e+00 0.000e+00 0.000e+00 0.000e+00
6.310e-20 0.000e+00 0.000e+00 0.000e+00 0.000e+00 0.000e+00
7.079e-20 0.000e+00 0.000e+00 0.000e+00 0.000e+00 0.000e+00
7.943e-20 0.000e+00 0.000e+00 0.000e+00 0.000e+00 0.000e+00
8.913e-20 0.000e+00 0.000e+00 0.000e+00 0.000e+00 0.000e+00
1.000e-19 0.000e+00 0.000e+00 0.000e+00 0.000e+00 0.000e+00
1.122e-19 0.000e+00 0.000e+00 0.000e+00 0.000e+00 0.000e+00
1.259e-19 0.000e+00 0.000e+00 0.000e+00 0.000e+00 0.000e+00
1.413e-19 0.000e+00 0.000e+00 0.000e+00 0.000e+00 0.000e+00
1.585e-19 0.000e+00 0.000e+00 0.000e+00 0.000e+00 0.000e+00
1.778e-19 0.000e+00 0.000e+00 0.000e+00 0.000e+00 0.000e+00
1.995e-19 0.000e+00 0.000e+00 0.000e+00 0.000e+00 0.000e+00
2.239e-19 0.000e+00 0.000e+00 0.000e+00 0.000e+00 0.000e+00
2.512e-19 0.000e+00 0.000e+00 0.000e+00 0.000e+00 0.000e+00
2.818e-19 0.000e+00 0.000e+00 0.000e+00 0.000e+00 0.000e+00
3.162e-19 0.000e+00 0.000e+00 0.000e+00 0.000e+00 0.000e+00
3.548e-19 0.000e+00 0.000e+00 0.000e+00 0.000e+00 0.000e+00
3.981e-19 0.000e+00 0.000e+00 0.000e+00 0.000e+00 0.000e+00
4.467e-19 0.000e+00 0.000e+00 0.000e+00 0.000e+00 0.000e+00
5.012e-19 0.000e+00 0.000e+00 0.000e+00 0.000e+00 0.000e+00
5.623e-19 0.000e+00 0.000e+00 0.000e+00 0.000e+00 0.000e+00
6.310e-19 0.000e+00 0.000e+00 0.000e+00 0.000e+00 0.000e+00
7.079e-19 0.000e+00 0.000e+00 0.000e+00 0.000e+00 0.000e+00
7.943e-19 0.000e+00 0.000e+00 0.000e+00 0.000e+00 0.000e+00
8.913e-19 0.000e+00 0.000e+00 0.000e+00 0.000e+00 0.000e+00
1.000e-18 0.000e+00 0.000e+00 0.000e+00 0.000e+00 0.000e+00
1.122e-18 0.000e+00 0.000e+00 0.000e+00 0.000e+00 0.000e+00
1.259e-18 0.000e+00 0.000e+00 0.000e+00 0.000e+00 0.000e+00
1.413e-18 0.000e+00 0.000e+00 0.000e+00 0.000e+00 0.000e+00
1.585e-18 0.000e+00 0.000e+00 0.000e+00 0.000e+00 0.000e+00
1.778e-18 0.000e+00 0.000e+00 0.000e+00 0.000e+00 0.000e+00
1.995e-18 0.000e+00 0.000e+00 0.000e+00 0.000e+00 0.000e+00
2.239e-18 0.000e+00 0.000e+00 0.000e+00 0.000e+00 0.000e+00
2.512e-18 0.000e+00 0.000e+00 0.000e+00 0.000e+00 0.000e+00
2.818e-18 0.000e+00 0.000e+00 0.000e+00 0.000e+00 0.000e+00
3.162e-18 0.000e+00 0.000e+00 0.000e+00 0.000e+00 0.000e+00
3.548e-18 0.000e+00 0.000e+00 0.000e+00 0.000e+00 0.000e+00
3.981e-18 0.000e+00 0.000e+00 0.000e+00 0.000e+00 0.000e+00
4.467e-18 0.000e+00 0.000e+00 0.000e+00 0.000e+00 0.000e+00
5.012e-18 0.000e+00 0.000e+00 0.000e+00 0.000e+00 0.000e+00
5.623e-18 0.000e+00 0.000e+00 0.000e+00 0.000e+00 0.000e+00
6.310e-18 0.000e+00 0.000e+00 0.000e+00 0.000e+00 0.000e+00
7.079e-18 0.000e+00 0.000e+00 0.000e+00 0.000e+00 0.000e+00
7.943e-18 0.000e+00 0.000e+00 0.000e+00 0.000e+00 0.000e+00
8.913e-18 0.000e+00 0.000e+00 0.000e+00 0.000e+00 0.000e+00
1.000e-17 0.000e+00 0.000e+00 0.000e+00 0.000e+00 0.000e+00
1.122e-17 0.000e+00 0.000e+00 0.000e+00 0.000e+00 0.000e+00
1.259e-17 0.000e+00 0.000e+00 0.000e+00 0.000e+00 0.000e+00
1.413e-17 0.000e+00 0.000e+00 0.000e+00 0.000e+00 0.000e+00
1.585e-17 0.000e+00 0.000e+00 0.000e+00 0.000e+00 0.000e+00
1.778e-17 0.000e+00 0.000e+00 0.000e+00 0.000e+00 0.000e+00
1.995e-17 0.000e+00 0.000e+00 0.000e+00 0.000e+00 0.000e+00
2.239e-17 0.000e+00 0.000e+00 0.000e+00 0.000e+00 0.000e+00
2.512e-17 0.000e+00 0.000e+00 0.000e+00 0.000e+00 0.000e+00
2.818e-17 0.000e+00 0.000e+00 0.000e+00 0.000e+00 0.000e+00
3.162e-17 0.000e+00 0.000e+00 0.000e+00 0.000e+00 0.000e+00
3.548e-17 0.000e+00 0.000e+00 0.000e+00 0.000e+00 0.000e+00
3.981e-17 0.000e+00 0.000e+00 0.000e+00 0.000e+00 0.000e+00
4.467e-17 0.000e+00 0.000e+00 0.000e+00 0.000e+00 0.000e+00
5.012e-17 0.000e+00 0.000e+00 0.000e+00 0.000e+00 0.000e+00
5.623e-17 0.000e+00 0.000e+00 0.000e+00 0.000e+00 0.000e+00
6.310e-17 0.000e+00 0.000e+00 0.000e+00 0.000e+00 0.000e+00
7.079e-17 0.000e+00 0.000e+00 0.000e+00 0.000e+00 0.000e+00
7.943e-17 0.000e+00 0.000e+00 0.000e+00 0.000e+00 0.000e+00
8.913e-17 0.000e+00 0.000e+00 0.000e+00 0.000e+00 0.000e+00
1.000e-16 0.000e+00 0.000e+00 0.000e+00 0.000e+00 0.000e+00
1.122e-16 0.000e+00 0.000e+00 0.000e+00 0.000e+00 0.000e+00
1.259e-16 0.000e+00 0.000e+00 0.000e+00 0.000e+00 0.000e+00
1.413e-16 0.000e+00 0.000e+00 0.000e+00 0.000e+00 0.000e+00
1.585e-16 0.000e+00 0.000e+00 0.000e+00 0.000e+00 0.000e+00
1.778e-16 0.000e+00 0.000e+00 0.000e+00 0.000e+00 0.000e+00
1.995e-16 0.000e+00 0.000e+00 0.000e+00 0.000e+00 0.000e+00
2.239e-16 0.000e+00 0.000e+00 0.000e+00 0.000e+00 0.000e+00
2.512e-16 0.000e+00 0.000e+00 0.000e+00 0.000e+00 0.000e+00
2.818e-16 0.000e+00 0.000e+00 0.000e+00 0.000e+00 0.000e+00
3.162e-16 0.000e+00 0.000e+00 0.000e+00 0.000e+00 0.000e+00
3.548e-16 0.000e+00 0.000e+00 0.000e+00 0.000e+00 0.000e+00
3.981e-16 0.000e+00 0.000e+00 0.000e+00 0.000e+00 0.000e+00
4.467e-16 0.000e+00 0.000e+00 0.000e+00 0.000e+00 0.000e+00
5.012e-16 0.000e+00 0.000e+00 0.000e+00 0.000e+00 0.000e+00
5.623e-16 0.000e+00 0.000e+00 0.000e+00 0.000e+00 0.000e+00
6.310e-16 0.000e+00 0.000e+00 0.000e+00 0.000e+00 0.000e+00
7.079e-16 0.000e+00 0.000e+00 0.000e+00 0.000e+00 0.000e+00
7.943e-16 0.000e+00 0.000e+00 0.000e+00 0.000e+00 0.000e+00
8.913e-16 0.000e+00 0.000e+00 0.000e+00 0.000e+00 0.000e+00
1.000e-15 0.000e+00 0.000e+00 0.000e+00 0.000e+00 0.000e+00
1.122e-15 5.597e+54 4.398e+24 3.524e-32 7.439e-21 9.348e-20
1.259e-15 4.961e+54 4.907e+24 3.932e-32 8.301e-21 1.043e-19
1.413e-15 4.397e+54 5.476e+24 4.388e-32 9.262e-21 1.164e-19
1.585e-15 3.897e+54 6.110e+24 4.896e-32 1.033e-20 1.299e-19
1.778e-15 3.454e+54 6.817e+24 5.463e-32 1.153e-20 1.449e-19
1.995e-15 3.061e+54 7.606e+24 6.095e-32 1.287e-20 1.617e-19
2.239e-15 2.713e+54 8.486e+24 6.800e-32 1.435e-20 1.804e-19
2.512e-15 2.404e+54 9.467e+24 7.587e-32 1.601e-20 2.012e-19
2.818e-15 2.130e+54 1.056e+25 8.464e-32 1.787e-20 2.245e-19
3.162e-15 1.888e+54 1.178e+25 9.442e-32 1.993e-20 2.504e-19
3.548e-15 1.673e+54 1.314e+25 1.053e-31 2.223e-20 2.794e-19
3.981e-15 1.482e+54 1.466e+25 1.175e-31 2.480e-20 3.117e-19
4.467e-15 1.313e+54 1.635e+25 1.311e-31 2.766e-20 3.476e-19
5.012e-15 1.164e+54 1.824e+25 1.462e-31 3.086e-20 3.878e-19
5.623e-15 1.031e+54 2.035e+25 1.631e-31 3.442e-20 4.325e-19
6.310e-15 9.133e+53 2.269e+25 1.819e-31 3.839e-20 4.824e-19
7.079e-15 8.091e+53 2.531e+25 2.028e-31 4.281e-20 5.380e-19
7.943e-15 7.168e+53 2.823e+25 2.262e-31 4.775e-20 6.000e-19
8.913e-15 6.350e+53 3.148e+25 2.523e-31 5.325e-20 6.692e-19
1.000e-14 5.625e+53 3.511e+25 2.813e-31 5.939e-20 7.463e-19
1.122e-14 4.982e+53 3.915e+25 3.137e-31 6.622e-20 8.322e-19
1.259e-14 4.413e+53 4.366e+25 3.498e-31 7.385e-20 9.280e-19
1.413e-14 3.909e+53 4.868e+25 3.901e-31 8.234e-20 1.035e-18
1.585e-14 3.462e+53 5.428e+25 4.350e-31 9.181e-20 1.154e-18
1.778e-14 3.066e+53 6.052e+25 4.850e-31 1.024e-19 1.286e-18
1.995e-14 2.715e+53 6.747e+25 5.407e-31 1.141e-19 1.434e-18
2.239e-14 2.405e+53 7.522e+25 6.028e-31 1.272e-19 1.599e-18
2.512e-14 2.130e+53 8.386e+25 6.720e-31 1.419e-19 1.783e-18
2.818e-14 1.886e+53 9.349e+25 7.492e-31 1.581e-19 1.987e-18
3.162e-14 1.670e+53 1.042e+26 8.352e-31 1.763e-19 2.215e-18
3.548e-14 1.478e+53 1.162e+26 9.309e-31 1.965e-19 2.469e-18
3.981e-14 1.309e+53 1.295e+26 1.038e-30 2.190e-19 2.752e-18
4.467e-14 1.159e+53 1.443e+26 1.157e-30 2.441e-19 3.068e-18
5.012e-14 1.026e+53 1.609e+26 1.289e-30 2.721e-19 3.419e-18
5.623e-14 9.083e+52 1.793e+26 1.437e-30 3.033e-19 3.811e-18
6.310e-14 8.041e+52 1.998e+26 1.601e-30 3.380e-19 4.247e-18
7.079e-14 7.118e+52 2.227e+26 1.784e-30 3.766e-19 4.733e-18
7.943e-14 6.300e+52 2.481e+26 1.988e-30 4.197e-19 5.274e-18
8.913e-14 5.576e+52 2.765e+26 2.215e-30 4.677e-19 5.877e-18
1.000e-13 4.936e+52 3.081e+26 2.469e-30 5.211e-19 6.548e-18
1.122e-13 4.368e+52 3.432e+26 2.750e-30 5.806e-19 7.296e-18
1.259e-13 3.866e+52 3.824e+26 3.064e-30 6.468e-19 8.128e-18
1.413e-13 3.421e+52 4.260e+26 3.414e-30 7.206e-19 9.056e-18
1.585e-13 3.027e+52 4.746e+26 3.803e-30 8.028e-19 1.009e-17
1.778e-13 2.679e+52 5.287e+26 4.237e-30 8.943e-19 1.124e-17
1.995e-13 2.370e+52 5.889e+26 4.719e-30 9.961e-19 1.252e-17
2.239e-13 2.097e+52 6.559e+26 5.256e-30 1.110e-18 1.394e-17
2.512e-13 1.855e+52 7.306e+26 5.854e-30 1.236e-18 1.553e-17
2.818e-13 1.641e+52 8.136e+26 6.520e-30 1.376e-18 1.729e-17
3.162e-13 1.452e+52 9.061e+26 7.261e-30 1.533e-18 1.926e-17
3.548e-13 1.284e+52 1.009e+27 8.086e-30 1.707e-18 2.145e-17
3.981e-13 1.136e+52 1.124e+27 9.004e-30 1.901e-18 2.388e-17
4.467e-13 1.005e+52 1.251e+27 1.003e-29 2.116e-18 2.659e-17
5.012e-13 8.885e+51 1.393e+27 1.116e-29 2.356e-18 2.961e-17
5.623e-13 7.857e+51 1.551e+27 1.243e-29 2.623e-18 3.297e-17
6.310e-13 6.948e+51 1.726e+27 1.384e-29 2.920e-18 3.670e-17
7.079e-13 6.144e+51 1.922e+27 1.540e-29 3.251e-18 4.085e-17
7.943e-13 5.432e+51 2.139e+27 1.714e-29 3.619e-18 4.547e-17
8.913e-13 4.803e+51 2.381e+27 1.908e-29 4.028e-18 5.062e-17
1.000e-12 4.246e+51 2.650e+27 2.124e-29 4.483e-18 5.633e-17
1.122e-12 3.754e+51 2.950e+27 2.364e-29 4.989e-18 6.270e-17
1.259e-12 3.318e+51 3.282e+27 2.630e-29 5.552e-18 6.977e-17
1.413e-12 2.933e+51 3.652e+27 2.927e-29 6.178e-18 7.764e-17
1.585e-12 2.592e+51 4.064e+27 3.257e-29 6.874e-18 8.639e-17
1.778e-12 2.291e+51 4.522e+27 3.623e-29 7.649e-18 9.611e-17
1.995e-12 2.025e+51 5.030e+27 4.031e-29 8.509e-18 1.069e-16
2.239e-12 1.789e+51 5.596e+27 4.485e-29 9.466e-18 1.190e-16
2.512e-12 1.581e+51 6.225e+27 4.988e-29 1.053e-17 1.323e-16
2.818e-12 1.397e+51 6.924e+27 5.549e-29 1.171e-17 1.472e-16
3.162e-12 1.234e+51 7.701e+27 6.171e-29 1.303e-17 1.637e-16
3.548e-12 1.090e+51 8.564e+27 6.863e-29 1.449e-17 1.820e-16
3.981e-12 9.627e+50 9.523e+27 7.632e-29 1.611e-17 2.024e-16
4.467e-12 8.503e+50 1.059e+28 8.486e-29 1.791e-17 2.251e-16
5.012e-12 7.510e+50 1.177e+28 9.435e-29 1.992e-17 2.503e-16
5.623e-12 6.632e+50 1.309e+28 1.049e-28 2.214e-17 2.782e-16
6.310e-12 5.856e+50 1.455e+28 1.166e-28 2.461e-17 3.093e-16
7.079e-12 5.171e+50 1.617e+28 1.296e-28 2.736e-17 3.438e-16
7.943e-12 4.565e+50 1.798e+28 1.441e-28 3.041e-17 3.821e-16
8.913e-12 4.030e+50 1.998e+28 1.601e-28 3.380e-17 4.247e-16
1.000e-11 3.557e+50 2.220e+28 1.779e-28 3.756e-17 4.719e-16
1.122e-11 3.140e+50 2.467e+28 1.977e-28 4.173e-17 5.244e-16
1.259e-11 2.771e+50 2.741e+28 2.197e-28 4.636e-17 5.826e-16
1.413e-11 2.445e+50 3.045e+28 2.440e-28 5.151e-17 6.473e-16
1.585e-11 2.158e+50 3.383e+28 2.711e-28 5.722e-17 7.190e-16
1.778e-11 1.904e+50 3.757e+28 3.011e-28 6.355e-17 7.986e-16
1.995e-11 1.679e+50 4.173e+28 3.344e-28 7.058e-17 8.870e-16
2.239e-11 1.481e+50 4.634e+28 3.713e-28 7.838e-17 9.850e-16
2.512e-11 1.307e+50 5.145e+28 4.123e-28 8.704e-17 1.094e-15
2.818e-11 1.152e+50 5.713e+28 4.578e-28 9.663e-17 1.214e-15
3.162e-11 1.016e+50 6.342e+28 5.082e-28 1.073e-16 1.348e-15
3.548e-11 8.959e+49 7.040e+28 5.642e-28 1.191e-16 1.496e-15
3.981e-11 7.899e+49 7.814e+28 6.262e-28 1.322e-16 1.661e-15
4.467e-11 6.963e+49 8.671e+28 6.949e-28 1.467e-16 1.843e-15
5.012e-11 6.137e+49 9.622e+28 7.711e-28 1.628e-16 2.045e-15
5.623e-11 5.409e+49 1.068e+29 8.555e-28 1.806e-16 2.269e-15
6.310e-11 4.766e+49 1.184e+29 9.491e-28 2.003e-16 2.518e-15
7.079e-11 4.200e+49 1.314e+29 1.053e-27 2.222e-16 2.793e-15
7.943e-11 3.700e+49 1.457e+29 1.168e-27 2.465e-16 3.097e-15
8.913e-11 3.259e+49 1.616e+29 1.295e-27 2.733e-16 3.435e-15
1.000e-10 2.871e+49 1.792e+29 1.436e-27 3.031e-16 3.809e-15
1.122e-10 2.528e+49 1.986e+29 1.592e-27 3.360e-16 4.222e-15
1.259e-10 2.226e+49 2.202e+29 1.765e-27 3.725e-16 4.681e-15
1.413e-10 1.960e+49 2.441e+29 1.956e-27 4.129e-16 5.188e-15
1.585e-10 1.725e+49 2.705e+29 2.168e-27 4.575e-16 5.750e-15
1.778e-10 1.519e+49 2.997e+29 2.402e-27 5.070e-16 6.371e-15
1.995e-10 1.336e+49 3.321e+29 2.661e-27 5.617e-16 7.059e-15
2.239e-10 1.176e+49 3.679e+29 2.948e-27 6.223e-16 7.819e-15
2.512e-10 1.035e+49 4.075e+29 3.265e-27 6.892e-16 8.661e-15
2.818e-10 9.102e+48 4.512e+29 3.616e-27 7.633e-16 9.592e-15
3.162e-10 8.006e+48 4.997e+29 4.004e-27 8.452e-16 1.062e-14
3.548e-10 7.040e+48 5.532e+29 4.433e-27 9.358e-16 1.176e-14
3.981e-10 6.191e+48 6.124e+29 4.907e-27 1.036e-15 1.302e-14
4.467e-10 5.443e+48 6.778e+29 5.432e-27 1.147e-15 1.441e-14
5.012e-10 4.785e+48 7.501e+29 6.011e-27 1.269e-15 1.594e-14
5.623e-10 4.205e+48 8.300e+29 6.652e-27 1.404e-15 1.764e-14
6.310e-10 3.696e+48 9.183e+29 7.359e-27 1.553e-15 1.952e-14
7.079e-10 3.247e+48 1.016e+30 8.141e-27 1.718e-15 2.159e-14
7.943e-10 2.853e+48 1.124e+30 9.004e-27 1.901e-15 2.388e-14
8.913e-10 2.506e+48 1.243e+30 9.958e-27 2.102e-15 2.641e-14
1.000e-09 2.202e+48 1.374e+30 1.101e-26 2.324e-15 2.921e-14
1.122e-09 1.933e+48 1.519e+30 1.217e-26 2.570e-15 3.229e-14
1.259e-09 1.698e+48 1.680e+30 1.346e-26 2.841e-15 3.570e-14
1.413e-09 1.491e+48 1.857e+30 1.488e-26 3.140e-15 3.946e-14
1.585e-09 1.309e+48 2.052e+30 1.644e-26 3.471e-15 4.362e-14
1.778e-09 1.149e+48 2.268e+30 1.817e-26 3.836e-15 4.821e-14
1.995e-09 1.009e+48 2.506e+30 2.008e-26 4.239e-15 5.327e-14
2.239e-09 8.853e+47 2.769e+30 2.219e-26 4.684e-15 5.887e-14
2.512e-09 7.770e+47 3.060e+30 2.452e-26 5.176e-15 6.504e-14
2.818e-09 6.819e+47 3.381e+30 2.709e-26 5.719e-15 7.186e-14
3.162e-09 5.984e+47 3.735e+30 2.993e-26 6.318e-15 7.939e-14
3.548e-09 5.251e+47 4.126e+30 3.307e-26 6.980e-15 8.771e-14
3.981e-09 4.608e+47 4.558e+30 3.653e-26 7.711e-15 9.689e-14
4.467e-09 4.043e+47 5.036e+30 4.035e-26 8.518e-15 1.070e-13
5.012e-09 3.548e+47 5.563e+30 4.458e-26 9.409e-15 1.182e-13
5.623e-09 3.113e+47 6.145e+30 4.924e-26 1.039e-14 1.306e-13
6.310e-09 2.732e+47 6.788e+30 5.439e-26 1.148e-14 1.443e-13
7.079e-09 2.397e+47 7.498e+30 6.008e-26 1.268e-14 1.594e-13
7.943e-09 2.103e+47 8.282e+30 6.637e-26 1.401e-14 1.760e-13
8.913e-09 1.845e+47 9.147e+30 7.330e-26 1.547e-14 1.944e-13
1.000e-08 1.618e+47 1.010e+31 8.095e-26 1.709e-14 2.147e-13
1.122e-08 1.420e+47 1.115e+31 8.938e-26 1.887e-14 2.371e-13
1.259e-08 1.245e+47 1.231e+31 9.867e-26 2.083e-14 2.617e-13
1.413e-08 1.091e+47 1.359e+31 1.089e-25 2.299e-14 2.888e-13
1.585e-08 9.561e+46 1.499e+31 1.201e-25 2.536e-14 3.186e-13
1.778e-08 8.373e+46 1.653e+31 1.324e-25 2.795e-14 3.513e-13
1.995e-08 7.327e+46 1.821e+31 1.459e-25 3.080e-14 3.870e-13
2.239e-08 6.406e+46 2.004e+31 1.606e-25 3.390e-14 4.259e-13
2.512e-08 5.594e+46 2.203e+31 1.765e-25 3.726e-14 4.682e-13
2.818e-08 4.877e+46 2.418e+31 1.938e-25 4.090e-14 5.140e-13
3.162e-08 4.245e+46 2.649e+31 2.123e-25 4.481e-14 5.631e-13
3.548e-08 3.686e+46 2.896e+31 2.321e-25 4.899e-14 6.156e-13
3.981e-08 3.192e+46 3.157e+31 2.530e-25 5.341e-14 6.712e-13
4.467e-08 2.755e+46 3.431e+31 2.749e-25 5.803e-14 7.293e-13
5.012e-08 2.368e+46 3.713e+31 2.975e-25 6.280e-14 7.892e-13
5.623e-08 2.025e+46 3.996e+31 3.203e-25 6.760e-14 8.495e-13
6.310e-08 1.718e+46 4.270e+31 3.422e-25 7.223e-14 9.076e-13
7.079e-08 1.437e+46 4.496e+31 3.603e-25 7.604e-14 9.556e-13
7.943e-08 1.186e+46 4.671e+31 3.743e-25 7.901e-14 9.928e-13
8.913e-08 1.011e+46 5.014e+31 4.018e-25 8.481e-14 1.066e-12
1.000e-07 8.580e+45 5.355e+31 4.291e-25 9.058e-14 1.138e-12
1.122e-07 7.235e+45 5.685e+31 4.556e-25 9.616e-14 1.208e-12
1.259e-07 6.054e+45 5.989e+31 4.799e-25 1.013e-13 1.273e-12
1.413e-07 4.991e+45 6.216e+31 4.981e-25 1.051e-13 1.321e-12
1.585e-07 4.100e+45 6.428e+31 5.151e-25 1.087e-13 1.366e-12
1.778e-07 3.422e+45 6.754e+31 5.412e-25 1.142e-13 1.436e-12
1.995e-07 2.833e+45 7.039e+31 5.640e-25 1.191e-13 1.496e-12
2.239e-07 2.300e+45 7.195e+31 5.766e-25 1.217e-13 1.529e-12
2.512e-07 1.888e+45 7.436e+31 5.959e-25 1.258e-13 1.581e-12
2.818e-07 1.552e+45 7.693e+31 6.165e-25 1.301e-13 1.635e-12
3.162e-07 1.242e+45 7.752e+31 6.212e-25 1.311e-13 1.648e-12
3.548e-07 1.020e+45 8.012e+31 6.420e-25 1.355e-13 1.703e-12
3.981e-07 8.264e+44 8.175e+31 6.551e-25 1.383e-13 1.738e-12
4.467e-07 6.623e+44 8.248e+31 6.609e-25 1.395e-13 1.753e-12
5.012e-07 5.353e+44 8.392e+31 6.725e-25 1.419e-13 1.784e-12
5.623e-07 4.261e+44 8.411e+31 6.740e-25 1.423e-13 1.788e-12
6.310e-07 3.423e+44 8.506e+31 6.817e-25 1.439e-13 1.808e-12
7.079e-07 2.720e+44 8.509e+31 6.819e-25 1.439e-13 1.809e-12
7.943e-07 2.156e+44 8.491e+31 6.804e-25 1.436e-13 1.805e-12
8.913e-07 1.726e+44 8.558e+31 6.858e-25 1.448e-13 1.819e-12
1.000e-06 1.451e+44 9.054e+31 7.256e-25 1.532e-13 1.925e-12
1.122e-06 1.151e+44 9.044e+31 7.247e-25 1.530e-13 1.922e-12
1.259e-06 9.707e+43 9.602e+31 7.695e-25 1.624e-13 2.041e-12
1.413e-06 8.106e+43 1.010e+32 8.090e-25 1.708e-13 2.146e-12
1.585e-06 6.293e+43 9.866e+31 7.906e-25 1.669e-13 2.097e-12
1.778e-06 5.306e+43 1.047e+32 8.393e-25 1.772e-13 2.226e-12
1.995e-06 4.139e+43 1.028e+32 8.242e-25 1.740e-13 2.186e-12
2.239e-06 3.420e+43 1.070e+32 8.572e-25 1.809e-13 2.274e-12
2.512e-06 2.818e+43 1.110e+32 8.893e-25 1.877e-13 2.359e-12
2.818e-06 2.160e+43 1.071e+32 8.581e-25 1.811e-13 2.276e-12
3.162e-06 1.789e+43 1.116e+32 8.946e-25 1.888e-13 2.373e-12
3.548e-06 1.485e+43 1.167e+32 9.353e-25 1.974e-13 2.481e-12
3.981e-06 1.226e+43 1.212e+32 9.716e-25 2.051e-13 2.577e-12
4.467e-06 9.334e+42 1.162e+32 9.315e-25 1.966e-13 2.471e-12
5.012e-06 7.633e+42 1.197e+32 9.589e-25 2.024e-13 2.544e-12
5.623e-06 6.235e+42 1.231e+32 9.862e-25 2.082e-13 2.616e-12
6.310e-06 5.089e+42 1.264e+32 1.013e-24 2.139e-13 2.688e-12
7.079e-06 3.803e+42 1.190e+32 9.534e-25 2.013e-13 2.529e-12
7.943e-06 3.082e+42 1.214e+32 9.725e-25 2.053e-13 2.580e-12
8.913e-06 2.496e+42 1.237e+32 9.916e-25 2.093e-13 2.630e-12
1.000e-05 2.021e+42 1.261e+32 1.011e-24 2.133e-13 2.681e-12
1.122e-05 1.485e+42 1.167e+32 9.351e-25 1.974e-13 2.480e-12
1.259e-05 1.193e+42 1.180e+32 9.453e-25 1.995e-13 2.507e-12
1.413e-05 9.803e+41 1.221e+32 9.783e-25 2.065e-13 2.595e-12
1.585e-05 7.980e+41 1.251e+32 1.003e-24 2.116e-13 2.659e-12
1.778e-05 6.480e+41 1.279e+32 1.025e-24 2.163e-13 2.719e-12
1.995e-05 5.256e+41 1.306e+32 1.047e-24 2.209e-13 2.776e-12
2.239e-05 4.261e+41 1.333e+32 1.068e-24 2.255e-13 2.833e-12
2.512e-05 3.080e+41 1.213e+32 9.720e-25 2.052e-13 2.578e-12
2.818e-05 2.475e+41 1.227e+32 9.834e-25 2.076e-13 2.609e-12
3.162e-05 1.989e+41 1.242e+32 9.949e-25 2.100e-13 2.639e-12
3.548e-05 1.598e+41 1.256e+32 1.006e-24 2.125e-13 2.670e-12
3.981e-05 1.284e+41 1.271e+32 1.018e-24 2.149e-13 2.701e-12
4.467e-05 1.032e+41 1.285e+32 1.030e-24 2.174e-13 2.732e-12
5.012e-05 8.290e+40 1.300e+32 1.042e-24 2.199e-13 2.763e-12
5.623e-05 6.659e+40 1.314e+32 1.053e-24 2.223e-13 2.794e-12
6.310e-05 5.349e+40 1.329e+32 1.065e-24 2.248e-13 2.825e-12
7.079e-05 4.296e+40 1.344e+32 1.077e-24 2.273e-13 2.857e-12
7.943e-05 3.450e+40 1.359e+32 1.089e-24 2.298e-13 2.888e-12
8.913e-05 2.770e+40 1.373e+32 1.100e-24 2.323e-13 2.919e-12
1.000e-04 2.224e+40 1.388e+32 1.112e-24 2.348e-13 2.950e-12
1.122e-04 1.570e+40 1.233e+32 9.884e-25 2.086e-13 2.622e-12
1.259e-04 1.247e+40 1.233e+32 9.884e-25 2.086e-13 2.622e-12
1.413e-04 9.904e+39 1.233e+32 9.884e-25 2.086e-13 2.622e-12
1.585e-04 7.867e+39 1.233e+32 9.884e-25 2.086e-13 2.622e-12
1.778e-04 6.249e+39 1.233e+32 9.884e-25 2.086e-13 2.622e-12
1.995e-04 4.964e+39 1.233e+32 9.884e-25 2.086e-13 2.622e-12
2.239e-04 3.943e+39 1.233e+32 9.884e-25 2.086e-13 2.622e-12
2.512e-04 3.132e+39 1.233e+32 9.884e-25 2.086e-13 2.622e-12
2.818e-04 2.488e+39 1.233e+32 9.883e-25 2.086e-13 2.622e-12
3.162e-04 1.976e+39 1.233e+32 9.883e-25 2.086e-13 2.622e-12
3.548e-04 1.570e+39 1.233e+32 9.883e-25 2.086e-13 2.622e-12
3.981e-04 1.247e+39 1.233e+32 9.883e-25 2.086e-13 2.622e-12
4.467e-04 9.903e+38 1.233e+32 9.883e-25 2.086e-13 2.622e-12
5.012e-04 7.866e+38 1.233e+32 9.883e-25 2.086e-13 2.622e-12
5.623e-04 6.248e+38 1.233e+32 9.883e-25 2.086e-13 2.622e-12
6.310e-04 4.963e+38 1.233e+32 9.883e-25 2.086e-13 2.621e-12
7.079e-04 3.942e+38 1.233e+32 9.883e-25 2.086e-13 2.621e-12
7.943e-04 3.132e+38 1.233e+32 9.883e-25 2.086e-13 2.621e-12
8.913e-04 2.487e+38 1.233e+32 9.883e-25 2.086e-13 2.621e-12
1.000e-03 1.976e+38 1.233e+32 9.882e-25 2.086e-13 2.621e-12
1.122e-03 1.569e+38 1.233e+32 9.882e-25 2.086e-13 2.621e-12
1.259e-03 1.247e+38 1.233e+32 9.882e-25 2.086e-13 2.621e-12
1.413e-03 9.902e+37 1.233e+32 9.882e-25 2.086e-13 2.621e-12
1.585e-03 7.865e+37 1.233e+32 9.882e-25 2.086e-13 2.621e-12
1.778e-03 6.247e+37 1.233e+32 9.881e-25 2.086e-13 2.621e-12
1.995e-03 4.962e+37 1.233e+32 9.881e-25 2.086e-13 2.621e-12
2.239e-03 3.942e+37 1.233e+32 9.881e-25 2.086e-13 2.621e-12
2.512e-03 3.131e+37 1.233e+32 9.880e-25 2.086e-13 2.621e-12
2.818e-03 2.487e+37 1.233e+32 9.880e-25 2.086e-13 2.621e-12
3.162e-03 1.975e+37 1.233e+32 9.880e-25 2.085e-13 2.621e-12
3.548e-03 1.569e+37 1.233e+32 9.879e-25 2.085e-13 2.620e-12
3.981e-03 1.246e+37 1.233e+32 9.879e-25 2.085e-13 2.620e-12
4.467e-03 9.898e+36 1.233e+32 9.878e-25 2.085e-13 2.620e-12
5.012e-03 7.862e+36 1.233e+32 9.877e-25 2.085e-13 2.620e-12
5.623e-03 6.245e+36 1.233e+32 9.877e-25 2.085e-13 2.620e-12
6.310e-03 4.960e+36 1.232e+32 9.876e-25 2.085e-13 2.620e-12
7.079e-03 3.939e+36 1.232e+32 9.875e-25 2.084e-13 2.619e-12
7.943e-03 3.129e+36 1.232e+32 9.874e-25 2.084e-13 2.619e-12
8.913e-03 2.485e+36 1.232e+32 9.873e-25 2.084e-13 2.619e-12
1.000e-02 1.974e+36 1.232e+32 9.872e-25 2.084e-13 2.619e-12
1.122e-02 1.568e+36 1.232e+32 9.871e-25 2.084e-13 2.618e-12
1.259e-02 1.245e+36 1.232e+32 9.869e-25 2.083e-13 2.618e-12
1.413e-02 9.888e+35 1.231e+32 9.868e-25 2.083e-13 2.617e-12
1.585e-02 7.853e+35 1.231e+32 9.866e-25 2.083e-13 2.617e-12
1.778e-02 6.236e+35 1.231e+32 9.864e-25 2.082e-13 2.616e-12
1.995e-02 4.953e+35 1.231e+32 9.862e-25 2.082e-13 2.616e-12
2.239e-02 3.933e+35 1.230e+32 9.860e-25 2.081e-13 2.615e-12
2.512e-02 3.123e+35 1.230e+32 9.857e-25 2.081e-13 2.615e-12
2.818e-02 2.480e+35 1.230e+32 9.854e-25 2.080e-13 2.614e-12
3.162e-02 1.970e+35 1.229e+32 9.851e-25 2.079e-13 2.613e-12
3.548e-02 1.564e+35 1.229e+32 9.847e-25 2.079e-13 2.612e-12
3.981e-02 1.242e+35 1.228e+32 9.844e-25 2.078e-13 2.611e-12
4.467e-02 9.859e+34 1.228e+32 9.839e-25 2.077e-13 2.610e-12
5.012e-02 7.828e+34 1.227e+32 9.835e-25 2.076e-13 2.609e-12
5.623e-02 6.215e+34 1.227e+32 9.830e-25 2.075e-13 2.607e-12
6.310e-02 4.934e+34 1.226e+32 9.824e-25 2.074e-13 2.606e-12
7.079e-02 3.916e+34 1.225e+32 9.818e-25 2.072e-13 2.604e-12
7.943e-02 3.109e+34 1.224e+32 9.811e-25 2.071e-13 2.602e-12
8.913e-02 2.467e+34 1.223e+32 9.803e-25 2.069e-13 2.600e-12
1.000e-01 1.958e+34 1.222e+32 9.795e-25 2.068e-13 2.598e-12
1.122e-01 1.554e+34 1.221e+32 9.786e-25 2.066e-13 2.596e-12
1.259e-01 1.233e+34 1.220e+32 9.776e-25 2.063e-13 2.593e-12
1.413e-01 9.785e+33 1.219e+32 9.765e-25 2.061e-13 2.590e-12
1.585e-01 7.763e+33 1.217e+32 9.753e-25 2.059e-13 2.587e-12
1.778e-01 6.158e+33 1.215e+32 9.739e-25 2.056e-13 2.583e-12
1.995e-01 4.884e+33 1.214e+32 9.725e-25 2.053e-13 2.579e-12
2.239e-01 3.873e+33 1.212e+32 9.709e-25 2.049e-13 2.575e-12
2.512e-01 3.071e+33 1.209e+32 9.691e-25 2.046e-13 2.571e-12
2.818e-01 2.434e+33 1.207e+32 9.672e-25 2.042e-13 2.565e-12
3.162e-01 1.929e+33 1.204e+32 9.651e-25 2.037e-13 2.560e-12
3.548e-01 1.529e+33 1.201e+32 9.628e-25 2.032e-13 2.554e-12
3.981e-01 1.211e+33 1.198e+32 9.602e-25 2.027e-13 2.547e-12
4.467e-01 9.594e+32 1.195e+32 9.575e-25 2.021e-13 2.540e-12
5.012e-01 7.597e+32 1.191e+32 9.544e-25 2.015e-13 2.532e-12
5.623e-01 6.014e+32 1.187e+32 9.512e-25 2.008e-13 2.523e-12
6.310e-01 4.759e+32 1.182e+32 9.476e-25 2.000e-13 2.513e-12
7.079e-01 3.764e+32 1.178e+32 9.436e-25 1.992e-13 2.503e-12
7.943e-01 2.977e+32 1.172e+32 9.394e-25 1.983e-13 2.492e-12
8.913e-01 2.353e+32 1.166e+32 9.347e-25 1.973e-13 2.479e-12
1.000e+00 1.859e+32 1.160e+32 9.297e-25 1.962e-13 2.466e-12
1.122e+00 1.468e+32 1.153e+32 9.242e-25 1.951e-13 2.451e-12
1.259e+00 1.158e+32 1.146e+32 9.182e-25 1.938e-13 2.436e-12
1.413e+00 9.136e+31 1.138e+32 9.118e-25 1.925e-13 2.418e-12
1.585e+00 7.201e+31 1.129e+32 9.047e-25 1.910e-13 2.400e-12
1.778e+00 5.672e+31 1.120e+32 8.972e-25 1.894e-13 2.380e-12
1.995e+00 4.464e+31 1.109e+32 8.890e-25 1.876e-13 2.358e-12
2.239e+00 3.511e+31 1.098e+32 8.801e-25 1.858e-13 2.335e-12
2.512e+00 2.759e+31 1.086e+32 8.706e-25 1.838e-13 2.309e-12
2.818e+00 2.165e+31 1.074e+32 8.603e-25 1.816e-13 2.282e-12
3.162e+00 1.698e+31 1.060e+32 8.492e-25 1.793e-13 2.253e-12
3.548e+00 1.330e+31 1.045e+32 8.373e-25 1.767e-13 2.221e-12
3.981e+00 1.040e+31 1.029e+32 8.246e-25 1.741e-13 2.187e-12
4.467e+00 8.126e+30 1.012e+32 8.109e-25 1.712e-13 2.151e-12
5.012e+00 6.338e+30 9.937e+31 7.963e-25 1.681e-13 2.112e-12
5.623e+00 4.936e+30 9.743e+31 7.807e-25 1.648e-13 2.071e-12
6.310e+00 3.838e+30 9.536e+31 7.642e-25 1.613e-13 2.027e-12
7.079e+00 2.978e+30 9.316e+31 7.465e-25 1.576e-13 1.980e-12
7.943e+00 2.306e+30 9.083e+31 7.278e-25 1.536e-13 1.931e-12
8.913e+00 1.782e+30 8.836e+31 7.081e-25 1.495e-13 1.878e-12
1.000e+01 1.374e+30 8.575e+31 6.872e-25 1.450e-13 1.823e-12
1.122e+01 1.056e+30 8.301e+31 6.652e-25 1.404e-13 1.764e-12
1.259e+01 8.100e+29 8.013e+31 6.421e-25 1.355e-13 1.703e-12
1.413e+01 6.192e+29 7.711e+31 6.179e-25 1.304e-13 1.639e-12
1.585e+01 4.718e+29 7.396e+31 5.927e-25 1.251e-13 1.572e-12
1.778e+01 3.582e+29 7.069e+31 5.665e-25 1.196e-13 1.503e-12
1.995e+01 2.709e+29 6.730e+31 5.393e-25 1.138e-13 1.431e-12
2.239e+01 2.040e+29 6.380e+31 5.113e-25 1.079e-13 1.356e-12
2.512e+01 1.529e+29 6.021e+31 4.825e-25 1.018e-13 1.280e-12
2.818e+01 1.140e+29 5.653e+31 4.530e-25 9.562e-14 1.202e-12
3.162e+01 8.457e+28 5.278e+31 4.230e-25 8.929e-14 1.122e-12
3.548e+01 6.235e+28 4.899e+31 3.926e-25 8.288e-14 1.041e-12
3.981e+01 4.567e+28 4.518e+31 3.621e-25 7.642e-14 9.604e-13
4.467e+01 3.322e+28 4.137e+31 3.315e-25 6.997e-14 8.793e-13
5.012e+01 2.397e+28 3.758e+31 3.011e-25 6.356e-14 7.988e-13
5.623e+01 1.715e+28 3.384e+31 2.712e-25 5.725e-14 7.194e-13
6.310e+01 1.215e+28 3.020e+31 2.420e-25 5.108e-14 6.419e-13
7.079e+01 8.524e+27 2.666e+31 2.137e-25 4.510e-14 5.668e-13
7.943e+01 5.911e+27 2.328e+31 1.865e-25 3.937e-14 4.948e-13
8.913e+01 4.048e+27 2.007e+31 1.608e-25 3.394e-14 4.266e-13
1.000e+02 2.734e+27 1.706e+31 1.367e-25 2.886e-14 3.627e-13
1.122e+02 1.818e+27 1.429e+31 1.145e-25 2.416e-14 3.037e-13
1.259e+02 1.189e+27 1.176e+31 9.424e-26 1.989e-14 2.500e-13
1.413e+02 7.629e+26 9.500e+30 7.613e-26 1.607e-14 2.019e-13
1.585e+02 4.794e+26 7.516e+30 6.023e-26 1.271e-14 1.598e-13
1.778e+02 2.943e+26 5.809e+30 4.655e-26 9.827e-15 1.235e-13
1.995e+02 1.761e+26 4.375e+30 3.506e-26 7.400e-15 9.299e-14
2.239e+02 1.023e+26 3.199e+30 2.564e-26 5.411e-15 6.800e-14
2.512e+02 5.746e+25 2.263e+30 1.813e-26 3.828e-15 4.810e-14
2.818e+02 3.108e+25 1.541e+30 1.235e-26 2.606e-15 3.275e-14
3.162e+02 1.607e+25 1.003e+30 8.037e-27 1.697e-15 2.132e-14
3.548e+02 7.859e+24 6.175e+29 4.949e-27 1.045e-15 1.313e-14
3.981e+02 3.565e+24 3.526e+29 2.826e-27 5.965e-16 7.496e-15
4.467e+02 1.432e+24 1.783e+29 1.429e-27 3.016e-16 3.790e-15
5.012e+02 4.345e+23 6.812e+28 5.459e-28 1.152e-16 1.448e-15
5.623e+02 0.000e+00 0.000e+00 0.000e+00 0.000e+00 0.000e+00
6.310e+02 0.000e+00 0.000e+00 0.000e+00 0.000e+00 0.000e+00
7.079e+02 0.000e+00 0.000e+00 0.000e+00 0.000e+00 0.000e+00
7.943e+02 0.000e+00 0.000e+00 0.000e+00 0.000e+00 0.000e+00
8.913e+02 0.000e+00 0.000e+00 0.000e+00 0.000e+00 0.000e+00
1.000e+03 0.000e+00 0.000e+00 0.000e+00 0.000e+00 0.000e+00
1.122e+03 0.000e+00 0.000e+00 0.000e+00 0.000e+00 0.000e+00
1.259e+03 0.000e+00 0.000e+00 0.000e+00 0.000e+00 0.000e+00
1.413e+03 0.000e+00 0.000e+00 0.000e+00 0.000e+00 0.000e+00
1.585e+03 0.000e+00 0.000e+00 0.000e+00 0.000e+00 0.000e+00
1.778e+03 0.000e+00 0.000e+00 0.000e+00 0.000e+00 0.000e+00
1.995e+03 0.000e+00 0.000e+00 0.000e+00 0.000e+00 0.000e+00
2.239e+03 0.000e+00 0.000e+00 0.000e+00 0.000e+00 0.000e+00
2.512e+03 0.000e+00 0.000e+00 0.000e+00 0.000e+00 0.000e+00
2.818e+03 0.000e+00 0.000e+00 0.000e+00 0.000e+00 0.000e+00
3.162e+03 0.000e+00 0.000e+00 0.000e+00 0.000e+00 0.000e+00
3.548e+03 0.000e+00 0.000e+00 0.000e+00 0.000e+00 0.000e+00
3.981e+03 0.000e+00 0.000e+00 0.000e+00 0.000e+00 0.000e+00
4.467e+03 0.000e+00 0.000e+00 0.000e+00 0.000e+00 0.000e+00
5.012e+03 0.000e+00 0.000e+00 0.000e+00 0.000e+00 0.000e+00
5.623e+03 0.000e+00 0.000e+00 0.000e+00 0.000e+00 0.000e+00
6.310e+03 0.000e+00 0.000e+00 0.000e+00 0.000e+00 0.000e+00
7.079e+03 0.000e+00 0.000e+00 0.000e+00 0.000e+00 0.000e+00
7.943e+03 0.000e+00 0.000e+00 0.000e+00 0.000e+00 0.000e+00
8.913e+03 0.000e+00 0.000e+00 0.000e+00 0.000e+00 0.000e+00
1.000e+04 0.000e+00 0.000e+00 0.000e+00 0.000e+00 0.000e+00
1.122e+04 0.000e+00 0.000e+00 0.000e+00 0.000e+00 0.000e+00
1.259e+04 0.000e+00 0.000e+00 0.000e+00 0.000e+00 0.000e+00
1.413e+04 0.000e+00 0.000e+00 0.000e+00 0.000e+00 0.000e+00
1.585e+04 0.000e+00 0.000e+00 0.000e+00 0.000e+00 0.000e+00
1.778e+04 0.000e+00 0.000e+00 0.000e+00 0.000e+00 0.000e+00
1.995e+04 0.000e+00 0.000e+00 0.000e+00 0.000e+00 0.000e+00
2.239e+04 0.000e+00 0.000e+00 0.000e+00 0.000e+00 0.000e+00
2.512e+04 0.000e+00 0.000e+00 0.000e+00 0.000e+00 0.000e+00
2.818e+04 0.000e+00 0.000e+00 0.000e+00 0.000e+00 0.000e+00
3.162e+04 0.000e+00 0.000e+00 0.000e+00 0.000e+00 0.000e+00
3.548e+04 0.000e+00 0.000e+00 0.000e+00 0.000e+00 0.000e+00
3.981e+04 0.000e+00 0.000e+00 0.000e+00 0.000e+00 0.000e+00
4.467e+04 0.000e+00 0.000e+00 0.000e+00 0.000e+00 0.000e+00
5.012e+04 0.000e+00 0.000e+00 0.000e+00 0.000e+00 0.000e+00
5.623e+04 0.000e+00 0.000e+00 0.000e+00 0.000e+00 0.000e+00
6.310e+04 0.000e+00 0.000e+00 0.000e+00 0.000e+00 0.000e+00
7.079e+04 0.000e+00 0.000e+00 0.000e+00 0.000e+00 0.000e+00
7.943e+04 0.000e+00 0.000e+00 0.000e+00 0.000e+00 0.000e+00
8.913e+04 0.000e+00 0.000e+00 0.000e+00 0.000e+00 0.000e+00
1.000e+05 0.000e+00 0.000e+00 0.000e+00 0.000e+00 0.000e+00
1.122e+05 0.000e+00 0.000e+00 0.000e+00 0.000e+00 0.000e+00
1.259e+05 0.000e+00 0.000e+00 0.000e+00 0.000e+00 0.000e+00
1.413e+05 0.000e+00 0.000e+00 0.000e+00 0.000e+00 0.000e+00
1.585e+05 0.000e+00 0.000e+00 0.000e+00 0.000e+00 0.000e+00
1.778e+05 0.000e+00 0.000e+00 0.000e+00 0.000e+00 0.000e+00
1.995e+05 0.000e+00 0.000e+00 0.000e+00 0.000e+00 0.000e+00
2.239e+05 0.000e+00 0.000e+00 0.000e+00 0.000e+00 0.000e+00
2.512e+05 0.000e+00 0.000e+00 0.000e+00 0.000e+00 0.000e+00
2.818e+05 0.000e+00 0.000e+00 0.000e+00 0.000e+00 0.000e+00
3.162e+05 0.000e+00 0.000e+00 0.000e+00 0.000e+00 0.000e+00
3.548e+05 0.000e+00 0.000e+00 0.000e+00 0.000e+00 0.000e+00
3.981e+05 0.000e+00 0.000e+00 0.000e+00 0.000e+00 0.000e+00
4.467e+05 0.000e+00 0.000e+00 0.000e+00 0.000e+00 0.000e+00
5.012e+05 0.000e+00 0.000e+00 0.000e+00 0.000e+00 0.000e+00
5.623e+05 0.000e+00 0.000e+00 0.000e+00 0.000e+00 0.000e+00
6.310e+05 0.000e+00 0.000e+00 0.000e+00 0.000e+00 0.000e+00
7.079e+05 0.000e+00 0.000e+00 0.000e+00 0.000e+00 0.000e+00
7.943e+05 0.000e+00 0.000e+00 0.000e+00 0.000e+00 0.000e+00
8.913e+05 0.000e+00 0.000e+00 0.000e+00 0.000e+00 0.000e+00
1.000e+06 0.000e+00 0.000e+00 0.000e+00 0.000e+00 0.000e+00
1.122e+06 0.000e+00 0.000e+00 0.000e+00 0.000e+00 0.000e+00
1.259e+06 0.000e+00 0.000e+00 0.000e+00 0.000e+00 0.000e+00
1.413e+06 0.000e+00 0.000e+00 0.000e+00 0.000e+00 0.000e+00
1.585e+06 0.000e+00 0.000e+00 0.000e+00 0.000e+00 0.000e+00
1.778e+06 0.000e+00 0.000e+00 0.000e+00 0.000e+00 0.000e+00
1.995e+06 0.000e+00 0.000e+00 0.000e+00 0.000e+00 0.000e+00
2.239e+06 0.000e+00 0.000e+00 0.000e+00 0.000e+00 0.000e+00
2.512e+06 0.000e+00 0.000e+00 0.000e+00 0.000e+00 0.000e+00
2.818e+06 0.000e+00 0.000e+00 0.000e+00 0.000e+00 0.000e+00
3.162e+06 0.000e+00 0.000e+00 0.000e+00 0.000e+00 0.000e+00
3.548e+06 0.000e+00 0.000e+00 0.000e+00 0.000e+00 0.000e+00
3.981e+06 0.000e+00 0.000e+00 0.000e+00 0.000e+00 0.000e+00
4.467e+06 0.000e+00 0.000e+00 0.000e+00 0.000e+00 0.000e+00
5.012e+06 0.000e+00 0.000e+00 0.000e+00 0.000e+00 0.000e+00
5.623e+06 0.000e+00 0.000e+00 0.000e+00 0.000e+00 0.000e+00
6.310e+06 0.000e+00 0.000e+00 0.000e+00 0.000e+00 0.000e+00
7.079e+06 0.000e+00 0.000e+00 0.000e+00 0.000e+00 0.000e+00
7.943e+06 0.000e+00 0.000e+00 0.000e+00 0.000e+00 0.000e+00
8.913e+06 0.000e+00 0.000e+00 0.000e+00 0.000e+00 0.000e+00
1.000e+07 0.000e+00 0.000e+00 0.000e+00 0.000e+00 0.000e+00
1.122e+07 0.000e+00 0.000e+00 0.000e+00 0.000e+00 0.000e+00
1.259e+07 0.000e+00 0.000e+00 0.000e+00 0.000e+00 0.000e+00
1.413e+07 0.000e+00 0.000e+00 0.000e+00 0.000e+00 0.000e+00
1.585e+07 0.000e+00 0.000e+00 0.000e+00 0.000e+00 0.000e+00
1.778e+07 0.000e+00 0.000e+00 0.000e+00 0.000e+00 0.000e+00
1.995e+07 0.000e+00 0.000e+00 0.000e+00 0.000e+00 0.000e+00
2.239e+07 0.000e+00 0.000e+00 0.000e+00 0.000e+00 0.000e+00
2.512e+07 0.000e+00 0.000e+00 0.000e+00 0.000e+00 0.000e+00
2.818e+07 0.000e+00 0.000e+00 0.000e+00 0.000e+00 0.000e+00
3.162e+07 0.000e+00 0.000e+00 0.000e+00 0.000e+00 0.000e+00
3.548e+07 0.000e+00 0.000e+00 0.000e+00 0.000e+00 0.000e+00
3.981e+07 0.000e+00 0.000e+00 0.000e+00 0.000e+00 0.000e+00
4.467e+07 0.000e+00 0.000e+00 0.000e+00 0.000e+00 0.000e+00
5.012e+07 0.000e+00 0.000e+00 0.000e+00 0.000e+00 0.000e+00
5.623e+07 0.000e+00 0.000e+00 0.000e+00 0.000e+00 0.000e+00
6.310e+07 0.000e+00 0.000e+00 0.000e+00 0.000e+00 0.000e+00
7.079e+07 0.000e+00 0.000e+00 0.000e+00 0.000e+00 0.000e+00
7.943e+07 0.000e+00 0.000e+00 0.000e+00 0.000e+00 0.000e+00
8.913e+07 0.000e+00 0.000e+00 0.000e+00 0.000e+00 0.000e+00
1.000e+08 0.000e+00 0.000e+00 0.000e+00 0.000e+00 0.000e+00
