1.000e-20 0.000e+00 0.000e+00 0.000e+00 0.000e+00 0.000e+00
1.122e-20 0.000e+00 0.000e+00 0.000e+00 0.000e+00 0.000e+00
1.259e-20 0.000e+00 0.000e+00 0.000e+00 0.000e+00 0.000e+00
1.413e-20 0.000e+00 0.000e+00 0.000e+00 0.000e+00 0.000e+00
1.585e-20 0.000e+00 0.000e+00 0.000e+00 0.000e+00 0.000e+00
1.778e-20 0.000e+00 0.000e+00 0.000e+00 0.000e+00 0.000e+00
1.995e-20 0.000e+00 0.000e+00 0.000e+00 0.000e+00 0.000e+00
2.239e-20 0.000e+00 0.000e+00 0.000e+00 0.000e+00 0.000e+00
2.512e-20 0.000e+00 0.000e+00 0.000e+00 0.000e+00 0.000e+00
2.818e-20 0.000e+00 0.000e+00 0.000e+00 0.000e+00 0.000e+00
3.162e-20 0.000e+00 0.000e+00 0.000e+00 0.000e+00 0.000e+00
3.548e-20 0.000e+00 0.000e+00 0.000e+00 0.000e+00 0.000e+00
3.981e-20 0.000e+00 0.000e+00 0.000e+00 0.000e+00 0.000e+00
4.467e-20 0.000e+00 0.000e+00 0.000e+00 0.000e+00 0.000e+00
5.012e-20 0.000e+00 0.000e+00 0.000e+00 0.000e+00 0.000e+00
5.623e-20 0.000e+00 0.000e+00 0.000e+00 0.000e+00 0.000e+00
6.310e-20 0.000e+00 0.000e+00 0.000e+00 0.000e+00 0.000e+00
7.079e-20 0.000e+00 0.000e+00 0.000e+00 0.000e+00 0.000e+00
7.943e-20 0.000e+00 0.000e+00 0.000e+00 0.000e+00 0.000e+00
8.913e-20 0.000e+00 0.000e+00 0.000e+00 0.000e+00 0.000e+00
1.000e-19 0.000e+00 0.000e+00 0.000e+00 0.000e+00 0.000e+00
1.122e-19 0.000e+00 0.000e+00 0.000e+00 0.000e+00 0.000e+00
1.259e-19 0.000e+00 0.000e+00 0.000e+00 0.000e+00 0.000e+00
1.413e-19 0.000e+00 0.000e+00 0.000e+00 0.000e+00 0.000e+00
1.585e-19 0.000e+00 0.000e+00 0.000e+00 0.000e+00 0.000e+00
1.778e-19 0.000e+00 0.000e+00 0.000e+00 0.000e+00 0.000e+00
1.995e-19 0.000e+00 0.000e+00 0.000e+00 0.000e+00 0.000e+00
2.239e-19 0.000e+00 0.000e+00 0.000e+00 0.000e+00 0.000e+00
2.512e-19 0.000e+00 0.000e+00 0.000e+00 0.000e+00 0.000e+00
2.818e-19 0.000e+00 0.000e+00 0.000e+00 0.000e+00 0.000e+00
3.162e-19 0.000e+00 0.000e+00 0.000e+00 0.000e+00 0.000e+00
3.548e-19 0.000e+00 0.000e+00 0.000e+00 0.000e+00 0.000e+00
3.981e-19 0.000e+00 0.000e+00 0.000e+00 0.000e+00 0.000e+00
4.467e-19 0.000e+00 0.000e+00 0.000e+00 0.000e+00 0.000e+00
5.012e-19 0.000e+00 0.000e+00 0.000e+00 0.000e+00 0.000e+00
5.623e-19 0.000e+00 0.000e+00 0.000e+00 0.000e+00 0.000e+00
6.310e-19 0.000e+00 0.000e+00 0.000e+00 0.000e+00 0.000e+00
7.079e-19 0.000e+00 0.000e+00 0.000e+00 0.000e+00 0.000e+00
7.943e-19 0.000e+00 0.000e+00 0.000e+00 0.000e+00 0.000e+00
8.913e-19 0.000e+00 0.000e+00 0.000e+00 0.000e+00 0.000e+00
1.000e-18 0.000e+00 0.000e+00 0.000e+00 0.000e+00 0.000e+00
1.122e-18 0.000e+00 0.000e+00 0.000e+00 0.000e+00 0.000e+00
1.259e-18 0.000e+00 0.000e+00 0.000e+00 0.000e+00 0.000e+00
1.413e-18 0.000e+00 0.000e+00 0.000e+00 0.000e+00 0.000e+00
1.585e-18 0.000e+00 0.000e+00 0.000e+00 0.000e+00 0.000e+00
1.778e-18 0.000e+00 0.000e+00 0.000e+00 0.000e+00 0.000e+00
1.995e-18 0.000e+00 0.000e+00 0.000e+00 0.000e+00 0.000e+00
2.239e-18 0.000e+00 0.000e+00 0.000e+00 0.000e+00 0.000e+00
2.512e-18 0.000e+00 0.000e+00 0.000e+00 0.000e+00 0.000e+00
2.818e-18 0.000e+00 0.000e+00 0.000e+00 0.000e+00 0.000e+00
3.162e-18 0.000e+00 0.000e+00 0.000e+00 0.000e+00 0.000e+00
3.548e-18 0.000e+00 0.000e+00 0.000e+00 0.000e+00 0.000e+00
3.981e-18 0.000e+00 0.000e+00 0.000e+00 0.000e+00 0.000e+00
4.467e-18 0.000e+00 0.000e+00 0.000e+00 0.000e+00 0.000e+00
5.012e-18 0.000e+00 0.000e+00 0.000e+00 0.000e+00 0.000e+00
5.623e-18 0.000e+00 0.000e+00 0.000e+00 0.000e+00 0.000e+00
6.310e-18 0.000e+00 0.000e+00 0.000e+00 0.000e+00 0.000e+00
7.079e-18 0.000e+00 0.000e+00 0.000e+00 0.000e+00 0.000e+00
7.943e-18 0.000e+00 0.000e+00 0.000e+00 0.000e+00 0.000e+00
8.913e-18 0.000e+00 0.000e+00 0.000e+00 0.000e+00 0.000e+00
1.000e-17 0.000e+00 0.000e+00 0.000e+00 0.000e+00 0.000e+00
1.122e-17 0.000e+00 0.000e+00 0.000e+00 0.000e+00 0.000e+00
1.259e-17 0.000e+00 0.000e+00 0.000e+00 0.000e+00 0.000e+00
1.413e-17 0.000e+00 0.000e+00 0.000e+00 0.000e+00 0.000e+00
1.585e-17 0.000e+00 0.000e+00 0.000e+00 0.000e+00 0.000e+00
1.778e-17 0.000e+00 0.000e+00 0.000e+00 0.000e+00 0.000e+00
1.995e-17 0.000e+00 0.000e+00 0.000e+00 0.000e+00 0.000e+00
2.239e-17 0.000e+00 0.000e+00 0.000e+00 0.000e+00 0.000e+00
2.512e-17 0.000e+00 0.000e+00 0.000e+00 0.000e+00 0.000e+00
2.818e-17 0.000e+00 0.000e+00 0.000e+00 0.000e+00 0.000e+00
3.162e-17 0.000e+00 0.000e+00 0.000e+00 0.000e+00 0.000e+00
3.548e-17 0.000e+00 0.000e+00 0.000e+00 0.000e+00 0.000e+00
3.981e-17 0.000e+00 0.000e+00 0.000e+00 0.000e+00 0.000e+00
4.467e-17 0.000e+00 0.000e+00 0.000e+00 0.000e+00 0.000e+00
5.012e-17 0.000e+00 0.000e+00 0.000e+00 0.000e+00 0.000e+00
5.623e-17 0.000e+00 0.000e+00 0.000e+00 0.000e+00 0.000e+00
6.310e-17 0.000e+00 0.000e+00 0.000e+00 0.000e+00 0.000e+00
7.079e-17 0.000e+00 0.000e+00 0.000e+00 0.000e+00 0.000e+00
7.943e-17 0.000e+00 0.000e+00 0.000e+00 0.000e+00 0.000e+00
8.913e-17 0.000e+00 0.000e+00 0.000e+00 0.000e+00 0.000e+00
1.000e-16 0.000e+00 0.000e+00 0.000e+00 0.000e+00 0.000e+00
1.122e-16 0.000e+00 0.000e+00 0.000e+00 0.000e+00 0.000e+00
1.259e-16 0.000e+00 0.000e+00 0.000e+00 0.000e+00 0.000e+00
1.413e-16 0.000e+00 0.000e+00 0.000e+00 0.000e+00 0.000e+00
1.585e-16 0.000e+00 0.000e+00 0.000e+00 0.000e+00 0.000e+00
1.778e-16 0.000e+00 0.000e+00 0.000e+00 0.000e+00 0.000e+00
1.995e-16 0.000e+00 0.000e+00 0.000e+00 0.000e+00 0.000e+00
2.239e-16 0.000e+00 0.000e+00 0.000e+00 0.000e+00 0.000e+00
2.512e-16 0.000e+00 0.000e+00 0.000e+00 0.000e+00 0.000e+00
2.818e-16 0.000e+00 0.000e+00 0.000e+00 0.000e+00 0.000e+00
3.162e-16 0.000e+00 0.000e+00 0.000e+00 0.000e+00 0.000e+00
3.548e-16 0.000e+00 0.000e+00 0.000e+00 0.000e+00 0.000e+00
3.981e-16 0.000e+00 0.000e+00 0.000e+00 0.000e+00 0.000e+00
4.467e-16 0.000e+00 0.000e+00 0.000e+00 0.000e+00 0.000e+00
5.012e-16 0.000e+00 0.000e+00 0.000e+00 0.000e+00 0.000e+00
5.623e-16 0.000e+00 0.000e+00 0.000e+00 0.000e+00 0.000e+00
6.310e-16 0.000e+00 0.000e+00 0.000e+00 0.000e+00 0.000e+00
7.079e-16 0.000e+00 0.000e+00 0.000e+00 0.000e+00 0.000e+00
7.943e-16 0.000e+00 0.000e+00 0.000e+00 0.000e+00 0.000e+00
8.913e-16 0.000e+00 0.000e+00 0.000e+00 0.000e+00 0.000e+00
1.000e-15 0.000e+00 0.000e+00 0.000e+00 0.000e+00 0.000e+00
1.122e-15 0.000e+00 0.000e+00 0.000e+00 0.000e+00 0.000e+00
1.259e-15 0.000e+00 0.000e+00 0.000e+00 0.000e+00 0.000e+00
1.413e-15 0.000e+00 0.000e+00 0.000e+00 0.000e+00 0.000e+00
1.585e-15 0.000e+00 0.000e+00 0.000e+00 0.000e+00 0.000e+00
1.778e-15 0.000e+00 0.000e+00 0.000e+00 0.000e+00 0.000e+00
1.995e-15 0.000e+00 0.000e+00 0.000e+00 0.000e+00 0.000e+00
2.239e-15 0.000e+00 0.000e+00 0.000e+00 0.000e+00 0.000e+00
2.512e-15 0.000e+00 0.000e+00 0.000e+00 0.000e+00 0.000e+00
2.818e-15 0.000e+00 0.000e+00 0.000e+00 0.000e+00 0.000e+00
3.162e-15 0.000e+00 0.000e+00 0.000e+00 0.000e+00 0.000e+00
3.548e-15 0.000e+00 0.000e+00 0.000e+00 0.000e+00 0.000e+00
3.981e-15 0.000e+00 0.000e+00 0.000e+00 0.000e+00 0.000e+00
4.467e-15 0.000e+00 0.000e+00 0.000e+00 0.000e+00 0.000e+00
5.012e-15 0.000e+00 0.000e+00 0.000e+00 0.000e+00 0.000e+00
5.623e-15 0.000e+00 0.000e+00 0.000e+00 0.000e+00 0.000e+00
6.310e-15 0.000e+00 0.000e+00 0.000e+00 0.000e+00 0.000e+00
7.079e-15 0.000e+00 0.000e+00 0.000e+00 0.000e+00 0.000e+00
7.943e-15 0.000e+00 0.000e+00 0.000e+00 0.000e+00 0.000e+00
8.913e-15 0.000e+00 0.000e+00 0.000e+00 0.000e+00 0.000e+00
1.000e-14 0.000e+00 0.000e+00 0.000e+00 0.000e+00 0.000e+00
1.122e-14 0.000e+00 0.000e+00 0.000e+00 0.000e+00 0.000e+00
1.259e-14 0.000e+00 0.000e+00 0.000e+00 0.000e+00 0.000e+00
1.413e-14 0.000e+00 0.000e+00 0.000e+00 0.000e+00 0.000e+00
1.585e-14 0.000e+00 0.000e+00 0.000e+00 0.000e+00 0.000e+00
1.778e-14 0.000e+00 0.000e+00 0.000e+00 0.000e+00 0.000e+00
1.995e-14 0.000e+00 0.000e+00 0.000e+00 0.000e+00 0.000e+00
2.239e-14 0.000e+00 0.000e+00 0.000e+00 0.000e+00 0.000e+00
2.512e-14 0.000e+00 0.000e+00 0.000e+00 0.000e+00 0.000e+00
2.818e-14 0.000e+00 0.000e+00 0.000e+00 0.000e+00 0.000e+00
3.162e-14 0.000e+00 0.000e+00 0.000e+00 0.000e+00 0.000e+00
3.548e-14 0.000e+00 0.000e+00 0.000e+00 0.000e+00 0.000e+00
3.981e-14 0.000e+00 0.000e+00 0.000e+00 0.000e+00 0.000e+00
4.467e-14 0.000e+00 0.000e+00 0.000e+00 0.000e+00 0.000e+00
5.012e-14 0.000e+00 0.000e+00 0.000e+00 0.000e+00 0.000e+00
5.623e-14 0.000e+00 0.000e+00 0.000e+00 0.000e+00 0.000e+00
6.310e-14 0.000e+00 0.000e+00 0.000e+00 0.000e+00 0.000e+00
7.079e-14 0.000e+00 0.000e+00 0.000e+00 0.000e+00 0.000e+00
7.943e-14 0.000e+00 0.000e+00 0.000e+00 0.000e+00 0.000e+00
8.913e-14 0.000e+00 0.000e+00 0.000e+00 0.000e+00 0.000e+00
1.000e-13 0.000e+00 0.000e+00 0.000e+00 0.000e+00 0.000e+00
1.122e-13 0.000e+00 0.000e+00 0.000e+00 0.000e+00 0.000e+00
1.259e-13 0.000e+00 0.000e+00 0.000e+00 0.000e+00 0.000e+00
1.413e-13 0.000e+00 0.000e+00 0.000e+00 0.000e+00 0.000e+00
1.585e-13 0.000e+00 0.000e+00 0.000e+00 0.000e+00 0.000e+00
1.778e-13 0.000e+00 0.000e+00 0.000e+00 0.000e+00 0.000e+00
1.995e-13 0.000e+00 0.000e+00 0.000e+00 0.000e+00 0.000e+00
2.239e-13 0.000e+00 0.000e+00 0.000e+00 0.000e+00 0.000e+00
2.512e-13 0.000e+00 0.000e+00 0.000e+00 0.000e+00 0.000e+00
2.818e-13 0.000e+00 0.000e+00 0.000e+00 0.000e+00 0.000e+00
3.162e-13 0.000e+00 0.000e+00 0.000e+00 0.000e+00 0.000e+00
3.548e-13 0.000e+00 0.000e+00 0.000e+00 0.000e+00 0.000e+00
3.981e-13 0.000e+00 0.000e+00 0.000e+00 0.000e+00 0.000e+00
4.467e-13 0.000e+00 0.000e+00 0.000e+00 0.000e+00 0.000e+00
5.012e-13 0.000e+00 0.000e+00 0.000e+00 0.000e+00 0.000e+00
5.623e-13 0.000e+00 0.000e+00 0.000e+00 0.000e+00 0.000e+00
6.310e-13 0.000e+00 0.000e+00 0.000e+00 0.000e+00 0.000e+00
7.079e-13 0.000e+00 0.000e+00 0.000e+00 0.000e+00 0.000e+00
7.943e-13 0.000e+00 0.000e+00 0.000e+00 0.000e+00 0.000e+00
8.913e-13 0.000e+00 0.000e+00 0.000e+00 0.000e+00 0.000e+00
1.000e-12 0.000e+00 0.000e+00 0.000e+00 0.000e+00 0.000e+00
1.122e-12 3.000e+50 2.357e+26 1.889e-24 7.974e-19 5.010e-18
1.259e-12 2.524e+50 2.497e+26 2.001e-24 8.446e-19 5.307e-18
1.413e-12 2.124e+50 2.645e+26 2.119e-24 8.947e-19 5.622e-18
1.585e-12 1.787e+50 2.801e+26 2.245e-24 9.477e-19 5.955e-18
1.778e-12 1.503e+50 2.967e+26 2.378e-24 1.004e-18 6.307e-18
1.995e-12 1.265e+50 3.143e+26 2.519e-24 1.063e-18 6.681e-18
2.239e-12 1.064e+50 3.329e+26 2.668e-24 1.126e-18 7.077e-18
2.512e-12 8.955e+49 3.527e+26 2.826e-24 1.193e-18 7.496e-18
2.818e-12 7.535e+49 3.736e+26 2.994e-24 1.264e-18 7.941e-18
3.162e-12 6.340e+49 3.957e+26 3.171e-24 1.339e-18 8.411e-18
3.548e-12 5.334e+49 4.191e+26 3.359e-24 1.418e-18 8.910e-18
3.981e-12 4.488e+49 4.440e+26 3.558e-24 1.502e-18 9.437e-18
4.467e-12 3.776e+49 4.703e+26 3.769e-24 1.591e-18 9.997e-18
5.012e-12 3.177e+49 4.982e+26 3.992e-24 1.685e-18 1.059e-17
5.623e-12 2.673e+49 5.277e+26 4.229e-24 1.785e-18 1.122e-17
6.310e-12 2.249e+49 5.589e+26 4.479e-24 1.891e-18 1.188e-17
7.079e-12 1.893e+49 5.921e+26 4.745e-24 2.003e-18 1.259e-17
7.943e-12 1.592e+49 6.271e+26 5.026e-24 2.122e-18 1.333e-17
8.913e-12 1.340e+49 6.643e+26 5.323e-24 2.247e-18 1.412e-17
1.000e-11 1.127e+49 7.037e+26 5.639e-24 2.381e-18 1.496e-17
1.122e-11 9.486e+48 7.454e+26 5.973e-24 2.522e-18 1.584e-17
1.259e-11 7.981e+48 7.895e+26 6.327e-24 2.671e-18 1.678e-17
1.413e-11 6.715e+48 8.363e+26 6.702e-24 2.829e-18 1.778e-17
1.585e-11 5.650e+48 8.859e+26 7.099e-24 2.997e-18 1.883e-17
1.778e-11 4.754e+48 9.384e+26 7.520e-24 3.174e-18 1.995e-17
1.995e-11 4.000e+48 9.940e+26 7.965e-24 3.363e-18 2.113e-17
2.239e-11 3.366e+48 1.053e+27 8.437e-24 3.562e-18 2.238e-17
2.512e-11 2.832e+48 1.115e+27 8.937e-24 3.773e-18 2.371e-17
2.818e-11 2.383e+48 1.181e+27 9.467e-24 3.996e-18 2.511e-17
3.162e-11 2.005e+48 1.251e+27 1.003e-23 4.233e-18 2.660e-17
3.548e-11 1.687e+48 1.325e+27 1.062e-23 4.484e-18 2.817e-17
3.981e-11 1.419e+48 1.404e+27 1.125e-23 4.750e-18 2.984e-17
4.467e-11 1.194e+48 1.487e+27 1.192e-23 5.031e-18 3.161e-17
5.012e-11 1.005e+48 1.575e+27 1.262e-23 5.329e-18 3.349e-17
5.623e-11 8.454e+47 1.669e+27 1.337e-23 5.645e-18 3.547e-17
6.310e-11 7.113e+47 1.768e+27 1.416e-23 5.980e-18 3.757e-17
7.079e-11 5.985e+47 1.872e+27 1.500e-23 6.334e-18 3.980e-17
7.943e-11 5.036e+47 1.983e+27 1.589e-23 6.709e-18 4.216e-17
8.913e-11 4.237e+47 2.101e+27 1.683e-23 7.107e-18 4.465e-17
1.000e-10 3.565e+47 2.225e+27 1.783e-23 7.528e-18 4.730e-17
1.122e-10 3.000e+47 2.357e+27 1.889e-23 7.974e-18 5.010e-17
1.259e-10 2.524e+47 2.497e+27 2.001e-23 8.446e-18 5.307e-17
1.413e-10 2.124e+47 2.645e+27 2.119e-23 8.947e-18 5.622e-17
1.585e-10 1.787e+47 2.801e+27 2.245e-23 9.477e-18 5.955e-17
1.778e-10 1.503e+47 2.967e+27 2.378e-23 1.004e-17 6.307e-17
1.995e-10 1.265e+47 3.143e+27 2.519e-23 1.063e-17 6.681e-17
2.239e-10 1.064e+47 3.329e+27 2.668e-23 1.126e-17 7.077e-17
2.512e-10 8.955e+46 3.527e+27 2.826e-23 1.193e-17 7.496e-17
2.818e-10 7.535e+46 3.736e+27 2.994e-23 1.264e-17 7.941e-17
3.162e-10 6.340e+46 3.957e+27 3.171e-23 1.339e-17 8.411e-17
3.548e-10 5.334e+46 4.191e+27 3.359e-23 1.418e-17 8.909e-17
3.981e-10 4.488e+46 4.440e+27 3.558e-23 1.502e-17 9.437e-17
4.467e-10 3.776e+46 4.703e+27 3.769e-23 1.591e-17 9.997e-17
5.012e-10 3.177e+46 4.982e+27 3.992e-23 1.685e-17 1.059e-16
5.623e-10 2.673e+46 5.277e+27 4.229e-23 1.785e-17 1.122e-16
6.310e-10 2.249e+46 5.589e+27 4.479e-23 1.891e-17 1.188e-16
7.079e-10 1.893e+46 5.921e+27 4.744e-23 2.003e-17 1.258e-16
7.943e-10 1.592e+46 6.271e+27 5.026e-23 2.122e-17 1.333e-16
8.913e-10 1.340e+46 6.643e+27 5.323e-23 2.247e-17 1.412e-16
1.000e-09 1.127e+46 7.037e+27 5.639e-23 2.381e-17 1.496e-16
1.122e-09 9.486e+45 7.454e+27 5.973e-23 2.522e-17 1.584e-16
1.259e-09 7.981e+45 7.895e+27 6.327e-23 2.671e-17 1.678e-16
1.413e-09 6.715e+45 8.363e+27 6.702e-23 2.829e-17 1.778e-16
1.585e-09 5.650e+45 8.859e+27 7.099e-23 2.997e-17 1.883e-16
1.778e-09 4.754e+45 9.383e+27 7.519e-23 3.174e-17 1.995e-16
1.995e-09 4.000e+45 9.939e+27 7.965e-23 3.363e-17 2.113e-16
2.239e-09 3.366e+45 1.053e+28 8.437e-23 3.562e-17 2.238e-16
2.512e-09 2.832e+45 1.115e+28 8.937e-23 3.773e-17 2.371e-16
2.818e-09 2.383e+45 1.181e+28 9.466e-23 3.996e-17 2.511e-16
3.162e-09 2.005e+45 1.251e+28 1.003e-22 4.233e-17 2.660e-16
3.548e-09 1.687e+45 1.325e+28 1.062e-22 4.484e-17 2.817e-16
3.981e-09 1.419e+45 1.404e+28 1.125e-22 4.750e-17 2.984e-16
4.467e-09 1.194e+45 1.487e+28 1.192e-22 5.031e-17 3.161e-16
5.012e-09 1.005e+45 1.575e+28 1.262e-22 5.329e-17 3.348e-16
5.623e-09 8.454e+44 1.669e+28 1.337e-22 5.645e-17 3.547e-16
6.310e-09 7.113e+44 1.767e+28 1.416e-22 5.979e-17 3.757e-16
7.079e-09 5.985e+44 1.872e+28 1.500e-22 6.334e-17 3.980e-16
7.943e-09 5.036e+44 1.983e+28 1.589e-22 6.709e-17 4.215e-16
8.913e-09 4.237e+44 2.101e+28 1.683e-22 7.107e-17 4.465e-16
1.000e-08 3.565e+44 2.225e+28 1.783e-22 7.528e-17 4.730e-16
1.122e-08 3.000e+44 2.357e+28 1.889e-22 7.974e-17 5.010e-16
1.259e-08 2.524e+44 2.497e+28 2.001e-22 8.446e-17 5.307e-16
1.413e-08 2.124e+44 2.645e+28 2.119e-22 8.947e-17 5.621e-16
1.585e-08 1.787e+44 2.801e+28 2.245e-22 9.477e-17 5.954e-16
1.778e-08 1.503e+44 2.967e+28 2.378e-22 1.004e-16 6.307e-16
1.995e-08 1.265e+44 3.143e+28 2.519e-22 1.063e-16 6.681e-16
2.239e-08 1.064e+44 3.329e+28 2.668e-22 1.126e-16 7.077e-16
2.512e-08 8.955e+43 3.526e+28 2.826e-22 1.193e-16 7.496e-16
2.818e-08 7.534e+43 3.735e+28 2.993e-22 1.264e-16 7.940e-16
3.162e-08 6.339e+43 3.957e+28 3.171e-22 1.339e-16 8.411e-16
3.548e-08 5.334e+43 4.191e+28 3.359e-22 1.418e-16 8.909e-16
3.981e-08 4.488e+43 4.440e+28 3.558e-22 1.502e-16 9.437e-16
4.467e-08 3.776e+43 4.703e+28 3.768e-22 1.591e-16 9.996e-16
5.012e-08 3.177e+43 4.981e+28 3.992e-22 1.685e-16 1.059e-15
5.623e-08 2.673e+43 5.276e+28 4.228e-22 1.785e-16 1.122e-15
6.310e-08 2.249e+43 5.589e+28 4.479e-22 1.891e-16 1.188e-15
7.079e-08 1.893e+43 5.920e+28 4.744e-22 2.003e-16 1.258e-15
7.943e-08 1.592e+43 6.271e+28 5.025e-22 2.121e-16 1.333e-15
8.913e-08 1.340e+43 6.642e+28 5.323e-22 2.247e-16 1.412e-15
1.000e-07 1.127e+43 7.036e+28 5.638e-22 2.380e-16 1.496e-15
1.122e-07 9.485e+42 7.453e+28 5.972e-22 2.521e-16 1.584e-15
1.259e-07 7.980e+42 7.894e+28 6.326e-22 2.671e-16 1.678e-15
1.413e-07 6.715e+42 8.362e+28 6.701e-22 2.829e-16 1.777e-15
1.585e-07 5.650e+42 8.857e+28 7.098e-22 2.997e-16 1.883e-15
1.778e-07 4.754e+42 9.382e+28 7.519e-22 3.174e-16 1.994e-15
1.995e-07 4.000e+42 9.938e+28 7.964e-22 3.362e-16 2.112e-15
2.239e-07 3.365e+42 1.053e+29 8.436e-22 3.561e-16 2.238e-15
2.512e-07 2.831e+42 1.115e+29 8.936e-22 3.772e-16 2.370e-15
2.818e-07 2.382e+42 1.181e+29 9.465e-22 3.996e-16 2.511e-15
3.162e-07 2.004e+42 1.251e+29 1.003e-21 4.232e-16 2.659e-15
3.548e-07 1.687e+42 1.325e+29 1.062e-21 4.483e-16 2.817e-15
3.981e-07 1.419e+42 1.404e+29 1.125e-21 4.749e-16 2.984e-15
4.467e-07 1.194e+42 1.487e+29 1.192e-21 5.030e-16 3.161e-15
5.012e-07 1.005e+42 1.575e+29 1.262e-21 5.328e-16 3.348e-15
5.623e-07 8.452e+41 1.668e+29 1.337e-21 5.644e-16 3.546e-15
6.310e-07 7.112e+41 1.767e+29 1.416e-21 5.978e-16 3.756e-15
7.079e-07 5.983e+41 1.872e+29 1.500e-21 6.332e-16 3.979e-15
7.943e-07 5.034e+41 1.983e+29 1.589e-21 6.707e-16 4.214e-15
8.913e-07 4.236e+41 2.100e+29 1.683e-21 7.105e-16 4.464e-15
1.000e-06 3.564e+41 2.224e+29 1.783e-21 7.525e-16 4.728e-15
1.122e-06 2.999e+41 2.356e+29 1.888e-21 7.971e-16 5.008e-15
1.259e-06 2.523e+41 2.496e+29 2.000e-21 8.443e-16 5.305e-15
1.413e-06 2.123e+41 2.644e+29 2.118e-21 8.943e-16 5.619e-15
1.585e-06 1.786e+41 2.800e+29 2.244e-21 9.473e-16 5.952e-15
1.778e-06 1.503e+41 2.966e+29 2.377e-21 1.003e-15 6.305e-15
1.995e-06 1.264e+41 3.142e+29 2.518e-21 1.063e-15 6.678e-15
2.239e-06 1.064e+41 3.328e+29 2.667e-21 1.126e-15 7.074e-15
2.512e-06 8.950e+40 3.525e+29 2.825e-21 1.192e-15 7.492e-15
2.818e-06 7.531e+40 3.734e+29 2.992e-21 1.263e-15 7.936e-15
3.162e-06 6.336e+40 3.955e+29 3.169e-21 1.338e-15 8.406e-15
3.548e-06 5.331e+40 4.189e+29 3.357e-21 1.417e-15 8.904e-15
3.981e-06 4.485e+40 4.437e+29 3.556e-21 1.501e-15 9.431e-15
4.467e-06 3.774e+40 4.700e+29 3.766e-21 1.590e-15 9.990e-15
5.012e-06 3.175e+40 4.978e+29 3.989e-21 1.684e-15 1.058e-14
5.623e-06 2.671e+40 5.273e+29 4.225e-21 1.784e-15 1.121e-14
6.310e-06 2.248e+40 5.585e+29 4.475e-21 1.889e-15 1.187e-14
7.079e-06 1.891e+40 5.915e+29 4.740e-21 2.001e-15 1.257e-14
7.943e-06 1.591e+40 6.266e+29 5.021e-21 2.120e-15 1.332e-14
8.913e-06 1.339e+40 6.636e+29 5.318e-21 2.245e-15 1.411e-14
1.000e-05 1.126e+40 7.029e+29 5.633e-21 2.378e-15 1.494e-14
1.122e-05 9.475e+39 7.445e+29 5.966e-21 2.519e-15 1.583e-14
1.259e-05 7.972e+39 7.886e+29 6.319e-21 2.668e-15 1.676e-14
1.413e-05 6.707e+39 8.353e+29 6.693e-21 2.826e-15 1.775e-14
1.585e-05 5.643e+39 8.847e+29 7.089e-21 2.993e-15 1.881e-14
1.778e-05 4.747e+39 9.370e+29 7.509e-21 3.170e-15 1.992e-14
1.995e-05 3.994e+39 9.925e+29 7.953e-21 3.358e-15 2.110e-14
2.239e-05 3.360e+39 1.051e+30 8.424e-21 3.556e-15 2.234e-14
2.512e-05 2.827e+39 1.113e+30 8.922e-21 3.767e-15 2.367e-14
2.818e-05 2.379e+39 1.179e+30 9.450e-21 3.989e-15 2.507e-14
3.162e-05 2.001e+39 1.249e+30 1.001e-20 4.225e-15 2.655e-14
3.548e-05 1.683e+39 1.323e+30 1.060e-20 4.475e-15 2.812e-14
3.981e-05 1.416e+39 1.401e+30 1.123e-20 4.740e-15 2.978e-14
4.467e-05 1.192e+39 1.484e+30 1.189e-20 5.020e-15 3.154e-14
5.012e-05 1.002e+39 1.572e+30 1.259e-20 5.317e-15 3.341e-14
5.623e-05 8.433e+38 1.664e+30 1.334e-20 5.631e-15 3.538e-14
6.310e-05 7.094e+38 1.763e+30 1.413e-20 5.964e-15 3.747e-14
7.079e-05 5.968e+38 1.867e+30 1.496e-20 6.316e-15 3.969e-14
7.943e-05 5.021e+38 1.977e+30 1.585e-20 6.689e-15 4.203e-14
8.913e-05 4.224e+38 2.094e+30 1.678e-20 7.084e-15 4.451e-14
1.000e-04 3.553e+38 2.218e+30 1.777e-20 7.503e-15 4.714e-14
1.122e-04 2.989e+38 2.349e+30 1.882e-20 7.946e-15 4.992e-14
1.259e-04 2.514e+38 2.487e+30 1.993e-20 8.415e-15 5.287e-14
1.413e-04 2.115e+38 2.634e+30 2.111e-20 8.911e-15 5.599e-14
1.585e-04 1.779e+38 2.790e+30 2.235e-20 9.437e-15 5.930e-14
1.778e-04 1.497e+38 2.954e+30 2.367e-20 9.994e-15 6.279e-14
1.995e-04 1.259e+38 3.128e+30 2.507e-20 1.058e-14 6.650e-14
2.239e-04 1.059e+38 3.313e+30 2.655e-20 1.121e-14 7.042e-14
2.512e-04 8.908e+37 3.508e+30 2.811e-20 1.187e-14 7.457e-14
2.818e-04 7.493e+37 3.715e+30 2.977e-20 1.257e-14 7.896e-14
3.162e-04 6.302e+37 3.933e+30 3.152e-20 1.331e-14 8.361e-14
3.548e-04 5.301e+37 4.165e+30 3.338e-20 1.409e-14 8.853e-14
3.981e-04 4.458e+37 4.410e+30 3.534e-20 1.492e-14 9.374e-14
4.467e-04 3.750e+37 4.670e+30 3.742e-20 1.580e-14 9.926e-14
5.012e-04 3.154e+37 4.944e+30 3.962e-20 1.673e-14 1.051e-13
5.623e-04 2.652e+37 5.235e+30 4.195e-20 1.771e-14 1.113e-13
6.310e-04 2.231e+37 5.543e+30 4.442e-20 1.875e-14 1.178e-13
7.079e-04 1.876e+37 5.868e+30 4.702e-20 1.985e-14 1.247e-13
7.943e-04 1.578e+37 6.212e+30 4.978e-20 2.102e-14 1.321e-13
8.913e-04 1.327e+37 6.577e+30 5.270e-20 2.225e-14 1.398e-13
1.000e-03 1.116e+37 6.962e+30 5.579e-20 2.355e-14 1.480e-13
1.122e-03 9.380e+36 7.370e+30 5.906e-20 2.493e-14 1.567e-13
1.259e-03 7.887e+36 7.802e+30 6.252e-20 2.639e-14 1.658e-13
1.413e-03 6.631e+36 8.258e+30 6.618e-20 2.794e-14 1.755e-13
1.585e-03 5.575e+36 8.741e+30 7.005e-20 2.957e-14 1.858e-13
1.778e-03 4.687e+36 9.252e+30 7.414e-20 3.130e-14 1.967e-13
1.995e-03 3.941e+36 9.792e+30 7.847e-20 3.313e-14 2.081e-13
2.239e-03 3.313e+36 1.036e+31 8.304e-20 3.506e-14 2.203e-13
2.512e-03 2.785e+36 1.097e+31 8.788e-20 3.710e-14 2.331e-13
2.818e-03 2.341e+36 1.160e+31 9.300e-20 3.926e-14 2.467e-13
3.162e-03 1.967e+36 1.228e+31 9.840e-20 4.154e-14 2.610e-13
3.548e-03 1.654e+36 1.299e+31 1.041e-19 4.395e-14 2.762e-13
3.981e-03 1.390e+36 1.375e+31 1.102e-19 4.650e-14 2.922e-13
4.467e-03 1.168e+36 1.454e+31 1.165e-19 4.920e-14 3.091e-13
5.012e-03 9.812e+35 1.538e+31 1.233e-19 5.204e-14 3.270e-13
5.623e-03 8.245e+35 1.627e+31 1.304e-19 5.505e-14 3.459e-13
6.310e-03 6.927e+35 1.721e+31 1.379e-19 5.823e-14 3.658e-13
7.079e-03 5.819e+35 1.820e+31 1.459e-19 6.158e-14 3.869e-13
7.943e-03 4.888e+35 1.925e+31 1.543e-19 6.512e-14 4.092e-13
8.913e-03 4.105e+35 2.035e+31 1.631e-19 6.886e-14 4.326e-13
1.000e-02 3.448e+35 2.152e+31 1.724e-19 7.280e-14 4.574e-13
1.122e-02 2.895e+35 2.275e+31 1.823e-19 7.696e-14 4.836e-13
1.259e-02 2.431e+35 2.405e+31 1.927e-19 8.135e-14 5.111e-13
1.413e-02 2.041e+35 2.542e+31 2.037e-19 8.598e-14 5.402e-13
1.585e-02 1.713e+35 2.686e+31 2.152e-19 9.086e-14 5.709e-13
1.778e-02 1.438e+35 2.838e+31 2.274e-19 9.601e-14 6.032e-13
1.995e-02 1.207e+35 2.998e+31 2.403e-19 1.014e-13 6.373e-13
2.239e-02 1.012e+35 3.167e+31 2.538e-19 1.071e-13 6.732e-13
2.512e-02 8.493e+34 3.345e+31 2.680e-19 1.132e-13 7.110e-13
2.818e-02 7.124e+34 3.532e+31 2.830e-19 1.195e-13 7.507e-13
3.162e-02 5.974e+34 3.729e+31 2.988e-19 1.261e-13 7.926e-13
3.548e-02 5.009e+34 3.936e+31 3.154e-19 1.331e-13 8.366e-13
3.981e-02 4.199e+34 4.154e+31 3.328e-19 1.405e-13 8.829e-13
4.467e-02 3.519e+34 4.382e+31 3.512e-19 1.483e-13 9.315e-13
5.012e-02 2.949e+34 4.623e+31 3.704e-19 1.564e-13 9.826e-13
5.623e-02 2.470e+34 4.875e+31 3.907e-19 1.649e-13 1.036e-12
6.310e-02 2.069e+34 5.140e+31 4.119e-19 1.739e-13 1.093e-12
7.079e-02 1.732e+34 5.418e+31 4.341e-19 1.833e-13 1.152e-12
7.943e-02 1.450e+34 5.709e+31 4.575e-19 1.931e-13 1.213e-12
8.913e-02 1.213e+34 6.014e+31 4.819e-19 2.034e-13 1.278e-12
1.000e-01 1.015e+34 6.333e+31 5.075e-19 2.142e-13 1.346e-12
1.122e-01 8.484e+33 6.666e+31 5.342e-19 2.255e-13 1.417e-12
1.259e-01 7.092e+33 7.015e+31 5.622e-19 2.373e-13 1.491e-12
1.413e-01 5.925e+33 7.379e+31 5.913e-19 2.496e-13 1.569e-12
1.585e-01 4.949e+33 7.759e+31 6.218e-19 2.625e-13 1.649e-12
1.778e-01 4.132e+33 8.155e+31 6.535e-19 2.759e-13 1.733e-12
1.995e-01 3.448e+33 8.567e+31 6.865e-19 2.898e-13 1.821e-12
2.239e-01 2.876e+33 8.996e+31 7.209e-19 3.043e-13 1.912e-12
2.512e-01 2.397e+33 9.441e+31 7.566e-19 3.194e-13 2.007e-12
2.818e-01 1.997e+33 9.903e+31 7.936e-19 3.350e-13 2.105e-12
3.162e-01 1.663e+33 1.038e+32 8.319e-19 3.512e-13 2.207e-12
3.548e-01 1.384e+33 1.088e+32 8.716e-19 3.680e-13 2.312e-12
3.981e-01 1.151e+33 1.139e+32 9.126e-19 3.853e-13 2.421e-12
4.467e-01 9.568e+32 1.192e+32 9.548e-19 4.031e-13 2.533e-12
5.012e-01 7.946e+32 1.246e+32 9.983e-19 4.215e-13 2.648e-12
5.623e-01 6.594e+32 1.302e+32 1.043e-18 4.403e-13 2.767e-12
6.310e-01 5.468e+32 1.359e+32 1.089e-18 4.597e-13 2.888e-12
7.079e-01 4.530e+32 1.417e+32 1.136e-18 4.794e-13 3.012e-12
7.943e-01 3.750e+32 1.477e+32 1.183e-18 4.996e-13 3.139e-12
8.913e-01 3.101e+32 1.537e+32 1.232e-18 5.201e-13 3.268e-12
1.000e+00 2.562e+32 1.599e+32 1.281e-18 5.409e-13 3.399e-12
1.122e+00 2.114e+32 1.661e+32 1.331e-18 5.620e-13 3.531e-12
1.259e+00 1.743e+32 1.724e+32 1.381e-18 5.832e-13 3.664e-12
1.413e+00 1.435e+32 1.787e+32 1.432e-18 6.045e-13 3.798e-12
1.585e+00 1.180e+32 1.850e+32 1.482e-18 6.258e-13 3.932e-12
1.778e+00 9.688e+31 1.912e+32 1.532e-18 6.469e-13 4.065e-12
1.995e+00 7.944e+31 1.974e+32 1.582e-18 6.678e-13 4.196e-12
2.239e+00 6.504e+31 2.035e+32 1.630e-18 6.883e-13 4.325e-12
2.512e+00 5.317e+31 2.094e+32 1.678e-18 7.084e-13 4.451e-12
2.818e+00 4.339e+31 2.151e+32 1.724e-18 7.278e-13 4.573e-12
3.162e+00 3.535e+31 2.206e+32 1.768e-18 7.463e-13 4.689e-12
3.548e+00 2.874e+31 2.258e+32 1.810e-18 7.639e-13 4.800e-12
3.981e+00 2.332e+31 2.307e+32 1.848e-18 7.803e-13 4.903e-12
4.467e+00 1.888e+31 2.351e+32 1.884e-18 7.954e-13 4.998e-12
5.012e+00 1.525e+31 2.391e+32 1.916e-18 8.089e-13 5.083e-12
5.623e+00 1.229e+31 2.426e+32 1.944e-18 8.207e-13 5.157e-12
6.310e+00 9.880e+30 2.455e+32 1.967e-18 8.305e-13 5.218e-12
7.079e+00 7.920e+30 2.478e+32 1.985e-18 8.382e-13 5.267e-12
7.943e+00 6.331e+30 2.493e+32 1.998e-18 8.435e-13 5.300e-12
8.913e+00 5.045e+30 2.501e+32 2.005e-18 8.462e-13 5.317e-12
1.000e+01 4.008e+30 2.501e+32 2.004e-18 8.462e-13 5.317e-12
1.122e+01 3.172e+30 2.493e+32 1.997e-18 8.433e-13 5.298e-12
1.259e+01 2.502e+30 2.475e+32 1.983e-18 8.372e-13 5.260e-12
1.413e+01 1.965e+30 2.447e+32 1.961e-18 8.280e-13 5.202e-12
1.585e+01 1.537e+30 2.410e+32 1.931e-18 8.154e-13 5.123e-12
1.778e+01 1.197e+30 2.363e+32 1.894e-18 7.994e-13 5.023e-12
1.995e+01 9.278e+29 2.306e+32 1.848e-18 7.800e-13 4.901e-12
2.239e+01 7.154e+29 2.238e+32 1.793e-18 7.571e-13 4.757e-12
2.512e+01 5.486e+29 2.161e+32 1.731e-18 7.309e-13 4.593e-12
2.818e+01 4.183e+29 2.074e+32 1.662e-18 7.015e-13 4.408e-12
3.162e+01 3.169e+29 1.978e+32 1.585e-18 6.690e-13 4.204e-12
3.548e+01 2.384e+29 1.873e+32 1.501e-18 6.337e-13 3.982e-12
3.981e+01 1.781e+29 1.761e+32 1.412e-18 5.959e-13 3.744e-12
4.467e+01 1.320e+29 1.643e+32 1.317e-18 5.559e-13 3.493e-12
5.012e+01 9.694e+28 1.520e+32 1.218e-18 5.142e-13 3.231e-12
5.623e+01 7.056e+28 1.393e+32 1.116e-18 4.712e-13 2.960e-12
6.310e+01 5.085e+28 1.263e+32 1.012e-18 4.274e-13 2.686e-12
7.079e+01 3.624e+28 1.134e+32 9.084e-19 3.835e-13 2.409e-12
7.943e+01 2.552e+28 1.005e+32 8.052e-19 3.399e-13 2.136e-12
8.913e+01 1.773e+28 8.791e+31 7.045e-19 2.974e-13 1.869e-12
1.000e+02 1.215e+28 7.580e+31 6.075e-19 2.564e-13 1.611e-12
1.122e+02 8.188e+27 6.434e+31 5.156e-19 2.177e-13 1.368e-12
1.259e+02 5.424e+27 5.365e+31 4.299e-19 1.815e-13 1.140e-12
1.413e+02 3.523e+27 4.388e+31 3.516e-19 1.484e-13 9.327e-13
1.585e+02 2.239e+27 3.510e+31 2.813e-19 1.188e-13 7.462e-13
1.778e+02 1.388e+27 2.740e+31 2.195e-19 9.268e-14 5.823e-13
1.995e+02 8.367e+26 2.079e+31 1.666e-19 7.034e-14 4.419e-13
2.239e+02 4.885e+26 1.528e+31 1.225e-19 5.169e-14 3.248e-13
2.512e+02 2.747e+26 1.082e+31 8.669e-20 3.660e-14 2.299e-13
2.818e+02 1.475e+26 7.314e+30 5.861e-20 2.474e-14 1.555e-13
3.162e+02 7.444e+25 4.646e+30 3.723e-20 1.572e-14 9.876e-14
3.548e+02 3.408e+25 2.678e+30 2.146e-20 9.059e-15 5.692e-14
3.981e+02 1.294e+25 1.280e+30 1.026e-20 4.331e-15 2.722e-14
4.467e+02 3.008e+24 3.746e+29 3.002e-21 1.267e-15 7.962e-15
5.012e+02 3.896e+20 6.108e+25 4.895e-25 2.066e-19 1.298e-18
5.623e+02 0.000e+00 0.000e+00 0.000e+00 0.000e+00 0.000e+00
6.310e+02 0.000e+00 0.000e+00 0.000e+00 0.000e+00 0.000e+00
7.079e+02 0.000e+00 0.000e+00 0.000e+00 0.000e+00 0.000e+00
7.943e+02 0.000e+00 0.000e+00 0.000e+00 0.000e+00 0.000e+00
8.913e+02 0.000e+00 0.000e+00 0.000e+00 0.000e+00 0.000e+00
1.000e+03 0.000e+00 0.000e+00 0.000e+00 0.000e+00 0.000e+00
1.122e+03 0.000e+00 0.000e+00 0.000e+00 0.000e+00 0.000e+00
1.259e+03 0.000e+00 0.000e+00 0.000e+00 0.000e+00 0.000e+00
1.413e+03 0.000e+00 0.000e+00 0.000e+00 0.000e+00 0.000e+00
1.585e+03 0.000e+00 0.000e+00 0.000e+00 0.000e+00 0.000e+00
1.778e+03 0.000e+00 0.000e+00 0.000e+00 0.000e+00 0.000e+00
1.995e+03 0.000e+00 0.000e+00 0.000e+00 0.000e+00 0.000e+00
2.239e+03 0.000e+00 0.000e+00 0.000e+00 0.000e+00 0.000e+00
2.512e+03 0.000e+00 0.000e+00 0.000e+00 0.000e+00 0.000e+00
2.818e+03 0.000e+00 0.000e+00 0.000e+00 0.000e+00 0.000e+00
3.162e+03 0.000e+00 0.000e+00 0.000e+00 0.000e+00 0.000e+00
3.548e+03 0.000e+00 0.000e+00 0.000e+00 0.000e+00 0.000e+00
3.981e+03 0.000e+00 0.000e+00 0.000e+00 0.000e+00 0.000e+00
4.467e+03 0.000e+00 0.000e+00 0.000e+00 0.000e+00 0.000e+00
5.012e+03 0.000e+00 0.000e+00 0.000e+00 0.000e+00 0.000e+00
5.623e+03 0.000e+00 0.000e+00 0.000e+00 0.000e+00 0.000e+00
6.310e+03 0.000e+00 0.000e+00 0.000e+00 0.000e+00 0.000e+00
7.079e+03 0.000e+00 0.000e+00 0.000e+00 0.000e+00 0.000e+00
7.943e+03 0.000e+00 0.000e+00 0.000e+00 0.000e+00 0.000e+00
8.913e+03 0.000e+00 0.000e+00 0.000e+00 0.000e+00 0.000e+00
1.000e+04 0.000e+00 0.000e+00 0.000e+00 0.000e+00 0.000e+00
1.122e+04 0.000e+00 0.000e+00 0.000e+00 0.000e+00 0.000e+00
1.259e+04 0.000e+00 0.000e+00 0.000e+00 0.000e+00 0.000e+00
1.413e+04 0.000e+00 0.000e+00 0.000e+00 0.000e+00 0.000e+00
1.585e+04 0.000e+00 0.000e+00 0.000e+00 0.000e+00 0.000e+00
1.778e+04 0.000e+00 0.000e+00 0.000e+00 0.000e+00 0.000e+00
1.995e+04 0.000e+00 0.000e+00 0.000e+00 0.000e+00 0.000e+00
2.239e+04 0.000e+00 0.000e+00 0.000e+00 0.000e+00 0.000e+00
2.512e+04 0.000e+00 0.000e+00 0.000e+00 0.000e+00 0.000e+00
2.818e+04 0.000e+00 0.000e+00 0.000e+00 0.000e+00 0.000e+00
3.162e+04 0.000e+00 0.000e+00 0.000e+00 0.000e+00 0.000e+00
3.548e+04 0.000e+00 0.000e+00 0.000e+00 0.000e+00 0.000e+00
3.981e+04 0.000e+00 0.000e+00 0.000e+00 0.000e+00 0.000e+00
4.467e+04 0.000e+00 0.000e+00 0.000e+00 0.000e+00 0.000e+00
5.012e+04 0.000e+00 0.000e+00 0.000e+00 0.000e+00 0.000e+00
5.623e+04 0.000e+00 0.000e+00 0.000e+00 0.000e+00 0.000e+00
6.310e+04 0.000e+00 0.000e+00 0.000e+00 0.000e+00 0.000e+00
7.079e+04 0.000e+00 0.000e+00 0.000e+00 0.000e+00 0.000e+00
7.943e+04 0.000e+00 0.000e+00 0.000e+00 0.000e+00 0.000e+00
8.913e+04 0.000e+00 0.000e+00 0.000e+00 0.000e+00 0.000e+00
1.000e+05 0.000e+00 0.000e+00 0.000e+00 0.000e+00 0.000e+00
1.122e+05 0.000e+00 0.000e+00 0.000e+00 0.000e+00 0.000e+00
1.259e+05 0.000e+00 0.000e+00 0.000e+00 0.000e+00 0.000e+00
1.413e+05 0.000e+00 0.000e+00 0.000e+00 0.000e+00 0.000e+00
1.585e+05 0.000e+00 0.000e+00 0.000e+00 0.000e+00 0.000e+00
1.778e+05 0.000e+00 0.000e+00 0.000e+00 0.000e+00 0.000e+00
1.995e+05 0.000e+00 0.000e+00 0.000e+00 0.000e+00 0.000e+00
2.239e+05 0.000e+00 0.000e+00 0.000e+00 0.000e+00 0.000e+00
2.512e+05 0.000e+00 0.000e+00 0.000e+00 0.000e+00 0.000e+00
2.818e+05 0.000e+00 0.000e+00 0.000e+00 0.000e+00 0.000e+00
3.162e+05 0.000e+00 0.000e+00 0.000e+00 0.000e+00 0.000e+00
3.548e+05 0.000e+00 0.000e+00 0.000e+00 0.000e+00 0.000e+00
3.981e+05 0.000e+00 0.000e+00 0.000e+00 0.000e+00 0.000e+00
4.467e+05 0.000e+00 0.000e+00 0.000e+00 0.000e+00 0.000e+00
5.012e+05 0.000e+00 0.000e+00 0.000e+00 0.000e+00 0.000e+00
5.623e+05 0.000e+00 0.000e+00 0.000e+00 0.000e+00 0.000e+00
6.310e+05 0.000e+00 0.000e+00 0.000e+00 0.000e+00 0.000e+00
7.079e+05 0.000e+00 0.000e+00 0.000e+00 0.000e+00 0.000e+00
7.943e+05 0.000e+00 0.000e+00 0.000e+00 0.000e+00 0.000e+00
8.913e+05 0.000e+00 0.000e+00 0.000e+00 0.000e+00 0.000e+00
1.000e+06 0.000e+00 0.000e+00 0.000e+00 0.000e+00 0.000e+00
1.122e+06 0.000e+00 0.000e+00 0.000e+00 0.000e+00 0.000e+00
1.259e+06 0.000e+00 0.000e+00 0.000e+00 0.000e+00 0.000e+00
1.413e+06 0.000e+00 0.000e+00 0.000e+00 0.000e+00 0.000e+00
1.585e+06 0.000e+00 0.000e+00 0.000e+00 0.000e+00 0.000e+00
1.778e+06 0.000e+00 0.000e+00 0.000e+00 0.000e+00 0.000e+00
1.995e+06 0.000e+00 0.000e+00 0.000e+00 0.000e+00 0.000e+00
2.239e+06 0.000e+00 0.000e+00 0.000e+00 0.000e+00 0.000e+00
2.512e+06 0.000e+00 0.000e+00 0.000e+00 0.000e+00 0.000e+00
2.818e+06 0.000e+00 0.000e+00 0.000e+00 0.000e+00 0.000e+00
3.162e+06 0.000e+00 0.000e+00 0.000e+00 0.000e+00 0.000e+00
3.548e+06 0.000e+00 0.000e+00 0.000e+00 0.000e+00 0.000e+00
3.981e+06 0.000e+00 0.000e+00 0.000e+00 0.000e+00 0.000e+00
4.467e+06 0.000e+00 0.000e+00 0.000e+00 0.000e+00 0.000e+00
5.012e+06 0.000e+00 0.000e+00 0.000e+00 0.000e+00 0.000e+00
5.623e+06 0.000e+00 0.000e+00 0.000e+00 0.000e+00 0.000e+00
6.310e+06 0.000e+00 0.000e+00 0.000e+00 0.000e+00 0.000e+00
7.079e+06 0.000e+00 0.000e+00 0.000e+00 0.000e+00 0.000e+00
7.943e+06 0.000e+00 0.000e+00 0.000e+00 0.000e+00 0.000e+00
8.913e+06 0.000e+00 0.000e+00 0.000e+00 0.000e+00 0.000e+00
1.000e+07 0.000e+00 0.000e+00 0.000e+00 0.000e+00 0.000e+00
1.122e+07 0.000e+00 0.000e+00 0.000e+00 0.000e+00 0.000e+00
1.259e+07 0.000e+00 0.000e+00 0.000e+00 0.000e+00 0.000e+00
1.413e+07 0.000e+00 0.000e+00 0.000e+00 0.000e+00 0.000e+00
1.585e+07 0.000e+00 0.000e+00 0.000e+00 0.000e+00 0.000e+00
1.778e+07 0.000e+00 0.000e+00 0.000e+00 0.000e+00 0.000e+00
1.995e+07 0.000e+00 0.000e+00 0.000e+00 0.000e+00 0.000e+00
2.239e+07 0.000e+00 0.000e+00 0.000e+00 0.000e+00 0.000e+00
2.512e+07 0.000e+00 0.000e+00 0.000e+00 0.000e+00 0.000e+00
2.818e+07 0.000e+00 0.000e+00 0.000e+00 0.000e+00 0.000e+00
3.162e+07 0.000e+00 0.000e+00 0.000e+00 0.000e+00 0.000e+00
3.548e+07 0.000e+00 0.000e+00 0.000e+00 0.000e+00 0.000e+00
3.981e+07 0.000e+00 0.000e+00 0.000e+00 0.000e+00 0.000e+00
4.467e+07 0.000e+00 0.000e+00 0.000e+00 0.000e+00 0.000e+00
5.012e+07 0.000e+00 0.000e+00 0.000e+00 0.000e+00 0.000e+00
5.623e+07 0.000e+00 0.000e+00 0.000e+00 0.000e+00 0.000e+00
6.310e+07 0.000e+00 0.000e+00 0.000e+00 0.000e+00 0.000e+00
7.079e+07 0.000e+00 0.000e+00 0.000e+00 0.000e+00 0.000e+00
7.943e+07 0.000e+00 0.000e+00 0.000e+00 0.000e+00 0.000e+00
8.913e+07 0.000e+00 0.000e+00 0.000e+00 0.000e+00 0.000e+00
1.000e+08 0.000e+00 0.000e+00 0.000e+00 0.000e+00 0.000e+00
