1.000e-20 0.000e+00 0.000e+00 0.000e+00 0.000e+00 0.000e+00
1.122e-20 0.000e+00 0.000e+00 0.000e+00 0.000e+00 0.000e+00
1.259e-20 0.000e+00 0.000e+00 0.000e+00 0.000e+00 0.000e+00
1.413e-20 0.000e+00 0.000e+00 0.000e+00 0.000e+00 0.000e+00
1.585e-20 0.000e+00 0.000e+00 0.000e+00 0.000e+00 0.000e+00
1.778e-20 0.000e+00 0.000e+00 0.000e+00 0.000e+00 0.000e+00
1.995e-20 0.000e+00 0.000e+00 0.000e+00 0.000e+00 0.000e+00
2.239e-20 0.000e+00 0.000e+00 0.000e+00 0.000e+00 0.000e+00
2.512e-20 0.000e+00 0.000e+00 0.000e+00 0.000e+00 0.000e+00
2.818e-20 0.000e+00 0.000e+00 0.000e+00 0.000e+00 0.000e+00
3.162e-20 0.000e+00 0.000e+00 0.000e+00 0.000e+00 0.000e+00
3.548e-20 0.000e+00 0.000e+00 0.000e+00 0.000e+00 0.000e+00
3.981e-20 0.000e+00 0.000e+00 0.000e+00 0.000e+00 0.000e+00
4.467e-20 0.000e+00 0.000e+00 0.000e+00 0.000e+00 0.000e+00
5.012e-20 0.000e+00 0.000e+00 0.000e+00 0.000e+00 0.000e+00
5.623e-20 0.000e+00 0.000e+00 0.000e+00 0.000e+00 0.000e+00
6.310e-20 0.000e+00 0.000e+00 0.000e+00 0.000e+00 0.000e+00
7.079e-20 0.000e+00 0.000e+00 0.000e+00 0.000e+00 0.000e+00
7.943e-20 0.000e+00 0.000e+00 0.000e+00 0.000e+00 0.000e+00
8.913e-20 0.000e+00 0.000e+00 0.000e+00 0.000e+00 0.000e+00
1.000e-19 0.000e+00 0.000e+00 0.000e+00 0.000e+00 0.000e+00
1.122e-19 0.000e+00 0.000e+00 0.000e+00 0.000e+00 0.000e+00
1.259e-19 0.000e+00 0.000e+00 0.000e+00 0.000e+00 0.000e+00
1.413e-19 0.000e+00 0.000e+00 0.000e+00 0.000e+00 0.000e+00
1.585e-19 0.000e+00 0.000e+00 0.000e+00 0.000e+00 0.000e+00
1.778e-19 0.000e+00 0.000e+00 0.000e+00 0.000e+00 0.000e+00
1.995e-19 0.000e+00 0.000e+00 0.000e+00 0.000e+00 0.000e+00
2.239e-19 0.000e+00 0.000e+00 0.000e+00 0.000e+00 0.000e+00
2.512e-19 0.000e+00 0.000e+00 0.000e+00 0.000e+00 0.000e+00
2.818e-19 0.000e+00 0.000e+00 0.000e+00 0.000e+00 0.000e+00
3.162e-19 0.000e+00 0.000e+00 0.000e+00 0.000e+00 0.000e+00
3.548e-19 0.000e+00 0.000e+00 0.000e+00 0.000e+00 0.000e+00
3.981e-19 0.000e+00 0.000e+00 0.000e+00 0.000e+00 0.000e+00
4.467e-19 0.000e+00 0.000e+00 0.000e+00 0.000e+00 0.000e+00
5.012e-19 0.000e+00 0.000e+00 0.000e+00 0.000e+00 0.000e+00
5.623e-19 0.000e+00 0.000e+00 0.000e+00 0.000e+00 0.000e+00
6.310e-19 0.000e+00 0.000e+00 0.000e+00 0.000e+00 0.000e+00
7.079e-19 0.000e+00 0.000e+00 0.000e+00 0.000e+00 0.000e+00
7.943e-19 0.000e+00 0.000e+00 0.000e+00 0.000e+00 0.000e+00
8.913e-19 0.000e+00 0.000e+00 0.000e+00 0.000e+00 0.000e+00
1.000e-18 0.000e+00 0.000e+00 0.000e+00 0.000e+00 0.000e+00
1.122e-18 0.000e+00 0.000e+00 0.000e+00 0.000e+00 0.000e+00
1.259e-18 0.000e+00 0.000e+00 0.000e+00 0.000e+00 0.000e+00
1.413e-18 0.000e+00 0.000e+00 0.000e+00 0.000e+00 0.000e+00
1.585e-18 0.000e+00 0.000e+00 0.000e+00 0.000e+00 0.000e+00
1.778e-18 0.000e+00 0.000e+00 0.000e+00 0.000e+00 0.000e+00
1.995e-18 0.000e+00 0.000e+00 0.000e+00 0.000e+00 0.000e+00
2.239e-18 0.000e+00 0.000e+00 0.000e+00 0.000e+00 0.000e+00
2.512e-18 0.000e+00 0.000e+00 0.000e+00 0.000e+00 0.000e+00
2.818e-18 0.000e+00 0.000e+00 0.000e+00 0.000e+00 0.000e+00
3.162e-18 0.000e+00 0.000e+00 0.000e+00 0.000e+00 0.000e+00
3.548e-18 0.000e+00 0.000e+00 0.000e+00 0.000e+00 0.000e+00
3.981e-18 0.000e+00 0.000e+00 0.000e+00 0.000e+00 0.000e+00
4.467e-18 0.000e+00 0.000e+00 0.000e+00 0.000e+00 0.000e+00
5.012e-18 0.000e+00 0.000e+00 0.000e+00 0.000e+00 0.000e+00
5.623e-18 0.000e+00 0.000e+00 0.000e+00 0.000e+00 0.000e+00
6.310e-18 0.000e+00 0.000e+00 0.000e+00 0.000e+00 0.000e+00
7.079e-18 0.000e+00 0.000e+00 0.000e+00 0.000e+00 0.000e+00
7.943e-18 0.000e+00 0.000e+00 0.000e+00 0.000e+00 0.000e+00
8.913e-18 0.000e+00 0.000e+00 0.000e+00 0.000e+00 0.000e+00
1.000e-17 0.000e+00 0.000e+00 0.000e+00 0.000e+00 0.000e+00
1.122e-17 0.000e+00 0.000e+00 0.000e+00 0.000e+00 0.000e+00
1.259e-17 0.000e+00 0.000e+00 0.000e+00 0.000e+00 0.000e+00
1.413e-17 0.000e+00 0.000e+00 0.000e+00 0.000e+00 0.000e+00
1.585e-17 0.000e+00 0.000e+00 0.000e+00 0.000e+00 0.000e+00
1.778e-17 0.000e+00 0.000e+00 0.000e+00 0.000e+00 0.000e+00
1.995e-17 0.000e+00 0.000e+00 0.000e+00 0.000e+00 0.000e+00
2.239e-17 0.000e+00 0.000e+00 0.000e+00 0.000e+00 0.000e+00
2.512e-17 0.000e+00 0.000e+00 0.000e+00 0.000e+00 0.000e+00
2.818e-17 0.000e+00 0.000e+00 0.000e+00 0.000e+00 0.000e+00
3.162e-17 0.000e+00 0.000e+00 0.000e+00 0.000e+00 0.000e+00
3.548e-17 0.000e+00 0.000e+00 0.000e+00 0.000e+00 0.000e+00
3.981e-17 0.000e+00 0.000e+00 0.000e+00 0.000e+00 0.000e+00
4.467e-17 0.000e+00 0.000e+00 0.000e+00 0.000e+00 0.000e+00
5.012e-17 0.000e+00 0.000e+00 0.000e+00 0.000e+00 0.000e+00
5.623e-17 0.000e+00 0.000e+00 0.000e+00 0.000e+00 0.000e+00
6.310e-17 0.000e+00 0.000e+00 0.000e+00 0.000e+00 0.000e+00
7.079e-17 0.000e+00 0.000e+00 0.000e+00 0.000e+00 0.000e+00
7.943e-17 0.000e+00 0.000e+00 0.000e+00 0.000e+00 0.000e+00
8.913e-17 0.000e+00 0.000e+00 0.000e+00 0.000e+00 0.000e+00
1.000e-16 0.000e+00 0.000e+00 0.000e+00 0.000e+00 0.000e+00
1.122e-16 0.000e+00 0.000e+00 0.000e+00 0.000e+00 0.000e+00
1.259e-16 0.000e+00 0.000e+00 0.000e+00 0.000e+00 0.000e+00
1.413e-16 0.000e+00 0.000e+00 0.000e+00 0.000e+00 0.000e+00
1.585e-16 0.000e+00 0.000e+00 0.000e+00 0.000e+00 0.000e+00
1.778e-16 0.000e+00 0.000e+00 0.000e+00 0.000e+00 0.000e+00
1.995e-16 0.000e+00 0.000e+00 0.000e+00 0.000e+00 0.000e+00
2.239e-16 0.000e+00 0.000e+00 0.000e+00 0.000e+00 0.000e+00
2.512e-16 0.000e+00 0.000e+00 0.000e+00 0.000e+00 0.000e+00
2.818e-16 0.000e+00 0.000e+00 0.000e+00 0.000e+00 0.000e+00
3.162e-16 0.000e+00 0.000e+00 0.000e+00 0.000e+00 0.000e+00
3.548e-16 0.000e+00 0.000e+00 0.000e+00 0.000e+00 0.000e+00
3.981e-16 0.000e+00 0.000e+00 0.000e+00 0.000e+00 0.000e+00
4.467e-16 0.000e+00 0.000e+00 0.000e+00 0.000e+00 0.000e+00
5.012e-16 0.000e+00 0.000e+00 0.000e+00 0.000e+00 0.000e+00
5.623e-16 0.000e+00 0.000e+00 0.000e+00 0.000e+00 0.000e+00
6.310e-16 0.000e+00 0.000e+00 0.000e+00 0.000e+00 0.000e+00
7.079e-16 0.000e+00 0.000e+00 0.000e+00 0.000e+00 0.000e+00
7.943e-16 0.000e+00 0.000e+00 0.000e+00 0.000e+00 0.000e+00
8.913e-16 0.000e+00 0.000e+00 0.000e+00 0.000e+00 0.000e+00
1.000e-15 0.000e+00 0.000e+00 0.000e+00 0.000e+00 0.000e+00
1.122e-15 0.000e+00 0.000e+00 0.000e+00 0.000e+00 0.000e+00
1.259e-15 0.000e+00 0.000e+00 0.000e+00 0.000e+00 0.000e+00
1.413e-15 0.000e+00 0.000e+00 0.000e+00 0.000e+00 0.000e+00
1.585e-15 0.000e+00 0.000e+00 0.000e+00 0.000e+00 0.000e+00
1.778e-15 0.000e+00 0.000e+00 0.000e+00 0.000e+00 0.000e+00
1.995e-15 0.000e+00 0.000e+00 0.000e+00 0.000e+00 0.000e+00
2.239e-15 0.000e+00 0.000e+00 0.000e+00 0.000e+00 0.000e+00
2.512e-15 0.000e+00 0.000e+00 0.000e+00 0.000e+00 0.000e+00
2.818e-15 0.000e+00 0.000e+00 0.000e+00 0.000e+00 0.000e+00
3.162e-15 0.000e+00 0.000e+00 0.000e+00 0.000e+00 0.000e+00
3.548e-15 0.000e+00 0.000e+00 0.000e+00 0.000e+00 0.000e+00
3.981e-15 0.000e+00 0.000e+00 0.000e+00 0.000e+00 0.000e+00
4.467e-15 0.000e+00 0.000e+00 0.000e+00 0.000e+00 0.000e+00
5.012e-15 0.000e+00 0.000e+00 0.000e+00 0.000e+00 0.000e+00
5.623e-15 0.000e+00 0.000e+00 0.000e+00 0.000e+00 0.000e+00
6.310e-15 0.000e+00 0.000e+00 0.000e+00 0.000e+00 0.000e+00
7.079e-15 0.000e+00 0.000e+00 0.000e+00 0.000e+00 0.000e+00
7.943e-15 0.000e+00 0.000e+00 0.000e+00 0.000e+00 0.000e+00
8.913e-15 0.000e+00 0.000e+00 0.000e+00 0.000e+00 0.000e+00
1.000e-14 0.000e+00 0.000e+00 0.000e+00 0.000e+00 0.000e+00
1.122e-14 0.000e+00 0.000e+00 0.000e+00 0.000e+00 0.000e+00
1.259e-14 0.000e+00 0.000e+00 0.000e+00 0.000e+00 0.000e+00
1.413e-14 0.000e+00 0.000e+00 0.000e+00 0.000e+00 0.000e+00
1.585e-14 0.000e+00 0.000e+00 0.000e+00 0.000e+00 0.000e+00
1.778e-14 0.000e+00 0.000e+00 0.000e+00 0.000e+00 0.000e+00
1.995e-14 0.000e+00 0.000e+00 0.000e+00 0.000e+00 0.000e+00
2.239e-14 0.000e+00 0.000e+00 0.000e+00 0.000e+00 0.000e+00
2.512e-14 0.000e+00 0.000e+00 0.000e+00 0.000e+00 0.000e+00
2.818e-14 0.000e+00 0.000e+00 0.000e+00 0.000e+00 0.000e+00
3.162e-14 0.000e+00 0.000e+00 0.000e+00 0.000e+00 0.000e+00
3.548e-14 0.000e+00 0.000e+00 0.000e+00 0.000e+00 0.000e+00
3.981e-14 0.000e+00 0.000e+00 0.000e+00 0.000e+00 0.000e+00
4.467e-14 0.000e+00 0.000e+00 0.000e+00 0.000e+00 0.000e+00
5.012e-14 0.000e+00 0.000e+00 0.000e+00 0.000e+00 0.000e+00
5.623e-14 0.000e+00 0.000e+00 0.000e+00 0.000e+00 0.000e+00
6.310e-14 0.000e+00 0.000e+00 0.000e+00 0.000e+00 0.000e+00
7.079e-14 0.000e+00 0.000e+00 0.000e+00 0.000e+00 0.000e+00
7.943e-14 0.000e+00 0.000e+00 0.000e+00 0.000e+00 0.000e+00
8.913e-14 0.000e+00 0.000e+00 0.000e+00 0.000e+00 0.000e+00
1.000e-13 0.000e+00 0.000e+00 0.000e+00 0.000e+00 0.000e+00
1.122e-13 0.000e+00 0.000e+00 0.000e+00 0.000e+00 0.000e+00
1.259e-13 0.000e+00 0.000e+00 0.000e+00 0.000e+00 0.000e+00
1.413e-13 0.000e+00 0.000e+00 0.000e+00 0.000e+00 0.000e+00
1.585e-13 0.000e+00 0.000e+00 0.000e+00 0.000e+00 0.000e+00
1.778e-13 0.000e+00 0.000e+00 0.000e+00 0.000e+00 0.000e+00
1.995e-13 0.000e+00 0.000e+00 0.000e+00 0.000e+00 0.000e+00
2.239e-13 0.000e+00 0.000e+00 0.000e+00 0.000e+00 0.000e+00
2.512e-13 0.000e+00 0.000e+00 0.000e+00 0.000e+00 0.000e+00
2.818e-13 0.000e+00 0.000e+00 0.000e+00 0.000e+00 0.000e+00
3.162e-13 0.000e+00 0.000e+00 0.000e+00 0.000e+00 0.000e+00
3.548e-13 0.000e+00 0.000e+00 0.000e+00 0.000e+00 0.000e+00
3.981e-13 0.000e+00 0.000e+00 0.000e+00 0.000e+00 0.000e+00
4.467e-13 0.000e+00 0.000e+00 0.000e+00 0.000e+00 0.000e+00
5.012e-13 8.148e+11 1.277e-13 1.024e-72 2.161e-58 2.715e-57
5.623e-13 1.397e+15 2.757e-10 2.210e-69 4.664e-55 5.861e-54
6.310e-13 2.801e+16 6.959e-09 5.577e-68 1.177e-53 1.479e-52
7.079e-13 2.308e+17 7.220e-08 5.785e-67 1.221e-52 1.535e-51
7.943e-13 1.254e+18 4.939e-07 3.958e-66 8.354e-52 1.050e-50
8.913e-13 5.346e+18 2.650e-06 2.124e-65 4.483e-51 5.634e-50
1.000e-12 1.941e+19 1.212e-05 9.710e-65 2.050e-50 2.576e-49
1.122e-12 6.279e+19 4.934e-05 3.954e-64 8.346e-50 1.049e-48
1.259e-12 1.856e+20 1.836e-04 1.472e-63 3.106e-49 3.903e-48
1.413e-12 5.099e+20 6.350e-04 5.089e-63 1.074e-48 1.350e-47
1.585e-12 1.316e+21 2.062e-03 1.653e-62 3.489e-48 4.384e-47
1.778e-12 3.213e+21 6.341e-03 5.082e-62 1.073e-47 1.348e-46
1.995e-12 7.472e+21 1.857e-02 1.488e-61 3.141e-47 3.947e-46
2.239e-12 1.663e+22 5.202e-02 4.169e-61 8.799e-47 1.106e-45
2.512e-12 3.556e+22 1.400e-01 1.122e-60 2.369e-46 2.977e-45
2.818e-12 7.330e+22 3.634e-01 2.912e-60 6.147e-46 7.724e-45
3.162e-12 1.461e+23 9.119e-01 7.308e-60 1.543e-45 1.938e-44
3.548e-12 2.824e+23 2.219e+00 1.778e-59 3.753e-45 4.717e-44
3.981e-12 5.305e+23 5.248e+00 4.206e-59 8.877e-45 1.116e-43
4.467e-12 9.709e+23 1.209e+01 9.689e-59 2.045e-44 2.570e-43
5.012e-12 1.734e+24 2.719e+01 2.179e-58 4.599e-44 5.779e-43
5.623e-12 3.028e+24 5.977e+01 4.790e-58 1.011e-43 1.270e-42
6.310e-12 5.179e+24 1.287e+02 1.031e-57 2.177e-43 2.736e-42
7.079e-12 8.688e+24 2.718e+02 2.178e-57 4.597e-43 5.777e-42
7.943e-12 1.432e+25 5.637e+02 4.518e-57 9.536e-43 1.198e-41
8.913e-12 2.319e+25 1.150e+03 9.215e-57 1.945e-42 2.444e-41
1.000e-11 3.700e+25 2.309e+03 1.851e-56 3.906e-42 4.909e-41
1.122e-11 5.817e+25 4.570e+03 3.663e-56 7.731e-42 9.715e-41
1.259e-11 9.021e+25 8.924e+03 7.151e-56 1.509e-41 1.897e-40
1.413e-11 1.382e+26 1.720e+04 1.379e-55 2.910e-41 3.657e-40
1.585e-11 2.091e+26 3.278e+04 2.627e-55 5.545e-41 6.968e-40
1.778e-11 3.129e+26 6.176e+04 4.949e-55 1.045e-40 1.313e-39
1.995e-11 4.635e+26 1.152e+05 9.230e-55 1.948e-40 2.448e-39
2.239e-11 6.800e+26 2.127e+05 1.705e-54 3.598e-40 4.521e-39
2.512e-11 9.884e+26 3.893e+05 3.119e-54 6.584e-40 8.274e-39
2.818e-11 1.425e+27 7.063e+05 5.660e-54 1.195e-39 1.501e-38
3.162e-11 2.037e+27 1.271e+06 1.019e-53 2.151e-39 2.703e-38
3.548e-11 2.891e+27 2.272e+06 1.820e-53 3.842e-39 4.828e-38
3.981e-11 4.074e+27 4.030e+06 3.229e-53 6.816e-39 8.566e-38
4.467e-11 5.703e+27 7.102e+06 5.691e-53 1.201e-38 1.510e-37
5.012e-11 7.934e+27 1.244e+07 9.968e-53 2.104e-38 2.644e-37
5.623e-11 1.097e+28 2.166e+07 1.736e-52 3.664e-38 4.604e-37
6.310e-11 1.509e+28 3.751e+07 3.006e-52 6.344e-38 7.973e-37
7.079e-11 2.066e+28 6.462e+07 5.178e-52 1.093e-37 1.374e-36
7.943e-11 2.813e+28 1.108e+08 8.878e-52 1.874e-37 2.355e-36
8.913e-11 3.814e+28 1.891e+08 1.515e-51 3.199e-37 4.019e-36
1.000e-10 5.149e+28 3.214e+08 2.575e-51 5.436e-37 6.831e-36
1.122e-10 6.923e+28 5.439e+08 4.359e-51 9.201e-37 1.156e-35
1.259e-10 9.272e+28 9.172e+08 7.350e-51 1.552e-36 1.950e-35
1.413e-10 1.238e+29 1.541e+09 1.235e-50 2.607e-36 3.276e-35
1.585e-10 1.646e+29 2.581e+09 2.068e-50 4.366e-36 5.487e-35
1.778e-10 2.183e+29 4.309e+09 3.453e-50 7.289e-36 9.160e-35
1.995e-10 2.887e+29 7.174e+09 5.749e-50 1.213e-35 1.525e-34
2.239e-10 3.807e+29 1.191e+10 9.543e-50 2.014e-35 2.531e-34
2.512e-10 5.007e+29 1.972e+10 1.580e-49 3.335e-35 4.191e-34
2.818e-10 6.569e+29 3.257e+10 2.610e-49 5.509e-35 6.923e-34
3.162e-10 8.600e+29 5.368e+10 4.301e-49 9.080e-35 1.141e-33
3.548e-10 1.123e+30 8.828e+10 7.074e-49 1.493e-34 1.876e-33
3.981e-10 1.465e+30 1.449e+11 1.161e-48 2.451e-34 3.080e-33
4.467e-10 1.906e+30 2.374e+11 1.902e-48 4.015e-34 5.045e-33
5.012e-10 2.476e+30 3.882e+11 3.111e-48 6.566e-34 8.251e-33
5.623e-10 3.211e+30 6.338e+11 5.079e-48 1.072e-33 1.347e-32
6.310e-10 4.158e+30 1.033e+12 8.280e-48 1.748e-33 2.196e-32
7.079e-10 5.378e+30 1.682e+12 1.348e-47 2.845e-33 3.576e-32
7.943e-10 6.945e+30 2.735e+12 2.192e-47 4.626e-33 5.814e-32
8.913e-10 8.958e+30 4.441e+12 3.559e-47 7.512e-33 9.440e-32
1.000e-09 1.154e+31 7.203e+12 5.772e-47 1.218e-32 1.531e-31
1.122e-09 1.485e+31 1.167e+13 9.353e-47 1.974e-32 2.481e-31
1.259e-09 1.910e+31 1.889e+13 1.514e-46 3.196e-32 4.016e-31
1.413e-09 2.453e+31 3.055e+13 2.448e-46 5.168e-32 6.494e-31
1.585e-09 3.148e+31 4.936e+13 3.956e-46 8.349e-32 1.049e-30
1.778e-09 4.037e+31 7.969e+13 6.386e-46 1.348e-31 1.694e-30
1.995e-09 5.174e+31 1.286e+14 1.030e-45 2.175e-31 2.733e-30
2.239e-09 6.625e+31 2.072e+14 1.661e-45 3.506e-31 4.405e-30
2.512e-09 8.479e+31 3.339e+14 2.676e-45 5.648e-31 7.097e-30
2.818e-09 1.084e+32 5.376e+14 4.308e-45 9.094e-31 1.143e-29
3.162e-09 1.386e+32 8.651e+14 6.933e-45 1.463e-30 1.839e-29
3.548e-09 1.771e+32 1.391e+15 1.115e-44 2.354e-30 2.958e-29
3.981e-09 2.261e+32 2.237e+15 1.792e-44 3.783e-30 4.754e-29
4.467e-09 2.886e+32 3.594e+15 2.880e-44 6.079e-30 7.640e-29
5.012e-09 3.682e+32 5.772e+15 4.626e-44 9.764e-30 1.227e-28
5.623e-09 4.695e+32 9.267e+15 7.427e-44 1.568e-29 1.970e-28
6.310e-09 5.986e+32 1.487e+16 1.192e-43 2.516e-29 3.161e-28
7.079e-09 7.628e+32 2.386e+16 1.912e-43 4.036e-29 5.072e-28
7.943e-09 9.717e+32 3.827e+16 3.066e-43 6.473e-29 8.134e-28
8.913e-09 1.237e+33 6.135e+16 4.916e-43 1.038e-28 1.304e-27
1.000e-08 1.575e+33 9.832e+16 7.879e-43 1.663e-28 2.090e-27
1.122e-08 2.005e+33 1.575e+17 1.262e-42 2.665e-28 3.348e-27
1.259e-08 2.551e+33 2.523e+17 2.022e-42 4.268e-28 5.363e-27
1.413e-08 3.244e+33 4.040e+17 3.238e-42 6.834e-28 8.588e-27
1.585e-08 4.125e+33 6.468e+17 5.183e-42 1.094e-27 1.375e-26
1.778e-08 5.244e+33 1.035e+18 8.295e-42 1.751e-27 2.200e-26
1.995e-08 6.665e+33 1.656e+18 1.327e-41 2.801e-27 3.520e-26
2.239e-08 8.468e+33 2.649e+18 2.123e-41 4.481e-27 5.631e-26
2.512e-08 1.076e+34 4.236e+18 3.394e-41 7.165e-27 9.004e-26
2.818e-08 1.366e+34 6.772e+18 5.427e-41 1.145e-26 1.439e-25
3.162e-08 1.734e+34 1.082e+19 8.673e-41 1.831e-26 2.301e-25
3.548e-08 2.201e+34 1.729e+19 1.386e-40 2.925e-26 3.676e-25
3.981e-08 2.792e+34 2.762e+19 2.214e-40 4.672e-26 5.871e-25
4.467e-08 3.542e+34 4.411e+19 3.535e-40 7.461e-26 9.376e-25
5.012e-08 4.491e+34 7.042e+19 5.643e-40 1.191e-25 1.497e-24
5.623e-08 5.694e+34 1.124e+20 9.006e-40 1.901e-25 2.389e-24
6.310e-08 7.217e+34 1.793e+20 1.437e-39 3.034e-25 3.812e-24
7.079e-08 9.150e+34 2.862e+20 2.294e-39 4.842e-25 6.084e-24
7.943e-08 1.161e+35 4.571e+20 3.663e-39 7.731e-25 9.716e-24
8.913e-08 1.474e+35 7.306e+20 5.854e-39 1.236e-24 1.553e-23
1.000e-07 1.873e+35 1.169e+21 9.368e-39 1.977e-24 2.485e-23
1.122e-07 2.384e+35 1.873e+21 1.501e-38 3.168e-24 3.981e-23
1.259e-07 3.037e+35 3.004e+21 2.408e-38 5.082e-24 6.386e-23
1.413e-07 3.874e+35 4.824e+21 3.866e-38 8.160e-24 1.025e-22
1.585e-07 4.945e+35 7.752e+21 6.212e-38 1.311e-23 1.648e-22
1.778e-07 6.314e+35 1.246e+22 9.987e-38 2.108e-23 2.649e-22
1.995e-07 8.064e+35 2.004e+22 1.606e-37 3.389e-23 4.259e-22
2.239e-07 1.030e+36 3.221e+22 2.581e-37 5.448e-23 6.846e-22
2.512e-07 1.314e+36 5.174e+22 4.146e-37 8.752e-23 1.100e-21
2.818e-07 1.675e+36 8.305e+22 6.655e-37 1.405e-22 1.765e-21
3.162e-07 2.133e+36 1.332e+23 1.067e-36 2.252e-22 2.830e-21
3.548e-07 2.714e+36 2.132e+23 1.709e-36 3.607e-22 4.532e-21
3.981e-07 3.447e+36 3.410e+23 2.733e-36 5.768e-22 7.248e-21
4.467e-07 4.373e+36 5.446e+23 4.364e-36 9.212e-22 1.158e-20
5.012e-07 5.542e+36 8.689e+23 6.963e-36 1.470e-21 1.847e-20
5.623e-07 7.018e+36 1.385e+24 1.110e-35 2.343e-21 2.944e-20
6.310e-07 8.882e+36 2.207e+24 1.769e-35 3.733e-21 4.691e-20
7.079e-07 1.124e+37 3.515e+24 2.817e-35 5.946e-21 7.471e-20
7.943e-07 1.421e+37 5.597e+24 4.485e-35 9.467e-21 1.190e-19
8.913e-07 1.797e+37 8.911e+24 7.141e-35 1.507e-20 1.894e-19
1.000e-06 2.272e+37 1.418e+25 1.137e-34 2.399e-20 3.015e-19
1.122e-06 2.872e+37 2.257e+25 1.809e-34 3.818e-20 4.797e-19
1.259e-06 3.628e+37 3.589e+25 2.876e-34 6.071e-20 7.629e-19
1.413e-06 4.580e+37 5.703e+25 4.570e-34 9.647e-20 1.212e-18
1.585e-06 5.782e+37 9.065e+25 7.264e-34 1.533e-19 1.927e-18
1.778e-06 7.305e+37 1.442e+26 1.155e-33 2.439e-19 3.065e-18
1.995e-06 9.237e+37 2.295e+26 1.839e-33 3.882e-19 4.879e-18
2.239e-06 1.168e+38 3.653e+26 2.928e-33 6.179e-19 7.765e-18
2.512e-06 1.475e+38 5.808e+26 4.654e-33 9.825e-19 1.235e-17
2.818e-06 1.858e+38 9.213e+26 7.383e-33 1.558e-18 1.958e-17
3.162e-06 2.333e+38 1.456e+27 1.167e-32 2.464e-18 3.096e-17
3.548e-06 2.918e+38 2.293e+27 1.837e-32 3.878e-18 4.873e-17
3.981e-06 3.631e+38 3.592e+27 2.878e-32 6.076e-18 7.635e-17
4.467e-06 4.495e+38 5.598e+27 4.486e-32 9.470e-18 1.190e-16
5.012e-06 5.536e+38 8.679e+27 6.955e-32 1.468e-17 1.845e-16
5.623e-06 6.780e+38 1.338e+28 1.072e-31 2.264e-17 2.844e-16
6.310e-06 8.255e+38 2.051e+28 1.644e-31 3.470e-17 4.360e-16
7.079e-06 9.988e+38 3.124e+28 2.504e-31 5.285e-17 6.641e-16
7.943e-06 1.202e+39 4.734e+28 3.793e-31 8.007e-17 1.006e-15
8.913e-06 1.438e+39 7.128e+28 5.712e-31 1.206e-16 1.515e-15
1.000e-05 1.709e+39 1.067e+29 8.549e-31 1.805e-16 2.268e-15
1.122e-05 2.019e+39 1.586e+29 1.271e-30 2.684e-16 3.372e-15
1.259e-05 2.366e+39 2.340e+29 1.875e-30 3.959e-16 4.975e-15
1.413e-05 2.748e+39 3.422e+29 2.742e-30 5.788e-16 7.273e-15
1.585e-05 3.161e+39 4.955e+29 3.971e-30 8.382e-16 1.053e-14
1.778e-05 3.599e+39 7.103e+29 5.692e-30 1.201e-15 1.510e-14
1.995e-05 4.052e+39 1.007e+30 8.068e-30 1.703e-15 2.140e-14
2.239e-05 4.512e+39 1.411e+30 1.131e-29 2.387e-15 3.000e-14
2.512e-05 4.968e+39 1.956e+30 1.568e-29 3.309e-15 4.158e-14
2.818e-05 5.409e+39 2.682e+30 2.149e-29 4.536e-15 5.701e-14
3.162e-05 5.826e+39 3.637e+30 2.914e-29 6.151e-15 7.730e-14
3.548e-05 6.209e+39 4.879e+30 3.909e-29 8.252e-15 1.037e-13
3.981e-05 6.547e+39 6.477e+30 5.190e-29 1.096e-14 1.377e-13
4.467e-05 6.834e+39 8.511e+30 6.820e-29 1.440e-14 1.809e-13
5.012e-05 7.062e+39 1.107e+31 8.873e-29 1.873e-14 2.354e-13
5.623e-05 7.227e+39 1.426e+31 1.143e-28 2.413e-14 3.032e-13
6.310e-05 7.323e+39 1.820e+31 1.458e-28 3.078e-14 3.868e-13
7.079e-05 7.332e+39 2.294e+31 1.838e-28 3.880e-14 4.875e-13
7.943e-05 7.248e+39 2.854e+31 2.287e-28 4.828e-14 6.067e-13
8.913e-05 7.095e+39 3.517e+31 2.819e-28 5.950e-14 7.477e-13
1.000e-04 6.877e+39 4.292e+31 3.440e-28 7.261e-14 9.124e-13
1.122e-04 6.600e+39 5.186e+31 4.156e-28 8.772e-14 1.102e-12
1.259e-04 6.269e+39 6.202e+31 4.970e-28 1.049e-13 1.318e-12
1.413e-04 5.894e+39 7.340e+31 5.882e-28 1.242e-13 1.560e-12
1.585e-04 5.482e+39 8.595e+31 6.887e-28 1.454e-13 1.827e-12
1.778e-04 5.044e+39 9.955e+31 7.977e-28 1.684e-13 2.116e-12
1.995e-04 4.589e+39 1.140e+32 9.138e-28 1.929e-13 2.424e-12
2.239e-04 4.130e+39 1.292e+32 1.035e-27 2.185e-13 2.746e-12
2.512e-04 3.674e+39 1.447e+32 1.160e-27 2.448e-13 3.076e-12
2.818e-04 3.233e+39 1.603e+32 1.285e-27 2.712e-13 3.407e-12
3.162e-04 2.815e+39 1.757e+32 1.408e-27 2.972e-13 3.735e-12
3.548e-04 2.428e+39 1.908e+32 1.529e-27 3.227e-13 4.055e-12
3.981e-04 2.075e+39 2.053e+32 1.645e-27 3.472e-13 4.363e-12
4.467e-04 1.759e+39 2.191e+32 1.755e-27 3.705e-13 4.656e-12
5.012e-04 1.481e+39 2.322e+32 1.861e-27 3.928e-13 4.936e-12
5.623e-04 1.240e+39 2.447e+32 1.961e-27 4.138e-13 5.200e-12
6.310e-04 1.031e+39 2.562e+32 2.053e-27 4.333e-13 5.445e-12
7.079e-04 8.529e+38 2.668e+32 2.138e-27 4.513e-13 5.671e-12
7.943e-04 7.012e+38 2.762e+32 2.213e-27 4.671e-13 5.870e-12
8.913e-04 5.731e+38 2.841e+32 2.277e-27 4.806e-13 6.040e-12
1.000e-03 4.658e+38 2.908e+32 2.330e-27 4.918e-13 6.180e-12
1.122e-03 3.766e+38 2.959e+32 2.371e-27 5.005e-13 6.290e-12
1.259e-03 3.029e+38 2.996e+32 2.401e-27 5.068e-13 6.368e-12
1.413e-03 2.424e+38 3.019e+32 2.419e-27 5.106e-13 6.417e-12
1.585e-03 1.932e+38 3.029e+32 2.427e-27 5.123e-13 6.438e-12
1.778e-03 1.534e+38 3.028e+32 2.426e-27 5.121e-13 6.436e-12
1.995e-03 1.215e+38 3.019e+32 2.419e-27 5.107e-13 6.417e-12
2.239e-03 9.611e+37 3.006e+32 2.409e-27 5.085e-13 6.390e-12
2.512e-03 7.601e+37 2.993e+32 2.399e-27 5.063e-13 6.363e-12
2.818e-03 6.015e+37 2.982e+32 2.390e-27 5.044e-13 6.338e-12
3.162e-03 4.764e+37 2.973e+32 2.383e-27 5.029e-13 6.320e-12
3.548e-03 3.774e+37 2.966e+32 2.376e-27 5.016e-13 6.304e-12
3.981e-03 2.988e+37 2.956e+32 2.369e-27 5.000e-13 6.283e-12
4.467e-03 2.364e+37 2.944e+32 2.360e-27 4.981e-13 6.259e-12
5.012e-03 1.870e+37 2.932e+32 2.349e-27 4.959e-13 6.232e-12
5.623e-03 1.479e+37 2.919e+32 2.339e-27 4.937e-13 6.204e-12
6.310e-03 1.169e+37 2.905e+32 2.328e-27 4.914e-13 6.175e-12
7.079e-03 9.242e+36 2.891e+32 2.317e-27 4.890e-13 6.145e-12
7.943e-03 7.303e+36 2.876e+32 2.305e-27 4.865e-13 6.114e-12
8.913e-03 5.768e+36 2.860e+32 2.292e-27 4.837e-13 6.079e-12
1.000e-02 4.552e+36 2.841e+32 2.277e-27 4.806e-13 6.040e-12
1.122e-02 3.589e+36 2.820e+32 2.260e-27 4.770e-13 5.994e-12
1.259e-02 2.826e+36 2.796e+32 2.240e-27 4.729e-13 5.942e-12
1.413e-02 2.222e+36 2.767e+32 2.218e-27 4.681e-13 5.883e-12
1.585e-02 1.745e+36 2.736e+32 2.193e-27 4.628e-13 5.816e-12
1.778e-02 1.369e+36 2.702e+32 2.165e-27 4.570e-13 5.743e-12
1.995e-02 1.073e+36 2.666e+32 2.136e-27 4.510e-13 5.667e-12
2.239e-02 8.404e+35 2.629e+32 2.107e-27 4.447e-13 5.588e-12
2.512e-02 6.581e+35 2.592e+32 2.077e-27 4.384e-13 5.509e-12
2.818e-02 5.153e+35 2.555e+32 2.047e-27 4.322e-13 5.431e-12
3.162e-02 4.037e+35 2.520e+32 2.019e-27 4.262e-13 5.356e-12
3.548e-02 3.165e+35 2.487e+32 1.993e-27 4.206e-13 5.285e-12
3.981e-02 2.483e+35 2.456e+32 1.968e-27 4.155e-13 5.221e-12
4.467e-02 1.951e+35 2.429e+32 1.947e-27 4.109e-13 5.164e-12
5.012e-02 1.534e+35 2.406e+32 1.928e-27 4.069e-13 5.114e-12
5.623e-02 1.208e+35 2.385e+32 1.911e-27 4.034e-13 5.070e-12
6.310e-02 9.525e+34 2.367e+32 1.897e-27 4.003e-13 5.031e-12
7.079e-02 7.513e+34 2.350e+32 1.883e-27 3.975e-13 4.995e-12
7.943e-02 5.927e+34 2.334e+32 1.870e-27 3.948e-13 4.961e-12
8.913e-02 4.675e+34 2.318e+32 1.858e-27 3.921e-13 4.927e-12
1.000e-01 3.687e+34 2.301e+32 1.844e-27 3.893e-13 4.892e-12
1.122e-01 2.907e+34 2.284e+32 1.830e-27 3.864e-13 4.855e-12
1.259e-01 2.291e+34 2.266e+32 1.816e-27 3.834e-13 4.818e-12
1.413e-01 1.805e+34 2.248e+32 1.802e-27 3.803e-13 4.779e-12
1.585e-01 1.422e+34 2.230e+32 1.787e-27 3.771e-13 4.739e-12
1.778e-01 1.120e+34 2.211e+32 1.771e-27 3.739e-13 4.699e-12
1.995e-01 8.818e+33 2.191e+32 1.756e-27 3.706e-13 4.657e-12
2.239e-01 6.940e+33 2.171e+32 1.740e-27 3.672e-13 4.615e-12
2.512e-01 5.461e+33 2.151e+32 1.724e-27 3.638e-13 4.572e-12
2.818e-01 4.296e+33 2.130e+32 1.707e-27 3.603e-13 4.528e-12
3.162e-01 3.379e+33 2.109e+32 1.690e-27 3.567e-13 4.483e-12
3.548e-01 2.657e+33 2.087e+32 1.673e-27 3.531e-13 4.437e-12
3.981e-01 2.088e+33 2.066e+32 1.655e-27 3.494e-13 4.391e-12
4.467e-01 1.641e+33 2.043e+32 1.638e-27 3.456e-13 4.344e-12
5.012e-01 1.289e+33 2.021e+32 1.619e-27 3.418e-13 4.296e-12
5.623e-01 1.012e+33 1.998e+32 1.601e-27 3.379e-13 4.247e-12
6.310e-01 7.947e+32 1.975e+32 1.582e-27 3.340e-13 4.197e-12
7.079e-01 6.236e+32 1.951e+32 1.563e-27 3.300e-13 4.147e-12
7.943e-01 4.892e+32 1.927e+32 1.544e-27 3.259e-13 4.095e-12
8.913e-01 3.837e+32 1.902e+32 1.524e-27 3.217e-13 4.043e-12
1.000e+00 3.007e+32 1.877e+32 1.504e-27 3.175e-13 3.990e-12
1.122e+00 2.356e+32 1.852e+32 1.484e-27 3.132e-13 3.936e-12
1.259e+00 1.846e+32 1.826e+32 1.463e-27 3.088e-13 3.881e-12
1.413e+00 1.445e+32 1.799e+32 1.442e-27 3.043e-13 3.824e-12
1.585e+00 1.130e+32 1.772e+32 1.420e-27 2.998e-13 3.767e-12
1.778e+00 8.839e+31 1.745e+32 1.398e-27 2.951e-13 3.708e-12
1.995e+00 6.908e+31 1.716e+32 1.375e-27 2.903e-13 3.649e-12
2.239e+00 5.395e+31 1.688e+32 1.352e-27 2.855e-13 3.587e-12
2.512e+00 4.211e+31 1.658e+32 1.329e-27 2.805e-13 3.525e-12
2.818e+00 3.284e+31 1.628e+32 1.305e-27 2.754e-13 3.461e-12
3.162e+00 2.559e+31 1.597e+32 1.280e-27 2.702e-13 3.395e-12
3.548e+00 1.992e+31 1.566e+32 1.255e-27 2.648e-13 3.328e-12
3.981e+00 1.550e+31 1.533e+32 1.229e-27 2.593e-13 3.259e-12
4.467e+00 1.205e+31 1.500e+32 1.202e-27 2.537e-13 3.189e-12
5.012e+00 9.351e+30 1.466e+32 1.175e-27 2.480e-13 3.116e-12
5.623e+00 7.251e+30 1.431e+32 1.147e-27 2.421e-13 3.042e-12
6.310e+00 5.616e+30 1.395e+32 1.118e-27 2.360e-13 2.966e-12
7.079e+00 4.344e+30 1.359e+32 1.089e-27 2.298e-13 2.888e-12
7.943e+00 3.355e+30 1.321e+32 1.059e-27 2.235e-13 2.809e-12
8.913e+00 2.588e+30 1.283e+32 1.028e-27 2.170e-13 2.727e-12
1.000e+01 1.992e+30 1.244e+32 9.966e-28 2.104e-13 2.643e-12
1.122e+01 1.532e+30 1.203e+32 9.644e-28 2.036e-13 2.558e-12
1.259e+01 1.175e+30 1.162e+32 9.316e-28 1.966e-13 2.471e-12
1.413e+01 8.999e+29 1.121e+32 8.981e-28 1.896e-13 2.382e-12
1.585e+01 6.877e+29 1.078e+32 8.640e-28 1.824e-13 2.292e-12
1.778e+01 5.243e+29 1.035e+32 8.293e-28 1.751e-13 2.200e-12
1.995e+01 3.988e+29 9.910e+31 7.941e-28 1.676e-13 2.106e-12
2.239e+01 3.026e+29 9.465e+31 7.585e-28 1.601e-13 2.012e-12
2.512e+01 2.289e+29 9.016e+31 7.225e-28 1.525e-13 1.917e-12
2.818e+01 1.727e+29 8.564e+31 6.862e-28 1.449e-13 1.820e-12
3.162e+01 1.299e+29 8.109e+31 6.498e-28 1.372e-13 1.724e-12
3.548e+01 9.739e+28 7.652e+31 6.132e-28 1.294e-13 1.627e-12
3.981e+01 7.275e+28 7.197e+31 5.767e-28 1.217e-13 1.530e-12
4.467e+01 5.415e+28 6.743e+31 5.404e-28 1.141e-13 1.433e-12
5.012e+01 4.014e+28 6.293e+31 5.043e-28 1.064e-13 1.338e-12
5.623e+01 2.963e+28 5.848e+31 4.686e-28 9.892e-14 1.243e-12
6.310e+01 2.177e+28 5.410e+31 4.335e-28 9.151e-14 1.150e-12
7.079e+01 1.592e+28 4.981e+31 3.992e-28 8.425e-14 1.059e-12
7.943e+01 1.159e+28 4.563e+31 3.656e-28 7.718e-14 9.699e-13
8.913e+01 8.385e+27 4.157e+31 3.331e-28 7.032e-14 8.836e-13
1.000e+02 6.033e+27 3.765e+31 3.017e-28 6.369e-14 8.004e-13
1.122e+02 4.314e+27 3.390e+31 2.717e-28 5.734e-14 7.206e-13
1.259e+02 3.065e+27 3.032e+31 2.430e-28 5.129e-14 6.445e-13
1.413e+02 2.162e+27 2.693e+31 2.158e-28 4.555e-14 5.724e-13
1.585e+02 1.514e+27 2.374e+31 1.903e-28 4.016e-14 5.047e-13
1.778e+02 1.052e+27 2.077e+31 1.664e-28 3.513e-14 4.414e-13
1.995e+02 7.248e+26 1.801e+31 1.443e-28 3.047e-14 3.828e-13
2.239e+02 4.949e+26 1.548e+31 1.241e-28 2.619e-14 3.291e-13
2.512e+02 3.347e+26 1.318e+31 1.056e-28 2.229e-14 2.801e-13
2.818e+02 2.240e+26 1.111e+31 8.900e-29 1.879e-14 2.361e-13
3.162e+02 1.483e+26 9.256e+30 7.418e-29 1.566e-14 1.968e-13
3.548e+02 9.704e+25 7.625e+30 6.110e-29 1.290e-14 1.621e-13
3.981e+02 6.271e+25 6.203e+30 4.971e-29 1.049e-14 1.319e-13
4.467e+02 3.998e+25 4.979e+30 3.990e-29 8.422e-15 1.058e-13
5.012e+02 2.513e+25 3.939e+30 3.157e-29 6.664e-15 8.374e-14
5.623e+02 1.555e+25 3.069e+30 2.460e-29 5.192e-15 6.524e-14
6.310e+02 9.466e+24 2.352e+30 1.885e-29 3.978e-15 5.000e-14
7.079e+02 5.660e+24 1.771e+30 1.419e-29 2.995e-15 3.764e-14
7.943e+02 3.321e+24 1.308e+30 1.048e-29 2.212e-15 2.780e-14
8.913e+02 1.908e+24 9.462e+29 7.582e-30 1.600e-15 2.011e-14
1.000e+03 1.073e+24 6.695e+29 5.365e-30 1.133e-15 1.423e-14
1.122e+03 5.887e+23 4.626e+29 3.707e-30 7.824e-16 9.832e-15
1.259e+03 3.148e+23 3.114e+29 2.495e-30 5.267e-16 6.619e-15
1.413e+03 1.637e+23 2.038e+29 1.633e-30 3.448e-16 4.333e-15
1.585e+03 8.256e+22 1.294e+29 1.037e-30 2.189e-16 2.751e-15
1.778e+03 4.029e+22 7.951e+28 6.372e-31 1.345e-16 1.690e-15
1.995e+03 1.896e+22 4.712e+28 3.776e-31 7.970e-17 1.002e-15
2.239e+03 8.581e+21 2.684e+28 2.151e-31 4.540e-17 5.705e-16
2.512e+03 3.718e+21 1.464e+28 1.173e-31 2.477e-17 3.112e-16
2.818e+03 1.536e+21 7.613e+27 6.101e-32 1.288e-17 1.618e-16
3.162e+03 6.011e+20 3.752e+27 3.006e-32 6.346e-18 7.974e-17
3.548e+03 2.213e+20 1.739e+27 1.393e-32 2.941e-18 3.696e-17
3.981e+03 7.586e+19 7.504e+26 6.014e-33 1.269e-18 1.595e-17
4.467e+03 2.385e+19 2.970e+26 2.380e-33 5.024e-19 6.313e-18
5.012e+03 6.714e+18 1.053e+26 8.435e-34 1.780e-19 2.237e-18
5.623e+03 1.625e+18 3.208e+25 2.571e-34 5.427e-20 6.819e-19
6.310e+03 3.143e+17 7.810e+24 6.259e-35 1.321e-20 1.660e-19
7.079e+03 4.174e+16 1.306e+24 1.046e-35 2.208e-21 2.775e-20
7.943e+03 2.582e+15 1.017e+23 8.147e-37 1.720e-22 2.161e-21
8.913e+03 8.308e+12 4.119e+20 3.301e-39 6.968e-25 8.756e-24
1.000e+04 0.000e+00 0.000e+00 0.000e+00 0.000e+00 0.000e+00
1.122e+04 0.000e+00 0.000e+00 0.000e+00 0.000e+00 0.000e+00
1.259e+04 0.000e+00 0.000e+00 0.000e+00 0.000e+00 0.000e+00
1.413e+04 0.000e+00 0.000e+00 0.000e+00 0.000e+00 0.000e+00
1.585e+04 0.000e+00 0.000e+00 0.000e+00 0.000e+00 0.000e+00
1.778e+04 0.000e+00 0.000e+00 0.000e+00 0.000e+00 0.000e+00
1.995e+04 0.000e+00 0.000e+00 0.000e+00 0.000e+00 0.000e+00
2.239e+04 0.000e+00 0.000e+00 0.000e+00 0.000e+00 0.000e+00
2.512e+04 0.000e+00 0.000e+00 0.000e+00 0.000e+00 0.000e+00
2.818e+04 0.000e+00 0.000e+00 0.000e+00 0.000e+00 0.000e+00
3.162e+04 0.000e+00 0.000e+00 0.000e+00 0.000e+00 0.000e+00
3.548e+04 0.000e+00 0.000e+00 0.000e+00 0.000e+00 0.000e+00
3.981e+04 0.000e+00 0.000e+00 0.000e+00 0.000e+00 0.000e+00
4.467e+04 0.000e+00 0.000e+00 0.000e+00 0.000e+00 0.000e+00
5.012e+04 0.000e+00 0.000e+00 0.000e+00 0.000e+00 0.000e+00
5.623e+04 0.000e+00 0.000e+00 0.000e+00 0.000e+00 0.000e+00
6.310e+04 0.000e+00 0.000e+00 0.000e+00 0.000e+00 0.000e+00
7.079e+04 0.000e+00 0.000e+00 0.000e+00 0.000e+00 0.000e+00
7.943e+04 0.000e+00 0.000e+00 0.000e+00 0.000e+00 0.000e+00
8.913e+04 0.000e+00 0.000e+00 0.000e+00 0.000e+00 0.000e+00
1.000e+05 0.000e+00 0.000e+00 0.000e+00 0.000e+00 0.000e+00
1.122e+05 0.000e+00 0.000e+00 0.000e+00 0.000e+00 0.000e+00
1.259e+05 0.000e+00 0.000e+00 0.000e+00 0.000e+00 0.000e+00
1.413e+05 0.000e+00 0.000e+00 0.000e+00 0.000e+00 0.000e+00
1.585e+05 0.000e+00 0.000e+00 0.000e+00 0.000e+00 0.000e+00
1.778e+05 0.000e+00 0.000e+00 0.000e+00 0.000e+00 0.000e+00
1.995e+05 0.000e+00 0.000e+00 0.000e+00 0.000e+00 0.000e+00
2.239e+05 0.000e+00 0.000e+00 0.000e+00 0.000e+00 0.000e+00
2.512e+05 0.000e+00 0.000e+00 0.000e+00 0.000e+00 0.000e+00
2.818e+05 0.000e+00 0.000e+00 0.000e+00 0.000e+00 0.000e+00
3.162e+05 0.000e+00 0.000e+00 0.000e+00 0.000e+00 0.000e+00
3.548e+05 0.000e+00 0.000e+00 0.000e+00 0.000e+00 0.000e+00
3.981e+05 0.000e+00 0.000e+00 0.000e+00 0.000e+00 0.000e+00
4.467e+05 0.000e+00 0.000e+00 0.000e+00 0.000e+00 0.000e+00
5.012e+05 0.000e+00 0.000e+00 0.000e+00 0.000e+00 0.000e+00
5.623e+05 0.000e+00 0.000e+00 0.000e+00 0.000e+00 0.000e+00
6.310e+05 0.000e+00 0.000e+00 0.000e+00 0.000e+00 0.000e+00
7.079e+05 0.000e+00 0.000e+00 0.000e+00 0.000e+00 0.000e+00
7.943e+05 0.000e+00 0.000e+00 0.000e+00 0.000e+00 0.000e+00
8.913e+05 0.000e+00 0.000e+00 0.000e+00 0.000e+00 0.000e+00
1.000e+06 0.000e+00 0.000e+00 0.000e+00 0.000e+00 0.000e+00
1.122e+06 0.000e+00 0.000e+00 0.000e+00 0.000e+00 0.000e+00
1.259e+06 0.000e+00 0.000e+00 0.000e+00 0.000e+00 0.000e+00
1.413e+06 0.000e+00 0.000e+00 0.000e+00 0.000e+00 0.000e+00
1.585e+06 0.000e+00 0.000e+00 0.000e+00 0.000e+00 0.000e+00
1.778e+06 0.000e+00 0.000e+00 0.000e+00 0.000e+00 0.000e+00
1.995e+06 0.000e+00 0.000e+00 0.000e+00 0.000e+00 0.000e+00
2.239e+06 0.000e+00 0.000e+00 0.000e+00 0.000e+00 0.000e+00
2.512e+06 0.000e+00 0.000e+00 0.000e+00 0.000e+00 0.000e+00
2.818e+06 0.000e+00 0.000e+00 0.000e+00 0.000e+00 0.000e+00
3.162e+06 0.000e+00 0.000e+00 0.000e+00 0.000e+00 0.000e+00
3.548e+06 0.000e+00 0.000e+00 0.000e+00 0.000e+00 0.000e+00
3.981e+06 0.000e+00 0.000e+00 0.000e+00 0.000e+00 0.000e+00
4.467e+06 0.000e+00 0.000e+00 0.000e+00 0.000e+00 0.000e+00
5.012e+06 0.000e+00 0.000e+00 0.000e+00 0.000e+00 0.000e+00
5.623e+06 0.000e+00 0.000e+00 0.000e+00 0.000e+00 0.000e+00
6.310e+06 0.000e+00 0.000e+00 0.000e+00 0.000e+00 0.000e+00
7.079e+06 0.000e+00 0.000e+00 0.000e+00 0.000e+00 0.000e+00
7.943e+06 0.000e+00 0.000e+00 0.000e+00 0.000e+00 0.000e+00
8.913e+06 0.000e+00 0.000e+00 0.000e+00 0.000e+00 0.000e+00
1.000e+07 0.000e+00 0.000e+00 0.000e+00 0.000e+00 0.000e+00
1.122e+07 0.000e+00 0.000e+00 0.000e+00 0.000e+00 0.000e+00
1.259e+07 0.000e+00 0.000e+00 0.000e+00 0.000e+00 0.000e+00
1.413e+07 0.000e+00 0.000e+00 0.000e+00 0.000e+00 0.000e+00
1.585e+07 0.000e+00 0.000e+00 0.000e+00 0.000e+00 0.000e+00
1.778e+07 0.000e+00 0.000e+00 0.000e+00 0.000e+00 0.000e+00
1.995e+07 0.000e+00 0.000e+00 0.000e+00 0.000e+00 0.000e+00
2.239e+07 0.000e+00 0.000e+00 0.000e+00 0.000e+00 0.000e+00
2.512e+07 0.000e+00 0.000e+00 0.000e+00 0.000e+00 0.000e+00
2.818e+07 0.000e+00 0.000e+00 0.000e+00 0.000e+00 0.000e+00
3.162e+07 0.000e+00 0.000e+00 0.000e+00 0.000e+00 0.000e+00
3.548e+07 0.000e+00 0.000e+00 0.000e+00 0.000e+00 0.000e+00
3.981e+07 0.000e+00 0.000e+00 0.000e+00 0.000e+00 0.000e+00
4.467e+07 0.000e+00 0.000e+00 0.000e+00 0.000e+00 0.000e+00
5.012e+07 0.000e+00 0.000e+00 0.000e+00 0.000e+00 0.000e+00
5.623e+07 0.000e+00 0.000e+00 0.000e+00 0.000e+00 0.000e+00
6.310e+07 0.000e+00 0.000e+00 0.000e+00 0.000e+00 0.000e+00
7.079e+07 0.000e+00 0.000e+00 0.000e+00 0.000e+00 0.000e+00
7.943e+07 0.000e+00 0.000e+00 0.000e+00 0.000e+00 0.000e+00
8.913e+07 0.000e+00 0.000e+00 0.000e+00 0.000e+00 0.000e+00
1.000e+08 0.000e+00 0.000e+00 0.000e+00 0.000e+00 0.000e+00
