Gamma_Counts "Np Column Density (cm^-2)" "Gamma error" "Np Error"
3.00597 5.898103999999999 1.7337733415876482 1.1411991266671435
1.78336 1.5809400000000002 1.3354250259748768 1.1411991266671435
3.35041 5.134779999999999 1.8304125218103158 1.1411991266671435
13.2854 9.707840000000003 3.6449142651096746 1.1411991266671435
9.11924 7.824783999999999 3.019807940912799 1.1411991266671435
13.0415 8.115452 3.6113017043719844 1.1411991266671435
15.9158 10.65828 3.9894611164918 1.1411991266671435
23.4715 7.793916 4.844739415076934 1.1411991266671435
30.299 12.034120000000001 5.5044527430072465 1.1411991266671435
