Suzaku_excess_counts Mopra_proton_CD(x10^21)  NANTEN_proton_CD
2.09e-7
5.22e-7
1.15e-6
1.17e-6
1.54e-6
6.25e-7
3.12e-7
2.17e-6
1.08e-6
-1.53e-8
6.78e-12
8.33e-13
-2.80e-12
4.54e-6
1.16e-5
2.11e-5
1.99e-5
1.80e-5
6.40e-6
4.87e-6
2.96e-5
1.56e-5
1.31e-6
9.27e-7
4.04e-9
-2.46e-10
1.52e-5
1.93e-5
1.96e-5
1.35e-5
1.44e-5
1.29e-5
1.82e-5
3.28e-5
2.47e-5
3.52e-5
1.83e-5
-2.09e-7
-5.62e-9
1.12e-5
1.08e-5
8.54e-6
8.79e-6
1.65e-5
1.59e-5
2.03e-5
2.40e-5
1.90e-5
3.02e-5
-5.43e-6
-7.6e-6
-4.6e-7
1.41e-5
1.07e-5
1.14e-5
1.25e-5
1.59e-5
1.58e-5
1.88e-5
6.93e-5
1.91e-5
1.42e-5
-1.8e-5
-4.8e-6
-4.0e-6
4.23e-5
3.01e-5
1.72e-5
2.49e-5
2.53e-5
2.33e-5
1.76e-5
3.58e-6
1.72e-5
3.07e-5
2.00e-5
3.36e-5
1.42e-5
4.44e-5
2.97e-5
2.99e-5
4.12e-5
3.91e-5
3.58e-5
2.74e-5
2.71e-5
3.21e-5
4.63e-5
5.32e-5
7.03e-5
5.53e-5
5.05e-5
4.52e-5
5.59e-5
5.97e-5
6.39e-5
6.52e-5
5.89e-5
6.11e-5
6.28e-5
7.54e-5
8.04e-5
1.06e-4
9.75e-5
4.94e-5
5.71e-5
6.68e-5
7.54e-5
7.93e-5
9.32e-5
8.63e-5
8.78e-5
9.19e-5
9.86e-5
1.10e-4
1.39e-4
1.28e-4
6.14e-5
5.78e-5
7.43e-5
7.38e-5
6.94e-5
8.18e-5
1.00e-4
1.04e-4
9.32e-5
1.01e-4
1.28e-4
1.50e-4
1.43e-4
7.03e-5
6.16e-5
7.43e-5
6.59e-5
6.33e-5
8.82e-5
1.12e-4
1.18e-4
9.91e-5
1.13e-4
1.41e-4
1.70e-4
1.64e-4
7.39e-5
6.80e-5
8.08e-5
8.27e-5
8.10e-5
1.01e-4
1.02e-4
1.06e-4
1.09e-4
1.16e-4
1.26e-4
1.65e-4
1.87e-4
8.23e-5
9.73e-5
1.01e-4
8.80e-5
9.31e-5
1.14e-4
1.15e-4
1.18e-4
1.27e-4
1.26e-4
1.34e-4
1.60e-4
1.72e-4
