1.000e-20 2.989e+13 2.989e+13
1.259e-20 3.762e+13 3.762e+13
1.585e-20 4.736e+13 4.736e+13
1.995e-20 5.963e+13 5.963e+13
2.512e-20 7.507e+13 7.507e+13
3.162e-20 9.450e+13 9.450e+13
3.981e-20 1.190e+14 1.190e+14
5.012e-20 1.498e+14 1.498e+14
6.310e-20 1.885e+14 1.885e+14
7.943e-20 2.374e+14 2.374e+14
1.000e-19 2.988e+14 2.988e+14
1.259e-19 3.761e+14 3.761e+14
1.585e-19 4.735e+14 4.735e+14
1.995e-19 5.960e+14 5.960e+14
2.512e-19 7.503e+14 7.503e+14
3.162e-19 9.444e+14 9.444e+14
3.981e-19 1.189e+15 1.189e+15
5.012e-19 1.496e+15 1.496e+15
6.310e-19 1.883e+15 1.883e+15
7.943e-19 2.370e+15 2.370e+15
1.000e-18 2.982e+15 2.982e+15
1.259e-18 3.752e+15 3.752e+15
1.585e-18 4.720e+15 4.720e+15
1.995e-18 5.937e+15 5.937e+15
2.512e-18 7.466e+15 7.466e+15
3.162e-18 9.385e+15 9.385e+15
3.981e-18 1.179e+16 1.179e+16
5.012e-18 1.481e+16 1.481e+16
6.310e-18 1.860e+16 1.860e+16
7.943e-18 2.333e+16 2.333e+16
1.000e-17 2.923e+16 2.923e+16
1.259e-17 3.659e+16 3.659e+16
1.585e-17 4.573e+16 4.573e+16
1.995e-17 5.704e+16 5.704e+16
2.512e-17 7.099e+16 7.099e+16
3.162e-17 8.807e+16 8.807e+16
3.981e-17 1.088e+17 1.088e+17
5.012e-17 1.338e+17 1.338e+17
6.310e-17 1.635e+17 1.635e+17
7.943e-17 1.982e+17 1.982e+17
1.000e-16 2.378e+17 2.378e+17
1.259e-16 2.814e+17 2.814e+17
1.585e-16 3.272e+17 3.272e+17
1.995e-16 3.718e+17 3.718e+17
2.512e-16 4.100e+17 4.100e+17
3.162e-16 4.343e+17 4.343e+17
3.981e-16 4.361e+17 4.361e+17
5.012e-16 4.075e+17 4.075e+17
6.310e-16 3.458e+17 3.458e+17
7.943e-16 2.578e+17 2.578e+17
1.000e-15 1.619e+17 1.619e+17
1.259e-15 8.117e+16 8.117e+16
1.585e-15 3.044e+16 3.044e+16
1.995e-15 7.885e+15 7.885e+15
2.512e-15 1.279e+15 1.279e+15
3.162e-15 1.149e+14 1.149e+14
3.981e-15 4.914e+12 4.914e+12
5.012e-15 8.244e+10 8.244e+10
6.310e-15 4.260e+08 4.260e+08
7.943e-15 4.998e+05 4.998e+05
1.000e-14 9.070e+01 9.070e+01
1.259e-14 1.570e-03 1.570e-03
1.585e-14 1.411e-09 1.411e-09
1.995e-14 3.061e-17 3.061e-17
2.512e-14 6.110e-27 6.110e-27
3.162e-14 3.334e-39 3.334e-39
3.981e-14 0.000e+00 0.000e+00
5.012e-14 0.000e+00 0.000e+00
6.310e-14 0.000e+00 0.000e+00
7.943e-14 0.000e+00 0.000e+00
1.000e-13 0.000e+00 0.000e+00
1.259e-13 0.000e+00 0.000e+00
1.585e-13 0.000e+00 0.000e+00
1.995e-13 0.000e+00 0.000e+00
2.512e-13 0.000e+00 0.000e+00
3.162e-13 0.000e+00 0.000e+00
3.981e-13 0.000e+00 0.000e+00
5.012e-13 0.000e+00 0.000e+00
6.310e-13 0.000e+00 0.000e+00
7.943e-13 0.000e+00 0.000e+00
1.000e-12 0.000e+00 0.000e+00
1.259e-12 0.000e+00 0.000e+00
1.585e-12 0.000e+00 0.000e+00
1.995e-12 0.000e+00 0.000e+00
2.512e-12 0.000e+00 0.000e+00
3.162e-12 0.000e+00 0.000e+00
3.981e-12 0.000e+00 0.000e+00
5.012e-12 0.000e+00 0.000e+00
6.310e-12 0.000e+00 0.000e+00
7.943e-12 0.000e+00 0.000e+00
1.000e-11 0.000e+00 0.000e+00
1.259e-11 0.000e+00 0.000e+00
1.585e-11 0.000e+00 0.000e+00
1.995e-11 0.000e+00 0.000e+00
2.512e-11 0.000e+00 0.000e+00
3.162e-11 0.000e+00 0.000e+00
3.981e-11 0.000e+00 0.000e+00
5.012e-11 0.000e+00 0.000e+00
6.310e-11 0.000e+00 0.000e+00
7.943e-11 0.000e+00 0.000e+00
1.000e-10 0.000e+00 0.000e+00
1.259e-10 0.000e+00 0.000e+00
1.585e-10 0.000e+00 0.000e+00
1.995e-10 0.000e+00 0.000e+00
2.512e-10 0.000e+00 0.000e+00
3.162e-10 0.000e+00 0.000e+00
3.981e-10 0.000e+00 0.000e+00
5.012e-10 0.000e+00 0.000e+00
6.310e-10 0.000e+00 0.000e+00
7.943e-10 0.000e+00 0.000e+00
1.000e-09 0.000e+00 0.000e+00
1.259e-09 0.000e+00 0.000e+00
1.585e-09 0.000e+00 0.000e+00
1.995e-09 0.000e+00 0.000e+00
2.512e-09 0.000e+00 0.000e+00
3.162e-09 0.000e+00 0.000e+00
3.981e-09 0.000e+00 0.000e+00
5.012e-09 0.000e+00 0.000e+00
6.310e-09 0.000e+00 0.000e+00
7.943e-09 0.000e+00 0.000e+00
1.000e-08 0.000e+00 0.000e+00
1.259e-08 0.000e+00 0.000e+00
1.585e-08 0.000e+00 0.000e+00
1.995e-08 0.000e+00 0.000e+00
2.512e-08 0.000e+00 0.000e+00
3.162e-08 0.000e+00 0.000e+00
3.981e-08 0.000e+00 0.000e+00
5.012e-08 0.000e+00 0.000e+00
6.310e-08 0.000e+00 0.000e+00
7.943e-08 0.000e+00 0.000e+00
1.000e-07 0.000e+00 0.000e+00
1.259e-07 0.000e+00 0.000e+00
1.585e-07 0.000e+00 0.000e+00
1.995e-07 0.000e+00 0.000e+00
2.512e-07 0.000e+00 0.000e+00
3.162e-07 0.000e+00 0.000e+00
3.981e-07 0.000e+00 0.000e+00
5.012e-07 0.000e+00 0.000e+00
6.310e-07 0.000e+00 0.000e+00
7.943e-07 0.000e+00 0.000e+00
1.000e-06 0.000e+00 0.000e+00
1.259e-06 0.000e+00 0.000e+00
1.585e-06 0.000e+00 0.000e+00
1.995e-06 0.000e+00 0.000e+00
2.512e-06 0.000e+00 0.000e+00
3.162e-06 0.000e+00 0.000e+00
3.981e-06 0.000e+00 0.000e+00
5.012e-06 0.000e+00 0.000e+00
6.310e-06 0.000e+00 0.000e+00
7.943e-06 0.000e+00 0.000e+00
1.000e-05 0.000e+00 0.000e+00
1.259e-05 0.000e+00 0.000e+00
1.585e-05 0.000e+00 0.000e+00
1.995e-05 0.000e+00 0.000e+00
2.512e-05 0.000e+00 0.000e+00
3.162e-05 0.000e+00 0.000e+00
3.981e-05 0.000e+00 0.000e+00
5.012e-05 0.000e+00 0.000e+00
6.310e-05 0.000e+00 0.000e+00
7.943e-05 0.000e+00 0.000e+00
1.000e-04 0.000e+00 0.000e+00
1.259e-04 0.000e+00 0.000e+00
1.585e-04 0.000e+00 0.000e+00
1.995e-04 0.000e+00 0.000e+00
2.512e-04 0.000e+00 0.000e+00
3.162e-04 0.000e+00 0.000e+00
3.981e-04 0.000e+00 0.000e+00
5.012e-04 0.000e+00 0.000e+00
6.310e-04 0.000e+00 0.000e+00
7.943e-04 0.000e+00 0.000e+00
1.000e-03 0.000e+00 0.000e+00
1.259e-03 0.000e+00 0.000e+00
1.585e-03 0.000e+00 0.000e+00
1.995e-03 0.000e+00 0.000e+00
2.512e-03 0.000e+00 0.000e+00
3.162e-03 0.000e+00 0.000e+00
3.981e-03 0.000e+00 0.000e+00
5.012e-03 0.000e+00 0.000e+00
6.310e-03 0.000e+00 0.000e+00
7.943e-03 0.000e+00 0.000e+00
1.000e-02 0.000e+00 0.000e+00
1.259e-02 0.000e+00 0.000e+00
1.585e-02 0.000e+00 0.000e+00
1.995e-02 0.000e+00 0.000e+00
2.512e-02 0.000e+00 0.000e+00
3.162e-02 0.000e+00 0.000e+00
3.981e-02 0.000e+00 0.000e+00
5.012e-02 0.000e+00 0.000e+00
6.310e-02 0.000e+00 0.000e+00
7.943e-02 0.000e+00 0.000e+00
1.000e-01 0.000e+00 0.000e+00
1.259e-01 0.000e+00 0.000e+00
1.585e-01 0.000e+00 0.000e+00
1.995e-01 0.000e+00 0.000e+00
2.512e-01 0.000e+00 0.000e+00
3.162e-01 0.000e+00 0.000e+00
3.981e-01 0.000e+00 0.000e+00
5.012e-01 0.000e+00 0.000e+00
6.310e-01 0.000e+00 0.000e+00
7.943e-01 0.000e+00 0.000e+00
1.000e+00 0.000e+00 0.000e+00
1.259e+00 0.000e+00 0.000e+00
1.585e+00 0.000e+00 0.000e+00
1.995e+00 0.000e+00 0.000e+00
2.512e+00 0.000e+00 0.000e+00
3.162e+00 0.000e+00 0.000e+00
3.981e+00 0.000e+00 0.000e+00
5.012e+00 0.000e+00 0.000e+00
6.310e+00 0.000e+00 0.000e+00
7.943e+00 0.000e+00 0.000e+00
1.000e+01 0.000e+00 0.000e+00
1.259e+01 0.000e+00 0.000e+00
1.585e+01 0.000e+00 0.000e+00
1.995e+01 0.000e+00 0.000e+00
2.512e+01 0.000e+00 0.000e+00
3.162e+01 0.000e+00 0.000e+00
3.981e+01 0.000e+00 0.000e+00
5.012e+01 0.000e+00 0.000e+00
6.310e+01 0.000e+00 0.000e+00
7.943e+01 0.000e+00 0.000e+00
1.000e+02 0.000e+00 0.000e+00
1.259e+02 0.000e+00 0.000e+00
1.585e+02 0.000e+00 0.000e+00
1.995e+02 0.000e+00 0.000e+00
2.512e+02 0.000e+00 0.000e+00
3.162e+02 0.000e+00 0.000e+00
3.981e+02 0.000e+00 0.000e+00
5.012e+02 0.000e+00 0.000e+00
6.310e+02 0.000e+00 0.000e+00
7.943e+02 0.000e+00 0.000e+00
1.000e+03 0.000e+00 0.000e+00
1.259e+03 0.000e+00 0.000e+00
1.585e+03 0.000e+00 0.000e+00
1.995e+03 0.000e+00 0.000e+00
2.512e+03 0.000e+00 0.000e+00
3.162e+03 0.000e+00 0.000e+00
3.981e+03 0.000e+00 0.000e+00
5.012e+03 0.000e+00 0.000e+00
6.310e+03 0.000e+00 0.000e+00
7.943e+03 0.000e+00 0.000e+00
1.000e+04 0.000e+00 0.000e+00
1.259e+04 0.000e+00 0.000e+00
1.585e+04 0.000e+00 0.000e+00
1.995e+04 0.000e+00 0.000e+00
2.512e+04 0.000e+00 0.000e+00
3.162e+04 0.000e+00 0.000e+00
3.981e+04 0.000e+00 0.000e+00
5.012e+04 0.000e+00 0.000e+00
6.310e+04 0.000e+00 0.000e+00
7.943e+04 0.000e+00 0.000e+00
1.000e+05 0.000e+00 0.000e+00
1.259e+05 0.000e+00 0.000e+00
1.585e+05 0.000e+00 0.000e+00
1.995e+05 0.000e+00 0.000e+00
2.512e+05 0.000e+00 0.000e+00
3.162e+05 0.000e+00 0.000e+00
3.981e+05 0.000e+00 0.000e+00
5.012e+05 0.000e+00 0.000e+00
6.310e+05 0.000e+00 0.000e+00
7.943e+05 0.000e+00 0.000e+00
1.000e+06 0.000e+00 0.000e+00
1.259e+06 0.000e+00 0.000e+00
1.585e+06 0.000e+00 0.000e+00
1.995e+06 0.000e+00 0.000e+00
2.512e+06 0.000e+00 0.000e+00
3.162e+06 0.000e+00 0.000e+00
3.981e+06 0.000e+00 0.000e+00
5.012e+06 0.000e+00 0.000e+00
6.310e+06 0.000e+00 0.000e+00
7.943e+06 0.000e+00 0.000e+00
1.000e+07 0.000e+00 0.000e+00
1.259e+07 0.000e+00 0.000e+00
1.585e+07 0.000e+00 0.000e+00
1.995e+07 0.000e+00 0.000e+00
2.512e+07 0.000e+00 0.000e+00
3.162e+07 0.000e+00 0.000e+00
3.981e+07 0.000e+00 0.000e+00
5.012e+07 0.000e+00 0.000e+00
6.310e+07 0.000e+00 0.000e+00
7.943e+07 0.000e+00 0.000e+00
