Suzaku_excess_counts Mopra_proton_CD(x10^21)  NANTEN_proton_CD
2.73e-4 1.39e22
2.54e-4 1.33e22
1.82e-4 1.36e22
1.21e-4 1.06e22
8.58e-5 1.25e22
8.26e-5 1.07e22
8.20e-5 9.87e21
8.76e-5 1.13e22
9.51e-5 1.07e22
1.01e-4 8.37e21
8.89e-5 8.39e21
6.02e-5 8.18e21
3.97e-5 8.28e21
2.16e-4 9.28e21
2.06e-4 8.32e21
1.64e-4 1.29e22
1.17e-4 1.46e22
8.11e-5 1.60e22
8.63e-5 1.23e22
8.85e-5 7.22e21
9.50e-5 9.58e21
1.11e-4 8.62e21
1.08e-4 9.29e21
8.45e-5 9.28e21
5.29e-5 9.61e21
3.17e-5 7.88e21
1.55e-4 1.02e22
1.58e-4 1.06e22
1.41e-4 1.11e22
1.04e-4 1.32e22
9.05e-5 1.14e22
8.62e-5 1.32e22
9.61e-5 1.37e22
1.06e-4 4.92e21
1.09e-4 1.06e22
1.03e-4 3.89e21
8.55e-5 1.06e22
6.07e-5 1.10e22
3.88e-5 4.03e21
1.40e-4 8.87e21
1.41e-4 9.55e21
1.15e-4 1.13e22
9.08e-5 1.16e22
8.74e-5 1.15e22
9.05e-5 1.35e22
1.16e-4 1.20e22
1.20e-4 1.32e22
1.28e-4 1.01e22
1.01e-4 8.98e21
7.74e-5 8.40e21
6.42e-5 8.36e21
5.46e-5 8.99e21
1.36e-4 1.08e22
1.32e-4 8.28e21
1.09e-4 9.00e21
8.37e-5 1.08e22
8.99e-5 1.24e22
1.07e-4 1.58e22
1.24e-4 1.55e22
1.26e-4 1.01e22
1.29e-4 7.45e21
1.02e-4 9.06e21
7.61e-5 7.31e21
6.53e-5 8.41e21
6.48e-5 1.21e22
1.20e-4 9.18e21
1.25e-4 9.80e21
1.02e-4 7.69e21
7.45e-5 7.82e21
7.53e-5 1.03e22
8.90e-5 1.13e22
1.30e-4 1.21e22
1.43e-4 1.20e22
1.38e-4 1.41e22
1.11e-4 9.71e21
8.01e-5 7.64e21
5.23e-5 1.17e22
4.41e-5 6.93e21
1.38e-4 1.31e22
1.31e-4 8.67e21
1.00e-4 7.77e21
8.16e-5 1.36e22
7.30e-5 1.09e22
9.80e-5 1.02e22
1.29e-4 1.21e22
1.56e-4 1.44e22
1.62e-4 1.50e22
1.41e-4 1.27e22
1.01e-4 9.89e21
6.23e-5 9.86e21
3.66e-5 9.50e21
1.85e-4 8.57e21
1.41e-4 1.46e22
1.04e-4 1.04e22
8.03e-5 1.28e22
7.47e-5 7.74e21
9.70e-5 1.12e22
1.26e-4 1.05e22
1.63e-4 1.31e22
1.69e-4 1.41e22
1.49e-4 1.59e22
1.09e-4 1.42e22
6.11e-5 9.33e21
2.95e-5 1.52e22
2.14e-4 1.25e22
1.44e-4 1.19e22
1.02e-4 1.02e22
7.99e-5 9.09e21
6.59e-5 9.75e21
9.86e-5 1.04e22
1.15e-4 1.18e22
1.47e-4 1.45e22
1.59e-4 1.79e22
1.36e-4 1.64e22
9.14e-5 1.25e22
6.20e-5 1.50e22
3.09e-5 1.67e22
2.17e-4 9.79e21
1.49e-4 1.15e22
1.11e-4 9.83e21
9.26e-5 1.04e22
7.34e-5 1.15e22
7.56e-5 1.42e22
9.31e-5 1.63e22
1.20e-4 1.82e22
1.44e-4 1.37e22
1.42e-4 1.46e22
8.60e-5 1.16e22
4.83e-5 1.87e22
2.46e-5 1.81e22
1.58e-4 1.09e22
1.30e-4 1.29e22
1.04e-4 1.18e22
9.69e-5 1.35e22
7.55e-5 1.65e22
7.29e-5 1.74e22
7.90e-5 1.41e22
8.84e-5 1.84e22
1.38e-4 2.02e22
1.50e-4 1.34e22
9.27e-5 1.02e22
4.46e-5 1.59e22
2.47e-5 1.92e22
1.25e-4 1.14e22
1.02e-4 1.45e22
1.00e-4 1.23e22
1.01e-4 1.28e22
7.04e-5 1.72e22
7.27e-5 1.85e22
7.80e-5 1.41e22
8.21e-5 1.60e22
1.11e-4 1.46e22
1.29e-4 1.30e22
7.84e-5 1.29e22
3.70e-5 1.39e22
1.94e-5 1.85e22
1.14e-4 1.07e22
9.69e-5 1.33e22
9.39e-5 9.74e21
9.26e-5 1.37e22
6.75e-5 1.78e22
6.28e-5 1.88e22
6.55e-5 1.68e22
8.11e-5 1.45e22
1.01e-4 1.84e22
9.71e-5 1.21e22
6.18e-5 1.49e22
3.56e-5 1.06e22
2.40e-5 1.59e22
